1,-1,550,424,88,114,0.91,7,-1,-1
1,-1,363,141,15,18,0.62,7,-1,-1
2,-1,533,398,106,140,0.92,7,-1,-1
2,-1,362,137,14,22,0.70,7,-1,-1
3,-1,525,386,114,153,0.92,7,-1,-1
3,-1,362,137,14,22,0.65,7,-1,-1
4,-1,514,364,125,176,0.92,7,-1,-1
4,-1,362,137,14,22,0.33,7,-1,-1
5,-1,506,352,134,186,0.93,7,-1,-1
5,-1,364,139,15,20,0.24,7,-1,-1
6,-1,497,337,128,170,0.93,7,-1,-1
6,-1,364,139,15,20,0.12,7,-1,-1
7,-1,490,328,120,160,0.93,7,-1,-1
7,-1,362,138,14,21,0.41,7,-1,-1
8,-1,483,316,110,145,0.93,7,-1,-1
8,-1,362,138,14,21,0.41,7,-1,-1
9,-1,476,308,106,138,0.93,7,-1,-1
9,-1,361,136,12,20,0.44,7,-1,-1
10,-1,469,298,98,127,0.93,7,-1,-1
10,-1,361,137,11,17,0.61,7,-1,-1
11,-1,466,289,92,124,0.92,7,-1,-1
11,-1,361,137,11,17,0.60,7,-1,-1
12,-1,458,279,87,117,0.93,7,-1,-1
12,-1,360,136,11,17,0.65,7,-1,-1
13,-1,456,274,83,112,0.93,7,-1,-1
13,-1,360,136,12,17,0.67,7,-1,-1
14,-1,451,266,77,106,0.92,7,-1,-1
14,-1,360,136,12,17,0.67,7,-1,-1
15,-1,448,260,74,102,0.93,7,-1,-1
15,-1,360,136,11,17,0.67,7,-1,-1
16,-1,442,262,71,90,0.92,7,-1,-1
16,-1,360,135,11,18,0.69,7,-1,-1
17,-1,441,253,67,90,0.91,7,-1,-1
17,-1,360,135,11,18,0.69,7,-1,-1
18,-1,440,245,61,88,0.91,7,-1,-1
18,-1,360,136,11,16,0.69,7,-1,-1
19,-1,436,243,61,84,0.91,7,-1,-1
19,-1,360,135,11,16,0.70,7,-1,-1
20,-1,432,235,57,82,0.92,7,-1,-1
20,-1,360,135,11,16,0.70,7,-1,-1
21,-1,430,232,56,80,0.91,7,-1,-1
21,-1,360,136,10,16,0.70,7,-1,-1
22,-1,427,230,54,74,0.90,7,-1,-1
22,-1,360,136,10,16,0.68,7,-1,-1
23,-1,425,227,52,71,0.90,7,-1,-1
23,-1,360,136,10,16,0.68,7,-1,-1
24,-1,422,222,51,70,0.91,7,-1,-1
24,-1,359,135,11,15,0.50,7,-1,-1
25,-1,420,222,49,66,0.90,7,-1,-1
25,-1,359,135,11,15,0.50,7,-1,-1
26,-1,418,218,48,65,0.89,7,-1,-1
26,-1,359,134,11,16,0.56,7,-1,-1
27,-1,418,215,45,63,0.89,7,-1,-1
27,-1,359,134,11,15,0.57,7,-1,-1
28,-1,415,212,44,60,0.90,7,-1,-1
28,-1,358,134,10,16,0.41,7,-1,-1
29,-1,413,210,43,59,0.90,7,-1,-1
29,-1,358,134,10,16,0.39,7,-1,-1
30,-1,412,206,40,58,0.90,7,-1,-1
31,-1,411,203,39,58,0.90,7,-1,-1
31,-1,358,135,9,12,0.15,7,-1,-1
32,-1,408,200,39,57,0.89,7,-1,-1
32,-1,358,135,9,12,0.16,7,-1,-1
33,-1,406,198,39,56,0.90,7,-1,-1
33,-1,358,134,9,13,0.12,7,-1,-1
34,-1,405,195,38,54,0.90,7,-1,-1
34,-1,358,134,9,14,0.10,7,-1,-1
35,-1,404,194,36,52,0.90,7,-1,-1
36,-1,403,191,34,52,0.89,7,-1,-1
37,-1,402,190,34,50,0.89,7,-1,-1
38,-1,400,188,33,49,0.90,7,-1,-1
39,-1,399,187,32,48,0.89,7,-1,-1
40,-1,398,187,31,46,0.89,7,-1,-1
41,-1,397,186,30,45,0.90,7,-1,-1
42,-1,396,184,30,43,0.89,7,-1,-1
43,-1,394,182,30,44,0.89,7,-1,-1
44,-1,393,180,28,43,0.89,7,-1,-1
45,-1,392,180,28,42,0.88,7,-1,-1
45,-1,440,508,84,32,0.80,2,-1,-1
46,-1,431,470,70,64,0.91,2,-1,-1
46,-1,391,178,27,40,0.88,7,-1,-1
47,-1,426,446,64,60,0.91,2,-1,-1
47,-1,391,177,26,40,0.87,7,-1,-1
48,-1,418,414,58,54,0.91,2,-1,-1
48,-1,390,175,26,40,0.87,7,-1,-1
49,-1,414,396,54,50,0.91,2,-1,-1
49,-1,389,174,26,40,0.87,7,-1,-1
50,-1,407,371,48,46,0.91,2,-1,-1
50,-1,388,173,25,38,0.87,7,-1,-1
51,-1,403,357,46,43,0.91,2,-1,-1
51,-1,387,172,25,38,0.86,7,-1,-1
52,-1,398,338,43,40,0.90,2,-1,-1
52,-1,386,172,25,36,0.87,7,-1,-1
53,-1,396,327,41,38,0.90,2,-1,-1
53,-1,385,170,24,36,0.87,7,-1,-1
54,-1,392,312,38,36,0.90,2,-1,-1
54,-1,384,169,24,36,0.86,7,-1,-1
55,-1,390,304,35,34,0.89,2,-1,-1
55,-1,384,168,23,36,0.86,7,-1,-1
56,-1,386,292,33,32,0.90,2,-1,-1
56,-1,383,166,23,36,0.87,7,-1,-1
57,-1,384,285,33,30,0.89,2,-1,-1
57,-1,382,167,23,34,0.87,7,-1,-1
58,-1,382,275,30,28,0.88,2,-1,-1
58,-1,381,166,24,34,0.84,7,-1,-1
59,-1,380,268,29,28,0.88,2,-1,-1
59,-1,380,164,23,34,0.85,7,-1,-1
60,-1,378,257,28,30,0.88,2,-1,-1
60,-1,380,163,22,34,0.85,7,-1,-1
61,-1,377,254,26,27,0.88,2,-1,-1
61,-1,380,162,23,34,0.84,7,-1,-1
62,-1,375,248,26,24,0.87,2,-1,-1
62,-1,378,160,24,35,0.84,7,-1,-1
63,-1,374,244,25,24,0.88,2,-1,-1
63,-1,378,159,24,36,0.83,7,-1,-1
64,-1,372,238,24,23,0.88,2,-1,-1
64,-1,377,159,24,34,0.82,7,-1,-1
65,-1,371,234,23,22,0.87,2,-1,-1
65,-1,377,158,24,34,0.83,7,-1,-1
66,-1,370,230,22,20,0.87,2,-1,-1
66,-1,376,158,24,32,0.83,7,-1,-1
67,-1,369,226,21,20,0.85,2,-1,-1
67,-1,376,156,23,34,0.83,7,-1,-1
68,-1,368,221,20,20,0.88,2,-1,-1
68,-1,376,156,22,32,0.84,7,-1,-1
69,-1,368,218,20,20,0.87,2,-1,-1
69,-1,374,154,23,33,0.84,7,-1,-1
70,-1,366,214,20,19,0.87,2,-1,-1
70,-1,374,154,22,32,0.84,7,-1,-1
71,-1,366,212,20,18,0.87,2,-1,-1
71,-1,374,154,21,32,0.84,7,-1,-1
72,-1,365,208,20,18,0.86,2,-1,-1
72,-1,374,152,21,32,0.84,7,-1,-1
73,-1,364,205,20,18,0.86,2,-1,-1
73,-1,374,152,21,32,0.84,7,-1,-1
74,-1,364,200,19,20,0.86,2,-1,-1
74,-1,372,151,21,32,0.84,7,-1,-1
75,-1,364,200,18,18,0.86,2,-1,-1
75,-1,372,150,21,33,0.84,7,-1,-1
76,-1,372,149,20,32,0.85,7,-1,-1
76,-1,363,198,17,16,0.85,2,-1,-1
77,-1,372,149,20,32,0.86,7,-1,-1
77,-1,362,196,16,16,0.86,2,-1,-1
78,-1,361,192,16,17,0.85,2,-1,-1
78,-1,371,148,19,32,0.84,7,-1,-1
79,-1,371,148,19,31,0.84,7,-1,-1
79,-1,361,191,16,16,0.84,2,-1,-1
80,-1,360,189,16,16,0.86,2,-1,-1
80,-1,370,148,20,31,0.85,7,-1,-1
81,-1,360,187,17,16,0.86,2,-1,-1
81,-1,370,147,20,30,0.85,7,-1,-1
82,-1,369,147,19,29,0.86,7,-1,-1
82,-1,360,185,17,16,0.84,2,-1,-1
83,-1,369,147,19,28,0.87,7,-1,-1
83,-1,359,183,18,16,0.83,2,-1,-1
83,-1,321,126,9,13,0.12,7,-1,-1
84,-1,369,146,19,28,0.87,7,-1,-1
84,-1,359,182,17,16,0.84,2,-1,-1
84,-1,322,126,9,13,0.15,7,-1,-1
85,-1,369,146,19,28,0.86,7,-1,-1
85,-1,358,181,17,16,0.84,2,-1,-1
85,-1,322,126,10,13,0.17,7,-1,-1
86,-1,368,146,19,28,0.86,7,-1,-1
86,-1,358,179,16,14,0.82,2,-1,-1
87,-1,368,146,19,26,0.85,7,-1,-1
87,-1,357,178,16,14,0.80,2,-1,-1
88,-1,368,146,19,26,0.85,7,-1,-1
88,-1,357,176,15,14,0.85,2,-1,-1
89,-1,358,175,15,14,0.84,2,-1,-1
89,-1,368,146,18,26,0.84,7,-1,-1
90,-1,356,173,14,14,0.87,2,-1,-1
90,-1,368,145,18,26,0.83,7,-1,-1
91,-1,356,172,14,14,0.86,2,-1,-1
91,-1,368,145,18,26,0.83,7,-1,-1
92,-1,356,171,14,13,0.85,2,-1,-1
92,-1,367,145,16,24,0.83,7,-1,-1
93,-1,367,145,16,24,0.83,7,-1,-1
93,-1,356,170,14,13,0.83,2,-1,-1
94,-1,367,144,16,24,0.83,7,-1,-1
94,-1,355,170,13,12,0.82,2,-1,-1
95,-1,355,168,12,13,0.84,2,-1,-1
95,-1,367,144,15,24,0.83,7,-1,-1
96,-1,354,166,12,14,0.83,2,-1,-1
96,-1,366,144,15,24,0.83,7,-1,-1
97,-1,366,144,16,23,0.83,7,-1,-1
97,-1,354,166,12,13,0.80,2,-1,-1
98,-1,366,144,14,23,0.83,7,-1,-1
98,-1,354,165,12,12,0.76,2,-1,-1
99,-1,366,143,14,22,0.82,7,-1,-1
99,-1,353,164,12,12,0.74,2,-1,-1
100,-1,366,143,14,22,0.82,7,-1,-1
100,-1,352,162,12,12,0.73,2,-1,-1
101,-1,366,142,14,22,0.82,7,-1,-1
101,-1,352,161,12,12,0.79,2,-1,-1
102,-1,352,160,12,13,0.80,2,-1,-1
102,-1,366,142,14,22,0.79,7,-1,-1
103,-1,365,142,14,22,0.79,7,-1,-1
103,-1,352,159,12,12,0.79,2,-1,-1
104,-1,365,140,14,22,0.80,7,-1,-1
104,-1,352,159,12,12,0.79,2,-1,-1
105,-1,364,140,14,22,0.79,7,-1,-1
105,-1,352,157,11,12,0.72,2,-1,-1
106,-1,364,140,14,22,0.81,7,-1,-1
106,-1,351,156,10,12,0.74,2,-1,-1
107,-1,364,140,14,22,0.78,7,-1,-1
107,-1,351,156,11,12,0.74,2,-1,-1
108,-1,363,140,14,22,0.79,7,-1,-1
108,-1,350,156,10,11,0.76,2,-1,-1
109,-1,363,139,14,22,0.80,7,-1,-1
109,-1,350,155,10,12,0.59,2,-1,-1
110,-1,362,139,14,22,0.81,7,-1,-1
110,-1,350,155,11,10,0.65,2,-1,-1
111,-1,362,139,14,21,0.80,7,-1,-1
111,-1,349,153,11,12,0.70,2,-1,-1
112,-1,362,138,14,21,0.79,7,-1,-1
112,-1,350,153,10,11,0.76,2,-1,-1
113,-1,362,138,14,21,0.78,7,-1,-1
113,-1,349,154,10,10,0.72,2,-1,-1
114,-1,362,138,14,20,0.77,7,-1,-1
114,-1,349,152,10,10,0.73,2,-1,-1
115,-1,362,138,14,20,0.76,7,-1,-1
115,-1,348,152,10,10,0.74,2,-1,-1
116,-1,362,136,13,22,0.76,7,-1,-1
116,-1,348,151,10,10,0.61,2,-1,-1
117,-1,362,137,13,21,0.75,7,-1,-1
117,-1,348,150,10,10,0.73,2,-1,-1
118,-1,362,136,13,21,0.72,7,-1,-1
118,-1,348,149,10,10,0.62,2,-1,-1
119,-1,362,136,13,21,0.72,7,-1,-1
119,-1,348,149,10,10,0.61,2,-1,-1
120,-1,362,136,12,20,0.73,7,-1,-1
120,-1,348,148,9,10,0.37,2,-1,-1
121,-1,362,136,12,20,0.70,7,-1,-1
121,-1,347,148,9,10,0.29,2,-1,-1
122,-1,361,135,12,20,0.71,7,-1,-1
122,-1,347,147,9,10,0.17,2,-1,-1
123,-1,361,135,12,20,0.71,7,-1,-1
123,-1,346,147,9,10,0.21,2,-1,-1
124,-1,361,135,12,20,0.71,7,-1,-1
124,-1,346,147,9,10,0.20,2,-1,-1
125,-1,361,134,11,20,0.69,7,-1,-1
125,-1,346,146,8,10,0.16,2,-1,-1
126,-1,361,134,11,20,0.74,7,-1,-1
126,-1,347,146,8,10,0.13,2,-1,-1
127,-1,360,133,12,20,0.76,7,-1,-1
128,-1,360,133,11,20,0.78,7,-1,-1
129,-1,360,133,11,20,0.79,7,-1,-1
130,-1,360,133,12,20,0.79,7,-1,-1
131,-1,360,133,12,20,0.79,7,-1,-1
132,-1,360,133,12,20,0.78,7,-1,-1
132,-1,347,143,8,8,0.14,2,-1,-1
133,-1,359,133,12,19,0.76,7,-1,-1
133,-1,347,142,8,9,0.11,2,-1,-1
134,-1,359,134,12,18,0.76,7,-1,-1
134,-1,346,142,8,9,0.11,2,-1,-1
135,-1,359,134,12,18,0.76,7,-1,-1
136,-1,358,133,12,18,0.78,7,-1,-1
137,-1,358,132,12,19,0.81,7,-1,-1
138,-1,358,132,12,19,0.81,7,-1,-1
139,-1,358,132,12,18,0.80,7,-1,-1
140,-1,358,132,12,18,0.79,7,-1,-1
140,-1,322,150,10,10,0.57,2,-1,-1
141,-1,358,132,12,18,0.79,7,-1,-1
141,-1,321,150,10,11,0.63,2,-1,-1
142,-1,358,132,12,18,0.79,7,-1,-1
142,-1,322,150,10,11,0.66,2,-1,-1
143,-1,358,132,11,18,0.78,7,-1,-1
143,-1,321,151,10,11,0.59,2,-1,-1
144,-1,358,132,11,17,0.76,7,-1,-1
144,-1,321,151,11,12,0.75,2,-1,-1
145,-1,358,131,11,18,0.75,7,-1,-1
145,-1,321,152,11,11,0.73,2,-1,-1
146,-1,357,132,11,17,0.68,7,-1,-1
146,-1,320,152,11,12,0.56,2,-1,-1
146,-1,310,146,12,14,0.11,2,-1,-1
147,-1,357,132,11,17,0.68,7,-1,-1
147,-1,320,153,11,12,0.65,2,-1,-1
148,-1,320,155,11,11,0.62,2,-1,-1
148,-1,357,130,10,17,0.53,7,-1,-1
148,-1,310,144,12,15,0.17,2,-1,-1
149,-1,320,154,12,12,0.70,2,-1,-1
149,-1,356,130,10,16,0.64,7,-1,-1
150,-1,320,154,12,12,0.72,2,-1,-1
150,-1,356,130,10,16,0.65,7,-1,-1
150,-1,308,144,13,17,0.31,2,-1,-1
151,-1,320,156,12,12,0.72,2,-1,-1
151,-1,356,130,10,17,0.64,7,-1,-1
151,-1,308,144,13,18,0.37,2,-1,-1
152,-1,320,156,12,13,0.74,2,-1,-1
152,-1,356,130,10,17,0.58,7,-1,-1
152,-1,306,143,14,19,0.49,2,-1,-1
153,-1,320,157,12,12,0.70,2,-1,-1
153,-1,356,130,10,17,0.57,7,-1,-1
153,-1,308,146,13,17,0.34,2,-1,-1
154,-1,318,158,12,13,0.81,2,-1,-1
154,-1,356,130,10,16,0.35,7,-1,-1
154,-1,306,143,13,20,0.24,2,-1,-1
155,-1,319,158,12,13,0.78,2,-1,-1
155,-1,356,130,10,16,0.40,7,-1,-1
155,-1,306,144,13,20,0.30,2,-1,-1
156,-1,318,158,13,14,0.82,2,-1,-1
156,-1,306,142,13,22,0.49,7,-1,-1
156,-1,357,130,9,15,0.18,7,-1,-1
156,-1,348,135,7,8,0.12,2,-1,-1
157,-1,318,159,12,13,0.81,2,-1,-1
157,-1,306,142,13,22,0.31,2,-1,-1
157,-1,356,129,10,16,0.14,7,-1,-1
158,-1,318,160,13,14,0.80,2,-1,-1
158,-1,306,142,13,22,0.42,7,-1,-1
158,-1,356,129,9,16,0.13,7,-1,-1
159,-1,318,162,12,12,0.77,2,-1,-1
159,-1,306,142,13,22,0.28,7,-1,-1
159,-1,356,129,9,16,0.13,7,-1,-1
160,-1,318,163,12,12,0.76,2,-1,-1
160,-1,356,129,9,16,0.18,7,-1,-1
160,-1,307,142,12,23,0.13,7,-1,-1
161,-1,316,163,12,13,0.81,2,-1,-1
161,-1,356,129,10,16,0.23,7,-1,-1
162,-1,316,164,13,14,0.76,2,-1,-1
162,-1,356,129,9,15,0.30,7,-1,-1
162,-1,307,154,12,13,0.16,2,-1,-1
163,-1,316,165,13,13,0.78,2,-1,-1
163,-1,356,130,9,14,0.16,7,-1,-1
163,-1,308,154,12,13,0.14,2,-1,-1
164,-1,316,166,14,14,0.81,2,-1,-1
164,-1,306,154,13,15,0.19,2,-1,-1
164,-1,356,130,9,14,0.15,7,-1,-1
165,-1,315,166,15,15,0.82,2,-1,-1
165,-1,304,146,15,22,0.27,7,-1,-1
165,-1,356,130,9,14,0.15,7,-1,-1
166,-1,315,168,14,14,0.82,2,-1,-1
166,-1,304,148,14,20,0.29,2,-1,-1
167,-1,314,169,15,14,0.81,2,-1,-1
167,-1,304,150,14,20,0.50,2,-1,-1
168,-1,314,171,14,14,0.81,2,-1,-1
168,-1,303,150,16,20,0.56,2,-1,-1
169,-1,314,171,15,15,0.82,2,-1,-1
169,-1,303,149,16,22,0.61,7,-1,-1
169,-1,356,129,9,14,0.13,7,-1,-1
170,-1,314,172,14,14,0.83,2,-1,-1
170,-1,302,148,16,24,0.79,7,-1,-1
170,-1,356,128,9,14,0.24,7,-1,-1
171,-1,313,173,14,14,0.80,2,-1,-1
171,-1,302,148,16,24,0.80,7,-1,-1
171,-1,356,128,9,14,0.25,7,-1,-1
171,-1,318,161,12,10,0.16,2,-1,-1
172,-1,313,174,15,15,0.81,2,-1,-1
172,-1,301,148,17,26,0.80,7,-1,-1
172,-1,356,128,9,14,0.13,7,-1,-1
173,-1,300,149,18,26,0.82,7,-1,-1
173,-1,312,176,15,14,0.79,2,-1,-1
174,-1,300,151,17,24,0.81,7,-1,-1
174,-1,312,178,16,15,0.77,2,-1,-1
175,-1,300,151,18,24,0.82,7,-1,-1
175,-1,312,180,17,16,0.79,2,-1,-1
176,-1,440,512,94,28,0.80,2,-1,-1
176,-1,312,180,17,17,0.77,2,-1,-1
176,-1,299,153,17,23,0.52,7,-1,-1
176,-1,317,165,12,10,0.17,2,-1,-1
176,-1,355,128,8,13,0.10,7,-1,-1
177,-1,426,445,67,63,0.91,2,-1,-1
177,-1,299,154,17,24,0.83,7,-1,-1
177,-1,310,182,17,18,0.82,2,-1,-1
177,-1,355,128,8,13,0.10,7,-1,-1
178,-1,426,445,67,63,0.91,2,-1,-1
178,-1,299,154,17,24,0.84,7,-1,-1
178,-1,310,182,17,18,0.82,2,-1,-1
178,-1,355,128,8,13,0.11,7,-1,-1
179,-1,420,423,62,58,0.91,2,-1,-1
179,-1,298,154,18,25,0.84,7,-1,-1
179,-1,310,184,17,17,0.83,2,-1,-1
179,-1,355,128,8,13,0.11,7,-1,-1
180,-1,416,402,58,55,0.91,2,-1,-1
180,-1,310,186,16,16,0.84,2,-1,-1
180,-1,298,156,18,24,0.81,7,-1,-1
180,-1,356,128,8,13,0.12,7,-1,-1
181,-1,411,384,54,51,0.91,2,-1,-1
181,-1,298,156,18,24,0.85,7,-1,-1
181,-1,309,188,17,16,0.84,2,-1,-1
181,-1,356,128,8,13,0.13,7,-1,-1
182,-1,404,360,50,47,0.91,2,-1,-1
182,-1,297,155,18,26,0.84,7,-1,-1
182,-1,310,190,16,15,0.81,2,-1,-1
182,-1,356,127,8,14,0.16,7,-1,-1
183,-1,402,347,46,44,0.90,2,-1,-1
183,-1,297,156,18,26,0.85,7,-1,-1
183,-1,308,191,17,16,0.82,2,-1,-1
183,-1,356,127,8,14,0.16,7,-1,-1
184,-1,398,330,43,40,0.88,2,-1,-1
184,-1,296,158,19,24,0.85,7,-1,-1
184,-1,308,193,17,16,0.82,2,-1,-1
185,-1,394,319,41,38,0.89,2,-1,-1
185,-1,296,158,19,25,0.85,7,-1,-1
185,-1,308,195,17,16,0.84,2,-1,-1
186,-1,391,305,38,35,0.90,2,-1,-1
186,-1,306,197,18,17,0.85,2,-1,-1
186,-1,296,158,19,26,0.84,7,-1,-1
187,-1,388,296,36,34,0.89,2,-1,-1
187,-1,306,198,18,18,0.84,2,-1,-1
187,-1,295,159,19,25,0.84,7,-1,-1
188,-1,385,285,35,32,0.89,2,-1,-1
188,-1,295,160,19,26,0.85,7,-1,-1
188,-1,306,202,18,16,0.83,2,-1,-1
189,-1,384,279,33,30,0.88,2,-1,-1
189,-1,294,160,19,26,0.85,7,-1,-1
189,-1,305,202,19,18,0.83,2,-1,-1
190,-1,294,161,19,27,0.86,7,-1,-1
190,-1,304,206,19,19,0.85,2,-1,-1
190,-1,381,269,31,28,0.85,2,-1,-1
191,-1,379,259,30,32,0.87,2,-1,-1
191,-1,304,208,19,19,0.86,2,-1,-1
191,-1,294,162,19,27,0.86,7,-1,-1
192,-1,378,254,28,28,0.87,2,-1,-1
192,-1,304,212,20,18,0.86,2,-1,-1
192,-1,293,162,19,27,0.84,7,-1,-1
192,-1,600,471,38,68,0.46,7,-1,-1
193,-1,573,432,66,108,0.89,7,-1,-1
193,-1,302,215,21,20,0.87,2,-1,-1
193,-1,375,249,27,24,0.87,2,-1,-1
193,-1,292,164,20,27,0.84,7,-1,-1
194,-1,562,407,78,132,0.91,7,-1,-1
194,-1,374,244,26,25,0.88,2,-1,-1
194,-1,302,217,20,21,0.87,2,-1,-1
194,-1,290,164,21,28,0.84,7,-1,-1
195,-1,550,388,89,151,0.92,7,-1,-1
195,-1,301,220,21,20,0.88,2,-1,-1
195,-1,372,241,25,22,0.87,2,-1,-1
195,-1,288,165,22,28,0.83,7,-1,-1
196,-1,534,365,104,175,0.92,7,-1,-1
196,-1,300,223,22,22,0.87,2,-1,-1
196,-1,371,235,24,22,0.87,2,-1,-1
196,-1,288,166,22,29,0.84,7,-1,-1
197,-1,526,352,113,188,0.92,7,-1,-1
197,-1,299,227,22,22,0.88,2,-1,-1
197,-1,370,231,24,22,0.87,2,-1,-1
197,-1,288,167,23,28,0.85,7,-1,-1
198,-1,512,333,126,206,0.92,7,-1,-1
198,-1,296,232,24,22,0.86,2,-1,-1
198,-1,287,166,23,30,0.85,7,-1,-1
198,-1,368,226,22,21,0.84,2,-1,-1
199,-1,505,321,134,218,0.93,7,-1,-1
199,-1,367,224,23,20,0.87,2,-1,-1
199,-1,296,234,24,24,0.86,2,-1,-1
199,-1,286,167,24,30,0.86,7,-1,-1
200,-1,494,306,145,234,0.94,7,-1,-1
200,-1,366,220,21,18,0.87,2,-1,-1
200,-1,286,168,24,31,0.86,7,-1,-1
200,-1,294,240,26,24,0.86,2,-1,-1
201,-1,489,296,150,242,0.93,7,-1,-1
201,-1,292,244,26,25,0.89,2,-1,-1
201,-1,286,168,24,32,0.86,7,-1,-1
201,-1,366,216,21,19,0.86,2,-1,-1
202,-1,482,285,158,252,0.93,7,-1,-1
202,-1,290,250,26,26,0.88,2,-1,-1
202,-1,285,168,25,34,0.87,7,-1,-1
202,-1,364,212,21,18,0.84,2,-1,-1
203,-1,476,277,164,253,0.94,7,-1,-1
203,-1,288,253,28,28,0.88,2,-1,-1
203,-1,285,168,24,36,0.88,7,-1,-1
203,-1,364,209,20,18,0.86,2,-1,-1
204,-1,286,260,28,29,0.90,2,-1,-1
204,-1,466,269,174,227,0.89,7,-1,-1
204,-1,286,168,24,36,0.85,7,-1,-1
204,-1,363,205,22,18,0.84,2,-1,-1
205,-1,462,264,174,216,0.94,7,-1,-1
205,-1,284,266,30,30,0.89,2,-1,-1
205,-1,283,171,26,34,0.88,7,-1,-1
205,-1,362,203,22,18,0.85,2,-1,-1
206,-1,458,256,158,198,0.92,7,-1,-1
206,-1,280,274,32,31,0.89,2,-1,-1
206,-1,282,174,25,34,0.88,7,-1,-1
206,-1,361,198,21,19,0.85,2,-1,-1
207,-1,454,250,150,188,0.93,7,-1,-1
207,-1,277,280,33,33,0.89,2,-1,-1
207,-1,282,173,26,36,0.88,7,-1,-1
207,-1,360,197,19,18,0.84,2,-1,-1
208,-1,448,243,140,174,0.92,7,-1,-1
208,-1,274,289,34,35,0.90,2,-1,-1
208,-1,280,175,27,36,0.88,7,-1,-1
208,-1,360,196,18,16,0.86,2,-1,-1
209,-1,446,240,132,165,0.93,7,-1,-1
209,-1,271,297,36,36,0.90,2,-1,-1
209,-1,280,175,27,38,0.88,7,-1,-1
209,-1,360,194,18,16,0.86,2,-1,-1
210,-1,441,234,124,153,0.93,7,-1,-1
210,-1,264,308,40,40,0.90,2,-1,-1
210,-1,278,176,28,39,0.87,7,-1,-1
210,-1,359,192,17,16,0.85,2,-1,-1
211,-1,439,231,116,146,0.94,7,-1,-1
211,-1,262,316,41,43,0.90,2,-1,-1
211,-1,276,178,29,38,0.88,7,-1,-1
211,-1,358,190,18,16,0.85,2,-1,-1
212,-1,434,226,110,136,0.93,7,-1,-1
212,-1,257,331,43,46,0.90,2,-1,-1
212,-1,276,178,30,40,0.88,7,-1,-1
212,-1,358,188,17,15,0.86,2,-1,-1
213,-1,430,222,106,130,0.93,7,-1,-1
213,-1,253,342,44,48,0.91,2,-1,-1
213,-1,274,180,30,40,0.88,7,-1,-1
213,-1,357,187,17,15,0.85,2,-1,-1
214,-1,427,217,100,123,0.93,7,-1,-1
214,-1,244,360,50,53,0.92,2,-1,-1
214,-1,272,182,32,41,0.88,7,-1,-1
214,-1,356,184,17,15,0.84,2,-1,-1
215,-1,424,214,96,118,0.93,7,-1,-1
215,-1,239,373,51,58,0.91,2,-1,-1
215,-1,271,184,32,41,0.88,7,-1,-1
215,-1,356,184,16,14,0.85,2,-1,-1
216,-1,422,210,90,112,0.92,7,-1,-1
216,-1,229,398,56,64,0.92,2,-1,-1
216,-1,270,184,32,43,0.88,7,-1,-1
216,-1,356,181,15,14,0.85,2,-1,-1
217,-1,222,417,59,69,0.92,2,-1,-1
217,-1,422,209,86,106,0.92,7,-1,-1
217,-1,270,187,32,42,0.89,7,-1,-1
217,-1,356,180,16,14,0.83,2,-1,-1
218,-1,418,204,82,103,0.92,7,-1,-1
218,-1,208,449,68,80,0.92,2,-1,-1
218,-1,268,190,32,42,0.89,7,-1,-1
218,-1,355,178,15,14,0.82,2,-1,-1
219,-1,417,203,78,98,0.93,7,-1,-1
219,-1,196,474,74,64,0.90,2,-1,-1
219,-1,266,190,33,44,0.89,7,-1,-1
219,-1,355,177,15,14,0.82,2,-1,-1
220,-1,414,199,74,94,0.93,7,-1,-1
220,-1,265,192,34,45,0.89,7,-1,-1
220,-1,355,175,15,14,0.84,2,-1,-1
220,-1,193,518,66,20,0.84,2,-1,-1
221,-1,414,197,71,91,0.93,7,-1,-1
221,-1,264,193,35,46,0.88,7,-1,-1
221,-1,355,174,14,14,0.85,2,-1,-1
222,-1,411,194,69,87,0.92,7,-1,-1
222,-1,262,194,36,48,0.89,7,-1,-1
222,-1,354,173,14,14,0.85,2,-1,-1
223,-1,409,193,68,84,0.92,7,-1,-1
223,-1,260,195,37,50,0.89,7,-1,-1
223,-1,355,172,14,13,0.84,2,-1,-1
224,-1,406,190,66,81,0.92,7,-1,-1
224,-1,258,198,38,50,0.90,7,-1,-1
224,-1,355,170,13,13,0.83,2,-1,-1
225,-1,405,188,65,80,0.92,7,-1,-1
225,-1,257,199,38,52,0.81,7,-1,-1
225,-1,354,170,14,12,0.80,2,-1,-1
226,-1,404,186,62,78,0.92,7,-1,-1
226,-1,354,168,13,12,0.82,2,-1,-1
226,-1,254,200,39,55,0.74,7,-1,-1
227,-1,402,185,61,76,0.92,7,-1,-1
227,-1,252,200,41,58,0.90,7,-1,-1
227,-1,353,168,13,12,0.82,2,-1,-1
228,-1,400,182,59,75,0.91,7,-1,-1
228,-1,250,200,43,62,0.90,7,-1,-1
228,-1,353,166,12,12,0.80,2,-1,-1
229,-1,400,181,58,72,0.92,7,-1,-1
229,-1,247,200,45,66,0.90,7,-1,-1
229,-1,353,166,12,12,0.79,2,-1,-1
230,-1,398,179,57,68,0.92,7,-1,-1
230,-1,246,206,45,64,0.90,7,-1,-1
230,-1,352,164,12,12,0.76,2,-1,-1
231,-1,397,178,54,66,0.93,7,-1,-1
231,-1,242,209,48,66,0.89,7,-1,-1
231,-1,352,163,12,12,0.74,2,-1,-1
232,-1,394,176,54,64,0.92,7,-1,-1
232,-1,239,214,48,66,0.89,7,-1,-1
232,-1,352,162,12,11,0.74,2,-1,-1
233,-1,394,174,52,63,0.92,7,-1,-1
233,-1,237,216,48,68,0.90,7,-1,-1
233,-1,352,162,12,11,0.78,2,-1,-1
234,-1,393,173,50,60,0.91,7,-1,-1
234,-1,234,220,50,70,0.91,7,-1,-1
234,-1,352,160,12,12,0.81,2,-1,-1
235,-1,392,172,49,60,0.91,7,-1,-1
235,-1,231,225,52,70,0.91,7,-1,-1
235,-1,351,159,12,12,0.81,2,-1,-1
236,-1,392,171,48,58,0.92,7,-1,-1
236,-1,227,226,54,76,0.92,7,-1,-1
236,-1,351,158,12,12,0.80,2,-1,-1
237,-1,224,228,57,78,0.92,7,-1,-1
237,-1,391,171,45,56,0.92,7,-1,-1
237,-1,351,158,11,12,0.77,2,-1,-1
238,-1,219,231,59,84,0.91,7,-1,-1
238,-1,389,170,44,54,0.90,7,-1,-1
238,-1,351,157,11,11,0.80,2,-1,-1
239,-1,216,234,61,87,0.91,7,-1,-1
239,-1,388,168,44,54,0.90,7,-1,-1
239,-1,351,156,10,11,0.78,2,-1,-1
240,-1,210,241,64,90,0.91,7,-1,-1
240,-1,388,168,40,51,0.91,7,-1,-1
240,-1,351,156,10,10,0.76,2,-1,-1
241,-1,206,245,66,92,0.92,7,-1,-1
241,-1,386,167,42,50,0.90,7,-1,-1
241,-1,351,156,10,10,0.74,2,-1,-1
242,-1,200,251,69,96,0.91,7,-1,-1
242,-1,386,165,41,50,0.91,7,-1,-1
242,-1,350,155,10,10,0.66,2,-1,-1
243,-1,196,255,72,100,0.92,7,-1,-1
243,-1,385,165,40,48,0.90,7,-1,-1
243,-1,350,154,10,10,0.75,2,-1,-1
244,-1,188,259,77,108,0.92,7,-1,-1
244,-1,384,164,38,47,0.90,7,-1,-1
244,-1,350,154,10,10,0.79,2,-1,-1
245,-1,182,263,80,114,0.93,7,-1,-1
245,-1,384,163,37,46,0.91,7,-1,-1
245,-1,350,152,10,11,0.78,2,-1,-1
246,-1,174,270,86,121,0.92,7,-1,-1
246,-1,382,162,36,45,0.90,7,-1,-1
246,-1,350,152,10,10,0.79,2,-1,-1
247,-1,170,276,88,126,0.93,7,-1,-1
247,-1,382,161,35,45,0.89,7,-1,-1
247,-1,349,151,10,10,0.81,2,-1,-1
248,-1,160,284,92,136,0.92,7,-1,-1
248,-1,382,162,34,42,0.89,7,-1,-1
248,-1,350,150,10,11,0.74,2,-1,-1
249,-1,147,292,102,148,0.94,7,-1,-1
249,-1,380,160,34,42,0.88,7,-1,-1
249,-1,349,150,10,10,0.78,2,-1,-1
250,-1,139,297,103,157,0.93,7,-1,-1
250,-1,380,158,32,42,0.89,7,-1,-1
250,-1,349,150,10,10,0.77,2,-1,-1
251,-1,129,305,110,166,0.93,7,-1,-1
251,-1,378,156,34,44,0.89,7,-1,-1
251,-1,349,148,10,11,0.75,2,-1,-1
252,-1,114,313,122,186,0.92,7,-1,-1
252,-1,377,155,33,43,0.90,7,-1,-1
252,-1,349,149,9,10,0.70,2,-1,-1
253,-1,102,323,132,196,0.92,7,-1,-1
253,-1,377,155,32,42,0.89,7,-1,-1
253,-1,349,148,9,10,0.72,2,-1,-1
254,-1,82,338,143,200,0.92,7,-1,-1
254,-1,376,153,31,42,0.88,7,-1,-1
254,-1,348,148,9,10,0.52,2,-1,-1
255,-1,68,344,154,195,0.92,7,-1,-1
255,-1,376,154,30,41,0.88,7,-1,-1
255,-1,348,147,9,10,0.46,2,-1,-1
256,-1,43,361,170,178,0.91,7,-1,-1
256,-1,376,153,29,40,0.89,7,-1,-1
256,-1,348,147,9,8,0.43,2,-1,-1
257,-1,23,375,184,164,0.92,7,-1,-1
257,-1,375,153,30,40,0.89,7,-1,-1
257,-1,348,146,9,9,0.49,2,-1,-1
258,-1,6,396,189,144,0.89,7,-1,-1
258,-1,375,152,28,39,0.89,7,-1,-1
258,-1,348,146,9,9,0.55,2,-1,-1
259,-1,68,412,115,127,0.90,7,-1,-1
259,-1,374,152,29,38,0.89,7,-1,-1
259,-1,348,146,9,9,0.55,2,-1,-1
260,-1,373,152,29,37,0.89,7,-1,-1
260,-1,16,440,151,100,0.88,7,-1,-1
260,-1,348,144,8,9,0.34,2,-1,-1
261,-1,374,151,28,36,0.88,7,-1,-1
261,-1,32,460,124,80,0.84,7,-1,-1
261,-1,348,143,9,10,0.56,2,-1,-1
262,-1,373,151,28,36,0.87,7,-1,-1
262,-1,348,143,9,10,0.56,2,-1,-1
262,-1,29,494,111,44,0.39,7,-1,-1
263,-1,373,150,28,35,0.88,7,-1,-1
263,-1,32,523,86,17,0.13,7,-1,-1
263,-1,349,144,8,9,0.13,2,-1,-1
264,-1,372,149,26,36,0.88,7,-1,-1
264,-1,349,143,8,8,0.51,2,-1,-1
265,-1,372,149,26,35,0.88,7,-1,-1
265,-1,349,142,8,8,0.41,2,-1,-1
266,-1,371,148,26,34,0.88,7,-1,-1
266,-1,348,142,8,8,0.23,2,-1,-1
267,-1,371,148,26,34,0.89,7,-1,-1
267,-1,348,142,8,8,0.20,2,-1,-1
268,-1,370,147,25,33,0.88,7,-1,-1
268,-1,348,141,8,8,0.11,2,-1,-1
269,-1,369,146,26,33,0.88,7,-1,-1
270,-1,369,146,25,33,0.87,7,-1,-1
270,-1,348,140,8,8,0.17,2,-1,-1
271,-1,368,146,24,32,0.87,7,-1,-1
271,-1,348,140,8,8,0.14,2,-1,-1
272,-1,368,146,24,32,0.86,7,-1,-1
273,-1,368,145,24,30,0.86,7,-1,-1
274,-1,368,145,24,30,0.86,7,-1,-1
275,-1,368,144,24,30,0.86,7,-1,-1
276,-1,368,143,23,30,0.85,7,-1,-1
277,-1,367,143,23,30,0.86,7,-1,-1
278,-1,366,142,23,30,0.86,7,-1,-1
279,-1,366,142,22,29,0.85,7,-1,-1
280,-1,366,142,22,30,0.85,7,-1,-1
281,-1,366,141,23,30,0.82,7,-1,-1
282,-1,365,142,22,28,0.82,7,-1,-1
283,-1,365,141,22,28,0.83,7,-1,-1
284,-1,365,140,22,28,0.83,7,-1,-1
285,-1,364,140,22,28,0.82,7,-1,-1
285,-1,324,148,9,10,0.18,2,-1,-1
286,-1,364,140,21,27,0.83,7,-1,-1
287,-1,364,139,20,27,0.81,7,-1,-1
287,-1,323,150,9,10,0.56,2,-1,-1
288,-1,364,138,21,28,0.82,7,-1,-1
288,-1,323,148,10,12,0.67,2,-1,-1
288,-1,347,134,7,8,0.18,2,-1,-1
289,-1,364,139,19,26,0.84,7,-1,-1
289,-1,324,150,10,11,0.60,2,-1,-1
289,-1,347,134,7,8,0.20,2,-1,-1
290,-1,364,138,18,26,0.84,7,-1,-1
290,-1,323,150,10,10,0.57,2,-1,-1
290,-1,347,134,7,8,0.17,2,-1,-1
291,-1,364,138,18,26,0.84,7,-1,-1
291,-1,322,151,11,11,0.62,2,-1,-1
291,-1,347,134,7,8,0.15,2,-1,-1
292,-1,363,137,18,26,0.84,7,-1,-1
292,-1,322,153,10,10,0.71,2,-1,-1
293,-1,363,137,18,26,0.84,7,-1,-1
293,-1,322,152,10,11,0.71,2,-1,-1
294,-1,362,136,18,26,0.84,7,-1,-1
294,-1,322,152,10,12,0.74,2,-1,-1
295,-1,362,136,18,26,0.84,7,-1,-1
295,-1,322,153,10,12,0.70,2,-1,-1
296,-1,362,136,18,26,0.83,7,-1,-1
296,-1,322,154,10,11,0.70,2,-1,-1
297,-1,362,136,18,24,0.83,7,-1,-1
297,-1,322,154,11,12,0.72,2,-1,-1
298,-1,362,136,18,24,0.83,7,-1,-1
298,-1,322,156,10,11,0.74,2,-1,-1
299,-1,362,135,17,25,0.83,7,-1,-1
299,-1,321,156,11,12,0.73,2,-1,-1
300,-1,362,135,16,24,0.82,7,-1,-1
300,-1,320,157,12,12,0.73,2,-1,-1
301,-1,362,135,17,24,0.82,7,-1,-1
301,-1,320,157,12,12,0.74,2,-1,-1
302,-1,362,134,18,24,0.81,7,-1,-1
302,-1,320,158,12,12,0.76,2,-1,-1
303,-1,362,134,18,24,0.81,7,-1,-1
303,-1,320,158,12,12,0.79,2,-1,-1
304,-1,361,134,17,24,0.81,7,-1,-1
304,-1,320,160,12,13,0.79,2,-1,-1
305,-1,361,134,18,24,0.81,7,-1,-1
305,-1,320,159,13,14,0.79,2,-1,-1
306,-1,360,133,17,24,0.83,7,-1,-1
306,-1,319,161,13,14,0.75,2,-1,-1
307,-1,360,134,17,24,0.82,7,-1,-1
307,-1,319,162,13,12,0.78,2,-1,-1
308,-1,360,133,16,22,0.82,7,-1,-1
308,-1,319,162,13,14,0.79,2,-1,-1
309,-1,360,133,15,22,0.82,7,-1,-1
309,-1,319,164,13,12,0.81,2,-1,-1
310,-1,360,133,14,20,0.82,7,-1,-1
310,-1,318,165,14,13,0.80,2,-1,-1
311,-1,360,133,14,20,0.82,7,-1,-1
311,-1,318,166,14,12,0.81,2,-1,-1
311,-1,581,463,58,76,0.80,7,-1,-1
312,-1,563,425,76,114,0.91,7,-1,-1
312,-1,360,133,14,20,0.82,7,-1,-1
312,-1,318,167,14,13,0.81,2,-1,-1
313,-1,550,404,88,134,0.93,7,-1,-1
313,-1,318,169,14,12,0.83,2,-1,-1
313,-1,360,133,14,20,0.82,7,-1,-1
314,-1,534,379,104,160,0.93,7,-1,-1
314,-1,359,132,14,20,0.82,7,-1,-1
314,-1,317,169,15,13,0.81,2,-1,-1
315,-1,524,363,115,176,0.93,7,-1,-1
315,-1,317,169,15,14,0.83,2,-1,-1
315,-1,359,132,14,20,0.82,7,-1,-1
316,-1,510,345,128,194,0.92,7,-1,-1
316,-1,358,132,14,21,0.83,7,-1,-1
316,-1,316,171,16,14,0.82,2,-1,-1
317,-1,504,335,134,204,0.93,7,-1,-1
317,-1,316,172,16,14,0.83,2,-1,-1
317,-1,358,132,14,20,0.81,7,-1,-1
318,-1,492,318,147,220,0.92,7,-1,-1
318,-1,316,173,15,14,0.83,2,-1,-1
318,-1,358,132,14,20,0.80,7,-1,-1
319,-1,485,306,154,232,0.94,7,-1,-1
319,-1,316,174,15,14,0.85,2,-1,-1
319,-1,358,132,14,20,0.80,7,-1,-1
320,-1,315,176,15,14,0.84,2,-1,-1
320,-1,358,131,14,21,0.80,7,-1,-1
321,-1,470,287,162,208,0.92,7,-1,-1
321,-1,315,177,15,14,0.81,2,-1,-1
321,-1,358,130,15,21,0.80,7,-1,-1
322,-1,463,277,147,192,0.92,7,-1,-1
322,-1,358,130,15,21,0.79,7,-1,-1
322,-1,314,179,17,16,0.75,2,-1,-1
323,-1,459,271,138,181,0.93,7,-1,-1
323,-1,314,180,17,16,0.82,2,-1,-1
323,-1,358,130,15,21,0.79,7,-1,-1
324,-1,453,263,126,166,0.93,7,-1,-1
324,-1,313,181,16,16,0.84,2,-1,-1
324,-1,358,129,15,20,0.80,7,-1,-1
325,-1,450,258,118,156,0.93,7,-1,-1
325,-1,313,182,17,18,0.85,2,-1,-1
325,-1,358,128,15,21,0.80,7,-1,-1
326,-1,445,249,109,146,0.94,7,-1,-1
326,-1,313,184,16,17,0.84,2,-1,-1
326,-1,358,128,15,21,0.80,7,-1,-1
327,-1,442,245,104,140,0.93,7,-1,-1
327,-1,312,185,16,16,0.84,2,-1,-1
327,-1,358,129,15,20,0.79,7,-1,-1
328,-1,439,239,95,130,0.93,7,-1,-1
328,-1,312,188,16,16,0.84,2,-1,-1
328,-1,357,127,15,22,0.80,7,-1,-1
329,-1,435,235,92,124,0.93,7,-1,-1
329,-1,311,188,17,16,0.85,2,-1,-1
329,-1,357,128,14,20,0.77,7,-1,-1
330,-1,430,229,86,118,0.93,7,-1,-1
330,-1,311,192,17,15,0.83,2,-1,-1
330,-1,357,128,14,21,0.75,7,-1,-1
331,-1,428,226,84,114,0.93,7,-1,-1
331,-1,310,192,17,16,0.84,2,-1,-1
331,-1,357,128,14,21,0.78,7,-1,-1
332,-1,423,222,80,106,0.93,7,-1,-1
332,-1,309,196,17,16,0.86,2,-1,-1
332,-1,357,128,14,20,0.79,7,-1,-1
333,-1,422,219,76,103,0.92,7,-1,-1
333,-1,308,197,18,17,0.85,2,-1,-1
333,-1,357,128,14,20,0.79,7,-1,-1
334,-1,419,215,71,96,0.93,7,-1,-1
334,-1,308,199,18,18,0.84,2,-1,-1
334,-1,357,128,14,20,0.81,7,-1,-1
335,-1,417,212,69,94,0.92,7,-1,-1
335,-1,307,201,18,18,0.84,2,-1,-1
335,-1,357,128,14,19,0.81,7,-1,-1
336,-1,416,210,65,88,0.91,7,-1,-1
336,-1,305,204,20,18,0.84,2,-1,-1
336,-1,356,127,14,19,0.84,7,-1,-1
337,-1,413,207,62,87,0.92,7,-1,-1
337,-1,305,207,20,18,0.84,2,-1,-1
337,-1,356,126,13,19,0.83,7,-1,-1
338,-1,410,203,60,84,0.92,7,-1,-1
338,-1,304,211,20,18,0.85,2,-1,-1
338,-1,356,126,13,19,0.83,7,-1,-1
339,-1,410,201,58,81,0.92,7,-1,-1
339,-1,303,212,20,19,0.86,2,-1,-1
339,-1,356,126,13,19,0.84,7,-1,-1
340,-1,407,199,56,76,0.91,7,-1,-1
340,-1,302,216,20,20,0.87,2,-1,-1
340,-1,356,127,13,18,0.84,7,-1,-1
341,-1,406,196,53,75,0.91,7,-1,-1
341,-1,301,218,21,20,0.87,2,-1,-1
341,-1,356,127,13,18,0.84,7,-1,-1
342,-1,404,195,52,71,0.92,7,-1,-1
342,-1,300,223,22,20,0.88,2,-1,-1
342,-1,356,126,13,18,0.84,7,-1,-1
343,-1,404,192,49,70,0.91,7,-1,-1
343,-1,298,227,22,20,0.85,2,-1,-1
343,-1,356,127,13,17,0.84,7,-1,-1
344,-1,401,190,48,68,0.91,7,-1,-1
344,-1,297,230,23,22,0.87,2,-1,-1
344,-1,356,127,13,17,0.84,7,-1,-1
345,-1,400,189,46,66,0.91,7,-1,-1
345,-1,296,234,24,22,0.85,2,-1,-1
345,-1,356,127,12,17,0.83,7,-1,-1
346,-1,398,186,45,64,0.91,7,-1,-1
346,-1,294,240,24,22,0.86,2,-1,-1
346,-1,356,126,12,18,0.83,7,-1,-1
347,-1,397,184,45,63,0.91,7,-1,-1
347,-1,292,244,25,23,0.89,2,-1,-1
347,-1,356,126,13,18,0.83,7,-1,-1
348,-1,395,183,44,60,0.91,7,-1,-1
348,-1,290,248,26,25,0.87,2,-1,-1
348,-1,356,126,13,17,0.83,7,-1,-1
349,-1,394,182,42,58,0.90,7,-1,-1
349,-1,288,253,27,26,0.88,2,-1,-1
349,-1,356,126,13,16,0.82,7,-1,-1
350,-1,392,180,41,56,0.91,7,-1,-1
350,-1,287,260,28,28,0.89,2,-1,-1
350,-1,356,126,13,16,0.82,7,-1,-1
351,-1,392,179,40,55,0.90,7,-1,-1
351,-1,285,265,29,28,0.88,2,-1,-1
351,-1,356,126,13,16,0.81,7,-1,-1
352,-1,390,177,38,54,0.90,7,-1,-1
352,-1,282,274,30,30,0.88,2,-1,-1
352,-1,356,126,12,16,0.81,7,-1,-1
353,-1,390,176,37,53,0.90,7,-1,-1
353,-1,279,279,32,32,0.89,2,-1,-1
353,-1,355,125,12,17,0.82,7,-1,-1
354,-1,389,174,36,52,0.91,7,-1,-1
354,-1,276,288,33,34,0.90,2,-1,-1
354,-1,355,125,12,17,0.80,7,-1,-1
355,-1,388,174,35,50,0.90,7,-1,-1
355,-1,274,296,35,36,0.90,2,-1,-1
355,-1,355,125,12,16,0.78,7,-1,-1
356,-1,269,308,38,38,0.91,2,-1,-1
356,-1,388,172,33,49,0.90,7,-1,-1
356,-1,355,125,12,16,0.78,7,-1,-1
357,-1,261,331,43,45,0.91,2,-1,-1
357,-1,385,170,33,47,0.90,7,-1,-1
357,-1,354,125,11,16,0.75,7,-1,-1
358,-1,261,330,43,46,0.91,2,-1,-1
358,-1,385,171,33,46,0.89,7,-1,-1
358,-1,354,125,11,16,0.75,7,-1,-1
359,-1,257,343,44,46,0.91,2,-1,-1
359,-1,384,170,32,46,0.89,7,-1,-1
359,-1,354,125,11,16,0.76,7,-1,-1
360,-1,250,362,48,51,0.91,2,-1,-1
360,-1,384,168,31,44,0.89,7,-1,-1
360,-1,355,124,10,16,0.72,7,-1,-1
361,-1,245,376,50,55,0.91,2,-1,-1
361,-1,383,168,31,44,0.89,7,-1,-1
361,-1,355,124,10,16,0.72,7,-1,-1
362,-1,237,401,55,62,0.93,2,-1,-1
362,-1,382,166,30,44,0.88,7,-1,-1
362,-1,355,124,10,16,0.72,7,-1,-1
363,-1,231,420,59,67,0.91,2,-1,-1
363,-1,381,166,30,42,0.88,7,-1,-1
363,-1,355,124,10,16,0.62,7,-1,-1
364,-1,218,452,66,78,0.92,2,-1,-1
364,-1,381,164,29,42,0.88,7,-1,-1
364,-1,355,124,10,16,0.54,7,-1,-1
365,-1,209,478,72,60,0.89,2,-1,-1
365,-1,380,163,30,41,0.88,7,-1,-1
365,-1,355,124,10,16,0.53,7,-1,-1
366,-1,379,162,30,41,0.87,7,-1,-1
366,-1,355,124,10,16,0.57,7,-1,-1
366,-1,204,524,71,16,0.23,2,-1,-1
367,-1,378,161,30,41,0.86,7,-1,-1
367,-1,355,123,10,16,0.29,7,-1,-1
368,-1,378,160,29,40,0.87,7,-1,-1
368,-1,355,124,10,16,0.36,7,-1,-1
369,-1,377,158,30,42,0.86,7,-1,-1
369,-1,355,124,10,16,0.45,7,-1,-1
370,-1,377,158,28,40,0.87,7,-1,-1
370,-1,355,124,10,16,0.35,7,-1,-1
371,-1,376,158,28,38,0.87,7,-1,-1
371,-1,356,124,9,15,0.32,7,-1,-1
372,-1,376,155,27,40,0.87,7,-1,-1
372,-1,355,125,9,14,0.25,7,-1,-1
373,-1,375,154,28,40,0.88,7,-1,-1
373,-1,356,126,8,14,0.14,7,-1,-1
374,-1,374,154,28,39,0.88,7,-1,-1
374,-1,356,126,8,14,0.15,7,-1,-1
375,-1,374,153,27,38,0.87,7,-1,-1
376,-1,374,152,27,38,0.87,7,-1,-1
377,-1,373,152,26,36,0.85,7,-1,-1
378,-1,373,151,26,36,0.85,7,-1,-1
379,-1,372,151,26,36,0.84,7,-1,-1
380,-1,372,151,25,36,0.85,7,-1,-1
381,-1,370,148,27,37,0.85,7,-1,-1
382,-1,372,150,24,33,0.86,7,-1,-1
383,-1,370,148,25,35,0.86,7,-1,-1
384,-1,370,147,26,35,0.84,7,-1,-1
385,-1,370,147,25,34,0.83,7,-1,-1
386,-1,369,146,23,34,0.83,7,-1,-1
387,-1,369,146,24,33,0.80,7,-1,-1
388,-1,368,146,22,32,0.84,7,-1,-1
389,-1,368,146,21,32,0.85,7,-1,-1
390,-1,368,146,22,31,0.86,7,-1,-1
391,-1,368,145,21,31,0.85,7,-1,-1
392,-1,367,145,21,30,0.86,7,-1,-1
393,-1,367,145,20,29,0.84,7,-1,-1
394,-1,367,145,21,28,0.86,7,-1,-1
395,-1,367,145,20,28,0.85,7,-1,-1
396,-1,366,144,20,28,0.84,7,-1,-1
397,-1,367,144,19,28,0.85,7,-1,-1
397,-1,358,118,9,13,0.14,7,-1,-1
398,-1,366,143,19,28,0.85,7,-1,-1
398,-1,358,118,9,13,0.15,7,-1,-1
399,-1,366,144,20,26,0.83,7,-1,-1
399,-1,358,118,9,13,0.28,7,-1,-1
400,-1,366,144,19,26,0.83,7,-1,-1
400,-1,358,118,9,13,0.26,7,-1,-1
401,-1,366,144,20,25,0.83,7,-1,-1
401,-1,358,118,9,13,0.29,7,-1,-1
402,-1,366,142,19,26,0.82,7,-1,-1
403,-1,366,142,19,26,0.80,7,-1,-1
404,-1,366,142,19,25,0.82,7,-1,-1
405,-1,366,141,19,26,0.77,7,-1,-1
406,-1,364,140,19,25,0.77,7,-1,-1
407,-1,364,141,18,24,0.78,7,-1,-1
408,-1,364,140,18,24,0.79,7,-1,-1
409,-1,364,140,17,24,0.77,7,-1,-1
410,-1,364,140,17,24,0.73,7,-1,-1
411,-1,364,140,17,24,0.73,7,-1,-1
412,-1,364,138,16,24,0.74,7,-1,-1
413,-1,363,138,16,24,0.75,7,-1,-1
414,-1,363,138,16,24,0.78,7,-1,-1
415,-1,363,137,16,24,0.72,7,-1,-1
416,-1,363,136,16,24,0.69,7,-1,-1
417,-1,362,136,16,24,0.68,7,-1,-1
418,-1,362,136,16,24,0.71,7,-1,-1
419,-1,362,135,16,24,0.68,7,-1,-1
420,-1,362,134,15,24,0.68,7,-1,-1
421,-1,362,134,16,24,0.67,7,-1,-1
422,-1,362,134,16,24,0.67,7,-1,-1
423,-1,362,134,16,23,0.55,7,-1,-1
424,-1,362,134,16,23,0.54,7,-1,-1
425,-1,361,134,15,22,0.46,7,-1,-1
426,-1,361,133,14,22,0.58,7,-1,-1
427,-1,361,134,14,22,0.59,7,-1,-1
428,-1,360,134,14,20,0.62,7,-1,-1
429,-1,360,134,14,20,0.62,7,-1,-1
430,-1,360,134,14,19,0.68,7,-1,-1
431,-1,360,134,14,19,0.74,7,-1,-1
432,-1,360,134,14,18,0.73,7,-1,-1
433,-1,360,135,13,18,0.52,7,-1,-1
434,-1,360,135,13,18,0.51,7,-1,-1
435,-1,360,136,12,17,0.29,7,-1,-1
436,-1,360,135,12,17,0.25,7,-1,-1
437,-1,360,134,12,18,0.40,7,-1,-1
438,-1,360,135,12,16,0.27,7,-1,-1
439,-1,360,134,12,17,0.25,7,-1,-1
440,-1,360,133,12,18,0.38,7,-1,-1
441,-1,358,132,13,18,0.43,7,-1,-1
442,-1,358,132,12,17,0.20,7,-1,-1
443,-1,358,132,12,17,0.17,7,-1,-1
443,-1,326,144,10,10,0.12,2,-1,-1
444,-1,358,132,12,17,0.31,7,-1,-1
445,-1,358,132,12,17,0.29,7,-1,-1
446,-1,358,132,12,17,0.35,7,-1,-1
447,-1,358,132,12,17,0.35,7,-1,-1
448,-1,358,130,12,18,0.37,7,-1,-1
449,-1,357,130,12,16,0.57,7,-1,-1
450,-1,357,130,12,17,0.59,7,-1,-1
451,-1,357,130,12,17,0.61,7,-1,-1
452,-1,357,130,12,16,0.56,7,-1,-1
452,-1,324,147,10,10,0.26,2,-1,-1
453,-1,357,130,12,16,0.60,7,-1,-1
453,-1,324,148,9,10,0.20,2,-1,-1
454,-1,324,148,10,10,0.33,2,-1,-1
454,-1,357,130,12,16,0.21,7,-1,-1
455,-1,357,130,12,16,0.22,7,-1,-1
456,-1,323,150,10,10,0.35,2,-1,-1
456,-1,356,132,10,14,0.12,2,-1,-1
457,-1,324,149,10,11,0.72,2,-1,-1
457,-1,356,130,10,15,0.19,2,-1,-1
458,-1,323,149,11,11,0.69,2,-1,-1
458,-1,356,130,10,15,0.25,2,-1,-1
459,-1,322,150,11,11,0.64,2,-1,-1
459,-1,356,129,11,16,0.32,7,-1,-1
460,-1,322,151,11,10,0.69,2,-1,-1
460,-1,356,129,11,16,0.31,7,-1,-1
461,-1,322,152,11,11,0.59,2,-1,-1
461,-1,356,129,11,16,0.26,7,-1,-1
462,-1,321,152,12,12,0.79,2,-1,-1
462,-1,356,129,11,16,0.25,7,-1,-1
463,-1,322,152,11,12,0.76,2,-1,-1
463,-1,356,128,11,16,0.25,7,-1,-1
464,-1,322,153,11,12,0.66,2,-1,-1
464,-1,356,128,11,16,0.27,7,-1,-1
465,-1,322,153,11,12,0.75,2,-1,-1
465,-1,356,128,11,16,0.25,7,-1,-1
466,-1,322,154,11,12,0.64,2,-1,-1
466,-1,356,127,11,16,0.41,7,-1,-1
467,-1,320,154,11,12,0.75,2,-1,-1
467,-1,356,127,11,16,0.38,7,-1,-1
468,-1,320,155,12,12,0.81,2,-1,-1
468,-1,355,127,10,16,0.48,7,-1,-1
469,-1,320,156,12,12,0.72,2,-1,-1
469,-1,355,127,11,15,0.50,7,-1,-1
470,-1,320,157,12,12,0.80,2,-1,-1
470,-1,355,127,11,15,0.52,7,-1,-1
470,-1,342,116,10,14,0.20,7,-1,-1
471,-1,320,158,12,12,0.82,2,-1,-1
471,-1,355,126,11,16,0.49,7,-1,-1
471,-1,342,116,10,14,0.19,7,-1,-1
472,-1,320,159,12,12,0.80,2,-1,-1
472,-1,354,126,11,15,0.43,7,-1,-1
473,-1,320,159,12,13,0.80,2,-1,-1
473,-1,355,127,10,14,0.41,7,-1,-1
474,-1,319,160,13,13,0.80,2,-1,-1
474,-1,355,126,10,15,0.30,7,-1,-1
475,-1,319,161,13,12,0.80,2,-1,-1
475,-1,355,126,10,15,0.21,7,-1,-1
476,-1,318,161,14,14,0.81,2,-1,-1
476,-1,354,127,11,14,0.17,7,-1,-1
477,-1,318,161,13,14,0.82,2,-1,-1
477,-1,354,127,10,14,0.12,2,-1,-1
478,-1,318,162,13,14,0.81,2,-1,-1
478,-1,354,127,10,14,0.12,7,-1,-1
479,-1,318,163,13,14,0.84,2,-1,-1
479,-1,354,127,10,14,0.13,7,-1,-1
480,-1,317,165,14,14,0.84,2,-1,-1
480,-1,354,127,10,14,0.12,7,-1,-1
481,-1,317,165,14,14,0.86,2,-1,-1
481,-1,354,127,10,14,0.13,7,-1,-1
482,-1,316,167,15,14,0.83,2,-1,-1
482,-1,354,126,10,14,0.14,7,-1,-1
483,-1,316,168,14,14,0.85,2,-1,-1
483,-1,354,126,10,14,0.13,7,-1,-1
484,-1,316,169,14,14,0.84,2,-1,-1
484,-1,355,126,9,14,0.12,7,-1,-1
485,-1,316,170,15,14,0.84,2,-1,-1
485,-1,355,126,9,14,0.19,7,-1,-1
486,-1,315,170,15,16,0.84,2,-1,-1
487,-1,314,172,14,14,0.86,2,-1,-1
488,-1,314,173,15,15,0.86,2,-1,-1
488,-1,355,125,8,12,0.11,2,-1,-1
489,-1,314,174,15,16,0.85,2,-1,-1
489,-1,354,125,9,12,0.10,2,-1,-1
490,-1,314,176,16,16,0.83,2,-1,-1
491,-1,312,176,16,16,0.83,2,-1,-1
491,-1,310,146,11,13,0.60,2,-1,-1
492,-1,312,178,16,16,0.84,2,-1,-1
492,-1,310,146,11,13,0.60,2,-1,-1
493,-1,312,179,17,18,0.83,2,-1,-1
493,-1,310,146,11,13,0.60,2,-1,-1
494,-1,312,182,16,16,0.84,2,-1,-1
494,-1,308,146,12,16,0.61,2,-1,-1
495,-1,312,183,16,16,0.84,2,-1,-1
495,-1,308,146,12,15,0.64,2,-1,-1
495,-1,455,519,95,20,0.30,2,-1,-1
496,-1,454,480,88,60,0.89,2,-1,-1
496,-1,311,184,16,18,0.85,2,-1,-1
496,-1,308,146,12,16,0.64,2,-1,-1
497,-1,447,457,86,82,0.91,2,-1,-1
497,-1,310,185,16,18,0.85,2,-1,-1
497,-1,308,146,12,17,0.34,2,-1,-1
498,-1,438,425,72,80,0.92,2,-1,-1
498,-1,310,188,17,17,0.87,2,-1,-1
498,-1,307,148,12,16,0.76,2,-1,-1
499,-1,433,407,67,74,0.91,2,-1,-1
499,-1,310,189,16,18,0.86,2,-1,-1
499,-1,307,150,12,14,0.78,2,-1,-1
500,-1,426,381,61,68,0.92,2,-1,-1
500,-1,309,191,18,18,0.86,2,-1,-1
500,-1,307,151,12,14,0.59,2,-1,-1
501,-1,422,368,57,63,0.92,2,-1,-1
501,-1,308,192,18,19,0.87,2,-1,-1
501,-1,306,152,13,14,0.40,2,-1,-1
502,-1,416,348,52,58,0.92,2,-1,-1
502,-1,307,195,19,20,0.83,2,-1,-1
502,-1,305,152,12,13,0.65,2,-1,-1
503,-1,412,336,50,56,0.91,2,-1,-1
503,-1,306,197,19,20,0.85,2,-1,-1
503,-1,305,152,13,16,0.72,2,-1,-1
504,-1,407,320,47,52,0.91,2,-1,-1
504,-1,306,200,18,20,0.86,2,-1,-1
504,-1,305,152,13,15,0.52,2,-1,-1
505,-1,404,312,45,49,0.91,2,-1,-1
505,-1,305,202,19,20,0.85,2,-1,-1
505,-1,305,154,12,13,0.72,2,-1,-1
506,-1,400,300,43,46,0.91,2,-1,-1
506,-1,304,205,20,20,0.87,2,-1,-1
506,-1,304,154,13,15,0.71,2,-1,-1
507,-1,397,292,40,44,0.90,2,-1,-1
507,-1,303,206,20,22,0.87,2,-1,-1
507,-1,304,154,13,16,0.28,2,-1,-1
508,-1,394,282,37,41,0.90,2,-1,-1
508,-1,302,211,20,21,0.87,2,-1,-1
508,-1,304,155,13,16,0.73,2,-1,-1
509,-1,392,276,37,39,0.91,2,-1,-1
509,-1,300,212,20,23,0.88,2,-1,-1
509,-1,304,156,12,15,0.81,2,-1,-1
510,-1,388,267,37,37,0.91,2,-1,-1
510,-1,299,216,21,24,0.86,2,-1,-1
510,-1,303,156,13,16,0.65,2,-1,-1
510,-1,324,120,10,14,0.30,7,-1,-1
511,-1,386,260,35,38,0.89,2,-1,-1
511,-1,298,219,22,24,0.87,2,-1,-1
511,-1,303,155,13,17,0.44,2,-1,-1
511,-1,324,120,10,14,0.28,7,-1,-1
512,-1,383,254,33,35,0.89,2,-1,-1
512,-1,296,223,23,26,0.87,2,-1,-1
512,-1,302,156,13,17,0.68,2,-1,-1
512,-1,324,120,10,14,0.27,7,-1,-1
513,-1,382,251,32,32,0.90,2,-1,-1
513,-1,294,226,23,26,0.88,2,-1,-1
513,-1,302,158,12,16,0.79,2,-1,-1
513,-1,323,120,11,14,0.22,7,-1,-1
514,-1,380,244,31,31,0.90,2,-1,-1
514,-1,292,231,24,26,0.89,2,-1,-1
514,-1,302,158,14,17,0.66,2,-1,-1
514,-1,322,120,12,16,0.45,7,-1,-1
515,-1,290,234,26,28,0.89,2,-1,-1
515,-1,379,240,30,30,0.88,2,-1,-1
515,-1,302,160,12,14,0.77,2,-1,-1
515,-1,322,120,11,16,0.50,7,-1,-1
516,-1,377,234,28,30,0.89,2,-1,-1
516,-1,287,239,27,30,0.89,2,-1,-1
516,-1,301,161,13,14,0.82,2,-1,-1
516,-1,322,120,11,16,0.53,7,-1,-1
517,-1,286,244,28,30,0.90,2,-1,-1
517,-1,376,232,26,28,0.88,2,-1,-1
517,-1,300,161,13,16,0.77,2,-1,-1
517,-1,322,120,11,16,0.64,7,-1,-1
518,-1,282,248,28,33,0.90,2,-1,-1
518,-1,375,225,27,28,0.88,2,-1,-1
518,-1,301,163,12,14,0.84,2,-1,-1
518,-1,322,120,11,16,0.62,7,-1,-1
519,-1,280,254,29,34,0.90,2,-1,-1
519,-1,374,223,27,26,0.88,2,-1,-1
519,-1,300,163,13,15,0.84,2,-1,-1
519,-1,320,121,12,16,0.70,7,-1,-1
520,-1,276,262,32,35,0.90,2,-1,-1
520,-1,373,218,25,26,0.89,2,-1,-1
520,-1,300,164,13,16,0.80,2,-1,-1
520,-1,320,121,12,16,0.74,7,-1,-1
521,-1,273,267,32,38,0.90,2,-1,-1
521,-1,372,216,23,24,0.89,2,-1,-1
521,-1,300,164,13,16,0.83,2,-1,-1
521,-1,320,121,12,16,0.74,7,-1,-1
522,-1,268,276,33,40,0.91,2,-1,-1
522,-1,370,212,24,24,0.89,2,-1,-1
522,-1,320,121,12,17,0.77,7,-1,-1
522,-1,298,164,14,17,0.43,7,-1,-1
523,-1,264,282,35,42,0.90,2,-1,-1
523,-1,370,210,23,24,0.86,2,-1,-1
523,-1,320,121,12,17,0.77,7,-1,-1
523,-1,298,166,14,16,0.77,2,-1,-1
524,-1,258,293,37,44,0.90,2,-1,-1
524,-1,369,207,22,22,0.87,2,-1,-1
524,-1,319,122,12,17,0.80,7,-1,-1
524,-1,298,168,13,16,0.74,2,-1,-1
525,-1,246,314,42,51,0.90,2,-1,-1
525,-1,368,202,21,21,0.86,2,-1,-1
525,-1,318,122,12,18,0.81,7,-1,-1
525,-1,296,169,13,16,0.79,2,-1,-1
526,-1,246,314,42,51,0.90,2,-1,-1
526,-1,368,202,21,21,0.86,2,-1,-1
526,-1,318,122,12,18,0.80,7,-1,-1
526,-1,296,169,13,16,0.79,2,-1,-1
527,-1,241,324,44,54,0.90,2,-1,-1
527,-1,368,200,21,21,0.87,2,-1,-1
527,-1,296,170,13,16,0.85,2,-1,-1
527,-1,318,121,13,18,0.80,7,-1,-1
528,-1,231,339,49,60,0.91,2,-1,-1
528,-1,366,197,20,20,0.88,2,-1,-1
528,-1,295,172,13,16,0.82,2,-1,-1
528,-1,318,121,12,18,0.79,7,-1,-1
529,-1,224,352,52,64,0.92,2,-1,-1
529,-1,366,195,20,20,0.87,2,-1,-1
529,-1,295,172,13,16,0.86,2,-1,-1
529,-1,318,121,12,18,0.78,7,-1,-1
530,-1,211,372,56,72,0.92,2,-1,-1
530,-1,365,192,18,20,0.87,2,-1,-1
530,-1,294,174,14,16,0.86,2,-1,-1
530,-1,318,122,12,17,0.77,7,-1,-1
531,-1,201,390,62,76,0.92,2,-1,-1
531,-1,293,174,14,18,0.86,2,-1,-1
531,-1,364,192,18,18,0.85,2,-1,-1
531,-1,318,123,12,16,0.79,7,-1,-1
532,-1,184,417,68,88,0.92,2,-1,-1
532,-1,364,189,18,18,0.87,2,-1,-1
532,-1,292,175,15,18,0.86,2,-1,-1
532,-1,318,123,12,16,0.79,7,-1,-1
533,-1,171,440,74,96,0.93,2,-1,-1
533,-1,364,188,17,18,0.87,2,-1,-1
533,-1,291,176,15,18,0.86,2,-1,-1
533,-1,318,123,12,16,0.77,7,-1,-1
534,-1,152,478,79,62,0.89,2,-1,-1
534,-1,362,186,18,18,0.86,2,-1,-1
534,-1,290,178,15,18,0.84,2,-1,-1
534,-1,318,123,12,16,0.76,7,-1,-1
535,-1,150,509,64,30,0.88,2,-1,-1
535,-1,362,184,17,18,0.86,2,-1,-1
535,-1,290,179,15,18,0.85,2,-1,-1
535,-1,316,123,12,16,0.75,7,-1,-1
536,-1,362,183,17,17,0.84,2,-1,-1
536,-1,290,180,14,17,0.84,2,-1,-1
536,-1,317,123,12,16,0.77,7,-1,-1
537,-1,288,180,16,20,0.85,2,-1,-1
537,-1,362,182,18,16,0.84,2,-1,-1
537,-1,317,124,12,16,0.81,7,-1,-1
538,-1,287,182,16,20,0.86,2,-1,-1
538,-1,360,180,18,17,0.85,2,-1,-1
538,-1,316,124,12,16,0.78,7,-1,-1
539,-1,287,183,16,20,0.86,2,-1,-1
539,-1,360,180,18,16,0.85,2,-1,-1
539,-1,316,124,12,18,0.80,7,-1,-1
540,-1,286,185,15,20,0.83,2,-1,-1
540,-1,360,178,18,16,0.82,2,-1,-1
540,-1,315,124,12,17,0.79,7,-1,-1
541,-1,286,188,16,19,0.86,2,-1,-1
541,-1,360,176,17,16,0.83,2,-1,-1
541,-1,315,124,12,17,0.79,7,-1,-1
542,-1,285,189,15,20,0.87,2,-1,-1
542,-1,359,174,16,16,0.84,2,-1,-1
542,-1,314,125,12,17,0.76,7,-1,-1
543,-1,284,190,17,20,0.86,2,-1,-1
543,-1,358,174,16,14,0.85,2,-1,-1
543,-1,315,126,12,16,0.74,7,-1,-1
544,-1,282,192,17,21,0.86,2,-1,-1
544,-1,358,173,15,14,0.85,2,-1,-1
544,-1,314,126,12,16,0.74,7,-1,-1
545,-1,282,194,17,21,0.86,2,-1,-1
545,-1,358,172,15,14,0.82,2,-1,-1
545,-1,314,126,12,16,0.74,7,-1,-1
546,-1,280,196,18,22,0.88,2,-1,-1
546,-1,358,172,14,12,0.82,2,-1,-1
546,-1,314,126,13,16,0.73,7,-1,-1
547,-1,279,198,18,21,0.87,2,-1,-1
547,-1,357,171,15,12,0.81,2,-1,-1
547,-1,314,126,13,16,0.73,7,-1,-1
548,-1,277,200,19,22,0.87,2,-1,-1
548,-1,357,166,14,15,0.85,2,-1,-1
548,-1,313,126,13,16,0.65,7,-1,-1
549,-1,276,202,19,23,0.86,2,-1,-1
549,-1,357,167,14,14,0.85,2,-1,-1
549,-1,313,126,12,15,0.65,7,-1,-1
550,-1,274,203,18,24,0.88,2,-1,-1
550,-1,357,165,13,14,0.86,2,-1,-1
550,-1,313,126,12,15,0.65,7,-1,-1
551,-1,274,206,19,24,0.86,2,-1,-1
551,-1,356,165,14,14,0.85,2,-1,-1
551,-1,313,127,12,14,0.65,7,-1,-1
552,-1,272,208,19,26,0.88,2,-1,-1
552,-1,356,163,13,14,0.83,2,-1,-1
552,-1,312,127,12,16,0.67,7,-1,-1
553,-1,270,211,20,25,0.88,2,-1,-1
553,-1,356,163,13,13,0.81,2,-1,-1
553,-1,312,128,12,14,0.64,7,-1,-1
554,-1,268,214,20,26,0.88,2,-1,-1
554,-1,356,163,13,12,0.80,2,-1,-1
554,-1,312,128,12,14,0.62,7,-1,-1
555,-1,266,216,21,26,0.87,2,-1,-1
555,-1,355,161,13,13,0.79,2,-1,-1
555,-1,312,128,12,14,0.60,7,-1,-1
556,-1,264,220,22,28,0.88,2,-1,-1
556,-1,355,160,12,13,0.80,2,-1,-1
556,-1,312,128,12,15,0.60,7,-1,-1
557,-1,262,222,22,28,0.89,2,-1,-1
557,-1,355,160,12,12,0.79,2,-1,-1
557,-1,310,128,13,14,0.65,7,-1,-1
558,-1,260,226,23,30,0.90,2,-1,-1
558,-1,353,159,14,12,0.81,2,-1,-1
558,-1,311,128,12,14,0.66,7,-1,-1
559,-1,257,229,24,30,0.89,2,-1,-1
559,-1,353,158,13,12,0.79,2,-1,-1
559,-1,310,128,13,14,0.67,7,-1,-1
560,-1,255,233,24,32,0.89,2,-1,-1
560,-1,354,156,12,14,0.77,2,-1,-1
560,-1,310,128,13,16,0.64,7,-1,-1
561,-1,252,236,24,32,0.90,2,-1,-1
561,-1,354,156,12,13,0.79,2,-1,-1
561,-1,310,128,13,16,0.64,7,-1,-1
562,-1,248,241,26,34,0.89,2,-1,-1
562,-1,354,156,12,12,0.78,2,-1,-1
562,-1,310,129,13,16,0.68,7,-1,-1
563,-1,246,245,26,35,0.89,2,-1,-1
563,-1,352,155,12,12,0.78,2,-1,-1
563,-1,310,129,13,20,0.77,7,-1,-1
564,-1,242,251,28,36,0.90,2,-1,-1
564,-1,310,129,14,20,0.77,7,-1,-1
564,-1,352,155,11,11,0.75,2,-1,-1
565,-1,240,255,28,38,0.89,2,-1,-1
565,-1,352,153,11,12,0.79,2,-1,-1
565,-1,310,129,14,20,0.77,7,-1,-1
566,-1,234,261,30,40,0.90,2,-1,-1
566,-1,352,153,12,12,0.78,2,-1,-1
566,-1,309,129,14,20,0.78,7,-1,-1
567,-1,231,265,31,42,0.90,2,-1,-1
567,-1,309,130,14,20,0.77,7,-1,-1
567,-1,352,152,12,12,0.76,2,-1,-1
568,-1,225,274,34,43,0.90,2,-1,-1
568,-1,352,153,11,10,0.81,2,-1,-1
568,-1,309,130,14,20,0.77,7,-1,-1
569,-1,222,278,33,46,0.90,2,-1,-1
569,-1,352,152,10,10,0.79,2,-1,-1
569,-1,309,129,14,20,0.75,7,-1,-1
570,-1,216,288,36,48,0.90,2,-1,-1
570,-1,351,150,10,11,0.75,2,-1,-1
570,-1,308,130,14,18,0.74,7,-1,-1
571,-1,212,293,36,52,0.90,2,-1,-1
571,-1,352,150,10,10,0.76,2,-1,-1
571,-1,308,130,14,18,0.74,7,-1,-1
572,-1,204,304,40,55,0.90,2,-1,-1
572,-1,351,149,10,11,0.75,2,-1,-1
572,-1,308,130,14,18,0.73,7,-1,-1
573,-1,197,312,42,58,0.89,2,-1,-1
573,-1,351,149,10,10,0.77,2,-1,-1
573,-1,308,130,14,18,0.73,7,-1,-1
574,-1,188,324,45,61,0.90,2,-1,-1
574,-1,351,148,10,10,0.77,2,-1,-1
574,-1,308,130,14,17,0.71,7,-1,-1
575,-1,182,332,48,65,0.91,2,-1,-1
575,-1,308,130,14,17,0.71,7,-1,-1
575,-1,351,148,10,10,0.64,2,-1,-1
576,-1,170,347,52,72,0.92,2,-1,-1
576,-1,308,130,14,17,0.70,7,-1,-1
576,-1,351,148,10,10,0.64,2,-1,-1
577,-1,162,360,52,75,0.92,2,-1,-1
577,-1,308,131,14,17,0.70,7,-1,-1
577,-1,351,147,10,10,0.63,2,-1,-1
578,-1,148,379,58,83,0.92,2,-1,-1
578,-1,308,132,14,18,0.72,7,-1,-1
578,-1,351,146,9,10,0.58,2,-1,-1
579,-1,137,393,62,90,0.92,2,-1,-1
579,-1,307,132,14,18,0.73,7,-1,-1
579,-1,352,146,9,10,0.52,2,-1,-1
580,-1,125,409,67,98,0.93,2,-1,-1
580,-1,307,132,14,18,0.74,7,-1,-1
580,-1,350,145,10,10,0.65,2,-1,-1
581,-1,112,427,70,104,0.93,2,-1,-1
581,-1,307,132,15,18,0.69,7,-1,-1
581,-1,351,145,9,10,0.58,2,-1,-1
582,-1,87,459,81,80,0.91,2,-1,-1
582,-1,350,145,9,9,0.65,2,-1,-1
582,-1,306,132,15,19,0.64,7,-1,-1
583,-1,74,482,84,56,0.88,2,-1,-1
583,-1,350,144,9,10,0.65,2,-1,-1
583,-1,306,132,16,20,0.60,7,-1,-1
584,-1,306,133,16,24,0.65,7,-1,-1
584,-1,350,144,9,10,0.46,2,-1,-1
585,-1,306,133,16,24,0.67,7,-1,-1
585,-1,350,143,9,10,0.54,2,-1,-1
586,-1,306,134,16,24,0.79,7,-1,-1
586,-1,350,142,9,9,0.67,2,-1,-1
587,-1,305,134,17,24,0.82,7,-1,-1
587,-1,350,142,8,10,0.66,2,-1,-1
588,-1,305,134,17,25,0.83,7,-1,-1
588,-1,350,141,8,10,0.59,2,-1,-1
589,-1,306,135,17,24,0.84,7,-1,-1
589,-1,350,140,9,10,0.68,2,-1,-1
590,-1,306,135,17,24,0.84,7,-1,-1
590,-1,350,140,8,9,0.41,2,-1,-1
591,-1,305,135,18,24,0.83,7,-1,-1
591,-1,350,140,8,9,0.46,2,-1,-1
592,-1,305,135,18,25,0.82,7,-1,-1
592,-1,350,140,8,9,0.41,2,-1,-1
593,-1,304,135,18,26,0.80,7,-1,-1
593,-1,349,139,8,9,0.26,2,-1,-1
594,-1,304,136,18,26,0.80,7,-1,-1
594,-1,350,139,8,8,0.19,2,-1,-1
595,-1,304,136,17,26,0.81,7,-1,-1
595,-1,350,139,8,8,0.18,2,-1,-1
596,-1,304,137,17,26,0.80,7,-1,-1
596,-1,350,139,8,8,0.10,2,-1,-1
596,-1,324,148,11,12,0.10,2,-1,-1
597,-1,304,138,17,26,0.80,7,-1,-1
597,-1,324,148,11,13,0.20,2,-1,-1
598,-1,304,138,17,26,0.80,7,-1,-1
598,-1,324,148,11,13,0.20,2,-1,-1
599,-1,303,138,18,26,0.82,7,-1,-1
599,-1,324,147,11,14,0.13,2,-1,-1
600,-1,302,139,18,26,0.82,7,-1,-1
600,-1,324,148,12,14,0.12,2,-1,-1
601,-1,302,139,17,26,0.82,7,-1,-1
602,-1,302,138,17,27,0.73,7,-1,-1
603,-1,302,138,17,27,0.71,7,-1,-1
604,-1,302,138,18,28,0.77,7,-1,-1
604,-1,324,149,12,14,0.15,2,-1,-1
605,-1,302,138,18,28,0.77,7,-1,-1
605,-1,324,149,12,14,0.14,2,-1,-1
606,-1,303,139,17,28,0.68,7,-1,-1
607,-1,303,139,17,28,0.67,7,-1,-1
608,-1,302,140,17,28,0.71,7,-1,-1
609,-1,301,140,18,30,0.79,7,-1,-1
610,-1,300,141,18,30,0.84,7,-1,-1
611,-1,300,142,18,30,0.84,7,-1,-1
611,-1,352,134,7,8,0.14,2,-1,-1
612,-1,300,142,19,30,0.84,7,-1,-1
613,-1,298,142,19,30,0.83,7,-1,-1
614,-1,298,142,20,31,0.85,7,-1,-1
614,-1,352,132,7,8,0.13,2,-1,-1
615,-1,298,143,20,32,0.84,7,-1,-1
615,-1,352,132,8,8,0.12,2,-1,-1
616,-1,298,143,20,32,0.85,7,-1,-1
617,-1,296,144,20,32,0.87,7,-1,-1
618,-1,296,143,21,34,0.87,7,-1,-1
619,-1,296,144,21,34,0.86,7,-1,-1
620,-1,296,144,21,34,0.86,7,-1,-1
621,-1,296,144,21,34,0.86,7,-1,-1
622,-1,295,144,21,34,0.86,7,-1,-1
623,-1,294,145,21,34,0.85,7,-1,-1
624,-1,294,145,21,34,0.86,7,-1,-1
625,-1,293,145,22,36,0.86,7,-1,-1
626,-1,292,146,22,36,0.88,7,-1,-1
627,-1,292,146,22,36,0.88,7,-1,-1
628,-1,291,148,23,36,0.87,7,-1,-1
629,-1,291,148,23,36,0.88,7,-1,-1
630,-1,290,148,24,38,0.88,7,-1,-1
631,-1,290,148,24,38,0.88,7,-1,-1
632,-1,290,149,24,38,0.88,7,-1,-1
633,-1,288,150,24,38,0.87,7,-1,-1
634,-1,288,150,24,38,0.87,7,-1,-1
635,-1,288,150,24,38,0.87,7,-1,-1
636,-1,287,151,24,39,0.87,7,-1,-1
637,-1,287,151,24,40,0.87,7,-1,-1
638,-1,286,152,25,40,0.87,7,-1,-1
639,-1,286,153,25,40,0.89,7,-1,-1
640,-1,284,153,26,42,0.89,7,-1,-1
641,-1,284,153,26,42,0.90,7,-1,-1
642,-1,284,154,27,43,0.90,7,-1,-1
643,-1,282,154,27,44,0.90,7,-1,-1
643,-1,588,456,51,84,0.81,7,-1,-1
644,-1,282,155,27,44,0.90,7,-1,-1
644,-1,567,420,72,120,0.90,7,-1,-1
645,-1,557,403,83,136,0.92,7,-1,-1
645,-1,282,156,28,44,0.90,7,-1,-1
646,-1,541,382,98,156,0.92,7,-1,-1
646,-1,282,156,28,46,0.90,7,-1,-1
647,-1,532,367,106,172,0.93,7,-1,-1
647,-1,281,157,28,46,0.90,7,-1,-1
648,-1,520,348,118,190,0.92,7,-1,-1
648,-1,280,157,28,47,0.90,7,-1,-1
649,-1,512,339,126,200,0.93,7,-1,-1
649,-1,280,157,30,48,0.90,7,-1,-1
650,-1,502,324,137,214,0.93,7,-1,-1
650,-1,278,158,30,48,0.90,7,-1,-1
651,-1,495,315,142,223,0.92,7,-1,-1
651,-1,278,158,29,48,0.90,7,-1,-1
651,-1,324,148,10,10,0.16,2,-1,-1
652,-1,488,304,151,234,0.94,7,-1,-1
652,-1,276,160,31,50,0.91,7,-1,-1
652,-1,324,148,10,10,0.16,2,-1,-1
653,-1,482,296,156,242,0.94,7,-1,-1
653,-1,276,160,31,51,0.91,7,-1,-1
653,-1,324,148,10,10,0.16,2,-1,-1
654,-1,476,288,162,248,0.93,7,-1,-1
654,-1,274,161,32,52,0.90,7,-1,-1
654,-1,324,149,10,10,0.23,2,-1,-1
655,-1,472,280,165,236,0.93,7,-1,-1
655,-1,273,161,33,53,0.90,7,-1,-1
655,-1,324,148,11,12,0.47,2,-1,-1
656,-1,464,272,168,216,0.92,7,-1,-1
656,-1,272,162,33,54,0.91,7,-1,-1
656,-1,324,150,10,10,0.48,2,-1,-1
657,-1,460,268,155,203,0.92,7,-1,-1
657,-1,272,163,33,54,0.91,7,-1,-1
657,-1,324,152,10,11,0.63,2,-1,-1
658,-1,454,260,146,188,0.92,7,-1,-1
658,-1,270,164,34,55,0.91,7,-1,-1
658,-1,324,152,10,11,0.62,2,-1,-1
659,-1,451,257,139,178,0.93,7,-1,-1
659,-1,270,165,34,56,0.91,7,-1,-1
659,-1,324,152,10,11,0.63,2,-1,-1
660,-1,448,247,128,168,0.94,7,-1,-1
660,-1,268,166,35,58,0.91,7,-1,-1
660,-1,324,153,10,11,0.68,2,-1,-1
661,-1,446,244,121,160,0.93,7,-1,-1
661,-1,268,167,35,58,0.91,7,-1,-1
661,-1,323,153,10,11,0.64,2,-1,-1
662,-1,440,240,114,148,0.93,7,-1,-1
662,-1,266,168,37,60,0.90,7,-1,-1
662,-1,323,154,10,11,0.70,2,-1,-1
663,-1,438,236,110,142,0.93,7,-1,-1
663,-1,264,169,37,60,0.90,7,-1,-1
663,-1,323,153,10,12,0.72,2,-1,-1
664,-1,433,232,103,133,0.94,7,-1,-1
664,-1,263,170,38,62,0.90,7,-1,-1
664,-1,323,154,10,12,0.68,2,-1,-1
665,-1,430,230,100,128,0.93,7,-1,-1
665,-1,262,170,39,63,0.90,7,-1,-1
665,-1,322,154,11,13,0.74,2,-1,-1
666,-1,426,226,94,120,0.93,7,-1,-1
666,-1,260,172,40,64,0.92,7,-1,-1
666,-1,322,154,11,14,0.74,2,-1,-1
667,-1,426,224,90,114,0.93,7,-1,-1
667,-1,260,172,40,66,0.91,7,-1,-1
667,-1,322,155,11,13,0.74,2,-1,-1
668,-1,422,219,85,110,0.93,7,-1,-1
668,-1,257,174,42,68,0.90,7,-1,-1
668,-1,323,156,11,13,0.76,2,-1,-1
669,-1,420,216,82,107,0.93,7,-1,-1
669,-1,256,174,43,70,0.90,7,-1,-1
669,-1,324,158,10,12,0.76,2,-1,-1
670,-1,418,214,79,100,0.92,7,-1,-1
670,-1,253,176,44,71,0.91,7,-1,-1
670,-1,322,158,12,14,0.80,2,-1,-1
671,-1,417,209,76,100,0.92,7,-1,-1
671,-1,252,177,45,72,0.91,7,-1,-1
671,-1,322,159,12,12,0.79,2,-1,-1
672,-1,416,208,72,93,0.92,7,-1,-1
672,-1,250,179,46,74,0.90,7,-1,-1
672,-1,322,160,12,12,0.78,2,-1,-1
673,-1,414,207,70,90,0.92,7,-1,-1
673,-1,248,179,47,76,0.90,7,-1,-1
673,-1,322,160,12,14,0.76,2,-1,-1
674,-1,412,204,67,85,0.92,7,-1,-1
674,-1,246,181,49,79,0.91,7,-1,-1
674,-1,322,162,12,13,0.77,2,-1,-1
675,-1,410,200,66,85,0.92,7,-1,-1
675,-1,244,182,50,81,0.92,7,-1,-1
675,-1,322,162,12,13,0.77,2,-1,-1
676,-1,242,184,50,83,0.92,7,-1,-1
676,-1,408,200,64,80,0.92,7,-1,-1
676,-1,322,164,12,13,0.75,2,-1,-1
677,-1,240,185,51,84,0.92,7,-1,-1
677,-1,407,198,62,78,0.92,7,-1,-1
677,-1,321,164,13,14,0.80,2,-1,-1
678,-1,237,187,53,88,0.91,7,-1,-1
678,-1,406,195,59,76,0.91,7,-1,-1
678,-1,321,166,13,13,0.80,2,-1,-1
679,-1,234,188,55,90,0.91,7,-1,-1
679,-1,405,195,57,72,0.91,7,-1,-1
679,-1,320,166,13,14,0.83,2,-1,-1
680,-1,404,192,55,70,0.92,7,-1,-1
680,-1,231,191,56,92,0.91,7,-1,-1
680,-1,320,167,14,14,0.83,2,-1,-1
681,-1,230,193,58,94,0.92,7,-1,-1
681,-1,402,192,54,67,0.91,7,-1,-1
681,-1,320,168,14,14,0.83,2,-1,-1
682,-1,225,194,62,100,0.92,7,-1,-1
682,-1,400,188,52,67,0.91,7,-1,-1
682,-1,320,169,14,14,0.79,2,-1,-1
683,-1,223,196,62,102,0.92,7,-1,-1
683,-1,400,186,51,67,0.91,7,-1,-1
683,-1,320,170,14,14,0.83,2,-1,-1
684,-1,219,198,64,106,0.92,7,-1,-1
684,-1,398,186,49,62,0.91,7,-1,-1
684,-1,320,171,14,14,0.83,2,-1,-1
685,-1,217,200,65,108,0.92,7,-1,-1
685,-1,397,185,49,60,0.92,7,-1,-1
685,-1,318,172,14,14,0.85,2,-1,-1
686,-1,212,201,68,115,0.92,7,-1,-1
686,-1,396,184,47,58,0.90,7,-1,-1
686,-1,318,174,15,15,0.85,2,-1,-1
687,-1,209,204,70,117,0.92,7,-1,-1
687,-1,396,184,45,56,0.90,7,-1,-1
687,-1,318,173,15,16,0.85,2,-1,-1
688,-1,204,208,73,122,0.93,7,-1,-1
688,-1,394,182,45,54,0.91,7,-1,-1
688,-1,318,176,15,15,0.83,2,-1,-1
689,-1,200,209,76,127,0.92,7,-1,-1
689,-1,393,180,44,54,0.91,7,-1,-1
689,-1,316,176,16,16,0.79,2,-1,-1
690,-1,195,212,78,134,0.92,7,-1,-1
690,-1,392,178,42,52,0.89,7,-1,-1
690,-1,316,178,16,16,0.79,2,-1,-1
691,-1,190,215,81,138,0.93,7,-1,-1
691,-1,391,178,41,50,0.90,7,-1,-1
691,-1,316,179,16,16,0.79,2,-1,-1
692,-1,184,219,85,144,0.92,7,-1,-1
692,-1,390,176,40,50,0.90,7,-1,-1
692,-1,315,180,17,18,0.82,2,-1,-1
693,-1,179,221,88,150,0.92,7,-1,-1
693,-1,390,176,39,48,0.90,7,-1,-1
693,-1,314,179,17,20,0.83,2,-1,-1
694,-1,172,225,92,158,0.94,7,-1,-1
694,-1,388,176,39,46,0.89,7,-1,-1
694,-1,315,184,16,16,0.84,2,-1,-1
695,-1,167,228,94,165,0.93,7,-1,-1
695,-1,388,176,38,44,0.89,7,-1,-1
695,-1,313,183,18,19,0.83,2,-1,-1
696,-1,158,232,101,174,0.92,7,-1,-1
696,-1,387,174,36,44,0.89,7,-1,-1
696,-1,313,184,18,20,0.84,2,-1,-1
697,-1,152,236,106,182,0.92,7,-1,-1
697,-1,386,172,37,44,0.89,7,-1,-1
697,-1,312,188,18,18,0.84,2,-1,-1
698,-1,143,240,112,195,0.92,7,-1,-1
698,-1,386,171,35,43,0.89,7,-1,-1
698,-1,312,190,18,17,0.84,2,-1,-1
699,-1,135,244,118,204,0.92,7,-1,-1
699,-1,385,171,35,42,0.89,7,-1,-1
699,-1,312,191,18,18,0.85,2,-1,-1
700,-1,123,248,128,222,0.94,7,-1,-1
700,-1,384,169,34,42,0.89,7,-1,-1
700,-1,310,194,19,18,0.85,2,-1,-1
701,-1,115,252,134,234,0.94,7,-1,-1
701,-1,384,170,34,39,0.88,7,-1,-1
701,-1,309,196,19,18,0.84,2,-1,-1
702,-1,100,257,146,256,0.95,7,-1,-1
702,-1,383,168,33,39,0.88,7,-1,-1
702,-1,308,197,19,20,0.83,2,-1,-1
703,-1,85,263,161,267,0.94,7,-1,-1
703,-1,382,166,32,40,0.88,7,-1,-1
703,-1,308,198,20,20,0.84,2,-1,-1
704,-1,68,270,174,267,0.94,7,-1,-1
704,-1,382,166,31,38,0.89,7,-1,-1
704,-1,308,202,20,20,0.82,2,-1,-1
705,-1,57,275,182,262,0.93,7,-1,-1
705,-1,382,166,31,37,0.88,7,-1,-1
705,-1,307,203,22,20,0.84,2,-1,-1
706,-1,40,285,193,251,0.92,7,-1,-1
706,-1,380,165,30,37,0.88,7,-1,-1
706,-1,306,206,20,21,0.84,2,-1,-1
707,-1,28,291,202,241,0.93,7,-1,-1
707,-1,380,164,30,37,0.88,7,-1,-1
707,-1,305,210,21,20,0.82,2,-1,-1
708,-1,6,300,213,240,0.93,7,-1,-1
708,-1,380,163,29,36,0.88,7,-1,-1
708,-1,304,212,22,22,0.85,2,-1,-1
709,-1,6,310,210,228,0.93,7,-1,-1
709,-1,379,162,28,36,0.87,7,-1,-1
709,-1,303,214,20,22,0.87,2,-1,-1
710,-1,6,319,204,220,0.91,7,-1,-1
710,-1,378,160,29,36,0.86,7,-1,-1
710,-1,302,218,22,22,0.86,2,-1,-1
711,-1,6,329,198,210,0.93,7,-1,-1
711,-1,302,220,22,24,0.87,2,-1,-1
711,-1,378,160,28,35,0.86,7,-1,-1
712,-1,6,344,189,196,0.92,7,-1,-1
712,-1,300,225,23,22,0.87,2,-1,-1
712,-1,377,160,28,34,0.86,7,-1,-1
713,-1,7,356,178,183,0.91,7,-1,-1
713,-1,300,227,24,24,0.88,2,-1,-1
713,-1,377,158,28,35,0.87,7,-1,-1
714,-1,7,375,167,164,0.92,7,-1,-1
714,-1,299,230,24,26,0.88,2,-1,-1
714,-1,376,158,27,34,0.87,7,-1,-1
715,-1,6,390,160,148,0.93,7,-1,-1
715,-1,298,233,25,27,0.88,2,-1,-1
715,-1,375,158,28,32,0.86,7,-1,-1
716,-1,6,416,144,122,0.92,7,-1,-1
716,-1,375,156,27,34,0.87,7,-1,-1
716,-1,297,240,25,26,0.86,2,-1,-1
717,-1,6,436,133,102,0.91,7,-1,-1
717,-1,296,244,26,26,0.88,2,-1,-1
717,-1,374,154,27,35,0.86,7,-1,-1
718,-1,294,249,27,28,0.87,2,-1,-1
718,-1,374,153,27,35,0.86,7,-1,-1
718,-1,6,470,113,68,0.67,7,-1,-1
719,-1,294,253,26,28,0.88,2,-1,-1
719,-1,374,153,26,34,0.86,7,-1,-1
720,-1,292,259,28,30,0.89,2,-1,-1
720,-1,374,152,26,34,0.87,7,-1,-1
721,-1,290,264,29,32,0.88,2,-1,-1
721,-1,373,152,26,34,0.86,7,-1,-1
722,-1,288,273,30,32,0.88,2,-1,-1
722,-1,373,153,26,31,0.86,7,-1,-1
723,-1,286,278,32,34,0.90,2,-1,-1
723,-1,372,153,25,30,0.86,7,-1,-1
724,-1,284,286,34,37,0.90,2,-1,-1
724,-1,372,153,25,29,0.85,7,-1,-1
725,-1,282,292,34,38,0.90,2,-1,-1
725,-1,372,154,24,28,0.85,7,-1,-1
726,-1,278,303,38,41,0.90,2,-1,-1
726,-1,371,152,23,28,0.85,7,-1,-1
727,-1,276,312,41,42,0.90,2,-1,-1
727,-1,370,151,24,28,0.83,7,-1,-1
728,-1,271,325,43,46,0.91,2,-1,-1
728,-1,370,150,23,28,0.83,7,-1,-1
729,-1,269,334,44,49,0.91,2,-1,-1
729,-1,370,150,23,28,0.83,7,-1,-1
730,-1,264,350,46,53,0.90,2,-1,-1
730,-1,370,149,23,28,0.83,7,-1,-1
731,-1,260,361,49,58,0.91,2,-1,-1
731,-1,370,148,22,28,0.83,7,-1,-1
732,-1,253,384,53,62,0.91,2,-1,-1
732,-1,368,148,23,28,0.85,7,-1,-1
733,-1,248,401,57,66,0.92,2,-1,-1
733,-1,368,148,22,27,0.84,7,-1,-1
734,-1,239,428,62,75,0.92,2,-1,-1
734,-1,368,149,22,26,0.85,7,-1,-1
735,-1,232,451,66,80,0.91,2,-1,-1
735,-1,368,148,22,26,0.85,7,-1,-1
736,-1,222,486,72,52,0.85,2,-1,-1
736,-1,368,149,21,24,0.84,7,-1,-1
737,-1,367,146,20,26,0.86,7,-1,-1
737,-1,207,514,85,26,0.63,2,-1,-1
738,-1,367,147,20,25,0.84,7,-1,-1
739,-1,367,147,20,24,0.84,7,-1,-1
740,-1,367,146,20,24,0.83,7,-1,-1
741,-1,366,146,20,24,0.83,7,-1,-1
742,-1,366,146,19,23,0.79,7,-1,-1
743,-1,366,146,19,22,0.75,7,-1,-1
744,-1,366,146,19,22,0.80,7,-1,-1
745,-1,366,145,18,22,0.80,7,-1,-1
746,-1,366,144,18,22,0.80,7,-1,-1
747,-1,366,144,18,22,0.80,7,-1,-1
748,-1,365,144,18,21,0.79,7,-1,-1
749,-1,365,144,18,21,0.79,7,-1,-1
750,-1,364,144,18,20,0.76,7,-1,-1
751,-1,364,144,18,20,0.67,7,-1,-1
752,-1,364,144,18,20,0.66,7,-1,-1
753,-1,364,143,18,20,0.72,7,-1,-1
754,-1,364,142,18,20,0.73,7,-1,-1
755,-1,364,142,18,20,0.71,7,-1,-1
756,-1,364,142,17,20,0.69,7,-1,-1
757,-1,363,141,17,20,0.72,7,-1,-1
757,-1,320,126,9,13,0.20,7,-1,-1
758,-1,363,141,16,20,0.71,7,-1,-1
758,-1,320,126,9,13,0.21,7,-1,-1
759,-1,362,140,17,20,0.74,7,-1,-1
759,-1,320,126,9,13,0.20,7,-1,-1
760,-1,362,140,16,20,0.70,7,-1,-1
760,-1,320,126,9,13,0.14,7,-1,-1
761,-1,362,140,16,20,0.69,7,-1,-1
762,-1,362,140,16,20,0.68,7,-1,-1
762,-1,320,126,9,14,0.16,7,-1,-1
763,-1,362,140,16,19,0.64,7,-1,-1
763,-1,320,126,9,13,0.13,7,-1,-1
764,-1,362,139,16,20,0.68,7,-1,-1
765,-1,361,138,16,20,0.71,7,-1,-1
766,-1,361,138,16,20,0.72,7,-1,-1
767,-1,361,137,16,20,0.70,7,-1,-1
768,-1,361,137,16,19,0.67,7,-1,-1
769,-1,361,137,15,18,0.65,7,-1,-1
770,-1,361,137,14,18,0.54,7,-1,-1
771,-1,361,137,14,18,0.54,7,-1,-1
772,-1,360,137,14,17,0.38,7,-1,-1
773,-1,360,137,14,17,0.49,2,-1,-1
774,-1,360,136,14,18,0.46,7,-1,-1
775,-1,360,136,14,18,0.46,7,-1,-1
775,-1,318,130,9,12,0.15,7,-1,-1
776,-1,360,136,14,18,0.50,2,-1,-1
776,-1,318,130,9,12,0.16,7,-1,-1
777,-1,360,136,14,17,0.46,2,-1,-1
777,-1,317,129,10,13,0.31,7,-1,-1
777,-1,330,134,7,8,0.15,2,-1,-1
778,-1,360,135,14,18,0.49,2,-1,-1
778,-1,329,134,8,8,0.12,2,-1,-1
779,-1,360,136,14,16,0.52,2,-1,-1
780,-1,359,136,14,16,0.52,2,-1,-1
781,-1,359,136,14,16,0.51,2,-1,-1
782,-1,359,135,14,16,0.32,7,-1,-1
783,-1,359,134,13,17,0.52,7,-1,-1
784,-1,358,134,13,17,0.52,7,-1,-1
785,-1,359,133,12,18,0.60,7,-1,-1
786,-1,560,426,80,114,0.91,7,-1,-1
786,-1,359,133,12,18,0.58,7,-1,-1
787,-1,550,410,90,129,0.91,7,-1,-1
787,-1,358,133,12,17,0.56,7,-1,-1
788,-1,534,387,104,152,0.94,7,-1,-1
788,-1,358,133,12,16,0.63,7,-1,-1
789,-1,528,372,110,168,0.93,7,-1,-1
789,-1,358,133,12,16,0.62,7,-1,-1
790,-1,512,355,126,184,0.92,7,-1,-1
790,-1,358,133,12,16,0.67,7,-1,-1
791,-1,509,344,130,195,0.94,7,-1,-1
791,-1,358,132,13,16,0.72,7,-1,-1
792,-1,497,333,142,206,0.92,7,-1,-1
792,-1,358,132,12,16,0.72,7,-1,-1
793,-1,492,320,147,218,0.93,7,-1,-1
793,-1,358,132,12,16,0.62,7,-1,-1
794,-1,483,309,156,227,0.94,7,-1,-1
794,-1,358,132,12,16,0.58,7,-1,-1
795,-1,479,301,158,213,0.92,7,-1,-1
795,-1,358,132,12,15,0.46,7,-1,-1
796,-1,472,290,152,198,0.92,7,-1,-1
796,-1,358,132,12,15,0.46,7,-1,-1
797,-1,466,286,142,185,0.93,7,-1,-1
797,-1,357,130,12,16,0.50,7,-1,-1
797,-1,312,134,9,15,0.16,2,-1,-1
798,-1,460,276,132,173,0.93,7,-1,-1
798,-1,357,130,12,16,0.47,7,-1,-1
798,-1,312,134,9,15,0.16,2,-1,-1
799,-1,456,272,127,163,0.93,7,-1,-1
799,-1,357,130,12,16,0.45,7,-1,-1
799,-1,312,135,9,15,0.12,2,-1,-1
800,-1,452,264,116,151,0.94,7,-1,-1
800,-1,452,506,147,34,0.71,7,-1,-1
800,-1,356,130,12,16,0.50,7,-1,-1
800,-1,312,135,9,15,0.13,2,-1,-1
801,-1,447,260,113,144,0.93,7,-1,-1
801,-1,445,478,192,60,0.68,7,-1,-1
801,-1,356,130,12,16,0.49,7,-1,-1
802,-1,444,252,105,137,0.93,7,-1,-1
802,-1,432,437,195,102,0.85,7,-1,-1
802,-1,356,129,12,16,0.53,7,-1,-1
803,-1,442,249,100,130,0.93,7,-1,-1
803,-1,422,416,214,123,0.89,7,-1,-1
803,-1,356,129,12,16,0.58,7,-1,-1
804,-1,438,243,94,123,0.93,7,-1,-1
804,-1,415,386,220,152,0.89,7,-1,-1
804,-1,356,129,12,16,0.53,7,-1,-1
805,-1,434,240,92,118,0.93,7,-1,-1
805,-1,411,367,226,172,0.85,7,-1,-1
805,-1,356,129,12,16,0.51,7,-1,-1
806,-1,431,235,87,112,0.93,7,-1,-1
806,-1,401,342,214,195,0.90,7,-1,-1
806,-1,356,129,12,16,0.52,7,-1,-1
807,-1,428,232,85,105,0.93,7,-1,-1
807,-1,400,330,196,207,0.73,7,-1,-1
807,-1,356,129,12,16,0.37,7,-1,-1
808,-1,426,227,79,96,0.92,7,-1,-1
808,-1,395,311,208,228,0.90,7,-1,-1
808,-1,356,129,12,16,0.37,7,-1,-1
809,-1,395,298,186,240,0.93,7,-1,-1
809,-1,423,224,78,97,0.91,7,-1,-1
809,-1,356,129,12,16,0.32,7,-1,-1
810,-1,390,285,166,250,0.92,7,-1,-1
810,-1,420,220,76,98,0.89,7,-1,-1
810,-1,356,129,12,16,0.36,7,-1,-1
811,-1,387,274,156,261,0.90,7,-1,-1
811,-1,417,218,76,93,0.88,7,-1,-1
811,-1,356,128,12,16,0.47,7,-1,-1
812,-1,384,259,143,254,0.92,7,-1,-1
812,-1,415,213,71,89,0.89,7,-1,-1
812,-1,357,128,12,16,0.38,7,-1,-1
812,-1,312,140,11,12,0.11,2,-1,-1
813,-1,384,258,130,239,0.93,7,-1,-1
813,-1,415,212,68,85,0.87,7,-1,-1
813,-1,356,128,12,16,0.32,7,-1,-1
813,-1,311,140,11,12,0.20,2,-1,-1
814,-1,380,254,123,210,0.91,7,-1,-1
814,-1,413,210,64,78,0.88,7,-1,-1
814,-1,356,128,12,16,0.31,7,-1,-1
814,-1,311,140,11,12,0.20,2,-1,-1
815,-1,378,248,115,200,0.91,7,-1,-1
815,-1,414,208,61,80,0.88,7,-1,-1
815,-1,356,128,12,15,0.26,2,-1,-1
816,-1,376,241,106,182,0.92,7,-1,-1
816,-1,410,205,61,80,0.85,7,-1,-1
816,-1,604,411,34,128,0.60,7,-1,-1
816,-1,356,128,12,15,0.26,7,-1,-1
817,-1,374,235,100,174,0.92,7,-1,-1
817,-1,409,203,58,79,0.86,7,-1,-1
817,-1,583,393,56,146,0.76,7,-1,-1
817,-1,356,128,12,15,0.47,7,-1,-1
818,-1,373,231,96,160,0.92,7,-1,-1
818,-1,407,201,55,72,0.86,7,-1,-1
818,-1,565,371,75,168,0.86,7,-1,-1
818,-1,356,127,12,15,0.58,7,-1,-1
818,-1,324,150,10,10,0.14,2,-1,-1
819,-1,372,227,90,152,0.92,7,-1,-1
819,-1,557,357,83,182,0.88,7,-1,-1
819,-1,405,199,56,70,0.88,7,-1,-1
819,-1,356,127,12,15,0.58,7,-1,-1
819,-1,324,150,10,10,0.13,2,-1,-1
820,-1,371,222,85,142,0.92,7,-1,-1
820,-1,543,340,96,198,0.91,7,-1,-1
820,-1,404,198,52,66,0.87,7,-1,-1
820,-1,356,127,12,15,0.57,7,-1,-1
820,-1,323,150,10,10,0.52,2,-1,-1
821,-1,533,333,106,205,0.92,7,-1,-1
821,-1,370,218,82,138,0.91,7,-1,-1
821,-1,404,195,51,66,0.88,7,-1,-1
821,-1,356,127,12,15,0.56,7,-1,-1
821,-1,324,151,10,10,0.37,2,-1,-1
822,-1,370,214,76,128,0.92,7,-1,-1
822,-1,522,320,118,217,0.91,7,-1,-1
822,-1,402,194,48,61,0.89,7,-1,-1
822,-1,356,127,12,15,0.53,7,-1,-1
822,-1,323,152,10,10,0.51,2,-1,-1
823,-1,515,312,124,226,0.93,7,-1,-1
823,-1,368,212,75,122,0.91,7,-1,-1
823,-1,401,193,48,60,0.84,7,-1,-1
823,-1,356,127,12,15,0.52,7,-1,-1
823,-1,323,152,10,10,0.50,2,-1,-1
824,-1,366,210,73,114,0.91,7,-1,-1
824,-1,400,191,46,58,0.88,7,-1,-1
824,-1,322,152,10,12,0.58,2,-1,-1
824,-1,356,126,11,14,0.35,7,-1,-1
824,-1,309,143,12,16,0.26,2,-1,-1
825,-1,366,204,68,113,0.90,7,-1,-1
825,-1,400,190,45,56,0.88,7,-1,-1
825,-1,308,142,14,18,0.51,2,-1,-1
825,-1,322,153,10,10,0.33,2,-1,-1
825,-1,356,126,11,14,0.32,7,-1,-1
826,-1,492,285,148,253,0.93,7,-1,-1
826,-1,365,201,64,106,0.90,7,-1,-1
826,-1,398,188,46,54,0.87,7,-1,-1
826,-1,308,142,14,18,0.51,2,-1,-1
826,-1,322,153,10,10,0.33,2,-1,-1
826,-1,356,126,11,14,0.27,7,-1,-1
827,-1,364,200,62,103,0.89,7,-1,-1
827,-1,397,186,43,53,0.84,7,-1,-1
827,-1,308,145,13,16,0.53,2,-1,-1
827,-1,320,154,10,11,0.37,2,-1,-1
827,-1,356,126,12,14,0.32,7,-1,-1
828,-1,480,272,160,263,0.94,7,-1,-1
828,-1,364,195,58,100,0.89,7,-1,-1
828,-1,397,186,42,50,0.85,7,-1,-1
828,-1,308,145,14,18,0.68,2,-1,-1
828,-1,356,126,12,14,0.30,7,-1,-1
829,-1,475,264,164,273,0.90,7,-1,-1
829,-1,364,194,58,96,0.88,7,-1,-1
829,-1,396,184,40,51,0.85,7,-1,-1
829,-1,308,145,14,18,0.66,2,-1,-1
829,-1,356,126,12,14,0.30,7,-1,-1
829,-1,321,156,9,10,0.29,2,-1,-1
830,-1,466,260,172,276,0.91,7,-1,-1
830,-1,362,192,56,91,0.87,7,-1,-1
830,-1,394,182,40,49,0.80,7,-1,-1
830,-1,307,145,14,18,0.53,2,-1,-1
830,-1,322,156,10,11,0.52,2,-1,-1
830,-1,356,126,12,14,0.28,7,-1,-1
831,-1,464,257,174,278,0.94,7,-1,-1
831,-1,362,190,53,88,0.86,7,-1,-1
831,-1,393,181,39,48,0.85,7,-1,-1
831,-1,322,155,10,12,0.54,2,-1,-1
831,-1,305,144,14,20,0.48,2,-1,-1
831,-1,356,126,12,14,0.29,7,-1,-1
832,-1,460,259,177,257,0.93,7,-1,-1
832,-1,391,179,39,48,0.87,7,-1,-1
832,-1,362,187,48,85,0.86,7,-1,-1
832,-1,320,158,10,10,0.46,2,-1,-1
832,-1,306,146,13,18,0.44,2,-1,-1
832,-1,356,126,12,14,0.28,7,-1,-1
833,-1,458,246,171,254,0.94,7,-1,-1
833,-1,362,185,49,83,0.88,7,-1,-1
833,-1,390,178,38,46,0.86,7,-1,-1
833,-1,320,158,10,11,0.48,2,-1,-1
833,-1,306,147,12,18,0.31,2,-1,-1
834,-1,453,246,154,232,0.93,7,-1,-1
834,-1,360,184,47,79,0.87,7,-1,-1
834,-1,390,177,36,46,0.85,7,-1,-1
834,-1,320,159,10,12,0.78,2,-1,-1
834,-1,306,144,13,21,0.39,7,-1,-1
835,-1,450,238,148,225,0.94,7,-1,-1
835,-1,360,182,46,78,0.84,7,-1,-1
835,-1,390,175,35,46,0.81,7,-1,-1
835,-1,320,159,10,12,0.78,2,-1,-1
835,-1,306,144,13,21,0.42,7,-1,-1
836,-1,446,233,139,211,0.92,7,-1,-1
836,-1,389,174,35,45,0.83,7,-1,-1
836,-1,360,178,45,77,0.81,7,-1,-1
836,-1,320,160,12,13,0.78,2,-1,-1
836,-1,306,146,12,20,0.36,2,-1,-1
837,-1,442,230,135,202,0.91,7,-1,-1
837,-1,358,177,48,74,0.79,7,-1,-1
837,-1,320,161,12,12,0.75,2,-1,-1
837,-1,387,172,36,46,0.67,7,-1,-1
837,-1,306,151,12,15,0.57,2,-1,-1
838,-1,441,226,126,188,0.92,7,-1,-1
838,-1,358,177,44,70,0.82,7,-1,-1
838,-1,320,162,12,12,0.65,2,-1,-1
838,-1,306,152,12,15,0.51,2,-1,-1
838,-1,387,172,35,52,0.15,7,-1,-1
839,-1,438,224,118,180,0.92,7,-1,-1
839,-1,358,176,42,69,0.83,7,-1,-1
839,-1,320,162,12,13,0.78,2,-1,-1
839,-1,386,172,35,60,0.61,7,-1,-1
839,-1,306,151,12,16,0.14,2,-1,-1
840,-1,434,219,112,171,0.92,7,-1,-1
840,-1,319,162,13,14,0.80,2,-1,-1
840,-1,358,174,40,66,0.79,7,-1,-1
840,-1,385,170,36,67,0.42,7,-1,-1
840,-1,305,152,11,15,0.32,2,-1,-1
841,-1,432,218,108,164,0.92,7,-1,-1
841,-1,319,163,12,14,0.82,2,-1,-1
841,-1,357,172,38,65,0.78,7,-1,-1
841,-1,305,153,12,15,0.54,2,-1,-1
841,-1,384,170,36,66,0.41,7,-1,-1
842,-1,428,214,104,155,0.92,7,-1,-1
842,-1,320,164,12,14,0.80,2,-1,-1
842,-1,356,172,36,63,0.78,7,-1,-1
842,-1,302,150,14,20,0.68,7,-1,-1
842,-1,383,169,34,64,0.53,7,-1,-1
843,-1,427,213,98,148,0.93,7,-1,-1
843,-1,320,164,12,14,0.84,2,-1,-1
843,-1,357,171,38,62,0.77,7,-1,-1
843,-1,302,150,14,20,0.70,7,-1,-1
843,-1,382,168,32,61,0.28,7,-1,-1
844,-1,423,210,95,141,0.92,7,-1,-1
844,-1,318,166,13,14,0.81,2,-1,-1
844,-1,356,170,36,59,0.79,7,-1,-1
844,-1,302,151,14,20,0.76,7,-1,-1
844,-1,383,167,31,40,0.70,7,-1,-1
845,-1,422,208,90,136,0.93,7,-1,-1
845,-1,302,151,14,20,0.81,7,-1,-1
845,-1,382,166,30,40,0.80,7,-1,-1
845,-1,357,169,35,58,0.78,7,-1,-1
845,-1,318,167,13,14,0.74,2,-1,-1
846,-1,421,207,86,129,0.92,7,-1,-1
846,-1,318,168,13,14,0.80,2,-1,-1
846,-1,357,168,34,56,0.79,7,-1,-1
846,-1,302,152,15,21,0.76,7,-1,-1
846,-1,382,165,29,38,0.74,7,-1,-1
847,-1,420,205,83,125,0.92,7,-1,-1
847,-1,356,166,34,55,0.79,7,-1,-1
847,-1,317,168,14,15,0.78,2,-1,-1
847,-1,302,152,15,21,0.76,7,-1,-1
847,-1,381,164,29,46,0.71,7,-1,-1
848,-1,418,203,77,118,0.92,7,-1,-1
848,-1,317,170,14,15,0.83,2,-1,-1
848,-1,355,165,32,54,0.83,7,-1,-1
848,-1,381,164,27,36,0.82,7,-1,-1
848,-1,300,152,16,22,0.79,7,-1,-1
849,-1,416,201,74,116,0.92,7,-1,-1
849,-1,380,162,26,37,0.84,7,-1,-1
849,-1,316,172,14,15,0.83,2,-1,-1
849,-1,354,164,32,53,0.80,7,-1,-1
849,-1,301,152,15,22,0.67,7,-1,-1
850,-1,414,198,72,110,0.92,7,-1,-1
850,-1,354,163,32,52,0.84,7,-1,-1
850,-1,316,170,15,18,0.83,2,-1,-1
850,-1,380,161,26,36,0.82,7,-1,-1
850,-1,300,153,15,22,0.74,7,-1,-1
851,-1,413,196,70,108,0.91,7,-1,-1
851,-1,379,161,26,36,0.85,7,-1,-1
851,-1,298,152,16,24,0.84,7,-1,-1
851,-1,316,174,14,15,0.83,2,-1,-1
851,-1,354,163,31,50,0.82,7,-1,-1
852,-1,410,192,67,106,0.90,7,-1,-1
852,-1,379,160,25,35,0.86,7,-1,-1
852,-1,316,174,15,16,0.84,2,-1,-1
852,-1,298,154,16,23,0.84,7,-1,-1
852,-1,353,161,32,50,0.83,7,-1,-1
853,-1,409,192,64,102,0.91,7,-1,-1
853,-1,378,160,25,34,0.85,7,-1,-1
853,-1,299,153,16,24,0.85,7,-1,-1
853,-1,354,161,29,48,0.84,7,-1,-1
853,-1,316,176,14,16,0.83,2,-1,-1
854,-1,408,191,63,98,0.90,7,-1,-1
854,-1,298,154,17,24,0.84,7,-1,-1
854,-1,353,160,28,47,0.84,7,-1,-1
854,-1,378,160,25,34,0.83,7,-1,-1
854,-1,316,178,15,16,0.80,2,-1,-1
855,-1,406,192,60,93,0.90,7,-1,-1
855,-1,377,158,25,34,0.83,7,-1,-1
855,-1,296,155,18,24,0.83,7,-1,-1
855,-1,352,159,28,46,0.80,7,-1,-1
855,-1,316,179,15,16,0.80,2,-1,-1
856,-1,405,188,59,91,0.90,7,-1,-1
856,-1,352,158,27,46,0.84,7,-1,-1
856,-1,297,156,18,24,0.84,7,-1,-1
856,-1,376,156,26,34,0.84,7,-1,-1
856,-1,314,180,16,17,0.80,2,-1,-1
857,-1,404,185,56,90,0.91,7,-1,-1
857,-1,296,154,18,26,0.83,7,-1,-1
857,-1,314,182,15,16,0.82,2,-1,-1
857,-1,352,158,27,44,0.81,7,-1,-1
857,-1,375,157,26,33,0.76,7,-1,-1
858,-1,401,186,54,84,0.87,7,-1,-1
858,-1,351,156,29,44,0.84,7,-1,-1
858,-1,296,156,18,25,0.84,7,-1,-1
858,-1,314,184,15,16,0.83,2,-1,-1
858,-1,376,157,24,32,0.74,7,-1,-1
859,-1,401,182,53,85,0.87,7,-1,-1
859,-1,352,156,26,43,0.87,7,-1,-1
859,-1,313,186,15,16,0.85,2,-1,-1
859,-1,296,156,18,25,0.83,7,-1,-1
859,-1,374,155,25,32,0.77,7,-1,-1
860,-1,400,181,51,82,0.89,7,-1,-1
860,-1,313,188,15,16,0.85,2,-1,-1
860,-1,294,158,17,26,0.84,7,-1,-1
860,-1,352,155,26,42,0.76,7,-1,-1
860,-1,375,156,25,32,0.75,7,-1,-1
860,-1,597,454,41,86,0.45,7,-1,-1
861,-1,588,434,52,106,0.84,7,-1,-1
861,-1,312,190,16,16,0.84,2,-1,-1
861,-1,398,180,48,79,0.84,7,-1,-1
861,-1,294,158,18,26,0.83,7,-1,-1
861,-1,375,155,24,32,0.71,7,-1,-1
861,-1,352,154,26,43,0.71,7,-1,-1
862,-1,570,407,69,132,0.91,7,-1,-1
862,-1,312,192,15,16,0.84,2,-1,-1
862,-1,294,158,18,26,0.83,7,-1,-1
862,-1,398,178,48,78,0.81,7,-1,-1
862,-1,352,153,26,42,0.72,7,-1,-1
862,-1,374,156,24,30,0.65,7,-1,-1
863,-1,560,392,79,148,0.92,7,-1,-1
863,-1,396,177,48,78,0.85,7,-1,-1
863,-1,311,193,16,16,0.85,2,-1,-1
863,-1,294,159,18,26,0.83,7,-1,-1
863,-1,352,152,26,42,0.79,7,-1,-1
863,-1,374,153,24,32,0.70,7,-1,-1
864,-1,549,373,90,166,0.93,7,-1,-1
864,-1,395,175,47,76,0.87,7,-1,-1
864,-1,310,195,16,17,0.86,2,-1,-1
864,-1,293,160,18,26,0.84,7,-1,-1
864,-1,352,151,25,42,0.81,7,-1,-1
864,-1,374,152,22,30,0.72,7,-1,-1
865,-1,541,360,98,179,0.92,7,-1,-1
865,-1,310,197,16,17,0.86,2,-1,-1
865,-1,292,160,18,27,0.84,7,-1,-1
865,-1,351,152,25,41,0.81,7,-1,-1
865,-1,395,177,44,70,0.71,7,-1,-1
865,-1,374,152,23,32,0.69,7,-1,-1
866,-1,531,346,108,192,0.92,7,-1,-1
866,-1,309,199,17,18,0.85,2,-1,-1
866,-1,394,176,44,69,0.85,7,-1,-1
866,-1,292,160,19,28,0.84,7,-1,-1
866,-1,351,150,24,39,0.80,7,-1,-1
866,-1,372,150,23,34,0.50,7,-1,-1
867,-1,525,337,114,202,0.92,7,-1,-1
867,-1,393,177,42,66,0.86,7,-1,-1
867,-1,308,201,17,18,0.85,2,-1,-1
867,-1,290,160,20,28,0.85,7,-1,-1
867,-1,351,151,24,38,0.77,7,-1,-1
867,-1,372,150,24,34,0.71,7,-1,-1
868,-1,515,324,124,214,0.91,7,-1,-1
868,-1,307,204,18,18,0.86,2,-1,-1
868,-1,392,176,41,62,0.85,7,-1,-1
868,-1,290,161,20,30,0.84,7,-1,-1
868,-1,350,150,24,38,0.81,7,-1,-1
868,-1,372,149,24,33,0.79,7,-1,-1
869,-1,510,316,129,223,0.91,7,-1,-1
869,-1,307,206,18,18,0.85,2,-1,-1
869,-1,290,162,20,29,0.85,7,-1,-1
869,-1,392,175,40,61,0.84,7,-1,-1
869,-1,350,150,23,36,0.81,7,-1,-1
869,-1,371,149,23,32,0.77,7,-1,-1
870,-1,502,305,136,234,0.92,7,-1,-1
870,-1,305,210,19,18,0.85,2,-1,-1
870,-1,288,163,22,30,0.84,7,-1,-1
870,-1,392,174,39,60,0.83,7,-1,-1
870,-1,371,148,21,31,0.74,7,-1,-1
870,-1,350,148,22,36,0.72,7,-1,-1
871,-1,498,298,141,240,0.91,7,-1,-1
871,-1,391,173,38,60,0.86,7,-1,-1
871,-1,305,212,19,19,0.86,2,-1,-1
871,-1,288,164,23,30,0.84,7,-1,-1
871,-1,370,148,21,30,0.75,7,-1,-1
871,-1,350,149,22,34,0.65,7,-1,-1
872,-1,492,285,148,254,0.92,7,-1,-1
872,-1,304,215,18,20,0.87,2,-1,-1
872,-1,287,165,23,30,0.85,7,-1,-1
872,-1,390,176,36,55,0.83,7,-1,-1
872,-1,350,149,22,34,0.79,7,-1,-1
872,-1,370,148,21,32,0.63,7,-1,-1
873,-1,487,282,152,250,0.93,7,-1,-1
873,-1,304,218,20,20,0.86,2,-1,-1
873,-1,286,164,24,32,0.85,7,-1,-1
873,-1,350,148,22,33,0.82,7,-1,-1
873,-1,401,203,23,24,0.72,2,-1,-1
873,-1,370,148,20,30,0.62,7,-1,-1
873,-1,396,176,27,25,0.36,7,-1,-1
874,-1,481,274,159,259,0.92,7,-1,-1
874,-1,302,222,20,21,0.88,2,-1,-1
874,-1,285,166,24,32,0.87,7,-1,-1
874,-1,350,148,20,33,0.77,7,-1,-1
874,-1,388,174,35,52,0.69,7,-1,-1
874,-1,370,147,19,30,0.67,7,-1,-1
875,-1,478,273,161,260,0.92,7,-1,-1
875,-1,302,224,20,22,0.88,2,-1,-1
875,-1,285,166,24,32,0.87,7,-1,-1
875,-1,350,148,20,33,0.76,7,-1,-1
875,-1,369,147,20,30,0.75,7,-1,-1
875,-1,388,173,34,52,0.57,7,-1,-1
876,-1,470,267,162,197,0.91,7,-1,-1
876,-1,300,229,22,22,0.88,2,-1,-1
876,-1,284,166,24,35,0.87,7,-1,-1
876,-1,350,147,20,32,0.78,7,-1,-1
876,-1,370,148,18,28,0.77,7,-1,-1
876,-1,390,171,30,52,0.60,7,-1,-1
877,-1,463,258,150,176,0.92,7,-1,-1
877,-1,282,168,25,35,0.88,7,-1,-1
877,-1,298,237,23,24,0.87,2,-1,-1
877,-1,370,148,17,26,0.80,7,-1,-1
877,-1,388,170,30,48,0.77,7,-1,-1
877,-1,349,145,21,32,0.69,7,-1,-1
878,-1,463,258,150,176,0.92,7,-1,-1
878,-1,282,168,25,35,0.88,7,-1,-1
878,-1,298,237,23,24,0.87,2,-1,-1
878,-1,370,148,18,26,0.79,7,-1,-1
878,-1,388,171,30,48,0.75,7,-1,-1
878,-1,349,145,21,32,0.70,7,-1,-1
879,-1,460,253,142,170,0.93,7,-1,-1
879,-1,282,170,25,34,0.88,7,-1,-1
879,-1,296,242,24,24,0.86,2,-1,-1
879,-1,386,166,31,50,0.85,7,-1,-1
879,-1,369,148,18,26,0.79,7,-1,-1
879,-1,350,145,19,30,0.51,7,-1,-1
880,-1,455,248,136,160,0.93,7,-1,-1
880,-1,294,246,24,26,0.87,2,-1,-1
880,-1,281,169,26,37,0.87,7,-1,-1
880,-1,386,167,30,48,0.83,7,-1,-1
880,-1,369,147,18,27,0.78,7,-1,-1
880,-1,349,144,20,30,0.63,7,-1,-1
881,-1,453,244,130,154,0.93,7,-1,-1
881,-1,293,251,26,27,0.88,2,-1,-1
881,-1,280,171,26,36,0.87,7,-1,-1
881,-1,386,166,28,48,0.78,7,-1,-1
881,-1,369,147,17,26,0.75,7,-1,-1
881,-1,349,144,20,30,0.69,7,-1,-1
882,-1,450,241,122,144,0.93,7,-1,-1
882,-1,290,258,26,28,0.89,2,-1,-1
882,-1,279,172,26,39,0.86,7,-1,-1
882,-1,369,146,17,26,0.78,7,-1,-1
882,-1,350,144,19,29,0.55,7,-1,-1
882,-1,385,163,28,44,0.54,7,-1,-1
883,-1,447,237,119,140,0.93,7,-1,-1
883,-1,289,263,28,28,0.88,2,-1,-1
883,-1,278,171,28,40,0.87,7,-1,-1
883,-1,368,147,17,25,0.77,7,-1,-1
883,-1,384,162,27,27,0.63,7,-1,-1
883,-1,350,144,19,29,0.51,7,-1,-1
883,-1,390,185,22,26,0.35,2,-1,-1
884,-1,444,234,112,132,0.93,7,-1,-1
884,-1,286,272,29,30,0.88,2,-1,-1
884,-1,276,172,28,41,0.88,7,-1,-1
884,-1,368,146,17,26,0.79,7,-1,-1
884,-1,385,162,26,46,0.77,7,-1,-1
884,-1,350,143,18,28,0.50,7,-1,-1
885,-1,443,232,107,127,0.93,7,-1,-1
885,-1,284,276,31,32,0.91,2,-1,-1
885,-1,276,172,29,42,0.89,7,-1,-1
885,-1,383,162,28,44,0.82,7,-1,-1
885,-1,366,145,16,26,0.77,7,-1,-1
885,-1,349,143,17,28,0.44,7,-1,-1
886,-1,440,227,100,122,0.92,7,-1,-1
886,-1,281,286,32,34,0.89,2,-1,-1
886,-1,274,173,30,44,0.88,7,-1,-1
886,-1,382,162,28,44,0.84,7,-1,-1
886,-1,366,146,16,24,0.77,7,-1,-1
886,-1,349,142,16,28,0.43,7,-1,-1
887,-1,438,225,98,118,0.93,7,-1,-1
887,-1,278,292,34,36,0.90,2,-1,-1
887,-1,273,173,31,46,0.89,7,-1,-1
887,-1,383,162,25,42,0.78,7,-1,-1
887,-1,366,146,16,24,0.76,7,-1,-1
887,-1,350,142,15,27,0.37,7,-1,-1
888,-1,434,223,94,112,0.92,7,-1,-1
888,-1,274,304,36,38,0.90,2,-1,-1
888,-1,272,175,32,46,0.90,7,-1,-1
888,-1,381,160,27,44,0.84,7,-1,-1
888,-1,366,145,15,24,0.73,7,-1,-1
888,-1,348,141,16,28,0.46,7,-1,-1
889,-1,431,219,92,110,0.92,7,-1,-1
889,-1,272,313,37,40,0.91,2,-1,-1
889,-1,270,175,33,48,0.89,7,-1,-1
889,-1,381,160,26,43,0.84,7,-1,-1
889,-1,366,144,15,23,0.76,7,-1,-1
889,-1,348,141,16,28,0.51,7,-1,-1
890,-1,428,216,90,106,0.92,7,-1,-1
890,-1,266,326,40,43,0.91,2,-1,-1
890,-1,269,176,34,50,0.89,7,-1,-1
890,-1,381,160,25,41,0.86,7,-1,-1
890,-1,366,145,14,22,0.75,7,-1,-1
890,-1,348,142,16,26,0.45,7,-1,-1
891,-1,426,215,89,102,0.93,7,-1,-1
891,-1,262,338,42,46,0.90,2,-1,-1
891,-1,268,176,33,51,0.88,7,-1,-1
891,-1,380,159,24,41,0.86,7,-1,-1
891,-1,365,144,15,22,0.81,7,-1,-1
891,-1,349,141,14,26,0.24,7,-1,-1
892,-1,424,212,87,98,0.92,7,-1,-1
892,-1,256,355,45,50,0.91,2,-1,-1
892,-1,266,176,35,54,0.88,7,-1,-1
892,-1,365,144,15,22,0.82,7,-1,-1
892,-1,380,159,24,39,0.82,7,-1,-1
892,-1,347,140,17,26,0.34,7,-1,-1
893,-1,422,210,85,96,0.92,7,-1,-1
893,-1,251,368,48,54,0.91,2,-1,-1
893,-1,264,176,36,56,0.87,7,-1,-1
893,-1,380,159,24,38,0.84,7,-1,-1
893,-1,365,144,14,21,0.83,7,-1,-1
893,-1,348,140,15,25,0.17,7,-1,-1
894,-1,244,391,52,60,0.92,2,-1,-1
894,-1,420,208,82,92,0.91,7,-1,-1
894,-1,262,181,36,54,0.88,7,-1,-1
894,-1,379,157,24,39,0.82,7,-1,-1
894,-1,365,144,14,20,0.80,7,-1,-1
894,-1,347,139,16,26,0.36,7,-1,-1
895,-1,237,408,54,66,0.92,2,-1,-1
895,-1,418,206,80,91,0.91,7,-1,-1
895,-1,262,183,36,54,0.88,7,-1,-1
895,-1,378,158,24,37,0.82,7,-1,-1
895,-1,365,143,14,21,0.79,7,-1,-1
895,-1,346,139,17,26,0.51,7,-1,-1
896,-1,417,203,77,87,0.92,7,-1,-1
896,-1,226,440,61,74,0.92,2,-1,-1
896,-1,260,186,36,55,0.88,7,-1,-1
896,-1,378,157,24,38,0.85,7,-1,-1
896,-1,364,143,14,21,0.81,7,-1,-1
896,-1,346,138,16,26,0.57,7,-1,-1
897,-1,416,202,74,86,0.92,7,-1,-1
897,-1,217,462,67,76,0.91,2,-1,-1
897,-1,258,189,36,54,0.89,7,-1,-1
897,-1,379,156,22,38,0.83,7,-1,-1
897,-1,364,142,14,21,0.81,7,-1,-1
897,-1,346,138,16,26,0.59,7,-1,-1
898,-1,413,200,73,82,0.92,7,-1,-1
898,-1,255,191,38,56,0.89,7,-1,-1
898,-1,208,506,68,32,0.88,2,-1,-1
898,-1,377,156,24,37,0.84,7,-1,-1
898,-1,364,143,14,20,0.81,7,-1,-1
898,-1,346,138,16,26,0.58,7,-1,-1
899,-1,413,199,72,80,0.92,7,-1,-1
899,-1,254,194,38,56,0.90,7,-1,-1
899,-1,376,156,23,36,0.85,7,-1,-1
899,-1,364,142,14,20,0.82,7,-1,-1
899,-1,346,137,16,26,0.61,7,-1,-1
900,-1,410,197,69,77,0.91,7,-1,-1
900,-1,252,196,38,58,0.91,7,-1,-1
900,-1,376,155,22,36,0.84,7,-1,-1
900,-1,364,142,13,20,0.78,7,-1,-1
900,-1,346,137,16,25,0.59,7,-1,-1
