1,-1,323,263,24,29,0.88,2,-1,-1
1,-1,273,172,16,21,0.80,2,-1,-1
2,-1,323,258,23,29,0.88,2,-1,-1
2,-1,273,172,16,22,0.78,2,-1,-1
3,-1,322,251,22,27,0.87,2,-1,-1
3,-1,274,173,15,21,0.84,2,-1,-1
4,-1,321,245,21,28,0.86,2,-1,-1
4,-1,274,174,15,22,0.81,2,-1,-1
5,-1,320,240,20,26,0.87,2,-1,-1
5,-1,274,175,15,22,0.79,2,-1,-1
6,-1,320,236,20,25,0.88,2,-1,-1
6,-1,275,175,15,22,0.81,2,-1,-1
7,-1,320,231,18,24,0.85,2,-1,-1
7,-1,275,177,15,22,0.85,2,-1,-1
8,-1,319,227,19,24,0.88,2,-1,-1
8,-1,275,177,15,23,0.82,2,-1,-1
9,-1,318,223,18,22,0.86,2,-1,-1
9,-1,275,178,16,24,0.82,2,-1,-1
10,-1,317,220,18,22,0.87,2,-1,-1
10,-1,274,179,16,24,0.74,2,-1,-1
11,-1,317,216,18,20,0.86,2,-1,-1
11,-1,274,180,16,24,0.80,2,-1,-1
12,-1,316,214,18,20,0.87,2,-1,-1
12,-1,274,181,16,24,0.81,2,-1,-1
13,-1,315,210,18,21,0.86,2,-1,-1
13,-1,274,182,17,25,0.78,2,-1,-1
14,-1,315,208,17,20,0.85,2,-1,-1
14,-1,274,182,18,26,0.75,2,-1,-1
15,-1,315,206,16,18,0.86,2,-1,-1
15,-1,274,184,18,26,0.78,2,-1,-1
16,-1,315,204,16,18,0.86,2,-1,-1
16,-1,273,185,18,27,0.78,2,-1,-1
17,-1,314,201,15,18,0.85,2,-1,-1
17,-1,273,186,18,28,0.65,2,-1,-1
18,-1,314,200,15,17,0.85,2,-1,-1
18,-1,272,186,19,28,0.76,2,-1,-1
19,-1,314,198,14,16,0.85,2,-1,-1
19,-1,272,188,19,28,0.75,2,-1,-1
20,-1,314,196,14,16,0.85,2,-1,-1
20,-1,272,189,20,29,0.66,2,-1,-1
21,-1,313,194,14,16,0.85,2,-1,-1
21,-1,272,191,20,29,0.82,2,-1,-1
22,-1,313,192,14,16,0.85,2,-1,-1
22,-1,271,192,20,30,0.58,2,-1,-1
23,-1,313,192,14,15,0.83,2,-1,-1
23,-1,271,192,20,32,0.46,7,-1,-1
24,-1,312,189,13,16,0.84,2,-1,-1
24,-1,270,194,20,32,0.70,2,-1,-1
25,-1,312,187,14,16,0.85,2,-1,-1
25,-1,270,197,20,32,0.75,2,-1,-1
26,-1,312,187,14,15,0.86,2,-1,-1
26,-1,270,198,21,32,0.80,2,-1,-1
27,-1,310,186,13,14,0.85,2,-1,-1
27,-1,269,200,21,32,0.67,2,-1,-1
28,-1,310,185,13,13,0.84,2,-1,-1
28,-1,268,202,22,33,0.65,2,-1,-1
29,-1,268,204,22,35,0.86,2,-1,-1
29,-1,310,184,12,12,0.84,2,-1,-1
30,-1,310,183,12,13,0.82,2,-1,-1
30,-1,266,205,23,36,0.80,2,-1,-1
31,-1,310,180,12,14,0.85,2,-1,-1
31,-1,266,208,23,36,0.84,2,-1,-1
32,-1,266,210,23,37,0.88,2,-1,-1
32,-1,309,179,12,14,0.84,2,-1,-1
33,-1,310,180,12,12,0.83,2,-1,-1
33,-1,264,211,24,40,0.79,2,-1,-1
34,-1,309,177,12,12,0.85,2,-1,-1
34,-1,264,214,24,41,0.84,2,-1,-1
35,-1,309,178,11,12,0.79,2,-1,-1
35,-1,262,217,26,42,0.77,2,-1,-1
36,-1,310,177,11,10,0.78,2,-1,-1
36,-1,261,219,26,44,0.59,2,-1,-1
37,-1,259,224,27,44,0.89,2,-1,-1
37,-1,309,176,10,10,0.74,2,-1,-1
38,-1,258,226,28,46,0.83,2,-1,-1
38,-1,309,175,10,10,0.75,2,-1,-1
39,-1,256,229,29,48,0.89,2,-1,-1
39,-1,308,175,10,10,0.71,2,-1,-1
40,-1,255,233,30,49,0.90,2,-1,-1
40,-1,308,174,10,10,0.69,2,-1,-1
41,-1,253,238,31,52,0.89,2,-1,-1
41,-1,308,174,10,9,0.70,2,-1,-1
42,-1,251,241,32,53,0.88,2,-1,-1
42,-1,308,173,10,9,0.63,2,-1,-1
43,-1,248,246,34,56,0.83,2,-1,-1
43,-1,307,172,10,10,0.56,2,-1,-1
44,-1,247,250,34,58,0.71,2,-1,-1
44,-1,308,172,10,9,0.56,2,-1,-1
45,-1,244,256,36,60,0.89,2,-1,-1
45,-1,308,171,9,9,0.41,2,-1,-1
46,-1,242,260,38,64,0.91,2,-1,-1
46,-1,306,170,9,8,0.31,2,-1,-1
47,-1,238,266,40,69,0.90,2,-1,-1
47,-1,306,170,10,8,0.29,2,-1,-1
48,-1,235,272,41,72,0.91,2,-1,-1
48,-1,306,169,9,9,0.23,2,-1,-1
49,-1,231,280,44,79,0.79,7,-1,-1
50,-1,228,288,46,82,0.83,7,-1,-1
50,-1,306,167,9,8,0.39,2,-1,-1
51,-1,223,297,50,90,0.60,7,-1,-1
51,-1,306,167,8,8,0.12,2,-1,-1
52,-1,220,306,52,96,0.86,7,-1,-1
52,-1,304,166,9,8,0.52,2,-1,-1
53,-1,214,320,54,105,0.85,2,-1,-1
53,-1,304,165,9,8,0.13,2,-1,-1
54,-1,209,329,57,113,0.75,2,-1,-1
55,-1,200,346,63,128,0.69,2,-1,-1
56,-1,194,359,66,138,0.91,2,-1,-1
57,-1,-1,-1,-1,-1,-1,-1,-1,-1
58,-1,-1,-1,-1,-1,-1,-1,-1,-1
59,-1,-1,-1,-1,-1,-1,-1,-1,-1
60,-1,152,455,94,80,0.89,2,-1,-1
61,-1,-1,-1,-1,-1,-1,-1,-1,-1
62,-1,-1,-1,-1,-1,-1,-1,-1,-1
63,-1,-1,-1,-1,-1,-1,-1,-1,-1
64,-1,-1,-1,-1,-1,-1,-1,-1,-1
65,-1,-1,-1,-1,-1,-1,-1,-1,-1
66,-1,-1,-1,-1,-1,-1,-1,-1,-1
67,-1,-1,-1,-1,-1,-1,-1,-1,-1
68,-1,-1,-1,-1,-1,-1,-1,-1,-1
69,-1,-1,-1,-1,-1,-1,-1,-1,-1
70,-1,-1,-1,-1,-1,-1,-1,-1,-1
71,-1,-1,-1,-1,-1,-1,-1,-1,-1
72,-1,-1,-1,-1,-1,-1,-1,-1,-1
73,-1,-1,-1,-1,-1,-1,-1,-1,-1
74,-1,-1,-1,-1,-1,-1,-1,-1,-1
75,-1,-1,-1,-1,-1,-1,-1,-1,-1
76,-1,-1,-1,-1,-1,-1,-1,-1,-1
77,-1,-1,-1,-1,-1,-1,-1,-1,-1
78,-1,-1,-1,-1,-1,-1,-1,-1,-1
79,-1,-1,-1,-1,-1,-1,-1,-1,-1
80,-1,-1,-1,-1,-1,-1,-1,-1,-1
81,-1,-1,-1,-1,-1,-1,-1,-1,-1
82,-1,-1,-1,-1,-1,-1,-1,-1,-1
83,-1,-1,-1,-1,-1,-1,-1,-1,-1
84,-1,-1,-1,-1,-1,-1,-1,-1,-1
85,-1,-1,-1,-1,-1,-1,-1,-1,-1
86,-1,-1,-1,-1,-1,-1,-1,-1,-1
87,-1,-1,-1,-1,-1,-1,-1,-1,-1
88,-1,-1,-1,-1,-1,-1,-1,-1,-1
89,-1,-1,-1,-1,-1,-1,-1,-1,-1
90,-1,-1,-1,-1,-1,-1,-1,-1,-1
91,-1,-1,-1,-1,-1,-1,-1,-1,-1
92,-1,-1,-1,-1,-1,-1,-1,-1,-1
93,-1,-1,-1,-1,-1,-1,-1,-1,-1
94,-1,-1,-1,-1,-1,-1,-1,-1,-1
95,-1,-1,-1,-1,-1,-1,-1,-1,-1
96,-1,-1,-1,-1,-1,-1,-1,-1,-1
97,-1,-1,-1,-1,-1,-1,-1,-1,-1
98,-1,-1,-1,-1,-1,-1,-1,-1,-1
99,-1,-1,-1,-1,-1,-1,-1,-1,-1
100,-1,-1,-1,-1,-1,-1,-1,-1,-1
101,-1,-1,-1,-1,-1,-1,-1,-1,-1
102,-1,-1,-1,-1,-1,-1,-1,-1,-1
103,-1,-1,-1,-1,-1,-1,-1,-1,-1
104,-1,-1,-1,-1,-1,-1,-1,-1,-1
105,-1,-1,-1,-1,-1,-1,-1,-1,-1
106,-1,-1,-1,-1,-1,-1,-1,-1,-1
107,-1,-1,-1,-1,-1,-1,-1,-1,-1
108,-1,-1,-1,-1,-1,-1,-1,-1,-1
109,-1,-1,-1,-1,-1,-1,-1,-1,-1
110,-1,-1,-1,-1,-1,-1,-1,-1,-1
111,-1,-1,-1,-1,-1,-1,-1,-1,-1
112,-1,-1,-1,-1,-1,-1,-1,-1,-1
113,-1,-1,-1,-1,-1,-1,-1,-1,-1
114,-1,-1,-1,-1,-1,-1,-1,-1,-1
115,-1,-1,-1,-1,-1,-1,-1,-1,-1
116,-1,-1,-1,-1,-1,-1,-1,-1,-1
117,-1,-1,-1,-1,-1,-1,-1,-1,-1
118,-1,-1,-1,-1,-1,-1,-1,-1,-1
119,-1,-1,-1,-1,-1,-1,-1,-1,-1
120,-1,-1,-1,-1,-1,-1,-1,-1,-1
121,-1,-1,-1,-1,-1,-1,-1,-1,-1
122,-1,-1,-1,-1,-1,-1,-1,-1,-1
123,-1,-1,-1,-1,-1,-1,-1,-1,-1
124,-1,-1,-1,-1,-1,-1,-1,-1,-1
125,-1,-1,-1,-1,-1,-1,-1,-1,-1
126,-1,-1,-1,-1,-1,-1,-1,-1,-1
127,-1,-1,-1,-1,-1,-1,-1,-1,-1
128,-1,-1,-1,-1,-1,-1,-1,-1,-1
129,-1,-1,-1,-1,-1,-1,-1,-1,-1
130,-1,-1,-1,-1,-1,-1,-1,-1,-1
131,-1,-1,-1,-1,-1,-1,-1,-1,-1
132,-1,-1,-1,-1,-1,-1,-1,-1,-1
133,-1,-1,-1,-1,-1,-1,-1,-1,-1
134,-1,-1,-1,-1,-1,-1,-1,-1,-1
135,-1,-1,-1,-1,-1,-1,-1,-1,-1
136,-1,-1,-1,-1,-1,-1,-1,-1,-1
137,-1,-1,-1,-1,-1,-1,-1,-1,-1
138,-1,-1,-1,-1,-1,-1,-1,-1,-1
139,-1,-1,-1,-1,-1,-1,-1,-1,-1
140,-1,-1,-1,-1,-1,-1,-1,-1,-1
141,-1,-1,-1,-1,-1,-1,-1,-1,-1
142,-1,-1,-1,-1,-1,-1,-1,-1,-1
143,-1,-1,-1,-1,-1,-1,-1,-1,-1
144,-1,-1,-1,-1,-1,-1,-1,-1,-1
145,-1,-1,-1,-1,-1,-1,-1,-1,-1
146,-1,-1,-1,-1,-1,-1,-1,-1,-1
147,-1,-1,-1,-1,-1,-1,-1,-1,-1
148,-1,-1,-1,-1,-1,-1,-1,-1,-1
149,-1,-1,-1,-1,-1,-1,-1,-1,-1
150,-1,-1,-1,-1,-1,-1,-1,-1,-1
151,-1,-1,-1,-1,-1,-1,-1,-1,-1
152,-1,-1,-1,-1,-1,-1,-1,-1,-1
153,-1,-1,-1,-1,-1,-1,-1,-1,-1
154,-1,-1,-1,-1,-1,-1,-1,-1,-1
155,-1,-1,-1,-1,-1,-1,-1,-1,-1
156,-1,-1,-1,-1,-1,-1,-1,-1,-1
157,-1,-1,-1,-1,-1,-1,-1,-1,-1
158,-1,-1,-1,-1,-1,-1,-1,-1,-1
159,-1,270,154,8,9,0.12,2,-1,-1
160,-1,270,155,8,9,0.12,2,-1,-1
161,-1,271,155,8,8,0.11,2,-1,-1
162,-1,-1,-1,-1,-1,-1,-1,-1,-1
163,-1,272,157,8,9,0.40,2,-1,-1
164,-1,272,156,8,10,0.51,2,-1,-1
165,-1,272,156,8,10,0.50,2,-1,-1
166,-1,272,158,8,8,0.43,2,-1,-1
167,-1,272,158,8,8,0.43,2,-1,-1
168,-1,272,159,8,9,0.25,2,-1,-1
169,-1,272,159,8,9,0.35,2,-1,-1
170,-1,272,160,8,8,0.26,2,-1,-1
171,-1,272,161,8,9,0.41,2,-1,-1
172,-1,272,161,8,9,0.42,2,-1,-1
173,-1,272,162,8,8,0.37,2,-1,-1
174,-1,273,163,8,8,0.35,2,-1,-1
175,-1,273,163,8,8,0.33,2,-1,-1
176,-1,273,163,8,9,0.56,2,-1,-1
177,-1,273,163,8,9,0.56,2,-1,-1
178,-1,273,164,9,10,0.61,2,-1,-1
179,-1,272,163,10,10,0.67,2,-1,-1
180,-1,272,163,9,10,0.72,2,-1,-1
181,-1,272,163,10,10,0.74,2,-1,-1
182,-1,273,164,9,10,0.63,2,-1,-1
183,-1,273,165,9,10,0.53,2,-1,-1
184,-1,272,166,9,10,0.56,2,-1,-1
185,-1,272,166,9,10,0.54,2,-1,-1
186,-1,272,166,10,10,0.64,2,-1,-1
187,-1,272,167,10,11,0.58,2,-1,-1
188,-1,272,168,10,11,0.70,2,-1,-1
189,-1,272,168,10,11,0.65,2,-1,-1
190,-1,272,169,10,11,0.69,2,-1,-1
191,-1,272,169,10,11,0.70,2,-1,-1
192,-1,271,169,10,11,0.80,2,-1,-1
193,-1,271,169,10,12,0.79,2,-1,-1
194,-1,271,169,10,12,0.80,2,-1,-1
195,-1,270,170,10,12,0.82,2,-1,-1
196,-1,270,170,10,12,0.83,2,-1,-1
197,-1,270,171,10,11,0.82,2,-1,-1
198,-1,270,171,10,12,0.83,2,-1,-1
199,-1,270,172,10,12,0.81,2,-1,-1
200,-1,270,171,10,13,0.84,2,-1,-1
201,-1,270,172,10,13,0.85,2,-1,-1
202,-1,269,173,10,13,0.83,2,-1,-1
203,-1,269,174,10,12,0.82,2,-1,-1
204,-1,268,174,11,12,0.82,2,-1,-1
205,-1,268,174,11,13,0.82,2,-1,-1
206,-1,268,174,11,13,0.83,2,-1,-1
207,-1,268,175,11,13,0.80,2,-1,-1
208,-1,268,175,11,14,0.80,2,-1,-1
209,-1,266,175,12,14,0.80,2,-1,-1
210,-1,266,176,12,13,0.82,2,-1,-1
211,-1,266,176,12,14,0.83,2,-1,-1
212,-1,265,176,12,14,0.85,2,-1,-1
213,-1,265,177,12,14,0.87,2,-1,-1
214,-1,264,178,12,15,0.86,2,-1,-1
215,-1,264,177,12,16,0.88,2,-1,-1
216,-1,264,178,12,16,0.88,2,-1,-1
217,-1,263,179,12,16,0.86,2,-1,-1
218,-1,263,180,12,15,0.85,2,-1,-1
219,-1,262,180,13,15,0.86,2,-1,-1
220,-1,262,181,14,16,0.86,2,-1,-1
221,-1,262,182,13,14,0.86,2,-1,-1
222,-1,261,182,12,15,0.86,2,-1,-1
223,-1,262,182,12,14,0.86,2,-1,-1
224,-1,260,182,13,16,0.86,2,-1,-1
225,-1,260,184,12,14,0.85,2,-1,-1
226,-1,260,184,12,14,0.85,2,-1,-1
227,-1,259,184,13,15,0.85,2,-1,-1
228,-1,258,184,14,16,0.86,2,-1,-1
229,-1,257,186,14,16,0.85,2,-1,-1
230,-1,256,186,14,16,0.85,2,-1,-1
231,-1,256,186,14,17,0.86,2,-1,-1
232,-1,256,186,14,18,0.86,2,-1,-1
233,-1,255,186,15,18,0.87,2,-1,-1
234,-1,255,186,15,18,0.87,2,-1,-1
235,-1,353,418,56,86,0.92,2,-1,-1
235,-1,254,187,15,18,0.86,2,-1,-1
236,-1,350,396,50,78,0.91,2,-1,-1
236,-1,254,188,14,18,0.87,2,-1,-1
237,-1,344,366,44,70,0.94,2,-1,-1
237,-1,253,188,14,17,0.87,2,-1,-1
238,-1,340,352,42,62,0.93,2,-1,-1
238,-1,253,188,15,18,0.87,2,-1,-1
239,-1,337,332,37,56,0.91,2,-1,-1
239,-1,252,190,14,17,0.85,2,-1,-1
240,-1,335,320,35,53,0.90,2,-1,-1
240,-1,252,190,14,17,0.85,2,-1,-1
241,-1,332,306,33,48,0.91,2,-1,-1
241,-1,251,190,15,17,0.85,2,-1,-1
242,-1,330,296,32,46,0.90,2,-1,-1
242,-1,250,190,15,17,0.86,2,-1,-1
243,-1,329,288,30,43,0.90,2,-1,-1
243,-1,250,190,15,17,0.86,2,-1,-1
244,-1,328,278,28,40,0.89,2,-1,-1
244,-1,249,190,15,18,0.86,2,-1,-1
245,-1,327,267,25,38,0.89,2,-1,-1
245,-1,248,191,16,18,0.85,2,-1,-1
246,-1,326,263,25,35,0.89,2,-1,-1
246,-1,248,191,16,18,0.86,2,-1,-1
247,-1,324,254,24,34,0.89,2,-1,-1
247,-1,247,191,16,19,0.87,2,-1,-1
248,-1,323,250,24,33,0.89,2,-1,-1
248,-1,246,192,16,18,0.87,2,-1,-1
249,-1,246,192,16,18,0.88,2,-1,-1
249,-1,322,242,22,32,0.88,2,-1,-1
250,-1,246,192,16,18,0.88,2,-1,-1
250,-1,321,239,21,30,0.88,2,-1,-1
251,-1,246,192,15,18,0.89,2,-1,-1
251,-1,321,234,20,28,0.87,2,-1,-1
252,-1,371,287,135,237,0.90,7,-1,-1
252,-1,321,229,20,29,0.88,2,-1,-1
252,-1,245,192,16,18,0.87,2,-1,-1
253,-1,366,272,118,213,0.92,7,-1,-1
253,-1,320,226,19,26,0.88,2,-1,-1
253,-1,244,194,16,18,0.87,2,-1,-1
254,-1,364,268,109,195,0.93,7,-1,-1
254,-1,320,224,18,26,0.87,2,-1,-1
254,-1,244,194,16,18,0.86,2,-1,-1
255,-1,361,262,102,182,0.94,7,-1,-1
255,-1,243,194,15,18,0.87,2,-1,-1
255,-1,319,220,18,25,0.87,2,-1,-1
256,-1,358,254,90,164,0.93,7,-1,-1
256,-1,242,194,16,18,0.87,2,-1,-1
256,-1,318,216,18,25,0.87,2,-1,-1
257,-1,356,246,83,150,0.94,7,-1,-1
257,-1,318,213,18,22,0.87,2,-1,-1
257,-1,242,194,16,19,0.87,2,-1,-1
258,-1,353,242,77,141,0.93,7,-1,-1
258,-1,317,210,17,23,0.89,2,-1,-1
258,-1,242,194,16,19,0.87,2,-1,-1
259,-1,351,237,70,130,0.93,7,-1,-1
259,-1,316,208,16,21,0.88,2,-1,-1
259,-1,241,194,17,19,0.87,2,-1,-1
260,-1,350,233,66,123,0.92,7,-1,-1
260,-1,316,206,16,20,0.90,2,-1,-1
260,-1,241,194,17,20,0.87,2,-1,-1
261,-1,348,228,61,115,0.93,7,-1,-1
261,-1,316,202,15,20,0.88,2,-1,-1
261,-1,240,194,17,20,0.87,2,-1,-1
262,-1,346,225,58,109,0.92,7,-1,-1
262,-1,316,201,16,20,0.88,2,-1,-1
262,-1,240,194,16,19,0.86,2,-1,-1
263,-1,345,221,53,103,0.92,7,-1,-1
263,-1,315,198,15,18,0.88,2,-1,-1
263,-1,240,196,16,18,0.86,2,-1,-1
264,-1,344,218,51,100,0.92,7,-1,-1
264,-1,315,197,14,18,0.87,2,-1,-1
264,-1,240,195,16,19,0.86,2,-1,-1
265,-1,342,430,47,72,0.94,2,-1,-1
265,-1,342,214,48,92,0.92,7,-1,-1
265,-1,314,194,14,18,0.87,2,-1,-1
265,-1,239,195,16,19,0.87,2,-1,-1
266,-1,338,410,45,64,0.92,2,-1,-1
266,-1,342,212,46,90,0.91,7,-1,-1
266,-1,314,193,14,18,0.87,2,-1,-1
266,-1,239,195,16,19,0.87,2,-1,-1
267,-1,340,209,45,84,0.91,7,-1,-1
267,-1,335,384,40,55,0.90,2,-1,-1
267,-1,238,195,16,20,0.87,2,-1,-1
267,-1,314,191,14,17,0.86,2,-1,-1
268,-1,332,371,38,49,0.91,2,-1,-1
268,-1,338,206,43,83,0.90,7,-1,-1
268,-1,238,195,16,19,0.87,2,-1,-1
268,-1,314,190,14,17,0.85,2,-1,-1
269,-1,338,203,41,78,0.90,7,-1,-1
269,-1,329,351,34,44,0.89,2,-1,-1
269,-1,238,195,16,20,0.88,2,-1,-1
269,-1,313,188,13,17,0.84,2,-1,-1
270,-1,337,202,40,77,0.90,7,-1,-1
270,-1,328,339,32,42,0.90,2,-1,-1
270,-1,238,195,16,20,0.87,2,-1,-1
270,-1,313,188,12,15,0.86,2,-1,-1
271,-1,336,199,38,74,0.93,7,-1,-1
271,-1,326,324,29,37,0.89,2,-1,-1
271,-1,313,186,12,15,0.87,2,-1,-1
271,-1,238,195,16,20,0.87,2,-1,-1
272,-1,336,198,36,72,0.92,7,-1,-1
272,-1,325,314,28,36,0.88,2,-1,-1
272,-1,238,195,16,20,0.86,2,-1,-1
272,-1,313,186,12,14,0.86,2,-1,-1
273,-1,336,195,34,69,0.91,7,-1,-1
273,-1,323,302,28,33,0.89,2,-1,-1
273,-1,238,195,16,20,0.87,2,-1,-1
273,-1,312,184,12,14,0.83,2,-1,-1
274,-1,335,193,34,68,0.91,7,-1,-1
274,-1,238,196,16,20,0.88,2,-1,-1
274,-1,322,294,26,32,0.87,2,-1,-1
274,-1,312,183,12,14,0.84,2,-1,-1
275,-1,334,192,34,64,0.91,7,-1,-1
275,-1,238,196,16,20,0.88,2,-1,-1
275,-1,320,284,24,30,0.88,2,-1,-1
275,-1,312,181,12,14,0.86,2,-1,-1
276,-1,334,190,32,63,0.90,7,-1,-1
276,-1,238,196,16,20,0.88,2,-1,-1
276,-1,320,278,24,29,0.88,2,-1,-1
276,-1,312,180,12,14,0.87,2,-1,-1
277,-1,332,188,30,60,0.90,7,-1,-1
277,-1,238,196,15,20,0.89,2,-1,-1
277,-1,319,270,22,27,0.87,2,-1,-1
277,-1,311,179,12,13,0.87,2,-1,-1
278,-1,332,186,30,60,0.90,7,-1,-1
278,-1,318,264,22,26,0.89,2,-1,-1
278,-1,238,196,15,20,0.89,2,-1,-1
278,-1,312,178,11,14,0.86,2,-1,-1
279,-1,332,185,30,58,0.91,7,-1,-1
279,-1,318,258,20,24,0.90,2,-1,-1
279,-1,238,196,15,20,0.89,2,-1,-1
279,-1,311,177,11,13,0.85,2,-1,-1
280,-1,331,184,30,56,0.89,7,-1,-1
280,-1,238,196,16,20,0.89,2,-1,-1
280,-1,317,254,20,23,0.86,2,-1,-1
280,-1,310,176,11,13,0.84,2,-1,-1
281,-1,330,182,28,54,0.90,7,-1,-1
281,-1,238,196,15,20,0.89,2,-1,-1
281,-1,317,249,19,22,0.88,2,-1,-1
281,-1,310,174,10,13,0.82,2,-1,-1
282,-1,330,182,28,53,0.90,7,-1,-1
282,-1,238,196,15,20,0.89,2,-1,-1
282,-1,316,244,19,23,0.88,2,-1,-1
282,-1,310,174,10,12,0.84,2,-1,-1
283,-1,330,180,27,52,0.89,7,-1,-1
283,-1,238,197,15,20,0.89,2,-1,-1
283,-1,316,239,19,22,0.86,2,-1,-1
283,-1,310,174,10,12,0.84,2,-1,-1
284,-1,329,179,26,51,0.89,7,-1,-1
284,-1,238,197,16,20,0.89,2,-1,-1
284,-1,316,236,18,21,0.88,2,-1,-1
284,-1,310,172,10,12,0.81,2,-1,-1
285,-1,328,178,25,49,0.89,7,-1,-1
285,-1,238,197,16,20,0.89,2,-1,-1
285,-1,315,231,18,20,0.86,2,-1,-1
285,-1,309,171,10,12,0.82,2,-1,-1
286,-1,238,197,16,20,0.89,2,-1,-1
286,-1,328,177,26,48,0.88,7,-1,-1
286,-1,314,228,18,20,0.88,2,-1,-1
286,-1,309,171,10,12,0.84,2,-1,-1
287,-1,238,197,16,20,0.89,2,-1,-1
287,-1,327,176,25,47,0.87,7,-1,-1
287,-1,314,225,16,18,0.86,2,-1,-1
287,-1,309,170,10,11,0.77,2,-1,-1
288,-1,238,197,15,20,0.89,2,-1,-1
288,-1,314,221,16,19,0.87,2,-1,-1
288,-1,326,174,24,47,0.87,7,-1,-1
288,-1,308,170,10,11,0.78,2,-1,-1
289,-1,237,197,15,19,0.89,2,-1,-1
289,-1,326,174,24,45,0.88,7,-1,-1
289,-1,313,218,16,18,0.85,2,-1,-1
289,-1,308,168,9,12,0.68,2,-1,-1
290,-1,237,197,16,20,0.89,2,-1,-1
290,-1,326,174,22,43,0.87,7,-1,-1
290,-1,313,216,16,18,0.85,2,-1,-1
290,-1,308,168,10,11,0.58,2,-1,-1
291,-1,237,197,16,20,0.89,2,-1,-1
291,-1,326,172,22,42,0.86,7,-1,-1
291,-1,313,214,16,17,0.85,2,-1,-1
291,-1,308,167,9,11,0.58,2,-1,-1
292,-1,237,197,16,20,0.89,2,-1,-1
292,-1,325,172,22,42,0.87,7,-1,-1
292,-1,312,211,15,17,0.84,2,-1,-1
292,-1,307,167,10,11,0.59,2,-1,-1
293,-1,237,197,16,20,0.89,2,-1,-1
293,-1,324,171,22,41,0.86,7,-1,-1
293,-1,312,209,14,16,0.85,2,-1,-1
293,-1,306,166,9,11,0.51,2,-1,-1
294,-1,237,197,16,20,0.89,2,-1,-1
294,-1,323,170,22,40,0.86,7,-1,-1
294,-1,312,207,14,16,0.84,2,-1,-1
294,-1,306,166,8,10,0.62,2,-1,-1
295,-1,237,197,16,20,0.89,2,-1,-1
295,-1,323,169,22,40,0.86,7,-1,-1
295,-1,312,205,14,16,0.85,2,-1,-1
295,-1,306,165,8,10,0.65,2,-1,-1
296,-1,237,197,16,20,0.89,2,-1,-1
296,-1,322,168,22,40,0.86,7,-1,-1
296,-1,311,202,15,16,0.86,2,-1,-1
296,-1,306,164,8,10,0.43,2,-1,-1
297,-1,237,197,16,20,0.89,2,-1,-1
297,-1,322,167,22,39,0.85,7,-1,-1
297,-1,311,201,14,16,0.85,2,-1,-1
297,-1,305,164,8,10,0.43,2,-1,-1
298,-1,237,197,16,20,0.89,2,-1,-1
298,-1,322,166,22,39,0.86,7,-1,-1
298,-1,311,199,14,15,0.84,2,-1,-1
298,-1,304,163,8,10,0.41,2,-1,-1
299,-1,237,197,16,20,0.89,2,-1,-1
299,-1,322,166,21,38,0.86,7,-1,-1
299,-1,311,198,14,14,0.86,2,-1,-1
299,-1,304,161,8,10,0.46,2,-1,-1
300,-1,237,197,16,20,0.89,2,-1,-1
300,-1,311,196,13,14,0.87,2,-1,-1
300,-1,322,165,20,36,0.86,7,-1,-1
300,-1,303,161,8,10,0.29,2,-1,-1
301,-1,236,197,16,19,0.89,2,-1,-1
301,-1,322,165,20,36,0.86,7,-1,-1
301,-1,311,194,12,14,0.83,2,-1,-1
301,-1,302,160,8,10,0.35,2,-1,-1
302,-1,236,198,16,19,0.89,2,-1,-1
302,-1,321,164,20,36,0.86,7,-1,-1
302,-1,310,192,12,14,0.80,2,-1,-1
302,-1,302,159,8,11,0.25,2,-1,-1
303,-1,236,198,16,19,0.89,2,-1,-1
303,-1,321,164,19,35,0.86,7,-1,-1
303,-1,310,192,12,13,0.82,2,-1,-1
303,-1,302,158,8,11,0.27,2,-1,-1
304,-1,236,198,16,19,0.89,2,-1,-1
304,-1,321,164,18,34,0.86,7,-1,-1
304,-1,310,191,12,13,0.83,2,-1,-1
304,-1,302,158,8,10,0.20,2,-1,-1
305,-1,236,197,16,19,0.89,2,-1,-1
305,-1,320,163,19,33,0.86,7,-1,-1
305,-1,310,189,11,12,0.85,2,-1,-1
305,-1,300,158,8,10,0.11,2,-1,-1
306,-1,236,197,16,19,0.89,2,-1,-1
306,-1,319,162,19,33,0.85,7,-1,-1
306,-1,310,188,12,12,0.85,2,-1,-1
307,-1,236,197,16,19,0.89,2,-1,-1
307,-1,319,161,18,32,0.85,7,-1,-1
307,-1,310,186,11,12,0.84,2,-1,-1
308,-1,236,197,16,19,0.89,2,-1,-1
308,-1,319,161,19,32,0.86,7,-1,-1
308,-1,310,185,11,12,0.70,2,-1,-1
309,-1,236,197,16,20,0.89,2,-1,-1
309,-1,320,160,18,31,0.84,7,-1,-1
309,-1,310,185,11,12,0.81,2,-1,-1
310,-1,236,197,16,20,0.89,2,-1,-1
310,-1,319,160,18,31,0.84,7,-1,-1
310,-1,310,184,11,12,0.80,2,-1,-1
311,-1,236,197,16,19,0.89,2,-1,-1
311,-1,319,159,17,30,0.83,7,-1,-1
311,-1,310,183,10,11,0.78,2,-1,-1
312,-1,236,197,16,19,0.89,2,-1,-1
312,-1,318,159,17,30,0.83,7,-1,-1
312,-1,310,182,10,11,0.80,2,-1,-1
313,-1,236,197,16,19,0.89,2,-1,-1
313,-1,318,159,17,29,0.83,7,-1,-1
313,-1,308,180,10,11,0.82,2,-1,-1
314,-1,236,198,16,19,0.89,2,-1,-1
314,-1,318,158,18,29,0.83,7,-1,-1
314,-1,309,180,10,10,0.77,2,-1,-1
315,-1,236,198,16,19,0.89,2,-1,-1
315,-1,317,158,18,28,0.84,7,-1,-1
315,-1,308,178,10,10,0.80,2,-1,-1
316,-1,236,198,16,19,0.89,2,-1,-1
316,-1,317,158,17,28,0.85,7,-1,-1
316,-1,308,178,9,10,0.74,2,-1,-1
317,-1,236,198,16,19,0.89,2,-1,-1
317,-1,317,157,16,28,0.83,7,-1,-1
317,-1,308,177,9,10,0.60,2,-1,-1
318,-1,236,198,16,19,0.89,2,-1,-1
318,-1,317,157,15,28,0.83,7,-1,-1
318,-1,308,176,9,10,0.65,2,-1,-1
319,-1,236,198,16,19,0.89,2,-1,-1
319,-1,317,156,15,27,0.83,7,-1,-1
319,-1,308,175,9,10,0.60,2,-1,-1
320,-1,236,198,16,19,0.89,2,-1,-1
320,-1,317,156,15,26,0.82,7,-1,-1
320,-1,308,175,9,10,0.63,2,-1,-1
321,-1,236,198,16,19,0.89,2,-1,-1
321,-1,317,155,14,26,0.83,7,-1,-1
321,-1,272,158,8,8,0.41,2,-1,-1
321,-1,307,174,9,9,0.37,2,-1,-1
322,-1,236,198,16,19,0.89,2,-1,-1
322,-1,316,155,14,26,0.83,7,-1,-1
322,-1,272,158,8,8,0.51,2,-1,-1
322,-1,307,173,9,10,0.50,2,-1,-1
323,-1,236,198,16,19,0.88,2,-1,-1
323,-1,316,155,14,26,0.86,7,-1,-1
323,-1,272,159,8,8,0.21,2,-1,-1
324,-1,236,198,16,19,0.88,2,-1,-1
324,-1,316,154,14,26,0.86,7,-1,-1
324,-1,272,159,8,8,0.22,2,-1,-1
325,-1,237,198,16,19,0.88,2,-1,-1
325,-1,315,154,14,24,0.86,7,-1,-1
325,-1,306,172,8,8,0.52,2,-1,-1
326,-1,236,197,16,19,0.88,2,-1,-1
326,-1,314,153,14,25,0.87,7,-1,-1
327,-1,236,197,16,19,0.88,2,-1,-1
327,-1,314,154,14,24,0.87,7,-1,-1
327,-1,273,162,8,7,0.18,2,-1,-1
328,-1,236,197,16,19,0.88,2,-1,-1
328,-1,314,153,14,24,0.87,7,-1,-1
328,-1,273,162,8,8,0.20,2,-1,-1
329,-1,236,197,16,20,0.88,2,-1,-1
329,-1,314,152,14,24,0.86,7,-1,-1
329,-1,273,162,8,8,0.21,2,-1,-1
330,-1,236,197,16,20,0.88,2,-1,-1
330,-1,314,152,14,24,0.86,7,-1,-1
330,-1,274,164,8,8,0.30,2,-1,-1
331,-1,236,197,16,20,0.88,2,-1,-1
331,-1,313,152,14,24,0.86,7,-1,-1
331,-1,305,167,8,8,0.38,2,-1,-1
331,-1,274,164,8,8,0.28,2,-1,-1
332,-1,237,198,16,19,0.88,2,-1,-1
332,-1,313,151,14,24,0.83,7,-1,-1
332,-1,304,167,8,9,0.49,2,-1,-1
332,-1,274,164,8,8,0.25,2,-1,-1
333,-1,237,198,16,19,0.88,2,-1,-1
333,-1,312,151,14,24,0.84,7,-1,-1
333,-1,274,164,8,8,0.45,2,-1,-1
334,-1,237,198,16,19,0.88,2,-1,-1
334,-1,312,150,13,23,0.83,7,-1,-1
334,-1,274,164,8,8,0.45,2,-1,-1
334,-1,304,164,7,8,0.31,2,-1,-1
335,-1,237,198,16,19,0.88,2,-1,-1
335,-1,312,150,12,23,0.81,7,-1,-1
335,-1,274,164,8,8,0.46,2,-1,-1
335,-1,304,165,7,8,0.33,2,-1,-1
336,-1,237,198,16,19,0.88,2,-1,-1
336,-1,310,150,13,22,0.82,7,-1,-1
336,-1,274,164,8,8,0.46,2,-1,-1
337,-1,237,198,16,19,0.88,2,-1,-1
337,-1,310,150,14,22,0.84,7,-1,-1
337,-1,274,164,9,8,0.49,2,-1,-1
338,-1,236,198,17,19,0.88,2,-1,-1
338,-1,309,149,14,22,0.84,7,-1,-1
338,-1,274,164,10,10,0.52,2,-1,-1
339,-1,236,197,17,20,0.88,2,-1,-1
339,-1,308,148,14,22,0.84,7,-1,-1
339,-1,274,164,10,9,0.44,2,-1,-1
340,-1,236,197,17,20,0.88,2,-1,-1
340,-1,308,148,14,22,0.83,7,-1,-1
340,-1,274,164,10,10,0.40,2,-1,-1
341,-1,236,197,17,20,0.89,2,-1,-1
341,-1,308,148,14,22,0.84,7,-1,-1
341,-1,274,165,11,10,0.54,2,-1,-1
342,-1,237,197,17,20,0.88,2,-1,-1
342,-1,308,148,14,21,0.84,7,-1,-1
342,-1,274,166,11,10,0.55,2,-1,-1
343,-1,237,197,17,20,0.88,2,-1,-1
343,-1,307,148,13,20,0.84,7,-1,-1
343,-1,274,166,11,10,0.55,2,-1,-1
344,-1,237,197,17,20,0.88,2,-1,-1
344,-1,307,148,13,20,0.84,7,-1,-1
344,-1,275,166,10,10,0.62,2,-1,-1
345,-1,236,197,18,20,0.88,2,-1,-1
345,-1,306,148,13,20,0.82,7,-1,-1
345,-1,275,167,10,10,0.60,2,-1,-1
346,-1,236,197,18,20,0.88,2,-1,-1
346,-1,306,148,13,20,0.80,7,-1,-1
346,-1,275,167,10,10,0.59,2,-1,-1
347,-1,236,197,18,20,0.88,2,-1,-1
347,-1,306,147,13,19,0.81,7,-1,-1
347,-1,276,167,10,10,0.60,2,-1,-1
348,-1,236,197,18,20,0.88,2,-1,-1
348,-1,306,147,13,19,0.81,7,-1,-1
348,-1,276,168,10,10,0.60,2,-1,-1
349,-1,236,198,18,19,0.88,2,-1,-1
349,-1,305,147,12,19,0.78,7,-1,-1
349,-1,276,167,10,11,0.61,2,-1,-1
350,-1,236,198,18,19,0.88,2,-1,-1
350,-1,304,146,12,20,0.79,7,-1,-1
350,-1,276,168,11,11,0.60,2,-1,-1
351,-1,236,197,18,19,0.88,2,-1,-1
351,-1,304,146,13,19,0.83,7,-1,-1
351,-1,276,169,10,10,0.74,2,-1,-1
352,-1,236,197,18,19,0.88,2,-1,-1
352,-1,304,146,13,19,0.83,7,-1,-1
352,-1,276,169,10,10,0.74,2,-1,-1
353,-1,236,197,18,19,0.88,2,-1,-1
353,-1,302,146,13,18,0.84,7,-1,-1
353,-1,276,169,10,10,0.74,2,-1,-1
354,-1,236,197,17,20,0.88,2,-1,-1
354,-1,302,145,13,18,0.82,7,-1,-1
354,-1,275,171,10,11,0.74,2,-1,-1
355,-1,236,197,17,20,0.88,2,-1,-1
355,-1,302,145,13,18,0.82,7,-1,-1
355,-1,276,171,10,11,0.76,2,-1,-1
356,-1,236,197,17,20,0.88,2,-1,-1
356,-1,302,144,12,19,0.78,7,-1,-1
356,-1,276,171,10,11,0.76,2,-1,-1
357,-1,236,197,17,20,0.88,2,-1,-1
357,-1,301,144,12,18,0.80,7,-1,-1
357,-1,275,172,10,12,0.73,2,-1,-1
358,-1,236,197,17,20,0.88,2,-1,-1
358,-1,300,144,12,18,0.78,7,-1,-1
358,-1,275,172,10,12,0.76,2,-1,-1
359,-1,236,197,17,20,0.88,2,-1,-1
359,-1,300,144,12,18,0.79,7,-1,-1
359,-1,275,173,10,12,0.78,2,-1,-1
360,-1,236,197,17,20,0.88,2,-1,-1
360,-1,276,173,11,12,0.77,2,-1,-1
360,-1,299,144,12,18,0.75,7,-1,-1
361,-1,236,197,16,20,0.89,2,-1,-1
361,-1,276,174,11,12,0.78,2,-1,-1
361,-1,298,143,12,17,0.74,7,-1,-1
362,-1,237,197,16,19,0.89,2,-1,-1
362,-1,276,174,11,12,0.78,2,-1,-1
362,-1,298,143,12,17,0.74,7,-1,-1
363,-1,237,198,16,19,0.89,2,-1,-1
363,-1,298,143,12,16,0.75,7,-1,-1
363,-1,274,175,12,12,0.72,2,-1,-1
364,-1,237,198,16,19,0.89,2,-1,-1
364,-1,274,176,12,12,0.77,2,-1,-1
364,-1,298,143,12,16,0.61,7,-1,-1
365,-1,237,198,16,19,0.89,2,-1,-1
365,-1,274,177,12,12,0.79,2,-1,-1
365,-1,297,142,11,17,0.28,7,-1,-1
366,-1,415,424,68,92,0.92,2,-1,-1
366,-1,237,198,16,19,0.89,2,-1,-1
366,-1,274,177,12,12,0.80,2,-1,-1
366,-1,296,142,11,17,0.18,7,-1,-1
367,-1,405,396,58,81,0.90,2,-1,-1
367,-1,237,198,16,19,0.89,2,-1,-1
367,-1,274,178,12,13,0.83,2,-1,-1
367,-1,296,142,12,17,0.63,7,-1,-1
368,-1,398,380,54,74,0.91,2,-1,-1
368,-1,237,198,16,19,0.89,2,-1,-1
368,-1,274,178,12,13,0.85,2,-1,-1
368,-1,296,142,11,17,0.64,7,-1,-1
369,-1,391,360,48,67,0.94,2,-1,-1
369,-1,237,198,16,19,0.89,2,-1,-1
369,-1,273,178,12,14,0.85,2,-1,-1
369,-1,295,141,11,17,0.54,7,-1,-1
370,-1,385,348,46,62,0.91,2,-1,-1
370,-1,237,198,16,19,0.89,2,-1,-1
370,-1,272,179,12,14,0.86,2,-1,-1
370,-1,295,141,11,17,0.54,7,-1,-1
371,-1,380,332,40,56,0.91,2,-1,-1
371,-1,237,198,16,19,0.89,2,-1,-1
371,-1,272,180,12,14,0.86,2,-1,-1
371,-1,294,141,11,17,0.65,7,-1,-1
372,-1,376,322,38,53,0.91,2,-1,-1
372,-1,237,198,15,19,0.89,2,-1,-1
372,-1,272,181,12,14,0.86,2,-1,-1
372,-1,294,141,10,16,0.46,7,-1,-1
373,-1,373,314,35,50,0.91,2,-1,-1
373,-1,237,198,15,19,0.89,2,-1,-1
373,-1,272,182,12,14,0.85,2,-1,-1
373,-1,294,141,9,16,0.20,7,-1,-1
374,-1,237,198,15,19,0.89,2,-1,-1
374,-1,368,302,33,47,0.89,2,-1,-1
374,-1,272,183,12,14,0.85,2,-1,-1
374,-1,293,141,10,16,0.31,7,-1,-1
375,-1,365,292,30,44,0.90,2,-1,-1
375,-1,237,197,15,19,0.89,2,-1,-1
375,-1,272,184,12,14,0.85,2,-1,-1
375,-1,292,140,10,16,0.21,7,-1,-1
376,-1,237,197,15,19,0.89,2,-1,-1
376,-1,362,286,29,42,0.89,2,-1,-1
376,-1,271,184,12,14,0.85,2,-1,-1
376,-1,292,140,9,16,0.17,7,-1,-1
377,-1,237,198,15,19,0.89,2,-1,-1
377,-1,358,277,28,40,0.89,2,-1,-1
377,-1,271,185,12,13,0.87,2,-1,-1
378,-1,356,272,27,38,0.90,2,-1,-1
378,-1,237,198,15,19,0.89,2,-1,-1
378,-1,270,185,12,14,0.87,2,-1,-1
379,-1,237,198,15,19,0.89,2,-1,-1
379,-1,354,264,25,36,0.88,2,-1,-1
379,-1,269,186,12,14,0.88,2,-1,-1
380,-1,237,198,15,19,0.89,2,-1,-1
380,-1,269,187,12,16,0.88,2,-1,-1
380,-1,352,260,24,35,0.88,2,-1,-1
381,-1,237,198,15,19,0.89,2,-1,-1
381,-1,350,254,22,33,0.88,2,-1,-1
381,-1,268,188,13,16,0.88,2,-1,-1
382,-1,237,198,15,19,0.89,2,-1,-1
382,-1,349,251,22,32,0.88,2,-1,-1
382,-1,268,190,13,15,0.86,2,-1,-1
383,-1,237,198,15,19,0.89,2,-1,-1
383,-1,346,247,24,31,0.87,2,-1,-1
383,-1,267,190,13,15,0.86,2,-1,-1
384,-1,237,198,15,19,0.89,2,-1,-1
384,-1,344,242,22,30,0.88,2,-1,-1
384,-1,266,190,14,16,0.85,2,-1,-1
385,-1,237,198,15,19,0.89,2,-1,-1
385,-1,344,240,20,26,0.86,2,-1,-1
385,-1,265,192,14,15,0.86,2,-1,-1
386,-1,237,197,15,19,0.89,2,-1,-1
386,-1,264,193,14,16,0.86,2,-1,-1
386,-1,344,236,19,26,0.85,2,-1,-1
387,-1,237,198,15,19,0.89,2,-1,-1
387,-1,264,194,14,17,0.86,2,-1,-1
387,-1,342,232,18,25,0.86,2,-1,-1
388,-1,237,198,15,19,0.89,2,-1,-1
388,-1,263,194,14,18,0.86,2,-1,-1
388,-1,341,230,18,24,0.85,2,-1,-1
389,-1,237,198,15,19,0.89,2,-1,-1
389,-1,339,225,18,25,0.88,2,-1,-1
389,-1,262,196,14,18,0.87,2,-1,-1
390,-1,237,198,15,19,0.89,2,-1,-1
390,-1,263,198,14,16,0.86,2,-1,-1
390,-1,338,223,18,24,0.86,2,-1,-1
391,-1,238,198,14,19,0.89,2,-1,-1
391,-1,337,221,17,21,0.87,2,-1,-1
391,-1,261,198,15,18,0.87,2,-1,-1
392,-1,238,198,14,19,0.89,2,-1,-1
392,-1,337,218,17,22,0.87,2,-1,-1
392,-1,260,199,15,17,0.87,2,-1,-1
393,-1,238,198,14,19,0.89,2,-1,-1
393,-1,259,201,15,18,0.86,2,-1,-1
393,-1,337,215,16,21,0.84,2,-1,-1
394,-1,237,198,14,19,0.89,2,-1,-1
394,-1,336,214,16,20,0.86,2,-1,-1
394,-1,258,202,15,18,0.86,2,-1,-1
395,-1,237,198,14,18,0.89,2,-1,-1
395,-1,257,204,15,18,0.85,2,-1,-1
395,-1,336,212,16,19,0.85,2,-1,-1
396,-1,237,198,14,18,0.88,2,-1,-1
396,-1,256,205,16,18,0.85,2,-1,-1
396,-1,335,210,16,18,0.84,2,-1,-1
397,-1,238,198,14,19,0.88,2,-1,-1
397,-1,334,207,15,19,0.86,2,-1,-1
397,-1,255,208,15,18,0.84,2,-1,-1
398,-1,238,198,14,19,0.88,2,-1,-1
398,-1,334,205,15,19,0.86,2,-1,-1
398,-1,254,208,14,19,0.85,2,-1,-1
399,-1,237,198,14,18,0.89,2,-1,-1
399,-1,252,210,16,20,0.87,2,-1,-1
399,-1,333,203,14,18,0.85,2,-1,-1
400,-1,238,198,14,18,0.89,2,-1,-1
400,-1,251,211,16,20,0.87,2,-1,-1
400,-1,332,203,15,18,0.86,2,-1,-1
401,-1,237,198,14,18,0.90,2,-1,-1
401,-1,250,213,16,20,0.87,2,-1,-1
401,-1,331,201,14,16,0.87,2,-1,-1
402,-1,238,198,14,18,0.90,2,-1,-1
402,-1,331,200,15,16,0.86,2,-1,-1
402,-1,249,215,16,20,0.86,2,-1,-1
403,-1,237,198,14,18,0.90,2,-1,-1
403,-1,248,217,16,20,0.85,2,-1,-1
403,-1,330,197,14,16,0.84,2,-1,-1
404,-1,237,198,14,18,0.90,2,-1,-1
404,-1,247,218,17,22,0.87,2,-1,-1
404,-1,329,195,14,17,0.84,2,-1,-1
405,-1,237,198,14,18,0.89,2,-1,-1
405,-1,245,220,17,22,0.87,2,-1,-1
405,-1,328,194,14,16,0.83,2,-1,-1
406,-1,237,198,14,18,0.89,2,-1,-1
406,-1,244,223,17,22,0.85,2,-1,-1
406,-1,328,194,14,15,0.85,2,-1,-1
407,-1,238,198,14,18,0.89,2,-1,-1
407,-1,241,226,19,22,0.87,2,-1,-1
407,-1,326,192,14,16,0.85,2,-1,-1
407,-1,271,156,8,8,0.16,2,-1,-1
408,-1,237,198,15,18,0.89,2,-1,-1
408,-1,240,228,18,22,0.87,2,-1,-1
408,-1,326,191,14,15,0.84,2,-1,-1
408,-1,271,156,8,8,0.16,2,-1,-1
409,-1,238,197,14,19,0.89,2,-1,-1
409,-1,325,188,14,16,0.86,2,-1,-1
409,-1,238,230,18,24,0.85,2,-1,-1
410,-1,237,197,15,19,0.89,2,-1,-1
410,-1,237,232,18,24,0.87,2,-1,-1
410,-1,324,188,14,15,0.85,2,-1,-1
410,-1,272,158,8,8,0.57,2,-1,-1
411,-1,237,197,15,19,0.89,2,-1,-1
411,-1,235,235,20,26,0.87,2,-1,-1
411,-1,324,187,14,15,0.86,2,-1,-1
411,-1,272,158,8,8,0.70,2,-1,-1
412,-1,237,197,15,19,0.88,2,-1,-1
412,-1,233,238,19,26,0.86,2,-1,-1
412,-1,324,186,14,14,0.84,2,-1,-1
412,-1,273,158,8,8,0.67,2,-1,-1
413,-1,237,197,15,19,0.88,2,-1,-1
413,-1,231,240,20,28,0.88,2,-1,-1
413,-1,323,185,13,14,0.86,2,-1,-1
413,-1,274,161,8,8,0.55,2,-1,-1
414,-1,229,244,20,28,0.88,2,-1,-1
414,-1,238,197,14,19,0.87,2,-1,-1
414,-1,323,184,13,14,0.84,2,-1,-1
414,-1,274,161,8,8,0.55,2,-1,-1
415,-1,423,426,78,102,0.92,2,-1,-1
415,-1,238,197,14,19,0.88,2,-1,-1
415,-1,226,248,22,28,0.87,2,-1,-1
415,-1,322,184,12,12,0.80,2,-1,-1
415,-1,274,161,8,8,0.49,2,-1,-1
416,-1,414,402,70,91,0.92,2,-1,-1
416,-1,238,197,14,19,0.88,2,-1,-1
416,-1,224,250,22,30,0.87,2,-1,-1
416,-1,322,183,12,13,0.78,2,-1,-1
416,-1,274,162,8,7,0.44,2,-1,-1
417,-1,400,374,61,78,0.91,2,-1,-1
417,-1,222,254,22,31,0.88,2,-1,-1
417,-1,238,197,14,20,0.88,2,-1,-1
417,-1,320,182,12,12,0.84,2,-1,-1
417,-1,275,162,8,8,0.53,2,-1,-1
418,-1,396,358,54,70,0.93,2,-1,-1
418,-1,220,257,24,32,0.90,2,-1,-1
418,-1,237,197,15,20,0.88,2,-1,-1
418,-1,320,181,12,13,0.84,2,-1,-1
418,-1,275,163,8,8,0.58,2,-1,-1
419,-1,386,338,48,62,0.92,2,-1,-1
419,-1,238,197,14,19,0.88,2,-1,-1
419,-1,216,262,24,33,0.87,2,-1,-1
419,-1,320,179,12,13,0.83,2,-1,-1
419,-1,275,163,8,8,0.59,2,-1,-1
420,-1,382,326,44,58,0.91,2,-1,-1
420,-1,214,266,25,34,0.89,2,-1,-1
420,-1,238,197,14,19,0.88,2,-1,-1
420,-1,320,178,11,13,0.83,2,-1,-1
420,-1,275,163,8,8,0.58,2,-1,-1
421,-1,375,311,40,52,0.91,2,-1,-1
421,-1,210,272,26,35,0.90,2,-1,-1
421,-1,238,198,14,19,0.88,2,-1,-1
421,-1,319,178,11,12,0.84,2,-1,-1
421,-1,275,164,9,8,0.56,2,-1,-1
422,-1,207,274,27,38,0.90,2,-1,-1
422,-1,371,302,38,50,0.90,2,-1,-1
422,-1,237,198,15,19,0.88,2,-1,-1
422,-1,318,177,11,12,0.86,2,-1,-1
422,-1,275,164,9,8,0.58,2,-1,-1
423,-1,366,290,34,46,0.91,2,-1,-1
423,-1,204,281,28,39,0.89,2,-1,-1
423,-1,237,198,15,19,0.89,2,-1,-1
423,-1,318,177,11,12,0.85,2,-1,-1
423,-1,275,164,9,8,0.57,2,-1,-1
424,-1,363,282,32,44,0.90,2,-1,-1
424,-1,200,286,29,39,0.89,2,-1,-1
424,-1,237,198,15,19,0.89,2,-1,-1
424,-1,318,177,11,12,0.81,2,-1,-1
424,-1,276,164,9,8,0.37,2,-1,-1
425,-1,196,294,30,42,0.90,2,-1,-1
425,-1,359,272,29,40,0.90,2,-1,-1
425,-1,237,198,15,19,0.89,2,-1,-1
425,-1,317,175,12,12,0.79,2,-1,-1
425,-1,276,165,10,10,0.58,2,-1,-1
426,-1,191,298,32,44,0.90,2,-1,-1
426,-1,356,267,28,38,0.90,2,-1,-1
426,-1,237,198,15,19,0.89,2,-1,-1
426,-1,317,175,12,12,0.79,2,-1,-1
426,-1,276,166,10,10,0.63,2,-1,-1
427,-1,186,307,34,47,0.90,2,-1,-1
427,-1,354,259,26,36,0.89,2,-1,-1
427,-1,237,198,15,19,0.89,2,-1,-1
427,-1,316,174,11,12,0.76,2,-1,-1
427,-1,276,167,10,10,0.73,2,-1,-1
428,-1,181,314,35,49,0.90,2,-1,-1
428,-1,237,198,15,19,0.89,2,-1,-1
428,-1,352,254,25,35,0.88,2,-1,-1
428,-1,316,173,12,11,0.76,2,-1,-1
428,-1,276,167,10,10,0.73,2,-1,-1
429,-1,175,323,37,54,0.91,2,-1,-1
429,-1,348,247,25,34,0.90,2,-1,-1
429,-1,237,197,15,19,0.89,2,-1,-1
429,-1,316,173,11,11,0.76,2,-1,-1
429,-1,276,168,10,10,0.74,2,-1,-1
430,-1,170,330,38,57,0.91,2,-1,-1
430,-1,346,244,24,32,0.89,2,-1,-1
430,-1,237,198,15,19,0.89,2,-1,-1
430,-1,316,173,11,10,0.73,2,-1,-1
430,-1,276,168,10,10,0.69,2,-1,-1
431,-1,161,342,42,62,0.91,2,-1,-1
431,-1,237,198,15,19,0.89,2,-1,-1
431,-1,344,238,23,31,0.87,2,-1,-1
431,-1,277,169,10,10,0.77,2,-1,-1
431,-1,316,171,10,11,0.74,2,-1,-1
432,-1,155,352,43,64,0.91,2,-1,-1
432,-1,237,198,15,19,0.89,2,-1,-1
432,-1,342,234,22,30,0.89,2,-1,-1
432,-1,277,170,10,10,0.78,2,-1,-1
432,-1,316,171,10,10,0.66,2,-1,-1
433,-1,144,364,47,74,0.91,2,-1,-1
433,-1,237,198,15,18,0.89,2,-1,-1
433,-1,340,229,22,28,0.88,2,-1,-1
433,-1,278,171,10,10,0.84,2,-1,-1
433,-1,316,171,9,10,0.46,2,-1,-1
434,-1,137,378,49,76,0.92,2,-1,-1
434,-1,237,198,15,19,0.89,2,-1,-1
434,-1,338,226,22,28,0.87,2,-1,-1
434,-1,277,172,11,10,0.83,2,-1,-1
434,-1,316,171,9,10,0.32,2,-1,-1
435,-1,124,396,54,85,0.91,2,-1,-1
435,-1,237,198,15,19,0.89,2,-1,-1
435,-1,336,221,22,28,0.87,2,-1,-1
435,-1,278,173,11,11,0.80,2,-1,-1
435,-1,315,171,9,9,0.15,2,-1,-1
436,-1,114,408,58,94,0.92,2,-1,-1
436,-1,237,198,15,19,0.89,2,-1,-1
436,-1,335,219,21,27,0.88,2,-1,-1
436,-1,278,174,10,10,0.81,2,-1,-1
436,-1,314,170,10,9,0.25,2,-1,-1
437,-1,104,426,63,100,0.92,2,-1,-1
437,-1,237,198,15,19,0.89,2,-1,-1
437,-1,336,217,20,26,0.89,2,-1,-1
437,-1,278,174,10,11,0.81,2,-1,-1
437,-1,314,169,10,9,0.36,2,-1,-1
438,-1,237,198,15,19,0.89,2,-1,-1
438,-1,334,214,19,24,0.85,2,-1,-1
438,-1,278,176,10,11,0.80,2,-1,-1
439,-1,237,198,15,19,0.89,2,-1,-1
439,-1,334,210,18,24,0.88,2,-1,-1
439,-1,278,177,11,10,0.78,2,-1,-1
440,-1,237,197,15,19,0.89,2,-1,-1
440,-1,333,208,18,23,0.87,2,-1,-1
440,-1,278,177,11,12,0.81,2,-1,-1
441,-1,237,197,15,19,0.89,2,-1,-1
441,-1,332,206,18,22,0.86,2,-1,-1
441,-1,278,178,11,12,0.82,2,-1,-1
441,-1,313,166,8,8,0.47,2,-1,-1
442,-1,362,442,55,79,0.91,2,-1,-1
442,-1,237,197,16,19,0.89,2,-1,-1
442,-1,331,204,18,22,0.88,2,-1,-1
442,-1,278,179,11,12,0.83,2,-1,-1
442,-1,313,166,8,8,0.46,2,-1,-1
443,-1,354,408,48,67,0.93,2,-1,-1
443,-1,237,197,16,19,0.89,2,-1,-1
443,-1,330,202,17,21,0.87,2,-1,-1
443,-1,277,179,12,12,0.85,2,-1,-1
443,-1,312,166,9,8,0.48,2,-1,-1
444,-1,351,388,44,61,0.91,2,-1,-1
444,-1,237,197,16,19,0.89,2,-1,-1
444,-1,329,200,17,21,0.86,2,-1,-1
444,-1,277,181,12,12,0.85,2,-1,-1
444,-1,312,166,9,9,0.50,2,-1,-1
445,-1,346,364,40,53,0.90,2,-1,-1
445,-1,237,198,15,19,0.89,2,-1,-1
445,-1,328,199,16,19,0.86,2,-1,-1
445,-1,277,183,12,13,0.85,2,-1,-1
445,-1,314,165,8,9,0.16,2,-1,-1
446,-1,342,352,37,48,0.91,2,-1,-1
446,-1,237,198,15,19,0.89,2,-1,-1
446,-1,328,196,16,20,0.86,2,-1,-1
446,-1,276,183,12,13,0.83,2,-1,-1
446,-1,312,164,7,8,0.23,2,-1,-1
447,-1,338,334,34,42,0.90,2,-1,-1
447,-1,237,198,15,19,0.89,2,-1,-1
447,-1,328,194,16,19,0.86,2,-1,-1
447,-1,276,184,12,14,0.83,2,-1,-1
447,-1,312,164,7,8,0.23,2,-1,-1
448,-1,336,323,32,40,0.89,2,-1,-1
448,-1,237,198,15,19,0.89,2,-1,-1
448,-1,276,184,12,14,0.86,2,-1,-1
448,-1,327,193,16,18,0.85,2,-1,-1
448,-1,312,164,8,8,0.24,2,-1,-1
449,-1,237,198,15,19,0.89,2,-1,-1
449,-1,334,309,29,36,0.89,2,-1,-1
449,-1,326,191,16,18,0.86,2,-1,-1
449,-1,276,186,13,14,0.85,2,-1,-1
450,-1,237,198,15,19,0.89,2,-1,-1
450,-1,332,300,28,35,0.89,2,-1,-1
450,-1,325,190,16,18,0.86,2,-1,-1
450,-1,275,188,13,14,0.84,2,-1,-1
451,-1,330,292,28,34,0.89,2,-1,-1
451,-1,237,197,16,19,0.89,2,-1,-1
451,-1,325,190,16,16,0.86,2,-1,-1
451,-1,275,188,14,15,0.84,2,-1,-1
452,-1,237,198,15,19,0.89,2,-1,-1
452,-1,328,282,26,31,0.88,2,-1,-1
452,-1,325,187,15,17,0.85,2,-1,-1
452,-1,274,190,14,15,0.84,2,-1,-1
453,-1,237,198,15,19,0.89,2,-1,-1
453,-1,324,186,14,17,0.87,2,-1,-1
453,-1,326,272,24,29,0.87,2,-1,-1
453,-1,274,193,14,14,0.84,2,-1,-1
453,-1,310,162,7,8,0.33,2,-1,-1
454,-1,325,266,23,28,0.89,2,-1,-1
454,-1,237,197,15,20,0.89,2,-1,-1
454,-1,324,184,14,16,0.88,2,-1,-1
454,-1,273,194,14,14,0.84,2,-1,-1
454,-1,310,161,7,8,0.17,2,-1,-1
455,-1,324,259,22,26,0.89,2,-1,-1
455,-1,237,197,15,20,0.89,2,-1,-1
455,-1,324,183,13,15,0.87,2,-1,-1
455,-1,272,196,14,16,0.86,2,-1,-1
455,-1,310,160,7,7,0.35,2,-1,-1
456,-1,237,197,15,20,0.89,2,-1,-1
456,-1,323,255,22,25,0.87,2,-1,-1
456,-1,324,183,13,15,0.87,2,-1,-1
456,-1,272,198,14,15,0.85,2,-1,-1
456,-1,310,160,7,7,0.36,2,-1,-1
457,-1,237,197,15,20,0.89,2,-1,-1
457,-1,321,248,21,25,0.87,2,-1,-1
457,-1,272,200,14,15,0.86,2,-1,-1
457,-1,324,181,13,14,0.85,2,-1,-1
457,-1,309,160,7,7,0.23,2,-1,-1
458,-1,237,197,15,20,0.89,2,-1,-1
458,-1,320,244,20,24,0.88,2,-1,-1
458,-1,272,202,14,15,0.87,2,-1,-1
458,-1,323,180,13,15,0.84,2,-1,-1
459,-1,237,197,15,20,0.89,2,-1,-1
459,-1,271,203,14,17,0.87,2,-1,-1
459,-1,320,238,19,23,0.87,2,-1,-1
459,-1,322,178,13,16,0.84,2,-1,-1
460,-1,318,234,20,23,0.90,2,-1,-1
460,-1,237,197,15,19,0.89,2,-1,-1
460,-1,270,205,14,17,0.88,2,-1,-1
460,-1,322,177,13,16,0.84,2,-1,-1
461,-1,237,197,15,19,0.89,2,-1,-1
461,-1,269,208,16,16,0.88,2,-1,-1
461,-1,318,230,18,22,0.87,2,-1,-1
461,-1,322,176,12,15,0.84,2,-1,-1
462,-1,317,227,18,21,0.89,2,-1,-1
462,-1,238,197,15,20,0.89,2,-1,-1
462,-1,268,210,16,18,0.88,2,-1,-1
462,-1,321,176,12,14,0.83,2,-1,-1
463,-1,238,198,15,19,0.89,2,-1,-1
463,-1,268,213,16,18,0.89,2,-1,-1
463,-1,316,223,17,20,0.87,2,-1,-1
463,-1,321,175,12,14,0.83,2,-1,-1
464,-1,238,198,15,19,0.89,2,-1,-1
464,-1,316,220,18,20,0.88,2,-1,-1
464,-1,266,214,16,19,0.88,2,-1,-1
464,-1,320,174,12,14,0.81,2,-1,-1
465,-1,238,198,15,19,0.89,2,-1,-1
465,-1,315,216,18,19,0.87,2,-1,-1
465,-1,266,218,16,20,0.87,2,-1,-1
465,-1,320,174,12,13,0.82,2,-1,-1
466,-1,238,198,15,19,0.89,2,-1,-1
466,-1,315,214,16,19,0.88,2,-1,-1
466,-1,265,221,16,20,0.87,2,-1,-1
466,-1,320,173,12,13,0.83,2,-1,-1
467,-1,237,198,15,19,0.89,2,-1,-1
467,-1,314,211,16,19,0.87,2,-1,-1
467,-1,263,225,17,20,0.86,2,-1,-1
467,-1,319,172,11,13,0.81,2,-1,-1
468,-1,237,198,15,19,0.89,2,-1,-1
468,-1,262,228,17,20,0.87,2,-1,-1
468,-1,314,209,16,18,0.86,2,-1,-1
468,-1,319,172,11,12,0.82,2,-1,-1
469,-1,237,198,15,19,0.88,2,-1,-1
469,-1,313,206,15,17,0.86,2,-1,-1
469,-1,260,232,19,22,0.86,2,-1,-1
469,-1,319,171,10,12,0.82,2,-1,-1
470,-1,237,198,15,19,0.88,2,-1,-1
470,-1,258,235,19,23,0.88,2,-1,-1
470,-1,312,204,14,17,0.86,2,-1,-1
470,-1,319,171,10,11,0.82,2,-1,-1
471,-1,237,198,15,19,0.88,2,-1,-1
471,-1,257,240,19,24,0.88,2,-1,-1
471,-1,312,202,14,16,0.87,2,-1,-1
471,-1,318,171,10,10,0.82,2,-1,-1
472,-1,237,197,15,20,0.88,2,-1,-1
472,-1,255,244,20,24,0.88,2,-1,-1
472,-1,312,201,14,16,0.87,2,-1,-1
472,-1,318,171,10,10,0.74,2,-1,-1
473,-1,253,251,21,24,0.89,2,-1,-1
473,-1,237,197,15,20,0.88,2,-1,-1
473,-1,312,198,14,15,0.85,2,-1,-1
473,-1,318,170,10,10,0.74,2,-1,-1
474,-1,237,197,15,20,0.88,2,-1,-1
474,-1,251,256,22,26,0.88,2,-1,-1
474,-1,311,198,14,15,0.86,2,-1,-1
474,-1,317,169,10,10,0.71,2,-1,-1
475,-1,237,197,15,20,0.88,2,-1,-1
475,-1,248,263,24,28,0.87,2,-1,-1
475,-1,311,194,14,16,0.87,2,-1,-1
475,-1,316,169,10,10,0.53,2,-1,-1
476,-1,237,197,15,20,0.88,2,-1,-1
476,-1,246,266,24,30,0.88,2,-1,-1
476,-1,310,192,14,16,0.87,2,-1,-1
476,-1,316,168,10,10,0.61,2,-1,-1
477,-1,242,275,26,33,0.90,2,-1,-1
477,-1,237,197,15,20,0.88,2,-1,-1
477,-1,310,191,13,15,0.86,2,-1,-1
477,-1,316,167,10,10,0.68,2,-1,-1
478,-1,240,281,26,34,0.90,2,-1,-1
478,-1,237,197,15,20,0.89,2,-1,-1
478,-1,310,191,13,14,0.86,2,-1,-1
478,-1,315,167,9,10,0.48,2,-1,-1
479,-1,236,291,28,38,0.89,2,-1,-1
479,-1,237,197,15,20,0.89,2,-1,-1
479,-1,310,188,12,14,0.88,2,-1,-1
479,-1,314,164,9,10,0.74,2,-1,-1
480,-1,233,300,30,40,0.90,2,-1,-1
480,-1,237,197,15,20,0.89,2,-1,-1
480,-1,310,188,13,14,0.87,2,-1,-1
480,-1,314,164,9,10,0.75,2,-1,-1
481,-1,227,312,32,45,0.90,2,-1,-1
481,-1,237,197,15,20,0.89,2,-1,-1
481,-1,310,186,12,13,0.88,2,-1,-1
481,-1,314,163,9,10,0.80,2,-1,-1
482,-1,224,322,34,48,0.90,2,-1,-1
482,-1,237,197,15,20,0.89,2,-1,-1
482,-1,309,184,12,14,0.87,2,-1,-1
482,-1,313,163,9,10,0.77,2,-1,-1
483,-1,217,339,37,54,0.91,2,-1,-1
483,-1,237,197,15,20,0.89,2,-1,-1
483,-1,310,184,12,13,0.85,2,-1,-1
483,-1,312,163,9,10,0.70,2,-1,-1
484,-1,212,353,40,59,0.93,2,-1,-1
484,-1,237,197,15,20,0.89,2,-1,-1
484,-1,310,183,12,13,0.85,2,-1,-1
484,-1,312,162,8,10,0.68,2,-1,-1
485,-1,203,376,44,68,0.94,2,-1,-1
485,-1,237,197,15,20,0.89,2,-1,-1
485,-1,308,181,12,13,0.86,2,-1,-1
485,-1,311,160,8,10,0.43,2,-1,-1
486,-1,196,394,48,77,0.91,2,-1,-1
486,-1,237,197,15,20,0.89,2,-1,-1
486,-1,308,180,12,13,0.87,2,-1,-1
486,-1,311,160,8,10,0.39,2,-1,-1
487,-1,184,425,54,94,0.92,2,-1,-1
487,-1,237,197,15,20,0.89,2,-1,-1
487,-1,308,179,12,12,0.86,2,-1,-1
487,-1,310,161,9,10,0.34,2,-1,-1
488,-1,237,197,15,20,0.89,2,-1,-1
488,-1,308,178,12,12,0.86,2,-1,-1
488,-1,310,161,9,10,0.34,2,-1,-1
488,-1,279,151,10,15,0.24,7,-1,-1
489,-1,237,197,16,20,0.89,2,-1,-1
489,-1,308,177,12,12,0.85,2,-1,-1
489,-1,308,160,9,9,0.37,2,-1,-1
489,-1,279,151,11,16,0.30,7,-1,-1
490,-1,237,197,15,20,0.89,2,-1,-1
490,-1,308,176,12,13,0.83,2,-1,-1
490,-1,279,150,11,16,0.12,7,-1,-1
490,-1,308,160,9,9,0.11,2,-1,-1
491,-1,237,197,15,20,0.89,2,-1,-1
491,-1,308,176,11,12,0.82,2,-1,-1
491,-1,307,158,9,9,0.24,2,-1,-1
491,-1,271,154,8,13,0.13,7,-1,-1
491,-1,280,152,10,16,0.11,7,-1,-1
492,-1,237,197,15,20,0.89,2,-1,-1
492,-1,308,174,11,12,0.81,2,-1,-1
492,-1,307,158,9,8,0.18,2,-1,-1
492,-1,271,154,8,13,0.12,7,-1,-1
492,-1,280,152,10,16,0.12,7,-1,-1
493,-1,237,197,15,20,0.89,2,-1,-1
493,-1,308,174,10,11,0.77,2,-1,-1
493,-1,271,154,9,14,0.22,7,-1,-1
493,-1,281,152,10,15,0.12,7,-1,-1
494,-1,237,197,15,20,0.89,2,-1,-1
494,-1,307,173,10,11,0.77,2,-1,-1
494,-1,272,154,10,14,0.42,7,-1,-1
494,-1,281,153,10,16,0.12,7,-1,-1
495,-1,237,197,15,20,0.89,2,-1,-1
495,-1,308,172,10,10,0.77,2,-1,-1
495,-1,272,153,10,15,0.49,7,-1,-1
495,-1,282,153,10,16,0.16,7,-1,-1
495,-1,305,156,8,9,0.14,2,-1,-1
496,-1,237,197,16,20,0.89,2,-1,-1
496,-1,307,172,10,10,0.76,2,-1,-1
496,-1,272,154,9,15,0.15,7,-1,-1
496,-1,281,153,10,16,0.10,7,-1,-1
497,-1,237,197,15,20,0.89,2,-1,-1
497,-1,306,170,10,10,0.76,2,-1,-1
497,-1,273,154,9,15,0.18,7,-1,-1
497,-1,282,153,10,16,0.11,7,-1,-1
498,-1,237,197,16,20,0.89,2,-1,-1
498,-1,306,170,10,10,0.76,2,-1,-1
498,-1,281,154,11,17,0.26,7,-1,-1
498,-1,272,154,8,15,0.12,7,-1,-1
499,-1,237,197,15,20,0.89,2,-1,-1
499,-1,306,170,10,10,0.69,2,-1,-1
499,-1,282,154,11,17,0.20,7,-1,-1
499,-1,274,154,10,16,0.15,7,-1,-1
500,-1,237,197,15,20,0.89,2,-1,-1
500,-1,306,170,10,10,0.69,2,-1,-1
500,-1,282,155,11,16,0.39,7,-1,-1
500,-1,272,155,9,14,0.17,7,-1,-1
501,-1,237,197,15,20,0.89,2,-1,-1
501,-1,282,155,11,17,0.69,7,-1,-1
501,-1,306,168,9,10,0.64,2,-1,-1
501,-1,272,155,9,15,0.35,7,-1,-1
502,-1,237,198,15,19,0.89,2,-1,-1
502,-1,282,155,11,18,0.72,7,-1,-1
502,-1,272,155,9,16,0.54,7,-1,-1
502,-1,306,168,9,10,0.47,2,-1,-1
503,-1,237,198,15,19,0.89,2,-1,-1
503,-1,282,155,11,18,0.74,7,-1,-1
503,-1,306,167,9,10,0.59,2,-1,-1
503,-1,272,155,9,17,0.58,7,-1,-1
504,-1,237,198,15,19,0.89,2,-1,-1
504,-1,282,156,11,18,0.75,7,-1,-1
504,-1,305,166,9,9,0.69,2,-1,-1
504,-1,272,154,9,17,0.57,7,-1,-1
505,-1,237,198,15,19,0.89,2,-1,-1
505,-1,305,166,9,10,0.69,2,-1,-1
505,-1,283,157,11,18,0.47,7,-1,-1
505,-1,272,155,9,17,0.37,7,-1,-1
506,-1,237,198,15,19,0.89,2,-1,-1
506,-1,304,164,9,10,0.57,2,-1,-1
506,-1,283,157,12,18,0.51,7,-1,-1
506,-1,272,155,9,18,0.36,7,-1,-1
507,-1,237,198,15,19,0.89,2,-1,-1
507,-1,272,155,10,18,0.60,7,-1,-1
507,-1,304,164,9,10,0.51,2,-1,-1
507,-1,283,158,12,18,0.33,7,-1,-1
508,-1,237,198,15,19,0.89,2,-1,-1
508,-1,272,156,10,18,0.68,7,-1,-1
508,-1,304,164,9,10,0.51,2,-1,-1
508,-1,284,159,12,17,0.47,7,-1,-1
509,-1,237,198,15,19,0.89,2,-1,-1
509,-1,272,156,10,18,0.63,7,-1,-1
509,-1,284,160,12,18,0.47,7,-1,-1
509,-1,303,163,8,9,0.26,2,-1,-1
510,-1,237,198,15,19,0.89,2,-1,-1
510,-1,272,157,10,16,0.62,7,-1,-1
510,-1,284,160,12,18,0.54,7,-1,-1
510,-1,303,163,8,9,0.23,2,-1,-1
511,-1,237,198,15,19,0.89,2,-1,-1
511,-1,272,158,10,16,0.62,7,-1,-1
511,-1,284,160,12,19,0.56,7,-1,-1
512,-1,237,198,15,19,0.89,2,-1,-1
512,-1,284,160,12,19,0.67,7,-1,-1
512,-1,272,160,10,16,0.54,7,-1,-1
513,-1,237,198,15,19,0.89,2,-1,-1
513,-1,284,161,12,19,0.64,7,-1,-1
513,-1,272,161,9,14,0.58,7,-1,-1
514,-1,237,197,15,20,0.89,2,-1,-1
514,-1,273,162,9,14,0.65,7,-1,-1
514,-1,284,161,12,20,0.65,7,-1,-1
515,-1,237,197,15,20,0.89,2,-1,-1
515,-1,272,161,10,16,0.75,7,-1,-1
515,-1,284,163,12,19,0.55,7,-1,-1
516,-1,237,197,15,20,0.89,2,-1,-1
516,-1,272,160,10,16,0.75,7,-1,-1
516,-1,284,163,12,19,0.51,7,-1,-1
517,-1,237,197,15,20,0.89,2,-1,-1
517,-1,284,163,12,21,0.79,7,-1,-1
517,-1,272,161,10,17,0.74,7,-1,-1
518,-1,237,197,15,20,0.89,2,-1,-1
518,-1,284,163,12,21,0.81,7,-1,-1
518,-1,273,161,9,16,0.73,7,-1,-1
519,-1,237,197,15,20,0.89,2,-1,-1
519,-1,284,163,13,22,0.80,7,-1,-1
519,-1,273,162,9,17,0.69,7,-1,-1
519,-1,298,160,8,8,0.11,2,-1,-1
520,-1,237,197,15,20,0.89,2,-1,-1
520,-1,284,164,13,21,0.66,7,-1,-1
520,-1,272,163,10,16,0.63,7,-1,-1
521,-1,237,197,15,20,0.89,2,-1,-1
521,-1,272,162,10,18,0.65,7,-1,-1
521,-1,284,165,13,21,0.46,2,-1,-1
522,-1,237,197,15,19,0.89,2,-1,-1
522,-1,284,166,13,21,0.65,7,-1,-1
522,-1,272,163,10,18,0.55,7,-1,-1
523,-1,237,197,15,20,0.89,2,-1,-1
523,-1,284,166,13,22,0.65,7,-1,-1
523,-1,272,163,10,18,0.54,7,-1,-1
524,-1,237,197,15,20,0.89,2,-1,-1
524,-1,283,166,14,22,0.70,7,-1,-1
524,-1,272,162,10,19,0.62,7,-1,-1
525,-1,237,197,15,20,0.89,2,-1,-1
525,-1,283,167,14,24,0.77,7,-1,-1
525,-1,272,165,10,17,0.42,2,-1,-1
526,-1,237,197,15,20,0.89,2,-1,-1
526,-1,282,168,14,22,0.56,7,-1,-1
526,-1,271,164,11,18,0.41,7,-1,-1
527,-1,237,197,15,20,0.89,2,-1,-1
527,-1,282,169,14,24,0.67,7,-1,-1
527,-1,271,163,11,19,0.62,7,-1,-1
528,-1,237,197,15,20,0.89,2,-1,-1
528,-1,270,162,12,21,0.79,7,-1,-1
528,-1,282,168,14,25,0.65,7,-1,-1
529,-1,237,197,15,20,0.89,2,-1,-1
529,-1,271,163,11,21,0.77,7,-1,-1
529,-1,282,170,14,25,0.73,7,-1,-1
530,-1,237,197,15,20,0.89,2,-1,-1
530,-1,270,165,12,20,0.80,7,-1,-1
530,-1,282,169,15,26,0.76,7,-1,-1
531,-1,237,197,15,20,0.89,2,-1,-1
531,-1,281,170,16,26,0.80,7,-1,-1
531,-1,270,166,12,20,0.73,7,-1,-1
532,-1,237,197,15,20,0.89,2,-1,-1
532,-1,280,170,16,27,0.82,7,-1,-1
532,-1,270,166,12,20,0.74,7,-1,-1
533,-1,237,197,15,20,0.89,2,-1,-1
533,-1,280,171,16,28,0.83,7,-1,-1
533,-1,270,167,12,20,0.74,7,-1,-1
533,-1,274,168,13,25,0.31,7,-1,-1
534,-1,237,197,15,20,0.89,2,-1,-1
534,-1,280,172,16,29,0.84,7,-1,-1
534,-1,270,166,12,21,0.78,7,-1,-1
535,-1,237,197,15,20,0.89,2,-1,-1
535,-1,280,173,16,29,0.78,7,-1,-1
535,-1,269,167,13,20,0.73,7,-1,-1
536,-1,237,197,15,20,0.89,2,-1,-1
536,-1,280,173,17,30,0.82,7,-1,-1
536,-1,269,168,13,20,0.75,7,-1,-1
536,-1,272,169,14,26,0.35,7,-1,-1
537,-1,237,197,15,20,0.89,2,-1,-1
537,-1,269,168,13,22,0.82,7,-1,-1
537,-1,280,174,17,30,0.76,7,-1,-1
538,-1,237,197,16,20,0.89,2,-1,-1
538,-1,268,168,14,21,0.82,7,-1,-1
538,-1,278,174,18,30,0.77,7,-1,-1
539,-1,237,197,16,20,0.89,2,-1,-1
539,-1,268,168,14,22,0.82,7,-1,-1
539,-1,278,176,18,32,0.75,7,-1,-1
540,-1,237,197,15,20,0.89,2,-1,-1
540,-1,268,168,14,22,0.83,7,-1,-1
540,-1,278,176,18,32,0.78,7,-1,-1
541,-1,237,197,15,20,0.89,2,-1,-1
541,-1,268,170,14,22,0.83,7,-1,-1
541,-1,277,178,18,32,0.80,7,-1,-1
542,-1,237,197,16,20,0.89,2,-1,-1
542,-1,268,169,15,23,0.83,7,-1,-1
542,-1,276,179,19,32,0.83,7,-1,-1
543,-1,237,197,16,20,0.89,2,-1,-1
543,-1,276,179,20,34,0.83,7,-1,-1
543,-1,268,169,15,24,0.82,7,-1,-1
544,-1,237,196,16,20,0.89,2,-1,-1
544,-1,274,181,20,34,0.85,7,-1,-1
544,-1,267,169,15,24,0.79,7,-1,-1
545,-1,237,197,16,20,0.89,2,-1,-1
545,-1,274,180,20,36,0.86,7,-1,-1
545,-1,267,170,15,24,0.76,7,-1,-1
546,-1,237,196,16,20,0.89,2,-1,-1
546,-1,274,182,21,37,0.85,7,-1,-1
546,-1,267,170,15,24,0.82,7,-1,-1
547,-1,237,197,16,20,0.89,2,-1,-1
547,-1,273,183,21,38,0.86,7,-1,-1
547,-1,266,170,16,25,0.83,7,-1,-1
548,-1,237,197,16,20,0.89,2,-1,-1
548,-1,272,184,22,39,0.86,7,-1,-1
548,-1,265,170,16,25,0.79,7,-1,-1
549,-1,237,197,16,20,0.89,2,-1,-1
549,-1,270,186,23,39,0.87,7,-1,-1
549,-1,266,171,15,25,0.78,7,-1,-1
550,-1,237,197,16,20,0.89,2,-1,-1
550,-1,270,187,23,40,0.88,7,-1,-1
550,-1,265,172,16,26,0.78,7,-1,-1
551,-1,237,197,16,20,0.89,2,-1,-1
551,-1,269,188,23,41,0.87,7,-1,-1
551,-1,264,172,16,28,0.83,7,-1,-1
552,-1,237,197,16,20,0.89,2,-1,-1
552,-1,268,190,24,42,0.87,7,-1,-1
552,-1,264,173,16,27,0.84,7,-1,-1
553,-1,237,197,15,20,0.89,2,-1,-1
553,-1,267,191,24,43,0.86,7,-1,-1
553,-1,263,174,16,27,0.84,7,-1,-1
554,-1,237,197,15,20,0.89,2,-1,-1
554,-1,266,191,25,45,0.87,7,-1,-1
554,-1,262,174,17,26,0.85,7,-1,-1
555,-1,237,197,15,20,0.89,2,-1,-1
555,-1,265,194,26,46,0.88,7,-1,-1
555,-1,262,174,17,26,0.84,7,-1,-1
556,-1,237,197,15,20,0.89,2,-1,-1
556,-1,264,195,26,47,0.88,7,-1,-1
556,-1,262,175,18,26,0.84,7,-1,-1
557,-1,237,197,15,20,0.89,2,-1,-1
557,-1,264,195,26,50,0.88,7,-1,-1
557,-1,261,176,18,28,0.83,7,-1,-1
558,-1,237,197,15,20,0.89,2,-1,-1
558,-1,262,197,27,51,0.87,7,-1,-1
558,-1,260,177,18,28,0.85,7,-1,-1
559,-1,260,199,28,53,0.89,7,-1,-1
559,-1,237,197,15,20,0.89,2,-1,-1
559,-1,260,178,18,28,0.87,7,-1,-1
560,-1,260,200,29,54,0.89,7,-1,-1
560,-1,237,197,15,20,0.88,2,-1,-1
560,-1,259,178,19,28,0.86,7,-1,-1
561,-1,258,203,29,56,0.91,7,-1,-1
561,-1,237,197,15,20,0.87,2,-1,-1
561,-1,258,178,19,30,0.85,7,-1,-1
562,-1,257,204,30,58,0.90,7,-1,-1
562,-1,258,178,20,32,0.87,7,-1,-1
562,-1,237,197,15,20,0.85,2,-1,-1
563,-1,255,207,32,62,0.91,7,-1,-1
563,-1,258,179,20,33,0.86,7,-1,-1
563,-1,237,197,15,20,0.84,2,-1,-1
564,-1,254,209,32,62,0.89,7,-1,-1
564,-1,256,180,21,34,0.85,7,-1,-1
564,-1,237,197,15,20,0.83,2,-1,-1
565,-1,252,212,34,66,0.91,7,-1,-1
565,-1,255,182,21,34,0.85,7,-1,-1
565,-1,237,197,14,20,0.69,2,-1,-1
566,-1,250,214,35,68,0.90,7,-1,-1
566,-1,254,182,22,35,0.84,7,-1,-1
566,-1,237,197,14,20,0.73,2,-1,-1
567,-1,249,217,36,71,0.91,7,-1,-1
567,-1,253,184,22,34,0.85,7,-1,-1
567,-1,238,197,14,20,0.82,2,-1,-1
568,-1,248,219,36,74,0.92,7,-1,-1
568,-1,253,185,23,35,0.85,7,-1,-1
568,-1,238,197,14,20,0.84,2,-1,-1
569,-1,245,222,38,80,0.89,7,-1,-1
569,-1,251,186,24,36,0.85,7,-1,-1
569,-1,237,196,14,20,0.78,2,-1,-1
570,-1,242,226,40,82,0.90,7,-1,-1
570,-1,251,188,23,35,0.85,7,-1,-1
570,-1,237,196,14,20,0.72,2,-1,-1
571,-1,239,228,43,88,0.90,7,-1,-1
571,-1,250,188,24,38,0.86,7,-1,-1
571,-1,237,196,14,20,0.55,2,-1,-1
572,-1,238,232,44,92,0.92,7,-1,-1
572,-1,248,190,25,38,0.85,7,-1,-1
572,-1,237,196,14,20,0.60,2,-1,-1
573,-1,234,238,47,98,0.91,7,-1,-1
573,-1,247,190,26,40,0.84,7,-1,-1
573,-1,237,196,14,20,0.48,2,-1,-1
574,-1,231,240,49,102,0.92,7,-1,-1
574,-1,247,190,26,40,0.83,7,-1,-1
574,-1,237,196,14,20,0.55,2,-1,-1
575,-1,226,246,54,111,0.91,7,-1,-1
575,-1,244,192,28,42,0.80,7,-1,-1
575,-1,238,196,14,20,0.41,2,-1,-1
576,-1,222,250,56,116,0.90,7,-1,-1
576,-1,244,191,28,44,0.84,7,-1,-1
576,-1,238,195,13,20,0.40,2,-1,-1
577,-1,218,256,59,128,0.92,7,-1,-1
577,-1,240,192,30,45,0.87,7,-1,-1
578,-1,214,261,62,138,0.92,7,-1,-1
578,-1,239,193,31,46,0.88,7,-1,-1
579,-1,207,269,68,152,0.91,7,-1,-1
579,-1,238,194,31,48,0.89,7,-1,-1
580,-1,203,274,71,164,0.91,7,-1,-1
580,-1,237,194,32,48,0.89,7,-1,-1
581,-1,195,284,77,182,0.91,7,-1,-1
581,-1,236,196,31,50,0.89,7,-1,-1
582,-1,235,197,31,52,0.90,7,-1,-1
582,-1,188,290,83,201,0.89,7,-1,-1
583,-1,233,198,32,54,0.89,7,-1,-1
583,-1,179,304,90,226,0.87,7,-1,-1
584,-1,232,198,32,56,0.89,7,-1,-1
585,-1,156,326,108,208,0.90,7,-1,-1
585,-1,230,199,33,58,0.90,7,-1,-1
586,-1,228,200,34,60,0.90,7,-1,-1
587,-1,225,200,36,64,0.88,7,-1,-1
588,-1,224,201,37,66,0.89,7,-1,-1
589,-1,220,202,40,68,0.89,7,-1,-1
590,-1,219,204,39,70,0.85,7,-1,-1
591,-1,216,203,40,75,0.87,7,-1,-1
592,-1,214,204,42,77,0.88,7,-1,-1
592,-1,235,198,20,28,0.12,7,-1,-1
593,-1,211,213,43,73,0.88,7,-1,-1
593,-1,236,198,18,25,0.24,7,-1,-1
594,-1,208,215,46,74,0.89,7,-1,-1
594,-1,237,198,16,19,0.47,7,-1,-1
595,-1,206,217,47,78,0.90,7,-1,-1
595,-1,237,197,15,19,0.59,2,-1,-1
596,-1,204,218,48,80,0.91,7,-1,-1
596,-1,237,197,15,19,0.64,2,-1,-1
597,-1,200,223,50,81,0.91,7,-1,-1
597,-1,237,198,15,18,0.74,2,-1,-1
598,-1,197,226,51,81,0.92,7,-1,-1
598,-1,237,197,15,19,0.77,2,-1,-1
599,-1,192,229,54,86,0.91,7,-1,-1
599,-1,237,197,15,19,0.83,2,-1,-1
600,-1,190,230,55,90,0.91,7,-1,-1
600,-1,237,197,15,19,0.85,2,-1,-1
601,-1,184,233,59,95,0.92,7,-1,-1
601,-1,237,198,15,19,0.88,2,-1,-1
602,-1,182,235,60,99,0.92,7,-1,-1
602,-1,237,197,15,19,0.88,2,-1,-1
603,-1,177,237,62,102,0.91,7,-1,-1
603,-1,237,198,15,19,0.89,2,-1,-1
604,-1,173,239,64,111,0.91,7,-1,-1
604,-1,237,198,15,19,0.89,2,-1,-1
605,-1,166,243,69,117,0.92,7,-1,-1
605,-1,237,197,15,19,0.89,2,-1,-1
606,-1,161,250,72,117,0.91,7,-1,-1
606,-1,237,197,15,19,0.89,2,-1,-1
607,-1,153,254,77,127,0.92,7,-1,-1
607,-1,237,197,15,19,0.89,2,-1,-1
608,-1,147,256,81,134,0.92,7,-1,-1
608,-1,237,197,15,19,0.89,2,-1,-1
609,-1,140,260,85,145,0.92,7,-1,-1
609,-1,237,197,15,19,0.89,2,-1,-1
610,-1,133,264,88,152,0.92,7,-1,-1
610,-1,237,198,15,19,0.89,2,-1,-1
611,-1,123,270,96,165,0.92,7,-1,-1
611,-1,237,197,15,19,0.89,2,-1,-1
612,-1,114,273,103,176,0.93,7,-1,-1
612,-1,237,197,15,19,0.89,2,-1,-1
613,-1,102,280,110,192,0.92,7,-1,-1
613,-1,237,197,15,19,0.89,2,-1,-1
614,-1,92,286,117,202,0.90,7,-1,-1
614,-1,237,197,15,19,0.89,2,-1,-1
615,-1,237,197,15,19,0.89,2,-1,-1
615,-1,76,294,128,226,0.89,7,-1,-1
616,-1,237,197,15,19,0.89,2,-1,-1
616,-1,61,298,140,237,0.89,7,-1,-1
617,-1,237,197,15,20,0.89,2,-1,-1
618,-1,237,197,15,20,0.89,2,-1,-1
619,-1,237,197,15,20,0.89,2,-1,-1
620,-1,237,197,15,20,0.89,2,-1,-1
621,-1,237,197,15,20,0.89,2,-1,-1
622,-1,237,197,15,20,0.89,2,-1,-1
623,-1,237,197,15,20,0.89,2,-1,-1
624,-1,237,197,15,20,0.89,2,-1,-1
625,-1,237,197,15,20,0.89,2,-1,-1
625,-1,270,154,7,9,0.23,2,-1,-1
626,-1,237,197,15,20,0.89,2,-1,-1
626,-1,270,155,8,9,0.23,2,-1,-1
627,-1,237,197,15,20,0.89,2,-1,-1
627,-1,270,155,8,9,0.23,2,-1,-1
628,-1,237,197,15,20,0.89,2,-1,-1
628,-1,272,155,7,9,0.26,2,-1,-1
629,-1,237,197,15,20,0.89,2,-1,-1
629,-1,272,157,7,9,0.10,2,-1,-1
630,-1,237,197,15,20,0.89,2,-1,-1
631,-1,237,197,15,20,0.89,2,-1,-1
631,-1,272,156,8,10,0.54,2,-1,-1
632,-1,237,197,16,20,0.89,2,-1,-1
632,-1,272,156,8,10,0.55,2,-1,-1
633,-1,237,197,15,20,0.89,2,-1,-1
633,-1,272,155,8,12,0.60,2,-1,-1
634,-1,237,197,15,20,0.89,2,-1,-1
634,-1,272,155,8,13,0.54,2,-1,-1
635,-1,237,197,15,20,0.89,2,-1,-1
635,-1,272,155,8,14,0.47,2,-1,-1
636,-1,237,197,15,20,0.89,2,-1,-1
636,-1,272,155,8,14,0.40,2,-1,-1
637,-1,237,197,15,20,0.89,2,-1,-1
637,-1,272,156,8,14,0.53,2,-1,-1
638,-1,237,197,16,20,0.89,2,-1,-1
638,-1,272,156,8,14,0.39,2,-1,-1
639,-1,237,197,15,20,0.89,2,-1,-1
639,-1,272,158,9,13,0.46,2,-1,-1
640,-1,237,197,15,20,0.89,2,-1,-1
640,-1,272,157,9,13,0.46,2,-1,-1
641,-1,237,197,15,20,0.89,2,-1,-1
641,-1,272,157,10,14,0.57,2,-1,-1
642,-1,237,197,15,20,0.89,2,-1,-1
642,-1,272,158,10,14,0.67,2,-1,-1
643,-1,237,197,15,20,0.89,2,-1,-1
643,-1,272,159,10,13,0.67,2,-1,-1
644,-1,237,197,15,20,0.89,2,-1,-1
644,-1,273,160,9,12,0.73,2,-1,-1
645,-1,392,340,118,194,0.93,7,-1,-1
645,-1,237,197,15,20,0.89,2,-1,-1
645,-1,273,160,10,13,0.79,2,-1,-1
646,-1,386,326,106,177,0.93,7,-1,-1
646,-1,237,197,15,20,0.89,2,-1,-1
646,-1,273,160,9,13,0.80,2,-1,-1
647,-1,378,308,91,156,0.93,7,-1,-1
647,-1,237,197,15,19,0.89,2,-1,-1
647,-1,273,160,10,13,0.81,2,-1,-1
648,-1,374,298,83,142,0.93,7,-1,-1
648,-1,237,197,15,19,0.89,2,-1,-1
648,-1,273,161,10,13,0.80,2,-1,-1
649,-1,368,285,76,126,0.93,7,-1,-1
649,-1,237,197,15,19,0.89,2,-1,-1
649,-1,273,162,10,14,0.77,2,-1,-1
650,-1,364,277,70,117,0.93,7,-1,-1
650,-1,237,197,15,19,0.89,2,-1,-1
650,-1,273,162,10,14,0.77,2,-1,-1
651,-1,360,266,63,107,0.93,7,-1,-1
651,-1,237,197,15,19,0.89,2,-1,-1
651,-1,273,162,10,14,0.77,2,-1,-1
652,-1,358,260,59,100,0.93,7,-1,-1
652,-1,237,197,15,19,0.89,2,-1,-1
652,-1,273,162,10,14,0.76,2,-1,-1
653,-1,354,252,53,92,0.91,7,-1,-1
653,-1,237,197,15,19,0.89,2,-1,-1
653,-1,274,162,10,16,0.67,2,-1,-1
654,-1,351,246,51,89,0.91,7,-1,-1
654,-1,237,197,15,19,0.89,2,-1,-1
654,-1,273,162,10,16,0.61,2,-1,-1
655,-1,350,239,45,82,0.90,7,-1,-1
655,-1,237,197,15,19,0.89,2,-1,-1
655,-1,273,162,11,17,0.45,2,-1,-1
656,-1,348,235,43,78,0.90,7,-1,-1
656,-1,237,197,15,19,0.89,2,-1,-1
656,-1,273,162,11,17,0.47,7,-1,-1
657,-1,345,230,40,74,0.91,7,-1,-1
657,-1,237,197,15,19,0.89,2,-1,-1
657,-1,273,162,11,19,0.79,7,-1,-1
658,-1,344,226,39,71,0.92,7,-1,-1
658,-1,237,197,15,19,0.89,2,-1,-1
658,-1,273,162,11,19,0.78,7,-1,-1
659,-1,341,222,37,67,0.90,7,-1,-1
659,-1,237,197,15,20,0.89,2,-1,-1
659,-1,272,162,11,20,0.81,7,-1,-1
660,-1,340,218,35,65,0.91,7,-1,-1
660,-1,237,197,15,20,0.89,2,-1,-1
660,-1,272,163,12,20,0.83,7,-1,-1
661,-1,339,214,34,62,0.90,7,-1,-1
661,-1,237,198,15,19,0.89,2,-1,-1
661,-1,271,164,12,19,0.65,7,-1,-1
662,-1,337,211,33,61,0.90,7,-1,-1
662,-1,238,197,15,20,0.89,2,-1,-1
662,-1,271,164,12,19,0.63,7,-1,-1
663,-1,334,208,33,58,0.91,7,-1,-1
663,-1,238,197,15,20,0.89,2,-1,-1
663,-1,270,165,13,20,0.71,7,-1,-1
664,-1,334,205,32,57,0.89,7,-1,-1
664,-1,238,197,15,20,0.89,2,-1,-1
664,-1,271,165,12,20,0.66,7,-1,-1
665,-1,333,202,30,54,0.89,7,-1,-1
665,-1,237,197,16,20,0.89,2,-1,-1
665,-1,270,166,13,20,0.68,7,-1,-1
666,-1,237,197,16,20,0.89,2,-1,-1
666,-1,332,200,29,52,0.88,7,-1,-1
666,-1,270,167,13,20,0.80,7,-1,-1
667,-1,330,195,29,50,0.90,7,-1,-1
667,-1,237,197,16,20,0.88,2,-1,-1
667,-1,270,168,13,20,0.72,7,-1,-1
668,-1,330,195,29,50,0.90,7,-1,-1
668,-1,237,197,16,20,0.88,2,-1,-1
668,-1,270,168,13,20,0.73,7,-1,-1
669,-1,329,192,27,48,0.89,7,-1,-1
669,-1,237,197,16,20,0.89,2,-1,-1
669,-1,270,169,13,20,0.66,7,-1,-1
670,-1,330,191,26,47,0.89,7,-1,-1
670,-1,237,197,16,20,0.88,2,-1,-1
670,-1,270,169,13,21,0.76,7,-1,-1
671,-1,237,197,16,20,0.88,2,-1,-1
671,-1,328,189,26,44,0.88,7,-1,-1
671,-1,270,170,14,21,0.59,7,-1,-1
672,-1,237,197,15,20,0.89,2,-1,-1
672,-1,328,188,26,44,0.88,7,-1,-1
672,-1,269,170,14,22,0.72,7,-1,-1
673,-1,237,197,15,20,0.89,2,-1,-1
673,-1,326,186,24,42,0.88,7,-1,-1
673,-1,268,170,14,22,0.53,7,-1,-1
674,-1,237,197,15,20,0.89,2,-1,-1
674,-1,326,184,24,42,0.89,7,-1,-1
674,-1,268,172,14,22,0.54,2,-1,-1
675,-1,237,197,15,20,0.89,2,-1,-1
675,-1,326,183,23,40,0.88,7,-1,-1
675,-1,268,173,14,22,0.52,7,-1,-1
676,-1,237,197,15,20,0.89,2,-1,-1
676,-1,326,182,22,40,0.87,7,-1,-1
676,-1,268,172,14,23,0.62,7,-1,-1
677,-1,237,197,16,20,0.89,2,-1,-1
677,-1,324,180,22,38,0.88,7,-1,-1
677,-1,267,172,14,24,0.84,7,-1,-1
678,-1,237,197,15,20,0.89,2,-1,-1
678,-1,324,179,22,38,0.88,7,-1,-1
678,-1,267,173,15,24,0.78,7,-1,-1
679,-1,237,197,15,20,0.89,2,-1,-1
679,-1,324,178,22,36,0.87,7,-1,-1
679,-1,266,174,15,24,0.83,7,-1,-1
680,-1,237,197,15,20,0.89,2,-1,-1
680,-1,323,177,22,36,0.87,7,-1,-1
680,-1,266,174,16,24,0.85,7,-1,-1
681,-1,237,197,15,20,0.89,2,-1,-1
681,-1,265,176,16,25,0.87,7,-1,-1
681,-1,323,176,21,35,0.86,7,-1,-1
682,-1,237,197,15,20,0.89,2,-1,-1
682,-1,322,174,21,35,0.87,7,-1,-1
682,-1,264,176,16,26,0.87,7,-1,-1
683,-1,237,197,15,20,0.89,2,-1,-1
683,-1,321,174,21,34,0.88,7,-1,-1
683,-1,264,177,16,26,0.86,7,-1,-1
684,-1,237,197,15,20,0.89,2,-1,-1
684,-1,322,172,20,32,0.87,7,-1,-1
684,-1,264,177,16,26,0.86,7,-1,-1
685,-1,238,197,15,20,0.89,2,-1,-1
685,-1,320,171,20,32,0.87,7,-1,-1
685,-1,262,178,17,28,0.85,7,-1,-1
686,-1,238,197,15,20,0.89,2,-1,-1
686,-1,320,171,20,32,0.88,7,-1,-1
686,-1,262,178,17,28,0.85,7,-1,-1
687,-1,238,197,15,20,0.89,2,-1,-1
687,-1,321,170,18,30,0.87,7,-1,-1
687,-1,261,178,18,30,0.86,7,-1,-1
688,-1,238,197,15,20,0.89,2,-1,-1
688,-1,260,179,18,30,0.87,7,-1,-1
688,-1,320,170,19,30,0.84,7,-1,-1
689,-1,238,197,15,20,0.88,2,-1,-1
689,-1,260,179,18,31,0.88,7,-1,-1
689,-1,320,168,18,30,0.85,7,-1,-1
690,-1,238,197,14,20,0.88,2,-1,-1
690,-1,259,180,18,32,0.87,7,-1,-1
690,-1,320,167,18,30,0.79,7,-1,-1
691,-1,238,197,14,20,0.88,2,-1,-1
691,-1,258,182,18,31,0.87,7,-1,-1
691,-1,319,166,18,30,0.83,7,-1,-1
692,-1,238,197,14,20,0.88,2,-1,-1
692,-1,258,183,19,32,0.87,7,-1,-1
692,-1,320,166,17,28,0.83,7,-1,-1
693,-1,238,197,14,20,0.87,2,-1,-1
693,-1,256,184,20,33,0.87,7,-1,-1
693,-1,319,166,17,27,0.56,7,-1,-1
694,-1,238,197,14,20,0.88,2,-1,-1
694,-1,255,185,20,34,0.87,7,-1,-1
694,-1,319,166,16,26,0.73,2,-1,-1
695,-1,238,197,14,20,0.87,2,-1,-1
695,-1,254,187,21,33,0.87,7,-1,-1
695,-1,319,165,16,26,0.76,2,-1,-1
696,-1,237,196,14,20,0.87,2,-1,-1
696,-1,253,188,22,34,0.86,7,-1,-1
696,-1,318,164,16,26,0.65,7,-1,-1
697,-1,252,190,22,35,0.85,7,-1,-1
697,-1,238,196,14,20,0.85,2,-1,-1
697,-1,318,164,15,24,0.81,2,-1,-1
698,-1,251,190,22,36,0.85,7,-1,-1
698,-1,318,163,14,25,0.78,2,-1,-1
698,-1,237,196,14,20,0.77,2,-1,-1
699,-1,249,192,24,38,0.85,7,-1,-1
699,-1,237,196,14,20,0.58,2,-1,-1
699,-1,318,162,15,25,0.56,7,-1,-1
700,-1,248,192,24,38,0.85,7,-1,-1
700,-1,317,161,16,25,0.65,7,-1,-1
700,-1,238,196,14,20,0.52,2,-1,-1
701,-1,247,195,24,38,0.84,7,-1,-1
701,-1,317,162,14,23,0.65,2,-1,-1
701,-1,238,196,14,20,0.41,2,-1,-1
702,-1,246,196,24,39,0.85,7,-1,-1
702,-1,238,196,14,20,0.63,2,-1,-1
702,-1,316,160,15,24,0.63,7,-1,-1
703,-1,244,197,24,41,0.84,7,-1,-1
703,-1,316,160,14,23,0.72,7,-1,-1
703,-1,238,196,14,20,0.27,2,-1,-1
704,-1,242,198,26,42,0.86,7,-1,-1
704,-1,316,161,12,21,0.76,2,-1,-1
705,-1,238,198,29,44,0.87,7,-1,-1
705,-1,316,161,13,21,0.80,2,-1,-1
706,-1,238,199,28,46,0.88,7,-1,-1
706,-1,316,164,12,16,0.79,2,-1,-1
707,-1,237,200,27,48,0.88,7,-1,-1
707,-1,316,165,12,15,0.75,2,-1,-1
708,-1,236,200,28,51,0.88,7,-1,-1
708,-1,315,160,12,19,0.58,2,-1,-1
709,-1,234,204,29,51,0.88,7,-1,-1
709,-1,314,157,12,20,0.58,7,-1,-1
710,-1,233,205,29,52,0.89,7,-1,-1
710,-1,314,157,12,20,0.58,7,-1,-1
711,-1,230,204,30,58,0.84,7,-1,-1
711,-1,314,159,12,16,0.49,2,-1,-1
712,-1,228,204,30,60,0.86,7,-1,-1
712,-1,314,158,11,17,0.48,2,-1,-1
713,-1,226,213,32,57,0.84,7,-1,-1
713,-1,312,155,12,19,0.62,7,-1,-1
713,-1,235,198,18,22,0.15,7,-1,-1
714,-1,352,411,59,102,0.91,2,-1,-1
714,-1,224,218,32,55,0.89,7,-1,-1
714,-1,237,198,15,18,0.81,2,-1,-1
714,-1,312,155,11,18,0.64,7,-1,-1
715,-1,346,380,51,88,0.91,2,-1,-1
715,-1,220,223,34,56,0.87,7,-1,-1
715,-1,237,198,15,18,0.84,2,-1,-1
715,-1,312,154,12,20,0.72,7,-1,-1
715,-1,272,156,8,8,0.43,2,-1,-1
716,-1,342,362,46,81,0.91,2,-1,-1
716,-1,218,224,35,59,0.88,7,-1,-1
716,-1,237,198,15,18,0.85,2,-1,-1
716,-1,311,153,12,20,0.84,7,-1,-1
716,-1,272,156,8,8,0.44,2,-1,-1
717,-1,338,340,44,73,0.93,2,-1,-1
717,-1,215,228,37,60,0.89,7,-1,-1
717,-1,310,152,12,19,0.86,7,-1,-1
717,-1,237,197,15,19,0.84,2,-1,-1
717,-1,272,157,8,8,0.19,2,-1,-1
718,-1,335,328,39,66,0.93,2,-1,-1
718,-1,212,230,38,63,0.90,7,-1,-1
718,-1,310,152,12,18,0.86,7,-1,-1
718,-1,237,197,15,19,0.85,2,-1,-1
718,-1,272,157,8,9,0.68,2,-1,-1
719,-1,208,232,40,67,0.92,7,-1,-1
719,-1,331,312,34,60,0.91,2,-1,-1
719,-1,237,197,15,19,0.85,2,-1,-1
719,-1,310,151,11,19,0.79,7,-1,-1
719,-1,272,158,8,8,0.68,2,-1,-1
720,-1,204,234,42,70,0.92,7,-1,-1
720,-1,237,197,15,19,0.85,2,-1,-1
720,-1,272,158,8,8,0.72,2,-1,-1
720,-1,310,151,11,19,0.71,7,-1,-1
720,-1,329,301,32,58,0.69,2,-1,-1
721,-1,200,236,44,77,0.90,7,-1,-1
721,-1,328,290,31,52,0.89,2,-1,-1
721,-1,237,198,15,19,0.87,2,-1,-1
721,-1,308,150,12,18,0.85,7,-1,-1
721,-1,272,159,8,8,0.58,2,-1,-1
722,-1,198,239,44,79,0.90,7,-1,-1
722,-1,325,282,31,50,0.90,2,-1,-1
722,-1,237,197,15,19,0.87,2,-1,-1
722,-1,308,151,11,18,0.84,7,-1,-1
722,-1,272,159,8,9,0.68,2,-1,-1
723,-1,192,245,47,83,0.90,7,-1,-1
723,-1,237,197,15,20,0.89,2,-1,-1
723,-1,308,151,11,18,0.80,7,-1,-1
723,-1,324,272,26,47,0.71,2,-1,-1
723,-1,272,160,8,8,0.66,2,-1,-1
724,-1,190,247,48,87,0.90,7,-1,-1
724,-1,237,197,15,20,0.88,2,-1,-1
724,-1,308,151,11,17,0.77,7,-1,-1
724,-1,322,265,25,45,0.64,2,-1,-1
724,-1,273,160,8,8,0.54,2,-1,-1
725,-1,183,253,51,92,0.91,7,-1,-1
725,-1,237,197,15,20,0.89,2,-1,-1
725,-1,307,150,11,17,0.78,7,-1,-1
725,-1,320,258,24,42,0.78,7,-1,-1
725,-1,273,160,8,8,0.54,2,-1,-1
726,-1,179,260,54,94,0.92,7,-1,-1
726,-1,237,197,15,20,0.89,2,-1,-1
726,-1,306,150,11,17,0.76,7,-1,-1
726,-1,319,252,24,40,0.62,7,-1,-1
726,-1,274,162,8,8,0.52,2,-1,-1
727,-1,173,266,56,102,0.91,7,-1,-1
727,-1,237,197,15,20,0.89,2,-1,-1
727,-1,318,246,23,38,0.82,7,-1,-1
727,-1,306,150,11,17,0.76,7,-1,-1
727,-1,274,164,8,8,0.55,2,-1,-1
728,-1,167,270,59,108,0.92,7,-1,-1
728,-1,237,197,15,20,0.89,2,-1,-1
728,-1,317,242,22,36,0.84,7,-1,-1
728,-1,306,150,11,17,0.77,7,-1,-1
728,-1,274,164,8,8,0.55,2,-1,-1
729,-1,158,278,65,116,0.91,7,-1,-1
729,-1,237,197,15,20,0.89,2,-1,-1
729,-1,316,236,21,36,0.67,7,-1,-1
729,-1,305,150,11,16,0.62,7,-1,-1
729,-1,274,163,8,8,0.56,2,-1,-1
730,-1,152,284,68,124,0.92,7,-1,-1
730,-1,237,197,15,20,0.89,2,-1,-1
730,-1,316,232,20,34,0.79,2,-1,-1
730,-1,304,149,10,15,0.74,7,-1,-1
730,-1,274,164,9,8,0.58,2,-1,-1
731,-1,141,292,73,137,0.93,7,-1,-1
731,-1,237,197,15,20,0.89,2,-1,-1
731,-1,316,226,19,34,0.77,7,-1,-1
731,-1,304,149,10,16,0.76,7,-1,-1
731,-1,274,164,9,10,0.70,2,-1,-1
732,-1,132,300,78,146,0.92,7,-1,-1
732,-1,237,197,15,20,0.89,2,-1,-1
732,-1,304,149,11,16,0.77,7,-1,-1
732,-1,274,164,9,10,0.69,2,-1,-1
732,-1,314,225,20,31,0.63,7,-1,-1
733,-1,118,308,86,166,0.93,7,-1,-1
733,-1,237,197,15,20,0.89,2,-1,-1
733,-1,274,165,10,10,0.69,2,-1,-1
733,-1,303,149,10,15,0.65,7,-1,-1
733,-1,314,219,20,31,0.54,7,-1,-1
734,-1,109,316,92,179,0.92,7,-1,-1
734,-1,237,197,15,20,0.89,2,-1,-1
734,-1,274,166,10,10,0.74,2,-1,-1
734,-1,303,148,10,15,0.67,7,-1,-1
734,-1,313,217,20,30,0.60,7,-1,-1
735,-1,89,331,105,202,0.91,7,-1,-1
735,-1,237,197,15,20,0.89,2,-1,-1
735,-1,274,166,10,10,0.72,2,-1,-1
735,-1,313,213,18,28,0.66,7,-1,-1
735,-1,302,148,10,14,0.53,7,-1,-1
736,-1,237,197,15,20,0.89,2,-1,-1
736,-1,274,166,10,10,0.73,2,-1,-1
736,-1,302,147,10,16,0.69,7,-1,-1
736,-1,313,210,18,28,0.68,7,-1,-1
737,-1,237,197,15,20,0.89,2,-1,-1
737,-1,312,208,18,27,0.83,2,-1,-1
737,-1,274,167,10,10,0.73,2,-1,-1
737,-1,301,147,10,15,0.67,7,-1,-1
738,-1,237,197,16,20,0.89,2,-1,-1
738,-1,274,168,11,10,0.71,2,-1,-1
738,-1,312,206,16,26,0.63,2,-1,-1
738,-1,300,148,9,13,0.19,7,-1,-1
739,-1,237,197,16,20,0.89,2,-1,-1
739,-1,312,203,16,26,0.82,2,-1,-1
739,-1,274,168,10,10,0.71,2,-1,-1
739,-1,300,148,9,13,0.18,7,-1,-1
740,-1,237,197,16,20,0.89,2,-1,-1
740,-1,312,202,16,24,0.84,2,-1,-1
740,-1,274,170,10,10,0.76,2,-1,-1
741,-1,237,197,16,20,0.89,2,-1,-1
741,-1,312,199,15,23,0.85,2,-1,-1
741,-1,274,170,11,10,0.80,2,-1,-1
742,-1,237,197,16,20,0.89,2,-1,-1
742,-1,312,197,15,24,0.86,2,-1,-1
742,-1,274,170,11,10,0.79,2,-1,-1
743,-1,237,197,16,20,0.89,2,-1,-1
743,-1,312,195,14,22,0.88,2,-1,-1
743,-1,274,171,10,11,0.83,2,-1,-1
743,-1,297,144,8,14,0.29,7,-1,-1
744,-1,237,197,16,20,0.89,2,-1,-1
744,-1,312,194,14,22,0.88,2,-1,-1
744,-1,274,171,11,11,0.83,2,-1,-1
744,-1,297,144,8,14,0.29,7,-1,-1
745,-1,237,197,15,19,0.89,2,-1,-1
745,-1,312,192,14,21,0.86,2,-1,-1
745,-1,273,172,11,12,0.82,2,-1,-1
745,-1,296,144,8,14,0.25,7,-1,-1
746,-1,237,197,15,19,0.89,2,-1,-1
746,-1,312,191,14,21,0.86,2,-1,-1
746,-1,273,172,11,12,0.82,2,-1,-1
746,-1,295,144,8,13,0.22,7,-1,-1
747,-1,237,198,15,19,0.89,2,-1,-1
747,-1,312,190,14,20,0.88,2,-1,-1
747,-1,272,174,12,12,0.83,2,-1,-1
747,-1,295,144,8,13,0.27,7,-1,-1
748,-1,237,198,15,19,0.89,2,-1,-1
748,-1,312,188,14,19,0.88,2,-1,-1
748,-1,272,175,11,12,0.83,2,-1,-1
748,-1,294,144,8,12,0.18,7,-1,-1
749,-1,237,198,15,19,0.89,2,-1,-1
749,-1,312,186,14,18,0.88,2,-1,-1
749,-1,272,176,11,12,0.82,2,-1,-1
749,-1,294,144,8,12,0.17,7,-1,-1
750,-1,237,198,15,19,0.89,2,-1,-1
750,-1,311,185,14,20,0.87,2,-1,-1
750,-1,272,176,11,12,0.82,2,-1,-1
750,-1,293,143,8,13,0.12,7,-1,-1
751,-1,237,198,15,19,0.89,2,-1,-1
751,-1,311,183,14,19,0.88,2,-1,-1
751,-1,272,177,12,12,0.84,2,-1,-1
752,-1,237,197,15,19,0.89,2,-1,-1
752,-1,311,183,14,18,0.86,2,-1,-1
752,-1,272,178,11,12,0.85,2,-1,-1
753,-1,237,198,15,19,0.89,2,-1,-1
753,-1,311,181,12,18,0.86,2,-1,-1
753,-1,271,178,12,13,0.85,2,-1,-1
754,-1,237,197,15,20,0.89,2,-1,-1
754,-1,311,179,12,17,0.86,2,-1,-1
754,-1,270,179,12,14,0.85,2,-1,-1
755,-1,237,197,15,20,0.89,2,-1,-1
755,-1,311,178,12,18,0.87,2,-1,-1
755,-1,270,181,12,13,0.84,2,-1,-1
756,-1,237,197,15,20,0.89,2,-1,-1
756,-1,311,178,12,17,0.87,2,-1,-1
756,-1,270,182,12,14,0.85,2,-1,-1
757,-1,237,197,15,20,0.89,2,-1,-1
757,-1,310,177,12,16,0.86,2,-1,-1
757,-1,269,183,12,13,0.84,2,-1,-1
758,-1,237,197,15,20,0.89,2,-1,-1
758,-1,310,176,12,16,0.86,2,-1,-1
758,-1,269,184,12,14,0.85,2,-1,-1
759,-1,237,197,15,20,0.89,2,-1,-1
759,-1,268,184,12,14,0.87,2,-1,-1
759,-1,310,176,12,15,0.85,2,-1,-1
760,-1,237,197,15,19,0.89,2,-1,-1
760,-1,268,186,12,14,0.86,2,-1,-1
760,-1,310,175,11,14,0.84,2,-1,-1
761,-1,237,197,15,19,0.89,2,-1,-1
761,-1,266,187,13,14,0.85,2,-1,-1
761,-1,310,173,11,15,0.85,2,-1,-1
762,-1,237,197,15,20,0.89,2,-1,-1
762,-1,266,188,14,15,0.85,2,-1,-1
762,-1,310,172,11,14,0.84,2,-1,-1
763,-1,237,197,15,20,0.89,2,-1,-1
763,-1,309,172,11,14,0.84,2,-1,-1
763,-1,265,190,14,15,0.83,2,-1,-1
764,-1,237,197,15,20,0.89,2,-1,-1
764,-1,265,191,14,15,0.84,2,-1,-1
764,-1,309,171,11,15,0.83,2,-1,-1
765,-1,237,198,15,19,0.89,2,-1,-1
765,-1,264,192,14,15,0.85,2,-1,-1
765,-1,308,170,11,14,0.83,2,-1,-1
766,-1,237,198,15,19,0.89,2,-1,-1
766,-1,262,195,14,14,0.87,2,-1,-1
766,-1,308,169,11,14,0.81,2,-1,-1
767,-1,238,198,14,19,0.88,2,-1,-1
767,-1,261,195,15,16,0.88,2,-1,-1
767,-1,308,169,10,13,0.82,2,-1,-1
768,-1,238,197,14,19,0.89,2,-1,-1
768,-1,261,196,15,16,0.88,2,-1,-1
768,-1,308,168,11,14,0.81,2,-1,-1
769,-1,238,197,14,19,0.89,2,-1,-1
769,-1,260,198,15,16,0.87,2,-1,-1
769,-1,308,167,11,14,0.71,2,-1,-1
770,-1,238,197,14,19,0.89,2,-1,-1
770,-1,259,200,16,17,0.86,2,-1,-1
770,-1,307,167,10,12,0.69,2,-1,-1
771,-1,238,198,14,19,0.89,2,-1,-1
771,-1,258,202,16,17,0.85,2,-1,-1
771,-1,307,167,10,12,0.69,2,-1,-1
772,-1,238,198,14,19,0.89,2,-1,-1
772,-1,257,203,16,18,0.84,2,-1,-1
772,-1,306,166,10,12,0.65,2,-1,-1
773,-1,238,198,14,19,0.88,2,-1,-1
773,-1,255,206,16,18,0.84,2,-1,-1
773,-1,306,165,10,12,0.70,2,-1,-1
774,-1,238,198,14,19,0.88,2,-1,-1
774,-1,254,208,16,18,0.84,2,-1,-1
774,-1,306,164,10,12,0.74,2,-1,-1
775,-1,238,198,14,18,0.88,2,-1,-1
775,-1,252,211,16,18,0.87,2,-1,-1
775,-1,306,164,10,11,0.71,2,-1,-1
776,-1,238,198,14,18,0.89,2,-1,-1
776,-1,251,213,16,19,0.87,2,-1,-1
776,-1,306,164,9,11,0.75,2,-1,-1
777,-1,238,198,14,18,0.90,2,-1,-1
777,-1,249,216,16,20,0.86,2,-1,-1
777,-1,304,162,10,12,0.78,2,-1,-1
778,-1,238,198,14,18,0.90,2,-1,-1
778,-1,248,218,17,20,0.86,2,-1,-1
778,-1,304,161,9,12,0.71,2,-1,-1
779,-1,238,198,14,18,0.89,2,-1,-1
779,-1,245,220,18,22,0.88,2,-1,-1
779,-1,304,160,10,13,0.67,2,-1,-1
780,-1,238,198,14,18,0.89,2,-1,-1
780,-1,243,223,18,22,0.85,2,-1,-1
780,-1,304,160,9,13,0.62,2,-1,-1
781,-1,237,198,15,18,0.89,2,-1,-1
781,-1,241,227,18,22,0.88,2,-1,-1
781,-1,304,159,9,12,0.36,2,-1,-1
782,-1,237,198,15,18,0.89,2,-1,-1
782,-1,239,229,20,24,0.86,2,-1,-1
782,-1,303,158,9,12,0.30,2,-1,-1
783,-1,237,197,15,19,0.89,2,-1,-1
783,-1,236,234,20,24,0.89,2,-1,-1
783,-1,303,158,9,12,0.32,2,-1,-1
784,-1,237,198,15,19,0.89,2,-1,-1
784,-1,234,236,20,26,0.86,2,-1,-1
784,-1,303,158,9,12,0.34,2,-1,-1
785,-1,237,198,15,19,0.89,2,-1,-1
785,-1,231,242,21,26,0.88,2,-1,-1
785,-1,367,280,128,235,0.88,7,-1,-1
785,-1,302,157,9,12,0.34,2,-1,-1
786,-1,364,273,121,216,0.90,7,-1,-1
786,-1,237,198,15,19,0.89,2,-1,-1
786,-1,229,245,22,28,0.89,2,-1,-1
786,-1,302,157,9,12,0.35,2,-1,-1
787,-1,360,264,106,192,0.92,7,-1,-1
787,-1,237,197,15,19,0.89,2,-1,-1
787,-1,225,251,23,29,0.88,2,-1,-1
788,-1,358,260,99,176,0.93,7,-1,-1
788,-1,237,197,15,19,0.89,2,-1,-1
788,-1,223,255,24,30,0.87,2,-1,-1
789,-1,356,253,93,158,0.92,7,-1,-1
789,-1,238,197,15,19,0.89,2,-1,-1
789,-1,218,262,26,32,0.88,2,-1,-1
789,-1,301,156,8,10,0.53,2,-1,-1
790,-1,353,248,84,148,0.92,7,-1,-1
790,-1,215,267,26,33,0.90,2,-1,-1
790,-1,238,197,15,19,0.89,2,-1,-1
790,-1,301,156,8,10,0.53,2,-1,-1
791,-1,350,242,76,134,0.92,7,-1,-1
791,-1,210,274,29,36,0.90,2,-1,-1
791,-1,238,197,15,19,0.89,2,-1,-1
791,-1,301,156,8,10,0.33,2,-1,-1
792,-1,350,238,69,126,0.92,7,-1,-1
792,-1,207,280,29,38,0.90,2,-1,-1
792,-1,238,197,15,19,0.89,2,-1,-1
793,-1,348,233,68,118,0.91,7,-1,-1
793,-1,201,290,32,40,0.90,2,-1,-1
793,-1,237,197,15,20,0.89,2,-1,-1
794,-1,348,230,62,113,0.92,7,-1,-1
794,-1,197,297,33,43,0.91,2,-1,-1
794,-1,237,197,15,20,0.89,2,-1,-1
795,-1,344,226,57,103,0.91,7,-1,-1
795,-1,189,308,36,48,0.90,2,-1,-1
795,-1,237,197,15,20,0.89,2,-1,-1
796,-1,343,223,55,99,0.91,7,-1,-1
796,-1,184,317,38,51,0.90,2,-1,-1
796,-1,237,197,15,19,0.89,2,-1,-1
797,-1,342,220,50,92,0.92,7,-1,-1
797,-1,175,332,40,56,0.90,2,-1,-1
797,-1,237,197,15,19,0.89,2,-1,-1
798,-1,168,344,43,61,0.92,2,-1,-1
798,-1,341,217,48,88,0.91,7,-1,-1
798,-1,237,197,15,19,0.89,2,-1,-1
799,-1,155,364,48,68,0.93,2,-1,-1
799,-1,237,197,15,19,0.89,2,-1,-1
799,-1,340,213,46,83,0.89,7,-1,-1
800,-1,146,379,52,76,0.91,2,-1,-1
800,-1,338,211,46,80,0.90,7,-1,-1
800,-1,238,197,15,20,0.89,2,-1,-1
801,-1,129,406,58,89,0.92,2,-1,-1
801,-1,337,208,44,76,0.89,7,-1,-1
801,-1,238,197,15,20,0.89,2,-1,-1
802,-1,337,206,41,74,0.93,7,-1,-1
802,-1,115,428,64,99,0.92,2,-1,-1
802,-1,237,197,15,20,0.89,2,-1,-1
803,-1,336,204,39,70,0.91,7,-1,-1
803,-1,237,197,15,20,0.89,2,-1,-1
804,-1,336,202,38,68,0.91,7,-1,-1
804,-1,237,198,15,19,0.89,2,-1,-1
805,-1,334,198,36,66,0.89,7,-1,-1
805,-1,237,197,15,19,0.89,2,-1,-1
806,-1,334,197,35,64,0.89,7,-1,-1
806,-1,237,197,15,19,0.89,2,-1,-1
807,-1,237,197,15,20,0.89,2,-1,-1
807,-1,333,194,34,61,0.87,7,-1,-1
808,-1,237,197,16,19,0.89,2,-1,-1
808,-1,333,194,32,58,0.88,7,-1,-1
809,-1,332,193,31,55,0.89,7,-1,-1
809,-1,237,197,16,19,0.89,2,-1,-1
810,-1,237,197,16,19,0.89,2,-1,-1
810,-1,332,191,30,54,0.87,7,-1,-1
811,-1,237,197,16,19,0.89,2,-1,-1
811,-1,331,190,28,52,0.88,7,-1,-1
812,-1,330,187,29,52,0.89,7,-1,-1
812,-1,237,197,16,19,0.89,2,-1,-1
813,-1,237,197,16,19,0.89,2,-1,-1
813,-1,330,186,28,49,0.88,7,-1,-1
814,-1,329,187,26,46,0.89,7,-1,-1
814,-1,237,197,16,20,0.89,2,-1,-1
815,-1,237,197,16,20,0.89,2,-1,-1
815,-1,329,186,25,45,0.87,7,-1,-1
816,-1,237,197,16,20,0.89,2,-1,-1
816,-1,328,185,24,43,0.86,7,-1,-1
817,-1,237,197,16,20,0.89,2,-1,-1
817,-1,328,182,24,44,0.80,7,-1,-1
818,-1,237,197,16,20,0.88,2,-1,-1
818,-1,328,182,23,41,0.59,7,-1,-1
819,-1,237,197,16,20,0.88,2,-1,-1
819,-1,327,182,23,39,0.53,7,-1,-1
820,-1,237,197,16,20,0.88,2,-1,-1
820,-1,327,184,22,35,0.61,2,-1,-1
821,-1,237,197,16,20,0.88,2,-1,-1
821,-1,326,180,22,37,0.67,7,-1,-1
822,-1,237,197,16,20,0.89,2,-1,-1
822,-1,326,178,22,37,0.82,7,-1,-1
823,-1,237,197,16,20,0.89,2,-1,-1
823,-1,325,183,21,31,0.74,2,-1,-1
824,-1,237,197,16,20,0.89,2,-1,-1
824,-1,324,181,21,31,0.83,2,-1,-1
825,-1,237,197,16,20,0.89,2,-1,-1
825,-1,324,180,20,30,0.84,2,-1,-1
826,-1,237,197,16,20,0.89,2,-1,-1
826,-1,324,183,20,26,0.86,2,-1,-1
827,-1,237,197,16,20,0.89,2,-1,-1
827,-1,324,182,19,25,0.82,2,-1,-1
828,-1,237,197,16,20,0.89,2,-1,-1
828,-1,323,175,20,31,0.62,7,-1,-1
829,-1,237,197,15,20,0.89,2,-1,-1
829,-1,323,177,19,27,0.82,2,-1,-1
830,-1,237,197,15,20,0.89,2,-1,-1
830,-1,322,173,19,30,0.64,2,-1,-1
831,-1,237,197,15,20,0.89,2,-1,-1
831,-1,322,177,18,24,0.86,2,-1,-1
832,-1,237,197,15,20,0.89,2,-1,-1
832,-1,322,176,18,23,0.85,2,-1,-1
833,-1,237,197,15,20,0.89,2,-1,-1
833,-1,322,171,18,27,0.77,2,-1,-1
834,-1,238,197,15,20,0.89,2,-1,-1
834,-1,321,171,18,26,0.77,2,-1,-1
835,-1,237,197,15,20,0.89,2,-1,-1
835,-1,321,174,17,21,0.83,2,-1,-1
836,-1,237,197,15,20,0.89,2,-1,-1
836,-1,321,174,16,20,0.84,2,-1,-1
837,-1,237,197,15,20,0.89,2,-1,-1
837,-1,321,174,16,20,0.83,2,-1,-1
838,-1,237,197,16,20,0.89,2,-1,-1
838,-1,321,174,16,19,0.85,2,-1,-1
839,-1,237,197,16,20,0.89,2,-1,-1
839,-1,321,174,15,18,0.84,2,-1,-1
840,-1,237,197,16,20,0.89,2,-1,-1
840,-1,320,171,15,20,0.84,2,-1,-1
841,-1,237,197,15,20,0.89,2,-1,-1
841,-1,320,170,15,19,0.82,2,-1,-1
841,-1,272,158,8,8,0.11,2,-1,-1
842,-1,237,197,15,20,0.89,2,-1,-1
842,-1,320,169,16,20,0.81,2,-1,-1
842,-1,272,160,8,8,0.12,2,-1,-1
843,-1,237,197,15,20,0.89,2,-1,-1
843,-1,319,167,16,20,0.80,2,-1,-1
843,-1,272,160,7,7,0.15,2,-1,-1
844,-1,237,197,15,20,0.89,2,-1,-1
844,-1,319,169,15,19,0.81,2,-1,-1
844,-1,272,161,8,8,0.17,2,-1,-1
845,-1,237,197,16,20,0.89,2,-1,-1
845,-1,318,166,15,21,0.82,2,-1,-1
845,-1,274,161,9,8,0.11,2,-1,-1
846,-1,237,197,16,20,0.89,2,-1,-1
846,-1,318,166,15,20,0.83,2,-1,-1
847,-1,237,197,16,20,0.89,2,-1,-1
847,-1,318,165,15,20,0.81,2,-1,-1
847,-1,280,159,9,8,0.31,2,-1,-1
847,-1,274,161,9,8,0.28,2,-1,-1
848,-1,237,197,16,20,0.89,2,-1,-1
848,-1,318,164,14,20,0.82,2,-1,-1
848,-1,280,159,8,8,0.27,2,-1,-1
848,-1,274,162,8,8,0.27,2,-1,-1
849,-1,237,197,16,20,0.89,2,-1,-1
849,-1,317,163,14,19,0.83,2,-1,-1
849,-1,274,162,9,8,0.38,2,-1,-1
849,-1,280,160,9,9,0.29,2,-1,-1
850,-1,237,197,16,20,0.89,2,-1,-1
850,-1,317,164,14,18,0.83,2,-1,-1
850,-1,274,163,8,8,0.38,2,-1,-1
850,-1,280,161,9,9,0.26,2,-1,-1
851,-1,237,197,16,20,0.89,2,-1,-1
851,-1,317,165,13,16,0.83,2,-1,-1
851,-1,274,164,8,9,0.44,2,-1,-1
852,-1,237,197,16,20,0.89,2,-1,-1
852,-1,316,165,13,16,0.83,2,-1,-1
852,-1,274,165,8,9,0.44,2,-1,-1
853,-1,237,197,16,20,0.89,2,-1,-1
853,-1,316,166,12,14,0.82,2,-1,-1
853,-1,274,165,8,9,0.73,2,-1,-1
854,-1,237,197,16,20,0.89,2,-1,-1
854,-1,316,165,12,14,0.81,2,-1,-1
854,-1,274,166,8,9,0.71,2,-1,-1
855,-1,237,197,16,20,0.89,2,-1,-1
855,-1,316,166,12,13,0.79,2,-1,-1
855,-1,274,166,8,9,0.72,2,-1,-1
856,-1,237,197,16,20,0.89,2,-1,-1
856,-1,315,164,12,14,0.79,2,-1,-1
856,-1,274,166,8,9,0.73,2,-1,-1
857,-1,237,197,16,20,0.89,2,-1,-1
857,-1,314,162,12,14,0.73,2,-1,-1
857,-1,275,168,9,9,0.69,2,-1,-1
858,-1,237,197,16,20,0.89,2,-1,-1
858,-1,274,168,9,9,0.69,2,-1,-1
858,-1,314,161,12,16,0.63,2,-1,-1
858,-1,284,164,8,9,0.12,2,-1,-1
859,-1,237,197,16,20,0.89,2,-1,-1
859,-1,314,160,12,16,0.74,2,-1,-1
859,-1,274,170,9,9,0.63,2,-1,-1
859,-1,285,164,8,8,0.48,2,-1,-1
860,-1,237,197,16,20,0.89,2,-1,-1
860,-1,313,160,12,16,0.72,2,-1,-1
860,-1,274,170,9,9,0.63,2,-1,-1
860,-1,285,164,8,8,0.48,2,-1,-1
861,-1,237,197,16,20,0.89,2,-1,-1
861,-1,313,160,11,13,0.81,2,-1,-1
861,-1,274,171,9,9,0.70,2,-1,-1
861,-1,285,166,9,9,0.63,2,-1,-1
862,-1,237,197,15,20,0.89,2,-1,-1
862,-1,313,160,11,14,0.81,2,-1,-1
862,-1,274,171,9,10,0.77,2,-1,-1
862,-1,285,166,8,8,0.60,2,-1,-1
863,-1,237,197,15,20,0.89,2,-1,-1
863,-1,274,172,9,10,0.74,2,-1,-1
863,-1,312,160,11,13,0.67,2,-1,-1
863,-1,285,166,9,9,0.46,2,-1,-1
864,-1,237,197,15,20,0.89,2,-1,-1
864,-1,274,173,9,10,0.78,2,-1,-1
864,-1,312,159,10,14,0.60,2,-1,-1
864,-1,285,167,9,9,0.47,2,-1,-1
865,-1,237,197,15,20,0.89,2,-1,-1
865,-1,273,173,10,10,0.80,2,-1,-1
865,-1,311,156,11,15,0.62,2,-1,-1
865,-1,285,167,9,10,0.45,2,-1,-1
866,-1,237,197,15,20,0.89,2,-1,-1
866,-1,273,174,10,11,0.81,2,-1,-1
866,-1,310,158,11,13,0.65,2,-1,-1
866,-1,285,168,9,10,0.39,2,-1,-1
867,-1,237,197,15,20,0.89,2,-1,-1
867,-1,273,175,10,11,0.83,2,-1,-1
867,-1,310,158,10,12,0.53,2,-1,-1
867,-1,286,168,9,10,0.52,2,-1,-1
868,-1,237,197,15,20,0.89,2,-1,-1
868,-1,273,175,10,11,0.83,2,-1,-1
868,-1,310,158,11,12,0.57,2,-1,-1
868,-1,286,168,9,10,0.52,2,-1,-1
869,-1,237,197,15,20,0.89,2,-1,-1
869,-1,272,178,11,10,0.79,2,-1,-1
869,-1,309,155,11,15,0.39,2,-1,-1
869,-1,286,170,9,10,0.22,2,-1,-1
870,-1,237,197,15,20,0.89,2,-1,-1
870,-1,272,178,10,11,0.82,2,-1,-1
870,-1,285,170,10,10,0.49,2,-1,-1
870,-1,309,155,11,14,0.44,2,-1,-1
871,-1,237,197,15,20,0.89,2,-1,-1
871,-1,272,179,10,11,0.83,2,-1,-1
871,-1,285,172,10,10,0.65,2,-1,-1
871,-1,308,155,11,14,0.52,2,-1,-1
872,-1,237,197,15,20,0.89,2,-1,-1
872,-1,272,179,11,11,0.83,2,-1,-1
872,-1,286,172,10,10,0.66,2,-1,-1
872,-1,308,155,11,13,0.56,2,-1,-1
873,-1,237,197,15,20,0.89,2,-1,-1
873,-1,271,181,11,12,0.83,2,-1,-1
873,-1,286,173,10,10,0.65,2,-1,-1
873,-1,307,154,11,14,0.24,7,-1,-1
874,-1,237,197,15,20,0.89,2,-1,-1
874,-1,270,182,11,12,0.84,2,-1,-1
874,-1,286,174,10,10,0.78,2,-1,-1
874,-1,306,152,12,14,0.38,7,-1,-1
875,-1,237,197,15,20,0.89,2,-1,-1
875,-1,270,183,11,12,0.83,2,-1,-1
875,-1,286,174,10,10,0.73,2,-1,-1
875,-1,305,153,11,14,0.36,7,-1,-1
876,-1,237,197,15,20,0.89,2,-1,-1
876,-1,270,184,11,12,0.82,2,-1,-1
876,-1,285,175,10,11,0.77,2,-1,-1
876,-1,305,152,11,14,0.39,7,-1,-1
877,-1,237,196,15,20,0.89,2,-1,-1
877,-1,268,185,12,12,0.84,2,-1,-1
877,-1,285,176,10,10,0.76,2,-1,-1
877,-1,304,152,11,14,0.61,7,-1,-1
878,-1,237,197,15,20,0.89,2,-1,-1
878,-1,268,186,12,12,0.86,2,-1,-1
878,-1,284,177,10,10,0.70,2,-1,-1
878,-1,304,152,11,13,0.42,7,-1,-1
879,-1,237,197,15,20,0.89,2,-1,-1
879,-1,267,186,13,14,0.86,2,-1,-1
879,-1,284,177,10,10,0.75,2,-1,-1
879,-1,304,152,10,12,0.59,7,-1,-1
880,-1,237,197,15,20,0.89,2,-1,-1
880,-1,266,188,13,14,0.85,2,-1,-1
880,-1,284,178,10,10,0.81,2,-1,-1
880,-1,304,152,11,12,0.51,7,-1,-1
881,-1,237,197,15,20,0.89,2,-1,-1
881,-1,266,190,14,13,0.83,2,-1,-1
881,-1,285,178,10,10,0.78,2,-1,-1
881,-1,303,151,11,13,0.58,7,-1,-1
882,-1,237,196,16,20,0.89,2,-1,-1
882,-1,264,190,14,14,0.83,2,-1,-1
882,-1,284,180,10,11,0.80,2,-1,-1
882,-1,302,150,10,14,0.67,7,-1,-1
883,-1,237,196,16,20,0.89,2,-1,-1
883,-1,264,192,14,15,0.85,2,-1,-1
883,-1,284,180,12,12,0.78,2,-1,-1
883,-1,302,150,11,14,0.66,7,-1,-1
884,-1,237,196,15,20,0.89,2,-1,-1
884,-1,263,194,14,14,0.87,2,-1,-1
884,-1,284,182,11,12,0.80,2,-1,-1
884,-1,302,150,10,13,0.40,7,-1,-1
885,-1,262,194,14,17,0.89,2,-1,-1
885,-1,237,196,16,20,0.89,2,-1,-1
885,-1,283,183,12,12,0.79,2,-1,-1
885,-1,302,150,10,13,0.41,7,-1,-1
886,-1,262,194,14,18,0.89,2,-1,-1
886,-1,237,197,15,20,0.88,2,-1,-1
886,-1,283,182,12,12,0.79,2,-1,-1
886,-1,301,149,10,13,0.34,7,-1,-1
887,-1,237,196,15,20,0.88,2,-1,-1
887,-1,260,198,15,17,0.87,2,-1,-1
887,-1,283,184,12,12,0.77,2,-1,-1
888,-1,237,197,15,20,0.88,2,-1,-1
888,-1,259,200,15,16,0.87,2,-1,-1
888,-1,281,185,13,13,0.81,2,-1,-1
889,-1,238,197,14,20,0.88,2,-1,-1
889,-1,280,186,14,14,0.85,2,-1,-1
889,-1,258,203,15,16,0.84,2,-1,-1
890,-1,238,197,14,20,0.88,2,-1,-1
890,-1,281,187,13,14,0.85,2,-1,-1
890,-1,257,205,15,16,0.83,2,-1,-1
891,-1,238,197,14,20,0.88,2,-1,-1
891,-1,254,205,16,20,0.85,2,-1,-1
891,-1,281,188,13,14,0.85,2,-1,-1
892,-1,237,197,15,20,0.88,2,-1,-1
892,-1,253,206,16,20,0.85,2,-1,-1
892,-1,280,190,13,14,0.84,2,-1,-1
893,-1,237,197,15,20,0.88,2,-1,-1
893,-1,251,209,16,22,0.86,2,-1,-1
893,-1,280,192,13,14,0.84,2,-1,-1
894,-1,237,197,15,19,0.89,2,-1,-1
894,-1,250,213,16,19,0.86,2,-1,-1
894,-1,280,193,13,14,0.85,2,-1,-1
895,-1,237,197,15,19,0.89,2,-1,-1
895,-1,280,194,14,14,0.87,2,-1,-1
895,-1,248,216,16,20,0.85,2,-1,-1
896,-1,237,197,15,19,0.89,2,-1,-1
896,-1,279,195,14,15,0.86,2,-1,-1
896,-1,246,217,17,22,0.85,2,-1,-1
897,-1,237,197,15,19,0.88,2,-1,-1
897,-1,280,197,13,15,0.86,2,-1,-1
897,-1,244,221,18,22,0.86,2,-1,-1
898,-1,237,197,15,19,0.88,2,-1,-1
898,-1,242,224,18,23,0.87,2,-1,-1
898,-1,279,199,14,15,0.86,2,-1,-1
899,-1,237,197,15,19,0.88,2,-1,-1
899,-1,278,200,14,16,0.87,2,-1,-1
899,-1,238,228,20,24,0.87,2,-1,-1
900,-1,237,197,15,19,0.88,2,-1,-1
900,-1,276,202,15,16,0.87,2,-1,-1
900,-1,236,231,20,25,0.86,2,-1,-1
901,-1,237,197,15,19,0.88,2,-1,-1
901,-1,233,236,20,26,0.87,2,-1,-1
901,-1,276,204,14,16,0.86,2,-1,-1
