41,0,236,205,18,22,0.87,2
42,0,236,205,18,22,0.87,2
43,0,236,204,18,22,0.87,2
44,0,236,204,18,22,0.87,2
45,0,236,205,18,22,0.87,2
46,0,236,205,18,22,0.88,2
47,0,236,204,18,22,0.88,2
48,0,236,205,18,22,0.88,2
49,0,236,205,18,22,0.88,2
50,0,236,205,18,22,0.87,2
51,0,236,205,18,22,0.87,2
52,0,236,205,18,22,0.87,2
53,0,236,205,18,22,0.87,2
54,0,236,205,18,22,0.87,2
55,0,236,205,18,22,0.87,2
56,0,236,205,18,22,0.87,2
57,0,236,205,18,22,0.87,2
58,0,236,205,18,22,0.87,2
59,0,236,205,18,22,0.87,2
60,0,236,205,18,22,0.87,2
61,0,236,205,18,22,0.87,2
62,0,236,205,18,22,0.87,2
63,0,236,205,18,22,0.87,2
64,0,236,205,18,22,0.87,2
65,0,236,205,18,22,0.87,2
66,0,236,205,18,22,0.87,2
67,0,236,205,18,22,0.87,2
68,0,236,205,18,22,0.87,2
69,0,236,205,18,22,0.87,2
70,0,236,205,18,22,0.87,2
71,0,236,205,17,22,0.87,2
72,0,236,205,17,22,0.87,2
73,0,236,205,17,23,0.87,2
74,0,236,205,17,22,0.87,2
75,0,236,204,17,22,0.87,2
76,0,236,204,17,23,0.87,2
77,0,236,204,16,22,0.86,2
78,0,237,204,16,22,0.85,2
79,0,237,204,17,22,0.85,2
80,0,236,204,18,23,0.83,2
81,0,237,204,18,22,0.83,2
82,0,236,204,18,22,0.80,2
83,0,237,204,18,22,0.79,2
84,0,237,204,18,22,0.80,2
85,0,237,205,18,22,0.81,2
86,0,237,205,18,22,0.82,2
87,0,237,205,18,22,0.82,2
88,0,236,205,18,22,0.83,2
89,0,237,205,18,22,0.83,2
90,0,236,205,18,22,0.84,2
91,0,236,205,18,22,0.86,2
92,0,237,205,17,22,0.86,2
93,0,237,205,17,22,0.86,2
94,0,237,205,17,22,0.87,2
95,0,237,205,17,22,0.87,2
96,0,237,205,18,22,0.87,2
97,0,237,205,18,22,0.87,2
98,0,236,205,18,22,0.87,2
99,0,236,205,18,22,0.88,2
100,0,236,205,18,22,0.88,2
101,0,236,205,18,22,0.88,2
102,0,236,205,18,22,0.87,2
103,0,236,205,18,22,0.87,2
104,0,236,205,18,22,0.87,2
105,0,236,205,18,22,0.87,2
106,0,236,205,18,22,0.87,2
107,0,236,205,18,22,0.87,2
108,0,236,205,18,22,0.87,2
109,0,236,205,18,22,0.87,2
110,0,236,205,19,22,0.87,2
111,0,236,205,19,22,0.87,2
112,0,236,205,19,22,0.87,2
113,0,236,205,19,22,0.87,2
114,0,236,205,19,22,0.87,2
115,0,236,205,19,22,0.87,2
116,0,236,205,19,22,0.87,2
117,0,236,205,19,22,0.87,2
118,0,236,205,19,22,0.87,2
119,0,236,205,19,22,0.88,2
120,0,236,205,19,22,0.88,2
121,0,236,205,19,22,0.88,2
122,0,236,205,19,22,0.88,2
123,0,236,205,19,22,0.88,2
124,0,236,205,19,22,0.88,2
125,0,236,205,19,22,0.88,2
126,0,236,205,19,22,0.87,2
127,0,236,205,19,22,0.87,2
128,0,236,205,19,22,0.87,2
129,0,236,205,19,22,0.87,2
130,0,236,205,19,22,0.87,2
131,0,236,205,19,22,0.87,2
132,0,236,205,19,22,0.88,2
133,0,236,205,18,22,0.88,2
134,0,235,205,18,22,0.87,2
135,0,235,205,18,22,0.87,2
136,0,235,205,18,22,0.87,2
137,0,235,205,18,22,0.87,2
138,0,235,205,18,22,0.87,2
139,0,235,205,18,22,0.88,2
140,0,235,205,18,22,0.88,2
141,0,235,205,18,22,0.87,2
142,0,236,205,18,22,0.88,2
143,0,236,205,18,22,0.88,2
144,0,236,205,18,22,0.88,2
145,0,236,205,18,22,0.88,2
146,0,235,205,18,22,0.87,2
147,0,235,205,18,22,0.87,2
148,0,235,205,18,22,0.87,2
149,0,235,205,18,22,0.87,2
150,0,235,205,18,22,0.87,2
151,0,235,205,18,22,0.87,2
152,0,236,205,18,22,0.88,2
153,0,236,205,18,21,0.88,2
154,0,235,205,18,21,0.88,2
155,0,235,205,18,22,0.88,2
156,0,236,205,18,21,0.88,2
157,0,236,205,18,21,0.88,2
158,0,235,205,19,22,0.87,2
159,0,236,205,18,22,0.87,2
160,0,235,205,19,22,0.87,2
161,0,235,205,19,22,0.87,2
162,0,235,205,18,22,0.87,2
163,0,235,206,18,21,0.87,2
164,0,235,205,18,22,0.87,2
165,0,236,206,18,21,0.87,2
166,0,236,205,18,22,0.87,2
167,0,236,205,18,22,0.87,2
168,0,236,206,18,21,0.87,2
169,0,236,206,18,21,0.87,2
170,0,236,206,18,22,0.87,2
171,0,236,206,18,21,0.87,2
172,0,236,206,18,22,0.87,2
173,0,236,205,18,22,0.87,2
174,0,236,205,18,22,0.88,2
175,0,236,205,18,22,0.87,2
176,0,236,205,18,22,0.88,2
177,0,236,205,18,22,0.88,2
178,0,236,205,18,22,0.88,2
179,0,236,205,18,22,0.88,2
180,0,236,205,18,22,0.88,2
181,0,236,205,18,22,0.88,2
182,0,236,205,18,22,0.88,2
183,0,236,205,18,22,0.88,2
184,0,236,205,18,22,0.88,2
185,0,236,205,18,22,0.88,2
186,0,236,205,18,22,0.88,2
187,0,236,205,18,22,0.88,2
188,0,236,205,18,22,0.88,2
189,0,236,205,18,22,0.88,2
190,0,236,205,18,22,0.88,2
191,0,236,205,18,22,0.88,2
192,0,236,205,18,22,0.88,2
193,0,236,205,18,22,0.88,2
194,0,236,205,18,22,0.88,2
195,0,236,205,18,22,0.88,2
196,0,236,205,18,22,0.88,2
197,0,236,205,18,22,0.88,2
198,0,236,205,18,22,0.88,2
199,0,236,205,18,22,0.87,2
200,0,236,205,18,22,0.87,2
201,0,236,205,18,22,0.87,2
202,0,236,205,18,22,0.87,2
203,0,236,205,18,22,0.88,2
204,0,236,205,18,22,0.88,2
205,0,236,205,18,22,0.88,2
206,0,236,205,18,22,0.87,2
207,0,236,206,18,22,0.87,2
208,0,236,206,18,22,0.87,2
209,0,236,206,18,22,0.87,2
210,0,236,205,18,22,0.88,2
211,0,236,205,18,22,0.87,2
212,0,236,205,18,22,0.88,2
213,0,236,205,18,22,0.88,2
214,0,236,205,18,22,0.87,2
215,0,236,205,18,22,0.87,2
216,0,236,205,18,22,0.88,2
217,0,236,205,18,22,0.88,2
218,0,236,205,18,22,0.88,2
219,0,236,205,18,22,0.88,2
220,0,236,205,18,22,0.88,2
221,0,236,205,18,22,0.88,2
222,0,236,206,18,22,0.87,2
223,0,236,206,18,22,0.87,2
224,0,236,206,18,22,0.88,2
225,0,236,205,18,22,0.87,2
226,0,236,206,18,22,0.87,2
227,0,236,206,18,22,0.87,2
228,0,236,206,18,22,0.87,2
229,0,236,206,18,22,0.87,2
230,0,236,205,18,22,0.87,2
231,0,236,205,18,22,0.87,2
232,0,236,205,18,22,0.87,2
233,0,236,205,18,22,0.87,2
234,0,236,206,18,22,0.87,2
235,0,236,206,18,22,0.87,2
236,0,236,205,18,22,0.87,2
237,0,236,206,18,22,0.87,2
238,0,236,206,18,23,0.87,2
239,0,236,206,18,23,0.87,2
240,0,236,206,18,23,0.87,2
241,0,236,206,18,23,0.87,2
242,0,236,206,18,23,0.85,2
243,0,236,206,18,23,0.85,2
244,0,235,206,18,23,0.87,2
245,0,235,206,18,23,0.87,2
246,0,235,206,18,23,0.87,2
247,0,235,207,18,23,0.87,2
248,0,235,207,18,23,0.87,2
249,0,235,207,18,23,0.87,2
250,0,234,207,18,23,0.87,2
251,0,234,208,18,22,0.87,2
252,0,234,207,18,23,0.87,2
253,0,234,208,18,23,0.87,2
254,0,234,208,18,24,0.88,2
255,0,234,208,18,23,0.88,2
256,0,234,208,18,23,0.88,2
257,0,233,209,18,22,0.88,2
258,0,233,209,19,22,0.88,2
259,0,233,209,18,24,0.88,2
260,0,233,209,18,24,0.88,2
261,0,232,209,19,24,0.88,2
262,0,232,210,19,24,0.88,2
263,0,232,210,19,24,0.88,2
264,0,232,210,19,24,0.88,2
265,0,231,210,19,24,0.88,2
266,0,231,210,18,25,0.88,2
267,0,231,210,18,25,0.88,2
268,0,230,210,18,25,0.87,2
269,0,230,211,18,24,0.87,2
270,0,230,211,19,24,0.87,2
271,0,230,212,19,24,0.87,2
272,0,230,212,19,24,0.87,2
273,0,230,212,19,24,0.86,2
274,0,229,212,19,25,0.86,2
275,0,229,212,19,25,0.86,2
276,0,228,213,19,24,0.86,2
277,0,228,214,19,25,0.86,2
278,0,228,214,19,25,0.86,2
279,0,228,214,19,25,0.86,2
280,0,228,214,19,25,0.86,2
281,0,227,214,19,25,0.86,2
282,0,226,215,20,26,0.86,2
283,0,226,216,20,26,0.86,2
284,0,226,217,20,24,0.87,2
285,0,226,217,20,24,0.87,2
286,0,225,216,21,26,0.87,2
287,0,225,216,21,26,0.87,2
288,0,225,217,21,26,0.88,2
289,0,225,217,21,26,0.87,2
290,0,224,218,21,25,0.87,2
291,0,224,218,21,25,0.87,2
292,0,224,219,21,26,0.87,2
293,0,224,218,21,26,0.87,2
294,0,223,219,21,26,0.87,2
295,0,223,219,21,26,0.87,2
296,0,223,219,21,26,0.87,2
297,0,223,220,20,26,0.86,2
298,0,223,222,20,26,0.85,2
299,0,223,221,20,26,0.85,2
300,0,222,222,20,26,0.85,2
301,0,222,222,20,26,0.85,2
302,0,222,222,20,26,0.84,2
303,0,222,222,20,26,0.85,2
304,0,221,222,21,28,0.82,2
305,0,221,222,21,28,0.84,2
306,0,220,223,22,28,0.83,2
307,0,220,223,22,28,0.82,2
308,0,220,222,22,29,0.75,2
309,0,220,223,22,29,0.83,2
310,0,220,223,22,29,0.76,2
311,0,220,223,22,30,0.64,2
312,0,219,224,22,30,0.72,2
313,0,219,224,22,30,0.77,2
314,0,218,224,23,32,0.54,2
315,0,218,225,23,31,0.70,2
316,0,217,225,23,32,0.66,2
317,0,217,225,23,32,0.74,2
318,0,217,226,22,32,0.57,2
319,0,217,228,23,31,0.73,2
320,0,217,229,22,31,0.80,2
321,0,216,230,23,30,0.81,2
322,0,215,230,23,30,0.82,2
323,0,216,230,24,31,0.78,2
324,0,215,230,24,32,0.69,2
325,0,214,231,24,32,0.76,2
326,0,214,234,23,31,0.84,2
327,0,213,234,23,30,0.87,2
328,0,212,234,23,31,0.86,2
329,0,212,234,24,32,0.83,2
330,0,211,235,24,32,0.84,2
331,0,210,236,24,31,0.85,2
332,0,210,238,24,30,0.86,2
333,0,210,238,24,31,0.86,2
251,1,260,174,11,13,0.70,2
252,1,260,173,11,14,0.71,2
253,1,260,173,11,14,0.71,2
254,1,260,174,11,13,0.70,2
255,1,260,173,11,14,0.61,2
256,1,260,173,11,14,0.61,2
257,1,260,173,11,14,0.62,2
258,1,260,172,11,15,0.64,2
259,1,260,173,12,15,0.66,2
260,1,260,173,11,15,0.65,2
261,1,260,173,11,15,0.65,2
262,1,260,172,12,16,0.62,2
263,1,260,173,11,15,0.60,2
264,1,260,173,11,15,0.62,2
265,1,260,172,12,16,0.65,2
266,1,260,173,11,15,0.57,2
267,1,260,173,11,15,0.57,2
268,1,260,173,11,15,0.55,2
269,1,260,173,11,15,0.54,2
270,1,260,173,11,15,0.59,2
271,1,259,173,12,15,0.69,2
272,1,260,174,11,14,0.75,2
273,1,260,174,11,14,0.75,2
274,1,260,174,11,14,0.74,2
275,1,260,174,11,14,0.74,2
276,1,259,174,12,15,0.76,2
277,1,260,174,12,15,0.77,2
278,1,260,175,11,14,0.78,2
279,1,260,175,11,14,0.79,2
280,1,260,175,11,14,0.79,2
281,1,260,175,11,14,0.79,2
282,1,260,174,12,15,0.76,2
283,1,260,174,11,15,0.76,2
284,1,260,174,11,15,0.76,2
285,1,260,174,11,15,0.76,2
286,1,260,174,12,16,0.73,2
287,1,260,174,12,16,0.73,2
288,1,260,174,12,16,0.73,2
289,1,260,174,12,17,0.72,2
290,1,260,174,12,18,0.68,2
291,1,260,174,12,18,0.69,2
292,1,260,174,12,18,0.69,2
293,1,260,174,12,18,0.69,2
294,1,260,174,12,18,0.68,2
295,1,260,174,12,17,0.75,2
296,1,260,176,11,16,0.77,2
297,1,260,176,11,16,0.77,2
298,1,260,176,11,16,0.77,2
299,1,260,177,11,16,0.78,2
300,1,260,177,11,16,0.78,2
301,1,260,178,11,14,0.79,2
302,1,260,178,11,14,0.79,2
303,1,260,178,11,14,0.79,2
304,1,260,178,11,14,0.79,2
305,1,260,178,11,14,0.79,2
306,1,260,180,11,14,0.80,2
307,1,261,180,10,14,0.81,2
308,1,260,180,11,14,0.81,2
309,1,260,180,11,14,0.82,2
310,1,260,179,11,14,0.80,2
311,1,260,179,11,14,0.81,2
312,1,260,179,11,14,0.81,2
313,1,261,179,10,14,0.81,2
314,1,261,180,10,13,0.81,2
315,1,261,180,10,13,0.81,2
316,1,260,180,11,14,0.79,2
317,1,260,180,11,14,0.79,2
318,1,260,180,11,14,0.79,2
319,1,260,180,11,14,0.81,2
320,1,260,180,11,14,0.81,2
321,1,260,180,11,14,0.81,2
322,1,260,181,11,14,0.81,2
323,1,260,181,11,14,0.81,2
324,1,260,181,11,14,0.81,2
325,1,260,181,11,14,0.81,2
326,1,260,182,11,13,0.75,2
327,1,260,182,11,13,0.76,2
328,1,260,182,11,13,0.75,2
329,1,260,182,11,13,0.75,2
330,1,260,183,11,12,0.75,2
331,1,260,183,11,13,0.73,2
332,1,260,183,11,13,0.76,2
333,1,260,183,11,13,0.75,2
334,1,260,183,10,13,0.75,2
335,1,260,183,10,13,0.74,2
336,1,260,184,11,12,0.73,2
337,1,260,183,11,13,0.72,2
338,1,259,183,12,13,0.72,2
339,1,259,183,12,13,0.72,2
340,1,258,183,11,14,0.67,2
341,1,258,183,11,14,0.67,2
342,1,258,184,11,14,0.61,2
343,1,258,184,11,13,0.63,2
344,1,258,184,11,13,0.71,2
345,1,258,184,11,13,0.71,2
346,1,258,185,11,12,0.69,2
347,1,258,186,11,12,0.70,2
348,1,258,186,11,12,0.70,2
349,1,257,184,12,13,0.75,2
350,1,258,187,11,10,0.43,2
351,1,258,187,11,10,0.42,2
352,1,258,187,11,11,0.14,2
353,1,258,187,11,11,0.11,2
354,1,257,188,11,10,0.15,2
355,1,256,188,11,11,0.33,2
356,1,256,189,11,10,0.38,2
357,1,256,189,11,10,0.56,2
358,1,256,188,11,11,0.28,2
359,1,256,190,11,10,0.28,2
360,1,256,189,11,11,0.51,2
361,1,256,189,11,11,0.51,2
362,1,256,189,11,12,0.45,2
363,1,256,189,11,12,0.45,2
364,1,256,189,11,12,0.45,2
365,1,255,190,11,11,0.49,2
366,1,254,190,11,12,0.72,2
367,1,254,190,11,11,0.71,2
368,1,254,190,11,12,0.70,2
369,1,254,190,11,12,0.70,2
370,1,254,190,12,12,0.67,2
371,1,254,190,12,12,0.71,2
372,1,254,190,12,12,0.72,2
373,1,254,190,12,12,0.72,2
374,1,254,189,12,12,0.73,2
375,1,254,189,12,12,0.73,2
376,1,254,189,12,12,0.73,2
377,1,254,190,12,12,0.71,2
378,1,254,191,12,12,0.59,2
379,1,254,191,12,12,0.55,2
380,1,254,191,12,12,0.65,2
381,1,254,191,12,12,0.66,2
382,1,254,192,12,12,0.73,2
383,1,254,192,12,12,0.74,2
384,1,254,192,12,12,0.77,2
385,1,254,192,12,12,0.77,2
386,1,252,192,13,12,0.82,2
387,1,252,192,13,12,0.82,2
388,1,252,192,13,12,0.82,2
389,1,252,192,13,12,0.82,2
390,1,252,192,13,12,0.82,2
391,1,252,192,13,12,0.82,2
392,1,251,194,12,12,0.78,2
393,1,251,194,12,12,0.78,2
394,1,251,194,12,12,0.79,2
395,1,251,194,12,12,0.81,2
396,1,251,194,12,12,0.82,2
397,1,251,194,12,12,0.82,2
398,1,251,193,13,14,0.83,2
399,1,251,193,13,14,0.83,2
400,1,251,193,13,14,0.84,2
401,1,250,194,14,14,0.83,2
402,1,250,193,14,14,0.83,2
403,1,250,193,14,14,0.83,2
404,1,250,193,14,14,0.83,2
405,1,249,194,14,15,0.84,2
406,1,250,194,14,14,0.83,2
407,1,249,194,14,14,0.84,2
408,1,249,194,14,14,0.84,2
409,1,249,194,14,14,0.84,2
410,1,249,194,13,14,0.85,2
411,1,249,194,13,14,0.85,2
412,1,249,194,13,14,0.85,2
413,1,249,194,14,14,0.86,2
414,1,249,194,14,14,0.86,2
415,1,248,194,14,14,0.86,2
416,1,248,194,14,14,0.86,2
417,1,248,194,14,14,0.86,2
418,1,248,194,14,15,0.87,2
419,1,248,194,14,15,0.87,2
420,1,248,195,14,15,0.88,2
421,1,248,195,14,15,0.88,2
422,1,248,196,13,14,0.88,2
423,1,248,196,13,14,0.88,2
424,1,248,196,13,14,0.88,2
425,1,248,196,13,15,0.86,2
426,1,248,196,13,15,0.86,2
427,1,248,196,13,16,0.86,2
428,1,248,197,13,16,0.86,2
429,1,248,197,13,16,0.86,2
430,1,247,197,13,15,0.85,2
431,1,247,199,13,14,0.84,2
432,1,247,199,13,14,0.84,2
433,1,247,199,13,14,0.84,2
434,1,247,198,13,14,0.85,2
435,1,247,198,13,15,0.84,2
436,1,247,198,13,14,0.84,2
437,1,246,198,14,16,0.83,2
438,1,246,198,14,15,0.83,2
439,1,246,199,13,15,0.83,2
440,1,246,201,13,14,0.80,2
441,1,245,201,13,14,0.80,2
442,1,245,201,13,14,0.84,2
443,1,245,201,13,14,0.87,2
444,1,245,201,13,14,0.87,2
445,1,245,201,12,14,0.88,2
446,1,244,201,13,15,0.88,2
447,1,244,201,13,15,0.88,2
448,1,244,201,14,15,0.88,2
449,1,244,201,14,15,0.88,2
450,1,244,202,14,14,0.87,2
451,1,244,202,14,14,0.87,2
452,1,244,202,14,14,0.87,2
453,1,244,202,14,15,0.88,2
454,1,244,202,14,15,0.88,2
455,1,243,203,14,15,0.87,2
456,1,243,202,14,16,0.87,2
457,1,243,203,14,15,0.85,2
458,1,242,204,15,15,0.83,2
459,1,242,204,14,15,0.83,2
460,1,242,204,15,15,0.82,2
461,1,242,204,14,15,0.84,2
462,1,241,205,15,16,0.83,2
463,1,241,205,15,16,0.83,2
464,1,241,204,15,16,0.83,2
465,1,240,205,15,16,0.83,2
466,1,240,206,16,15,0.82,2
467,1,240,206,16,15,0.82,2
468,1,240,206,16,16,0.82,2
469,1,240,206,16,16,0.82,2
470,1,239,206,16,16,0.84,2
471,1,239,206,16,17,0.84,2
472,1,239,206,16,17,0.84,2
473,1,239,206,16,18,0.86,2
474,1,238,206,16,18,0.87,2
475,1,238,206,16,18,0.87,2
476,1,238,206,16,18,0.87,2
477,1,237,206,16,18,0.88,2
478,1,237,206,16,18,0.88,2
479,1,237,206,17,19,0.88,2
480,1,237,207,16,18,0.88,2
481,1,237,207,16,18,0.88,2
482,1,238,208,16,17,0.88,2
483,1,238,209,15,17,0.89,2
484,1,238,208,16,18,0.89,2
485,1,237,209,16,18,0.89,2
486,1,236,210,16,18,0.89,2
487,1,236,210,16,18,0.89,2
488,1,236,210,16,18,0.89,2
489,1,236,210,16,18,0.89,2
490,1,236,210,17,18,0.88,2
491,1,236,210,17,18,0.88,2
492,1,235,210,17,19,0.86,2
493,1,235,210,17,19,0.86,2
494,1,235,211,17,20,0.86,2
495,1,234,212,17,19,0.86,2
496,1,234,212,17,20,0.86,2
497,1,234,212,17,20,0.86,2
498,1,234,212,17,19,0.85,2
499,1,234,212,17,20,0.85,2
500,1,234,212,18,21,0.82,2
501,1,233,212,18,21,0.83,2
502,1,232,212,18,21,0.84,2
503,1,232,213,18,20,0.85,2
504,1,231,214,18,21,0.85,2
505,1,232,214,18,21,0.85,2
506,1,231,215,18,20,0.87,2
507,1,231,215,18,20,0.87,2
508,1,230,215,18,20,0.86,2
509,1,230,215,18,20,0.86,2
510,1,230,215,18,21,0.85,2
511,1,230,215,18,21,0.85,2
512,1,230,215,18,21,0.86,2
513,1,230,215,18,22,0.85,2
514,1,229,216,18,22,0.82,2
515,1,229,216,18,22,0.83,2
516,1,228,216,18,22,0.85,2
517,1,228,216,18,22,0.85,2
518,1,228,217,19,22,0.82,2
519,1,227,217,20,23,0.80,2
520,1,227,217,20,22,0.84,2
521,1,227,217,20,23,0.84,2
522,1,226,218,20,24,0.81,2
523,1,226,218,20,23,0.80,2
524,1,226,219,19,22,0.83,2
525,1,226,219,19,22,0.83,2
526,1,225,220,20,22,0.86,2
527,1,224,221,20,23,0.83,2
528,1,223,222,20,22,0.85,2
529,1,223,222,20,22,0.85,2
530,1,222,222,20,23,0.79,2
531,1,222,221,21,24,0.69,2
532,1,222,222,20,23,0.76,2
533,1,221,222,20,24,0.72,2
534,1,221,223,22,24,0.77,2
535,1,221,224,21,24,0.84,2
536,1,220,223,22,25,0.78,2
537,1,219,223,22,26,0.77,2
538,1,219,224,22,26,0.85,2
539,1,219,224,23,26,0.84,2
540,1,218,224,24,27,0.78,2
541,1,218,223,24,27,0.76,2
542,1,218,224,23,27,0.66,2
543,1,217,223,24,29,0.76,2
544,1,216,224,23,29,0.82,2
545,1,216,224,23,29,0.82,2
546,1,216,225,23,29,0.72,2
547,1,216,226,23,29,0.73,2
548,1,215,226,22,28,0.75,2
549,1,214,226,22,30,0.77,2
550,1,214,226,22,30,0.81,2
551,1,214,227,22,30,0.73,2
552,1,213,226,23,32,0.81,2
553,1,212,227,24,32,0.76,2
554,1,212,228,24,32,0.74,2
555,1,212,228,24,33,0.78,2
556,1,212,227,25,34,0.79,2
557,1,210,229,25,32,0.78,2
558,1,210,229,25,33,0.74,2
559,1,209,231,25,32,0.71,2
560,1,208,232,26,32,0.71,2
561,1,208,234,25,30,0.47,2
562,1,208,242,22,24,0.81,2
563,1,208,242,22,24,0.79,2
564,1,207,243,20,24,0.80,2
565,1,206,244,20,24,0.84,2
566,1,204,244,22,25,0.81,2
567,1,204,244,22,25,0.80,2
568,1,203,244,22,26,0.66,2
569,1,202,244,22,26,0.60,2
570,1,201,244,24,28,0.71,2
571,1,200,245,24,28,0.65,2
572,1,199,246,24,28,0.74,2
573,1,199,246,24,29,0.82,2
574,1,198,247,23,29,0.72,2
575,1,198,247,24,30,0.76,2
576,1,197,251,23,27,0.44,2
577,1,196,251,22,28,0.47,2
578,1,195,252,23,28,0.58,2
579,1,194,252,24,30,0.54,2
580,1,193,253,24,31,0.62,2
581,1,192,253,24,32,0.76,2
582,1,192,255,24,30,0.69,2
583,1,191,256,24,30,0.74,2
584,1,190,259,24,28,0.55,2
585,1,189,260,24,28,0.67,2
586,1,187,263,24,28,0.70,2
587,1,185,263,26,29,0.65,2
588,1,183,264,26,29,0.66,2
589,1,183,266,26,28,0.74,2
590,1,182,269,26,28,0.58,2
591,1,180,270,26,28,0.52,2
592,1,180,272,26,29,0.52,2
593,1,178,273,26,29,0.64,2
594,1,177,273,26,30,0.77,2
595,1,176,274,26,31,0.74,2
596,1,174,276,27,31,0.76,2
597,1,173,278,27,30,0.69,2
598,1,172,280,27,31,0.82,2
599,1,170,279,28,34,0.72,2
600,1,168,280,28,36,0.65,2
601,1,167,279,28,38,0.85,2
602,1,166,282,28,38,0.84,2
603,1,166,284,27,36,0.79,2
604,1,163,287,28,37,0.74,2
605,1,161,290,30,36,0.76,2
