1,-1,152,418,87,100,0.93,2,-1,-1
1,-1,306,91,16,21,0.83,7,-1,-1
1,-1,351,74,8,8,0.24,2,-1,-1
2,-1,133,456,96,82,0.91,2,-1,-1
2,-1,306,90,16,21,0.82,7,-1,-1
3,-1,129,488,92,52,0.87,2,-1,-1
3,-1,306,92,14,20,0.77,7,-1,-1
4,-1,306,92,14,20,0.77,7,-1,-1
5,-1,306,93,14,20,0.78,7,-1,-1
6,-1,304,94,16,20,0.73,7,-1,-1
7,-1,304,94,16,20,0.73,7,-1,-1
8,-1,304,94,16,20,0.73,7,-1,-1
9,-1,304,96,16,20,0.74,7,-1,-1
10,-1,304,96,15,20,0.72,7,-1,-1
11,-1,304,96,15,20,0.72,7,-1,-1
12,-1,303,98,15,20,0.76,7,-1,-1
13,-1,303,98,15,20,0.76,7,-1,-1
14,-1,302,99,15,20,0.75,7,-1,-1
15,-1,301,99,16,21,0.82,7,-1,-1
16,-1,301,99,16,21,0.82,7,-1,-1
17,-1,300,99,16,21,0.84,7,-1,-1
18,-1,300,100,16,22,0.82,7,-1,-1
19,-1,300,100,16,22,0.82,7,-1,-1
20,-1,299,101,16,22,0.82,7,-1,-1
21,-1,299,101,16,22,0.82,7,-1,-1
22,-1,298,102,16,23,0.85,7,-1,-1
23,-1,297,103,17,23,0.86,7,-1,-1
24,-1,296,104,18,22,0.85,7,-1,-1
25,-1,296,104,18,24,0.86,7,-1,-1
26,-1,295,105,18,24,0.87,7,-1,-1
27,-1,294,105,18,24,0.86,7,-1,-1
28,-1,294,106,18,24,0.85,7,-1,-1
29,-1,294,106,18,24,0.85,7,-1,-1
30,-1,292,107,20,25,0.83,7,-1,-1
31,-1,292,107,20,25,0.83,7,-1,-1
32,-1,290,108,20,26,0.84,7,-1,-1
33,-1,290,109,20,26,0.84,7,-1,-1
34,-1,290,109,20,28,0.85,7,-1,-1
35,-1,288,110,20,26,0.86,7,-1,-1
36,-1,288,111,20,27,0.86,7,-1,-1
37,-1,288,112,20,27,0.86,7,-1,-1
38,-1,287,112,20,27,0.86,7,-1,-1
39,-1,287,113,20,26,0.84,7,-1,-1
40,-1,285,114,20,28,0.85,7,-1,-1
41,-1,284,114,20,29,0.86,7,-1,-1
42,-1,284,115,20,30,0.86,7,-1,-1
43,-1,283,118,20,27,0.83,7,-1,-1
44,-1,281,118,22,30,0.84,7,-1,-1
45,-1,281,118,21,31,0.85,7,-1,-1
46,-1,279,121,22,29,0.85,7,-1,-1
47,-1,278,121,22,29,0.86,7,-1,-1
48,-1,277,124,22,29,0.87,7,-1,-1
49,-1,277,124,22,30,0.87,7,-1,-1
50,-1,275,125,23,31,0.87,7,-1,-1
51,-1,275,126,22,31,0.87,7,-1,-1
52,-1,272,127,24,32,0.86,7,-1,-1
53,-1,272,127,24,33,0.86,7,-1,-1
54,-1,270,129,24,34,0.88,7,-1,-1
55,-1,268,129,26,35,0.89,7,-1,-1
56,-1,267,132,26,34,0.88,7,-1,-1
57,-1,266,133,25,34,0.88,7,-1,-1
58,-1,264,133,26,37,0.87,7,-1,-1
58,-1,330,83,8,8,0.17,2,-1,-1
59,-1,263,133,26,38,0.87,7,-1,-1
59,-1,330,83,8,8,0.17,2,-1,-1
60,-1,261,136,26,38,0.88,7,-1,-1
60,-1,330,83,8,8,0.13,2,-1,-1
61,-1,260,138,27,38,0.88,7,-1,-1
61,-1,330,83,8,8,0.13,2,-1,-1
62,-1,258,139,28,40,0.88,7,-1,-1
62,-1,330,82,8,9,0.36,2,-1,-1
63,-1,256,140,29,41,0.89,7,-1,-1
63,-1,330,84,8,9,0.12,2,-1,-1
64,-1,255,144,28,40,0.88,7,-1,-1
64,-1,329,84,8,10,0.54,2,-1,-1
65,-1,253,145,30,41,0.89,7,-1,-1
65,-1,329,84,8,10,0.54,2,-1,-1
66,-1,250,146,30,42,0.89,7,-1,-1
66,-1,329,84,8,9,0.17,2,-1,-1
67,-1,249,147,30,43,0.89,7,-1,-1
67,-1,329,84,8,9,0.17,2,-1,-1
68,-1,247,150,31,44,0.89,7,-1,-1
69,-1,245,153,32,44,0.89,7,-1,-1
69,-1,328,84,9,11,0.48,2,-1,-1
70,-1,243,154,32,46,0.90,7,-1,-1
70,-1,328,87,9,9,0.40,2,-1,-1
71,-1,240,155,34,48,0.89,7,-1,-1
72,-1,237,158,34,49,0.91,7,-1,-1
73,-1,234,160,35,49,0.91,7,-1,-1
73,-1,328,86,9,11,0.65,2,-1,-1
74,-1,232,160,36,54,0.90,7,-1,-1
74,-1,327,88,10,10,0.42,2,-1,-1
75,-1,230,164,36,53,0.90,7,-1,-1
75,-1,327,88,10,10,0.41,2,-1,-1
76,-1,226,167,38,55,0.90,7,-1,-1
76,-1,326,89,10,11,0.72,2,-1,-1
77,-1,222,169,40,56,0.91,7,-1,-1
77,-1,326,89,10,11,0.70,2,-1,-1
78,-1,219,172,40,58,0.90,7,-1,-1
78,-1,327,90,9,10,0.39,2,-1,-1
79,-1,216,176,42,58,0.91,7,-1,-1
79,-1,326,90,9,10,0.25,2,-1,-1
80,-1,212,178,43,62,0.91,7,-1,-1
80,-1,326,92,10,11,0.61,2,-1,-1
81,-1,208,182,44,63,0.90,7,-1,-1
81,-1,326,92,10,11,0.61,2,-1,-1
82,-1,203,188,46,64,0.90,7,-1,-1
82,-1,325,92,10,11,0.69,2,-1,-1
83,-1,199,189,48,68,0.91,7,-1,-1
83,-1,325,91,10,12,0.74,2,-1,-1
84,-1,194,194,50,71,0.91,7,-1,-1
85,-1,190,198,51,72,0.92,7,-1,-1
85,-1,324,94,10,10,0.19,2,-1,-1
86,-1,183,201,55,78,0.91,7,-1,-1
86,-1,324,94,10,10,0.41,2,-1,-1
87,-1,178,207,56,78,0.91,7,-1,-1
88,-1,172,212,59,84,0.92,7,-1,-1
88,-1,323,95,10,11,0.52,2,-1,-1
89,-1,166,214,61,90,0.92,7,-1,-1
89,-1,323,95,10,11,0.52,2,-1,-1
90,-1,158,222,66,94,0.92,7,-1,-1
91,-1,152,227,67,97,0.92,7,-1,-1
92,-1,143,236,72,104,0.92,7,-1,-1
92,-1,322,98,11,12,0.72,2,-1,-1
93,-1,136,240,74,109,0.93,7,-1,-1
93,-1,322,98,11,12,0.72,2,-1,-1
94,-1,126,252,77,114,0.93,7,-1,-1
94,-1,321,100,12,13,0.76,2,-1,-1
95,-1,117,259,81,120,0.93,7,-1,-1
95,-1,321,100,12,13,0.76,2,-1,-1
96,-1,104,272,86,129,0.93,7,-1,-1
96,-1,320,101,12,13,0.73,2,-1,-1
97,-1,95,280,90,136,0.92,7,-1,-1
97,-1,320,101,11,13,0.75,2,-1,-1
98,-1,77,291,98,149,0.92,7,-1,-1
98,-1,320,103,12,14,0.74,2,-1,-1
99,-1,61,303,106,156,0.93,7,-1,-1
99,-1,428,498,80,41,0.88,2,-1,-1
99,-1,319,103,12,14,0.12,2,-1,-1
100,-1,42,320,114,169,0.92,7,-1,-1
100,-1,422,450,76,82,0.91,2,-1,-1
100,-1,319,104,12,15,0.74,2,-1,-1
101,-1,30,332,117,179,0.92,7,-1,-1
101,-1,418,422,68,73,0.92,2,-1,-1
101,-1,319,104,12,16,0.69,2,-1,-1
102,-1,8,350,126,189,0.92,7,-1,-1
102,-1,412,388,60,62,0.92,2,-1,-1
102,-1,319,106,12,14,0.72,2,-1,-1
103,-1,1,370,122,170,0.92,7,-1,-1
103,-1,410,367,56,57,0.92,2,-1,-1
103,-1,317,107,14,16,0.77,2,-1,-1
104,-1,404,339,48,50,0.91,2,-1,-1
104,-1,3,397,104,142,0.90,7,-1,-1
104,-1,318,108,12,14,0.81,2,-1,-1
105,-1,401,324,48,47,0.89,2,-1,-1
105,-1,317,109,13,15,0.79,2,-1,-1
105,-1,3,422,95,117,0.61,7,-1,-1
106,-1,398,301,44,44,0.90,2,-1,-1
106,-1,316,110,14,16,0.73,2,-1,-1
106,-1,3,460,66,80,0.68,7,-1,-1
107,-1,396,290,40,40,0.90,2,-1,-1
107,-1,316,111,14,16,0.78,2,-1,-1
107,-1,0,492,56,48,0.31,2,-1,-1
108,-1,392,270,36,41,0.89,2,-1,-1
108,-1,316,112,14,15,0.76,2,-1,-1
109,-1,390,260,36,38,0.90,2,-1,-1
109,-1,314,113,15,16,0.79,2,-1,-1
110,-1,386,250,36,33,0.89,2,-1,-1
110,-1,313,115,16,16,0.82,2,-1,-1
111,-1,386,242,32,32,0.89,2,-1,-1
111,-1,422,501,86,38,0.86,2,-1,-1
111,-1,314,116,14,15,0.82,2,-1,-1
112,-1,416,450,80,88,0.91,2,-1,-1
112,-1,383,230,30,31,0.89,2,-1,-1
112,-1,313,118,15,16,0.82,2,-1,-1
113,-1,411,420,74,82,0.93,2,-1,-1
113,-1,381,224,30,30,0.90,2,-1,-1
113,-1,313,119,14,16,0.83,2,-1,-1
114,-1,406,384,64,69,0.92,2,-1,-1
114,-1,379,216,30,27,0.89,2,-1,-1
114,-1,312,120,14,17,0.82,2,-1,-1
115,-1,402,362,60,63,0.93,2,-1,-1
115,-1,379,211,28,27,0.88,2,-1,-1
115,-1,312,122,15,16,0.80,2,-1,-1
116,-1,398,334,52,56,0.90,2,-1,-1
116,-1,376,204,26,25,0.88,2,-1,-1
116,-1,311,124,16,16,0.82,2,-1,-1
117,-1,396,318,48,51,0.91,2,-1,-1
117,-1,376,198,24,26,0.88,2,-1,-1
117,-1,310,125,16,18,0.82,2,-1,-1
118,-1,392,297,44,46,0.90,2,-1,-1
118,-1,374,192,24,24,0.88,2,-1,-1
118,-1,309,128,16,18,0.82,2,-1,-1
119,-1,390,284,44,44,0.89,2,-1,-1
119,-1,373,189,24,22,0.88,2,-1,-1
119,-1,310,127,15,19,0.82,2,-1,-1
120,-1,386,266,40,41,0.90,2,-1,-1
120,-1,372,183,22,22,0.89,2,-1,-1
120,-1,308,130,16,19,0.85,2,-1,-1
121,-1,384,258,40,38,0.90,2,-1,-1
121,-1,371,178,21,22,0.87,2,-1,-1
121,-1,306,132,18,20,0.86,2,-1,-1
122,-1,382,243,36,36,0.90,2,-1,-1
122,-1,369,174,22,20,0.85,2,-1,-1
122,-1,305,134,17,20,0.83,2,-1,-1
123,-1,382,235,32,34,0.89,2,-1,-1
123,-1,368,171,22,20,0.88,2,-1,-1
123,-1,304,136,18,20,0.84,2,-1,-1
124,-1,378,224,32,33,0.90,2,-1,-1
124,-1,367,167,20,20,0.87,2,-1,-1
124,-1,304,138,17,20,0.86,2,-1,-1
125,-1,378,218,32,31,0.89,2,-1,-1
125,-1,367,164,18,19,0.87,2,-1,-1
125,-1,302,140,17,20,0.84,2,-1,-1
126,-1,376,210,30,29,0.89,2,-1,-1
126,-1,365,160,20,18,0.87,2,-1,-1
126,-1,300,144,18,21,0.85,2,-1,-1
126,-1,325,98,10,12,0.25,2,-1,-1
127,-1,374,205,28,28,0.88,2,-1,-1
127,-1,366,158,18,18,0.87,2,-1,-1
127,-1,300,144,18,23,0.86,2,-1,-1
128,-1,374,198,26,27,0.89,2,-1,-1
128,-1,365,154,18,18,0.86,2,-1,-1
128,-1,297,149,20,22,0.84,2,-1,-1
129,-1,373,193,26,26,0.89,2,-1,-1
129,-1,296,151,20,23,0.87,2,-1,-1
129,-1,364,152,18,18,0.87,2,-1,-1
129,-1,323,99,11,13,0.23,2,-1,-1
130,-1,371,186,26,26,0.88,2,-1,-1
130,-1,294,154,20,24,0.87,2,-1,-1
130,-1,363,148,18,18,0.86,2,-1,-1
131,-1,370,183,24,24,0.88,2,-1,-1
131,-1,293,156,20,25,0.87,2,-1,-1
131,-1,362,146,18,18,0.85,2,-1,-1
132,-1,369,176,23,24,0.87,2,-1,-1
132,-1,290,161,22,26,0.87,2,-1,-1
132,-1,362,144,16,16,0.86,2,-1,-1
132,-1,322,102,12,14,0.48,2,-1,-1
133,-1,288,164,22,26,0.87,2,-1,-1
133,-1,369,174,22,22,0.86,2,-1,-1
133,-1,362,142,16,16,0.85,2,-1,-1
133,-1,322,103,12,13,0.33,2,-1,-1
134,-1,367,169,22,22,0.88,2,-1,-1
134,-1,286,169,22,28,0.88,2,-1,-1
134,-1,361,139,16,16,0.84,2,-1,-1
135,-1,284,171,24,29,0.89,2,-1,-1
135,-1,366,167,22,20,0.87,2,-1,-1
135,-1,360,137,16,16,0.85,2,-1,-1
135,-1,321,105,13,14,0.45,2,-1,-1
136,-1,281,178,24,29,0.89,2,-1,-1
136,-1,366,162,20,20,0.87,2,-1,-1
136,-1,360,135,16,16,0.85,2,-1,-1
137,-1,278,180,26,31,0.87,2,-1,-1
137,-1,365,159,20,20,0.86,2,-1,-1
137,-1,360,133,17,16,0.84,2,-1,-1
138,-1,275,185,26,33,0.89,2,-1,-1
138,-1,364,155,20,19,0.86,2,-1,-1
138,-1,359,131,16,16,0.84,2,-1,-1
138,-1,319,107,14,15,0.60,2,-1,-1
139,-1,272,189,28,36,0.88,2,-1,-1
139,-1,364,153,20,18,0.86,2,-1,-1
139,-1,358,130,16,15,0.84,2,-1,-1
139,-1,320,107,13,15,0.57,2,-1,-1
140,-1,268,199,30,35,0.88,2,-1,-1
140,-1,364,149,18,19,0.85,2,-1,-1
140,-1,358,128,15,14,0.83,2,-1,-1
141,-1,264,204,31,37,0.89,2,-1,-1
141,-1,363,147,19,18,0.83,2,-1,-1
141,-1,358,128,16,15,0.83,2,-1,-1
141,-1,318,111,14,15,0.76,2,-1,-1
142,-1,260,212,32,40,0.89,2,-1,-1
142,-1,358,126,15,15,0.83,2,-1,-1
142,-1,363,144,18,18,0.82,2,-1,-1
143,-1,256,216,34,44,0.89,2,-1,-1
143,-1,363,142,18,18,0.82,2,-1,-1
143,-1,358,124,14,15,0.80,2,-1,-1
143,-1,318,112,14,15,0.78,2,-1,-1
144,-1,249,220,36,53,0.88,2,-1,-1
144,-1,362,138,17,18,0.81,2,-1,-1
144,-1,318,113,14,16,0.79,2,-1,-1
144,-1,358,123,14,14,0.74,2,-1,-1
145,-1,246,236,38,48,0.86,2,-1,-1
145,-1,363,137,16,18,0.83,2,-1,-1
145,-1,358,121,14,14,0.80,2,-1,-1
146,-1,238,244,41,57,0.89,2,-1,-1
146,-1,363,135,16,16,0.83,2,-1,-1
146,-1,358,120,12,14,0.83,2,-1,-1
146,-1,316,116,14,16,0.76,2,-1,-1
147,-1,231,252,45,62,0.89,2,-1,-1
147,-1,363,133,16,17,0.82,2,-1,-1
147,-1,358,119,13,14,0.80,2,-1,-1
147,-1,314,117,15,16,0.78,2,-1,-1
148,-1,220,270,50,68,0.88,2,-1,-1
148,-1,363,131,16,17,0.82,2,-1,-1
148,-1,358,117,13,14,0.75,2,-1,-1
148,-1,314,120,15,15,0.53,2,-1,-1
149,-1,214,286,52,70,0.91,2,-1,-1
149,-1,363,130,16,16,0.84,2,-1,-1
149,-1,313,121,16,16,0.80,2,-1,-1
149,-1,358,116,13,14,0.75,2,-1,-1
150,-1,202,305,56,81,0.90,2,-1,-1
150,-1,364,128,15,16,0.82,2,-1,-1
150,-1,312,122,16,16,0.82,2,-1,-1
150,-1,357,114,13,14,0.74,2,-1,-1
151,-1,190,318,61,92,0.91,2,-1,-1
151,-1,313,123,16,16,0.82,2,-1,-1
151,-1,364,126,15,16,0.81,2,-1,-1
151,-1,357,114,12,13,0.73,2,-1,-1
152,-1,171,354,72,100,0.92,2,-1,-1
152,-1,311,124,16,18,0.82,2,-1,-1
152,-1,364,124,14,16,0.80,2,-1,-1
152,-1,357,113,12,13,0.77,2,-1,-1
153,-1,160,374,76,114,0.92,2,-1,-1
153,-1,311,124,17,19,0.83,2,-1,-1
153,-1,357,112,12,13,0.79,2,-1,-1
153,-1,364,123,14,16,0.79,2,-1,-1
154,-1,134,416,89,122,0.92,2,-1,-1
154,-1,310,127,17,19,0.83,2,-1,-1
154,-1,365,121,14,16,0.81,2,-1,-1
154,-1,356,110,12,14,0.76,2,-1,-1
155,-1,125,456,84,84,0.88,2,-1,-1
155,-1,310,128,17,20,0.84,2,-1,-1
155,-1,365,120,14,15,0.82,2,-1,-1
155,-1,357,110,12,13,0.73,2,-1,-1
156,-1,308,131,18,20,0.83,2,-1,-1
156,-1,366,118,13,15,0.81,2,-1,-1
156,-1,356,108,12,14,0.75,2,-1,-1
156,-1,120,522,54,17,0.44,2,-1,-1
157,-1,306,133,19,19,0.84,2,-1,-1
157,-1,367,117,12,14,0.79,2,-1,-1
157,-1,356,107,12,13,0.76,2,-1,-1
158,-1,306,135,19,20,0.82,2,-1,-1
158,-1,357,106,12,13,0.74,2,-1,-1
158,-1,367,116,13,14,0.73,2,-1,-1
159,-1,305,137,20,20,0.84,2,-1,-1
159,-1,356,105,12,13,0.78,2,-1,-1
159,-1,368,115,12,14,0.74,2,-1,-1
160,-1,304,140,19,20,0.85,2,-1,-1
160,-1,356,105,13,13,0.77,2,-1,-1
160,-1,367,113,13,14,0.76,2,-1,-1
161,-1,303,142,19,20,0.84,2,-1,-1
161,-1,356,104,12,13,0.80,2,-1,-1
161,-1,367,112,13,14,0.78,2,-1,-1
162,-1,302,144,20,22,0.85,2,-1,-1
162,-1,368,111,12,14,0.79,2,-1,-1
162,-1,356,103,12,13,0.77,2,-1,-1
163,-1,301,147,20,22,0.86,2,-1,-1
163,-1,368,110,12,14,0.79,2,-1,-1
163,-1,356,102,12,13,0.70,2,-1,-1
163,-1,334,74,8,8,0.13,2,-1,-1
164,-1,300,151,20,20,0.84,2,-1,-1
164,-1,368,108,12,14,0.77,2,-1,-1
164,-1,356,102,12,12,0.74,2,-1,-1
164,-1,334,74,8,8,0.13,2,-1,-1
165,-1,298,152,22,22,0.85,2,-1,-1
165,-1,368,108,13,14,0.76,2,-1,-1
165,-1,355,101,12,12,0.74,2,-1,-1
165,-1,334,74,8,8,0.13,2,-1,-1
166,-1,296,156,23,23,0.83,2,-1,-1
166,-1,368,107,12,13,0.75,2,-1,-1
166,-1,355,100,12,12,0.75,2,-1,-1
167,-1,295,158,23,24,0.85,2,-1,-1
167,-1,355,100,12,12,0.77,2,-1,-1
167,-1,368,106,13,14,0.75,2,-1,-1
168,-1,293,164,24,23,0.85,2,-1,-1
168,-1,355,99,12,12,0.76,2,-1,-1
168,-1,368,106,12,13,0.76,2,-1,-1
169,-1,292,166,24,24,0.87,2,-1,-1
169,-1,355,98,12,12,0.77,2,-1,-1
169,-1,368,104,12,14,0.75,2,-1,-1
170,-1,289,170,25,26,0.85,2,-1,-1
170,-1,368,103,12,14,0.77,2,-1,-1
170,-1,355,97,11,12,0.73,2,-1,-1
171,-1,288,174,26,26,0.86,2,-1,-1
171,-1,368,102,12,14,0.78,2,-1,-1
171,-1,354,97,12,12,0.68,2,-1,-1
172,-1,286,179,26,28,0.87,2,-1,-1
172,-1,368,102,11,13,0.76,2,-1,-1
172,-1,354,96,12,12,0.73,2,-1,-1
173,-1,283,183,27,28,0.88,2,-1,-1
173,-1,368,101,11,12,0.75,2,-1,-1
173,-1,354,95,12,12,0.73,2,-1,-1
174,-1,279,189,30,30,0.87,2,-1,-1
174,-1,368,101,12,12,0.77,2,-1,-1
174,-1,355,94,10,12,0.68,2,-1,-1
175,-1,278,193,30,32,0.88,2,-1,-1
175,-1,368,100,11,12,0.78,2,-1,-1
175,-1,354,94,11,12,0.69,2,-1,-1
176,-1,274,201,31,33,0.88,2,-1,-1
176,-1,368,99,11,12,0.78,2,-1,-1
176,-1,354,94,11,11,0.70,2,-1,-1
176,-1,332,79,8,9,0.13,2,-1,-1
177,-1,270,206,34,33,0.90,2,-1,-1
177,-1,367,98,12,12,0.77,2,-1,-1
177,-1,353,92,11,12,0.74,2,-1,-1
177,-1,332,79,8,9,0.12,2,-1,-1
178,-1,266,215,35,36,0.89,2,-1,-1
178,-1,367,97,11,12,0.76,2,-1,-1
178,-1,353,92,11,12,0.76,2,-1,-1
179,-1,262,222,37,37,0.89,2,-1,-1
179,-1,353,92,10,11,0.76,2,-1,-1
179,-1,367,96,11,13,0.76,2,-1,-1
180,-1,256,230,40,42,0.89,2,-1,-1
180,-1,367,96,10,11,0.76,2,-1,-1
180,-1,353,91,11,11,0.75,2,-1,-1
181,-1,254,239,40,44,0.90,2,-1,-1
181,-1,367,96,10,11,0.78,2,-1,-1
181,-1,353,91,10,11,0.73,2,-1,-1
182,-1,246,252,44,48,0.90,2,-1,-1
182,-1,353,90,11,11,0.78,2,-1,-1
182,-1,367,95,10,11,0.74,2,-1,-1
182,-1,331,80,8,9,0.11,2,-1,-1
183,-1,242,260,45,52,0.90,2,-1,-1
183,-1,353,89,11,11,0.79,2,-1,-1
183,-1,367,94,10,11,0.66,2,-1,-1
184,-1,232,278,50,57,0.90,2,-1,-1
184,-1,353,89,10,11,0.80,2,-1,-1
184,-1,367,93,10,12,0.72,2,-1,-1
185,-1,225,288,54,63,0.91,2,-1,-1
185,-1,352,89,11,11,0.77,2,-1,-1
185,-1,366,93,11,12,0.75,2,-1,-1
186,-1,212,312,60,70,0.92,2,-1,-1
186,-1,353,88,10,10,0.78,2,-1,-1
186,-1,366,92,11,12,0.76,2,-1,-1
187,-1,203,328,64,76,0.91,2,-1,-1
187,-1,365,92,12,11,0.76,2,-1,-1
187,-1,352,88,10,10,0.74,2,-1,-1
187,-1,331,81,8,9,0.21,2,-1,-1
188,-1,186,354,72,93,0.93,2,-1,-1
188,-1,365,91,11,11,0.75,2,-1,-1
188,-1,352,88,10,10,0.74,2,-1,-1
188,-1,331,81,8,9,0.36,2,-1,-1
189,-1,174,376,77,102,0.92,2,-1,-1
189,-1,365,91,10,11,0.76,2,-1,-1
189,-1,352,87,10,10,0.69,2,-1,-1
189,-1,331,81,8,9,0.36,2,-1,-1
190,-1,148,417,95,120,0.93,2,-1,-1
190,-1,365,90,10,10,0.77,2,-1,-1
190,-1,352,87,10,10,0.63,2,-1,-1
191,-1,137,450,96,88,0.89,2,-1,-1
191,-1,365,90,10,11,0.73,2,-1,-1
191,-1,352,87,10,10,0.63,2,-1,-1
191,-1,578,480,62,58,0.59,7,-1,-1
192,-1,551,438,88,102,0.88,7,-1,-1
192,-1,126,510,78,30,0.78,2,-1,-1
192,-1,365,89,10,10,0.75,2,-1,-1
192,-1,352,86,10,10,0.67,2,-1,-1
192,-1,330,83,8,10,0.24,2,-1,-1
193,-1,542,414,96,125,0.90,7,-1,-1
193,-1,364,88,10,11,0.73,2,-1,-1
193,-1,352,85,10,10,0.59,2,-1,-1
193,-1,330,83,8,10,0.24,2,-1,-1
194,-1,524,382,112,157,0.92,7,-1,-1
194,-1,364,88,10,10,0.73,2,-1,-1
194,-1,352,85,9,10,0.58,2,-1,-1
194,-1,331,85,8,9,0.44,2,-1,-1
195,-1,510,357,126,182,0.93,7,-1,-1
195,-1,364,88,10,11,0.68,2,-1,-1
195,-1,352,84,9,10,0.65,2,-1,-1
195,-1,331,85,8,10,0.53,2,-1,-1
196,-1,500,340,136,199,0.92,7,-1,-1
196,-1,352,84,10,10,0.65,2,-1,-1
196,-1,363,87,10,11,0.60,2,-1,-1
197,-1,496,326,140,213,0.92,7,-1,-1
197,-1,352,84,10,10,0.65,2,-1,-1
197,-1,363,87,10,11,0.59,2,-1,-1
197,-1,330,85,8,9,0.13,2,-1,-1
198,-1,488,309,148,229,0.94,7,-1,-1
198,-1,352,83,9,10,0.73,2,-1,-1
198,-1,363,86,10,10,0.59,2,-1,-1
198,-1,330,84,8,10,0.18,2,-1,-1
199,-1,352,83,9,10,0.66,2,-1,-1
199,-1,363,85,10,11,0.63,2,-1,-1
199,-1,330,84,8,10,0.18,2,-1,-1
200,-1,474,285,156,232,0.94,7,-1,-1
200,-1,352,83,9,10,0.68,2,-1,-1
200,-1,363,85,10,11,0.61,2,-1,-1
201,-1,464,271,140,207,0.91,7,-1,-1
201,-1,352,82,9,9,0.69,2,-1,-1
201,-1,363,85,10,11,0.58,2,-1,-1
201,-1,329,85,9,11,0.26,2,-1,-1
202,-1,462,263,128,192,0.92,7,-1,-1
202,-1,352,82,9,9,0.63,2,-1,-1
202,-1,362,84,10,10,0.45,2,-1,-1
202,-1,328,86,10,10,0.34,2,-1,-1
203,-1,456,252,116,175,0.93,7,-1,-1
203,-1,352,81,9,9,0.58,2,-1,-1
203,-1,362,84,10,10,0.51,2,-1,-1
203,-1,328,86,10,10,0.39,2,-1,-1
204,-1,452,243,112,166,0.92,7,-1,-1
204,-1,328,88,10,12,0.70,2,-1,-1
204,-1,353,81,8,9,0.55,2,-1,-1
204,-1,362,83,10,10,0.46,2,-1,-1
205,-1,445,235,104,150,0.93,7,-1,-1
205,-1,328,89,10,12,0.76,2,-1,-1
205,-1,352,81,9,9,0.54,2,-1,-1
205,-1,362,83,10,10,0.46,2,-1,-1
206,-1,442,228,100,144,0.93,7,-1,-1
206,-1,328,89,10,12,0.76,2,-1,-1
206,-1,362,82,9,10,0.44,2,-1,-1
206,-1,352,80,10,10,0.40,2,-1,-1
207,-1,437,220,92,132,0.92,7,-1,-1
207,-1,328,89,10,11,0.64,2,-1,-1
207,-1,362,81,9,10,0.58,2,-1,-1
207,-1,353,80,8,9,0.31,2,-1,-1
208,-1,434,214,88,126,0.93,7,-1,-1
208,-1,328,90,10,12,0.67,2,-1,-1
208,-1,362,81,8,10,0.58,2,-1,-1
208,-1,352,80,9,9,0.28,2,-1,-1
209,-1,430,208,82,116,0.92,7,-1,-1
209,-1,328,91,10,12,0.58,2,-1,-1
209,-1,362,80,8,10,0.48,2,-1,-1
209,-1,352,80,9,10,0.30,2,-1,-1
210,-1,428,204,80,110,0.92,7,-1,-1
210,-1,328,91,10,12,0.57,2,-1,-1
210,-1,362,80,8,10,0.48,2,-1,-1
210,-1,352,80,10,10,0.32,2,-1,-1
211,-1,424,196,74,104,0.92,7,-1,-1
211,-1,327,91,10,12,0.73,2,-1,-1
211,-1,360,80,10,10,0.28,2,-1,-1
211,-1,352,79,10,10,0.24,2,-1,-1
212,-1,422,193,72,100,0.92,7,-1,-1
212,-1,327,91,10,12,0.70,2,-1,-1
212,-1,361,80,8,10,0.30,2,-1,-1
212,-1,352,79,10,10,0.24,2,-1,-1
213,-1,419,191,68,91,0.92,7,-1,-1
213,-1,327,92,10,12,0.69,2,-1,-1
213,-1,361,80,8,10,0.31,2,-1,-1
213,-1,352,78,10,9,0.31,2,-1,-1
214,-1,417,184,66,91,0.92,7,-1,-1
214,-1,327,92,10,12,0.69,2,-1,-1
214,-1,361,80,8,10,0.31,2,-1,-1
214,-1,352,78,10,9,0.31,2,-1,-1
215,-1,415,180,62,86,0.92,7,-1,-1
215,-1,352,78,10,9,0.31,2,-1,-1
215,-1,361,79,8,10,0.21,2,-1,-1
216,-1,413,176,60,84,0.91,7,-1,-1
216,-1,326,95,11,12,0.72,2,-1,-1
216,-1,351,78,10,9,0.39,2,-1,-1
216,-1,359,78,10,10,0.25,2,-1,-1
217,-1,412,173,56,79,0.90,7,-1,-1
217,-1,326,96,10,12,0.70,2,-1,-1
217,-1,351,78,10,9,0.40,2,-1,-1
217,-1,360,78,9,10,0.26,2,-1,-1
218,-1,409,170,56,76,0.91,7,-1,-1
218,-1,326,96,11,13,0.70,2,-1,-1
218,-1,351,78,10,9,0.43,2,-1,-1
218,-1,359,78,10,10,0.26,2,-1,-1
219,-1,408,166,52,74,0.92,7,-1,-1
219,-1,325,98,11,12,0.74,2,-1,-1
219,-1,352,77,10,10,0.31,2,-1,-1
219,-1,358,77,10,10,0.17,2,-1,-1
220,-1,406,164,52,72,0.92,7,-1,-1
220,-1,325,98,11,13,0.74,2,-1,-1
220,-1,352,77,10,10,0.31,2,-1,-1
220,-1,358,77,10,10,0.17,2,-1,-1
221,-1,406,161,48,68,0.91,7,-1,-1
221,-1,322,100,12,14,0.52,2,-1,-1
221,-1,360,78,9,10,0.26,2,-1,-1
221,-1,351,76,10,10,0.23,2,-1,-1
222,-1,402,159,48,66,0.90,7,-1,-1
222,-1,323,100,12,14,0.81,2,-1,-1
222,-1,360,78,9,10,0.26,2,-1,-1
222,-1,351,76,10,10,0.23,2,-1,-1
223,-1,401,156,46,64,0.88,7,-1,-1
223,-1,323,100,12,14,0.81,2,-1,-1
223,-1,360,78,8,9,0.39,2,-1,-1
223,-1,351,76,9,9,0.31,2,-1,-1
224,-1,400,152,44,64,0.87,7,-1,-1
224,-1,322,101,13,15,0.80,2,-1,-1
224,-1,352,75,8,9,0.32,2,-1,-1
224,-1,360,77,9,9,0.19,2,-1,-1
225,-1,398,150,44,61,0.89,7,-1,-1
225,-1,323,102,12,14,0.80,2,-1,-1
225,-1,352,75,8,9,0.30,2,-1,-1
225,-1,360,77,8,9,0.18,2,-1,-1
226,-1,400,150,40,59,0.89,7,-1,-1
226,-1,322,103,14,15,0.79,2,-1,-1
226,-1,352,75,9,9,0.30,2,-1,-1
227,-1,397,146,40,58,0.88,7,-1,-1
227,-1,322,103,13,15,0.80,2,-1,-1
227,-1,352,75,10,9,0.19,2,-1,-1
228,-1,396,144,40,56,0.84,7,-1,-1
228,-1,320,105,14,15,0.80,2,-1,-1
228,-1,352,75,10,9,0.19,2,-1,-1
229,-1,395,142,38,54,0.86,7,-1,-1
229,-1,321,106,13,15,0.78,2,-1,-1
229,-1,358,74,9,10,0.28,2,-1,-1
229,-1,323,69,10,16,0.12,7,-1,-1
230,-1,392,139,36,52,0.83,7,-1,-1
230,-1,320,108,14,16,0.79,2,-1,-1
230,-1,352,74,8,8,0.20,2,-1,-1
230,-1,357,75,9,9,0.16,2,-1,-1
230,-1,322,70,10,15,0.14,7,-1,-1
231,-1,392,138,36,52,0.86,7,-1,-1
231,-1,320,108,14,15,0.77,2,-1,-1
231,-1,352,74,8,8,0.21,2,-1,-1
231,-1,357,75,9,9,0.16,2,-1,-1
231,-1,322,70,10,15,0.14,7,-1,-1
232,-1,392,136,36,51,0.85,7,-1,-1
232,-1,319,108,14,16,0.81,2,-1,-1
232,-1,352,74,8,8,0.20,2,-1,-1
232,-1,357,75,9,9,0.15,2,-1,-1
232,-1,322,70,10,15,0.12,7,-1,-1
233,-1,390,136,36,49,0.86,7,-1,-1
233,-1,318,110,14,16,0.82,2,-1,-1
233,-1,322,70,10,15,0.27,7,-1,-1
233,-1,357,73,9,10,0.25,2,-1,-1
234,-1,318,111,14,16,0.81,2,-1,-1
234,-1,390,134,32,48,0.69,7,-1,-1
234,-1,322,70,10,15,0.37,7,-1,-1
234,-1,357,73,9,10,0.26,2,-1,-1
235,-1,317,113,14,16,0.81,2,-1,-1
235,-1,389,133,32,46,0.68,2,-1,-1
235,-1,322,71,10,15,0.45,7,-1,-1
235,-1,357,73,9,10,0.26,2,-1,-1
236,-1,317,113,14,16,0.81,2,-1,-1
236,-1,388,130,32,46,0.65,7,-1,-1
236,-1,322,71,10,15,0.29,7,-1,-1
236,-1,357,73,9,10,0.25,2,-1,-1
237,-1,315,115,16,17,0.83,2,-1,-1
237,-1,386,129,32,45,0.73,7,-1,-1
237,-1,321,71,10,15,0.30,7,-1,-1
237,-1,358,72,8,10,0.21,2,-1,-1
238,-1,315,116,16,17,0.84,2,-1,-1
238,-1,386,128,32,44,0.56,7,-1,-1
238,-1,321,71,10,15,0.31,7,-1,-1
238,-1,358,72,8,10,0.21,2,-1,-1
239,-1,316,117,14,17,0.84,2,-1,-1
239,-1,385,126,30,43,0.63,7,-1,-1
239,-1,321,71,10,14,0.31,7,-1,-1
240,-1,314,119,16,18,0.83,2,-1,-1
240,-1,385,126,30,42,0.65,2,-1,-1
240,-1,321,71,10,14,0.32,7,-1,-1
241,-1,313,120,16,19,0.83,2,-1,-1
241,-1,384,123,28,42,0.83,7,-1,-1
241,-1,321,72,10,14,0.36,7,-1,-1
242,-1,314,122,16,18,0.84,2,-1,-1
242,-1,382,123,30,41,0.82,7,-1,-1
242,-1,321,72,10,14,0.42,7,-1,-1
243,-1,382,120,28,42,0.86,7,-1,-1
243,-1,312,124,17,18,0.85,2,-1,-1
243,-1,321,72,10,15,0.53,7,-1,-1
243,-1,334,74,8,8,0.13,2,-1,-1
244,-1,383,120,26,41,0.86,7,-1,-1
244,-1,311,124,18,20,0.85,2,-1,-1
244,-1,321,72,10,15,0.52,7,-1,-1
244,-1,334,74,8,8,0.13,2,-1,-1
245,-1,382,119,26,40,0.84,7,-1,-1
245,-1,310,128,18,20,0.83,2,-1,-1
245,-1,321,72,10,15,0.55,7,-1,-1
246,-1,381,119,26,38,0.84,7,-1,-1
246,-1,309,129,18,20,0.84,2,-1,-1
246,-1,320,72,10,15,0.58,7,-1,-1
247,-1,380,116,26,38,0.86,7,-1,-1
247,-1,307,132,19,20,0.85,2,-1,-1
247,-1,320,72,10,15,0.58,7,-1,-1
248,-1,380,115,26,39,0.85,7,-1,-1
248,-1,306,133,19,20,0.84,2,-1,-1
248,-1,320,73,11,16,0.59,7,-1,-1
249,-1,380,114,24,37,0.85,7,-1,-1
249,-1,306,136,18,20,0.85,2,-1,-1
249,-1,320,74,10,16,0.70,7,-1,-1
249,-1,334,76,8,8,0.44,2,-1,-1
250,-1,305,138,19,20,0.87,2,-1,-1
250,-1,380,114,24,36,0.84,7,-1,-1
250,-1,320,74,10,16,0.70,7,-1,-1
250,-1,334,76,8,8,0.44,2,-1,-1
251,-1,304,140,19,22,0.86,2,-1,-1
251,-1,379,112,24,37,0.84,7,-1,-1
251,-1,319,74,11,16,0.69,7,-1,-1
251,-1,333,75,8,8,0.16,2,-1,-1
252,-1,304,142,18,22,0.86,2,-1,-1
252,-1,378,111,24,36,0.84,7,-1,-1
252,-1,318,74,12,17,0.75,7,-1,-1
253,-1,301,146,20,24,0.87,2,-1,-1
253,-1,377,110,24,36,0.86,7,-1,-1
253,-1,318,74,12,17,0.75,7,-1,-1
254,-1,300,148,20,24,0.86,2,-1,-1
254,-1,377,108,24,37,0.84,7,-1,-1
254,-1,318,74,12,16,0.67,7,-1,-1
255,-1,298,151,21,26,0.87,2,-1,-1
255,-1,379,108,20,35,0.84,7,-1,-1
255,-1,318,75,11,17,0.71,7,-1,-1
255,-1,332,78,8,10,0.23,2,-1,-1
256,-1,296,154,22,26,0.87,2,-1,-1
256,-1,377,108,22,34,0.85,7,-1,-1
256,-1,317,75,12,17,0.73,7,-1,-1
256,-1,332,78,8,10,0.26,2,-1,-1
257,-1,295,158,22,26,0.88,2,-1,-1
257,-1,376,106,22,36,0.86,7,-1,-1
257,-1,317,75,12,17,0.70,7,-1,-1
257,-1,332,78,8,10,0.23,2,-1,-1
258,-1,294,161,22,27,0.88,2,-1,-1
258,-1,376,106,22,34,0.86,7,-1,-1
258,-1,317,76,12,17,0.74,7,-1,-1
258,-1,332,78,8,10,0.22,2,-1,-1
259,-1,291,165,24,28,0.89,2,-1,-1
259,-1,375,106,22,32,0.87,7,-1,-1
259,-1,317,76,12,18,0.76,7,-1,-1
259,-1,332,78,8,10,0.21,2,-1,-1
260,-1,289,168,24,30,0.89,2,-1,-1
260,-1,374,106,24,32,0.87,7,-1,-1
260,-1,316,76,12,18,0.75,7,-1,-1
260,-1,332,80,8,10,0.13,2,-1,-1
261,-1,287,174,25,31,0.89,2,-1,-1
261,-1,374,104,22,32,0.87,7,-1,-1
261,-1,316,76,12,18,0.73,7,-1,-1
261,-1,332,80,8,10,0.14,2,-1,-1
262,-1,285,177,26,32,0.89,2,-1,-1
262,-1,374,103,22,31,0.87,7,-1,-1
262,-1,316,76,12,18,0.75,7,-1,-1
262,-1,332,80,8,10,0.15,2,-1,-1
263,-1,281,184,28,35,0.90,2,-1,-1
263,-1,375,102,20,32,0.85,7,-1,-1
263,-1,316,77,12,17,0.68,7,-1,-1
264,-1,279,188,29,36,0.89,2,-1,-1
264,-1,374,102,20,31,0.83,7,-1,-1
264,-1,316,77,12,16,0.67,7,-1,-1
265,-1,275,196,31,39,0.89,2,-1,-1
265,-1,375,103,18,29,0.82,7,-1,-1
265,-1,316,78,12,16,0.68,7,-1,-1
266,-1,272,201,31,40,0.90,2,-1,-1
266,-1,374,102,19,28,0.84,7,-1,-1
266,-1,314,78,13,19,0.80,7,-1,-1
266,-1,331,82,8,10,0.24,2,-1,-1
267,-1,267,210,34,43,0.90,2,-1,-1
267,-1,374,104,18,26,0.83,7,-1,-1
267,-1,315,78,12,19,0.81,7,-1,-1
267,-1,331,82,8,10,0.24,2,-1,-1
268,-1,262,216,38,46,0.90,2,-1,-1
268,-1,314,79,13,19,0.83,7,-1,-1
268,-1,374,104,18,26,0.83,7,-1,-1
268,-1,331,82,8,10,0.39,2,-1,-1
269,-1,258,227,38,50,0.89,2,-1,-1
269,-1,314,79,13,20,0.83,7,-1,-1
269,-1,374,103,17,26,0.81,7,-1,-1
269,-1,331,82,9,10,0.33,2,-1,-1
270,-1,254,235,40,52,0.90,2,-1,-1
270,-1,314,79,14,21,0.83,7,-1,-1
270,-1,374,105,16,22,0.69,2,-1,-1
270,-1,331,83,9,10,0.36,2,-1,-1
271,-1,246,248,44,60,0.89,2,-1,-1
271,-1,313,79,14,21,0.83,7,-1,-1
271,-1,374,105,16,22,0.70,2,-1,-1
271,-1,331,83,9,10,0.50,2,-1,-1
272,-1,240,259,46,64,0.91,2,-1,-1
272,-1,313,79,14,21,0.83,7,-1,-1
272,-1,372,102,18,24,0.57,7,-1,-1
272,-1,331,83,9,10,0.51,2,-1,-1
273,-1,230,278,50,71,0.92,2,-1,-1
273,-1,313,80,14,20,0.82,7,-1,-1
273,-1,373,102,16,24,0.55,7,-1,-1
273,-1,330,84,9,10,0.54,2,-1,-1
274,-1,222,291,55,78,0.92,2,-1,-1
274,-1,312,80,15,21,0.81,7,-1,-1
274,-1,371,100,18,24,0.71,2,-1,-1
274,-1,330,85,10,9,0.57,2,-1,-1
275,-1,208,316,62,89,0.91,2,-1,-1
275,-1,312,80,15,21,0.81,7,-1,-1
275,-1,372,98,17,26,0.75,7,-1,-1
275,-1,330,85,9,9,0.46,2,-1,-1
276,-1,198,334,66,100,0.93,2,-1,-1
276,-1,312,80,15,21,0.81,7,-1,-1
276,-1,372,98,17,26,0.75,7,-1,-1
276,-1,330,85,10,10,0.59,2,-1,-1
277,-1,179,370,76,116,0.93,2,-1,-1
277,-1,311,81,15,21,0.83,7,-1,-1
277,-1,330,86,10,9,0.57,2,-1,-1
277,-1,371,98,16,24,0.54,7,-1,-1
278,-1,164,397,84,131,0.92,2,-1,-1
278,-1,311,81,15,21,0.83,7,-1,-1
278,-1,371,96,17,26,0.72,7,-1,-1
278,-1,330,86,10,9,0.57,2,-1,-1
279,-1,142,449,87,91,0.89,2,-1,-1
279,-1,310,81,16,22,0.83,7,-1,-1
279,-1,371,95,16,26,0.78,7,-1,-1
279,-1,329,86,10,10,0.41,2,-1,-1
280,-1,134,491,80,48,0.90,2,-1,-1
280,-1,310,82,16,22,0.83,7,-1,-1
280,-1,370,96,16,24,0.71,7,-1,-1
280,-1,328,87,10,11,0.55,2,-1,-1
281,-1,310,82,16,22,0.83,7,-1,-1
281,-1,370,94,16,25,0.75,7,-1,-1
281,-1,328,89,10,10,0.53,2,-1,-1
282,-1,310,83,16,23,0.83,7,-1,-1
282,-1,370,93,16,25,0.81,7,-1,-1
282,-1,328,89,10,12,0.72,2,-1,-1
283,-1,309,84,16,23,0.85,7,-1,-1
283,-1,368,93,16,24,0.83,7,-1,-1
283,-1,328,89,10,11,0.80,2,-1,-1
284,-1,309,83,16,24,0.85,7,-1,-1
284,-1,368,92,16,24,0.84,7,-1,-1
284,-1,328,90,10,10,0.80,2,-1,-1
285,-1,308,83,17,23,0.84,7,-1,-1
285,-1,368,92,16,24,0.84,7,-1,-1
285,-1,328,91,10,10,0.56,2,-1,-1
286,-1,308,84,17,24,0.84,7,-1,-1
286,-1,368,92,16,24,0.84,7,-1,-1
286,-1,328,92,10,11,0.74,2,-1,-1
287,-1,307,85,18,24,0.85,7,-1,-1
287,-1,368,92,16,23,0.84,7,-1,-1
287,-1,327,93,10,11,0.59,2,-1,-1
288,-1,307,84,17,24,0.85,7,-1,-1
288,-1,368,92,16,23,0.83,7,-1,-1
288,-1,327,93,10,11,0.65,2,-1,-1
289,-1,306,85,18,24,0.85,7,-1,-1
289,-1,368,92,16,23,0.83,7,-1,-1
289,-1,327,94,10,11,0.70,2,-1,-1
290,-1,306,86,18,25,0.84,7,-1,-1
290,-1,368,92,16,23,0.84,7,-1,-1
290,-1,326,94,11,11,0.53,2,-1,-1
291,-1,306,86,18,25,0.85,7,-1,-1
291,-1,368,92,15,21,0.82,7,-1,-1
291,-1,326,96,11,11,0.71,2,-1,-1
292,-1,305,87,18,26,0.85,7,-1,-1
292,-1,368,90,16,23,0.82,7,-1,-1
292,-1,326,95,11,11,0.63,2,-1,-1
293,-1,304,88,19,28,0.86,7,-1,-1
293,-1,368,90,16,23,0.80,7,-1,-1
293,-1,325,97,12,11,0.76,2,-1,-1
294,-1,303,88,20,27,0.86,7,-1,-1
294,-1,367,90,16,22,0.80,7,-1,-1
294,-1,324,98,12,12,0.73,2,-1,-1
295,-1,303,90,19,27,0.86,7,-1,-1
295,-1,367,90,16,22,0.80,7,-1,-1
295,-1,324,98,12,12,0.79,2,-1,-1
296,-1,302,90,20,27,0.86,7,-1,-1
296,-1,367,89,16,24,0.81,7,-1,-1
296,-1,324,99,11,12,0.69,2,-1,-1
297,-1,302,91,20,28,0.86,7,-1,-1
297,-1,367,89,16,24,0.81,7,-1,-1
297,-1,324,100,12,12,0.77,2,-1,-1
298,-1,302,91,20,28,0.86,7,-1,-1
298,-1,324,100,12,12,0.77,2,-1,-1
298,-1,367,88,15,21,0.73,7,-1,-1
299,-1,301,92,20,28,0.83,7,-1,-1
299,-1,324,101,12,12,0.82,2,-1,-1
299,-1,366,87,16,25,0.78,7,-1,-1
300,-1,300,92,20,28,0.85,7,-1,-1
300,-1,323,102,12,13,0.80,2,-1,-1
300,-1,366,87,16,25,0.78,7,-1,-1
301,-1,516,471,88,68,0.86,2,-1,-1
301,-1,300,94,20,27,0.85,7,-1,-1
301,-1,323,102,12,14,0.83,2,-1,-1
301,-1,366,87,16,26,0.78,7,-1,-1
302,-1,507,446,78,86,0.91,2,-1,-1
302,-1,299,94,20,29,0.85,7,-1,-1
302,-1,367,86,14,22,0.79,7,-1,-1
302,-1,323,105,12,12,0.77,2,-1,-1
303,-1,494,412,70,74,0.91,2,-1,-1
303,-1,298,94,20,29,0.85,7,-1,-1
303,-1,322,105,13,14,0.80,2,-1,-1
303,-1,366,85,14,20,0.70,7,-1,-1
304,-1,490,391,60,71,0.90,2,-1,-1
304,-1,298,96,20,29,0.85,7,-1,-1
304,-1,322,106,12,14,0.75,2,-1,-1
304,-1,366,85,14,20,0.70,7,-1,-1
305,-1,480,366,56,62,0.90,2,-1,-1
305,-1,297,97,20,29,0.86,7,-1,-1
305,-1,321,107,13,14,0.77,2,-1,-1
305,-1,366,85,14,20,0.70,7,-1,-1
306,-1,474,350,52,58,0.90,2,-1,-1
306,-1,295,97,22,30,0.87,7,-1,-1
306,-1,366,84,14,20,0.77,7,-1,-1
306,-1,320,108,14,14,0.76,2,-1,-1
307,-1,466,324,48,59,0.89,2,-1,-1
307,-1,296,98,21,29,0.87,7,-1,-1
307,-1,320,109,14,15,0.81,2,-1,-1
307,-1,366,84,14,20,0.77,7,-1,-1
308,-1,460,314,44,54,0.88,2,-1,-1
308,-1,294,98,22,30,0.87,7,-1,-1
308,-1,320,109,14,16,0.80,2,-1,-1
308,-1,366,84,14,20,0.78,7,-1,-1
309,-1,454,298,44,49,0.89,2,-1,-1
309,-1,293,99,22,32,0.86,7,-1,-1
309,-1,318,110,14,16,0.82,2,-1,-1
309,-1,366,83,14,20,0.76,7,-1,-1
310,-1,449,286,38,47,0.88,2,-1,-1
310,-1,292,99,23,33,0.87,7,-1,-1
310,-1,318,112,14,16,0.79,2,-1,-1
310,-1,366,83,14,20,0.77,7,-1,-1
311,-1,444,274,36,44,0.88,2,-1,-1
311,-1,290,100,24,32,0.87,7,-1,-1
311,-1,317,112,14,16,0.84,2,-1,-1
311,-1,365,83,14,19,0.76,7,-1,-1
312,-1,440,264,36,43,0.89,2,-1,-1
312,-1,290,100,24,33,0.86,7,-1,-1
312,-1,317,115,14,15,0.85,2,-1,-1
312,-1,365,83,14,18,0.70,7,-1,-1
313,-1,434,254,32,39,0.89,2,-1,-1
313,-1,290,104,23,32,0.85,7,-1,-1
313,-1,315,116,16,16,0.84,2,-1,-1
313,-1,365,83,14,18,0.65,7,-1,-1
314,-1,431,248,34,38,0.89,2,-1,-1
314,-1,289,103,24,34,0.85,7,-1,-1
314,-1,316,117,15,16,0.83,2,-1,-1
314,-1,365,83,14,18,0.65,7,-1,-1
315,-1,426,237,32,36,0.89,2,-1,-1
315,-1,316,119,14,16,0.86,2,-1,-1
315,-1,288,104,24,34,0.85,7,-1,-1
315,-1,365,83,13,18,0.58,7,-1,-1
316,-1,424,232,32,36,0.89,2,-1,-1
316,-1,287,105,24,34,0.87,7,-1,-1
316,-1,314,120,16,17,0.86,2,-1,-1
316,-1,365,83,13,18,0.57,7,-1,-1
317,-1,422,224,28,33,0.89,2,-1,-1
317,-1,285,107,24,34,0.87,7,-1,-1
317,-1,313,122,16,17,0.85,2,-1,-1
317,-1,366,83,12,17,0.44,7,-1,-1
318,-1,284,108,24,35,0.87,7,-1,-1
318,-1,419,222,28,28,0.87,2,-1,-1
318,-1,312,123,16,18,0.83,2,-1,-1
318,-1,365,81,13,17,0.73,7,-1,-1
319,-1,282,108,26,36,0.87,7,-1,-1
319,-1,416,213,28,30,0.87,2,-1,-1
319,-1,311,126,16,17,0.84,2,-1,-1
319,-1,365,81,13,17,0.74,7,-1,-1
320,-1,416,209,24,29,0.87,2,-1,-1
320,-1,282,109,26,36,0.87,7,-1,-1
320,-1,310,126,16,18,0.84,2,-1,-1
320,-1,365,81,13,17,0.75,7,-1,-1
321,-1,412,202,24,28,0.88,2,-1,-1
321,-1,280,111,26,37,0.87,7,-1,-1
321,-1,310,130,16,18,0.84,2,-1,-1
321,-1,365,81,13,17,0.76,7,-1,-1
322,-1,410,201,24,26,0.86,2,-1,-1
322,-1,279,112,26,37,0.86,7,-1,-1
322,-1,309,131,16,19,0.86,2,-1,-1
322,-1,365,81,13,17,0.76,7,-1,-1
323,-1,408,194,24,27,0.87,2,-1,-1
323,-1,277,113,27,39,0.87,7,-1,-1
323,-1,308,134,17,20,0.85,2,-1,-1
323,-1,363,79,14,18,0.82,7,-1,-1
323,-1,334,74,7,8,0.10,2,-1,-1
324,-1,276,114,28,40,0.88,7,-1,-1
324,-1,406,191,24,25,0.88,2,-1,-1
324,-1,307,136,17,19,0.86,2,-1,-1
324,-1,364,78,13,19,0.80,7,-1,-1
325,-1,274,116,28,40,0.88,7,-1,-1
325,-1,305,139,18,20,0.87,2,-1,-1
325,-1,404,190,20,21,0.86,2,-1,-1
325,-1,364,78,13,19,0.81,7,-1,-1
326,-1,273,117,28,40,0.88,7,-1,-1
326,-1,304,140,19,21,0.87,2,-1,-1
326,-1,402,184,20,23,0.86,2,-1,-1
326,-1,364,78,13,19,0.81,7,-1,-1
327,-1,302,145,19,22,0.88,2,-1,-1
327,-1,271,120,28,40,0.88,7,-1,-1
327,-1,401,179,20,22,0.86,2,-1,-1
327,-1,363,78,13,18,0.77,7,-1,-1
328,-1,270,121,28,41,0.88,7,-1,-1
328,-1,301,148,20,20,0.88,2,-1,-1
328,-1,398,176,20,22,0.85,2,-1,-1
328,-1,363,78,13,18,0.76,7,-1,-1
329,-1,268,122,30,42,0.88,7,-1,-1
329,-1,300,152,20,22,0.88,2,-1,-1
329,-1,397,174,20,20,0.85,2,-1,-1
329,-1,362,77,13,18,0.75,7,-1,-1
330,-1,266,122,30,44,0.88,7,-1,-1
330,-1,299,155,20,22,0.86,2,-1,-1
330,-1,396,171,20,20,0.85,2,-1,-1
330,-1,363,77,12,18,0.75,7,-1,-1
330,-1,333,76,8,8,0.12,2,-1,-1
331,-1,263,124,31,46,0.90,7,-1,-1
331,-1,296,159,22,23,0.88,2,-1,-1
331,-1,394,166,20,21,0.82,2,-1,-1
331,-1,363,77,12,18,0.75,7,-1,-1
331,-1,333,76,8,8,0.23,2,-1,-1
332,-1,261,126,32,46,0.89,7,-1,-1
332,-1,295,162,22,23,0.87,2,-1,-1
332,-1,392,164,20,20,0.85,2,-1,-1
332,-1,363,77,12,16,0.75,7,-1,-1
332,-1,333,76,8,8,0.23,2,-1,-1
333,-1,259,128,33,47,0.90,7,-1,-1
333,-1,293,167,22,24,0.89,2,-1,-1
333,-1,391,161,18,19,0.84,2,-1,-1
333,-1,363,77,12,16,0.76,7,-1,-1
334,-1,258,129,32,49,0.89,7,-1,-1
334,-1,290,171,24,26,0.87,2,-1,-1
334,-1,390,160,18,18,0.84,2,-1,-1
334,-1,363,77,12,16,0.77,7,-1,-1
335,-1,254,132,34,50,0.89,7,-1,-1
335,-1,288,177,24,27,0.89,2,-1,-1
335,-1,390,156,16,19,0.84,2,-1,-1
335,-1,363,77,12,16,0.76,7,-1,-1
336,-1,254,133,32,52,0.90,7,-1,-1
336,-1,285,181,26,28,0.89,2,-1,-1
336,-1,389,157,16,16,0.77,2,-1,-1
336,-1,363,77,12,16,0.76,7,-1,-1
337,-1,250,136,35,53,0.90,7,-1,-1
337,-1,281,188,28,30,0.89,2,-1,-1
337,-1,388,152,16,17,0.85,2,-1,-1
337,-1,363,77,12,16,0.77,7,-1,-1
337,-1,332,79,8,8,0.19,2,-1,-1
338,-1,279,193,28,32,0.90,2,-1,-1
338,-1,247,138,36,54,0.89,7,-1,-1
338,-1,386,151,18,17,0.83,2,-1,-1
338,-1,363,77,12,16,0.73,7,-1,-1
338,-1,332,79,8,8,0.19,2,-1,-1
339,-1,275,202,30,34,0.90,2,-1,-1
339,-1,244,140,36,57,0.89,7,-1,-1
339,-1,363,77,12,16,0.72,7,-1,-1
339,-1,386,149,16,17,0.53,2,-1,-1
339,-1,332,79,8,8,0.20,2,-1,-1
340,-1,270,208,32,34,0.90,2,-1,-1
340,-1,242,143,37,58,0.89,7,-1,-1
340,-1,363,77,12,15,0.61,7,-1,-1
340,-1,383,147,18,17,0.22,2,-1,-1
341,-1,265,219,35,37,0.91,2,-1,-1
341,-1,238,144,38,62,0.90,7,-1,-1
341,-1,384,144,16,16,0.84,2,-1,-1
341,-1,362,77,12,14,0.38,7,-1,-1
342,-1,261,226,36,40,0.90,2,-1,-1
342,-1,235,145,40,64,0.90,7,-1,-1
342,-1,383,142,16,17,0.83,2,-1,-1
342,-1,362,78,12,14,0.38,2,-1,-1
343,-1,254,239,40,44,0.91,2,-1,-1
343,-1,230,148,42,67,0.90,7,-1,-1
343,-1,382,140,16,17,0.79,2,-1,-1
343,-1,362,77,11,15,0.40,2,-1,-1
344,-1,249,249,42,47,0.91,2,-1,-1
344,-1,226,151,44,69,0.90,7,-1,-1
344,-1,382,139,16,17,0.76,2,-1,-1
344,-1,362,77,11,15,0.40,2,-1,-1
345,-1,239,268,46,53,0.91,2,-1,-1
345,-1,221,154,46,74,0.90,7,-1,-1
345,-1,380,137,16,17,0.64,2,-1,-1
345,-1,362,77,11,15,0.45,2,-1,-1
346,-1,231,281,50,58,0.91,2,-1,-1
346,-1,217,156,46,76,0.90,7,-1,-1
346,-1,380,135,16,17,0.81,2,-1,-1
346,-1,362,77,11,15,0.44,2,-1,-1
347,-1,218,306,55,66,0.92,2,-1,-1
347,-1,211,161,49,79,0.90,7,-1,-1
347,-1,379,133,16,18,0.78,2,-1,-1
347,-1,362,77,11,15,0.43,2,-1,-1
348,-1,208,324,60,74,0.92,2,-1,-1
348,-1,206,163,50,83,0.91,7,-1,-1
348,-1,361,77,12,15,0.46,2,-1,-1
349,-1,190,355,70,90,0.93,2,-1,-1
349,-1,200,168,52,88,0.90,7,-1,-1
349,-1,377,130,14,16,0.77,2,-1,-1
349,-1,361,77,12,15,0.46,2,-1,-1
350,-1,176,380,77,102,0.93,2,-1,-1
350,-1,195,171,54,91,0.91,7,-1,-1
350,-1,377,130,14,16,0.77,2,-1,-1
350,-1,361,77,12,15,0.42,7,-1,-1
351,-1,147,433,92,106,0.92,2,-1,-1
351,-1,186,181,58,94,0.89,7,-1,-1
351,-1,361,77,12,14,0.34,7,-1,-1
351,-1,331,81,7,8,0.10,2,-1,-1
352,-1,181,180,64,103,0.91,7,-1,-1
352,-1,138,469,90,70,0.89,2,-1,-1
352,-1,361,77,12,14,0.34,7,-1,-1
352,-1,331,81,7,8,0.10,2,-1,-1
353,-1,174,187,64,104,0.90,7,-1,-1
353,-1,362,77,11,14,0.35,2,-1,-1
353,-1,133,515,86,24,0.17,2,-1,-1
353,-1,331,81,7,8,0.10,2,-1,-1
354,-1,163,190,78,117,0.92,7,-1,-1
354,-1,330,83,8,8,0.36,2,-1,-1
354,-1,362,77,11,14,0.35,2,-1,-1
355,-1,151,196,82,130,0.91,7,-1,-1
355,-1,330,83,8,8,0.36,2,-1,-1
355,-1,362,77,10,14,0.31,2,-1,-1
355,-1,375,124,12,13,0.12,2,-1,-1
356,-1,143,202,87,138,0.90,7,-1,-1
356,-1,374,122,14,14,0.65,2,-1,-1
356,-1,330,83,8,8,0.65,2,-1,-1
356,-1,362,77,10,14,0.29,2,-1,-1
357,-1,130,212,88,148,0.89,7,-1,-1
357,-1,330,83,8,8,0.64,2,-1,-1
357,-1,362,77,10,13,0.32,2,-1,-1
358,-1,117,221,102,158,0.93,7,-1,-1
358,-1,330,83,8,9,0.36,2,-1,-1
358,-1,362,77,10,13,0.30,2,-1,-1
359,-1,101,232,111,177,0.92,7,-1,-1
359,-1,373,117,13,14,0.58,2,-1,-1
359,-1,330,83,8,10,0.45,2,-1,-1
359,-1,362,77,10,13,0.30,2,-1,-1
360,-1,86,241,118,189,0.92,7,-1,-1
360,-1,330,83,8,10,0.47,2,-1,-1
360,-1,362,77,10,14,0.31,2,-1,-1
360,-1,373,117,12,14,0.11,2,-1,-1
361,-1,67,252,129,203,0.92,7,-1,-1
361,-1,330,84,8,10,0.60,2,-1,-1
361,-1,362,76,11,14,0.29,7,-1,-1
361,-1,373,117,12,13,0.11,2,-1,-1
362,-1,38,266,146,232,0.94,7,-1,-1
362,-1,372,116,13,14,0.71,2,-1,-1
362,-1,329,84,9,10,0.65,2,-1,-1
362,-1,362,76,11,14,0.29,7,-1,-1
363,-1,329,85,9,10,0.51,2,-1,-1
363,-1,361,74,10,13,0.33,2,-1,-1
364,-1,329,85,9,10,0.51,2,-1,-1
364,-1,361,74,10,13,0.33,2,-1,-1
365,-1,2,326,139,213,0.92,7,-1,-1
365,-1,370,112,12,14,0.57,2,-1,-1
365,-1,329,85,9,10,0.50,2,-1,-1
365,-1,361,74,10,13,0.33,2,-1,-1
366,-1,1,344,126,195,0.92,7,-1,-1
366,-1,370,112,12,14,0.58,2,-1,-1
366,-1,361,74,9,12,0.26,2,-1,-1
366,-1,329,86,9,10,0.15,2,-1,-1
367,-1,2,382,97,156,0.46,7,-1,-1
367,-1,361,74,9,12,0.26,2,-1,-1
367,-1,329,86,9,10,0.16,2,-1,-1
368,-1,370,110,12,13,0.69,2,-1,-1
368,-1,361,74,9,12,0.27,2,-1,-1
368,-1,329,86,9,10,0.16,2,-1,-1
369,-1,361,74,9,12,0.27,2,-1,-1
370,-1,370,109,12,13,0.57,2,-1,-1
370,-1,360,74,10,12,0.27,2,-1,-1
371,-1,370,108,12,13,0.59,2,-1,-1
371,-1,360,74,10,12,0.27,2,-1,-1
372,-1,328,88,10,10,0.37,2,-1,-1
372,-1,360,74,9,12,0.19,2,-1,-1
373,-1,327,87,10,10,0.56,2,-1,-1
373,-1,369,106,12,13,0.30,2,-1,-1
373,-1,360,74,10,12,0.27,2,-1,-1
374,-1,327,88,10,11,0.64,2,-1,-1
374,-1,369,106,12,13,0.30,2,-1,-1
375,-1,327,89,10,11,0.67,2,-1,-1
375,-1,361,74,9,12,0.18,2,-1,-1
376,-1,327,89,10,11,0.76,2,-1,-1
376,-1,368,103,12,12,0.49,2,-1,-1
376,-1,361,74,9,12,0.18,2,-1,-1
377,-1,327,89,10,11,0.76,2,-1,-1
377,-1,368,103,12,12,0.49,2,-1,-1
377,-1,361,74,9,12,0.18,2,-1,-1
378,-1,327,90,10,11,0.76,2,-1,-1
379,-1,326,90,10,11,0.62,2,-1,-1
379,-1,366,102,12,13,0.54,2,-1,-1
380,-1,326,91,10,12,0.72,2,-1,-1
380,-1,366,102,12,13,0.53,2,-1,-1
381,-1,326,92,10,11,0.72,2,-1,-1
381,-1,366,102,12,13,0.54,2,-1,-1
382,-1,326,93,10,11,0.77,2,-1,-1
382,-1,366,101,11,12,0.15,2,-1,-1
383,-1,326,93,10,11,0.77,2,-1,-1
383,-1,367,100,11,12,0.56,2,-1,-1
384,-1,326,93,10,11,0.77,2,-1,-1
385,-1,325,94,10,11,0.73,2,-1,-1
385,-1,367,99,10,11,0.46,2,-1,-1
386,-1,325,94,10,11,0.73,2,-1,-1
386,-1,367,99,10,11,0.46,2,-1,-1
387,-1,324,95,11,11,0.70,2,-1,-1
387,-1,367,100,10,11,0.49,2,-1,-1
388,-1,324,95,11,11,0.74,2,-1,-1
388,-1,366,98,12,12,0.24,2,-1,-1
389,-1,324,96,11,11,0.77,2,-1,-1
389,-1,366,98,12,12,0.23,2,-1,-1
390,-1,324,96,11,11,0.77,2,-1,-1
391,-1,323,97,12,12,0.73,2,-1,-1
391,-1,365,96,11,12,0.12,2,-1,-1
392,-1,323,98,12,12,0.77,2,-1,-1
392,-1,365,96,11,12,0.11,2,-1,-1
393,-1,323,98,12,12,0.78,2,-1,-1
394,-1,322,100,12,12,0.71,2,-1,-1
394,-1,365,94,10,11,0.28,2,-1,-1
395,-1,322,100,12,12,0.78,2,-1,-1
395,-1,365,94,10,11,0.26,2,-1,-1
396,-1,322,101,12,12,0.68,2,-1,-1
397,-1,322,101,12,12,0.72,2,-1,-1
398,-1,322,102,12,12,0.71,2,-1,-1
398,-1,364,93,10,11,0.12,2,-1,-1
399,-1,322,103,12,12,0.70,2,-1,-1
399,-1,364,93,10,11,0.12,2,-1,-1
400,-1,321,101,12,13,0.75,2,-1,-1
401,-1,321,104,12,13,0.78,2,-1,-1
401,-1,364,92,10,10,0.24,2,-1,-1
402,-1,320,104,14,13,0.78,2,-1,-1
403,-1,320,105,14,14,0.74,2,-1,-1
403,-1,364,90,9,10,0.12,2,-1,-1
404,-1,319,106,14,14,0.73,2,-1,-1
404,-1,364,90,9,10,0.12,2,-1,-1
405,-1,319,106,14,14,0.73,2,-1,-1
405,-1,364,90,9,10,0.12,2,-1,-1
406,-1,319,107,14,14,0.75,2,-1,-1
407,-1,318,108,13,14,0.77,2,-1,-1
408,-1,318,108,14,14,0.78,2,-1,-1
409,-1,318,108,14,14,0.77,2,-1,-1
410,-1,318,111,13,14,0.80,2,-1,-1
411,-1,318,111,13,14,0.80,2,-1,-1
412,-1,317,112,14,14,0.81,2,-1,-1
413,-1,316,113,14,14,0.81,2,-1,-1
414,-1,432,487,80,52,0.90,2,-1,-1
414,-1,315,114,14,14,0.83,2,-1,-1
415,-1,428,452,80,85,0.92,2,-1,-1
415,-1,315,114,14,14,0.82,2,-1,-1
416,-1,419,408,66,73,0.92,2,-1,-1
416,-1,313,116,16,15,0.82,2,-1,-1
417,-1,414,384,60,66,0.92,2,-1,-1
417,-1,314,117,15,15,0.80,2,-1,-1
418,-1,408,353,52,56,0.91,2,-1,-1
418,-1,314,118,14,14,0.81,2,-1,-1
419,-1,404,335,52,52,0.91,2,-1,-1
419,-1,312,120,15,14,0.83,2,-1,-1
420,-1,400,307,44,49,0.90,2,-1,-1
420,-1,312,120,15,15,0.84,2,-1,-1
420,-1,554,508,80,31,0.80,2,-1,-1
421,-1,542,472,90,68,0.90,2,-1,-1
421,-1,397,296,42,43,0.90,2,-1,-1
421,-1,312,120,14,16,0.84,2,-1,-1
422,-1,520,424,76,78,0.92,2,-1,-1
422,-1,391,276,40,41,0.88,2,-1,-1
422,-1,311,122,16,16,0.80,2,-1,-1
423,-1,508,398,72,71,0.93,2,-1,-1
423,-1,389,264,38,39,0.90,2,-1,-1
423,-1,310,125,15,14,0.81,2,-1,-1
424,-1,496,364,60,63,0.92,2,-1,-1
424,-1,386,251,36,36,0.88,2,-1,-1
424,-1,310,126,16,15,0.82,2,-1,-1
425,-1,486,342,60,60,0.91,2,-1,-1
425,-1,383,242,34,33,0.89,2,-1,-1
425,-1,309,127,16,15,0.83,2,-1,-1
426,-1,476,316,52,54,0.90,2,-1,-1
426,-1,380,228,32,32,0.88,2,-1,-1
426,-1,308,129,16,15,0.84,2,-1,-1
427,-1,468,304,50,48,0.91,2,-1,-1
427,-1,380,222,30,31,0.89,2,-1,-1
427,-1,308,129,16,16,0.84,2,-1,-1
428,-1,459,284,44,44,0.90,2,-1,-1
428,-1,377,215,30,28,0.88,2,-1,-1
428,-1,307,131,16,17,0.83,2,-1,-1
429,-1,454,274,44,41,0.90,2,-1,-1
429,-1,376,209,28,26,0.89,2,-1,-1
429,-1,306,132,17,18,0.83,2,-1,-1
430,-1,446,257,40,39,0.90,2,-1,-1
430,-1,374,202,26,26,0.88,2,-1,-1
430,-1,305,133,16,18,0.83,2,-1,-1
431,-1,441,248,38,36,0.90,2,-1,-1
431,-1,372,197,26,24,0.88,2,-1,-1
431,-1,305,134,16,18,0.83,2,-1,-1
432,-1,436,237,36,34,0.88,2,-1,-1
432,-1,372,191,24,22,0.88,2,-1,-1
432,-1,304,138,17,17,0.83,2,-1,-1
433,-1,432,230,34,32,0.89,2,-1,-1
433,-1,370,185,24,24,0.89,2,-1,-1
433,-1,303,138,18,18,0.84,2,-1,-1
434,-1,427,220,32,30,0.88,2,-1,-1
434,-1,370,180,22,22,0.87,2,-1,-1
434,-1,302,141,17,18,0.82,2,-1,-1
435,-1,424,214,30,28,0.88,2,-1,-1
435,-1,369,176,22,22,0.86,2,-1,-1
435,-1,301,143,18,18,0.84,2,-1,-1
436,-1,367,171,22,20,0.88,2,-1,-1
436,-1,421,206,28,27,0.87,2,-1,-1
436,-1,300,144,18,19,0.85,2,-1,-1
437,-1,417,200,28,27,0.88,2,-1,-1
437,-1,367,168,20,20,0.88,2,-1,-1
437,-1,299,147,18,19,0.85,2,-1,-1
438,-1,412,194,28,26,0.87,2,-1,-1
438,-1,366,164,20,19,0.87,2,-1,-1
438,-1,297,149,20,20,0.85,2,-1,-1
439,-1,365,160,20,20,0.87,2,-1,-1
439,-1,411,190,26,23,0.87,2,-1,-1
439,-1,296,152,20,20,0.86,2,-1,-1
440,-1,294,153,20,22,0.88,2,-1,-1
440,-1,409,184,24,22,0.87,2,-1,-1
440,-1,364,156,20,19,0.87,2,-1,-1
441,-1,294,156,20,20,0.86,2,-1,-1
441,-1,364,154,20,18,0.86,2,-1,-1
441,-1,406,180,24,22,0.86,2,-1,-1
442,-1,293,160,20,20,0.87,2,-1,-1
442,-1,404,176,22,20,0.87,2,-1,-1
442,-1,363,150,18,18,0.86,2,-1,-1
443,-1,291,162,21,21,0.87,2,-1,-1
443,-1,402,172,22,20,0.86,2,-1,-1
443,-1,363,148,18,18,0.86,2,-1,-1
444,-1,400,167,20,19,0.86,2,-1,-1
444,-1,290,166,22,22,0.85,2,-1,-1
444,-1,362,146,18,17,0.85,2,-1,-1
445,-1,288,168,22,22,0.88,2,-1,-1
445,-1,398,164,20,20,0.86,2,-1,-1
445,-1,362,144,16,16,0.86,2,-1,-1
446,-1,286,172,23,24,0.86,2,-1,-1
446,-1,396,161,20,18,0.85,2,-1,-1
446,-1,361,139,16,17,0.84,2,-1,-1
447,-1,284,175,24,24,0.88,2,-1,-1
447,-1,394,157,20,18,0.85,2,-1,-1
447,-1,361,138,16,17,0.84,2,-1,-1
448,-1,282,178,24,25,0.88,2,-1,-1
448,-1,360,135,17,16,0.85,2,-1,-1
448,-1,392,154,20,18,0.85,2,-1,-1
449,-1,280,182,26,26,0.88,2,-1,-1
449,-1,390,152,20,17,0.85,2,-1,-1
449,-1,360,133,18,17,0.85,2,-1,-1
450,-1,278,186,26,27,0.88,2,-1,-1
450,-1,390,148,16,17,0.84,2,-1,-1
450,-1,360,131,17,16,0.84,2,-1,-1
451,-1,275,190,28,28,0.87,2,-1,-1
451,-1,389,146,16,16,0.85,2,-1,-1
451,-1,359,130,17,16,0.84,2,-1,-1
452,-1,273,196,28,28,0.87,2,-1,-1
452,-1,359,128,16,15,0.85,2,-1,-1
452,-1,388,143,16,16,0.85,2,-1,-1
453,-1,270,199,30,29,0.89,2,-1,-1
453,-1,359,126,16,16,0.84,2,-1,-1
453,-1,385,141,18,16,0.84,2,-1,-1
454,-1,267,207,30,30,0.90,2,-1,-1
454,-1,358,124,16,16,0.84,2,-1,-1
454,-1,384,138,16,16,0.83,2,-1,-1
455,-1,264,210,32,32,0.89,2,-1,-1
455,-1,384,137,16,15,0.85,2,-1,-1
455,-1,358,123,15,15,0.84,2,-1,-1
456,-1,260,216,34,36,0.89,2,-1,-1
456,-1,359,122,14,14,0.85,2,-1,-1
456,-1,382,134,16,16,0.84,2,-1,-1
457,-1,256,219,35,38,0.89,2,-1,-1
457,-1,358,121,14,14,0.85,2,-1,-1
457,-1,382,133,16,15,0.83,2,-1,-1
458,-1,253,223,36,46,0.88,2,-1,-1
458,-1,380,130,16,15,0.85,2,-1,-1
458,-1,358,119,14,14,0.84,2,-1,-1
459,-1,250,237,37,40,0.88,2,-1,-1
459,-1,380,128,16,15,0.85,2,-1,-1
459,-1,358,118,14,14,0.83,2,-1,-1
460,-1,244,245,40,44,0.90,2,-1,-1
460,-1,378,126,16,16,0.84,2,-1,-1
460,-1,358,116,14,13,0.83,2,-1,-1
461,-1,240,254,42,46,0.89,2,-1,-1
461,-1,358,115,14,14,0.83,2,-1,-1
461,-1,377,125,16,14,0.81,2,-1,-1
462,-1,233,266,44,50,0.90,2,-1,-1
462,-1,376,123,16,14,0.82,2,-1,-1
462,-1,358,113,12,14,0.82,2,-1,-1
463,-1,229,274,46,54,0.90,2,-1,-1
463,-1,358,113,13,14,0.82,2,-1,-1
463,-1,377,122,14,13,0.80,2,-1,-1
464,-1,218,289,51,59,0.91,2,-1,-1
464,-1,358,111,12,14,0.83,2,-1,-1
464,-1,376,120,14,14,0.81,2,-1,-1
465,-1,212,301,54,61,0.90,2,-1,-1
465,-1,358,110,12,14,0.83,2,-1,-1
465,-1,375,119,14,13,0.83,2,-1,-1
466,-1,203,320,57,68,0.91,2,-1,-1
466,-1,358,109,12,13,0.82,2,-1,-1
466,-1,375,117,12,13,0.81,2,-1,-1
467,-1,196,334,60,73,0.91,2,-1,-1
467,-1,374,116,13,13,0.81,2,-1,-1
467,-1,357,108,12,14,0.81,2,-1,-1
468,-1,182,357,65,84,0.92,2,-1,-1
468,-1,357,107,12,13,0.81,2,-1,-1
468,-1,373,114,14,14,0.80,2,-1,-1
469,-1,172,377,69,90,0.92,2,-1,-1
469,-1,373,113,13,14,0.80,2,-1,-1
469,-1,357,106,12,13,0.80,2,-1,-1
470,-1,154,409,80,101,0.93,2,-1,-1
470,-1,357,105,12,13,0.82,2,-1,-1
470,-1,373,112,13,13,0.78,2,-1,-1
471,-1,143,434,84,104,0.92,2,-1,-1
471,-1,356,104,12,12,0.83,2,-1,-1
471,-1,371,112,14,12,0.79,2,-1,-1
472,-1,131,478,81,61,0.87,2,-1,-1
472,-1,356,102,12,13,0.82,2,-1,-1
472,-1,371,111,14,14,0.80,2,-1,-1
473,-1,129,512,68,27,0.85,2,-1,-1
473,-1,356,102,12,12,0.79,2,-1,-1
473,-1,371,109,13,13,0.77,2,-1,-1
473,-1,320,73,10,15,0.15,7,-1,-1
474,-1,371,108,12,13,0.79,2,-1,-1
474,-1,356,101,12,12,0.77,2,-1,-1
474,-1,320,73,10,15,0.15,7,-1,-1
475,-1,370,107,12,13,0.79,2,-1,-1
475,-1,356,101,12,12,0.78,2,-1,-1
476,-1,356,100,12,12,0.80,2,-1,-1
476,-1,370,106,12,13,0.76,2,-1,-1
477,-1,356,99,12,12,0.80,2,-1,-1
477,-1,370,106,12,13,0.66,2,-1,-1
477,-1,320,73,10,15,0.31,7,-1,-1
478,-1,356,98,12,12,0.79,2,-1,-1
478,-1,369,104,12,13,0.66,2,-1,-1
478,-1,320,73,10,15,0.28,7,-1,-1
479,-1,356,98,11,12,0.78,2,-1,-1
479,-1,369,103,12,12,0.67,2,-1,-1
479,-1,320,73,10,15,0.27,7,-1,-1
480,-1,355,97,12,12,0.76,2,-1,-1
480,-1,368,102,12,13,0.65,2,-1,-1
480,-1,319,74,11,16,0.49,7,-1,-1
481,-1,355,96,12,12,0.73,2,-1,-1
481,-1,368,101,12,13,0.56,2,-1,-1
481,-1,319,74,11,16,0.49,7,-1,-1
482,-1,355,95,12,12,0.69,2,-1,-1
482,-1,319,74,10,16,0.62,7,-1,-1
482,-1,368,101,10,12,0.60,2,-1,-1
483,-1,368,100,10,12,0.71,2,-1,-1
483,-1,318,75,11,16,0.70,7,-1,-1
483,-1,355,94,10,11,0.59,2,-1,-1
484,-1,367,99,11,12,0.71,2,-1,-1
484,-1,318,75,11,16,0.71,7,-1,-1
484,-1,355,94,10,12,0.64,2,-1,-1
485,-1,367,98,11,12,0.73,2,-1,-1
485,-1,318,75,11,16,0.71,7,-1,-1
485,-1,355,94,10,12,0.62,2,-1,-1
486,-1,318,75,11,16,0.69,7,-1,-1
486,-1,354,92,11,12,0.67,2,-1,-1
486,-1,366,97,12,13,0.67,2,-1,-1
487,-1,355,92,10,12,0.70,2,-1,-1
487,-1,367,97,11,11,0.68,2,-1,-1
487,-1,319,76,10,15,0.67,7,-1,-1
488,-1,355,91,10,11,0.73,2,-1,-1
488,-1,317,76,12,16,0.72,7,-1,-1
488,-1,366,96,11,12,0.61,2,-1,-1
489,-1,317,76,12,16,0.72,7,-1,-1
489,-1,355,91,10,11,0.72,2,-1,-1
489,-1,366,96,11,12,0.64,2,-1,-1
490,-1,354,89,10,11,0.76,2,-1,-1
490,-1,317,77,12,17,0.75,7,-1,-1
490,-1,366,94,11,11,0.56,2,-1,-1
491,-1,354,89,10,11,0.76,2,-1,-1
491,-1,317,77,12,17,0.75,7,-1,-1
491,-1,366,94,11,11,0.56,2,-1,-1
492,-1,354,89,10,11,0.76,2,-1,-1
492,-1,317,77,12,17,0.75,7,-1,-1
492,-1,366,94,11,11,0.59,2,-1,-1
493,-1,354,88,10,11,0.74,2,-1,-1
493,-1,317,77,11,17,0.73,7,-1,-1
493,-1,366,93,10,11,0.63,2,-1,-1
494,-1,316,77,12,18,0.80,7,-1,-1
494,-1,354,87,10,10,0.74,2,-1,-1
494,-1,365,92,11,11,0.68,2,-1,-1
495,-1,316,77,12,18,0.79,7,-1,-1
495,-1,354,87,10,10,0.73,2,-1,-1
495,-1,365,92,11,10,0.67,2,-1,-1
496,-1,315,78,12,18,0.79,7,-1,-1
496,-1,354,86,10,11,0.66,2,-1,-1
496,-1,365,91,10,11,0.56,2,-1,-1
497,-1,314,79,13,18,0.81,7,-1,-1
497,-1,365,90,10,10,0.67,2,-1,-1
497,-1,354,86,10,10,0.66,2,-1,-1
498,-1,314,79,13,18,0.81,7,-1,-1
498,-1,365,90,10,10,0.68,2,-1,-1
498,-1,354,86,10,10,0.66,2,-1,-1
499,-1,315,79,12,18,0.81,7,-1,-1
499,-1,353,86,10,10,0.70,2,-1,-1
499,-1,364,89,10,10,0.62,2,-1,-1
500,-1,314,79,13,18,0.82,7,-1,-1
500,-1,353,85,10,10,0.74,2,-1,-1
500,-1,364,88,10,10,0.62,2,-1,-1
501,-1,314,79,13,18,0.83,7,-1,-1
501,-1,353,85,10,10,0.75,2,-1,-1
501,-1,364,88,10,10,0.62,2,-1,-1
502,-1,314,80,13,19,0.82,7,-1,-1
502,-1,354,84,10,11,0.62,2,-1,-1
502,-1,364,88,10,10,0.23,2,-1,-1
503,-1,313,80,14,19,0.84,7,-1,-1
503,-1,353,84,10,10,0.73,2,-1,-1
503,-1,364,87,10,9,0.24,2,-1,-1
504,-1,313,80,14,19,0.84,7,-1,-1
504,-1,353,83,10,10,0.65,2,-1,-1
504,-1,364,86,10,10,0.34,2,-1,-1
505,-1,313,80,14,19,0.84,7,-1,-1
505,-1,353,83,10,10,0.65,2,-1,-1
505,-1,364,86,10,10,0.34,2,-1,-1
506,-1,312,80,15,20,0.84,7,-1,-1
506,-1,353,82,10,10,0.60,2,-1,-1
506,-1,364,86,10,10,0.41,2,-1,-1
507,-1,311,80,15,20,0.84,7,-1,-1
507,-1,353,82,10,10,0.60,2,-1,-1
507,-1,364,86,10,10,0.41,2,-1,-1
508,-1,310,81,16,20,0.84,7,-1,-1
508,-1,353,82,9,9,0.69,2,-1,-1
508,-1,363,85,10,10,0.50,2,-1,-1
509,-1,310,81,16,21,0.84,7,-1,-1
509,-1,353,81,9,10,0.64,2,-1,-1
509,-1,363,85,10,10,0.29,2,-1,-1
510,-1,310,81,16,22,0.83,7,-1,-1
510,-1,353,81,9,10,0.57,2,-1,-1
510,-1,363,84,10,10,0.25,2,-1,-1
511,-1,310,81,16,22,0.83,7,-1,-1
511,-1,353,81,9,10,0.57,2,-1,-1
511,-1,363,84,10,10,0.25,2,-1,-1
512,-1,310,82,16,22,0.82,7,-1,-1
512,-1,352,80,10,10,0.48,2,-1,-1
512,-1,362,82,9,10,0.14,2,-1,-1
513,-1,310,82,16,22,0.82,7,-1,-1
513,-1,352,80,9,10,0.41,2,-1,-1
513,-1,363,82,8,9,0.31,2,-1,-1
514,-1,309,82,16,22,0.84,7,-1,-1
514,-1,352,80,9,10,0.41,2,-1,-1
514,-1,363,82,8,9,0.30,2,-1,-1
515,-1,308,83,16,22,0.83,7,-1,-1
515,-1,352,79,10,10,0.42,2,-1,-1
515,-1,362,81,8,10,0.24,2,-1,-1
516,-1,308,83,16,23,0.84,7,-1,-1
516,-1,352,79,10,10,0.42,2,-1,-1
516,-1,362,81,8,10,0.24,2,-1,-1
517,-1,308,84,16,22,0.84,7,-1,-1
517,-1,352,79,10,10,0.41,2,-1,-1
517,-1,362,81,8,10,0.24,2,-1,-1
518,-1,307,84,17,23,0.86,7,-1,-1
518,-1,352,78,10,10,0.28,2,-1,-1
518,-1,359,79,10,10,0.12,2,-1,-1
519,-1,307,84,17,23,0.86,7,-1,-1
519,-1,352,78,10,10,0.28,2,-1,-1
519,-1,359,79,10,10,0.12,2,-1,-1
520,-1,306,84,18,24,0.85,7,-1,-1
520,-1,352,78,9,10,0.28,2,-1,-1
520,-1,358,78,10,10,0.15,2,-1,-1
521,-1,306,85,17,24,0.86,7,-1,-1
521,-1,352,78,10,9,0.28,2,-1,-1
522,-1,306,85,17,24,0.86,7,-1,-1
522,-1,352,78,10,9,0.28,2,-1,-1
523,-1,306,86,17,24,0.85,7,-1,-1
523,-1,352,78,9,9,0.30,2,-1,-1
524,-1,306,87,17,24,0.85,7,-1,-1
524,-1,353,77,8,9,0.16,2,-1,-1
524,-1,359,78,8,9,0.13,2,-1,-1
525,-1,305,87,17,25,0.86,7,-1,-1
525,-1,353,77,8,9,0.15,2,-1,-1
525,-1,360,78,8,9,0.13,2,-1,-1
526,-1,304,88,17,24,0.86,7,-1,-1
526,-1,352,76,8,9,0.29,2,-1,-1
526,-1,360,78,8,8,0.19,2,-1,-1
527,-1,304,89,18,24,0.85,7,-1,-1
527,-1,352,76,8,9,0.30,2,-1,-1
527,-1,360,78,8,8,0.19,2,-1,-1
528,-1,304,90,17,23,0.85,7,-1,-1
528,-1,352,75,8,9,0.40,2,-1,-1
528,-1,359,78,8,8,0.10,2,-1,-1
529,-1,303,90,18,24,0.84,7,-1,-1
529,-1,352,75,8,9,0.51,2,-1,-1
530,-1,302,91,18,25,0.84,7,-1,-1
530,-1,352,75,8,9,0.27,2,-1,-1
531,-1,302,91,18,25,0.84,7,-1,-1
531,-1,352,75,8,9,0.29,2,-1,-1
532,-1,302,91,18,25,0.83,7,-1,-1
532,-1,318,113,14,14,0.15,2,-1,-1
532,-1,359,76,8,8,0.12,2,-1,-1
533,-1,302,92,18,26,0.83,7,-1,-1
533,-1,352,74,8,8,0.17,2,-1,-1
534,-1,300,93,18,26,0.84,7,-1,-1
534,-1,352,74,8,8,0.38,2,-1,-1
535,-1,300,93,18,26,0.83,7,-1,-1
535,-1,352,74,8,8,0.38,2,-1,-1
535,-1,316,117,13,13,0.20,2,-1,-1
536,-1,300,93,19,26,0.85,7,-1,-1
536,-1,351,74,8,8,0.35,2,-1,-1
537,-1,299,93,19,28,0.86,7,-1,-1
537,-1,351,74,8,8,0.35,2,-1,-1
538,-1,298,94,20,28,0.86,7,-1,-1
538,-1,314,120,15,16,0.74,2,-1,-1
538,-1,351,74,8,8,0.27,2,-1,-1
539,-1,298,94,20,28,0.87,7,-1,-1
539,-1,314,122,14,16,0.62,2,-1,-1
539,-1,351,74,8,8,0.26,2,-1,-1
540,-1,298,95,20,28,0.87,7,-1,-1
540,-1,313,124,14,16,0.65,2,-1,-1
541,-1,297,96,20,29,0.87,7,-1,-1
541,-1,311,125,15,16,0.81,2,-1,-1
542,-1,296,96,20,30,0.88,7,-1,-1
542,-1,310,126,16,17,0.83,2,-1,-1
543,-1,295,97,22,29,0.87,7,-1,-1
543,-1,309,128,16,18,0.80,2,-1,-1
544,-1,295,97,21,30,0.87,7,-1,-1
544,-1,309,130,16,18,0.81,2,-1,-1
545,-1,295,98,20,29,0.87,7,-1,-1
545,-1,308,132,16,18,0.81,2,-1,-1
546,-1,293,99,22,30,0.87,7,-1,-1
546,-1,306,136,18,17,0.83,2,-1,-1
547,-1,293,99,22,30,0.88,7,-1,-1
547,-1,306,137,18,18,0.81,2,-1,-1
548,-1,291,100,22,32,0.88,7,-1,-1
548,-1,303,140,18,19,0.83,2,-1,-1
548,-1,324,81,8,9,0.12,2,-1,-1
549,-1,291,100,22,32,0.87,7,-1,-1
549,-1,302,144,18,18,0.83,2,-1,-1
549,-1,324,81,8,9,0.11,2,-1,-1
550,-1,289,101,24,32,0.87,7,-1,-1
550,-1,302,147,19,19,0.83,2,-1,-1
550,-1,325,82,8,9,0.41,2,-1,-1
551,-1,289,102,24,32,0.87,7,-1,-1
551,-1,301,150,19,18,0.84,2,-1,-1
551,-1,325,82,8,9,0.41,2,-1,-1
552,-1,288,103,23,33,0.87,7,-1,-1
552,-1,300,154,19,19,0.83,2,-1,-1
553,-1,288,104,24,34,0.87,7,-1,-1
553,-1,297,156,20,20,0.84,2,-1,-1
554,-1,287,104,24,34,0.88,7,-1,-1
554,-1,296,160,21,21,0.86,2,-1,-1
554,-1,326,85,8,9,0.30,2,-1,-1
555,-1,286,105,24,35,0.87,7,-1,-1
555,-1,294,164,22,20,0.87,2,-1,-1
555,-1,326,85,8,9,0.30,2,-1,-1
556,-1,284,106,26,35,0.88,7,-1,-1
556,-1,291,169,24,22,0.86,2,-1,-1
556,-1,326,85,8,9,0.29,2,-1,-1
557,-1,284,107,26,36,0.88,7,-1,-1
557,-1,289,172,24,23,0.84,2,-1,-1
558,-1,282,108,26,36,0.88,7,-1,-1
558,-1,287,178,24,24,0.86,2,-1,-1
558,-1,326,87,8,9,0.37,2,-1,-1
559,-1,281,108,27,37,0.88,7,-1,-1
559,-1,285,182,24,24,0.86,2,-1,-1
559,-1,326,87,8,9,0.37,2,-1,-1
560,-1,280,109,27,38,0.88,7,-1,-1
560,-1,282,188,26,26,0.85,2,-1,-1
560,-1,326,87,9,9,0.40,2,-1,-1
561,-1,279,110,28,38,0.88,7,-1,-1
561,-1,278,194,28,26,0.86,2,-1,-1
562,-1,278,110,28,40,0.87,7,-1,-1
562,-1,275,202,29,27,0.87,2,-1,-1
562,-1,327,89,8,10,0.65,2,-1,-1
562,-1,350,70,7,8,0.11,2,-1,-1
563,-1,272,207,30,29,0.88,2,-1,-1
563,-1,276,111,28,40,0.87,7,-1,-1
563,-1,326,89,9,10,0.24,2,-1,-1
564,-1,267,216,32,31,0.89,2,-1,-1
564,-1,275,113,28,41,0.89,7,-1,-1
565,-1,263,222,34,34,0.90,2,-1,-1
565,-1,274,114,28,42,0.89,7,-1,-1
565,-1,326,90,10,10,0.70,2,-1,-1
566,-1,258,236,35,35,0.89,2,-1,-1
566,-1,272,114,30,43,0.88,7,-1,-1
566,-1,326,90,10,11,0.73,2,-1,-1
567,-1,253,244,38,38,0.89,2,-1,-1
567,-1,272,115,30,44,0.88,7,-1,-1
567,-1,325,90,10,11,0.65,2,-1,-1
568,-1,245,259,42,43,0.89,2,-1,-1
568,-1,270,116,30,45,0.88,7,-1,-1
568,-1,325,91,10,11,0.74,2,-1,-1
569,-1,239,272,44,46,0.90,2,-1,-1
569,-1,268,117,32,46,0.88,7,-1,-1
569,-1,326,91,10,11,0.73,2,-1,-1
570,-1,228,290,50,54,0.91,2,-1,-1
570,-1,267,120,31,45,0.89,7,-1,-1
570,-1,326,93,10,11,0.78,2,-1,-1
571,-1,220,309,53,56,0.90,2,-1,-1
571,-1,265,122,32,46,0.89,7,-1,-1
571,-1,326,93,10,11,0.77,2,-1,-1
572,-1,207,335,58,66,0.92,2,-1,-1
572,-1,263,123,32,46,0.89,7,-1,-1
572,-1,325,94,10,11,0.66,2,-1,-1
573,-1,194,358,64,73,0.92,2,-1,-1
573,-1,262,124,34,47,0.89,7,-1,-1
573,-1,325,95,10,11,0.76,2,-1,-1
574,-1,175,394,74,90,0.92,2,-1,-1
574,-1,260,126,34,49,0.90,7,-1,-1
574,-1,325,95,10,12,0.78,2,-1,-1
575,-1,156,424,86,105,0.92,2,-1,-1
575,-1,257,126,36,50,0.90,7,-1,-1
576,-1,255,129,36,52,0.90,7,-1,-1
576,-1,136,484,92,56,0.89,2,-1,-1
576,-1,324,96,10,12,0.35,2,-1,-1
577,-1,254,130,36,52,0.90,7,-1,-1
577,-1,324,98,11,12,0.74,2,-1,-1
578,-1,250,132,38,54,0.91,7,-1,-1
578,-1,324,98,11,12,0.74,2,-1,-1
579,-1,248,133,38,56,0.90,7,-1,-1
579,-1,322,99,12,12,0.54,2,-1,-1
580,-1,246,136,40,56,0.91,7,-1,-1
580,-1,322,100,12,12,0.79,2,-1,-1
581,-1,244,138,40,58,0.91,7,-1,-1
581,-1,322,102,12,12,0.74,2,-1,-1
582,-1,240,140,42,59,0.91,7,-1,-1
582,-1,322,103,12,12,0.66,2,-1,-1
583,-1,238,142,43,61,0.91,7,-1,-1
583,-1,322,103,12,12,0.72,2,-1,-1
584,-1,233,144,46,63,0.92,7,-1,-1
584,-1,321,104,13,13,0.74,2,-1,-1
585,-1,232,146,46,65,0.91,7,-1,-1
585,-1,321,105,13,13,0.73,2,-1,-1
586,-1,227,148,48,68,0.92,7,-1,-1
586,-1,320,105,13,14,0.77,2,-1,-1
587,-1,223,152,50,70,0.92,7,-1,-1
587,-1,320,106,13,14,0.77,2,-1,-1
588,-1,218,154,54,74,0.91,7,-1,-1
588,-1,319,107,14,14,0.78,2,-1,-1
589,-1,215,156,54,75,0.91,7,-1,-1
589,-1,319,107,14,15,0.77,2,-1,-1
590,-1,209,160,58,78,0.92,7,-1,-1
590,-1,318,109,14,14,0.78,2,-1,-1
591,-1,206,162,59,82,0.92,7,-1,-1
591,-1,318,111,14,14,0.79,2,-1,-1
592,-1,199,166,62,85,0.92,7,-1,-1
592,-1,318,111,14,15,0.80,2,-1,-1
593,-1,196,168,64,88,0.92,7,-1,-1
593,-1,318,112,14,14,0.81,2,-1,-1
594,-1,188,173,68,93,0.92,7,-1,-1
594,-1,317,114,14,15,0.82,2,-1,-1
595,-1,184,177,70,96,0.93,7,-1,-1
595,-1,315,115,16,15,0.83,2,-1,-1
596,-1,174,181,75,103,0.93,7,-1,-1
596,-1,314,117,16,15,0.81,2,-1,-1
597,-1,168,185,78,107,0.93,7,-1,-1
597,-1,314,117,15,15,0.82,2,-1,-1
598,-1,159,191,83,114,0.93,7,-1,-1
598,-1,314,120,15,15,0.84,2,-1,-1
599,-1,152,194,87,121,0.93,7,-1,-1
599,-1,313,121,16,15,0.83,2,-1,-1
600,-1,145,199,90,127,0.93,7,-1,-1
600,-1,312,122,16,16,0.83,2,-1,-1
601,-1,133,206,96,137,0.93,7,-1,-1
601,-1,311,124,16,16,0.82,2,-1,-1
602,-1,124,211,101,145,0.94,7,-1,-1
602,-1,310,124,18,18,0.83,2,-1,-1
603,-1,111,221,108,156,0.93,7,-1,-1
603,-1,310,127,17,18,0.84,2,-1,-1
604,-1,98,227,116,166,0.93,7,-1,-1
604,-1,309,128,17,18,0.84,2,-1,-1
605,-1,87,234,120,176,0.92,7,-1,-1
605,-1,308,130,17,18,0.83,2,-1,-1
606,-1,66,244,134,195,0.91,7,-1,-1
606,-1,307,132,18,18,0.84,2,-1,-1
607,-1,44,258,147,214,0.93,7,-1,-1
607,-1,305,135,18,18,0.84,2,-1,-1
608,-1,26,266,157,232,0.94,7,-1,-1
608,-1,304,137,19,18,0.84,2,-1,-1
609,-1,3,282,167,256,0.93,7,-1,-1
609,-1,303,140,18,20,0.85,2,-1,-1
610,-1,2,292,160,247,0.93,7,-1,-1
610,-1,303,142,18,19,0.84,2,-1,-1
611,-1,2,315,144,222,0.92,7,-1,-1
611,-1,302,145,18,20,0.85,2,-1,-1
612,-1,1,331,134,206,0.91,7,-1,-1
612,-1,300,148,20,20,0.86,2,-1,-1
613,-1,3,356,112,183,0.91,7,-1,-1
613,-1,298,152,21,21,0.85,2,-1,-1
614,-1,3,376,96,162,0.91,7,-1,-1
614,-1,296,154,21,22,0.87,2,-1,-1
615,-1,296,159,20,22,0.86,2,-1,-1
615,-1,4,419,70,117,0.51,7,-1,-1
616,-1,294,161,22,22,0.88,2,-1,-1
617,-1,292,166,22,23,0.88,2,-1,-1
618,-1,289,169,24,24,0.88,2,-1,-1
619,-1,287,174,24,25,0.88,2,-1,-1
620,-1,284,178,26,26,0.88,2,-1,-1
621,-1,280,183,28,29,0.89,2,-1,-1
622,-1,279,188,28,30,0.88,2,-1,-1
623,-1,275,195,29,32,0.88,2,-1,-1
624,-1,272,200,30,34,0.89,2,-1,-1
625,-1,267,210,33,34,0.90,2,-1,-1
626,-1,264,216,34,37,0.90,2,-1,-1
627,-1,258,227,37,39,0.89,2,-1,-1
628,-1,254,234,38,43,0.90,2,-1,-1
629,-1,246,247,42,48,0.90,2,-1,-1
630,-1,242,258,44,51,0.90,2,-1,-1
631,-1,232,275,47,57,0.90,2,-1,-1
632,-1,226,288,50,62,0.91,2,-1,-1
633,-1,213,312,56,70,0.92,2,-1,-1
634,-1,203,330,60,78,0.92,2,-1,-1
635,-1,184,360,69,93,0.93,2,-1,-1
636,-1,174,386,72,104,0.93,2,-1,-1
637,-1,148,434,90,106,0.92,2,-1,-1
638,-1,140,471,82,68,0.89,2,-1,-1
645,-1,408,504,86,36,0.85,2,-1,-1
646,-1,408,468,76,71,0.90,2,-1,-1
647,-1,402,422,68,79,0.92,2,-1,-1
648,-1,399,396,62,70,0.92,2,-1,-1
649,-1,395,363,56,61,0.92,2,-1,-1
650,-1,392,344,52,56,0.91,2,-1,-1
651,-1,388,318,48,49,0.91,2,-1,-1
652,-1,387,305,44,44,0.90,2,-1,-1
653,-1,384,285,40,41,0.89,2,-1,-1
654,-1,381,272,40,40,0.90,2,-1,-1
655,-1,380,258,36,36,0.89,2,-1,-1
656,-1,379,248,34,34,0.89,2,-1,-1
657,-1,376,236,32,32,0.88,2,-1,-1
658,-1,376,228,32,31,0.90,2,-1,-1
659,-1,374,219,30,29,0.89,2,-1,-1
660,-1,373,214,28,27,0.89,2,-1,-1
661,-1,372,205,26,26,0.88,2,-1,-1
662,-1,371,201,26,26,0.88,2,-1,-1
663,-1,370,194,25,24,0.88,2,-1,-1
664,-1,369,190,24,24,0.87,2,-1,-1
665,-1,368,183,23,23,0.86,2,-1,-1
666,-1,367,179,22,22,0.87,2,-1,-1
667,-1,366,174,21,21,0.87,2,-1,-1
668,-1,365,171,21,20,0.88,2,-1,-1
669,-1,365,165,20,21,0.87,2,-1,-1
670,-1,364,163,20,20,0.87,2,-1,-1
671,-1,364,159,20,20,0.85,2,-1,-1
672,-1,363,156,20,20,0.85,2,-1,-1
673,-1,362,152,19,19,0.85,2,-1,-1
674,-1,362,150,19,19,0.85,2,-1,-1
675,-1,360,146,18,19,0.84,2,-1,-1
676,-1,360,145,18,18,0.84,2,-1,-1
677,-1,420,477,88,63,0.86,2,-1,-1
677,-1,360,141,18,18,0.85,2,-1,-1
678,-1,416,448,70,76,0.90,2,-1,-1
678,-1,359,139,18,18,0.84,2,-1,-1
679,-1,408,408,64,67,0.91,2,-1,-1
679,-1,359,137,17,17,0.84,2,-1,-1
680,-1,404,384,60,63,0.91,2,-1,-1
680,-1,358,135,18,17,0.85,2,-1,-1
681,-1,400,354,52,56,0.91,2,-1,-1
681,-1,358,132,18,18,0.84,2,-1,-1
682,-1,396,336,52,54,0.91,2,-1,-1
682,-1,358,131,18,18,0.84,2,-1,-1
683,-1,393,315,46,48,0.90,2,-1,-1
683,-1,357,129,18,16,0.84,2,-1,-1
684,-1,391,303,44,44,0.89,2,-1,-1
684,-1,357,127,17,16,0.85,2,-1,-1
685,-1,387,283,42,42,0.90,2,-1,-1
685,-1,357,126,16,16,0.84,2,-1,-1
685,-1,416,474,96,64,0.83,7,-1,-1
686,-1,386,273,40,40,0.88,2,-1,-1
686,-1,410,443,92,95,0.87,7,-1,-1
686,-1,357,124,16,16,0.84,2,-1,-1
687,-1,383,258,38,38,0.89,2,-1,-1
687,-1,406,402,68,88,0.85,7,-1,-1
687,-1,356,123,15,16,0.84,2,-1,-1
688,-1,382,253,36,32,0.87,2,-1,-1
688,-1,402,378,64,82,0.87,2,-1,-1
688,-1,357,122,14,15,0.85,2,-1,-1
689,-1,380,241,32,31,0.89,2,-1,-1
689,-1,357,120,14,14,0.84,2,-1,-1
689,-1,396,348,60,73,0.82,2,-1,-1
690,-1,378,233,32,30,0.88,2,-1,-1
690,-1,395,330,54,68,0.88,2,-1,-1
690,-1,357,119,14,15,0.84,2,-1,-1
691,-1,390,307,52,62,0.89,2,-1,-1
691,-1,377,222,32,30,0.88,2,-1,-1
691,-1,356,117,14,15,0.83,2,-1,-1
692,-1,390,295,48,56,0.90,2,-1,-1
692,-1,376,218,32,28,0.88,2,-1,-1
692,-1,355,116,14,14,0.82,2,-1,-1
693,-1,386,276,44,52,0.90,2,-1,-1
693,-1,376,210,28,27,0.87,2,-1,-1
693,-1,355,114,14,15,0.82,2,-1,-1
694,-1,385,265,42,51,0.91,2,-1,-1
694,-1,374,206,28,26,0.87,2,-1,-1
694,-1,355,113,14,14,0.81,2,-1,-1
695,-1,382,253,42,45,0.90,2,-1,-1
695,-1,374,199,26,25,0.88,2,-1,-1
695,-1,355,112,14,14,0.81,2,-1,-1
696,-1,381,244,40,44,0.90,2,-1,-1
696,-1,374,195,24,24,0.88,2,-1,-1
696,-1,354,111,14,14,0.81,2,-1,-1
697,-1,380,232,34,40,0.91,2,-1,-1
697,-1,371,190,26,22,0.87,2,-1,-1
697,-1,355,110,14,14,0.82,2,-1,-1
698,-1,378,225,34,39,0.90,2,-1,-1
698,-1,372,186,24,22,0.88,2,-1,-1
698,-1,354,109,14,14,0.81,2,-1,-1
699,-1,378,216,32,36,0.90,2,-1,-1
699,-1,371,180,23,22,0.86,2,-1,-1
699,-1,354,107,14,15,0.81,2,-1,-1
700,-1,378,212,32,34,0.89,2,-1,-1
700,-1,370,176,23,22,0.86,2,-1,-1
700,-1,354,107,14,14,0.81,2,-1,-1
701,-1,378,205,28,33,0.88,2,-1,-1
701,-1,369,172,22,21,0.86,2,-1,-1
701,-1,354,106,14,14,0.82,2,-1,-1
702,-1,376,201,28,31,0.88,2,-1,-1
702,-1,369,170,22,20,0.87,2,-1,-1
702,-1,354,106,13,13,0.81,2,-1,-1
703,-1,376,194,26,30,0.88,2,-1,-1
703,-1,368,166,20,20,0.87,2,-1,-1
703,-1,354,104,13,13,0.78,2,-1,-1
704,-1,375,190,26,28,0.89,2,-1,-1
704,-1,367,163,20,20,0.86,2,-1,-1
704,-1,410,474,88,65,0.82,2,-1,-1
704,-1,355,103,12,13,0.80,2,-1,-1
705,-1,406,431,68,73,0.92,2,-1,-1
705,-1,375,184,24,28,0.87,2,-1,-1
705,-1,366,160,20,18,0.87,2,-1,-1
705,-1,354,102,13,13,0.78,2,-1,-1
706,-1,404,406,62,67,0.90,2,-1,-1
706,-1,375,180,24,27,0.88,2,-1,-1
706,-1,367,158,18,18,0.85,2,-1,-1
706,-1,354,101,13,14,0.78,2,-1,-1
707,-1,400,382,60,62,0.90,2,-1,-1
707,-1,374,176,24,26,0.87,2,-1,-1
707,-1,365,154,20,19,0.85,2,-1,-1
707,-1,354,101,13,14,0.78,2,-1,-1
708,-1,397,353,52,54,0.89,2,-1,-1
708,-1,374,172,22,25,0.87,2,-1,-1
708,-1,366,152,18,18,0.84,2,-1,-1
708,-1,354,100,13,13,0.79,2,-1,-1
709,-1,392,326,48,50,0.89,2,-1,-1
709,-1,375,168,20,24,0.87,2,-1,-1
709,-1,365,149,16,17,0.84,2,-1,-1
709,-1,354,99,12,13,0.77,2,-1,-1
710,-1,390,312,44,46,0.89,2,-1,-1
710,-1,375,164,20,24,0.87,2,-1,-1
710,-1,364,148,16,16,0.84,2,-1,-1
710,-1,354,98,13,14,0.78,2,-1,-1
711,-1,390,299,40,44,0.89,2,-1,-1
711,-1,375,162,20,24,0.87,2,-1,-1
711,-1,364,145,16,16,0.84,2,-1,-1
711,-1,354,97,12,12,0.74,2,-1,-1
712,-1,385,281,40,40,0.87,2,-1,-1
712,-1,373,158,20,24,0.86,2,-1,-1
712,-1,364,143,16,15,0.83,2,-1,-1
712,-1,354,97,12,12,0.74,2,-1,-1
713,-1,382,264,40,38,0.88,2,-1,-1
713,-1,372,155,20,22,0.86,2,-1,-1
713,-1,364,140,15,16,0.82,2,-1,-1
713,-1,354,95,12,12,0.74,2,-1,-1
714,-1,381,257,38,35,0.88,2,-1,-1
714,-1,373,153,19,22,0.86,2,-1,-1
714,-1,363,138,16,16,0.83,2,-1,-1
714,-1,354,95,12,12,0.74,2,-1,-1
715,-1,379,244,34,33,0.88,2,-1,-1
715,-1,373,150,18,21,0.85,2,-1,-1
715,-1,363,137,16,14,0.84,2,-1,-1
715,-1,354,94,12,13,0.74,2,-1,-1
716,-1,378,234,32,32,0.88,2,-1,-1
716,-1,373,147,18,20,0.86,2,-1,-1
716,-1,362,135,15,15,0.83,2,-1,-1
716,-1,354,94,12,13,0.75,2,-1,-1
717,-1,377,226,32,33,0.89,2,-1,-1
717,-1,373,146,18,20,0.84,2,-1,-1
717,-1,362,133,16,15,0.82,2,-1,-1
717,-1,566,466,72,72,0.81,7,-1,-1
717,-1,354,94,12,13,0.75,2,-1,-1
718,-1,543,428,94,110,0.90,7,-1,-1
718,-1,375,220,32,28,0.87,2,-1,-1
718,-1,362,132,15,14,0.79,2,-1,-1
718,-1,354,93,12,13,0.76,2,-1,-1
718,-1,372,142,17,21,0.71,2,-1,-1
719,-1,533,406,104,133,0.91,7,-1,-1
719,-1,375,214,30,28,0.87,2,-1,-1
719,-1,362,132,14,13,0.81,2,-1,-1
719,-1,353,93,12,13,0.76,2,-1,-1
719,-1,372,141,17,19,0.74,2,-1,-1
720,-1,520,377,116,160,0.93,7,-1,-1
720,-1,373,207,28,26,0.87,2,-1,-1
720,-1,362,130,14,13,0.81,2,-1,-1
720,-1,374,139,16,18,0.79,2,-1,-1
720,-1,353,92,12,12,0.75,2,-1,-1
721,-1,508,352,120,151,0.93,7,-1,-1
721,-1,371,198,28,26,0.87,2,-1,-1
721,-1,373,135,16,19,0.80,2,-1,-1
721,-1,362,127,14,14,0.76,2,-1,-1
721,-1,353,91,12,12,0.76,2,-1,-1
722,-1,500,338,108,144,0.93,7,-1,-1
722,-1,371,195,26,26,0.86,2,-1,-1
722,-1,373,135,16,17,0.79,2,-1,-1
722,-1,362,126,14,13,0.77,2,-1,-1
722,-1,353,91,12,12,0.74,2,-1,-1
723,-1,490,313,100,137,0.92,7,-1,-1
723,-1,370,190,26,23,0.85,2,-1,-1
723,-1,362,125,12,12,0.77,2,-1,-1
723,-1,353,89,12,11,0.76,2,-1,-1
723,-1,373,133,15,17,0.72,2,-1,-1
724,-1,482,302,96,132,0.93,7,-1,-1
724,-1,371,187,24,21,0.87,2,-1,-1
724,-1,362,124,12,12,0.78,2,-1,-1
724,-1,353,89,12,11,0.75,2,-1,-1
724,-1,374,132,14,16,0.71,2,-1,-1
725,-1,474,291,88,116,0.93,7,-1,-1
725,-1,369,181,23,21,0.84,2,-1,-1
725,-1,362,123,12,12,0.78,2,-1,-1
725,-1,373,129,14,16,0.78,2,-1,-1
725,-1,353,89,12,11,0.75,2,-1,-1
726,-1,470,282,84,111,0.93,7,-1,-1
726,-1,368,176,23,22,0.86,2,-1,-1
726,-1,362,121,12,13,0.79,2,-1,-1
726,-1,373,128,14,16,0.78,2,-1,-1
726,-1,354,88,11,11,0.75,2,-1,-1
727,-1,462,268,80,105,0.93,7,-1,-1
727,-1,368,172,22,20,0.86,2,-1,-1
727,-1,362,120,12,12,0.77,2,-1,-1
727,-1,372,126,14,16,0.75,2,-1,-1
727,-1,353,87,12,11,0.69,2,-1,-1
728,-1,460,260,72,100,0.93,7,-1,-1
728,-1,367,168,21,20,0.87,2,-1,-1
728,-1,361,118,12,12,0.77,2,-1,-1
728,-1,354,87,10,11,0.69,2,-1,-1
728,-1,372,126,14,15,0.61,2,-1,-1
729,-1,454,248,68,94,0.92,7,-1,-1
729,-1,366,164,21,20,0.87,2,-1,-1
729,-1,361,117,12,12,0.78,2,-1,-1
729,-1,354,87,11,11,0.65,2,-1,-1
729,-1,373,126,13,14,0.12,2,-1,-1
730,-1,450,242,64,91,0.93,7,-1,-1
730,-1,366,162,20,20,0.86,2,-1,-1
730,-1,361,116,12,12,0.78,2,-1,-1
730,-1,354,86,11,11,0.67,2,-1,-1
730,-1,373,125,13,13,0.38,2,-1,-1
731,-1,444,233,64,86,0.92,7,-1,-1
731,-1,365,158,20,19,0.86,2,-1,-1
731,-1,372,121,14,15,0.76,2,-1,-1
731,-1,362,116,11,11,0.74,2,-1,-1
731,-1,354,86,11,11,0.66,2,-1,-1
732,-1,442,227,60,83,0.92,7,-1,-1
732,-1,365,156,20,18,0.85,2,-1,-1
732,-1,361,114,11,11,0.74,2,-1,-1
732,-1,372,120,14,14,0.73,2,-1,-1
732,-1,354,86,11,11,0.70,2,-1,-1
733,-1,438,220,56,78,0.92,7,-1,-1
733,-1,364,152,19,18,0.84,2,-1,-1
733,-1,373,119,13,13,0.78,2,-1,-1
733,-1,362,113,11,11,0.74,2,-1,-1
733,-1,354,85,11,11,0.64,2,-1,-1
734,-1,434,215,56,76,0.92,7,-1,-1
734,-1,364,150,19,18,0.84,2,-1,-1
734,-1,373,118,13,14,0.77,2,-1,-1
734,-1,362,113,10,11,0.71,2,-1,-1
734,-1,355,85,10,11,0.64,2,-1,-1
735,-1,430,208,54,72,0.92,7,-1,-1
735,-1,362,147,18,17,0.83,2,-1,-1
735,-1,361,111,12,11,0.72,2,-1,-1
735,-1,373,116,13,14,0.71,2,-1,-1
735,-1,355,84,10,11,0.54,2,-1,-1
736,-1,428,204,52,70,0.92,7,-1,-1
736,-1,362,144,17,17,0.83,2,-1,-1
736,-1,373,116,13,13,0.75,2,-1,-1
736,-1,361,110,11,11,0.68,2,-1,-1
736,-1,355,83,10,12,0.57,2,-1,-1
737,-1,424,198,52,67,0.92,7,-1,-1
737,-1,361,140,18,18,0.83,2,-1,-1
737,-1,373,114,13,13,0.75,2,-1,-1
737,-1,361,109,11,11,0.74,2,-1,-1
737,-1,356,83,10,10,0.66,2,-1,-1
738,-1,422,194,50,66,0.91,7,-1,-1
738,-1,362,139,17,18,0.83,2,-1,-1
738,-1,372,114,14,14,0.76,2,-1,-1
738,-1,361,108,10,11,0.72,2,-1,-1
738,-1,356,83,10,10,0.66,2,-1,-1
739,-1,420,190,48,63,0.91,7,-1,-1
739,-1,360,137,18,17,0.84,2,-1,-1
739,-1,372,113,14,13,0.79,2,-1,-1
739,-1,356,82,10,11,0.66,2,-1,-1
739,-1,361,107,11,11,0.66,2,-1,-1
740,-1,420,186,44,62,0.90,7,-1,-1
740,-1,360,134,17,18,0.85,2,-1,-1
740,-1,372,111,13,13,0.79,2,-1,-1
740,-1,361,105,10,11,0.70,2,-1,-1
740,-1,356,82,10,11,0.65,2,-1,-1
741,-1,416,183,44,58,0.90,7,-1,-1
741,-1,360,133,18,17,0.84,2,-1,-1
741,-1,372,110,13,13,0.83,2,-1,-1
741,-1,361,105,10,11,0.70,2,-1,-1
741,-1,356,82,10,10,0.66,2,-1,-1
742,-1,415,180,42,58,0.91,7,-1,-1
742,-1,360,132,18,16,0.83,2,-1,-1
742,-1,372,109,13,14,0.83,2,-1,-1
742,-1,356,82,10,10,0.65,2,-1,-1
742,-1,361,105,10,10,0.62,2,-1,-1
743,-1,412,176,40,56,0.91,7,-1,-1
743,-1,359,130,16,15,0.83,2,-1,-1
743,-1,372,108,14,14,0.81,2,-1,-1
743,-1,358,81,8,9,0.63,2,-1,-1
743,-1,360,103,11,10,0.51,2,-1,-1
744,-1,410,173,40,55,0.90,7,-1,-1
744,-1,358,129,17,16,0.85,2,-1,-1
744,-1,372,108,14,13,0.79,2,-1,-1
744,-1,358,81,8,9,0.63,2,-1,-1
744,-1,360,103,11,10,0.52,2,-1,-1
745,-1,408,169,40,53,0.90,7,-1,-1
745,-1,359,128,14,15,0.85,2,-1,-1
745,-1,371,106,15,16,0.71,2,-1,-1
745,-1,358,81,9,10,0.50,2,-1,-1
745,-1,360,102,12,11,0.27,2,-1,-1
746,-1,406,167,40,52,0.90,7,-1,-1
746,-1,359,126,14,14,0.82,2,-1,-1
746,-1,371,106,14,14,0.67,2,-1,-1
746,-1,358,81,9,10,0.52,2,-1,-1
746,-1,360,102,11,10,0.51,2,-1,-1
747,-1,405,162,38,52,0.90,7,-1,-1
747,-1,358,124,14,14,0.82,2,-1,-1
747,-1,370,105,14,13,0.60,2,-1,-1
747,-1,358,80,9,10,0.51,2,-1,-1
747,-1,361,101,10,10,0.46,2,-1,-1
748,-1,405,161,36,50,0.90,7,-1,-1
748,-1,420,480,84,59,0.89,2,-1,-1
748,-1,357,123,15,15,0.78,2,-1,-1
748,-1,370,104,13,13,0.62,2,-1,-1
748,-1,358,80,9,10,0.54,2,-1,-1
749,-1,413,431,72,80,0.91,2,-1,-1
749,-1,402,158,36,48,0.90,7,-1,-1
749,-1,356,120,15,14,0.82,2,-1,-1
749,-1,370,102,12,12,0.67,2,-1,-1
749,-1,357,80,10,10,0.43,2,-1,-1
749,-1,361,100,10,10,0.25,2,-1,-1
750,-1,410,403,64,73,0.91,2,-1,-1
750,-1,402,157,36,46,0.89,7,-1,-1
750,-1,356,120,15,14,0.82,2,-1,-1
750,-1,370,102,12,12,0.67,2,-1,-1
750,-1,357,79,10,10,0.54,2,-1,-1
750,-1,361,99,10,10,0.27,2,-1,-1
751,-1,405,367,56,64,0.92,2,-1,-1
751,-1,400,153,34,46,0.90,7,-1,-1
751,-1,356,118,14,14,0.73,2,-1,-1
751,-1,370,102,12,12,0.72,2,-1,-1
751,-1,357,78,10,10,0.54,2,-1,-1
751,-1,360,98,10,10,0.16,2,-1,-1
752,-1,402,346,52,58,0.91,2,-1,-1
752,-1,399,152,34,45,0.89,7,-1,-1
752,-1,356,116,14,14,0.79,2,-1,-1
752,-1,370,101,12,12,0.73,2,-1,-1
752,-1,357,78,10,10,0.53,2,-1,-1
753,-1,398,320,46,52,0.90,2,-1,-1
753,-1,398,149,32,45,0.90,7,-1,-1
753,-1,356,116,13,14,0.79,2,-1,-1
753,-1,370,100,12,12,0.73,2,-1,-1
753,-1,357,78,10,10,0.54,2,-1,-1
753,-1,360,97,10,10,0.12,2,-1,-1
754,-1,396,304,42,48,0.90,2,-1,-1
754,-1,397,147,32,44,0.90,7,-1,-1
754,-1,355,114,14,15,0.79,2,-1,-1
754,-1,358,78,9,10,0.47,2,-1,-1
754,-1,369,99,12,12,0.46,2,-1,-1
755,-1,396,146,32,42,0.89,7,-1,-1
755,-1,392,291,40,46,0.89,2,-1,-1
755,-1,355,113,14,15,0.74,2,-1,-1
755,-1,369,98,12,12,0.70,2,-1,-1
755,-1,357,78,10,10,0.46,2,-1,-1
756,-1,388,272,40,42,0.89,2,-1,-1
756,-1,396,144,30,41,0.89,7,-1,-1
756,-1,354,112,14,14,0.74,2,-1,-1
756,-1,369,97,11,12,0.64,2,-1,-1
756,-1,358,78,8,9,0.49,2,-1,-1
757,-1,386,263,40,38,0.89,2,-1,-1
757,-1,395,142,30,41,0.89,7,-1,-1
757,-1,354,111,14,14,0.75,2,-1,-1
757,-1,368,96,12,12,0.52,2,-1,-1
757,-1,358,78,8,9,0.48,2,-1,-1
758,-1,383,248,38,36,0.88,2,-1,-1
758,-1,394,138,28,42,0.88,7,-1,-1
758,-1,354,110,13,14,0.78,2,-1,-1
758,-1,370,97,10,10,0.66,2,-1,-1
758,-1,358,77,9,10,0.41,2,-1,-1
758,-1,359,93,10,9,0.24,2,-1,-1
759,-1,392,138,28,40,0.88,7,-1,-1
759,-1,381,235,32,34,0.88,2,-1,-1
759,-1,355,109,12,14,0.76,2,-1,-1
759,-1,369,96,11,11,0.58,2,-1,-1
759,-1,358,77,9,10,0.37,2,-1,-1
759,-1,360,93,10,9,0.26,2,-1,-1
760,-1,379,225,32,35,0.89,2,-1,-1
760,-1,391,136,28,38,0.88,7,-1,-1
760,-1,368,95,11,12,0.68,2,-1,-1
760,-1,354,108,13,14,0.67,2,-1,-1
760,-1,358,76,9,10,0.39,2,-1,-1
761,-1,377,218,32,30,0.89,2,-1,-1
761,-1,390,135,28,38,0.89,7,-1,-1
761,-1,354,107,12,13,0.79,2,-1,-1
761,-1,368,94,10,12,0.67,2,-1,-1
761,-1,358,76,8,9,0.51,2,-1,-1
761,-1,359,92,10,9,0.28,2,-1,-1
762,-1,390,134,28,37,0.88,7,-1,-1
762,-1,376,211,32,30,0.88,2,-1,-1
762,-1,354,107,12,13,0.79,2,-1,-1
762,-1,368,94,10,12,0.67,2,-1,-1
762,-1,358,76,8,9,0.51,2,-1,-1
762,-1,359,92,10,9,0.27,2,-1,-1
763,-1,389,132,26,36,0.87,7,-1,-1
763,-1,375,206,26,26,0.87,2,-1,-1
763,-1,368,93,10,12,0.68,2,-1,-1
763,-1,354,106,13,14,0.49,2,-1,-1
763,-1,358,76,8,9,0.40,2,-1,-1
764,-1,388,130,26,36,0.88,7,-1,-1
764,-1,374,202,24,24,0.86,2,-1,-1
764,-1,354,104,12,13,0.67,2,-1,-1
764,-1,368,93,10,10,0.55,2,-1,-1
764,-1,358,76,8,8,0.38,2,-1,-1
765,-1,388,128,24,36,0.89,7,-1,-1
765,-1,372,194,26,24,0.87,2,-1,-1
765,-1,354,104,12,13,0.67,2,-1,-1
765,-1,368,93,10,10,0.45,2,-1,-1
765,-1,358,76,8,8,0.16,2,-1,-1
766,-1,388,128,24,35,0.88,7,-1,-1
766,-1,372,191,24,22,0.88,2,-1,-1
766,-1,354,102,13,14,0.39,2,-1,-1
767,-1,370,184,24,22,0.87,2,-1,-1
767,-1,385,125,26,35,0.87,7,-1,-1
767,-1,354,102,13,14,0.41,2,-1,-1
768,-1,369,178,24,23,0.86,2,-1,-1
768,-1,386,124,24,35,0.85,7,-1,-1
768,-1,354,102,12,13,0.58,2,-1,-1
768,-1,366,90,10,10,0.39,2,-1,-1
769,-1,384,122,24,34,0.86,7,-1,-1
769,-1,368,174,22,20,0.85,2,-1,-1
769,-1,354,101,12,13,0.59,2,-1,-1
769,-1,366,90,10,10,0.38,2,-1,-1
770,-1,368,171,20,20,0.87,2,-1,-1
770,-1,384,122,24,34,0.85,7,-1,-1
770,-1,353,99,12,12,0.47,2,-1,-1
770,-1,366,89,9,10,0.13,2,-1,-1
771,-1,419,469,90,70,0.89,2,-1,-1
771,-1,367,166,21,20,0.86,2,-1,-1
771,-1,383,121,24,33,0.84,7,-1,-1
771,-1,353,99,12,12,0.68,2,-1,-1
771,-1,366,89,10,10,0.41,2,-1,-1
771,-1,358,74,8,8,0.12,2,-1,-1
772,-1,414,436,86,98,0.92,2,-1,-1
772,-1,366,163,20,20,0.87,2,-1,-1
772,-1,382,121,24,31,0.84,7,-1,-1
772,-1,354,98,11,12,0.54,2,-1,-1
772,-1,366,88,10,10,0.42,2,-1,-1
773,-1,408,396,72,83,0.91,2,-1,-1
773,-1,365,160,19,18,0.87,2,-1,-1
773,-1,382,120,24,31,0.83,7,-1,-1
773,-1,354,98,11,12,0.53,2,-1,-1
773,-1,366,88,10,10,0.41,2,-1,-1
774,-1,404,372,66,76,0.91,2,-1,-1
774,-1,365,157,19,18,0.86,2,-1,-1
774,-1,381,119,22,30,0.84,7,-1,-1
774,-1,354,98,11,11,0.55,2,-1,-1
774,-1,366,88,10,10,0.47,2,-1,-1
775,-1,398,342,60,66,0.90,2,-1,-1
775,-1,364,152,19,18,0.85,2,-1,-1
775,-1,381,118,22,30,0.81,7,-1,-1
775,-1,354,97,10,11,0.38,2,-1,-1
776,-1,396,324,54,62,0.91,2,-1,-1
776,-1,364,151,18,18,0.86,2,-1,-1
776,-1,380,117,22,30,0.79,7,-1,-1
776,-1,363,86,10,10,0.20,2,-1,-1
776,-1,354,96,10,12,0.10,2,-1,-1
777,-1,393,301,50,55,0.90,2,-1,-1
777,-1,363,148,18,17,0.82,2,-1,-1
777,-1,379,116,22,28,0.69,7,-1,-1
777,-1,354,95,10,11,0.40,2,-1,-1
777,-1,363,86,9,8,0.14,2,-1,-1
778,-1,390,288,48,51,0.91,2,-1,-1
778,-1,363,146,16,18,0.83,2,-1,-1
778,-1,379,116,22,28,0.55,2,-1,-1
778,-1,354,95,10,11,0.43,2,-1,-1
778,-1,363,85,9,9,0.15,2,-1,-1
779,-1,388,268,44,49,0.90,2,-1,-1
779,-1,362,142,17,17,0.83,2,-1,-1
779,-1,380,115,20,28,0.74,2,-1,-1
779,-1,353,94,10,10,0.19,2,-1,-1
779,-1,363,85,9,9,0.16,2,-1,-1
780,-1,526,448,108,92,0.91,7,-1,-1
780,-1,386,259,40,45,0.90,2,-1,-1
780,-1,362,141,17,16,0.81,2,-1,-1
780,-1,378,114,22,28,0.65,7,-1,-1
780,-1,354,93,10,10,0.30,2,-1,-1
780,-1,362,84,10,9,0.28,2,-1,-1
781,-1,508,403,92,111,0.93,2,-1,-1
781,-1,384,247,40,40,0.89,2,-1,-1
781,-1,361,138,16,16,0.83,2,-1,-1
781,-1,378,111,20,29,0.81,7,-1,-1
781,-1,353,93,10,10,0.15,2,-1,-1
782,-1,496,376,84,103,0.92,2,-1,-1
782,-1,382,238,38,38,0.89,2,-1,-1
782,-1,361,136,16,16,0.85,2,-1,-1
782,-1,378,110,20,29,0.81,7,-1,-1
782,-1,353,93,10,10,0.10,2,-1,-1
783,-1,480,343,76,91,0.93,2,-1,-1
783,-1,381,225,34,38,0.89,2,-1,-1
783,-1,378,110,20,28,0.85,7,-1,-1
783,-1,360,134,16,16,0.83,2,-1,-1
783,-1,362,84,9,8,0.36,2,-1,-1
783,-1,353,92,10,9,0.27,2,-1,-1
784,-1,473,325,70,84,0.92,2,-1,-1
784,-1,379,220,34,34,0.89,2,-1,-1
784,-1,377,109,20,29,0.82,7,-1,-1
784,-1,360,132,16,15,0.81,2,-1,-1
784,-1,362,84,9,8,0.34,2,-1,-1
784,-1,353,92,10,10,0.31,2,-1,-1
785,-1,464,301,60,74,0.92,2,-1,-1
785,-1,378,211,32,32,0.88,2,-1,-1
785,-1,360,130,14,14,0.82,2,-1,-1
785,-1,377,108,20,28,0.81,7,-1,-1
785,-1,362,84,8,8,0.12,2,-1,-1
786,-1,458,288,56,69,0.92,2,-1,-1
786,-1,377,206,30,32,0.88,2,-1,-1
786,-1,360,129,14,14,0.83,2,-1,-1
786,-1,376,108,20,26,0.57,7,-1,-1
786,-1,353,90,10,10,0.33,2,-1,-1
786,-1,362,84,8,8,0.27,2,-1,-1
787,-1,449,269,50,63,0.91,2,-1,-1
787,-1,376,200,28,30,0.87,2,-1,-1
787,-1,360,127,13,14,0.82,2,-1,-1
787,-1,377,107,18,26,0.75,7,-1,-1
787,-1,353,90,10,9,0.38,2,-1,-1
787,-1,361,84,8,8,0.27,2,-1,-1
788,-1,442,258,48,59,0.90,2,-1,-1
788,-1,374,194,28,29,0.88,2,-1,-1
788,-1,359,126,14,14,0.80,2,-1,-1
788,-1,376,106,18,26,0.72,7,-1,-1
788,-1,360,83,8,8,0.14,2,-1,-1
789,-1,436,244,44,54,0.90,2,-1,-1
789,-1,374,189,26,26,0.86,2,-1,-1
789,-1,376,106,18,25,0.75,7,-1,-1
789,-1,358,124,13,13,0.75,2,-1,-1
789,-1,354,89,9,9,0.35,2,-1,-1
789,-1,360,83,8,8,0.24,2,-1,-1
790,-1,430,234,44,52,0.90,2,-1,-1
790,-1,373,185,26,26,0.87,2,-1,-1
790,-1,358,124,13,13,0.78,2,-1,-1
790,-1,376,105,18,24,0.68,7,-1,-1
790,-1,354,88,9,9,0.18,2,-1,-1
790,-1,360,83,9,8,0.13,2,-1,-1
791,-1,426,228,40,50,0.91,2,-1,-1
791,-1,373,180,24,26,0.88,2,-1,-1
791,-1,357,122,14,13,0.79,2,-1,-1
791,-1,375,105,18,24,0.55,7,-1,-1
791,-1,360,82,9,9,0.12,2,-1,-1
792,-1,423,218,36,46,0.90,2,-1,-1
792,-1,372,174,23,25,0.88,2,-1,-1
792,-1,358,120,12,12,0.80,2,-1,-1
792,-1,375,104,18,24,0.65,7,-1,-1
792,-1,353,87,10,10,0.22,2,-1,-1
793,-1,418,208,36,43,0.90,2,-1,-1
793,-1,372,170,22,24,0.87,2,-1,-1
793,-1,357,118,12,12,0.75,2,-1,-1
793,-1,374,103,18,25,0.60,7,-1,-1
793,-1,353,86,10,10,0.19,2,-1,-1
794,-1,414,203,32,41,0.90,2,-1,-1
794,-1,370,166,22,24,0.86,2,-1,-1
794,-1,357,117,12,12,0.80,2,-1,-1
794,-1,374,103,18,24,0.74,7,-1,-1
795,-1,410,195,32,38,0.90,2,-1,-1
795,-1,370,161,20,24,0.87,2,-1,-1
795,-1,357,116,12,12,0.74,2,-1,-1
795,-1,373,102,18,24,0.74,7,-1,-1
795,-1,353,85,10,10,0.13,2,-1,-1
796,-1,408,191,30,37,0.90,2,-1,-1
796,-1,369,160,20,22,0.87,2,-1,-1
796,-1,356,115,12,12,0.75,2,-1,-1
796,-1,373,101,18,24,0.65,7,-1,-1
797,-1,404,184,30,35,0.90,2,-1,-1
797,-1,368,156,20,21,0.86,2,-1,-1
797,-1,356,113,12,12,0.74,2,-1,-1
797,-1,373,101,17,23,0.60,7,-1,-1
798,-1,403,180,28,34,0.89,2,-1,-1
798,-1,368,153,20,21,0.87,2,-1,-1
798,-1,356,112,12,12,0.73,2,-1,-1
798,-1,372,100,18,23,0.61,7,-1,-1
799,-1,400,176,28,32,0.90,2,-1,-1
799,-1,367,148,20,22,0.87,2,-1,-1
799,-1,373,100,16,23,0.68,7,-1,-1
799,-1,356,111,12,12,0.67,2,-1,-1
800,-1,398,171,26,32,0.88,2,-1,-1
800,-1,367,148,18,19,0.86,2,-1,-1
800,-1,372,100,17,22,0.75,7,-1,-1
800,-1,356,110,12,13,0.69,2,-1,-1
801,-1,395,166,26,30,0.89,2,-1,-1
801,-1,366,146,18,18,0.85,2,-1,-1
801,-1,356,109,11,12,0.71,2,-1,-1
801,-1,372,99,16,23,0.67,7,-1,-1
802,-1,406,466,84,73,0.89,2,-1,-1
802,-1,392,164,28,30,0.88,2,-1,-1
802,-1,366,144,18,18,0.86,2,-1,-1
802,-1,371,99,17,22,0.67,7,-1,-1
802,-1,354,109,12,12,0.56,2,-1,-1
803,-1,402,432,72,81,0.91,2,-1,-1
803,-1,391,161,26,29,0.88,2,-1,-1
803,-1,365,141,18,18,0.85,2,-1,-1
803,-1,371,98,16,22,0.76,7,-1,-1
803,-1,355,108,12,12,0.55,2,-1,-1
804,-1,396,388,64,71,0.91,2,-1,-1
804,-1,390,157,24,28,0.88,2,-1,-1
804,-1,365,137,16,19,0.85,2,-1,-1
804,-1,371,98,16,22,0.78,7,-1,-1
804,-1,354,106,12,12,0.58,2,-1,-1
805,-1,392,354,56,62,0.91,2,-1,-1
805,-1,388,152,24,27,0.88,2,-1,-1
805,-1,364,135,16,18,0.86,2,-1,-1
805,-1,371,97,16,22,0.79,7,-1,-1
805,-1,354,106,12,12,0.60,2,-1,-1
806,-1,389,334,52,57,0.90,2,-1,-1
806,-1,386,150,24,26,0.88,2,-1,-1
806,-1,364,134,16,17,0.86,2,-1,-1
806,-1,370,97,16,22,0.80,7,-1,-1
806,-1,355,105,11,11,0.61,2,-1,-1
806,-1,354,78,8,10,0.18,2,-1,-1
807,-1,385,308,48,51,0.90,2,-1,-1
807,-1,384,148,22,24,0.86,2,-1,-1
807,-1,364,132,14,16,0.85,2,-1,-1
807,-1,370,96,16,20,0.58,2,-1,-1
807,-1,354,103,12,12,0.47,2,-1,-1
807,-1,354,78,8,10,0.17,2,-1,-1
808,-1,384,294,44,47,0.88,2,-1,-1
808,-1,384,146,20,24,0.87,2,-1,-1
808,-1,364,132,14,15,0.86,2,-1,-1
808,-1,354,103,12,12,0.46,2,-1,-1
808,-1,370,96,16,21,0.45,7,-1,-1
808,-1,354,78,8,10,0.17,2,-1,-1
809,-1,381,273,42,45,0.89,2,-1,-1
809,-1,382,142,20,24,0.88,2,-1,-1
809,-1,364,130,14,15,0.87,2,-1,-1
809,-1,369,95,16,21,0.48,2,-1,-1
809,-1,355,100,11,12,0.42,2,-1,-1
810,-1,378,263,40,41,0.88,2,-1,-1
810,-1,380,140,20,24,0.87,2,-1,-1
810,-1,363,128,14,15,0.85,2,-1,-1
810,-1,369,95,16,20,0.44,7,-1,-1
810,-1,356,101,10,12,0.22,2,-1,-1
811,-1,376,248,36,38,0.89,2,-1,-1
811,-1,379,137,20,23,0.87,2,-1,-1
811,-1,362,126,14,15,0.83,2,-1,-1
811,-1,369,94,16,20,0.53,7,-1,-1
811,-1,356,100,10,12,0.18,2,-1,-1
812,-1,373,238,36,36,0.89,2,-1,-1
812,-1,378,135,20,23,0.86,2,-1,-1
812,-1,362,125,14,14,0.81,2,-1,-1
812,-1,369,93,16,20,0.49,2,-1,-1
812,-1,354,99,10,10,0.18,2,-1,-1
813,-1,372,226,34,34,0.88,2,-1,-1
813,-1,376,133,20,22,0.84,2,-1,-1
813,-1,361,124,14,14,0.78,2,-1,-1
813,-1,368,93,15,19,0.56,7,-1,-1
814,-1,372,220,32,32,0.88,2,-1,-1
814,-1,376,131,18,21,0.86,2,-1,-1
814,-1,361,122,14,14,0.81,2,-1,-1
814,-1,368,93,15,19,0.62,7,-1,-1
814,-1,355,98,10,10,0.31,2,-1,-1
815,-1,371,211,30,30,0.88,2,-1,-1
815,-1,375,129,17,20,0.86,2,-1,-1
815,-1,360,120,13,14,0.84,2,-1,-1
815,-1,368,92,15,20,0.51,7,-1,-1
815,-1,354,98,10,10,0.30,2,-1,-1
816,-1,370,206,28,28,0.88,2,-1,-1
816,-1,374,128,17,20,0.85,2,-1,-1
816,-1,360,119,13,14,0.79,2,-1,-1
816,-1,368,92,16,19,0.60,2,-1,-1
817,-1,369,198,27,28,0.87,2,-1,-1
817,-1,373,126,17,20,0.84,2,-1,-1
817,-1,360,117,13,14,0.78,2,-1,-1
817,-1,368,91,15,19,0.51,7,-1,-1
817,-1,355,96,9,10,0.21,2,-1,-1
818,-1,369,193,26,27,0.87,2,-1,-1
818,-1,373,125,16,18,0.85,2,-1,-1
818,-1,359,116,13,13,0.64,2,-1,-1
818,-1,368,91,15,20,0.54,2,-1,-1
818,-1,356,96,9,10,0.19,2,-1,-1
819,-1,372,123,16,19,0.86,2,-1,-1
819,-1,366,187,25,25,0.86,2,-1,-1
819,-1,368,91,14,19,0.74,2,-1,-1
819,-1,359,115,12,13,0.64,2,-1,-1
819,-1,355,94,8,10,0.18,2,-1,-1
820,-1,366,182,24,24,0.87,2,-1,-1
820,-1,371,122,16,18,0.85,2,-1,-1
820,-1,358,113,12,14,0.79,2,-1,-1
820,-1,368,90,14,18,0.77,2,-1,-1
820,-1,354,93,8,10,0.33,2,-1,-1
821,-1,365,178,23,24,0.87,2,-1,-1
821,-1,371,120,15,19,0.84,2,-1,-1
821,-1,368,91,14,18,0.79,2,-1,-1
821,-1,418,514,84,26,0.78,2,-1,-1
821,-1,358,112,13,14,0.74,2,-1,-1
822,-1,414,462,84,76,0.89,2,-1,-1
822,-1,364,173,23,23,0.87,2,-1,-1
822,-1,368,90,14,19,0.82,2,-1,-1
822,-1,369,118,16,19,0.82,2,-1,-1
823,-1,407,417,66,77,0.91,2,-1,-1
823,-1,363,167,23,23,0.87,2,-1,-1
823,-1,369,116,16,18,0.82,2,-1,-1
823,-1,368,89,14,18,0.80,2,-1,-1
823,-1,357,110,12,13,0.74,2,-1,-1
823,-1,354,91,8,9,0.19,2,-1,-1
824,-1,404,393,60,69,0.91,2,-1,-1
824,-1,363,164,22,22,0.85,2,-1,-1
824,-1,370,116,14,17,0.82,2,-1,-1
824,-1,368,89,14,18,0.80,2,-1,-1
824,-1,357,110,12,12,0.74,2,-1,-1
824,-1,354,91,8,9,0.20,2,-1,-1
825,-1,400,360,52,60,0.90,2,-1,-1
825,-1,362,160,21,21,0.86,2,-1,-1
825,-1,367,89,14,17,0.83,2,-1,-1
825,-1,368,114,15,17,0.82,2,-1,-1
825,-1,356,109,12,12,0.60,2,-1,-1
826,-1,396,340,52,56,0.90,2,-1,-1
826,-1,362,158,20,20,0.83,2,-1,-1
826,-1,367,89,14,17,0.82,2,-1,-1
826,-1,368,113,16,17,0.79,2,-1,-1
826,-1,357,109,12,12,0.42,2,-1,-1
827,-1,393,315,46,51,0.89,2,-1,-1
827,-1,361,154,20,19,0.85,2,-1,-1
827,-1,367,88,14,18,0.80,2,-1,-1
827,-1,367,111,16,18,0.79,2,-1,-1
827,-1,358,108,12,12,0.10,2,-1,-1
828,-1,389,302,44,46,0.89,2,-1,-1
828,-1,360,151,20,20,0.84,2,-1,-1
828,-1,366,110,16,18,0.80,2,-1,-1
828,-1,366,88,14,17,0.79,2,-1,-1
829,-1,386,282,40,42,0.89,2,-1,-1
829,-1,361,148,19,19,0.85,2,-1,-1
829,-1,367,87,13,17,0.79,2,-1,-1
829,-1,366,109,16,18,0.78,2,-1,-1
830,-1,384,270,40,40,0.89,2,-1,-1
830,-1,360,146,18,18,0.84,2,-1,-1
830,-1,367,87,12,17,0.80,2,-1,-1
830,-1,365,108,16,18,0.77,2,-1,-1
831,-1,381,256,40,38,0.89,2,-1,-1
831,-1,360,142,18,18,0.85,2,-1,-1
831,-1,366,87,13,17,0.79,2,-1,-1
831,-1,366,107,14,17,0.79,2,-1,-1
832,-1,380,247,36,35,0.89,2,-1,-1
832,-1,360,140,18,18,0.84,2,-1,-1
832,-1,366,87,13,16,0.79,2,-1,-1
832,-1,365,106,14,16,0.78,2,-1,-1
832,-1,320,106,12,13,0.23,2,-1,-1
833,-1,378,234,32,34,0.88,2,-1,-1
833,-1,359,136,18,19,0.84,2,-1,-1
833,-1,366,87,13,16,0.76,2,-1,-1
833,-1,364,105,15,17,0.75,2,-1,-1
834,-1,377,226,32,33,0.88,2,-1,-1
834,-1,359,135,18,18,0.85,2,-1,-1
834,-1,364,104,15,17,0.71,2,-1,-1
834,-1,366,86,13,17,0.69,2,-1,-1
835,-1,376,218,32,30,0.88,2,-1,-1
835,-1,359,132,17,18,0.84,2,-1,-1
835,-1,364,101,14,17,0.67,2,-1,-1
835,-1,367,86,12,16,0.66,2,-1,-1
835,-1,319,109,14,15,0.13,2,-1,-1
836,-1,374,213,32,28,0.87,2,-1,-1
836,-1,359,132,16,17,0.83,2,-1,-1
836,-1,363,101,14,16,0.71,2,-1,-1
836,-1,366,85,12,16,0.70,2,-1,-1
837,-1,373,204,28,27,0.87,2,-1,-1
837,-1,358,130,16,16,0.84,2,-1,-1
837,-1,366,85,12,16,0.70,2,-1,-1
837,-1,362,100,14,16,0.70,2,-1,-1
837,-1,318,113,13,14,0.39,2,-1,-1
838,-1,372,200,28,26,0.87,2,-1,-1
838,-1,358,128,16,16,0.85,2,-1,-1
838,-1,366,85,12,16,0.73,2,-1,-1
838,-1,362,100,14,16,0.72,2,-1,-1
838,-1,318,113,13,14,0.38,2,-1,-1
839,-1,532,466,92,74,0.91,2,-1,-1
839,-1,372,193,26,25,0.86,2,-1,-1
839,-1,358,126,15,16,0.82,2,-1,-1
839,-1,366,84,12,16,0.73,2,-1,-1
839,-1,362,98,14,16,0.65,2,-1,-1
840,-1,518,432,78,74,0.92,2,-1,-1
840,-1,370,190,26,24,0.85,2,-1,-1
840,-1,356,124,16,16,0.83,2,-1,-1
840,-1,366,84,12,17,0.69,2,-1,-1
840,-1,317,114,14,15,0.67,2,-1,-1
840,-1,362,97,14,16,0.64,2,-1,-1
841,-1,500,388,68,64,0.91,2,-1,-1
841,-1,369,183,24,23,0.85,2,-1,-1
841,-1,356,122,15,15,0.84,2,-1,-1
841,-1,365,84,12,16,0.77,2,-1,-1
841,-1,316,116,14,15,0.72,2,-1,-1
841,-1,362,99,12,14,0.61,2,-1,-1
842,-1,491,364,60,58,0.91,2,-1,-1
842,-1,368,179,24,23,0.85,2,-1,-1
842,-1,357,122,14,14,0.84,2,-1,-1
842,-1,365,84,12,16,0.76,2,-1,-1
842,-1,361,99,13,14,0.63,2,-1,-1
843,-1,478,332,52,52,0.90,2,-1,-1
843,-1,356,119,14,15,0.85,2,-1,-1
843,-1,368,173,22,22,0.85,2,-1,-1
843,-1,315,120,15,16,0.75,2,-1,-1
843,-1,364,83,12,16,0.65,2,-1,-1
843,-1,362,96,12,14,0.53,2,-1,-1
844,-1,472,312,48,51,0.88,2,-1,-1
844,-1,367,170,22,22,0.87,2,-1,-1
844,-1,356,118,14,15,0.83,2,-1,-1
844,-1,314,120,16,16,0.82,2,-1,-1
844,-1,364,83,12,17,0.64,2,-1,-1
844,-1,362,96,12,14,0.55,2,-1,-1
845,-1,462,292,40,43,0.86,2,-1,-1
845,-1,367,164,20,22,0.85,2,-1,-1
845,-1,356,116,15,16,0.74,2,-1,-1
845,-1,314,122,15,16,0.72,2,-1,-1
845,-1,364,82,12,18,0.59,2,-1,-1
846,-1,454,280,40,39,0.90,2,-1,-1
846,-1,366,162,20,21,0.86,2,-1,-1
846,-1,356,115,14,15,0.78,2,-1,-1
846,-1,313,123,16,17,0.74,2,-1,-1
846,-1,362,92,12,17,0.68,2,-1,-1
847,-1,446,262,36,35,0.89,2,-1,-1
847,-1,365,160,20,19,0.86,2,-1,-1
847,-1,311,124,18,18,0.79,2,-1,-1
847,-1,355,114,15,15,0.73,2,-1,-1
847,-1,361,92,12,17,0.68,2,-1,-1
848,-1,440,252,36,34,0.88,2,-1,-1
848,-1,364,157,20,19,0.85,2,-1,-1
848,-1,312,126,16,18,0.78,2,-1,-1
848,-1,355,113,14,15,0.75,2,-1,-1
848,-1,361,91,12,16,0.54,2,-1,-1
849,-1,438,242,32,32,0.88,2,-1,-1
849,-1,365,154,18,18,0.84,2,-1,-1
849,-1,311,126,17,20,0.74,2,-1,-1
849,-1,354,111,15,15,0.67,2,-1,-1
849,-1,364,82,11,15,0.63,2,-1,-1
849,-1,360,95,10,11,0.26,2,-1,-1
850,-1,434,231,28,29,0.86,2,-1,-1
850,-1,364,150,19,18,0.84,2,-1,-1
850,-1,310,129,17,18,0.81,2,-1,-1
850,-1,354,111,14,14,0.70,2,-1,-1
850,-1,364,81,11,15,0.59,2,-1,-1
850,-1,360,94,10,12,0.41,2,-1,-1
851,-1,427,222,28,26,0.86,2,-1,-1
851,-1,363,148,18,18,0.83,2,-1,-1
851,-1,308,130,18,20,0.80,2,-1,-1
851,-1,364,81,11,15,0.64,2,-1,-1
851,-1,354,110,15,15,0.36,2,-1,-1
851,-1,359,95,10,10,0.22,2,-1,-1
852,-1,424,216,24,24,0.86,2,-1,-1
852,-1,362,146,17,17,0.83,2,-1,-1
852,-1,308,133,18,20,0.82,2,-1,-1
852,-1,365,81,10,15,0.74,2,-1,-1
852,-1,354,108,14,14,0.56,2,-1,-1
853,-1,420,207,24,23,0.87,2,-1,-1
853,-1,306,136,19,20,0.82,2,-1,-1
853,-1,361,142,18,17,0.82,2,-1,-1
853,-1,364,80,11,14,0.74,2,-1,-1
853,-1,354,107,14,14,0.44,2,-1,-1
853,-1,360,92,10,8,0.14,2,-1,-1
854,-1,417,202,24,22,0.86,2,-1,-1
854,-1,304,138,20,20,0.84,2,-1,-1
854,-1,361,140,18,18,0.81,2,-1,-1
854,-1,364,80,10,14,0.76,2,-1,-1
854,-1,354,107,14,14,0.51,2,-1,-1
854,-1,360,92,10,9,0.19,2,-1,-1
855,-1,412,194,24,21,0.85,2,-1,-1
855,-1,303,141,20,20,0.83,2,-1,-1
855,-1,362,138,16,16,0.83,2,-1,-1
855,-1,364,80,10,14,0.77,2,-1,-1
855,-1,353,103,14,15,0.62,2,-1,-1
855,-1,359,92,10,7,0.13,2,-1,-1
856,-1,411,190,22,20,0.84,2,-1,-1
856,-1,303,143,20,20,0.84,2,-1,-1
856,-1,361,136,16,16,0.83,2,-1,-1
856,-1,364,80,11,15,0.77,2,-1,-1
856,-1,353,104,14,14,0.58,2,-1,-1
856,-1,360,89,10,10,0.16,2,-1,-1
857,-1,302,148,20,20,0.85,2,-1,-1
857,-1,410,185,20,18,0.83,2,-1,-1
857,-1,360,135,16,15,0.83,2,-1,-1
857,-1,363,79,12,15,0.77,2,-1,-1
857,-1,354,102,13,14,0.15,2,-1,-1
858,-1,301,150,20,20,0.84,2,-1,-1
858,-1,406,179,20,19,0.84,2,-1,-1
858,-1,360,133,16,15,0.81,2,-1,-1
858,-1,362,79,12,15,0.75,2,-1,-1
858,-1,354,100,13,14,0.60,2,-1,-1
859,-1,299,154,21,20,0.85,2,-1,-1
859,-1,403,173,20,19,0.84,2,-1,-1
859,-1,360,132,15,14,0.81,2,-1,-1
859,-1,362,79,12,15,0.75,2,-1,-1
859,-1,354,100,13,14,0.58,2,-1,-1
860,-1,298,156,22,22,0.84,2,-1,-1
860,-1,401,169,20,19,0.84,2,-1,-1
860,-1,360,130,15,14,0.82,2,-1,-1
860,-1,362,79,12,14,0.74,2,-1,-1
860,-1,354,100,12,14,0.17,2,-1,-1
861,-1,296,160,23,22,0.85,2,-1,-1
861,-1,400,164,18,19,0.83,2,-1,-1
861,-1,358,126,16,16,0.81,2,-1,-1
861,-1,362,79,12,15,0.73,2,-1,-1
861,-1,354,99,12,13,0.49,2,-1,-1
862,-1,294,163,23,22,0.84,2,-1,-1
862,-1,398,161,20,18,0.84,2,-1,-1
862,-1,358,126,16,15,0.81,2,-1,-1
862,-1,362,79,12,14,0.73,2,-1,-1
862,-1,354,99,12,13,0.43,2,-1,-1
862,-1,355,85,10,10,0.13,2,-1,-1
863,-1,292,168,24,22,0.87,2,-1,-1
863,-1,396,156,20,18,0.83,2,-1,-1
863,-1,358,125,14,14,0.77,2,-1,-1
863,-1,362,78,12,14,0.76,2,-1,-1
863,-1,354,97,12,13,0.16,2,-1,-1
864,-1,290,171,25,24,0.85,2,-1,-1
864,-1,358,124,14,14,0.81,2,-1,-1
864,-1,395,155,18,17,0.81,2,-1,-1
864,-1,362,78,12,14,0.72,2,-1,-1
864,-1,353,98,12,12,0.61,2,-1,-1
865,-1,289,176,24,24,0.87,2,-1,-1
865,-1,392,151,20,16,0.80,2,-1,-1
865,-1,358,122,14,13,0.78,2,-1,-1
865,-1,362,78,12,14,0.72,2,-1,-1
865,-1,353,97,12,12,0.59,2,-1,-1
866,-1,287,181,25,24,0.85,2,-1,-1
866,-1,392,148,18,16,0.78,2,-1,-1
866,-1,362,77,11,14,0.75,2,-1,-1
866,-1,358,121,13,14,0.63,2,-1,-1
867,-1,284,187,26,26,0.86,2,-1,-1
867,-1,391,146,16,15,0.78,2,-1,-1
867,-1,362,77,11,13,0.74,2,-1,-1
867,-1,358,119,13,12,0.48,2,-1,-1
867,-1,354,94,12,12,0.23,2,-1,-1
868,-1,283,191,26,26,0.86,2,-1,-1
868,-1,390,143,16,16,0.81,2,-1,-1
868,-1,362,77,11,14,0.77,2,-1,-1
868,-1,356,117,14,14,0.62,2,-1,-1
868,-1,353,94,12,12,0.35,2,-1,-1
869,-1,279,197,28,28,0.87,2,-1,-1
869,-1,388,140,16,16,0.81,2,-1,-1
869,-1,362,76,11,14,0.77,2,-1,-1
869,-1,356,116,14,13,0.72,2,-1,-1
869,-1,354,94,11,11,0.29,2,-1,-1
870,-1,276,203,29,30,0.88,2,-1,-1
870,-1,388,138,16,16,0.80,2,-1,-1
870,-1,362,76,11,14,0.77,2,-1,-1
870,-1,356,115,14,13,0.76,2,-1,-1
871,-1,272,211,31,32,0.87,2,-1,-1
871,-1,356,114,14,13,0.74,2,-1,-1
871,-1,362,76,11,14,0.73,2,-1,-1
871,-1,386,135,16,15,0.71,2,-1,-1
871,-1,354,92,10,12,0.37,2,-1,-1
872,-1,268,217,33,33,0.88,2,-1,-1
872,-1,362,76,10,14,0.75,2,-1,-1
872,-1,356,113,14,14,0.74,2,-1,-1
872,-1,386,134,16,16,0.68,2,-1,-1
872,-1,354,92,10,11,0.31,2,-1,-1
873,-1,262,227,36,36,0.90,2,-1,-1
873,-1,384,131,16,15,0.77,2,-1,-1
873,-1,362,76,11,14,0.74,2,-1,-1
873,-1,356,112,13,13,0.50,2,-1,-1
873,-1,354,91,10,11,0.36,2,-1,-1
874,-1,259,235,38,38,0.89,2,-1,-1
874,-1,362,76,10,13,0.75,2,-1,-1
874,-1,384,130,16,15,0.68,2,-1,-1
874,-1,356,110,13,14,0.45,2,-1,-1
874,-1,354,90,10,11,0.21,2,-1,-1
875,-1,253,248,40,41,0.90,2,-1,-1
875,-1,361,76,11,13,0.73,2,-1,-1
875,-1,384,127,14,15,0.67,2,-1,-1
875,-1,354,85,9,10,0.16,2,-1,-1
876,-1,248,258,42,44,0.89,2,-1,-1
876,-1,383,125,14,14,0.71,2,-1,-1
876,-1,361,76,10,13,0.67,2,-1,-1
876,-1,353,86,10,14,0.56,2,-1,-1
876,-1,355,108,12,13,0.37,2,-1,-1
877,-1,240,274,46,49,0.88,2,-1,-1
877,-1,381,123,14,14,0.71,2,-1,-1
877,-1,361,76,10,13,0.66,2,-1,-1
877,-1,353,85,10,14,0.61,2,-1,-1
877,-1,355,107,12,12,0.46,2,-1,-1
878,-1,234,288,48,52,0.90,2,-1,-1
878,-1,361,75,10,13,0.65,2,-1,-1
878,-1,353,85,11,14,0.47,2,-1,-1
878,-1,355,107,12,12,0.46,2,-1,-1
878,-1,381,122,14,14,0.37,2,-1,-1
879,-1,221,309,56,59,0.90,2,-1,-1
879,-1,361,75,10,13,0.65,2,-1,-1
879,-1,355,105,12,12,0.58,2,-1,-1
879,-1,353,83,10,13,0.42,2,-1,-1
879,-1,381,120,14,14,0.19,2,-1,-1
880,-1,213,326,60,63,0.91,2,-1,-1
880,-1,361,75,10,12,0.65,2,-1,-1
880,-1,381,119,14,14,0.65,2,-1,-1
880,-1,355,105,12,12,0.58,2,-1,-1
880,-1,352,83,10,12,0.31,2,-1,-1
881,-1,199,354,66,75,0.92,2,-1,-1
881,-1,360,74,10,13,0.68,2,-1,-1
881,-1,380,118,14,14,0.23,2,-1,-1
882,-1,188,376,71,84,0.93,2,-1,-1
882,-1,360,74,10,13,0.68,2,-1,-1
883,-1,167,419,82,98,0.93,2,-1,-1
883,-1,379,113,12,14,0.72,2,-1,-1
883,-1,360,74,10,12,0.57,2,-1,-1
883,-1,352,81,10,12,0.32,2,-1,-1
884,-1,148,451,95,88,0.92,2,-1,-1
884,-1,360,74,10,12,0.56,2,-1,-1
884,-1,352,81,10,12,0.32,2,-1,-1
885,-1,377,110,13,14,0.64,2,-1,-1
885,-1,360,74,10,13,0.58,2,-1,-1
885,-1,352,82,10,12,0.25,2,-1,-1
886,-1,376,110,14,14,0.64,2,-1,-1
886,-1,360,74,10,12,0.62,2,-1,-1
886,-1,352,83,10,11,0.28,2,-1,-1
886,-1,354,100,12,12,0.12,2,-1,-1
887,-1,360,73,10,12,0.61,2,-1,-1
887,-1,352,82,10,10,0.16,2,-1,-1
888,-1,360,73,10,12,0.62,2,-1,-1
888,-1,352,82,9,10,0.20,2,-1,-1
889,-1,360,73,10,12,0.62,2,-1,-1
889,-1,375,108,12,13,0.49,2,-1,-1
889,-1,351,81,10,11,0.32,2,-1,-1
890,-1,360,73,10,12,0.60,2,-1,-1
890,-1,352,81,9,10,0.16,2,-1,-1
891,-1,360,73,10,12,0.60,2,-1,-1
891,-1,376,106,10,12,0.54,2,-1,-1
891,-1,352,82,9,9,0.16,2,-1,-1
892,-1,360,73,10,12,0.60,2,-1,-1
892,-1,376,105,10,12,0.58,2,-1,-1
892,-1,352,81,9,10,0.17,2,-1,-1
893,-1,360,72,10,13,0.60,2,-1,-1
893,-1,352,80,9,10,0.10,2,-1,-1
894,-1,360,72,10,13,0.59,2,-1,-1
894,-1,351,77,9,11,0.16,2,-1,-1
895,-1,360,72,10,13,0.59,2,-1,-1
895,-1,351,77,9,10,0.16,2,-1,-1
896,-1,360,72,10,13,0.60,2,-1,-1
896,-1,351,77,9,10,0.14,2,-1,-1
897,-1,360,72,10,13,0.59,2,-1,-1
897,-1,352,77,8,10,0.11,2,-1,-1
898,-1,360,72,10,12,0.63,2,-1,-1
898,-1,352,76,8,9,0.11,2,-1,-1
899,-1,360,72,9,12,0.59,2,-1,-1
900,-1,360,72,9,12,0.59,2,-1,-1
