1,-1,214,383,63,80,0.93,2,-1,-1
1,-1,428,197,80,109,0.93,7,-1,-1
1,-1,384,257,40,44,0.90,2,-1,-1
1,-1,224,228,32,38,0.89,2,-1,-1
1,-1,304,147,16,16,0.86,2,-1,-1
1,-1,367,186,24,23,0.85,2,-1,-1
1,-1,349,96,10,15,0.81,7,-1,-1
2,-1,198,423,72,94,0.93,2,-1,-1
2,-1,424,193,76,102,0.93,7,-1,-1
2,-1,218,238,35,40,0.90,2,-1,-1
2,-1,382,246,38,40,0.89,2,-1,-1
2,-1,366,179,22,24,0.88,2,-1,-1
2,-1,304,150,15,16,0.85,2,-1,-1
2,-1,349,98,10,13,0.44,7,-1,-1
3,-1,422,190,75,100,0.92,7,-1,-1
3,-1,214,245,36,41,0.90,2,-1,-1
3,-1,379,238,36,38,0.89,2,-1,-1
3,-1,366,178,22,21,0.87,2,-1,-1
3,-1,303,151,16,16,0.86,2,-1,-1
3,-1,349,97,10,14,0.64,7,-1,-1
4,-1,419,186,73,95,0.92,7,-1,-1
4,-1,207,254,39,45,0.90,2,-1,-1
4,-1,376,228,33,36,0.88,2,-1,-1
4,-1,365,175,21,20,0.88,2,-1,-1
4,-1,303,152,16,16,0.87,2,-1,-1
4,-1,349,97,10,14,0.65,7,-1,-1
5,-1,418,184,69,92,0.93,7,-1,-1
5,-1,201,261,42,48,0.91,2,-1,-1
5,-1,375,223,32,35,0.89,2,-1,-1
5,-1,302,154,16,17,0.88,2,-1,-1
5,-1,364,174,21,18,0.87,2,-1,-1
5,-1,348,97,11,14,0.67,7,-1,-1
6,-1,192,274,44,52,0.92,2,-1,-1
6,-1,415,180,64,88,0.92,7,-1,-1
6,-1,372,215,31,33,0.88,2,-1,-1
6,-1,301,156,16,18,0.87,2,-1,-1
6,-1,363,170,20,18,0.85,2,-1,-1
6,-1,348,97,11,14,0.67,7,-1,-1
7,-1,186,282,46,55,0.92,2,-1,-1
7,-1,413,177,63,86,0.91,7,-1,-1
7,-1,371,210,30,32,0.89,2,-1,-1
7,-1,300,158,17,17,0.88,2,-1,-1
7,-1,362,166,20,20,0.86,2,-1,-1
7,-1,348,97,10,14,0.66,7,-1,-1
8,-1,176,298,49,60,0.92,2,-1,-1
8,-1,412,174,58,82,0.91,7,-1,-1
8,-1,370,204,28,30,0.90,2,-1,-1
8,-1,299,161,17,18,0.88,2,-1,-1
8,-1,362,162,20,20,0.88,2,-1,-1
8,-1,348,97,11,13,0.61,7,-1,-1
9,-1,168,307,52,67,0.92,2,-1,-1
9,-1,410,172,57,80,0.91,7,-1,-1
9,-1,298,163,18,18,0.89,2,-1,-1
9,-1,368,200,27,28,0.88,2,-1,-1
9,-1,361,160,19,19,0.85,2,-1,-1
9,-1,348,96,10,14,0.78,7,-1,-1
10,-1,154,327,56,74,0.92,2,-1,-1
10,-1,407,170,56,76,0.92,7,-1,-1
10,-1,296,165,19,20,0.88,2,-1,-1
10,-1,367,194,26,27,0.88,2,-1,-1
10,-1,360,159,18,18,0.86,2,-1,-1
10,-1,348,96,10,14,0.78,7,-1,-1
11,-1,144,342,61,80,0.92,2,-1,-1
11,-1,406,168,54,74,0.92,7,-1,-1
11,-1,296,167,19,19,0.87,2,-1,-1
11,-1,366,191,26,26,0.87,2,-1,-1
11,-1,359,158,18,16,0.86,2,-1,-1
11,-1,348,96,10,14,0.78,7,-1,-1
12,-1,404,165,54,72,0.92,7,-1,-1
12,-1,126,366,66,92,0.92,2,-1,-1
12,-1,364,187,24,24,0.89,2,-1,-1
12,-1,294,170,20,20,0.88,2,-1,-1
12,-1,358,157,18,15,0.85,2,-1,-1
12,-1,348,95,10,14,0.75,7,-1,-1
13,-1,112,386,72,100,0.93,2,-1,-1
13,-1,402,163,52,70,0.92,7,-1,-1
13,-1,294,173,19,20,0.88,2,-1,-1
13,-1,364,182,24,26,0.88,2,-1,-1
13,-1,358,154,18,15,0.87,2,-1,-1
13,-1,347,95,10,14,0.64,7,-1,-1
14,-1,87,421,82,114,0.93,2,-1,-1
14,-1,400,161,51,68,0.93,7,-1,-1
14,-1,363,179,23,24,0.90,2,-1,-1
14,-1,292,176,20,22,0.87,2,-1,-1
14,-1,357,153,17,14,0.87,2,-1,-1
14,-1,346,95,10,14,0.60,7,-1,-1
15,-1,400,160,50,66,0.93,7,-1,-1
15,-1,291,178,20,22,0.89,2,-1,-1
15,-1,363,176,22,22,0.88,2,-1,-1
15,-1,356,152,17,14,0.86,2,-1,-1
15,-1,346,95,10,14,0.60,7,-1,-1
16,-1,398,158,48,64,0.92,7,-1,-1
16,-1,361,172,22,23,0.87,2,-1,-1
16,-1,290,182,22,23,0.86,2,-1,-1
16,-1,355,149,16,14,0.84,2,-1,-1
16,-1,346,94,10,14,0.67,7,-1,-1
17,-1,397,156,48,63,0.91,7,-1,-1
17,-1,288,185,23,23,0.88,2,-1,-1
17,-1,360,170,21,22,0.87,2,-1,-1
17,-1,356,148,16,14,0.86,2,-1,-1
17,-1,346,94,10,14,0.58,7,-1,-1
18,-1,396,154,47,61,0.91,7,-1,-1
18,-1,286,190,23,24,0.87,2,-1,-1
18,-1,360,167,20,21,0.86,2,-1,-1
18,-1,355,146,15,14,0.85,2,-1,-1
18,-1,346,94,10,14,0.58,7,-1,-1
19,-1,395,153,46,60,0.91,7,-1,-1
19,-1,285,193,24,24,0.90,2,-1,-1
19,-1,359,164,20,21,0.87,2,-1,-1
19,-1,354,145,15,14,0.86,2,-1,-1
19,-1,345,94,10,13,0.62,7,-1,-1
20,-1,394,151,42,57,0.91,7,-1,-1
20,-1,282,198,26,26,0.89,2,-1,-1
20,-1,358,159,20,23,0.87,2,-1,-1
20,-1,354,142,15,14,0.84,2,-1,-1
20,-1,345,94,10,13,0.57,7,-1,-1
21,-1,392,150,41,56,0.91,7,-1,-1
21,-1,281,201,26,26,0.90,2,-1,-1
21,-1,357,158,20,21,0.84,2,-1,-1
21,-1,354,142,15,14,0.83,2,-1,-1
21,-1,345,94,10,13,0.54,7,-1,-1
22,-1,392,148,40,55,0.90,7,-1,-1
22,-1,280,207,26,28,0.89,2,-1,-1
22,-1,356,157,20,19,0.85,2,-1,-1
22,-1,353,140,14,12,0.83,2,-1,-1
22,-1,344,93,9,13,0.69,7,-1,-1
23,-1,390,147,39,54,0.91,7,-1,-1
23,-1,278,212,26,29,0.89,2,-1,-1
23,-1,356,156,19,18,0.84,2,-1,-1
23,-1,352,139,14,13,0.83,2,-1,-1
23,-1,344,93,9,13,0.69,7,-1,-1
24,-1,389,146,38,52,0.91,7,-1,-1
24,-1,275,218,29,31,0.89,2,-1,-1
24,-1,355,152,19,19,0.85,2,-1,-1
24,-1,352,137,14,12,0.84,2,-1,-1
24,-1,344,93,9,13,0.67,7,-1,-1
25,-1,388,145,38,51,0.91,7,-1,-1
25,-1,272,223,31,33,0.89,2,-1,-1
25,-1,354,150,19,19,0.85,2,-1,-1
25,-1,352,136,14,12,0.85,2,-1,-1
25,-1,344,93,9,13,0.71,7,-1,-1
26,-1,387,143,36,50,0.91,7,-1,-1
26,-1,270,231,32,35,0.90,2,-1,-1
26,-1,354,148,18,18,0.85,2,-1,-1
26,-1,352,135,13,12,0.85,2,-1,-1
26,-1,343,93,9,13,0.66,7,-1,-1
27,-1,268,236,32,38,0.90,2,-1,-1
27,-1,386,142,36,50,0.90,7,-1,-1
27,-1,352,134,13,12,0.85,2,-1,-1
27,-1,354,147,17,18,0.85,2,-1,-1
27,-1,342,93,9,12,0.56,7,-1,-1
28,-1,385,140,36,48,0.90,7,-1,-1
28,-1,264,245,34,41,0.90,2,-1,-1
28,-1,352,144,17,20,0.83,2,-1,-1
28,-1,351,133,13,12,0.81,2,-1,-1
28,-1,342,93,8,12,0.58,7,-1,-1
29,-1,384,139,36,48,0.91,7,-1,-1
29,-1,261,253,36,42,0.90,2,-1,-1
29,-1,352,142,16,18,0.83,2,-1,-1
29,-1,351,133,12,11,0.82,2,-1,-1
29,-1,342,93,8,12,0.57,7,-1,-1
30,-1,255,266,40,46,0.91,2,-1,-1
30,-1,384,138,34,47,0.90,7,-1,-1
30,-1,352,140,16,18,0.83,2,-1,-1
30,-1,351,132,12,11,0.77,2,-1,-1
30,-1,342,92,8,12,0.54,7,-1,-1
31,-1,252,274,41,49,0.92,2,-1,-1
31,-1,383,137,34,46,0.91,7,-1,-1
31,-1,352,138,16,19,0.83,2,-1,-1
31,-1,342,92,8,12,0.54,7,-1,-1
32,-1,248,289,43,54,0.92,2,-1,-1
32,-1,382,136,33,45,0.90,7,-1,-1
32,-1,351,136,16,19,0.81,2,-1,-1
32,-1,342,92,8,12,0.40,7,-1,-1
33,-1,243,300,45,57,0.91,2,-1,-1
33,-1,382,136,32,44,0.91,7,-1,-1
33,-1,351,135,16,19,0.84,2,-1,-1
33,-1,341,92,8,11,0.19,7,-1,-1
34,-1,235,320,50,63,0.93,2,-1,-1
34,-1,380,135,32,43,0.90,7,-1,-1
34,-1,351,134,15,19,0.83,2,-1,-1
34,-1,341,92,8,12,0.21,7,-1,-1
35,-1,228,334,54,69,0.94,2,-1,-1
35,-1,380,134,32,42,0.89,7,-1,-1
35,-1,350,130,15,20,0.84,2,-1,-1
35,-1,341,91,8,12,0.16,7,-1,-1
36,-1,220,360,58,78,0.92,2,-1,-1
36,-1,379,133,32,42,0.89,7,-1,-1
36,-1,350,129,15,20,0.87,2,-1,-1
36,-1,341,91,8,12,0.17,7,-1,-1
37,-1,213,380,61,84,0.92,2,-1,-1
37,-1,378,132,31,42,0.89,7,-1,-1
37,-1,350,129,15,19,0.88,2,-1,-1
38,-1,200,414,69,99,0.92,2,-1,-1
38,-1,378,131,30,40,0.89,7,-1,-1
38,-1,349,128,15,18,0.89,2,-1,-1
39,-1,378,131,30,40,0.90,7,-1,-1
39,-1,349,127,14,18,0.89,2,-1,-1
40,-1,377,130,29,40,0.90,7,-1,-1
40,-1,348,126,14,18,0.88,2,-1,-1
41,-1,376,129,29,38,0.89,7,-1,-1
41,-1,348,126,14,18,0.88,2,-1,-1
42,-1,376,128,28,38,0.88,7,-1,-1
42,-1,348,124,14,18,0.87,2,-1,-1
42,-1,305,108,12,13,0.30,2,-1,-1
43,-1,376,128,27,38,0.88,7,-1,-1
43,-1,348,124,13,17,0.87,2,-1,-1
43,-1,305,107,12,13,0.28,2,-1,-1
44,-1,375,127,26,37,0.87,7,-1,-1
44,-1,348,124,13,16,0.86,2,-1,-1
44,-1,305,107,12,13,0.28,2,-1,-1
45,-1,374,126,27,37,0.87,7,-1,-1
45,-1,348,123,13,17,0.85,2,-1,-1
45,-1,304,107,12,14,0.29,2,-1,-1
46,-1,374,125,26,36,0.87,7,-1,-1
46,-1,348,122,12,15,0.85,2,-1,-1
46,-1,305,107,12,14,0.30,2,-1,-1
47,-1,373,125,26,36,0.87,7,-1,-1
47,-1,348,122,12,16,0.85,2,-1,-1
47,-1,304,108,12,14,0.33,2,-1,-1
48,-1,372,124,26,36,0.89,7,-1,-1
48,-1,347,121,12,14,0.84,2,-1,-1
48,-1,304,108,12,14,0.28,2,-1,-1
49,-1,372,124,26,34,0.89,7,-1,-1
49,-1,347,121,12,14,0.84,2,-1,-1
49,-1,305,107,12,16,0.46,2,-1,-1
50,-1,372,123,25,34,0.90,7,-1,-1
50,-1,346,121,12,14,0.83,2,-1,-1
50,-1,304,107,13,16,0.46,2,-1,-1
51,-1,371,122,25,34,0.89,7,-1,-1
51,-1,346,120,12,14,0.82,2,-1,-1
51,-1,304,108,13,16,0.41,2,-1,-1
52,-1,370,122,24,32,0.88,7,-1,-1
52,-1,346,120,12,14,0.81,2,-1,-1
52,-1,304,108,13,17,0.47,7,-1,-1
53,-1,370,122,24,33,0.88,7,-1,-1
53,-1,346,119,12,13,0.82,2,-1,-1
53,-1,304,108,13,17,0.46,7,-1,-1
54,-1,370,121,24,33,0.87,7,-1,-1
54,-1,346,118,11,13,0.82,2,-1,-1
54,-1,303,109,13,16,0.60,2,-1,-1
55,-1,369,120,24,32,0.87,7,-1,-1
55,-1,346,119,11,12,0.82,2,-1,-1
55,-1,303,111,13,15,0.66,2,-1,-1
56,-1,369,120,23,32,0.86,7,-1,-1
56,-1,345,118,11,12,0.83,2,-1,-1
56,-1,303,110,13,15,0.66,2,-1,-1
57,-1,368,120,22,32,0.86,7,-1,-1
57,-1,345,118,11,12,0.81,2,-1,-1
57,-1,302,110,13,16,0.56,2,-1,-1
58,-1,368,118,22,32,0.87,7,-1,-1
58,-1,345,118,11,12,0.81,2,-1,-1
58,-1,302,110,14,18,0.53,7,-1,-1
59,-1,368,118,22,31,0.88,7,-1,-1
59,-1,345,117,10,13,0.81,2,-1,-1
59,-1,302,110,14,18,0.53,7,-1,-1
60,-1,367,118,22,30,0.89,7,-1,-1
60,-1,344,116,10,12,0.71,2,-1,-1
60,-1,301,112,14,16,0.47,2,-1,-1
61,-1,367,118,21,30,0.88,7,-1,-1
61,-1,301,112,14,16,0.57,7,-1,-1
61,-1,345,116,10,12,0.39,2,-1,-1
62,-1,366,116,21,30,0.88,7,-1,-1
62,-1,300,112,15,17,0.67,7,-1,-1
62,-1,344,115,10,12,0.55,2,-1,-1
63,-1,366,116,21,30,0.88,7,-1,-1
63,-1,300,112,15,17,0.65,7,-1,-1
63,-1,344,114,10,12,0.48,2,-1,-1
64,-1,366,116,21,30,0.88,7,-1,-1
64,-1,300,112,15,18,0.79,7,-1,-1
64,-1,344,114,10,12,0.51,2,-1,-1
65,-1,365,116,20,29,0.88,7,-1,-1
65,-1,300,112,15,18,0.72,7,-1,-1
65,-1,344,114,10,12,0.49,2,-1,-1
66,-1,364,115,21,30,0.88,7,-1,-1
66,-1,299,112,16,19,0.82,7,-1,-1
66,-1,344,114,9,12,0.58,2,-1,-1
67,-1,364,115,21,28,0.87,7,-1,-1
67,-1,299,112,15,19,0.82,7,-1,-1
67,-1,344,112,10,11,0.56,2,-1,-1
68,-1,364,114,20,29,0.88,7,-1,-1
68,-1,298,112,16,20,0.84,7,-1,-1
68,-1,344,112,10,11,0.57,2,-1,-1
69,-1,364,114,20,28,0.88,7,-1,-1
69,-1,298,112,16,20,0.84,7,-1,-1
69,-1,344,112,9,12,0.59,2,-1,-1
70,-1,364,114,20,28,0.88,7,-1,-1
70,-1,298,112,16,21,0.85,7,-1,-1
70,-1,344,112,9,11,0.63,2,-1,-1
71,-1,364,113,20,28,0.88,7,-1,-1
71,-1,297,113,16,21,0.86,7,-1,-1
71,-1,344,112,9,10,0.58,2,-1,-1
72,-1,363,112,20,27,0.87,7,-1,-1
72,-1,296,114,16,21,0.85,7,-1,-1
72,-1,344,111,9,10,0.55,2,-1,-1
73,-1,362,112,20,27,0.86,7,-1,-1
73,-1,296,113,16,22,0.85,7,-1,-1
73,-1,344,112,8,9,0.60,2,-1,-1
74,-1,362,112,19,27,0.87,7,-1,-1
74,-1,296,114,17,21,0.86,7,-1,-1
74,-1,344,111,8,8,0.59,2,-1,-1
75,-1,362,111,19,27,0.87,7,-1,-1
75,-1,295,114,17,22,0.86,7,-1,-1
75,-1,343,111,8,8,0.48,2,-1,-1
76,-1,362,112,18,25,0.87,7,-1,-1
76,-1,295,114,17,22,0.86,7,-1,-1
76,-1,343,111,8,8,0.37,2,-1,-1
77,-1,362,112,18,25,0.87,7,-1,-1
77,-1,294,114,18,23,0.87,7,-1,-1
77,-1,343,111,8,8,0.38,2,-1,-1
78,-1,294,116,18,23,0.87,7,-1,-1
78,-1,361,112,18,24,0.86,7,-1,-1
78,-1,343,111,8,8,0.18,2,-1,-1
79,-1,294,115,18,24,0.87,7,-1,-1
79,-1,361,112,18,24,0.86,7,-1,-1
79,-1,343,110,8,8,0.16,2,-1,-1
80,-1,294,116,18,24,0.87,7,-1,-1
80,-1,361,111,17,24,0.85,7,-1,-1
80,-1,342,110,8,9,0.22,2,-1,-1
81,-1,294,116,17,24,0.87,7,-1,-1
81,-1,361,111,17,23,0.84,7,-1,-1
81,-1,342,110,8,8,0.21,2,-1,-1
82,-1,293,119,18,23,0.87,7,-1,-1
82,-1,360,110,16,23,0.86,7,-1,-1
83,-1,292,119,18,23,0.87,7,-1,-1
83,-1,360,110,16,23,0.85,7,-1,-1
84,-1,292,119,18,24,0.87,7,-1,-1
84,-1,360,110,16,23,0.85,7,-1,-1
85,-1,292,119,18,24,0.87,7,-1,-1
85,-1,360,110,16,23,0.85,7,-1,-1
86,-1,291,120,18,24,0.87,7,-1,-1
86,-1,360,110,17,23,0.84,7,-1,-1
87,-1,290,121,19,24,0.88,7,-1,-1
87,-1,360,110,16,22,0.83,7,-1,-1
88,-1,290,121,19,24,0.88,7,-1,-1
88,-1,360,110,16,22,0.83,7,-1,-1
89,-1,289,121,20,26,0.88,7,-1,-1
89,-1,359,109,16,22,0.85,7,-1,-1
90,-1,289,122,19,26,0.88,7,-1,-1
90,-1,359,108,16,23,0.86,7,-1,-1
91,-1,288,123,20,25,0.88,7,-1,-1
91,-1,359,108,16,22,0.86,7,-1,-1
92,-1,288,123,20,26,0.88,7,-1,-1
92,-1,359,108,15,22,0.86,7,-1,-1
93,-1,288,124,20,26,0.88,7,-1,-1
93,-1,358,108,15,21,0.87,7,-1,-1
94,-1,287,125,20,26,0.87,7,-1,-1
94,-1,358,108,15,22,0.87,7,-1,-1
95,-1,286,125,22,27,0.88,7,-1,-1
95,-1,358,107,15,21,0.87,7,-1,-1
96,-1,358,106,16,22,0.88,7,-1,-1
96,-1,285,126,22,28,0.88,7,-1,-1
97,-1,357,106,15,22,0.89,7,-1,-1
97,-1,284,126,22,28,0.88,7,-1,-1
98,-1,357,106,15,22,0.89,7,-1,-1
98,-1,284,126,23,28,0.88,7,-1,-1
99,-1,357,106,15,21,0.89,7,-1,-1
99,-1,283,128,23,28,0.88,7,-1,-1
100,-1,357,106,15,21,0.89,7,-1,-1
100,-1,282,127,24,30,0.87,7,-1,-1
101,-1,356,106,15,21,0.88,7,-1,-1
101,-1,282,127,24,32,0.86,7,-1,-1
102,-1,356,106,14,21,0.87,7,-1,-1
102,-1,281,128,24,32,0.87,7,-1,-1
103,-1,280,129,24,32,0.86,7,-1,-1
103,-1,356,105,15,21,0.86,7,-1,-1
104,-1,279,129,25,34,0.87,7,-1,-1
104,-1,356,105,15,21,0.86,7,-1,-1
105,-1,278,128,25,36,0.87,7,-1,-1
105,-1,355,105,14,20,0.84,7,-1,-1
106,-1,277,132,26,33,0.88,7,-1,-1
106,-1,355,105,14,20,0.84,7,-1,-1
107,-1,276,133,26,34,0.89,7,-1,-1
107,-1,354,105,14,19,0.83,7,-1,-1
108,-1,276,134,26,34,0.88,7,-1,-1
108,-1,354,105,14,19,0.82,7,-1,-1
109,-1,275,135,26,34,0.88,7,-1,-1
109,-1,354,104,14,19,0.80,7,-1,-1
110,-1,274,137,27,34,0.88,7,-1,-1
110,-1,354,104,14,19,0.80,7,-1,-1
111,-1,272,137,28,36,0.88,7,-1,-1
111,-1,354,104,14,19,0.78,7,-1,-1
112,-1,272,138,28,37,0.88,7,-1,-1
112,-1,354,103,13,19,0.79,7,-1,-1
113,-1,270,140,28,37,0.89,7,-1,-1
113,-1,354,103,13,19,0.79,7,-1,-1
114,-1,269,140,30,38,0.90,7,-1,-1
114,-1,354,103,13,19,0.79,7,-1,-1
115,-1,268,141,30,40,0.89,7,-1,-1
115,-1,354,103,13,18,0.80,7,-1,-1
116,-1,267,142,30,41,0.88,7,-1,-1
116,-1,353,102,14,19,0.82,7,-1,-1
117,-1,265,144,31,41,0.89,7,-1,-1
117,-1,353,102,14,19,0.82,7,-1,-1
118,-1,264,146,32,42,0.90,7,-1,-1
118,-1,353,102,13,18,0.81,7,-1,-1
119,-1,262,146,33,43,0.90,7,-1,-1
119,-1,353,102,13,18,0.80,7,-1,-1
120,-1,262,146,34,45,0.89,7,-1,-1
120,-1,353,102,13,18,0.80,7,-1,-1
121,-1,260,150,34,44,0.89,7,-1,-1
121,-1,353,102,12,18,0.80,7,-1,-1
122,-1,258,149,36,48,0.89,7,-1,-1
122,-1,353,102,12,18,0.80,7,-1,-1
123,-1,256,150,38,49,0.90,7,-1,-1
123,-1,352,101,12,18,0.81,7,-1,-1
124,-1,255,154,38,47,0.90,7,-1,-1
124,-1,352,101,12,18,0.79,7,-1,-1
125,-1,252,155,38,51,0.90,7,-1,-1
125,-1,352,101,12,18,0.79,7,-1,-1
126,-1,250,156,40,51,0.90,7,-1,-1
126,-1,352,101,12,17,0.80,7,-1,-1
127,-1,248,158,42,54,0.90,7,-1,-1
127,-1,352,100,12,17,0.79,7,-1,-1
128,-1,246,160,42,55,0.90,7,-1,-1
128,-1,352,100,12,18,0.80,7,-1,-1
129,-1,537,382,77,96,0.92,2,-1,-1
129,-1,244,163,44,56,0.91,7,-1,-1
129,-1,352,100,12,18,0.79,7,-1,-1
130,-1,525,364,74,88,0.91,2,-1,-1
130,-1,241,164,44,58,0.90,7,-1,-1
130,-1,352,100,12,18,0.79,7,-1,-1
131,-1,239,166,46,61,0.92,7,-1,-1
131,-1,512,341,65,80,0.91,2,-1,-1
131,-1,352,100,12,18,0.79,7,-1,-1
132,-1,236,167,48,64,0.92,7,-1,-1
132,-1,502,327,61,76,0.91,2,-1,-1
132,-1,352,100,12,18,0.79,7,-1,-1
133,-1,231,170,51,66,0.91,7,-1,-1
133,-1,491,308,56,70,0.91,2,-1,-1
133,-1,352,99,12,18,0.77,7,-1,-1
133,-1,306,107,11,13,0.46,2,-1,-1
134,-1,484,298,53,65,0.92,2,-1,-1
134,-1,229,173,53,68,0.91,7,-1,-1
134,-1,352,99,11,18,0.76,7,-1,-1
134,-1,306,107,11,13,0.45,2,-1,-1
135,-1,224,174,55,73,0.91,7,-1,-1
135,-1,474,283,50,60,0.91,2,-1,-1
135,-1,352,99,11,18,0.75,7,-1,-1
135,-1,306,108,12,14,0.50,2,-1,-1
136,-1,222,176,56,74,0.91,7,-1,-1
136,-1,468,274,48,57,0.90,2,-1,-1
136,-1,352,99,11,17,0.78,7,-1,-1
136,-1,306,109,11,13,0.62,2,-1,-1
137,-1,218,181,58,78,0.92,7,-1,-1
137,-1,461,262,43,53,0.89,2,-1,-1
137,-1,352,98,11,17,0.76,7,-1,-1
137,-1,306,108,11,14,0.51,2,-1,-1
138,-1,215,183,60,80,0.92,7,-1,-1
138,-1,456,254,41,50,0.89,2,-1,-1
138,-1,352,98,11,18,0.76,7,-1,-1
138,-1,306,108,11,14,0.51,2,-1,-1
139,-1,210,187,63,84,0.92,7,-1,-1
139,-1,449,244,40,48,0.90,2,-1,-1
139,-1,351,98,11,17,0.72,7,-1,-1
139,-1,305,109,11,13,0.32,2,-1,-1
140,-1,206,189,65,90,0.92,7,-1,-1
140,-1,446,239,38,45,0.90,2,-1,-1
140,-1,351,98,11,17,0.69,7,-1,-1
140,-1,305,109,11,13,0.32,2,-1,-1
141,-1,200,194,70,94,0.92,7,-1,-1
141,-1,440,230,36,42,0.88,2,-1,-1
141,-1,351,98,10,16,0.71,7,-1,-1
141,-1,305,109,11,13,0.57,2,-1,-1
142,-1,196,196,72,99,0.93,7,-1,-1
142,-1,437,225,34,41,0.89,2,-1,-1
142,-1,351,98,10,16,0.70,7,-1,-1
142,-1,305,109,11,13,0.51,2,-1,-1
143,-1,189,201,75,104,0.93,7,-1,-1
143,-1,432,218,32,39,0.89,2,-1,-1
143,-1,351,98,10,16,0.74,7,-1,-1
143,-1,304,109,11,14,0.44,2,-1,-1
144,-1,185,202,78,112,0.94,7,-1,-1
144,-1,430,214,31,38,0.88,2,-1,-1
144,-1,351,98,10,16,0.74,7,-1,-1
144,-1,304,109,11,14,0.48,2,-1,-1
145,-1,176,209,83,118,0.93,7,-1,-1
145,-1,426,207,29,37,0.88,2,-1,-1
145,-1,350,97,10,16,0.74,7,-1,-1
145,-1,304,109,12,15,0.29,7,-1,-1
146,-1,171,212,86,124,0.92,7,-1,-1
146,-1,424,203,28,36,0.88,2,-1,-1
146,-1,350,97,10,16,0.73,7,-1,-1
146,-1,304,109,11,16,0.49,7,-1,-1
147,-1,160,215,94,138,0.92,7,-1,-1
147,-1,420,199,27,33,0.87,2,-1,-1
147,-1,350,97,10,16,0.73,7,-1,-1
147,-1,304,109,11,16,0.48,7,-1,-1
148,-1,153,224,99,140,0.92,7,-1,-1
148,-1,417,196,27,32,0.88,2,-1,-1
148,-1,350,97,10,16,0.70,7,-1,-1
148,-1,304,110,11,15,0.37,7,-1,-1
149,-1,141,234,107,150,0.93,7,-1,-1
149,-1,414,191,26,31,0.86,2,-1,-1
149,-1,350,97,10,15,0.66,7,-1,-1
149,-1,304,112,11,15,0.55,2,-1,-1
150,-1,134,239,110,160,0.93,7,-1,-1
150,-1,412,188,26,30,0.88,2,-1,-1
150,-1,350,97,10,15,0.68,7,-1,-1
150,-1,304,112,11,15,0.56,2,-1,-1
151,-1,120,248,120,175,0.93,7,-1,-1
151,-1,409,185,24,29,0.87,2,-1,-1
151,-1,350,97,10,15,0.72,7,-1,-1
151,-1,304,114,11,14,0.66,2,-1,-1
152,-1,108,254,129,187,0.92,7,-1,-1
152,-1,408,182,24,28,0.87,2,-1,-1
152,-1,304,114,11,13,0.76,2,-1,-1
152,-1,350,97,10,15,0.71,7,-1,-1
153,-1,88,266,142,206,0.92,7,-1,-1
153,-1,405,178,22,28,0.88,2,-1,-1
153,-1,302,115,11,13,0.78,2,-1,-1
153,-1,350,97,10,15,0.75,7,-1,-1
154,-1,69,278,156,232,0.89,7,-1,-1
154,-1,402,175,22,26,0.87,2,-1,-1
154,-1,302,114,12,14,0.77,2,-1,-1
154,-1,350,97,10,16,0.74,7,-1,-1
155,-1,52,286,168,247,0.89,7,-1,-1
155,-1,402,173,21,26,0.86,2,-1,-1
155,-1,350,97,10,16,0.74,7,-1,-1
155,-1,301,113,12,16,0.58,7,-1,-1
156,-1,399,170,20,25,0.89,2,-1,-1
156,-1,350,97,10,16,0.74,7,-1,-1
156,-1,301,113,12,16,0.55,7,-1,-1
157,-1,398,168,20,24,0.87,2,-1,-1
157,-1,350,97,10,15,0.78,7,-1,-1
157,-1,300,113,12,16,0.61,7,-1,-1
158,-1,396,166,20,24,0.86,2,-1,-1
158,-1,350,97,10,15,0.79,7,-1,-1
158,-1,300,114,12,16,0.62,7,-1,-1
159,-1,394,164,20,23,0.86,2,-1,-1
159,-1,350,97,10,15,0.78,7,-1,-1
159,-1,300,114,14,17,0.63,7,-1,-1
160,-1,393,163,20,22,0.88,2,-1,-1
160,-1,349,97,10,15,0.65,7,-1,-1
160,-1,299,114,14,17,0.58,7,-1,-1
161,-1,391,160,19,22,0.85,2,-1,-1
161,-1,298,114,14,18,0.74,7,-1,-1
161,-1,350,97,10,14,0.57,7,-1,-1
162,-1,390,159,18,20,0.86,2,-1,-1
162,-1,348,96,11,15,0.75,7,-1,-1
162,-1,298,115,14,18,0.74,7,-1,-1
163,-1,389,158,18,20,0.87,2,-1,-1
163,-1,348,96,10,15,0.80,7,-1,-1
163,-1,298,115,14,18,0.66,7,-1,-1
164,-1,388,155,18,20,0.87,2,-1,-1
164,-1,348,96,10,15,0.80,7,-1,-1
164,-1,298,115,14,18,0.69,7,-1,-1
165,-1,387,153,17,20,0.87,2,-1,-1
165,-1,348,96,10,15,0.80,7,-1,-1
165,-1,298,115,14,18,0.61,7,-1,-1
166,-1,386,151,17,20,0.85,2,-1,-1
166,-1,348,96,11,15,0.80,7,-1,-1
166,-1,297,116,14,19,0.70,7,-1,-1
167,-1,384,151,16,19,0.86,2,-1,-1
167,-1,348,96,10,15,0.80,7,-1,-1
167,-1,297,116,14,19,0.69,7,-1,-1
168,-1,384,150,16,18,0.86,2,-1,-1
168,-1,348,96,10,15,0.78,7,-1,-1
168,-1,296,117,14,19,0.74,7,-1,-1
169,-1,382,148,16,18,0.85,2,-1,-1
169,-1,296,117,14,20,0.73,7,-1,-1
169,-1,348,96,10,14,0.64,7,-1,-1
170,-1,382,147,15,17,0.85,2,-1,-1
170,-1,296,117,14,20,0.72,7,-1,-1
170,-1,348,96,10,14,0.66,7,-1,-1
171,-1,381,145,16,17,0.87,2,-1,-1
171,-1,348,96,10,14,0.66,7,-1,-1
171,-1,296,118,14,20,0.61,7,-1,-1
172,-1,380,144,15,16,0.86,2,-1,-1
172,-1,295,117,15,22,0.83,7,-1,-1
172,-1,348,95,10,14,0.71,7,-1,-1
173,-1,378,143,14,16,0.85,2,-1,-1
173,-1,294,118,15,21,0.81,7,-1,-1
173,-1,347,95,10,14,0.66,7,-1,-1
174,-1,378,142,14,16,0.86,2,-1,-1
174,-1,294,119,15,21,0.74,7,-1,-1
174,-1,347,95,10,14,0.66,7,-1,-1
175,-1,377,140,14,16,0.85,2,-1,-1
175,-1,293,119,16,22,0.84,7,-1,-1
175,-1,347,95,10,14,0.54,7,-1,-1
176,-1,377,140,14,16,0.85,2,-1,-1
176,-1,293,119,16,23,0.84,7,-1,-1
176,-1,346,95,10,15,0.53,7,-1,-1
177,-1,376,139,14,15,0.86,2,-1,-1
177,-1,293,120,15,22,0.85,7,-1,-1
177,-1,346,95,10,15,0.52,7,-1,-1
178,-1,376,138,13,15,0.88,2,-1,-1
178,-1,293,121,15,21,0.84,7,-1,-1
178,-1,346,95,10,15,0.33,7,-1,-1
179,-1,292,122,16,22,0.89,7,-1,-1
179,-1,374,137,13,14,0.87,2,-1,-1
179,-1,346,95,10,15,0.13,7,-1,-1
180,-1,292,122,16,22,0.88,7,-1,-1
180,-1,374,137,13,14,0.86,2,-1,-1
180,-1,346,95,10,15,0.12,7,-1,-1
181,-1,373,136,13,14,0.86,2,-1,-1
181,-1,292,124,16,21,0.85,7,-1,-1
181,-1,345,93,10,14,0.21,7,-1,-1
182,-1,291,124,16,22,0.88,7,-1,-1
182,-1,373,135,12,14,0.86,2,-1,-1
182,-1,345,93,10,14,0.19,7,-1,-1
183,-1,372,134,13,14,0.86,2,-1,-1
183,-1,290,126,16,21,0.78,7,-1,-1
183,-1,306,104,11,15,0.64,7,-1,-1
183,-1,344,93,9,13,0.36,7,-1,-1
184,-1,372,134,13,13,0.85,2,-1,-1
184,-1,290,126,16,22,0.81,7,-1,-1
184,-1,306,104,11,16,0.68,7,-1,-1
184,-1,344,93,9,14,0.54,7,-1,-1
185,-1,290,127,16,22,0.85,7,-1,-1
185,-1,371,132,13,14,0.84,2,-1,-1
185,-1,306,104,11,16,0.71,7,-1,-1
185,-1,344,93,8,13,0.45,7,-1,-1
186,-1,290,127,16,22,0.86,7,-1,-1
186,-1,370,131,13,15,0.85,2,-1,-1
186,-1,306,105,11,16,0.70,7,-1,-1
186,-1,344,93,8,13,0.45,7,-1,-1
187,-1,289,127,17,23,0.87,7,-1,-1
187,-1,369,130,14,15,0.83,2,-1,-1
187,-1,306,105,11,16,0.65,7,-1,-1
187,-1,344,93,8,13,0.41,7,-1,-1
188,-1,288,128,17,22,0.84,7,-1,-1
188,-1,369,129,13,14,0.84,2,-1,-1
188,-1,306,105,12,16,0.65,7,-1,-1
188,-1,344,93,9,14,0.54,7,-1,-1
189,-1,288,129,17,24,0.89,7,-1,-1
189,-1,368,129,13,13,0.85,2,-1,-1
189,-1,306,104,12,17,0.60,7,-1,-1
189,-1,344,93,8,14,0.53,7,-1,-1
190,-1,287,130,18,24,0.89,7,-1,-1
190,-1,368,128,13,14,0.85,2,-1,-1
190,-1,306,106,12,16,0.54,7,-1,-1
190,-1,344,93,9,13,0.33,7,-1,-1
191,-1,286,131,18,24,0.86,7,-1,-1
191,-1,368,128,12,14,0.84,2,-1,-1
191,-1,305,105,12,17,0.69,7,-1,-1
191,-1,344,93,9,13,0.39,7,-1,-1
192,-1,286,131,18,24,0.88,7,-1,-1
192,-1,368,127,12,13,0.84,2,-1,-1
192,-1,306,105,12,17,0.70,7,-1,-1
193,-1,286,132,18,25,0.87,7,-1,-1
193,-1,367,126,12,14,0.84,2,-1,-1
193,-1,304,104,13,19,0.76,7,-1,-1
193,-1,343,93,8,12,0.13,7,-1,-1
194,-1,367,125,11,13,0.84,2,-1,-1
194,-1,305,104,12,19,0.76,7,-1,-1
194,-1,286,133,17,24,0.75,7,-1,-1
194,-1,343,93,8,12,0.12,7,-1,-1
195,-1,366,125,12,13,0.84,2,-1,-1
195,-1,304,105,12,19,0.77,7,-1,-1
195,-1,284,134,19,25,0.72,7,-1,-1
196,-1,366,125,12,12,0.84,2,-1,-1
196,-1,284,135,19,24,0.83,7,-1,-1
196,-1,304,105,12,19,0.78,7,-1,-1
197,-1,283,136,19,26,0.88,7,-1,-1
197,-1,366,124,11,12,0.84,2,-1,-1
197,-1,304,105,12,20,0.79,7,-1,-1
198,-1,282,137,20,26,0.88,7,-1,-1
198,-1,366,123,12,13,0.85,2,-1,-1
198,-1,304,106,12,20,0.79,7,-1,-1
199,-1,281,138,20,26,0.87,7,-1,-1
199,-1,366,123,11,12,0.85,2,-1,-1
199,-1,304,106,13,20,0.77,7,-1,-1
200,-1,365,123,11,11,0.86,2,-1,-1
200,-1,280,139,20,26,0.79,7,-1,-1
200,-1,304,106,13,20,0.77,7,-1,-1
201,-1,365,122,11,12,0.86,2,-1,-1
201,-1,303,108,13,20,0.80,7,-1,-1
201,-1,280,141,20,26,0.75,7,-1,-1
202,-1,365,122,11,11,0.85,2,-1,-1
202,-1,279,142,20,26,0.82,7,-1,-1
202,-1,302,109,14,19,0.81,7,-1,-1
203,-1,278,143,21,27,0.86,7,-1,-1
203,-1,302,110,14,18,0.83,7,-1,-1
203,-1,364,121,11,12,0.83,2,-1,-1
204,-1,277,144,22,28,0.87,7,-1,-1
204,-1,302,110,14,18,0.84,7,-1,-1
204,-1,364,121,11,12,0.83,2,-1,-1
205,-1,302,110,14,19,0.85,7,-1,-1
205,-1,276,145,21,28,0.82,7,-1,-1
205,-1,364,120,11,11,0.77,2,-1,-1
206,-1,300,110,15,20,0.85,7,-1,-1
206,-1,276,146,21,29,0.77,7,-1,-1
206,-1,363,120,11,11,0.76,2,-1,-1
207,-1,300,110,15,20,0.86,7,-1,-1
207,-1,362,119,11,11,0.76,2,-1,-1
207,-1,274,147,22,30,0.70,2,-1,-1
208,-1,300,110,15,20,0.86,7,-1,-1
208,-1,362,119,11,11,0.76,2,-1,-1
208,-1,273,149,22,29,0.69,2,-1,-1
209,-1,300,111,15,20,0.85,7,-1,-1
209,-1,362,118,10,11,0.77,2,-1,-1
209,-1,272,151,22,30,0.75,7,-1,-1
210,-1,270,152,23,30,0.86,7,-1,-1
210,-1,300,111,15,21,0.85,7,-1,-1
210,-1,362,118,11,11,0.76,2,-1,-1
211,-1,268,154,23,31,0.89,7,-1,-1
211,-1,299,112,16,20,0.85,7,-1,-1
211,-1,361,118,11,11,0.79,2,-1,-1
212,-1,268,154,24,32,0.87,7,-1,-1
212,-1,298,112,16,21,0.86,7,-1,-1
212,-1,361,117,10,11,0.70,2,-1,-1
213,-1,297,113,16,21,0.86,7,-1,-1
213,-1,266,157,24,32,0.83,7,-1,-1
213,-1,361,117,10,11,0.72,2,-1,-1
214,-1,297,113,16,21,0.86,7,-1,-1
214,-1,361,116,10,11,0.79,2,-1,-1
214,-1,264,159,24,32,0.79,2,-1,-1
215,-1,296,113,17,20,0.86,7,-1,-1
215,-1,262,161,25,33,0.82,2,-1,-1
215,-1,361,115,10,11,0.78,2,-1,-1
216,-1,296,114,17,22,0.86,7,-1,-1
216,-1,361,115,10,11,0.76,2,-1,-1
216,-1,262,163,26,34,0.66,7,-1,-1
217,-1,260,165,26,35,0.89,7,-1,-1
217,-1,296,114,17,22,0.86,7,-1,-1
217,-1,361,115,9,11,0.83,2,-1,-1
218,-1,544,442,84,78,0.92,2,-1,-1
218,-1,258,166,27,36,0.88,7,-1,-1
218,-1,296,114,17,22,0.86,7,-1,-1
218,-1,360,114,10,10,0.79,2,-1,-1
219,-1,525,407,74,68,0.92,2,-1,-1
219,-1,296,114,17,23,0.86,7,-1,-1
219,-1,360,114,9,10,0.76,2,-1,-1
219,-1,256,168,27,37,0.67,2,-1,-1
220,-1,514,384,71,64,0.93,2,-1,-1
220,-1,294,114,18,24,0.86,7,-1,-1
220,-1,254,170,28,38,0.81,2,-1,-1
220,-1,360,114,9,10,0.75,2,-1,-1
221,-1,498,358,64,58,0.91,2,-1,-1
221,-1,294,114,18,24,0.87,7,-1,-1
221,-1,251,172,28,40,0.81,2,-1,-1
221,-1,359,114,9,10,0.68,2,-1,-1
222,-1,491,342,60,54,0.91,2,-1,-1
222,-1,294,114,18,24,0.87,7,-1,-1
222,-1,249,175,29,40,0.69,2,-1,-1
222,-1,359,114,9,10,0.68,2,-1,-1
223,-1,480,320,55,49,0.91,2,-1,-1
223,-1,294,114,18,26,0.86,7,-1,-1
223,-1,246,178,30,42,0.81,7,-1,-1
223,-1,358,112,9,10,0.67,2,-1,-1
224,-1,472,309,52,45,0.90,2,-1,-1
224,-1,294,115,18,26,0.86,7,-1,-1
224,-1,244,181,30,42,0.81,2,-1,-1
224,-1,358,112,9,10,0.68,2,-1,-1
225,-1,464,294,48,41,0.89,2,-1,-1
225,-1,293,116,18,26,0.86,7,-1,-1
225,-1,241,184,32,44,0.74,7,-1,-1
225,-1,358,112,9,10,0.68,2,-1,-1
226,-1,458,282,46,40,0.90,2,-1,-1
226,-1,293,116,18,26,0.86,7,-1,-1
226,-1,239,186,32,46,0.82,2,-1,-1
226,-1,358,111,9,10,0.71,2,-1,-1
227,-1,450,270,42,36,0.90,2,-1,-1
227,-1,292,117,18,27,0.87,7,-1,-1
227,-1,236,189,34,48,0.82,2,-1,-1
227,-1,358,112,9,10,0.71,2,-1,-1
228,-1,446,259,40,36,0.89,2,-1,-1
228,-1,292,116,18,28,0.87,7,-1,-1
228,-1,233,192,34,48,0.85,2,-1,-1
228,-1,357,111,9,10,0.66,2,-1,-1
229,-1,440,249,37,34,0.89,2,-1,-1
229,-1,292,118,19,27,0.87,7,-1,-1
229,-1,229,196,36,51,0.74,7,-1,-1
229,-1,357,111,8,10,0.62,2,-1,-1
230,-1,436,242,37,33,0.88,2,-1,-1
230,-1,291,118,20,28,0.86,7,-1,-1
230,-1,227,198,37,54,0.79,2,-1,-1
230,-1,357,111,8,10,0.62,2,-1,-1
231,-1,290,119,20,28,0.87,7,-1,-1
231,-1,431,234,34,30,0.87,2,-1,-1
231,-1,222,202,41,56,0.70,7,-1,-1
231,-1,356,110,8,9,0.55,2,-1,-1
232,-1,290,119,20,28,0.87,7,-1,-1
232,-1,428,227,33,30,0.87,2,-1,-1
232,-1,219,204,41,59,0.75,2,-1,-1
232,-1,356,110,8,9,0.55,2,-1,-1
233,-1,215,208,44,64,0.88,7,-1,-1
233,-1,424,221,31,27,0.87,2,-1,-1
233,-1,289,120,20,29,0.86,7,-1,-1
233,-1,356,110,8,9,0.33,2,-1,-1
234,-1,420,218,30,24,0.87,2,-1,-1
234,-1,289,120,20,29,0.86,7,-1,-1
234,-1,211,213,45,65,0.82,7,-1,-1
234,-1,356,110,8,8,0.13,2,-1,-1
235,-1,434,426,81,86,0.92,2,-1,-1
235,-1,418,207,28,28,0.88,2,-1,-1
235,-1,288,121,21,29,0.85,7,-1,-1
235,-1,206,220,46,68,0.83,7,-1,-1
235,-1,356,110,8,8,0.12,2,-1,-1
236,-1,426,398,73,80,0.93,2,-1,-1
236,-1,416,205,27,25,0.87,2,-1,-1
236,-1,288,122,21,29,0.86,7,-1,-1
236,-1,202,225,48,70,0.84,2,-1,-1
236,-1,356,110,8,8,0.12,2,-1,-1
237,-1,417,366,65,68,0.91,2,-1,-1
237,-1,194,230,54,76,0.88,7,-1,-1
237,-1,412,200,27,24,0.87,2,-1,-1
237,-1,287,123,21,30,0.87,7,-1,-1
237,-1,356,110,8,8,0.10,2,-1,-1
238,-1,412,346,60,63,0.91,2,-1,-1
238,-1,286,124,22,29,0.87,7,-1,-1
238,-1,410,197,24,22,0.87,2,-1,-1
238,-1,190,234,55,79,0.71,7,-1,-1
238,-1,356,110,8,8,0.11,2,-1,-1
239,-1,405,319,54,59,0.91,2,-1,-1
239,-1,182,242,58,86,0.91,7,-1,-1
239,-1,286,125,22,29,0.88,7,-1,-1
239,-1,407,192,24,22,0.86,2,-1,-1
240,-1,402,305,51,54,0.91,2,-1,-1
240,-1,176,248,62,88,0.90,7,-1,-1
240,-1,285,126,22,29,0.88,7,-1,-1
240,-1,405,190,24,20,0.87,2,-1,-1
241,-1,167,258,66,94,0.91,7,-1,-1
241,-1,396,286,46,49,0.89,2,-1,-1
241,-1,284,126,22,30,0.88,7,-1,-1
241,-1,403,185,22,20,0.86,2,-1,-1
242,-1,160,263,70,100,0.91,7,-1,-1
242,-1,392,273,44,48,0.90,2,-1,-1
242,-1,283,127,23,31,0.87,7,-1,-1
242,-1,400,184,22,18,0.85,2,-1,-1
243,-1,149,275,74,108,0.92,7,-1,-1
243,-1,388,258,41,44,0.89,2,-1,-1
243,-1,282,128,23,31,0.87,7,-1,-1
243,-1,398,179,22,19,0.86,2,-1,-1
244,-1,141,284,78,114,0.91,7,-1,-1
244,-1,386,250,40,42,0.90,2,-1,-1
244,-1,396,176,21,18,0.87,2,-1,-1
244,-1,282,128,24,32,0.86,7,-1,-1
245,-1,128,298,82,121,0.92,7,-1,-1
245,-1,384,239,37,38,0.89,2,-1,-1
245,-1,281,129,24,33,0.87,7,-1,-1
245,-1,394,174,21,17,0.86,2,-1,-1
246,-1,118,308,87,130,0.92,7,-1,-1
246,-1,381,232,35,36,0.89,2,-1,-1
246,-1,280,129,24,34,0.87,7,-1,-1
246,-1,394,171,21,18,0.86,2,-1,-1
247,-1,100,326,95,143,0.92,7,-1,-1
247,-1,378,223,33,34,0.88,2,-1,-1
247,-1,279,130,25,34,0.87,7,-1,-1
247,-1,392,168,20,17,0.86,2,-1,-1
248,-1,87,336,102,156,0.92,7,-1,-1
248,-1,377,219,31,31,0.88,2,-1,-1
248,-1,279,130,25,34,0.87,7,-1,-1
248,-1,391,166,19,18,0.85,2,-1,-1
249,-1,68,360,109,170,0.93,7,-1,-1
249,-1,376,209,29,30,0.89,2,-1,-1
249,-1,277,132,26,36,0.88,7,-1,-1
249,-1,390,162,18,17,0.85,2,-1,-1
250,-1,374,205,28,30,0.88,2,-1,-1
250,-1,277,132,26,36,0.88,7,-1,-1
250,-1,388,161,18,16,0.86,2,-1,-1
251,-1,276,133,27,38,0.88,7,-1,-1
251,-1,372,198,27,28,0.88,2,-1,-1
251,-1,387,159,18,16,0.85,2,-1,-1
252,-1,275,133,27,39,0.89,7,-1,-1
252,-1,370,194,26,28,0.88,2,-1,-1
252,-1,386,158,17,15,0.85,2,-1,-1
253,-1,274,133,28,40,0.89,7,-1,-1
253,-1,368,190,25,25,0.87,2,-1,-1
253,-1,384,156,16,14,0.84,2,-1,-1
254,-1,272,134,29,40,0.88,7,-1,-1
254,-1,367,187,25,24,0.88,2,-1,-1
254,-1,383,156,16,13,0.85,2,-1,-1
255,-1,272,137,28,40,0.89,7,-1,-1
255,-1,366,181,23,24,0.86,2,-1,-1
255,-1,382,153,16,14,0.84,2,-1,-1
256,-1,366,178,22,23,0.90,2,-1,-1
256,-1,270,138,30,41,0.89,7,-1,-1
256,-1,380,151,17,14,0.85,2,-1,-1
256,-1,352,105,7,8,0.11,2,-1,-1
257,-1,269,140,30,41,0.88,7,-1,-1
257,-1,364,174,22,22,0.88,2,-1,-1
257,-1,380,148,16,14,0.85,2,-1,-1
257,-1,352,105,7,8,0.11,2,-1,-1
258,-1,268,142,30,41,0.88,7,-1,-1
258,-1,363,172,22,21,0.88,2,-1,-1
258,-1,380,147,15,14,0.85,2,-1,-1
258,-1,352,104,8,8,0.26,2,-1,-1
259,-1,266,143,31,42,0.89,7,-1,-1
259,-1,362,167,20,22,0.87,2,-1,-1
259,-1,378,146,16,13,0.84,2,-1,-1
259,-1,352,104,8,8,0.26,2,-1,-1
260,-1,265,144,32,43,0.90,7,-1,-1
260,-1,362,166,20,20,0.87,2,-1,-1
260,-1,377,145,16,13,0.83,2,-1,-1
260,-1,352,103,7,9,0.25,2,-1,-1
261,-1,264,146,32,44,0.90,7,-1,-1
261,-1,360,162,19,20,0.88,2,-1,-1
261,-1,376,143,14,12,0.81,2,-1,-1
261,-1,351,101,8,10,0.11,2,-1,-1
262,-1,263,147,32,44,0.90,7,-1,-1
262,-1,360,161,19,19,0.87,2,-1,-1
262,-1,376,142,14,12,0.83,2,-1,-1
262,-1,351,101,8,10,0.10,2,-1,-1
263,-1,261,149,34,46,0.90,7,-1,-1
263,-1,359,159,18,18,0.87,2,-1,-1
263,-1,376,142,14,12,0.85,2,-1,-1
263,-1,350,101,8,10,0.16,2,-1,-1
264,-1,260,150,34,46,0.90,7,-1,-1
264,-1,358,158,17,16,0.86,2,-1,-1
264,-1,375,140,13,12,0.85,2,-1,-1
264,-1,350,101,8,10,0.16,2,-1,-1
265,-1,257,152,36,48,0.91,7,-1,-1
265,-1,357,154,17,17,0.88,2,-1,-1
265,-1,374,139,14,12,0.86,2,-1,-1
265,-1,350,100,8,10,0.16,7,-1,-1
266,-1,256,153,36,50,0.91,7,-1,-1
266,-1,356,152,17,16,0.88,2,-1,-1
266,-1,373,138,14,12,0.85,2,-1,-1
266,-1,350,100,8,10,0.11,2,-1,-1
267,-1,253,155,38,51,0.90,7,-1,-1
267,-1,356,150,17,16,0.87,2,-1,-1
267,-1,372,137,13,12,0.85,2,-1,-1
267,-1,350,100,8,10,0.13,2,-1,-1
268,-1,252,157,38,52,0.91,7,-1,-1
268,-1,356,148,16,16,0.87,2,-1,-1
268,-1,372,136,13,12,0.82,2,-1,-1
268,-1,350,100,8,10,0.14,2,-1,-1
269,-1,249,159,40,54,0.91,7,-1,-1
269,-1,355,147,15,16,0.88,2,-1,-1
269,-1,370,134,14,12,0.82,2,-1,-1
269,-1,350,100,8,10,0.12,2,-1,-1
270,-1,247,161,40,55,0.91,7,-1,-1
270,-1,354,146,15,15,0.87,2,-1,-1
270,-1,370,133,14,12,0.83,2,-1,-1
271,-1,244,164,42,56,0.92,7,-1,-1
271,-1,354,143,14,15,0.85,2,-1,-1
271,-1,368,132,14,12,0.84,2,-1,-1
272,-1,242,165,44,59,0.91,7,-1,-1
272,-1,368,132,14,12,0.85,2,-1,-1
272,-1,354,142,15,14,0.84,2,-1,-1
273,-1,239,168,46,62,0.92,7,-1,-1
273,-1,352,140,15,14,0.85,2,-1,-1
273,-1,368,130,13,12,0.84,2,-1,-1
274,-1,237,170,46,63,0.92,7,-1,-1
274,-1,352,138,15,15,0.86,2,-1,-1
274,-1,368,130,13,12,0.84,2,-1,-1
275,-1,233,172,49,66,0.91,7,-1,-1
275,-1,352,137,15,15,0.84,2,-1,-1
275,-1,367,129,13,12,0.81,2,-1,-1
276,-1,231,174,50,68,0.93,7,-1,-1
276,-1,352,136,14,14,0.85,2,-1,-1
276,-1,366,127,13,12,0.75,2,-1,-1
277,-1,226,178,53,70,0.92,7,-1,-1
277,-1,352,136,13,12,0.85,2,-1,-1
277,-1,366,126,12,12,0.81,2,-1,-1
278,-1,223,180,54,74,0.91,7,-1,-1
278,-1,351,135,13,13,0.86,2,-1,-1
278,-1,366,126,12,12,0.83,2,-1,-1
279,-1,218,183,57,78,0.92,7,-1,-1
279,-1,350,133,13,13,0.86,2,-1,-1
279,-1,365,125,12,11,0.84,2,-1,-1
280,-1,216,186,58,80,0.92,7,-1,-1
280,-1,350,132,13,12,0.86,2,-1,-1
280,-1,366,124,11,11,0.84,2,-1,-1
281,-1,209,190,62,85,0.92,7,-1,-1
281,-1,350,131,12,12,0.87,2,-1,-1
281,-1,365,124,11,10,0.84,2,-1,-1
282,-1,206,193,64,88,0.92,7,-1,-1
282,-1,350,130,12,12,0.87,2,-1,-1
282,-1,364,123,12,11,0.85,2,-1,-1
283,-1,200,197,68,94,0.93,7,-1,-1
283,-1,350,128,12,13,0.86,2,-1,-1
283,-1,364,122,12,11,0.84,2,-1,-1
284,-1,195,200,70,98,0.93,7,-1,-1
284,-1,349,128,12,12,0.83,2,-1,-1
284,-1,362,122,12,11,0.78,2,-1,-1
285,-1,188,206,74,105,0.93,7,-1,-1
285,-1,349,127,12,12,0.83,2,-1,-1
285,-1,363,121,11,10,0.78,2,-1,-1
286,-1,184,209,78,110,0.93,7,-1,-1
286,-1,348,127,12,11,0.83,2,-1,-1
286,-1,362,121,11,10,0.73,2,-1,-1
287,-1,175,215,82,117,0.93,7,-1,-1
287,-1,348,127,12,11,0.83,2,-1,-1
287,-1,362,121,11,10,0.73,2,-1,-1
288,-1,168,220,86,123,0.93,7,-1,-1
288,-1,348,126,12,11,0.82,2,-1,-1
288,-1,362,120,11,10,0.75,2,-1,-1
289,-1,158,227,94,132,0.93,7,-1,-1
289,-1,361,119,11,10,0.82,2,-1,-1
289,-1,348,125,12,10,0.81,2,-1,-1
290,-1,150,232,99,140,0.93,7,-1,-1
290,-1,348,123,11,10,0.82,2,-1,-1
290,-1,361,119,10,10,0.81,2,-1,-1
291,-1,137,239,108,154,0.93,7,-1,-1
291,-1,360,119,11,10,0.82,2,-1,-1
291,-1,347,122,10,10,0.76,2,-1,-1
292,-1,129,245,112,162,0.93,7,-1,-1
292,-1,361,118,10,10,0.83,2,-1,-1
292,-1,347,122,10,10,0.78,2,-1,-1
293,-1,114,255,122,179,0.93,7,-1,-1
293,-1,360,118,10,10,0.81,2,-1,-1
293,-1,347,122,10,10,0.73,2,-1,-1
294,-1,102,261,131,192,0.93,7,-1,-1
294,-1,360,118,10,10,0.81,2,-1,-1
294,-1,347,122,10,9,0.73,2,-1,-1
295,-1,83,272,143,214,0.92,7,-1,-1
295,-1,346,120,10,10,0.77,2,-1,-1
295,-1,360,117,10,10,0.76,2,-1,-1
296,-1,68,282,153,232,0.91,7,-1,-1
296,-1,346,119,10,10,0.77,2,-1,-1
296,-1,360,117,10,10,0.73,2,-1,-1
297,-1,346,119,10,10,0.70,2,-1,-1
297,-1,360,117,10,10,0.70,2,-1,-1
298,-1,346,119,10,10,0.74,2,-1,-1
298,-1,360,117,9,9,0.69,2,-1,-1
299,-1,346,118,10,10,0.73,2,-1,-1
299,-1,359,116,9,9,0.58,2,-1,-1
300,-1,345,117,8,9,0.66,2,-1,-1
300,-1,358,114,9,9,0.62,2,-1,-1
301,-1,345,116,9,10,0.73,2,-1,-1
301,-1,358,114,9,9,0.64,2,-1,-1
302,-1,346,116,10,10,0.64,2,-1,-1
302,-1,358,114,9,9,0.61,2,-1,-1
303,-1,358,113,9,10,0.50,2,-1,-1
303,-1,345,116,9,9,0.42,2,-1,-1
304,-1,358,113,9,10,0.52,2,-1,-1
304,-1,346,116,9,9,0.40,2,-1,-1
305,-1,357,112,8,9,0.53,2,-1,-1
305,-1,344,115,9,8,0.32,2,-1,-1
306,-1,357,112,8,9,0.56,2,-1,-1
306,-1,344,114,9,8,0.32,2,-1,-1
307,-1,356,112,8,9,0.53,2,-1,-1
307,-1,344,114,9,8,0.32,2,-1,-1
308,-1,356,112,8,9,0.53,2,-1,-1
308,-1,344,113,9,9,0.29,2,-1,-1
309,-1,356,111,8,9,0.51,2,-1,-1
309,-1,344,113,8,8,0.30,2,-1,-1
310,-1,355,111,8,8,0.46,2,-1,-1
310,-1,344,113,8,8,0.28,2,-1,-1
311,-1,355,111,8,8,0.48,2,-1,-1
311,-1,344,112,8,8,0.40,2,-1,-1
312,-1,356,110,8,8,0.32,2,-1,-1
313,-1,355,110,8,8,0.22,2,-1,-1
314,-1,355,110,8,8,0.22,2,-1,-1
315,-1,354,110,8,8,0.18,2,-1,-1
316,-1,354,110,8,8,0.18,2,-1,-1
317,-1,354,109,8,8,0.24,2,-1,-1
318,-1,354,109,8,8,0.26,2,-1,-1
319,-1,320,112,8,8,0.46,2,-1,-1
319,-1,354,109,8,8,0.26,2,-1,-1
320,-1,320,112,8,9,0.56,2,-1,-1
320,-1,354,109,8,8,0.26,2,-1,-1
321,-1,320,112,8,9,0.63,2,-1,-1
321,-1,354,109,8,8,0.27,2,-1,-1
322,-1,320,112,8,9,0.58,2,-1,-1
323,-1,320,113,9,9,0.52,2,-1,-1
324,-1,320,113,9,9,0.54,2,-1,-1
325,-1,320,113,9,9,0.59,2,-1,-1
326,-1,318,113,10,10,0.71,2,-1,-1
327,-1,319,115,10,10,0.77,2,-1,-1
328,-1,319,114,10,10,0.77,2,-1,-1
329,-1,319,116,10,10,0.80,2,-1,-1
330,-1,319,116,10,10,0.79,2,-1,-1
331,-1,318,116,10,10,0.80,2,-1,-1
332,-1,318,117,10,10,0.81,2,-1,-1
333,-1,318,118,10,10,0.80,2,-1,-1
334,-1,318,118,10,10,0.79,2,-1,-1
335,-1,318,118,10,10,0.81,2,-1,-1
336,-1,318,119,10,10,0.80,2,-1,-1
337,-1,318,120,10,10,0.78,2,-1,-1
337,-1,306,111,9,9,0.20,2,-1,-1
338,-1,318,120,10,11,0.78,2,-1,-1
338,-1,306,111,9,9,0.20,2,-1,-1
339,-1,317,121,11,11,0.79,2,-1,-1
340,-1,317,121,11,12,0.81,2,-1,-1
341,-1,316,122,11,12,0.83,2,-1,-1
341,-1,304,114,10,9,0.56,2,-1,-1
342,-1,316,122,12,11,0.84,2,-1,-1
342,-1,304,114,9,10,0.52,2,-1,-1
343,-1,316,123,12,12,0.82,2,-1,-1
343,-1,304,114,9,10,0.59,2,-1,-1
344,-1,316,124,12,12,0.83,2,-1,-1
344,-1,304,115,9,10,0.57,2,-1,-1
345,-1,316,124,12,12,0.83,2,-1,-1
345,-1,304,116,9,9,0.69,2,-1,-1
346,-1,316,125,11,12,0.82,2,-1,-1
346,-1,304,116,9,9,0.74,2,-1,-1
347,-1,315,126,12,12,0.82,2,-1,-1
347,-1,304,116,9,9,0.74,2,-1,-1
348,-1,314,126,12,13,0.81,2,-1,-1
348,-1,303,117,10,10,0.60,2,-1,-1
349,-1,314,128,12,12,0.81,2,-1,-1
349,-1,302,118,10,9,0.77,2,-1,-1
350,-1,314,128,12,12,0.82,2,-1,-1
350,-1,302,118,10,9,0.78,2,-1,-1
351,-1,314,129,12,13,0.84,2,-1,-1
351,-1,302,119,10,10,0.77,2,-1,-1
352,-1,314,130,12,13,0.84,2,-1,-1
352,-1,301,120,10,10,0.74,2,-1,-1
353,-1,314,131,12,13,0.85,2,-1,-1
353,-1,301,120,10,10,0.76,2,-1,-1
354,-1,312,134,13,13,0.87,2,-1,-1
354,-1,300,121,10,10,0.72,2,-1,-1
355,-1,313,133,13,14,0.87,2,-1,-1
355,-1,300,122,10,10,0.72,2,-1,-1
356,-1,312,134,13,13,0.85,2,-1,-1
356,-1,300,122,10,10,0.74,2,-1,-1
357,-1,312,136,13,14,0.86,2,-1,-1
357,-1,300,122,10,10,0.77,2,-1,-1
358,-1,312,136,14,14,0.86,2,-1,-1
358,-1,299,122,10,10,0.77,2,-1,-1
359,-1,312,138,13,14,0.87,2,-1,-1
359,-1,298,123,11,10,0.83,2,-1,-1
360,-1,311,138,14,15,0.87,2,-1,-1
360,-1,298,124,12,10,0.82,2,-1,-1
361,-1,310,140,14,15,0.87,2,-1,-1
361,-1,298,125,11,10,0.83,2,-1,-1
362,-1,310,142,14,14,0.86,2,-1,-1
362,-1,297,126,11,10,0.84,2,-1,-1
363,-1,310,144,14,14,0.86,2,-1,-1
363,-1,296,127,10,10,0.84,2,-1,-1
364,-1,309,144,15,16,0.87,2,-1,-1
364,-1,296,127,11,10,0.85,2,-1,-1
365,-1,308,147,16,16,0.87,2,-1,-1
365,-1,295,128,11,10,0.81,2,-1,-1
365,-1,317,112,8,9,0.17,2,-1,-1
366,-1,308,147,16,16,0.87,2,-1,-1
366,-1,295,129,11,10,0.82,2,-1,-1
367,-1,307,149,16,16,0.87,2,-1,-1
367,-1,294,130,11,11,0.84,2,-1,-1
367,-1,317,113,8,8,0.13,2,-1,-1
368,-1,306,150,16,16,0.87,2,-1,-1
368,-1,294,131,12,11,0.85,2,-1,-1
368,-1,317,113,8,9,0.13,2,-1,-1
369,-1,306,152,16,18,0.86,2,-1,-1
369,-1,292,132,12,12,0.85,2,-1,-1
370,-1,305,154,16,18,0.86,2,-1,-1
370,-1,292,133,12,11,0.84,2,-1,-1
370,-1,316,114,9,9,0.49,2,-1,-1
371,-1,304,156,17,18,0.86,2,-1,-1
371,-1,291,134,12,12,0.83,2,-1,-1
371,-1,316,114,9,10,0.48,2,-1,-1
372,-1,304,158,17,18,0.86,2,-1,-1
372,-1,291,134,12,12,0.82,2,-1,-1
372,-1,316,114,9,10,0.49,2,-1,-1
373,-1,303,160,17,19,0.86,2,-1,-1
373,-1,290,136,13,12,0.82,2,-1,-1
373,-1,316,115,9,10,0.45,2,-1,-1
374,-1,302,162,18,19,0.87,2,-1,-1
374,-1,289,138,13,11,0.84,2,-1,-1
374,-1,316,115,10,10,0.70,2,-1,-1
375,-1,301,166,18,20,0.88,2,-1,-1
375,-1,288,139,13,12,0.85,2,-1,-1
375,-1,316,115,9,9,0.64,2,-1,-1
376,-1,300,168,19,20,0.87,2,-1,-1
376,-1,288,138,13,12,0.86,2,-1,-1
376,-1,316,116,10,10,0.66,2,-1,-1
377,-1,299,171,20,21,0.88,2,-1,-1
377,-1,287,140,12,12,0.86,2,-1,-1
377,-1,316,117,10,10,0.75,2,-1,-1
378,-1,298,173,20,22,0.87,2,-1,-1
378,-1,287,142,12,12,0.84,2,-1,-1
378,-1,316,117,10,10,0.75,2,-1,-1
379,-1,296,177,21,22,0.88,2,-1,-1
379,-1,286,143,13,13,0.85,2,-1,-1
379,-1,316,117,10,11,0.48,2,-1,-1
380,-1,296,179,21,22,0.89,2,-1,-1
380,-1,285,144,13,12,0.85,2,-1,-1
380,-1,315,118,10,11,0.60,2,-1,-1
381,-1,294,184,22,24,0.88,2,-1,-1
381,-1,283,146,14,13,0.85,2,-1,-1
381,-1,315,118,10,11,0.59,2,-1,-1
382,-1,294,186,22,25,0.90,2,-1,-1
382,-1,283,147,14,13,0.85,2,-1,-1
382,-1,316,119,10,10,0.45,2,-1,-1
383,-1,292,192,24,25,0.89,2,-1,-1
383,-1,282,149,14,13,0.84,2,-1,-1
383,-1,316,120,10,10,0.29,2,-1,-1
384,-1,290,194,24,26,0.89,2,-1,-1
384,-1,280,150,15,14,0.83,2,-1,-1
385,-1,289,200,25,27,0.89,2,-1,-1
385,-1,279,151,15,14,0.84,2,-1,-1
385,-1,316,121,10,12,0.35,2,-1,-1
386,-1,288,203,26,28,0.89,2,-1,-1
386,-1,278,152,15,14,0.86,2,-1,-1
386,-1,314,121,11,13,0.62,2,-1,-1
387,-1,286,210,27,30,0.89,2,-1,-1
387,-1,276,154,15,16,0.87,2,-1,-1
387,-1,314,122,10,13,0.44,2,-1,-1
388,-1,284,214,28,32,0.88,2,-1,-1
388,-1,276,157,14,16,0.85,2,-1,-1
388,-1,312,124,12,13,0.81,2,-1,-1
389,-1,282,222,30,34,0.88,2,-1,-1
389,-1,274,159,16,15,0.85,2,-1,-1
389,-1,312,124,11,13,0.84,2,-1,-1
390,-1,280,227,31,35,0.90,2,-1,-1
390,-1,274,161,15,16,0.85,2,-1,-1
390,-1,312,123,12,13,0.75,2,-1,-1
391,-1,278,235,32,38,0.90,2,-1,-1
391,-1,271,163,16,16,0.86,2,-1,-1
391,-1,312,125,11,13,0.78,2,-1,-1
392,-1,276,242,34,40,0.91,2,-1,-1
392,-1,270,165,16,16,0.85,2,-1,-1
392,-1,312,125,11,13,0.78,2,-1,-1
393,-1,272,252,36,44,0.91,2,-1,-1
393,-1,267,168,17,16,0.87,2,-1,-1
393,-1,312,127,11,13,0.82,2,-1,-1
394,-1,270,260,37,46,0.91,2,-1,-1
394,-1,266,170,18,17,0.86,2,-1,-1
394,-1,312,127,11,12,0.82,2,-1,-1
395,-1,264,274,41,50,0.91,2,-1,-1
395,-1,264,174,18,18,0.86,2,-1,-1
395,-1,311,127,12,14,0.84,2,-1,-1
396,-1,261,284,43,54,0.92,2,-1,-1
396,-1,262,176,18,18,0.86,2,-1,-1
396,-1,311,128,12,15,0.85,2,-1,-1
397,-1,256,302,46,59,0.91,2,-1,-1
397,-1,260,180,19,20,0.87,2,-1,-1
397,-1,311,129,11,14,0.82,2,-1,-1
397,-1,318,111,7,7,0.27,2,-1,-1
398,-1,252,314,48,64,0.93,2,-1,-1
398,-1,310,131,12,15,0.86,2,-1,-1
398,-1,258,182,20,20,0.86,2,-1,-1
398,-1,318,110,8,8,0.27,2,-1,-1
399,-1,244,336,53,74,0.92,2,-1,-1
399,-1,255,186,20,21,0.88,2,-1,-1
399,-1,310,131,12,16,0.83,2,-1,-1
400,-1,238,354,56,80,0.93,2,-1,-1
400,-1,252,189,21,22,0.88,2,-1,-1
400,-1,310,133,12,14,0.84,2,-1,-1
401,-1,227,385,63,93,0.92,2,-1,-1
401,-1,249,194,22,22,0.88,2,-1,-1
401,-1,310,134,12,15,0.84,2,-1,-1
402,-1,218,410,69,103,0.92,2,-1,-1
402,-1,248,196,22,24,0.86,2,-1,-1
402,-1,309,135,12,16,0.83,2,-1,-1
403,-1,244,202,23,25,0.90,2,-1,-1
403,-1,308,136,12,14,0.83,2,-1,-1
403,-1,318,112,9,8,0.30,2,-1,-1
404,-1,240,207,24,24,0.86,2,-1,-1
404,-1,308,136,12,14,0.81,2,-1,-1
404,-1,318,112,8,9,0.63,2,-1,-1
405,-1,236,212,26,27,0.87,2,-1,-1
405,-1,308,138,14,16,0.83,2,-1,-1
405,-1,318,112,9,9,0.62,2,-1,-1
406,-1,232,217,28,28,0.89,2,-1,-1
406,-1,306,139,14,16,0.84,2,-1,-1
406,-1,317,112,9,9,0.59,2,-1,-1
407,-1,227,224,28,30,0.88,2,-1,-1
407,-1,306,141,14,16,0.86,2,-1,-1
407,-1,317,113,9,9,0.58,2,-1,-1
408,-1,224,230,29,30,0.89,2,-1,-1
408,-1,306,142,14,18,0.86,2,-1,-1
408,-1,317,113,9,9,0.59,2,-1,-1
409,-1,217,239,32,32,0.88,2,-1,-1
409,-1,306,143,14,15,0.86,2,-1,-1
409,-1,317,114,10,10,0.75,2,-1,-1
410,-1,212,245,33,34,0.89,2,-1,-1
410,-1,306,144,14,16,0.85,2,-1,-1
410,-1,317,114,9,10,0.78,2,-1,-1
411,-1,206,256,35,37,0.90,2,-1,-1
411,-1,304,146,16,18,0.84,2,-1,-1
411,-1,317,114,9,10,0.80,2,-1,-1
412,-1,200,264,37,38,0.90,2,-1,-1
412,-1,304,147,16,18,0.85,2,-1,-1
412,-1,317,114,9,10,0.80,2,-1,-1
413,-1,191,277,39,42,0.90,2,-1,-1
413,-1,303,149,16,19,0.86,2,-1,-1
413,-1,317,115,10,10,0.78,2,-1,-1
414,-1,183,287,42,44,0.90,2,-1,-1
414,-1,302,151,16,19,0.86,2,-1,-1
414,-1,316,116,9,9,0.78,2,-1,-1
415,-1,172,304,45,49,0.91,2,-1,-1
415,-1,302,153,16,21,0.87,2,-1,-1
415,-1,317,116,9,9,0.78,2,-1,-1
416,-1,162,316,50,52,0.92,2,-1,-1
416,-1,302,154,16,20,0.86,2,-1,-1
416,-1,316,117,10,10,0.78,2,-1,-1
417,-1,147,337,54,58,0.93,2,-1,-1
417,-1,300,157,17,20,0.87,2,-1,-1
417,-1,316,117,10,10,0.79,2,-1,-1
418,-1,137,354,58,63,0.92,2,-1,-1
418,-1,300,159,18,22,0.86,2,-1,-1
418,-1,316,118,10,11,0.79,2,-1,-1
419,-1,117,381,64,73,0.92,2,-1,-1
419,-1,298,162,19,23,0.89,2,-1,-1
419,-1,316,118,10,11,0.75,2,-1,-1
420,-1,101,403,70,80,0.92,2,-1,-1
420,-1,298,163,19,24,0.88,2,-1,-1
420,-1,316,118,10,10,0.78,2,-1,-1
421,-1,76,442,78,92,0.91,2,-1,-1
421,-1,296,166,21,24,0.86,2,-1,-1
421,-1,315,119,11,11,0.75,2,-1,-1
422,-1,295,169,21,24,0.88,2,-1,-1
422,-1,315,119,11,11,0.74,2,-1,-1
423,-1,294,172,20,26,0.88,2,-1,-1
423,-1,314,120,12,12,0.75,2,-1,-1
424,-1,294,174,20,26,0.87,2,-1,-1
424,-1,314,121,12,12,0.81,2,-1,-1
425,-1,446,453,78,82,0.92,2,-1,-1
425,-1,291,178,22,27,0.88,2,-1,-1
425,-1,314,122,12,11,0.83,2,-1,-1
426,-1,436,424,72,75,0.92,2,-1,-1
426,-1,290,180,23,28,0.88,2,-1,-1
426,-1,314,122,12,12,0.85,2,-1,-1
427,-1,426,387,63,65,0.93,2,-1,-1
427,-1,288,185,24,30,0.88,2,-1,-1
427,-1,314,122,11,11,0.86,2,-1,-1
428,-1,421,366,58,59,0.91,2,-1,-1
428,-1,286,188,25,30,0.89,2,-1,-1
428,-1,313,123,12,12,0.86,2,-1,-1
429,-1,414,338,51,53,0.90,2,-1,-1
429,-1,285,193,26,32,0.89,2,-1,-1
429,-1,313,124,12,12,0.86,2,-1,-1
430,-1,410,322,48,48,0.91,2,-1,-1
430,-1,284,196,27,33,0.89,2,-1,-1
430,-1,313,124,12,12,0.86,2,-1,-1
431,-1,282,202,28,36,0.91,2,-1,-1
431,-1,403,300,45,45,0.90,2,-1,-1
431,-1,312,125,12,12,0.85,2,-1,-1
432,-1,400,288,42,42,0.90,2,-1,-1
432,-1,280,206,28,36,0.90,2,-1,-1
432,-1,312,125,12,12,0.85,2,-1,-1
433,-1,395,272,38,38,0.90,2,-1,-1
433,-1,277,212,30,40,0.90,2,-1,-1
433,-1,312,126,12,13,0.84,2,-1,-1
434,-1,274,217,32,41,0.91,2,-1,-1
434,-1,392,262,36,36,0.89,2,-1,-1
434,-1,312,127,13,12,0.85,2,-1,-1
435,-1,271,226,34,44,0.90,2,-1,-1
435,-1,389,250,35,34,0.90,2,-1,-1
435,-1,312,127,12,13,0.84,2,-1,-1
436,-1,270,232,35,46,0.90,2,-1,-1
436,-1,386,244,34,30,0.89,2,-1,-1
436,-1,312,128,13,14,0.84,2,-1,-1
437,-1,266,241,37,50,0.91,2,-1,-1
437,-1,383,232,30,30,0.88,2,-1,-1
437,-1,311,129,13,13,0.85,2,-1,-1
438,-1,262,249,38,52,0.91,2,-1,-1
438,-1,382,226,28,29,0.88,2,-1,-1
438,-1,312,130,13,14,0.85,2,-1,-1
439,-1,255,262,44,56,0.91,2,-1,-1
439,-1,380,217,28,28,0.88,2,-1,-1
439,-1,311,130,13,14,0.85,2,-1,-1
440,-1,254,272,43,60,0.92,2,-1,-1
440,-1,378,212,28,26,0.88,2,-1,-1
440,-1,311,131,14,14,0.86,2,-1,-1
441,-1,248,284,46,70,0.91,2,-1,-1
441,-1,376,206,25,24,0.87,2,-1,-1
441,-1,311,133,14,13,0.85,2,-1,-1
442,-1,242,297,50,72,0.93,2,-1,-1
442,-1,374,200,24,26,0.87,2,-1,-1
442,-1,311,134,13,12,0.85,2,-1,-1
443,-1,232,318,56,80,0.92,2,-1,-1
443,-1,372,195,23,23,0.90,2,-1,-1
443,-1,310,135,14,13,0.85,2,-1,-1
444,-1,224,333,60,88,0.92,2,-1,-1
444,-1,372,192,23,22,0.87,2,-1,-1
444,-1,310,136,14,13,0.86,2,-1,-1
445,-1,216,360,64,101,0.92,2,-1,-1
445,-1,369,186,22,22,0.88,2,-1,-1
445,-1,310,137,14,14,0.86,2,-1,-1
446,-1,208,383,68,110,0.93,2,-1,-1
446,-1,310,138,14,14,0.86,2,-1,-1
446,-1,368,183,22,21,0.85,2,-1,-1
447,-1,368,178,20,20,0.89,2,-1,-1
447,-1,309,138,14,14,0.86,2,-1,-1
448,-1,309,140,14,14,0.87,2,-1,-1
448,-1,367,176,20,20,0.87,2,-1,-1
449,-1,366,173,19,18,0.87,2,-1,-1
449,-1,308,142,14,14,0.86,2,-1,-1
450,-1,366,171,17,17,0.87,2,-1,-1
450,-1,308,142,15,15,0.86,2,-1,-1
451,-1,364,166,18,18,0.87,2,-1,-1
451,-1,308,144,15,15,0.87,2,-1,-1
452,-1,364,164,17,17,0.89,2,-1,-1
452,-1,307,145,16,16,0.86,2,-1,-1
452,-1,305,108,10,12,0.16,2,-1,-1
453,-1,362,162,16,16,0.86,2,-1,-1
453,-1,306,146,16,16,0.86,2,-1,-1
453,-1,305,108,10,12,0.17,2,-1,-1
454,-1,306,149,16,16,0.86,2,-1,-1
454,-1,360,156,17,17,0.85,2,-1,-1
454,-1,305,110,10,11,0.49,2,-1,-1
455,-1,306,150,16,16,0.86,2,-1,-1
455,-1,360,156,16,16,0.85,2,-1,-1
455,-1,305,109,10,11,0.50,2,-1,-1
456,-1,306,150,16,16,0.86,2,-1,-1
456,-1,360,155,16,16,0.86,2,-1,-1
456,-1,305,109,10,11,0.50,2,-1,-1
457,-1,304,154,17,17,0.87,2,-1,-1
457,-1,359,152,16,14,0.85,2,-1,-1
457,-1,305,110,10,11,0.55,2,-1,-1
458,-1,304,154,17,17,0.86,2,-1,-1
458,-1,358,152,16,15,0.85,2,-1,-1
458,-1,305,110,10,11,0.55,2,-1,-1
459,-1,358,149,15,16,0.86,2,-1,-1
459,-1,304,156,17,17,0.86,2,-1,-1
459,-1,305,110,10,11,0.54,2,-1,-1
460,-1,357,148,14,14,0.86,2,-1,-1
460,-1,304,157,17,18,0.86,2,-1,-1
460,-1,305,111,10,10,0.44,2,-1,-1
461,-1,356,146,13,14,0.87,2,-1,-1
461,-1,303,159,17,18,0.86,2,-1,-1
461,-1,305,111,10,10,0.44,2,-1,-1
462,-1,356,145,14,14,0.87,2,-1,-1
462,-1,302,161,18,18,0.86,2,-1,-1
462,-1,304,113,10,10,0.58,2,-1,-1
463,-1,302,162,18,20,0.87,2,-1,-1
463,-1,355,143,13,13,0.86,2,-1,-1
463,-1,304,113,10,11,0.62,2,-1,-1
464,-1,499,300,130,157,0.92,7,-1,-1
464,-1,300,168,19,19,0.87,2,-1,-1
464,-1,354,140,13,13,0.84,2,-1,-1
464,-1,304,113,10,11,0.68,2,-1,-1
465,-1,500,300,129,157,0.92,7,-1,-1
465,-1,300,168,19,19,0.87,2,-1,-1
465,-1,354,139,13,14,0.85,2,-1,-1
465,-1,304,113,10,11,0.68,2,-1,-1
466,-1,491,286,121,149,0.92,7,-1,-1
466,-1,300,170,19,20,0.88,2,-1,-1
466,-1,354,139,13,13,0.85,2,-1,-1
466,-1,302,113,11,12,0.57,2,-1,-1
467,-1,482,274,109,134,0.93,7,-1,-1
467,-1,298,173,20,21,0.87,2,-1,-1
467,-1,353,137,12,12,0.86,2,-1,-1
467,-1,302,113,11,12,0.56,2,-1,-1
468,-1,467,250,97,119,0.92,7,-1,-1
468,-1,296,179,21,22,0.89,2,-1,-1
468,-1,352,135,12,12,0.85,2,-1,-1
468,-1,302,110,12,15,0.51,7,-1,-1
469,-1,467,250,97,119,0.92,7,-1,-1
469,-1,296,179,21,22,0.89,2,-1,-1
469,-1,352,135,12,12,0.85,2,-1,-1
469,-1,302,110,12,16,0.77,7,-1,-1
470,-1,461,248,93,109,0.92,7,-1,-1
470,-1,296,181,22,22,0.87,2,-1,-1
470,-1,352,134,12,12,0.86,2,-1,-1
470,-1,301,111,12,16,0.74,7,-1,-1
471,-1,453,238,87,101,0.92,7,-1,-1
471,-1,294,184,22,24,0.89,2,-1,-1
471,-1,351,133,12,12,0.85,2,-1,-1
471,-1,301,111,12,16,0.76,7,-1,-1
472,-1,449,232,82,96,0.92,7,-1,-1
472,-1,293,187,23,24,0.90,2,-1,-1
472,-1,350,132,12,12,0.84,2,-1,-1
472,-1,301,111,12,16,0.79,7,-1,-1
472,-1,320,112,8,8,0.32,2,-1,-1
473,-1,443,223,76,91,0.93,7,-1,-1
473,-1,291,192,24,25,0.89,2,-1,-1
473,-1,351,130,11,12,0.86,2,-1,-1
473,-1,301,111,12,16,0.80,7,-1,-1
473,-1,320,112,8,8,0.57,2,-1,-1
474,-1,440,218,72,86,0.92,7,-1,-1
474,-1,290,194,25,26,0.89,2,-1,-1
474,-1,351,130,11,12,0.85,2,-1,-1
474,-1,300,112,12,16,0.82,7,-1,-1
474,-1,320,112,8,8,0.56,2,-1,-1
475,-1,434,211,68,81,0.92,7,-1,-1
475,-1,288,200,25,26,0.89,2,-1,-1
475,-1,351,128,10,12,0.86,2,-1,-1
475,-1,300,112,12,16,0.76,7,-1,-1
475,-1,320,112,8,8,0.55,2,-1,-1
476,-1,432,206,66,80,0.91,7,-1,-1
476,-1,288,203,25,28,0.88,2,-1,-1
476,-1,351,128,10,12,0.85,2,-1,-1
476,-1,299,113,12,16,0.82,7,-1,-1
476,-1,320,113,8,9,0.41,2,-1,-1
477,-1,428,201,64,74,0.91,7,-1,-1
477,-1,286,208,26,29,0.88,2,-1,-1
477,-1,350,127,10,11,0.85,2,-1,-1
477,-1,299,113,12,16,0.82,7,-1,-1
477,-1,320,114,9,9,0.46,2,-1,-1
478,-1,424,196,60,73,0.91,7,-1,-1
478,-1,284,212,28,30,0.89,2,-1,-1
478,-1,350,127,10,11,0.85,2,-1,-1
478,-1,299,113,12,16,0.83,7,-1,-1
478,-1,320,114,9,9,0.63,2,-1,-1
479,-1,422,191,56,68,0.92,7,-1,-1
479,-1,282,218,28,32,0.90,2,-1,-1
479,-1,298,112,13,18,0.86,7,-1,-1
479,-1,350,126,10,10,0.85,2,-1,-1
479,-1,320,114,9,9,0.68,2,-1,-1
480,-1,416,185,51,62,0.91,7,-1,-1
480,-1,276,230,32,36,0.90,2,-1,-1
480,-1,298,114,13,17,0.86,7,-1,-1
480,-1,349,124,10,10,0.86,2,-1,-1
480,-1,320,116,9,9,0.79,2,-1,-1
481,-1,416,185,51,62,0.91,7,-1,-1
481,-1,276,230,32,36,0.90,2,-1,-1
481,-1,298,113,13,18,0.87,7,-1,-1
481,-1,348,124,10,10,0.86,2,-1,-1
481,-1,320,116,9,9,0.78,2,-1,-1
482,-1,414,183,50,59,0.91,7,-1,-1
482,-1,274,236,33,38,0.90,2,-1,-1
482,-1,348,123,10,11,0.86,2,-1,-1
482,-1,298,114,13,18,0.86,7,-1,-1
482,-1,320,116,9,9,0.77,2,-1,-1
483,-1,411,177,48,58,0.92,7,-1,-1
483,-1,272,244,34,40,0.90,2,-1,-1
483,-1,298,114,13,18,0.86,7,-1,-1
483,-1,348,122,10,11,0.85,2,-1,-1
483,-1,320,117,10,9,0.76,2,-1,-1
484,-1,409,176,46,56,0.90,7,-1,-1
484,-1,270,251,34,42,0.90,2,-1,-1
484,-1,297,114,14,18,0.86,7,-1,-1
484,-1,348,122,10,10,0.82,2,-1,-1
484,-1,319,117,10,10,0.78,2,-1,-1
485,-1,266,259,36,44,0.91,2,-1,-1
485,-1,408,173,45,54,0.91,7,-1,-1
485,-1,297,114,14,18,0.86,7,-1,-1
485,-1,319,117,10,10,0.78,2,-1,-1
485,-1,348,121,10,10,0.74,2,-1,-1
486,-1,262,266,39,47,0.92,2,-1,-1
486,-1,406,171,44,54,0.91,7,-1,-1
486,-1,296,116,14,18,0.85,7,-1,-1
486,-1,319,118,10,9,0.80,2,-1,-1
486,-1,347,120,10,10,0.72,2,-1,-1
487,-1,404,168,44,51,0.91,7,-1,-1
487,-1,257,279,42,51,0.91,2,-1,-1
487,-1,296,116,14,19,0.85,7,-1,-1
487,-1,319,118,10,10,0.76,2,-1,-1
487,-1,347,120,10,10,0.72,2,-1,-1
488,-1,253,294,44,55,0.91,2,-1,-1
488,-1,402,166,41,49,0.90,7,-1,-1
488,-1,296,116,14,20,0.86,7,-1,-1
488,-1,318,119,10,10,0.81,2,-1,-1
488,-1,347,119,10,10,0.71,2,-1,-1
489,-1,248,304,46,59,0.92,2,-1,-1
489,-1,400,162,39,49,0.90,7,-1,-1
489,-1,296,116,14,20,0.85,7,-1,-1
489,-1,319,119,10,10,0.77,2,-1,-1
489,-1,347,119,10,10,0.71,2,-1,-1
490,-1,243,316,48,63,0.93,2,-1,-1
490,-1,398,161,38,48,0.90,7,-1,-1
490,-1,296,116,15,20,0.86,7,-1,-1
490,-1,318,120,10,10,0.73,2,-1,-1
490,-1,347,119,10,10,0.69,2,-1,-1
491,-1,234,337,54,70,0.94,2,-1,-1
491,-1,397,158,36,46,0.89,7,-1,-1
491,-1,296,116,15,20,0.86,7,-1,-1
491,-1,347,119,10,10,0.74,2,-1,-1
491,-1,318,121,10,10,0.73,2,-1,-1
492,-1,228,352,57,77,0.92,2,-1,-1
492,-1,395,156,36,46,0.90,7,-1,-1
492,-1,295,118,15,20,0.87,7,-1,-1
492,-1,346,118,10,10,0.76,2,-1,-1
492,-1,318,121,11,10,0.74,2,-1,-1
493,-1,218,378,62,87,0.92,2,-1,-1
493,-1,394,154,34,44,0.89,7,-1,-1
493,-1,294,118,16,20,0.87,7,-1,-1
493,-1,318,122,10,10,0.79,2,-1,-1
493,-1,346,117,9,9,0.69,2,-1,-1
494,-1,210,400,66,96,0.93,2,-1,-1
494,-1,393,154,33,42,0.90,7,-1,-1
494,-1,294,118,16,20,0.87,7,-1,-1
494,-1,318,122,10,11,0.81,2,-1,-1
494,-1,346,117,9,9,0.64,2,-1,-1
495,-1,391,151,32,41,0.90,7,-1,-1
495,-1,294,118,16,20,0.88,7,-1,-1
495,-1,318,123,11,11,0.84,2,-1,-1
495,-1,346,116,9,9,0.76,2,-1,-1
496,-1,390,150,32,40,0.89,7,-1,-1
496,-1,293,118,16,21,0.88,7,-1,-1
496,-1,318,123,11,10,0.85,2,-1,-1
496,-1,346,116,9,9,0.78,2,-1,-1
497,-1,388,148,32,40,0.90,7,-1,-1
497,-1,292,120,16,20,0.88,7,-1,-1
497,-1,318,124,10,11,0.82,2,-1,-1
497,-1,345,115,9,9,0.72,2,-1,-1
498,-1,386,146,32,40,0.89,7,-1,-1
498,-1,292,120,17,21,0.88,7,-1,-1
498,-1,316,125,11,11,0.83,2,-1,-1
498,-1,344,114,9,9,0.66,2,-1,-1
499,-1,384,145,32,38,0.89,7,-1,-1
499,-1,292,120,17,22,0.87,7,-1,-1
499,-1,316,125,12,12,0.83,2,-1,-1
499,-1,344,114,9,9,0.67,2,-1,-1
500,-1,384,144,30,37,0.90,7,-1,-1
500,-1,292,120,17,22,0.87,7,-1,-1
500,-1,316,126,12,12,0.82,2,-1,-1
500,-1,344,113,9,10,0.65,2,-1,-1
501,-1,291,122,16,21,0.88,7,-1,-1
501,-1,384,142,29,36,0.88,7,-1,-1
501,-1,315,127,12,12,0.79,2,-1,-1
501,-1,344,113,8,9,0.67,2,-1,-1
502,-1,290,123,17,21,0.88,7,-1,-1
502,-1,383,141,29,36,0.88,7,-1,-1
502,-1,316,128,12,12,0.80,2,-1,-1
502,-1,344,112,8,9,0.69,2,-1,-1
503,-1,382,139,28,35,0.89,7,-1,-1
503,-1,289,123,18,22,0.88,7,-1,-1
503,-1,316,128,12,13,0.80,2,-1,-1
503,-1,344,112,8,9,0.60,2,-1,-1
504,-1,380,138,28,35,0.89,7,-1,-1
504,-1,289,124,18,21,0.88,7,-1,-1
504,-1,315,129,12,13,0.84,2,-1,-1
504,-1,344,112,8,9,0.60,2,-1,-1
505,-1,288,124,18,23,0.88,7,-1,-1
505,-1,379,138,28,33,0.87,7,-1,-1
505,-1,315,130,12,12,0.83,2,-1,-1
505,-1,344,111,8,9,0.46,2,-1,-1
506,-1,288,126,18,21,0.87,7,-1,-1
506,-1,378,136,28,33,0.87,7,-1,-1
506,-1,314,131,12,12,0.83,2,-1,-1
506,-1,344,111,8,8,0.31,2,-1,-1
507,-1,288,126,17,22,0.86,7,-1,-1
507,-1,377,135,26,32,0.86,7,-1,-1
507,-1,314,132,13,13,0.82,2,-1,-1
507,-1,343,111,8,8,0.23,2,-1,-1
508,-1,288,126,18,22,0.86,7,-1,-1
508,-1,376,134,26,32,0.85,7,-1,-1
508,-1,314,133,13,13,0.82,2,-1,-1
508,-1,344,111,8,8,0.24,2,-1,-1
509,-1,286,127,18,23,0.87,7,-1,-1
509,-1,375,132,26,32,0.87,7,-1,-1
509,-1,314,134,13,13,0.82,2,-1,-1
509,-1,343,110,8,8,0.15,2,-1,-1
510,-1,286,128,18,23,0.87,7,-1,-1
510,-1,375,132,25,31,0.87,7,-1,-1
510,-1,314,136,12,13,0.82,2,-1,-1
510,-1,343,111,8,8,0.18,2,-1,-1
511,-1,285,128,18,23,0.88,7,-1,-1
511,-1,313,137,13,13,0.85,2,-1,-1
511,-1,374,131,24,30,0.84,7,-1,-1
511,-1,344,110,7,8,0.24,2,-1,-1
512,-1,285,129,18,24,0.88,7,-1,-1
512,-1,313,138,13,13,0.85,2,-1,-1
512,-1,374,130,24,30,0.84,7,-1,-1
512,-1,344,110,7,8,0.13,2,-1,-1
513,-1,284,129,19,24,0.88,7,-1,-1
513,-1,372,129,24,30,0.87,7,-1,-1
513,-1,312,140,13,14,0.86,2,-1,-1
513,-1,343,108,7,8,0.15,2,-1,-1
514,-1,283,130,19,24,0.88,7,-1,-1
514,-1,312,141,12,13,0.86,2,-1,-1
514,-1,372,128,23,29,0.86,7,-1,-1
514,-1,343,108,8,8,0.14,2,-1,-1
515,-1,282,131,20,25,0.88,7,-1,-1
515,-1,371,128,22,28,0.86,7,-1,-1
515,-1,312,143,13,13,0.85,2,-1,-1
516,-1,281,133,20,24,0.87,7,-1,-1
516,-1,370,126,22,28,0.84,7,-1,-1
516,-1,311,144,14,14,0.84,2,-1,-1
517,-1,280,131,20,26,0.87,7,-1,-1
517,-1,310,146,14,14,0.86,2,-1,-1
517,-1,370,126,22,28,0.85,7,-1,-1
518,-1,280,132,20,26,0.88,7,-1,-1
518,-1,310,147,14,14,0.86,2,-1,-1
518,-1,369,126,22,27,0.81,7,-1,-1
519,-1,279,134,21,26,0.88,7,-1,-1
519,-1,368,124,22,27,0.85,7,-1,-1
519,-1,309,148,14,14,0.84,2,-1,-1
520,-1,279,135,21,26,0.88,7,-1,-1
520,-1,308,151,15,14,0.86,2,-1,-1
520,-1,368,123,21,27,0.85,7,-1,-1
521,-1,278,134,22,28,0.88,7,-1,-1
521,-1,308,152,15,15,0.87,2,-1,-1
521,-1,368,123,20,26,0.83,7,-1,-1
522,-1,277,136,22,28,0.88,7,-1,-1
522,-1,308,154,15,15,0.87,2,-1,-1
522,-1,367,123,20,26,0.78,7,-1,-1
523,-1,276,136,22,29,0.88,7,-1,-1
523,-1,307,156,15,16,0.85,2,-1,-1
523,-1,366,121,21,26,0.85,7,-1,-1
524,-1,276,138,22,28,0.87,7,-1,-1
524,-1,366,120,20,27,0.87,7,-1,-1
524,-1,306,157,16,16,0.86,2,-1,-1
525,-1,275,139,22,28,0.87,7,-1,-1
525,-1,305,160,16,16,0.86,2,-1,-1
525,-1,366,120,20,25,0.84,7,-1,-1
526,-1,274,140,22,29,0.87,7,-1,-1
526,-1,304,162,17,17,0.85,2,-1,-1
526,-1,365,120,20,24,0.83,7,-1,-1
527,-1,273,141,22,30,0.88,7,-1,-1
527,-1,304,165,16,18,0.86,2,-1,-1
527,-1,364,119,20,24,0.84,7,-1,-1
528,-1,272,142,23,30,0.88,7,-1,-1
528,-1,304,167,17,18,0.86,2,-1,-1
528,-1,364,119,20,24,0.84,7,-1,-1
529,-1,271,143,24,31,0.88,7,-1,-1
529,-1,302,170,18,18,0.86,2,-1,-1
529,-1,364,117,20,25,0.85,7,-1,-1
530,-1,270,144,24,32,0.87,7,-1,-1
530,-1,302,172,17,19,0.86,2,-1,-1
530,-1,364,117,19,24,0.84,7,-1,-1
531,-1,269,145,25,32,0.89,7,-1,-1
531,-1,302,176,18,20,0.87,2,-1,-1
531,-1,363,117,19,24,0.83,7,-1,-1
532,-1,268,147,25,32,0.90,7,-1,-1
532,-1,300,180,18,20,0.88,2,-1,-1
532,-1,363,117,19,23,0.83,7,-1,-1
533,-1,267,149,25,32,0.89,7,-1,-1
533,-1,299,182,20,22,0.86,2,-1,-1
533,-1,362,117,18,22,0.81,7,-1,-1
534,-1,298,187,20,22,0.88,2,-1,-1
534,-1,266,150,25,33,0.88,7,-1,-1
534,-1,362,115,17,22,0.84,7,-1,-1
535,-1,265,151,26,34,0.88,7,-1,-1
535,-1,297,190,21,23,0.86,2,-1,-1
535,-1,362,115,17,22,0.82,7,-1,-1
536,-1,296,194,22,23,0.89,2,-1,-1
536,-1,264,152,26,34,0.88,7,-1,-1
536,-1,362,114,17,22,0.81,7,-1,-1
537,-1,262,154,26,34,0.88,7,-1,-1
537,-1,294,199,23,24,0.87,2,-1,-1
537,-1,361,114,17,22,0.84,7,-1,-1
538,-1,292,203,24,25,0.90,2,-1,-1
538,-1,261,155,27,36,0.89,7,-1,-1
538,-1,361,114,17,22,0.84,7,-1,-1
539,-1,291,209,24,27,0.90,2,-1,-1
539,-1,259,155,28,38,0.89,7,-1,-1
539,-1,360,114,16,21,0.79,7,-1,-1
540,-1,289,214,26,28,0.89,2,-1,-1
540,-1,258,156,28,39,0.88,7,-1,-1
540,-1,360,113,16,20,0.72,7,-1,-1
541,-1,287,221,26,30,0.89,2,-1,-1
541,-1,256,159,29,39,0.88,7,-1,-1
541,-1,360,113,16,20,0.73,7,-1,-1
542,-1,285,226,28,31,0.90,2,-1,-1
542,-1,256,163,28,38,0.89,7,-1,-1
542,-1,360,113,15,20,0.59,7,-1,-1
543,-1,282,235,30,34,0.89,2,-1,-1
543,-1,253,164,30,40,0.89,7,-1,-1
543,-1,359,111,15,20,0.73,7,-1,-1
544,-1,280,243,31,34,0.91,2,-1,-1
544,-1,252,166,30,40,0.89,7,-1,-1
544,-1,359,111,15,20,0.73,7,-1,-1
545,-1,276,253,32,37,0.90,2,-1,-1
545,-1,249,168,32,42,0.89,7,-1,-1
545,-1,358,110,15,20,0.79,7,-1,-1
546,-1,248,170,32,43,0.90,7,-1,-1
546,-1,273,262,35,40,0.90,2,-1,-1
546,-1,358,110,15,20,0.79,7,-1,-1
547,-1,268,276,38,44,0.91,2,-1,-1
547,-1,245,172,33,44,0.90,7,-1,-1
547,-1,358,110,15,20,0.77,7,-1,-1
548,-1,259,303,43,51,0.92,2,-1,-1
548,-1,241,179,35,44,0.90,7,-1,-1
548,-1,357,110,15,19,0.71,7,-1,-1
549,-1,258,303,44,51,0.92,2,-1,-1
549,-1,241,179,35,44,0.90,7,-1,-1
549,-1,358,110,15,19,0.72,7,-1,-1
550,-1,255,317,46,54,0.92,2,-1,-1
550,-1,239,179,36,48,0.91,7,-1,-1
550,-1,357,110,14,19,0.76,7,-1,-1
551,-1,247,340,50,62,0.92,2,-1,-1
551,-1,237,182,36,49,0.90,7,-1,-1
551,-1,356,110,14,18,0.54,7,-1,-1
552,-1,241,358,54,68,0.92,2,-1,-1
552,-1,234,186,37,49,0.90,7,-1,-1
552,-1,356,110,14,18,0.53,7,-1,-1
553,-1,230,389,60,78,0.93,2,-1,-1
553,-1,231,188,39,52,0.91,7,-1,-1
553,-1,356,110,14,17,0.52,2,-1,-1
554,-1,223,412,64,88,0.92,2,-1,-1
554,-1,228,192,40,52,0.91,7,-1,-1
554,-1,356,110,14,17,0.53,2,-1,-1
555,-1,224,196,41,55,0.91,7,-1,-1
555,-1,356,110,14,16,0.62,2,-1,-1
556,-1,222,199,43,56,0.91,7,-1,-1
556,-1,356,110,14,16,0.67,2,-1,-1
557,-1,217,202,45,60,0.91,7,-1,-1
557,-1,356,109,14,16,0.68,2,-1,-1
558,-1,214,205,46,62,0.92,7,-1,-1
558,-1,355,109,13,16,0.69,2,-1,-1
559,-1,209,209,48,66,0.92,7,-1,-1
559,-1,355,109,12,14,0.71,2,-1,-1
560,-1,205,214,50,70,0.91,7,-1,-1
560,-1,354,109,12,15,0.67,2,-1,-1
561,-1,201,217,51,74,0.90,7,-1,-1
561,-1,354,109,12,14,0.65,2,-1,-1
562,-1,196,226,53,74,0.92,7,-1,-1
562,-1,354,109,12,14,0.66,2,-1,-1
563,-1,192,231,56,76,0.91,7,-1,-1
563,-1,354,109,12,13,0.66,2,-1,-1
564,-1,185,237,60,82,0.91,7,-1,-1
564,-1,354,109,12,14,0.67,2,-1,-1
565,-1,180,244,62,84,0.92,7,-1,-1
565,-1,354,109,12,12,0.67,2,-1,-1
566,-1,165,258,69,93,0.92,7,-1,-1
566,-1,353,108,12,13,0.67,2,-1,-1
567,-1,165,258,69,94,0.92,7,-1,-1
567,-1,353,108,12,13,0.67,2,-1,-1
568,-1,157,266,71,100,0.91,7,-1,-1
568,-1,353,108,12,13,0.69,2,-1,-1
569,-1,149,274,75,105,0.92,7,-1,-1
569,-1,353,108,12,13,0.71,2,-1,-1
570,-1,139,286,80,112,0.92,7,-1,-1
570,-1,353,108,11,12,0.73,2,-1,-1
571,-1,131,292,84,121,0.94,7,-1,-1
571,-1,352,107,11,13,0.72,2,-1,-1
572,-1,118,306,90,131,0.93,7,-1,-1
572,-1,352,107,11,13,0.72,2,-1,-1
573,-1,108,316,94,140,0.92,7,-1,-1
573,-1,352,106,11,12,0.74,2,-1,-1
574,-1,90,334,103,152,0.93,7,-1,-1
574,-1,352,107,11,12,0.73,2,-1,-1
575,-1,79,347,107,161,0.93,7,-1,-1
575,-1,352,107,11,12,0.73,2,-1,-1
576,-1,66,361,114,171,0.93,7,-1,-1
576,-1,352,106,11,12,0.69,2,-1,-1
577,-1,352,105,10,12,0.57,2,-1,-1
578,-1,352,105,10,12,0.57,2,-1,-1
579,-1,352,105,10,12,0.59,2,-1,-1
580,-1,352,106,10,11,0.65,2,-1,-1
581,-1,352,105,10,11,0.62,2,-1,-1
582,-1,352,105,10,11,0.62,2,-1,-1
583,-1,351,103,10,13,0.42,2,-1,-1
584,-1,351,103,10,12,0.40,2,-1,-1
585,-1,351,103,10,13,0.34,2,-1,-1
586,-1,351,103,10,12,0.44,2,-1,-1
587,-1,350,103,10,12,0.33,2,-1,-1
588,-1,350,103,10,12,0.33,2,-1,-1
589,-1,351,102,9,12,0.32,2,-1,-1
590,-1,350,102,9,12,0.28,2,-1,-1
591,-1,350,102,10,12,0.18,2,-1,-1
592,-1,350,101,9,12,0.19,2,-1,-1
593,-1,350,101,9,12,0.23,2,-1,-1
594,-1,350,101,9,12,0.29,2,-1,-1
595,-1,350,101,9,12,0.29,2,-1,-1
596,-1,350,101,9,12,0.29,2,-1,-1
597,-1,350,100,10,12,0.22,2,-1,-1
598,-1,350,101,10,11,0.40,2,-1,-1
599,-1,350,100,9,11,0.36,2,-1,-1
600,-1,350,100,10,12,0.33,2,-1,-1
601,-1,350,99,10,12,0.43,7,-1,-1
602,-1,349,97,10,14,0.56,7,-1,-1
603,-1,349,96,10,15,0.55,7,-1,-1
604,-1,349,96,10,15,0.55,7,-1,-1
605,-1,349,96,10,15,0.55,7,-1,-1
606,-1,349,96,10,14,0.43,7,-1,-1
607,-1,349,96,10,14,0.43,7,-1,-1
608,-1,349,97,10,14,0.40,7,-1,-1
609,-1,348,97,10,14,0.43,7,-1,-1
610,-1,348,96,10,14,0.30,7,-1,-1
611,-1,348,96,10,14,0.30,7,-1,-1
612,-1,-1,-1,-1,-1,-1,-1,-1,-1
613,-1,441,448,83,86,0.92,2,-1,-1
614,-1,431,410,72,74,0.92,2,-1,-1
615,-1,425,386,66,69,0.93,2,-1,-1
616,-1,419,366,61,64,0.93,2,-1,-1
617,-1,412,340,55,56,0.91,2,-1,-1
618,-1,406,318,50,50,0.91,2,-1,-1
619,-1,402,304,47,48,0.91,2,-1,-1
620,-1,398,286,43,44,0.90,2,-1,-1
621,-1,394,275,41,42,0.90,2,-1,-1
622,-1,390,261,39,39,0.89,2,-1,-1
623,-1,387,253,38,37,0.90,2,-1,-1
624,-1,385,243,35,34,0.89,2,-1,-1
625,-1,382,236,34,32,0.89,2,-1,-1
626,-1,380,226,31,32,0.88,2,-1,-1
627,-1,378,221,30,30,0.88,2,-1,-1
628,-1,376,214,29,28,0.89,2,-1,-1
629,-1,374,208,28,28,0.88,2,-1,-1
630,-1,372,200,26,28,0.89,2,-1,-1
631,-1,370,197,26,26,0.88,2,-1,-1
632,-1,369,193,25,24,0.87,2,-1,-1
633,-1,368,190,24,23,0.86,2,-1,-1
634,-1,366,184,23,23,0.86,2,-1,-1
635,-1,366,182,22,22,0.87,2,-1,-1
636,-1,366,179,22,21,0.88,2,-1,-1
637,-1,497,299,136,182,0.93,7,-1,-1
637,-1,364,176,20,20,0.87,2,-1,-1
638,-1,485,284,124,164,0.93,7,-1,-1
638,-1,362,172,21,20,0.85,2,-1,-1
639,-1,478,272,117,156,0.92,7,-1,-1
639,-1,362,167,20,22,0.85,2,-1,-1
640,-1,468,258,108,143,0.93,7,-1,-1
640,-1,361,166,19,19,0.87,2,-1,-1
641,-1,462,250,102,135,0.92,7,-1,-1
641,-1,360,164,18,18,0.87,2,-1,-1
642,-1,455,240,94,123,0.93,7,-1,-1
642,-1,360,160,18,19,0.86,2,-1,-1
643,-1,450,233,90,117,0.93,7,-1,-1
643,-1,359,159,18,18,0.86,2,-1,-1
644,-1,444,224,83,110,0.92,7,-1,-1
644,-1,359,158,17,16,0.85,2,-1,-1
645,-1,440,219,79,104,0.94,7,-1,-1
645,-1,358,156,17,15,0.84,2,-1,-1
646,-1,435,211,75,98,0.92,7,-1,-1
646,-1,358,154,17,15,0.87,2,-1,-1
647,-1,432,206,72,93,0.93,7,-1,-1
647,-1,357,152,17,15,0.86,2,-1,-1
648,-1,427,200,68,88,0.92,7,-1,-1
648,-1,356,150,16,14,0.86,2,-1,-1
649,-1,424,196,65,85,0.92,7,-1,-1
649,-1,355,149,15,15,0.86,2,-1,-1
650,-1,421,192,62,82,0.92,7,-1,-1
650,-1,355,147,15,14,0.85,2,-1,-1
651,-1,417,188,60,78,0.92,7,-1,-1
651,-1,354,146,14,14,0.86,2,-1,-1
652,-1,414,183,56,74,0.92,7,-1,-1
652,-1,354,144,14,14,0.85,2,-1,-1
653,-1,412,180,54,71,0.92,7,-1,-1
653,-1,354,143,14,13,0.84,2,-1,-1
654,-1,409,176,52,68,0.93,7,-1,-1
654,-1,352,142,14,12,0.84,2,-1,-1
655,-1,407,173,51,66,0.91,7,-1,-1
655,-1,352,140,14,12,0.85,2,-1,-1
656,-1,404,170,48,63,0.93,7,-1,-1
656,-1,352,139,14,12,0.85,2,-1,-1
657,-1,402,168,48,61,0.92,7,-1,-1
657,-1,352,138,14,12,0.85,2,-1,-1
658,-1,400,164,47,59,0.91,7,-1,-1
658,-1,351,136,13,12,0.86,2,-1,-1
658,-1,320,112,8,7,0.16,2,-1,-1
659,-1,398,162,46,57,0.92,7,-1,-1
659,-1,351,135,13,13,0.86,2,-1,-1
659,-1,320,112,8,7,0.15,2,-1,-1
660,-1,396,160,44,56,0.91,7,-1,-1
660,-1,350,133,13,12,0.86,2,-1,-1
660,-1,320,112,8,8,0.21,2,-1,-1
661,-1,395,157,41,54,0.92,7,-1,-1
661,-1,350,132,13,13,0.87,2,-1,-1
661,-1,320,113,8,8,0.52,2,-1,-1
662,-1,394,156,40,53,0.92,7,-1,-1
662,-1,350,131,12,12,0.87,2,-1,-1
662,-1,320,113,8,8,0.54,2,-1,-1
663,-1,392,154,39,50,0.91,7,-1,-1
663,-1,350,130,12,12,0.88,2,-1,-1
663,-1,319,113,8,8,0.41,2,-1,-1
664,-1,390,151,38,49,0.92,7,-1,-1
664,-1,349,129,12,12,0.87,2,-1,-1
664,-1,318,113,9,8,0.36,2,-1,-1
665,-1,389,150,37,48,0.90,7,-1,-1
665,-1,349,129,12,12,0.87,2,-1,-1
665,-1,318,113,9,8,0.36,2,-1,-1
666,-1,387,147,36,47,0.91,7,-1,-1
666,-1,349,127,12,12,0.85,2,-1,-1
666,-1,318,115,9,9,0.41,2,-1,-1
667,-1,386,146,35,47,0.91,7,-1,-1
667,-1,348,128,12,11,0.85,2,-1,-1
667,-1,318,115,9,9,0.42,2,-1,-1
668,-1,384,144,34,45,0.90,7,-1,-1
668,-1,348,126,11,10,0.85,2,-1,-1
668,-1,318,115,9,10,0.67,2,-1,-1
669,-1,384,143,33,44,0.90,7,-1,-1
669,-1,348,126,11,10,0.86,2,-1,-1
669,-1,318,116,10,10,0.62,2,-1,-1
670,-1,382,141,32,42,0.90,7,-1,-1
670,-1,347,125,12,11,0.85,2,-1,-1
670,-1,318,115,10,10,0.61,2,-1,-1
671,-1,382,139,32,42,0.90,7,-1,-1
671,-1,347,124,12,10,0.86,2,-1,-1
671,-1,318,115,10,11,0.73,2,-1,-1
672,-1,380,138,31,41,0.91,7,-1,-1
672,-1,347,123,12,11,0.85,2,-1,-1
672,-1,318,115,10,11,0.73,2,-1,-1
673,-1,379,137,32,41,0.90,7,-1,-1
673,-1,348,123,11,10,0.85,2,-1,-1
673,-1,317,117,10,10,0.52,2,-1,-1
674,-1,378,135,30,40,0.89,7,-1,-1
674,-1,347,122,10,10,0.83,2,-1,-1
674,-1,316,117,10,10,0.65,2,-1,-1
675,-1,378,134,29,40,0.89,7,-1,-1
675,-1,347,122,11,10,0.82,2,-1,-1
675,-1,316,118,10,10,0.64,2,-1,-1
676,-1,376,133,29,38,0.90,7,-1,-1
676,-1,346,122,10,9,0.74,2,-1,-1
676,-1,316,118,10,11,0.61,2,-1,-1
677,-1,376,132,29,38,0.88,7,-1,-1
677,-1,346,120,11,10,0.77,2,-1,-1
677,-1,316,118,10,10,0.73,2,-1,-1
678,-1,375,130,28,37,0.89,7,-1,-1
678,-1,346,120,10,10,0.78,2,-1,-1
678,-1,316,119,10,11,0.70,2,-1,-1
679,-1,374,130,28,37,0.89,7,-1,-1
679,-1,346,120,10,10,0.79,2,-1,-1
679,-1,316,119,10,11,0.70,2,-1,-1
680,-1,373,129,28,36,0.88,7,-1,-1
680,-1,345,119,10,9,0.80,2,-1,-1
680,-1,316,120,10,10,0.73,2,-1,-1
681,-1,372,128,28,36,0.88,7,-1,-1
681,-1,345,119,10,9,0.81,2,-1,-1
681,-1,316,120,10,10,0.73,2,-1,-1
682,-1,372,127,26,34,0.88,7,-1,-1
682,-1,315,122,10,11,0.80,2,-1,-1
682,-1,345,119,10,10,0.77,2,-1,-1
683,-1,372,126,26,34,0.89,7,-1,-1
683,-1,314,122,11,11,0.82,2,-1,-1
683,-1,345,117,10,10,0.78,2,-1,-1
684,-1,371,126,26,33,0.88,7,-1,-1
684,-1,314,123,11,11,0.82,2,-1,-1
684,-1,345,117,9,10,0.79,2,-1,-1
685,-1,370,124,24,33,0.88,7,-1,-1
685,-1,314,124,11,11,0.80,2,-1,-1
685,-1,344,117,9,9,0.74,2,-1,-1
686,-1,369,123,24,33,0.88,7,-1,-1
686,-1,314,124,12,11,0.81,2,-1,-1
686,-1,345,116,8,10,0.80,2,-1,-1
686,-1,309,111,8,8,0.13,2,-1,-1
687,-1,368,123,24,32,0.88,7,-1,-1
687,-1,314,126,12,12,0.78,2,-1,-1
687,-1,344,115,9,9,0.73,2,-1,-1
687,-1,309,111,8,9,0.18,2,-1,-1
688,-1,368,122,24,32,0.88,7,-1,-1
688,-1,312,126,12,12,0.82,2,-1,-1
688,-1,344,115,8,10,0.75,2,-1,-1
689,-1,368,122,23,32,0.88,7,-1,-1
689,-1,312,126,12,11,0.82,2,-1,-1
689,-1,344,114,9,9,0.75,2,-1,-1
690,-1,434,438,76,78,0.92,2,-1,-1
690,-1,367,121,22,31,0.88,7,-1,-1
690,-1,312,128,12,12,0.79,2,-1,-1
690,-1,344,114,8,9,0.54,2,-1,-1
691,-1,429,410,68,72,0.92,2,-1,-1
691,-1,366,120,22,31,0.88,7,-1,-1
691,-1,312,128,12,12,0.81,2,-1,-1
691,-1,344,113,8,9,0.61,2,-1,-1
692,-1,420,376,61,63,0.92,2,-1,-1
692,-1,366,119,23,30,0.88,7,-1,-1
692,-1,312,128,12,12,0.84,2,-1,-1
692,-1,344,113,8,8,0.63,2,-1,-1
692,-1,307,112,9,9,0.47,2,-1,-1
693,-1,416,355,56,60,0.91,2,-1,-1
693,-1,366,118,22,30,0.88,7,-1,-1
693,-1,312,128,12,12,0.84,2,-1,-1
693,-1,343,112,8,9,0.51,2,-1,-1
693,-1,307,112,9,9,0.47,2,-1,-1
694,-1,408,330,51,53,0.92,2,-1,-1
694,-1,365,118,22,29,0.88,7,-1,-1
694,-1,312,130,12,12,0.85,2,-1,-1
694,-1,306,113,10,10,0.56,2,-1,-1
694,-1,343,112,8,9,0.52,2,-1,-1
695,-1,404,314,48,50,0.92,2,-1,-1
695,-1,364,117,22,29,0.88,7,-1,-1
695,-1,312,131,12,12,0.85,2,-1,-1
695,-1,306,114,10,9,0.62,2,-1,-1
695,-1,342,112,9,8,0.57,2,-1,-1
696,-1,400,295,44,46,0.90,2,-1,-1
696,-1,364,116,22,29,0.88,7,-1,-1
696,-1,311,132,12,12,0.83,2,-1,-1
696,-1,306,115,9,9,0.75,2,-1,-1
696,-1,342,112,8,8,0.49,2,-1,-1
697,-1,396,284,42,43,0.91,2,-1,-1
697,-1,364,116,22,28,0.87,7,-1,-1
697,-1,311,132,12,13,0.84,2,-1,-1
697,-1,305,115,10,9,0.78,2,-1,-1
697,-1,342,112,8,8,0.42,2,-1,-1
698,-1,392,268,39,40,0.90,2,-1,-1
698,-1,362,115,22,29,0.87,7,-1,-1
698,-1,310,134,13,13,0.83,2,-1,-1
698,-1,305,115,9,9,0.81,2,-1,-1
698,-1,342,111,8,8,0.37,2,-1,-1
699,-1,390,259,38,38,0.90,2,-1,-1
699,-1,362,115,21,28,0.86,7,-1,-1
699,-1,310,135,13,13,0.82,2,-1,-1
699,-1,304,116,10,10,0.78,2,-1,-1
699,-1,342,111,8,8,0.31,2,-1,-1
700,-1,386,247,37,36,0.90,2,-1,-1
700,-1,310,137,13,13,0.86,2,-1,-1
700,-1,362,114,21,28,0.86,7,-1,-1
700,-1,304,117,10,9,0.81,2,-1,-1
700,-1,342,111,8,8,0.28,2,-1,-1
701,-1,384,240,34,34,0.90,2,-1,-1
701,-1,310,138,13,13,0.86,2,-1,-1
701,-1,362,114,21,28,0.86,7,-1,-1
701,-1,304,117,10,10,0.80,2,-1,-1
701,-1,342,111,8,8,0.21,2,-1,-1
702,-1,382,231,31,31,0.88,2,-1,-1
702,-1,361,113,20,27,0.87,7,-1,-1
702,-1,309,138,14,14,0.85,2,-1,-1
702,-1,303,118,10,10,0.81,2,-1,-1
702,-1,342,111,8,8,0.16,2,-1,-1
703,-1,380,224,30,31,0.89,2,-1,-1
703,-1,361,112,20,27,0.87,7,-1,-1
703,-1,308,138,14,15,0.87,2,-1,-1
703,-1,302,118,10,10,0.80,2,-1,-1
704,-1,378,217,29,29,0.88,2,-1,-1
704,-1,360,112,20,26,0.87,7,-1,-1
704,-1,308,140,14,14,0.84,2,-1,-1
704,-1,302,118,11,11,0.79,2,-1,-1
705,-1,377,212,28,28,0.90,2,-1,-1
705,-1,360,112,20,26,0.87,7,-1,-1
705,-1,308,141,14,14,0.85,2,-1,-1
705,-1,302,119,10,10,0.80,2,-1,-1
706,-1,375,204,26,26,0.87,2,-1,-1
706,-1,360,111,19,26,0.87,7,-1,-1
706,-1,307,144,14,14,0.85,2,-1,-1
706,-1,301,120,11,11,0.74,2,-1,-1
707,-1,463,242,172,261,0.90,7,-1,-1
707,-1,373,200,26,26,0.89,2,-1,-1
707,-1,360,111,19,26,0.87,7,-1,-1
707,-1,307,144,14,15,0.85,2,-1,-1
707,-1,301,120,11,11,0.74,2,-1,-1
708,-1,372,194,25,25,0.91,2,-1,-1
708,-1,456,232,175,235,0.90,7,-1,-1
708,-1,360,110,18,25,0.87,7,-1,-1
708,-1,306,146,16,15,0.85,2,-1,-1
708,-1,301,120,10,11,0.76,2,-1,-1
709,-1,451,226,164,219,0.91,7,-1,-1
709,-1,370,192,25,24,0.88,2,-1,-1
709,-1,360,110,17,24,0.86,7,-1,-1
709,-1,306,147,16,16,0.85,2,-1,-1
709,-1,300,122,11,10,0.79,2,-1,-1
710,-1,444,218,144,198,0.92,7,-1,-1
710,-1,369,186,23,22,0.88,2,-1,-1
710,-1,359,110,17,24,0.85,7,-1,-1
710,-1,305,149,16,16,0.84,2,-1,-1
710,-1,299,123,11,10,0.81,2,-1,-1
711,-1,440,212,138,186,0.93,7,-1,-1
711,-1,368,183,22,23,0.86,2,-1,-1
711,-1,358,110,17,24,0.86,7,-1,-1
711,-1,304,150,16,16,0.85,2,-1,-1
711,-1,299,123,11,10,0.81,2,-1,-1
712,-1,436,207,126,168,0.92,7,-1,-1
712,-1,367,178,22,22,0.90,2,-1,-1
712,-1,304,152,17,16,0.86,2,-1,-1
712,-1,358,110,17,23,0.85,7,-1,-1
712,-1,298,124,12,11,0.83,2,-1,-1
713,-1,432,202,118,160,0.92,7,-1,-1
713,-1,366,176,20,21,0.87,2,-1,-1
713,-1,358,109,17,23,0.85,7,-1,-1
713,-1,303,154,17,16,0.85,2,-1,-1
713,-1,298,124,12,11,0.82,2,-1,-1
714,-1,428,196,109,148,0.93,7,-1,-1
714,-1,365,172,20,20,0.89,2,-1,-1
714,-1,358,109,17,23,0.86,7,-1,-1
714,-1,303,156,17,17,0.85,2,-1,-1
714,-1,296,126,12,11,0.84,2,-1,-1
715,-1,425,192,105,140,0.92,7,-1,-1
715,-1,364,170,20,20,0.88,2,-1,-1
715,-1,357,108,17,23,0.86,7,-1,-1
715,-1,296,126,12,11,0.85,2,-1,-1
715,-1,302,158,17,17,0.84,2,-1,-1
716,-1,421,186,97,130,0.92,7,-1,-1
716,-1,363,166,19,19,0.88,2,-1,-1
716,-1,358,108,16,23,0.86,7,-1,-1
716,-1,302,160,18,18,0.86,2,-1,-1
716,-1,295,128,12,11,0.84,2,-1,-1
717,-1,418,183,94,124,0.92,7,-1,-1
717,-1,362,164,19,18,0.88,2,-1,-1
717,-1,357,108,16,22,0.87,7,-1,-1
717,-1,301,162,18,18,0.85,2,-1,-1
717,-1,295,128,12,12,0.84,2,-1,-1
718,-1,416,180,88,116,0.93,7,-1,-1
718,-1,362,161,18,18,0.87,2,-1,-1
718,-1,357,108,16,22,0.87,7,-1,-1
718,-1,294,129,12,12,0.86,2,-1,-1
718,-1,300,164,20,20,0.86,2,-1,-1
719,-1,414,176,85,111,0.91,7,-1,-1
719,-1,361,159,17,18,0.88,2,-1,-1
719,-1,300,167,19,18,0.87,2,-1,-1
719,-1,294,129,12,12,0.87,2,-1,-1
719,-1,356,108,16,22,0.87,7,-1,-1
720,-1,410,173,80,103,0.92,7,-1,-1
720,-1,356,108,16,22,0.87,7,-1,-1
720,-1,293,131,12,12,0.87,2,-1,-1
720,-1,360,156,17,18,0.87,2,-1,-1
720,-1,298,170,20,20,0.85,2,-1,-1
721,-1,408,170,75,100,0.92,7,-1,-1
721,-1,356,107,16,21,0.87,7,-1,-1
721,-1,292,132,12,12,0.87,2,-1,-1
721,-1,359,156,17,16,0.86,2,-1,-1
721,-1,297,171,22,20,0.85,2,-1,-1
722,-1,406,167,72,95,0.92,7,-1,-1
722,-1,358,153,17,17,0.88,2,-1,-1
722,-1,356,107,16,20,0.87,7,-1,-1
722,-1,291,133,12,12,0.85,2,-1,-1
722,-1,296,175,22,21,0.84,2,-1,-1
723,-1,404,165,68,90,0.92,7,-1,-1
723,-1,358,151,17,16,0.87,2,-1,-1
723,-1,356,107,15,20,0.87,7,-1,-1
723,-1,295,178,22,22,0.86,2,-1,-1
723,-1,292,134,12,12,0.85,2,-1,-1
724,-1,401,163,66,86,0.92,7,-1,-1
724,-1,358,149,16,16,0.88,2,-1,-1
724,-1,356,106,15,20,0.87,7,-1,-1
724,-1,294,181,24,23,0.85,2,-1,-1
724,-1,290,136,12,12,0.83,2,-1,-1
725,-1,399,160,64,84,0.91,7,-1,-1
725,-1,356,148,16,16,0.88,2,-1,-1
725,-1,292,184,24,23,0.88,2,-1,-1
725,-1,356,106,15,20,0.87,7,-1,-1
725,-1,289,136,13,13,0.84,2,-1,-1
726,-1,398,158,60,78,0.91,7,-1,-1
726,-1,356,146,15,16,0.89,2,-1,-1
726,-1,291,188,26,25,0.87,2,-1,-1
726,-1,355,106,15,20,0.86,7,-1,-1
726,-1,289,138,13,13,0.84,2,-1,-1
727,-1,396,155,58,77,0.91,7,-1,-1
727,-1,355,145,16,15,0.88,2,-1,-1
727,-1,290,192,26,24,0.87,2,-1,-1
727,-1,355,106,15,20,0.86,7,-1,-1
727,-1,289,138,12,14,0.85,2,-1,-1
728,-1,394,152,56,75,0.91,7,-1,-1
728,-1,288,196,27,27,0.87,2,-1,-1
728,-1,354,143,14,14,0.87,2,-1,-1
728,-1,288,140,13,14,0.86,2,-1,-1
728,-1,355,106,14,19,0.86,7,-1,-1
729,-1,394,151,55,72,0.93,7,-1,-1
729,-1,286,199,28,28,0.88,2,-1,-1
729,-1,354,141,14,14,0.86,2,-1,-1
729,-1,354,106,15,19,0.86,7,-1,-1
729,-1,286,142,13,13,0.85,2,-1,-1
730,-1,392,150,54,68,0.92,7,-1,-1
730,-1,284,205,29,29,0.88,2,-1,-1
730,-1,354,139,14,15,0.87,2,-1,-1
730,-1,285,144,14,14,0.86,2,-1,-1
730,-1,354,105,15,19,0.84,7,-1,-1
731,-1,391,149,52,65,0.91,7,-1,-1
731,-1,283,208,29,30,0.88,2,-1,-1
731,-1,284,144,14,14,0.87,2,-1,-1
731,-1,353,139,14,14,0.87,2,-1,-1
731,-1,354,105,15,19,0.84,7,-1,-1
732,-1,390,146,48,63,0.92,7,-1,-1
732,-1,281,215,30,32,0.88,2,-1,-1
732,-1,352,137,14,14,0.87,2,-1,-1
732,-1,284,146,14,15,0.87,2,-1,-1
732,-1,353,104,15,19,0.83,7,-1,-1
733,-1,388,144,46,62,0.92,7,-1,-1
733,-1,278,219,32,35,0.90,2,-1,-1
733,-1,352,136,14,14,0.87,2,-1,-1
733,-1,283,146,14,15,0.86,2,-1,-1
733,-1,353,104,15,19,0.83,7,-1,-1
734,-1,386,142,45,60,0.92,7,-1,-1
734,-1,274,227,36,38,0.90,2,-1,-1
734,-1,352,135,13,14,0.86,2,-1,-1
734,-1,282,149,15,16,0.85,2,-1,-1
734,-1,353,103,14,19,0.82,7,-1,-1
735,-1,386,140,44,60,0.91,7,-1,-1
735,-1,272,233,36,39,0.90,2,-1,-1
735,-1,352,134,13,13,0.86,2,-1,-1
735,-1,280,150,16,16,0.84,2,-1,-1
735,-1,353,103,14,19,0.83,7,-1,-1
736,-1,385,139,41,57,0.90,7,-1,-1
736,-1,270,242,36,42,0.90,2,-1,-1
736,-1,352,133,12,13,0.86,2,-1,-1
736,-1,279,152,16,16,0.86,2,-1,-1
736,-1,352,103,14,18,0.83,7,-1,-1
737,-1,266,249,39,45,0.91,2,-1,-1
737,-1,384,140,40,54,0.90,7,-1,-1
737,-1,278,154,16,17,0.87,2,-1,-1
737,-1,351,132,12,13,0.86,2,-1,-1
737,-1,352,103,14,18,0.83,7,-1,-1
738,-1,261,262,43,48,0.90,2,-1,-1
738,-1,383,138,40,52,0.90,7,-1,-1
738,-1,350,131,12,12,0.86,2,-1,-1
738,-1,277,156,16,18,0.84,2,-1,-1
738,-1,352,102,14,18,0.83,7,-1,-1
739,-1,257,270,46,51,0.92,2,-1,-1
739,-1,382,138,38,50,0.91,7,-1,-1
739,-1,350,130,12,12,0.86,2,-1,-1
739,-1,276,158,16,18,0.86,2,-1,-1
739,-1,352,102,13,18,0.83,7,-1,-1
740,-1,253,284,47,57,0.92,2,-1,-1
740,-1,381,137,38,48,0.90,7,-1,-1
740,-1,350,129,12,12,0.87,2,-1,-1
740,-1,274,161,17,19,0.85,2,-1,-1
740,-1,352,102,12,18,0.82,7,-1,-1
741,-1,249,294,49,62,0.92,2,-1,-1
741,-1,380,136,37,48,0.90,7,-1,-1
741,-1,350,128,12,12,0.86,2,-1,-1
741,-1,272,162,18,20,0.86,2,-1,-1
741,-1,352,102,12,18,0.83,7,-1,-1
742,-1,241,314,54,66,0.94,2,-1,-1
742,-1,379,133,36,48,0.90,7,-1,-1
742,-1,271,167,18,19,0.86,2,-1,-1
742,-1,350,127,11,12,0.85,2,-1,-1
742,-1,352,101,12,17,0.81,7,-1,-1
743,-1,235,328,57,73,0.92,2,-1,-1
743,-1,378,133,36,46,0.90,7,-1,-1
743,-1,270,169,18,19,0.86,2,-1,-1
743,-1,348,126,12,12,0.85,2,-1,-1
743,-1,352,101,12,18,0.81,7,-1,-1
744,-1,226,352,63,84,0.92,2,-1,-1
744,-1,378,130,34,46,0.90,7,-1,-1
744,-1,267,173,19,20,0.86,2,-1,-1
744,-1,348,126,11,11,0.84,2,-1,-1
744,-1,352,101,12,18,0.81,7,-1,-1
745,-1,218,372,68,91,0.93,2,-1,-1
745,-1,377,130,33,45,0.90,7,-1,-1
745,-1,266,175,20,21,0.85,2,-1,-1
745,-1,348,125,11,12,0.85,2,-1,-1
745,-1,352,101,12,16,0.79,7,-1,-1
746,-1,206,404,74,107,0.93,2,-1,-1
746,-1,376,130,32,43,0.89,7,-1,-1
746,-1,263,179,20,22,0.89,2,-1,-1
746,-1,348,123,11,12,0.85,2,-1,-1
746,-1,351,101,12,16,0.76,7,-1,-1
747,-1,376,129,31,42,0.89,7,-1,-1
747,-1,262,182,20,22,0.87,2,-1,-1
747,-1,347,123,11,11,0.85,2,-1,-1
747,-1,351,101,12,16,0.76,7,-1,-1
748,-1,376,129,30,40,0.90,7,-1,-1
748,-1,258,186,22,24,0.88,2,-1,-1
748,-1,347,123,11,11,0.84,2,-1,-1
748,-1,352,100,11,16,0.71,7,-1,-1
749,-1,375,128,30,40,0.90,7,-1,-1
749,-1,256,189,22,24,0.85,2,-1,-1
749,-1,347,122,10,11,0.83,2,-1,-1
749,-1,351,100,12,16,0.72,7,-1,-1
750,-1,252,195,24,26,0.89,2,-1,-1
750,-1,374,128,30,38,0.89,7,-1,-1
750,-1,347,122,10,10,0.82,2,-1,-1
750,-1,351,100,11,16,0.75,7,-1,-1
751,-1,373,127,31,38,0.89,7,-1,-1
751,-1,249,199,24,26,0.88,2,-1,-1
751,-1,346,121,10,10,0.79,2,-1,-1
751,-1,351,100,11,16,0.77,7,-1,-1
752,-1,372,126,29,36,0.88,7,-1,-1
752,-1,245,205,26,28,0.88,2,-1,-1
752,-1,346,120,10,10,0.84,2,-1,-1
752,-1,350,100,11,16,0.72,7,-1,-1
753,-1,242,209,27,30,0.89,2,-1,-1
753,-1,372,126,28,36,0.87,7,-1,-1
753,-1,346,120,10,10,0.83,2,-1,-1
753,-1,350,100,11,16,0.72,7,-1,-1
754,-1,237,217,28,32,0.89,2,-1,-1
754,-1,371,125,28,34,0.87,7,-1,-1
754,-1,345,119,10,10,0.84,2,-1,-1
754,-1,350,99,11,16,0.69,7,-1,-1
755,-1,233,223,29,33,0.88,2,-1,-1
755,-1,370,125,27,34,0.88,7,-1,-1
755,-1,346,119,10,10,0.84,2,-1,-1
755,-1,350,99,11,16,0.69,7,-1,-1
756,-1,226,232,32,36,0.89,2,-1,-1
756,-1,369,124,27,34,0.88,7,-1,-1
756,-1,346,118,10,10,0.83,2,-1,-1
756,-1,350,99,10,15,0.76,7,-1,-1
757,-1,222,239,33,37,0.90,2,-1,-1
757,-1,369,122,26,33,0.87,7,-1,-1
757,-1,345,117,10,10,0.80,2,-1,-1
757,-1,350,99,10,15,0.69,7,-1,-1
758,-1,214,250,35,42,0.90,2,-1,-1
758,-1,368,121,25,32,0.87,7,-1,-1
758,-1,346,117,9,10,0.80,2,-1,-1
758,-1,350,99,10,15,0.68,7,-1,-1
759,-1,207,260,38,43,0.91,2,-1,-1
759,-1,368,121,25,32,0.87,7,-1,-1
759,-1,345,116,10,10,0.81,2,-1,-1
759,-1,350,99,10,14,0.68,7,-1,-1
760,-1,196,274,42,48,0.92,2,-1,-1
760,-1,368,121,24,31,0.86,7,-1,-1
760,-1,344,116,9,10,0.78,2,-1,-1
760,-1,350,99,10,14,0.64,7,-1,-1
761,-1,189,285,44,51,0.91,2,-1,-1
761,-1,367,120,24,31,0.86,7,-1,-1
761,-1,344,115,9,10,0.80,2,-1,-1
761,-1,350,99,10,14,0.60,7,-1,-1
762,-1,176,304,48,58,0.91,2,-1,-1
762,-1,367,120,24,30,0.86,7,-1,-1
762,-1,344,114,9,10,0.82,2,-1,-1
762,-1,350,98,10,14,0.58,7,-1,-1
763,-1,165,318,52,62,0.92,2,-1,-1
763,-1,366,120,23,29,0.86,7,-1,-1
763,-1,344,114,9,10,0.80,2,-1,-1
763,-1,350,98,10,14,0.55,7,-1,-1
764,-1,146,344,58,72,0.93,2,-1,-1
764,-1,366,119,22,29,0.87,7,-1,-1
764,-1,344,114,9,9,0.76,2,-1,-1
764,-1,350,98,10,15,0.58,7,-1,-1
765,-1,132,364,64,79,0.92,2,-1,-1
765,-1,366,119,23,29,0.87,7,-1,-1
765,-1,344,114,9,9,0.77,2,-1,-1
765,-1,350,98,10,14,0.63,7,-1,-1
766,-1,106,400,72,93,0.93,2,-1,-1
766,-1,365,118,22,28,0.87,7,-1,-1
766,-1,344,113,9,10,0.70,2,-1,-1
766,-1,349,98,10,14,0.49,7,-1,-1
767,-1,86,430,79,102,0.93,2,-1,-1
767,-1,364,118,22,27,0.87,7,-1,-1
767,-1,344,113,9,10,0.71,2,-1,-1
767,-1,350,98,10,14,0.51,7,-1,-1
768,-1,364,117,21,27,0.87,7,-1,-1
768,-1,344,112,8,9,0.74,2,-1,-1
768,-1,350,98,10,14,0.54,7,-1,-1
768,-1,319,113,8,8,0.37,2,-1,-1
769,-1,364,117,21,26,0.86,7,-1,-1
769,-1,344,112,8,8,0.76,2,-1,-1
769,-1,350,98,9,13,0.53,7,-1,-1
769,-1,319,112,8,8,0.45,2,-1,-1
770,-1,363,115,21,27,0.85,7,-1,-1
770,-1,344,111,8,9,0.73,2,-1,-1
770,-1,319,113,8,9,0.41,2,-1,-1
770,-1,350,98,9,13,0.28,7,-1,-1
771,-1,363,114,21,27,0.85,7,-1,-1
771,-1,344,111,8,9,0.73,2,-1,-1
771,-1,319,113,8,9,0.36,2,-1,-1
771,-1,350,98,9,14,0.27,7,-1,-1
772,-1,362,114,20,26,0.86,7,-1,-1
772,-1,344,111,8,9,0.71,2,-1,-1
772,-1,350,97,9,13,0.45,7,-1,-1
772,-1,319,114,8,9,0.34,2,-1,-1
773,-1,362,114,20,26,0.86,7,-1,-1
773,-1,344,110,8,9,0.73,2,-1,-1
773,-1,349,97,9,14,0.46,7,-1,-1
773,-1,319,114,8,9,0.33,2,-1,-1
774,-1,361,113,20,26,0.86,7,-1,-1
774,-1,343,110,8,9,0.74,2,-1,-1
774,-1,319,115,8,8,0.65,2,-1,-1
774,-1,350,96,8,14,0.15,7,-1,-1
775,-1,361,113,20,25,0.86,7,-1,-1
775,-1,343,109,8,9,0.72,2,-1,-1
775,-1,320,115,8,9,0.71,2,-1,-1
775,-1,348,96,9,14,0.33,7,-1,-1
776,-1,431,445,80,88,0.92,2,-1,-1
776,-1,361,113,19,25,0.86,7,-1,-1
776,-1,319,116,8,9,0.73,2,-1,-1
776,-1,344,109,7,8,0.62,2,-1,-1
776,-1,348,96,10,14,0.45,7,-1,-1
777,-1,424,420,74,78,0.92,2,-1,-1
777,-1,361,112,20,25,0.86,7,-1,-1
777,-1,319,116,8,9,0.73,2,-1,-1
777,-1,344,110,7,8,0.61,2,-1,-1
777,-1,348,96,10,14,0.52,7,-1,-1
778,-1,416,386,66,69,0.91,2,-1,-1
778,-1,360,112,19,24,0.84,7,-1,-1
778,-1,319,117,8,8,0.55,2,-1,-1
778,-1,344,110,7,8,0.52,2,-1,-1
778,-1,348,96,10,14,0.46,7,-1,-1
779,-1,411,367,61,62,0.93,2,-1,-1
779,-1,360,112,19,24,0.84,7,-1,-1
779,-1,319,117,8,8,0.56,2,-1,-1
779,-1,344,110,7,8,0.50,2,-1,-1
779,-1,347,96,10,14,0.47,7,-1,-1
780,-1,405,342,55,54,0.91,2,-1,-1
780,-1,360,111,18,24,0.84,7,-1,-1
780,-1,319,118,8,9,0.68,2,-1,-1
780,-1,346,96,11,14,0.52,7,-1,-1
780,-1,344,109,7,7,0.45,2,-1,-1
781,-1,402,326,51,52,0.92,2,-1,-1
781,-1,360,111,18,23,0.83,7,-1,-1
781,-1,318,118,9,9,0.64,2,-1,-1
781,-1,346,96,10,14,0.51,7,-1,-1
781,-1,344,109,6,6,0.20,2,-1,-1
782,-1,398,312,49,48,0.92,2,-1,-1
782,-1,359,110,18,23,0.83,7,-1,-1
782,-1,318,119,8,9,0.73,2,-1,-1
782,-1,346,96,10,14,0.55,7,-1,-1
782,-1,344,109,6,6,0.16,2,-1,-1
783,-1,393,294,45,44,0.91,2,-1,-1
783,-1,358,110,18,23,0.79,7,-1,-1
783,-1,317,119,9,9,0.72,2,-1,-1
783,-1,346,95,10,14,0.60,7,-1,-1
784,-1,388,278,42,41,0.90,2,-1,-1
784,-1,358,110,18,22,0.78,7,-1,-1
784,-1,318,120,9,9,0.69,2,-1,-1
784,-1,346,95,10,15,0.59,7,-1,-1
785,-1,386,268,40,40,0.90,2,-1,-1
785,-1,358,110,17,22,0.78,7,-1,-1
785,-1,317,119,9,9,0.64,2,-1,-1
785,-1,346,95,10,15,0.61,7,-1,-1
786,-1,384,256,37,36,0.90,2,-1,-1
786,-1,358,110,17,21,0.79,7,-1,-1
786,-1,317,120,10,9,0.72,2,-1,-1
786,-1,346,95,10,15,0.51,7,-1,-1
787,-1,382,248,36,34,0.90,2,-1,-1
787,-1,358,110,16,20,0.75,7,-1,-1
787,-1,316,120,10,10,0.66,2,-1,-1
787,-1,345,95,10,16,0.34,7,-1,-1
788,-1,378,238,32,32,0.88,2,-1,-1
788,-1,316,121,10,11,0.75,2,-1,-1
788,-1,358,110,16,20,0.74,7,-1,-1
788,-1,345,95,10,16,0.34,7,-1,-1
789,-1,377,232,31,31,0.87,2,-1,-1
789,-1,316,121,10,10,0.76,2,-1,-1
789,-1,357,110,16,20,0.70,7,-1,-1
789,-1,345,95,9,15,0.18,7,-1,-1
790,-1,374,224,31,30,0.88,2,-1,-1
790,-1,314,121,11,12,0.70,2,-1,-1
790,-1,357,110,16,19,0.59,7,-1,-1
790,-1,345,95,8,15,0.22,7,-1,-1
791,-1,373,219,29,28,0.88,2,-1,-1
791,-1,315,122,10,11,0.77,2,-1,-1
791,-1,357,110,16,19,0.66,7,-1,-1
791,-1,345,95,8,15,0.20,7,-1,-1
792,-1,371,211,28,28,0.87,2,-1,-1
792,-1,314,122,11,12,0.83,2,-1,-1
792,-1,356,110,16,18,0.47,7,-1,-1
792,-1,344,94,8,16,0.11,7,-1,-1
793,-1,370,207,27,26,0.88,2,-1,-1
793,-1,314,124,11,11,0.83,2,-1,-1
793,-1,355,108,16,19,0.67,7,-1,-1
793,-1,344,94,8,16,0.22,7,-1,-1
794,-1,368,201,26,25,0.88,2,-1,-1
794,-1,314,124,11,12,0.81,2,-1,-1
794,-1,355,108,16,19,0.67,7,-1,-1
794,-1,344,94,8,16,0.22,7,-1,-1
795,-1,367,196,26,25,0.87,2,-1,-1
795,-1,314,125,11,11,0.82,2,-1,-1
795,-1,355,107,16,20,0.71,7,-1,-1
795,-1,344,94,8,16,0.22,7,-1,-1
796,-1,366,191,25,24,0.86,2,-1,-1
796,-1,313,125,11,12,0.81,2,-1,-1
796,-1,354,108,15,18,0.62,7,-1,-1
796,-1,344,94,9,15,0.39,7,-1,-1
797,-1,364,190,24,22,0.88,2,-1,-1
797,-1,313,126,11,12,0.82,2,-1,-1
797,-1,354,107,15,19,0.67,7,-1,-1
797,-1,343,94,8,15,0.29,7,-1,-1
798,-1,364,184,23,22,0.88,2,-1,-1
798,-1,312,127,12,12,0.81,2,-1,-1
798,-1,354,107,15,19,0.73,7,-1,-1
798,-1,342,93,9,15,0.34,7,-1,-1
799,-1,363,182,22,21,0.87,2,-1,-1
799,-1,312,127,12,12,0.82,2,-1,-1
799,-1,354,107,15,18,0.69,7,-1,-1
799,-1,342,93,8,15,0.30,7,-1,-1
800,-1,362,178,22,21,0.87,2,-1,-1
800,-1,312,129,12,12,0.85,2,-1,-1
800,-1,354,107,14,18,0.69,7,-1,-1
800,-1,342,93,8,15,0.10,7,-1,-1
801,-1,361,176,21,20,0.85,2,-1,-1
801,-1,312,129,12,12,0.85,2,-1,-1
801,-1,354,106,14,18,0.67,7,-1,-1
802,-1,360,174,20,18,0.87,2,-1,-1
802,-1,312,130,12,13,0.85,2,-1,-1
802,-1,353,106,14,17,0.63,7,-1,-1
803,-1,360,172,20,17,0.85,2,-1,-1
803,-1,312,130,12,13,0.85,2,-1,-1
803,-1,353,106,14,18,0.63,7,-1,-1
804,-1,359,167,18,18,0.87,2,-1,-1
804,-1,312,132,12,13,0.84,2,-1,-1
804,-1,352,105,14,17,0.64,7,-1,-1
805,-1,358,166,19,17,0.85,2,-1,-1
805,-1,311,133,12,13,0.84,2,-1,-1
805,-1,353,106,14,17,0.51,7,-1,-1
806,-1,358,162,18,18,0.86,2,-1,-1
806,-1,311,134,12,12,0.84,2,-1,-1
806,-1,353,105,13,17,0.52,7,-1,-1
807,-1,357,160,18,17,0.86,2,-1,-1
807,-1,311,136,12,13,0.83,2,-1,-1
807,-1,352,105,14,17,0.44,7,-1,-1
808,-1,310,137,12,13,0.85,2,-1,-1
808,-1,356,158,17,16,0.84,2,-1,-1
808,-1,352,104,14,17,0.61,7,-1,-1
809,-1,310,137,12,14,0.86,2,-1,-1
809,-1,356,157,17,16,0.84,2,-1,-1
809,-1,352,104,13,16,0.51,7,-1,-1
810,-1,310,138,12,14,0.86,2,-1,-1
810,-1,355,154,17,15,0.85,2,-1,-1
810,-1,352,105,13,16,0.46,2,-1,-1
811,-1,310,138,12,15,0.85,2,-1,-1
811,-1,355,153,17,15,0.85,2,-1,-1
811,-1,352,105,13,16,0.46,2,-1,-1
812,-1,309,140,12,15,0.85,2,-1,-1
812,-1,354,151,16,15,0.84,2,-1,-1
812,-1,352,104,12,16,0.45,7,-1,-1
813,-1,309,142,12,14,0.85,2,-1,-1
813,-1,354,150,16,15,0.83,2,-1,-1
813,-1,352,103,12,16,0.51,7,-1,-1
814,-1,308,144,13,14,0.87,2,-1,-1
814,-1,353,147,16,15,0.84,2,-1,-1
814,-1,352,103,12,16,0.51,7,-1,-1
815,-1,308,144,13,14,0.87,2,-1,-1
815,-1,353,146,16,14,0.84,2,-1,-1
815,-1,352,104,12,14,0.63,2,-1,-1
816,-1,307,146,14,16,0.86,2,-1,-1
816,-1,352,144,15,14,0.84,2,-1,-1
816,-1,352,104,12,14,0.62,2,-1,-1
817,-1,307,148,14,14,0.85,2,-1,-1
817,-1,352,144,16,13,0.83,2,-1,-1
817,-1,352,103,12,15,0.46,7,-1,-1
818,-1,306,149,15,16,0.85,2,-1,-1
818,-1,352,142,15,13,0.83,2,-1,-1
818,-1,351,103,12,14,0.39,2,-1,-1
819,-1,306,150,14,16,0.86,2,-1,-1
819,-1,351,140,15,14,0.85,2,-1,-1
819,-1,351,103,12,14,0.39,2,-1,-1
820,-1,305,152,15,16,0.86,2,-1,-1
820,-1,351,139,14,13,0.86,2,-1,-1
820,-1,351,102,11,14,0.42,7,-1,-1
821,-1,350,138,14,13,0.86,2,-1,-1
821,-1,305,153,15,17,0.85,2,-1,-1
821,-1,351,102,11,14,0.41,7,-1,-1
822,-1,304,155,15,18,0.86,2,-1,-1
822,-1,350,137,14,12,0.85,2,-1,-1
822,-1,350,101,11,15,0.47,7,-1,-1
823,-1,304,156,16,18,0.86,2,-1,-1
823,-1,350,136,14,12,0.84,2,-1,-1
823,-1,350,101,12,15,0.55,7,-1,-1
824,-1,304,159,16,19,0.86,2,-1,-1
824,-1,349,134,14,13,0.85,2,-1,-1
824,-1,350,101,11,14,0.59,7,-1,-1
825,-1,303,160,16,20,0.85,2,-1,-1
825,-1,348,133,14,13,0.85,2,-1,-1
825,-1,350,100,11,15,0.58,7,-1,-1
826,-1,302,161,17,21,0.87,2,-1,-1
826,-1,348,132,14,13,0.86,2,-1,-1
826,-1,350,100,11,15,0.59,7,-1,-1
827,-1,302,163,17,21,0.87,2,-1,-1
827,-1,348,131,13,12,0.85,2,-1,-1
827,-1,350,100,11,14,0.56,7,-1,-1
828,-1,301,167,18,21,0.86,2,-1,-1
828,-1,348,130,13,12,0.86,2,-1,-1
828,-1,350,99,11,15,0.62,7,-1,-1
829,-1,300,168,18,22,0.86,2,-1,-1
829,-1,348,129,13,12,0.85,2,-1,-1
829,-1,350,99,11,15,0.60,7,-1,-1
830,-1,300,172,18,22,0.89,2,-1,-1
830,-1,347,128,13,12,0.82,2,-1,-1
830,-1,349,98,11,15,0.56,7,-1,-1
831,-1,298,174,19,22,0.86,2,-1,-1
831,-1,347,128,13,12,0.81,2,-1,-1
831,-1,349,98,11,15,0.46,7,-1,-1
832,-1,297,178,20,24,0.89,2,-1,-1
832,-1,347,127,12,12,0.82,2,-1,-1
832,-1,349,98,11,15,0.49,7,-1,-1
833,-1,297,180,20,24,0.88,2,-1,-1
833,-1,346,126,12,12,0.82,2,-1,-1
833,-1,349,98,10,14,0.27,7,-1,-1
834,-1,295,184,21,26,0.89,2,-1,-1
834,-1,347,126,12,11,0.82,2,-1,-1
834,-1,349,98,10,14,0.35,7,-1,-1
835,-1,294,186,21,26,0.89,2,-1,-1
835,-1,346,124,13,12,0.82,2,-1,-1
835,-1,349,98,10,14,0.23,7,-1,-1
836,-1,293,191,22,26,0.89,2,-1,-1
836,-1,346,124,12,11,0.83,2,-1,-1
836,-1,349,98,10,14,0.34,7,-1,-1
837,-1,292,194,22,28,0.90,2,-1,-1
837,-1,346,123,12,11,0.83,2,-1,-1
837,-1,348,100,10,12,0.14,7,-1,-1
838,-1,290,199,23,29,0.88,2,-1,-1
838,-1,346,123,12,11,0.83,2,-1,-1
838,-1,348,100,10,12,0.13,7,-1,-1
839,-1,288,202,24,30,0.89,2,-1,-1
839,-1,345,122,12,11,0.83,2,-1,-1
840,-1,287,208,24,32,0.88,2,-1,-1
840,-1,344,121,12,10,0.79,2,-1,-1
840,-1,348,98,10,14,0.31,7,-1,-1
841,-1,286,212,25,34,0.88,2,-1,-1
841,-1,345,121,12,10,0.80,2,-1,-1
841,-1,348,98,11,14,0.34,7,-1,-1
842,-1,284,218,26,36,0.90,2,-1,-1
842,-1,345,120,12,10,0.75,2,-1,-1
842,-1,347,97,10,14,0.51,7,-1,-1
843,-1,282,223,28,38,0.90,2,-1,-1
843,-1,345,120,11,10,0.76,2,-1,-1
843,-1,347,96,10,14,0.63,7,-1,-1
844,-1,278,231,29,41,0.89,2,-1,-1
844,-1,345,120,11,10,0.76,2,-1,-1
844,-1,347,96,10,14,0.63,7,-1,-1
845,-1,276,237,31,42,0.90,2,-1,-1
845,-1,344,119,10,10,0.77,2,-1,-1
845,-1,348,97,10,14,0.69,7,-1,-1
846,-1,274,246,32,46,0.89,2,-1,-1
846,-1,344,119,10,10,0.79,2,-1,-1
846,-1,348,97,10,14,0.70,7,-1,-1
847,-1,271,255,34,48,0.89,2,-1,-1
847,-1,344,118,10,10,0.78,2,-1,-1
847,-1,347,97,10,14,0.74,7,-1,-1
848,-1,267,265,36,53,0.91,2,-1,-1
848,-1,344,118,10,9,0.78,2,-1,-1
848,-1,347,97,10,14,0.64,7,-1,-1
849,-1,263,275,38,55,0.91,2,-1,-1
849,-1,344,118,10,9,0.80,2,-1,-1
849,-1,347,97,10,14,0.63,7,-1,-1
850,-1,258,290,40,60,0.91,2,-1,-1
850,-1,344,117,10,10,0.78,2,-1,-1
850,-1,346,97,10,13,0.36,7,-1,-1
851,-1,255,300,42,64,0.91,2,-1,-1
851,-1,343,116,10,10,0.73,2,-1,-1
851,-1,346,96,10,14,0.51,7,-1,-1
852,-1,249,318,44,73,0.93,2,-1,-1
852,-1,343,116,10,10,0.69,2,-1,-1
852,-1,346,96,10,14,0.50,7,-1,-1
853,-1,243,332,48,79,0.91,2,-1,-1
853,-1,343,115,10,10,0.78,2,-1,-1
853,-1,346,96,10,13,0.65,7,-1,-1
854,-1,233,357,54,89,0.92,2,-1,-1
854,-1,343,115,10,9,0.76,2,-1,-1
854,-1,346,96,10,13,0.56,7,-1,-1
855,-1,227,376,57,98,0.92,2,-1,-1
855,-1,343,114,10,9,0.78,2,-1,-1
855,-1,346,96,10,13,0.54,7,-1,-1
856,-1,216,410,63,112,0.92,2,-1,-1
856,-1,343,114,10,9,0.57,2,-1,-1
856,-1,346,95,10,13,0.42,7,-1,-1
857,-1,343,113,9,9,0.52,2,-1,-1
857,-1,345,95,10,13,0.28,7,-1,-1
858,-1,342,113,9,8,0.64,2,-1,-1
858,-1,345,95,9,12,0.17,7,-1,-1
859,-1,342,113,9,8,0.64,2,-1,-1
859,-1,345,95,9,12,0.17,7,-1,-1
860,-1,343,112,8,8,0.61,2,-1,-1
860,-1,345,94,8,12,0.32,7,-1,-1
861,-1,343,112,8,8,0.63,2,-1,-1
861,-1,345,94,8,12,0.31,7,-1,-1
862,-1,342,111,8,8,0.64,2,-1,-1
862,-1,344,94,8,12,0.38,7,-1,-1
863,-1,342,111,8,8,0.56,2,-1,-1
863,-1,344,94,8,12,0.17,7,-1,-1
864,-1,342,111,8,8,0.55,2,-1,-1
864,-1,344,94,8,12,0.17,7,-1,-1
865,-1,342,111,8,8,0.53,2,-1,-1
865,-1,344,94,8,12,0.17,7,-1,-1
866,-1,342,110,8,8,0.51,2,-1,-1
866,-1,343,94,8,12,0.20,7,-1,-1
867,-1,342,110,8,8,0.50,2,-1,-1
867,-1,344,93,8,12,0.15,7,-1,-1
868,-1,342,110,8,8,0.49,2,-1,-1
869,-1,342,110,8,8,0.21,2,-1,-1
870,-1,342,109,8,8,0.12,2,-1,-1
871,-1,342,109,8,8,0.13,2,-1,-1
872,-1,-1,-1,-1,-1,-1,-1,-1,-1
873,-1,-1,-1,-1,-1,-1,-1,-1,-1
874,-1,-1,-1,-1,-1,-1,-1,-1,-1
875,-1,447,430,75,80,0.91,2,-1,-1
876,-1,434,391,66,69,0.92,2,-1,-1
876,-1,307,115,8,8,0.38,2,-1,-1
876,-1,321,110,8,8,0.17,2,-1,-1
877,-1,428,368,61,64,0.93,2,-1,-1
877,-1,306,115,9,8,0.53,2,-1,-1
878,-1,420,338,54,58,0.92,2,-1,-1
878,-1,306,115,9,8,0.51,2,-1,-1
879,-1,415,321,50,54,0.91,2,-1,-1
880,-1,408,298,46,50,0.91,2,-1,-1
880,-1,306,117,8,8,0.58,2,-1,-1
881,-1,405,288,43,46,0.91,2,-1,-1
881,-1,306,117,8,8,0.58,2,-1,-1
881,-1,320,112,8,8,0.30,2,-1,-1
882,-1,400,270,39,44,0.90,2,-1,-1
882,-1,320,111,8,9,0.50,2,-1,-1
882,-1,305,118,8,8,0.35,2,-1,-1
883,-1,396,260,38,42,0.89,2,-1,-1
883,-1,304,119,9,8,0.55,2,-1,-1
883,-1,319,111,8,9,0.53,2,-1,-1
884,-1,392,247,35,38,0.90,2,-1,-1
884,-1,304,119,9,9,0.45,2,-1,-1
884,-1,319,112,8,10,0.44,2,-1,-1
885,-1,390,241,34,35,0.90,2,-1,-1
885,-1,304,119,9,9,0.66,2,-1,-1
885,-1,319,112,8,10,0.44,2,-1,-1
886,-1,388,233,32,34,0.89,2,-1,-1
886,-1,304,119,9,9,0.65,2,-1,-1
886,-1,318,113,9,10,0.50,2,-1,-1
887,-1,385,226,31,34,0.88,2,-1,-1
887,-1,318,113,9,9,0.42,2,-1,-1
887,-1,304,120,9,9,0.25,2,-1,-1
888,-1,382,218,29,31,0.89,2,-1,-1
888,-1,317,114,9,11,0.74,2,-1,-1
888,-1,304,121,9,8,0.50,2,-1,-1
889,-1,381,214,28,28,0.88,2,-1,-1
889,-1,317,113,9,11,0.78,2,-1,-1
889,-1,304,121,8,8,0.40,2,-1,-1
890,-1,378,206,26,28,0.89,2,-1,-1
890,-1,316,114,9,11,0.72,2,-1,-1
890,-1,303,122,8,8,0.25,2,-1,-1
891,-1,377,200,25,28,0.88,2,-1,-1
891,-1,316,114,9,11,0.73,2,-1,-1
891,-1,302,123,10,8,0.62,2,-1,-1
892,-1,375,194,24,26,0.87,2,-1,-1
892,-1,316,115,9,11,0.82,2,-1,-1
892,-1,302,123,9,8,0.63,2,-1,-1
893,-1,374,192,23,24,0.88,2,-1,-1
893,-1,317,115,9,11,0.81,2,-1,-1
894,-1,371,186,23,24,0.89,2,-1,-1
894,-1,316,117,9,10,0.77,2,-1,-1
894,-1,300,124,10,8,0.10,2,-1,-1
895,-1,371,182,22,24,0.87,2,-1,-1
895,-1,316,117,9,11,0.77,2,-1,-1
895,-1,299,124,11,9,0.74,2,-1,-1
896,-1,369,178,21,22,0.88,2,-1,-1
896,-1,298,125,11,10,0.73,2,-1,-1
896,-1,316,117,9,11,0.71,2,-1,-1
897,-1,368,175,20,22,0.87,2,-1,-1
897,-1,298,126,11,10,0.71,2,-1,-1
897,-1,316,117,9,11,0.69,2,-1,-1
898,-1,366,170,20,22,0.88,2,-1,-1
898,-1,297,127,11,10,0.82,2,-1,-1
898,-1,315,118,10,11,0.77,2,-1,-1
899,-1,366,169,19,20,0.88,2,-1,-1
899,-1,297,126,11,10,0.82,2,-1,-1
899,-1,315,118,10,11,0.77,2,-1,-1
900,-1,365,164,18,21,0.88,2,-1,-1
900,-1,296,129,10,9,0.75,2,-1,-1
900,-1,314,119,10,12,0.75,2,-1,-1
