1,-1,351,70,15,30,0.85,7,-1,-1
2,-1,350,69,15,30,0.86,7,-1,-1
3,-1,562,480,74,58,0.93,7,-1,-1
3,-1,350,69,15,29,0.85,7,-1,-1
4,-1,533,422,103,114,0.95,7,-1,-1
4,-1,350,68,15,29,0.86,7,-1,-1
5,-1,518,393,118,145,0.95,7,-1,-1
5,-1,350,68,15,29,0.84,7,-1,-1
6,-1,498,355,113,182,0.95,7,-1,-1
6,-1,350,68,14,28,0.82,7,-1,-1
7,-1,488,335,102,203,0.92,7,-1,-1
7,-1,350,68,14,28,0.82,7,-1,-1
8,-1,474,309,140,228,0.94,7,-1,-1
8,-1,350,68,14,27,0.82,7,-1,-1
9,-1,465,292,119,215,0.94,7,-1,-1
9,-1,350,69,13,25,0.79,7,-1,-1
10,-1,453,272,100,190,0.91,7,-1,-1
10,-1,350,69,13,24,0.80,7,-1,-1
11,-1,448,261,94,178,0.88,7,-1,-1
11,-1,350,69,13,24,0.80,7,-1,-1
12,-1,440,245,84,161,0.94,7,-1,-1
12,-1,349,69,13,24,0.81,7,-1,-1
13,-1,435,235,73,153,0.93,7,-1,-1
13,-1,349,69,13,23,0.82,7,-1,-1
14,-1,428,221,75,142,0.93,7,-1,-1
14,-1,349,69,13,23,0.82,7,-1,-1
15,-1,424,215,67,134,0.93,7,-1,-1
15,-1,349,69,13,22,0.81,7,-1,-1
16,-1,419,205,58,123,0.93,7,-1,-1
16,-1,349,68,13,22,0.82,7,-1,-1
17,-1,415,199,60,119,0.92,7,-1,-1
17,-1,349,68,13,22,0.82,7,-1,-1
18,-1,411,191,59,110,0.93,7,-1,-1
18,-1,350,70,12,19,0.79,7,-1,-1
19,-1,408,185,54,106,0.94,7,-1,-1
19,-1,350,70,12,19,0.79,7,-1,-1
20,-1,405,178,52,99,0.94,7,-1,-1
20,-1,350,73,11,16,0.77,7,-1,-1
21,-1,402,174,49,95,0.93,7,-1,-1
21,-1,350,72,11,16,0.76,7,-1,-1
22,-1,399,167,49,91,0.93,7,-1,-1
22,-1,350,73,11,14,0.71,7,-1,-1
23,-1,397,164,43,87,0.93,7,-1,-1
23,-1,350,73,11,14,0.73,7,-1,-1
24,-1,394,158,42,83,0.93,7,-1,-1
24,-1,350,72,11,14,0.59,7,-1,-1
25,-1,392,156,42,80,0.93,7,-1,-1
25,-1,351,72,11,14,0.69,7,-1,-1
26,-1,389,151,40,76,0.95,7,-1,-1
26,-1,351,72,11,13,0.63,7,-1,-1
27,-1,388,147,39,75,0.93,7,-1,-1
27,-1,351,71,11,13,0.64,7,-1,-1
28,-1,386,143,37,71,0.93,7,-1,-1
28,-1,351,71,11,13,0.62,7,-1,-1
29,-1,384,141,36,70,0.93,7,-1,-1
29,-1,352,71,10,13,0.69,7,-1,-1
30,-1,383,137,35,68,0.93,7,-1,-1
30,-1,352,68,11,14,0.79,7,-1,-1
31,-1,381,134,34,66,0.93,7,-1,-1
31,-1,353,66,11,16,0.81,7,-1,-1
32,-1,379,130,33,65,0.94,7,-1,-1
32,-1,353,64,11,18,0.80,7,-1,-1
33,-1,378,128,32,63,0.91,7,-1,-1
33,-1,353,64,11,18,0.81,7,-1,-1
34,-1,377,126,30,60,0.92,7,-1,-1
34,-1,354,66,10,15,0.75,7,-1,-1
35,-1,376,124,29,58,0.95,7,-1,-1
35,-1,354,66,10,15,0.73,7,-1,-1
36,-1,375,120,28,59,0.93,7,-1,-1
36,-1,355,66,10,14,0.67,7,-1,-1
37,-1,374,119,28,56,0.94,7,-1,-1
37,-1,355,66,10,14,0.68,7,-1,-1
38,-1,372,115,28,56,0.93,7,-1,-1
38,-1,356,65,10,15,0.59,7,-1,-1
39,-1,372,114,27,55,0.93,7,-1,-1
39,-1,356,65,10,14,0.59,7,-1,-1
40,-1,371,114,25,52,0.92,7,-1,-1
40,-1,357,62,10,16,0.67,7,-1,-1
41,-1,370,111,26,52,0.93,7,-1,-1
41,-1,357,62,10,16,0.67,7,-1,-1
42,-1,368,109,25,50,0.92,7,-1,-1
42,-1,357,66,10,12,0.50,7,-1,-1
43,-1,368,108,25,49,0.91,7,-1,-1
43,-1,357,66,10,12,0.51,7,-1,-1
44,-1,367,106,25,48,0.92,7,-1,-1
44,-1,358,60,11,17,0.79,7,-1,-1
45,-1,366,105,24,47,0.91,7,-1,-1
45,-1,358,60,11,17,0.77,7,-1,-1
46,-1,365,102,23,46,0.91,7,-1,-1
46,-1,359,63,10,14,0.54,7,-1,-1
47,-1,365,101,23,45,0.92,7,-1,-1
47,-1,359,64,10,13,0.51,7,-1,-1
48,-1,364,100,22,44,0.93,7,-1,-1
48,-1,360,65,9,11,0.23,7,-1,-1
49,-1,363,100,22,42,0.92,7,-1,-1
49,-1,361,65,9,11,0.30,7,-1,-1
50,-1,362,98,22,42,0.91,7,-1,-1
50,-1,361,64,9,10,0.41,7,-1,-1
51,-1,362,97,22,41,0.90,7,-1,-1
51,-1,362,64,9,11,0.25,7,-1,-1
52,-1,362,95,20,40,0.89,7,-1,-1
52,-1,362,59,9,15,0.26,7,-1,-1
53,-1,361,95,20,39,0.89,7,-1,-1
53,-1,362,59,9,15,0.20,7,-1,-1
54,-1,361,94,19,38,0.89,7,-1,-1
55,-1,361,93,19,38,0.90,7,-1,-1
56,-1,360,92,19,37,0.92,7,-1,-1
57,-1,360,91,19,37,0.90,7,-1,-1
58,-1,359,90,19,36,0.87,7,-1,-1
59,-1,358,89,18,36,0.88,7,-1,-1
60,-1,358,88,18,34,0.89,7,-1,-1
61,-1,357,86,18,35,0.90,7,-1,-1
62,-1,357,85,18,35,0.89,7,-1,-1
63,-1,357,85,17,34,0.90,7,-1,-1
64,-1,356,83,17,34,0.88,7,-1,-1
65,-1,356,83,17,33,0.89,7,-1,-1
66,-1,356,83,16,32,0.89,7,-1,-1
67,-1,356,82,16,32,0.90,7,-1,-1
68,-1,355,82,16,31,0.90,7,-1,-1
69,-1,355,81,16,31,0.90,7,-1,-1
70,-1,355,79,16,31,0.92,7,-1,-1
71,-1,354,79,16,30,0.91,7,-1,-1
72,-1,354,78,16,31,0.90,7,-1,-1
73,-1,354,77,15,30,0.88,7,-1,-1
74,-1,354,77,15,29,0.89,7,-1,-1
75,-1,354,75,15,31,0.89,7,-1,-1
76,-1,354,74,15,30,0.88,7,-1,-1
77,-1,353,74,15,30,0.88,7,-1,-1
78,-1,353,75,15,28,0.87,7,-1,-1
79,-1,353,76,15,27,0.87,7,-1,-1
80,-1,353,75,15,27,0.86,7,-1,-1
81,-1,353,75,15,26,0.85,7,-1,-1
82,-1,352,74,14,26,0.85,7,-1,-1
83,-1,352,73,14,25,0.85,7,-1,-1
84,-1,352,73,14,25,0.85,7,-1,-1
85,-1,352,72,14,25,0.84,7,-1,-1
86,-1,352,72,13,24,0.84,7,-1,-1
87,-1,352,72,13,23,0.82,7,-1,-1
88,-1,352,73,12,21,0.80,7,-1,-1
89,-1,436,487,74,51,0.94,2,-1,-1
89,-1,352,73,12,21,0.80,7,-1,-1
90,-1,421,423,69,96,0.95,2,-1,-1
90,-1,352,74,11,19,0.54,7,-1,-1
91,-1,412,388,62,83,0.95,2,-1,-1
91,-1,352,73,11,20,0.71,7,-1,-1
92,-1,402,347,53,67,0.95,2,-1,-1
92,-1,352,73,11,20,0.51,7,-1,-1
93,-1,397,324,48,59,0.95,2,-1,-1
93,-1,352,72,11,20,0.54,2,-1,-1
94,-1,390,294,42,52,0.94,2,-1,-1
94,-1,352,74,10,18,0.60,2,-1,-1
95,-1,386,277,39,48,0.95,2,-1,-1
95,-1,351,73,11,18,0.65,2,-1,-1
96,-1,382,255,36,43,0.94,2,-1,-1
96,-1,352,73,10,17,0.68,2,-1,-1
97,-1,379,243,33,40,0.94,2,-1,-1
97,-1,352,73,10,17,0.70,2,-1,-1
98,-1,375,226,29,37,0.93,2,-1,-1
98,-1,352,74,10,16,0.69,2,-1,-1
99,-1,373,216,28,36,0.93,2,-1,-1
99,-1,352,73,10,16,0.58,2,-1,-1
100,-1,370,203,26,33,0.94,2,-1,-1
100,-1,353,72,10,15,0.57,2,-1,-1
101,-1,368,196,26,32,0.94,2,-1,-1
101,-1,353,72,10,15,0.51,2,-1,-1
101,-1,324,73,9,10,0.15,2,-1,-1
102,-1,366,186,23,29,0.92,2,-1,-1
102,-1,353,73,9,14,0.54,2,-1,-1
102,-1,322,73,10,11,0.16,2,-1,-1
103,-1,364,180,22,29,0.92,2,-1,-1
103,-1,353,71,9,15,0.37,7,-1,-1
103,-1,321,74,10,10,0.11,2,-1,-1
104,-1,362,172,23,26,0.92,2,-1,-1
104,-1,353,72,9,15,0.35,7,-1,-1
105,-1,360,167,21,25,0.89,2,-1,-1
105,-1,353,70,9,15,0.45,7,-1,-1
105,-1,321,75,10,10,0.26,2,-1,-1
106,-1,359,160,20,24,0.91,2,-1,-1
106,-1,353,71,9,14,0.59,2,-1,-1
107,-1,357,156,20,23,0.90,2,-1,-1
107,-1,353,71,9,14,0.58,2,-1,-1
107,-1,320,76,9,10,0.18,2,-1,-1
108,-1,356,152,20,22,0.90,2,-1,-1
108,-1,353,70,9,14,0.39,2,-1,-1
108,-1,319,77,9,10,0.11,2,-1,-1
109,-1,355,146,19,22,0.91,2,-1,-1
109,-1,354,70,9,14,0.43,2,-1,-1
109,-1,319,78,9,10,0.12,2,-1,-1
110,-1,353,142,18,21,0.88,2,-1,-1
110,-1,318,79,9,9,0.41,2,-1,-1
110,-1,354,69,9,14,0.34,2,-1,-1
111,-1,352,138,18,20,0.89,2,-1,-1
111,-1,355,69,9,13,0.47,2,-1,-1
111,-1,318,80,9,9,0.34,2,-1,-1
112,-1,351,135,18,20,0.89,2,-1,-1
112,-1,355,69,8,12,0.58,2,-1,-1
112,-1,317,81,9,9,0.46,2,-1,-1
113,-1,351,132,18,19,0.89,2,-1,-1
113,-1,355,70,8,12,0.57,2,-1,-1
113,-1,317,82,9,9,0.40,2,-1,-1
114,-1,350,128,18,19,0.89,2,-1,-1
114,-1,316,82,10,10,0.71,2,-1,-1
114,-1,355,69,8,12,0.47,2,-1,-1
115,-1,350,126,16,18,0.88,2,-1,-1
115,-1,317,82,9,9,0.71,2,-1,-1
115,-1,355,69,8,12,0.15,2,-1,-1
116,-1,349,122,15,17,0.89,2,-1,-1
116,-1,316,83,9,10,0.64,2,-1,-1
116,-1,356,68,9,12,0.53,2,-1,-1
116,-1,517,520,79,18,0.51,2,-1,-1
117,-1,501,472,88,66,0.96,2,-1,-1
117,-1,349,120,15,17,0.87,2,-1,-1
117,-1,315,84,9,10,0.61,2,-1,-1
117,-1,356,68,9,12,0.50,2,-1,-1
118,-1,478,415,76,88,0.95,2,-1,-1
118,-1,348,117,15,17,0.89,2,-1,-1
118,-1,314,85,10,10,0.44,2,-1,-1
118,-1,356,69,8,10,0.28,2,-1,-1
119,-1,466,384,67,79,0.95,2,-1,-1
119,-1,347,115,14,17,0.92,2,-1,-1
119,-1,314,85,10,10,0.45,2,-1,-1
119,-1,356,69,8,11,0.28,2,-1,-1
120,-1,451,346,58,65,0.96,2,-1,-1
120,-1,347,112,14,16,0.87,2,-1,-1
120,-1,314,86,10,11,0.61,2,-1,-1
120,-1,357,68,8,10,0.23,2,-1,-1
121,-1,443,324,53,60,0.95,2,-1,-1
121,-1,346,111,14,16,0.88,2,-1,-1
121,-1,313,87,11,12,0.52,2,-1,-1
121,-1,357,68,8,10,0.20,2,-1,-1
122,-1,431,296,47,53,0.94,2,-1,-1
122,-1,346,109,14,15,0.87,2,-1,-1
122,-1,313,89,11,11,0.74,2,-1,-1
122,-1,357,68,8,11,0.23,2,-1,-1
123,-1,426,279,43,50,0.96,2,-1,-1
123,-1,345,107,14,15,0.86,2,-1,-1
123,-1,313,90,11,11,0.74,2,-1,-1
123,-1,358,67,8,11,0.21,2,-1,-1
124,-1,419,259,39,45,0.94,2,-1,-1
124,-1,345,105,14,15,0.83,2,-1,-1
124,-1,311,89,11,12,0.77,2,-1,-1
125,-1,415,247,36,43,0.94,2,-1,-1
125,-1,345,104,12,14,0.84,2,-1,-1
125,-1,312,91,11,12,0.75,2,-1,-1
126,-1,408,231,34,40,0.92,2,-1,-1
126,-1,344,102,12,14,0.85,2,-1,-1
126,-1,311,91,11,13,0.73,2,-1,-1
126,-1,359,67,8,10,0.12,2,-1,-1
127,-1,404,222,32,37,0.93,2,-1,-1
127,-1,344,100,12,14,0.84,2,-1,-1
127,-1,311,93,11,12,0.74,2,-1,-1
128,-1,400,210,29,34,0.94,2,-1,-1
128,-1,344,99,11,13,0.82,2,-1,-1
128,-1,310,93,11,12,0.80,2,-1,-1
129,-1,397,202,27,33,0.93,2,-1,-1
129,-1,344,98,12,13,0.80,2,-1,-1
129,-1,310,94,12,13,0.76,2,-1,-1
130,-1,393,193,26,31,0.94,2,-1,-1
130,-1,309,96,12,12,0.82,2,-1,-1
130,-1,344,97,11,12,0.78,2,-1,-1
131,-1,390,187,25,30,0.92,2,-1,-1
131,-1,308,97,12,13,0.85,2,-1,-1
131,-1,343,97,10,11,0.79,2,-1,-1
132,-1,387,178,25,29,0.92,2,-1,-1
132,-1,308,97,12,14,0.85,2,-1,-1
132,-1,343,94,11,12,0.79,2,-1,-1
132,-1,321,75,9,9,0.28,2,-1,-1
133,-1,385,172,24,29,0.91,2,-1,-1
133,-1,308,99,12,14,0.85,2,-1,-1
133,-1,343,94,11,11,0.80,2,-1,-1
133,-1,321,75,9,9,0.29,2,-1,-1
134,-1,382,166,22,26,0.91,2,-1,-1
134,-1,307,100,12,14,0.87,2,-1,-1
134,-1,343,93,10,11,0.76,2,-1,-1
135,-1,380,162,23,25,0.91,2,-1,-1
135,-1,307,102,12,14,0.89,2,-1,-1
135,-1,342,91,11,11,0.76,2,-1,-1
136,-1,378,157,22,24,0.90,2,-1,-1
136,-1,306,103,12,15,0.86,2,-1,-1
136,-1,342,90,10,10,0.76,2,-1,-1
137,-1,377,153,21,24,0.90,2,-1,-1
137,-1,305,104,13,15,0.86,2,-1,-1
137,-1,342,90,10,10,0.77,2,-1,-1
138,-1,375,148,20,23,0.90,2,-1,-1
138,-1,305,106,13,15,0.85,2,-1,-1
138,-1,342,89,11,10,0.73,2,-1,-1
138,-1,318,79,9,8,0.58,2,-1,-1
139,-1,372,145,20,22,0.90,2,-1,-1
139,-1,305,107,13,15,0.87,2,-1,-1
139,-1,342,89,10,9,0.71,2,-1,-1
139,-1,318,79,9,9,0.63,2,-1,-1
140,-1,371,141,19,21,0.90,2,-1,-1
140,-1,304,110,13,15,0.86,2,-1,-1
140,-1,342,87,10,9,0.73,2,-1,-1
140,-1,318,80,9,8,0.64,2,-1,-1
141,-1,370,139,19,19,0.89,2,-1,-1
141,-1,304,110,13,16,0.86,2,-1,-1
141,-1,342,87,10,9,0.72,2,-1,-1
141,-1,317,80,9,9,0.62,2,-1,-1
142,-1,368,134,18,20,0.89,2,-1,-1
142,-1,303,112,13,17,0.86,2,-1,-1
142,-1,342,85,9,9,0.68,2,-1,-1
142,-1,316,82,9,9,0.55,2,-1,-1
143,-1,367,131,18,20,0.89,2,-1,-1
143,-1,303,114,13,17,0.85,2,-1,-1
143,-1,342,84,10,9,0.71,2,-1,-1
143,-1,316,82,9,9,0.54,2,-1,-1
144,-1,302,116,13,17,0.87,2,-1,-1
144,-1,367,129,17,17,0.87,2,-1,-1
144,-1,315,81,10,10,0.75,2,-1,-1
144,-1,342,83,9,9,0.71,2,-1,-1
145,-1,302,117,14,17,0.88,2,-1,-1
145,-1,366,128,17,16,0.87,2,-1,-1
145,-1,315,81,10,10,0.75,2,-1,-1
145,-1,342,83,9,9,0.72,2,-1,-1
146,-1,364,123,16,17,0.90,2,-1,-1
146,-1,301,119,14,19,0.89,2,-1,-1
146,-1,315,83,9,10,0.58,2,-1,-1
146,-1,342,82,9,8,0.51,2,-1,-1
147,-1,301,121,14,19,0.88,2,-1,-1
147,-1,363,121,16,17,0.87,2,-1,-1
147,-1,314,83,9,10,0.73,2,-1,-1
147,-1,343,82,9,8,0.51,2,-1,-1
148,-1,300,124,15,20,0.89,2,-1,-1
148,-1,361,117,16,17,0.88,2,-1,-1
148,-1,313,85,10,10,0.66,2,-1,-1
149,-1,299,126,15,20,0.89,2,-1,-1
149,-1,360,117,16,16,0.87,2,-1,-1
149,-1,313,86,9,9,0.70,2,-1,-1
149,-1,343,81,8,8,0.58,2,-1,-1
150,-1,298,128,16,22,0.90,2,-1,-1
150,-1,360,115,15,15,0.87,2,-1,-1
150,-1,313,85,10,11,0.75,2,-1,-1
150,-1,343,81,8,8,0.48,2,-1,-1
151,-1,297,130,16,22,0.89,2,-1,-1
151,-1,360,114,15,14,0.87,2,-1,-1
151,-1,312,87,10,11,0.72,2,-1,-1
151,-1,344,79,8,7,0.58,2,-1,-1
152,-1,296,134,17,23,0.89,2,-1,-1
152,-1,359,111,14,15,0.86,2,-1,-1
152,-1,311,87,11,11,0.76,2,-1,-1
152,-1,344,79,8,7,0.46,2,-1,-1
153,-1,296,137,17,22,0.88,2,-1,-1
153,-1,358,109,14,14,0.84,2,-1,-1
153,-1,311,88,11,11,0.80,2,-1,-1
153,-1,344,77,8,8,0.65,2,-1,-1
154,-1,296,140,17,24,0.89,2,-1,-1
154,-1,310,87,12,13,0.84,2,-1,-1
154,-1,358,107,13,14,0.83,2,-1,-1
154,-1,344,77,8,8,0.61,2,-1,-1
155,-1,295,142,17,25,0.88,2,-1,-1
155,-1,309,88,12,13,0.82,2,-1,-1
155,-1,358,106,13,14,0.82,2,-1,-1
156,-1,294,146,17,26,0.89,2,-1,-1
156,-1,357,104,13,14,0.86,2,-1,-1
156,-1,309,90,12,13,0.82,2,-1,-1
156,-1,345,75,7,7,0.38,2,-1,-1
157,-1,293,150,17,26,0.90,2,-1,-1
157,-1,357,104,13,13,0.87,2,-1,-1
157,-1,309,91,12,12,0.80,2,-1,-1
157,-1,345,75,8,7,0.38,2,-1,-1
158,-1,291,154,19,28,0.90,2,-1,-1
158,-1,356,102,13,12,0.83,2,-1,-1
158,-1,308,92,12,13,0.81,2,-1,-1
159,-1,290,157,19,28,0.89,2,-1,-1
159,-1,308,92,12,13,0.83,2,-1,-1
159,-1,355,101,13,13,0.83,2,-1,-1
160,-1,289,163,19,30,0.90,2,-1,-1
160,-1,355,100,13,12,0.81,2,-1,-1
160,-1,307,94,13,13,0.80,2,-1,-1
161,-1,288,166,20,31,0.91,2,-1,-1
161,-1,307,94,13,13,0.85,2,-1,-1
161,-1,354,99,12,11,0.74,2,-1,-1
162,-1,286,172,22,32,0.92,2,-1,-1
162,-1,306,95,13,14,0.85,2,-1,-1
162,-1,354,96,13,12,0.76,2,-1,-1
163,-1,284,177,22,33,0.92,2,-1,-1
163,-1,306,97,13,14,0.83,2,-1,-1
163,-1,354,97,13,11,0.73,2,-1,-1
164,-1,282,182,24,37,0.93,2,-1,-1
164,-1,306,98,13,14,0.83,2,-1,-1
164,-1,353,94,12,11,0.72,2,-1,-1
165,-1,281,189,24,37,0.93,2,-1,-1
165,-1,305,98,14,15,0.87,2,-1,-1
165,-1,353,94,11,11,0.72,2,-1,-1
166,-1,278,197,26,39,0.92,2,-1,-1
166,-1,305,100,14,15,0.88,2,-1,-1
166,-1,353,94,11,10,0.71,2,-1,-1
167,-1,276,203,27,41,0.92,2,-1,-1
167,-1,304,100,14,16,0.87,2,-1,-1
167,-1,353,93,11,10,0.73,2,-1,-1
168,-1,274,213,28,44,0.93,2,-1,-1
168,-1,304,102,14,16,0.85,2,-1,-1
168,-1,352,91,11,9,0.76,2,-1,-1
169,-1,272,220,28,47,0.95,2,-1,-1
169,-1,304,103,14,16,0.85,2,-1,-1
169,-1,352,90,11,10,0.77,2,-1,-1
170,-1,268,232,30,51,0.94,2,-1,-1
170,-1,303,105,14,16,0.84,2,-1,-1
170,-1,352,88,11,10,0.55,2,-1,-1
171,-1,266,241,32,53,0.93,2,-1,-1
171,-1,303,106,14,17,0.85,2,-1,-1
171,-1,351,88,11,10,0.62,2,-1,-1
172,-1,261,256,34,58,0.94,2,-1,-1
172,-1,303,108,14,17,0.86,2,-1,-1
172,-1,352,87,10,10,0.66,2,-1,-1
173,-1,257,267,37,62,0.93,2,-1,-1
173,-1,302,109,15,18,0.87,2,-1,-1
173,-1,352,86,10,10,0.59,2,-1,-1
174,-1,251,286,40,69,0.94,2,-1,-1
174,-1,301,110,15,18,0.87,2,-1,-1
174,-1,351,85,10,10,0.64,2,-1,-1
175,-1,247,298,42,78,0.94,2,-1,-1
175,-1,301,111,15,19,0.87,2,-1,-1
175,-1,351,85,10,10,0.41,2,-1,-1
176,-1,240,323,46,87,0.94,2,-1,-1
176,-1,301,114,15,18,0.90,2,-1,-1
176,-1,351,83,10,9,0.64,2,-1,-1
177,-1,233,342,49,97,0.95,2,-1,-1
177,-1,300,115,15,19,0.89,2,-1,-1
177,-1,351,83,9,9,0.65,2,-1,-1
178,-1,225,363,54,109,0.95,2,-1,-1
178,-1,300,116,15,19,0.89,2,-1,-1
178,-1,351,83,9,9,0.46,2,-1,-1
179,-1,212,403,62,128,0.93,2,-1,-1
179,-1,299,118,16,20,0.89,2,-1,-1
179,-1,351,82,9,8,0.34,2,-1,-1
180,-1,203,434,66,102,0.94,2,-1,-1
180,-1,298,119,16,21,0.88,2,-1,-1
180,-1,351,82,9,8,0.35,2,-1,-1
181,-1,196,495,63,43,0.90,2,-1,-1
181,-1,297,123,16,20,0.89,2,-1,-1
181,-1,350,81,9,8,0.13,2,-1,-1
182,-1,297,124,17,21,0.89,2,-1,-1
182,-1,351,81,9,8,0.14,2,-1,-1
183,-1,296,127,17,22,0.90,2,-1,-1
183,-1,351,80,9,8,0.41,2,-1,-1
184,-1,295,128,17,23,0.89,2,-1,-1
184,-1,351,80,9,8,0.41,2,-1,-1
185,-1,295,131,18,24,0.91,2,-1,-1
185,-1,350,78,9,8,0.50,2,-1,-1
186,-1,294,133,18,24,0.90,2,-1,-1
186,-1,350,78,9,8,0.49,2,-1,-1
187,-1,293,137,19,25,0.90,2,-1,-1
187,-1,351,77,9,8,0.18,2,-1,-1
188,-1,292,139,19,25,0.90,2,-1,-1
188,-1,351,76,9,8,0.48,2,-1,-1
189,-1,291,142,19,27,0.89,2,-1,-1
189,-1,351,76,9,8,0.47,2,-1,-1
190,-1,290,144,20,27,0.90,2,-1,-1
191,-1,289,149,20,28,0.90,2,-1,-1
191,-1,352,75,9,8,0.18,2,-1,-1
192,-1,288,152,21,29,0.90,2,-1,-1
192,-1,352,75,9,8,0.19,2,-1,-1
193,-1,287,156,21,31,0.91,2,-1,-1
194,-1,285,159,22,32,0.93,2,-1,-1
195,-1,284,165,23,32,0.91,2,-1,-1
196,-1,283,168,24,34,0.92,2,-1,-1
197,-1,281,174,25,36,0.92,2,-1,-1
198,-1,279,178,26,37,0.91,2,-1,-1
199,-1,277,185,27,39,0.91,2,-1,-1
200,-1,275,190,27,40,0.92,2,-1,-1
201,-1,274,197,28,44,0.92,2,-1,-1
202,-1,272,203,28,46,0.94,2,-1,-1
203,-1,269,214,30,48,0.94,2,-1,-1
204,-1,266,220,32,50,0.94,2,-1,-1
205,-1,263,232,33,55,0.94,2,-1,-1
206,-1,260,241,35,57,0.93,2,-1,-1
207,-1,255,255,38,63,0.93,2,-1,-1
208,-1,251,266,40,67,0.94,2,-1,-1
209,-1,245,283,43,76,0.95,2,-1,-1
210,-1,240,296,47,83,0.94,2,-1,-1
211,-1,232,319,51,95,0.94,2,-1,-1
212,-1,225,337,56,105,0.94,2,-1,-1
213,-1,215,368,61,125,0.94,2,-1,-1
214,-1,204,394,69,138,0.94,2,-1,-1
215,-1,187,439,79,98,0.95,2,-1,-1
216,-1,186,476,73,61,0.92,2,-1,-1
373,-1,320,62,11,16,0.10,7,-1,-1
376,-1,319,64,11,16,0.31,7,-1,-1
377,-1,319,64,11,16,0.20,7,-1,-1
380,-1,319,66,12,16,0.11,7,-1,-1
381,-1,319,64,15,17,0.13,7,-1,-1
382,-1,317,64,13,17,0.14,7,-1,-1
383,-1,316,64,12,17,0.31,7,-1,-1
384,-1,314,64,13,18,0.23,7,-1,-1
385,-1,314,63,13,19,0.29,7,-1,-1
386,-1,313,62,13,20,0.62,7,-1,-1
387,-1,313,63,13,20,0.60,7,-1,-1
388,-1,312,63,13,20,0.67,7,-1,-1
389,-1,311,63,13,21,0.74,7,-1,-1
390,-1,311,63,13,21,0.74,7,-1,-1
391,-1,311,64,14,21,0.69,7,-1,-1
392,-1,310,63,14,21,0.80,7,-1,-1
393,-1,310,64,13,21,0.79,7,-1,-1
393,-1,322,64,11,18,0.14,7,-1,-1
394,-1,309,64,14,21,0.75,7,-1,-1
395,-1,309,65,14,21,0.76,7,-1,-1
396,-1,309,65,15,22,0.76,7,-1,-1
397,-1,308,65,15,22,0.86,7,-1,-1
398,-1,307,65,15,23,0.88,7,-1,-1
399,-1,307,66,15,23,0.84,7,-1,-1
400,-1,306,66,15,23,0.83,7,-1,-1
401,-1,305,66,15,23,0.84,7,-1,-1
402,-1,306,68,15,22,0.80,7,-1,-1
403,-1,305,69,15,22,0.80,7,-1,-1
403,-1,320,68,10,16,0.21,7,-1,-1
404,-1,304,68,15,23,0.86,7,-1,-1
404,-1,319,66,10,16,0.44,7,-1,-1
405,-1,304,68,15,23,0.84,7,-1,-1
405,-1,320,68,10,14,0.38,7,-1,-1
406,-1,304,68,15,23,0.83,7,-1,-1
406,-1,320,68,10,14,0.30,7,-1,-1
407,-1,303,69,15,23,0.84,7,-1,-1
407,-1,319,68,10,16,0.43,7,-1,-1
408,-1,303,69,16,24,0.84,7,-1,-1
408,-1,319,68,10,17,0.39,7,-1,-1
409,-1,302,68,18,25,0.86,7,-1,-1
409,-1,318,67,11,19,0.22,7,-1,-1
410,-1,301,68,18,25,0.85,7,-1,-1
410,-1,318,67,11,20,0.41,7,-1,-1
411,-1,301,69,18,26,0.85,7,-1,-1
411,-1,318,67,11,19,0.41,7,-1,-1
412,-1,300,69,19,26,0.86,7,-1,-1
412,-1,318,69,10,18,0.21,7,-1,-1
413,-1,300,70,18,26,0.87,7,-1,-1
413,-1,318,69,11,18,0.25,7,-1,-1
414,-1,300,71,17,26,0.89,7,-1,-1
414,-1,317,69,11,17,0.66,7,-1,-1
415,-1,299,71,17,27,0.90,7,-1,-1
415,-1,317,69,11,18,0.64,7,-1,-1
416,-1,299,71,17,27,0.90,7,-1,-1
416,-1,317,69,10,19,0.45,7,-1,-1
417,-1,298,71,17,27,0.90,7,-1,-1
417,-1,317,69,11,19,0.54,7,-1,-1
418,-1,297,72,17,27,0.87,7,-1,-1
418,-1,317,72,10,17,0.30,7,-1,-1
419,-1,297,73,16,27,0.87,7,-1,-1
419,-1,316,73,10,17,0.53,7,-1,-1
420,-1,296,73,17,27,0.87,7,-1,-1
420,-1,316,73,10,17,0.48,7,-1,-1
421,-1,295,74,18,28,0.88,7,-1,-1
421,-1,316,74,10,17,0.40,7,-1,-1
422,-1,295,75,17,27,0.88,7,-1,-1
422,-1,315,74,11,18,0.72,7,-1,-1
423,-1,294,75,17,28,0.89,7,-1,-1
423,-1,315,74,11,18,0.72,7,-1,-1
424,-1,293,76,18,28,0.88,7,-1,-1
424,-1,314,74,11,18,0.62,7,-1,-1
425,-1,293,77,18,29,0.88,7,-1,-1
425,-1,314,74,12,19,0.65,7,-1,-1
426,-1,293,77,18,29,0.88,7,-1,-1
426,-1,314,74,12,19,0.76,7,-1,-1
427,-1,292,77,19,30,0.89,7,-1,-1
427,-1,314,75,12,20,0.76,7,-1,-1
428,-1,291,78,19,30,0.89,7,-1,-1
428,-1,313,76,12,20,0.78,7,-1,-1
429,-1,291,78,19,30,0.89,7,-1,-1
429,-1,313,76,13,21,0.83,7,-1,-1
430,-1,290,79,19,30,0.88,7,-1,-1
430,-1,313,77,13,20,0.78,7,-1,-1
431,-1,289,80,20,31,0.89,7,-1,-1
431,-1,313,77,13,20,0.76,7,-1,-1
432,-1,289,80,20,32,0.89,7,-1,-1
432,-1,312,77,13,22,0.81,7,-1,-1
433,-1,288,80,20,33,0.90,7,-1,-1
433,-1,312,78,13,22,0.72,7,-1,-1
434,-1,288,81,22,33,0.89,7,-1,-1
434,-1,311,78,13,22,0.69,7,-1,-1
435,-1,287,81,21,34,0.89,7,-1,-1
435,-1,311,78,14,23,0.78,7,-1,-1
436,-1,287,82,20,34,0.89,7,-1,-1
436,-1,311,80,13,23,0.74,7,-1,-1
437,-1,286,82,20,35,0.90,7,-1,-1
437,-1,310,79,14,24,0.75,7,-1,-1
438,-1,285,84,20,35,0.91,7,-1,-1
438,-1,310,80,14,25,0.80,7,-1,-1
439,-1,285,86,20,34,0.90,7,-1,-1
439,-1,310,80,14,25,0.84,7,-1,-1
440,-1,284,86,20,35,0.92,7,-1,-1
440,-1,309,81,15,26,0.82,7,-1,-1
441,-1,283,87,21,35,0.92,7,-1,-1
441,-1,309,82,15,25,0.82,7,-1,-1
442,-1,283,88,21,35,0.92,7,-1,-1
442,-1,309,82,15,27,0.84,7,-1,-1
443,-1,281,88,22,37,0.92,7,-1,-1
443,-1,308,83,16,27,0.85,7,-1,-1
444,-1,281,89,22,37,0.91,7,-1,-1
444,-1,308,83,16,29,0.86,7,-1,-1
445,-1,280,91,22,37,0.91,7,-1,-1
445,-1,307,84,17,29,0.86,7,-1,-1
446,-1,280,93,22,37,0.91,7,-1,-1
446,-1,307,85,17,29,0.87,7,-1,-1
447,-1,279,93,23,38,0.92,7,-1,-1
447,-1,306,86,17,29,0.86,7,-1,-1
448,-1,279,94,22,38,0.92,7,-1,-1
448,-1,306,88,17,29,0.86,7,-1,-1
449,-1,277,95,22,40,0.92,7,-1,-1
449,-1,306,88,18,30,0.84,7,-1,-1
450,-1,276,97,23,40,0.92,7,-1,-1
450,-1,305,91,18,29,0.87,7,-1,-1
451,-1,276,98,23,40,0.91,7,-1,-1
451,-1,305,91,18,30,0.88,7,-1,-1
452,-1,275,98,23,41,0.91,7,-1,-1
452,-1,305,92,18,30,0.88,7,-1,-1
453,-1,274,99,24,43,0.93,7,-1,-1
453,-1,304,93,18,31,0.86,7,-1,-1
454,-1,273,100,24,44,0.94,7,-1,-1
454,-1,304,95,18,31,0.88,7,-1,-1
455,-1,272,102,25,44,0.93,7,-1,-1
455,-1,304,95,19,33,0.88,7,-1,-1
456,-1,271,104,25,45,0.93,7,-1,-1
456,-1,304,96,20,34,0.89,7,-1,-1
457,-1,270,105,26,46,0.94,7,-1,-1
457,-1,303,97,20,35,0.88,7,-1,-1
458,-1,269,105,27,47,0.94,7,-1,-1
458,-1,303,99,20,35,0.89,7,-1,-1
459,-1,268,108,27,48,0.92,7,-1,-1
459,-1,302,100,21,35,0.90,7,-1,-1
460,-1,266,108,28,50,0.95,7,-1,-1
460,-1,302,101,21,37,0.91,7,-1,-1
461,-1,266,110,28,50,0.95,7,-1,-1
461,-1,301,102,22,38,0.91,7,-1,-1
462,-1,264,111,29,51,0.94,7,-1,-1
462,-1,301,104,22,39,0.91,7,-1,-1
463,-1,263,112,29,53,0.93,7,-1,-1
463,-1,300,105,23,40,0.93,7,-1,-1
464,-1,262,114,30,54,0.95,7,-1,-1
464,-1,300,107,23,40,0.92,7,-1,-1
465,-1,260,116,31,55,0.93,7,-1,-1
465,-1,300,109,23,41,0.92,7,-1,-1
466,-1,259,117,32,56,0.93,7,-1,-1
466,-1,299,110,23,42,0.91,7,-1,-1
467,-1,257,120,32,58,0.94,7,-1,-1
467,-1,299,114,24,42,0.90,7,-1,-1
468,-1,256,121,33,60,0.94,7,-1,-1
468,-1,298,115,24,43,0.92,7,-1,-1
469,-1,253,124,34,61,0.94,7,-1,-1
469,-1,297,116,25,46,0.92,7,-1,-1
470,-1,251,124,35,64,0.94,7,-1,-1
470,-1,297,118,25,47,0.93,7,-1,-1
471,-1,250,127,35,66,0.94,7,-1,-1
471,-1,296,121,26,48,0.92,7,-1,-1
472,-1,248,128,36,69,0.94,7,-1,-1
472,-1,295,125,26,49,0.94,7,-1,-1
473,-1,294,127,27,50,0.94,7,-1,-1
473,-1,246,130,37,71,0.93,7,-1,-1
474,-1,294,129,27,52,0.94,7,-1,-1
474,-1,244,134,38,71,0.94,7,-1,-1
475,-1,241,138,39,72,0.95,7,-1,-1
475,-1,293,132,28,55,0.93,7,-1,-1
476,-1,239,140,40,75,0.94,7,-1,-1
476,-1,292,134,28,57,0.93,7,-1,-1
477,-1,234,144,43,79,0.94,7,-1,-1
477,-1,291,139,29,58,0.92,7,-1,-1
478,-1,232,146,45,81,0.95,7,-1,-1
478,-1,290,142,30,60,0.93,7,-1,-1
479,-1,288,147,30,61,0.95,7,-1,-1
479,-1,228,150,47,85,0.94,7,-1,-1
480,-1,224,155,49,90,0.95,7,-1,-1
480,-1,286,153,31,64,0.92,7,-1,-1
481,-1,220,157,50,93,0.95,7,-1,-1
481,-1,284,155,33,67,0.92,7,-1,-1
482,-1,216,161,52,95,0.95,7,-1,-1
482,-1,283,158,33,70,0.93,7,-1,-1
483,-1,210,167,56,100,0.95,7,-1,-1
483,-1,280,166,36,73,0.93,7,-1,-1
484,-1,205,173,57,105,0.95,7,-1,-1
484,-1,278,170,36,79,0.92,7,-1,-1
485,-1,276,175,38,82,0.95,7,-1,-1
485,-1,200,178,61,108,0.95,7,-1,-1
486,-1,195,180,63,115,0.95,7,-1,-1
486,-1,274,180,39,86,0.94,7,-1,-1
487,-1,188,187,67,123,0.95,7,-1,-1
487,-1,270,188,42,93,0.94,7,-1,-1
488,-1,182,194,69,128,0.95,7,-1,-1
488,-1,268,194,42,96,0.94,7,-1,-1
489,-1,173,203,73,138,0.96,7,-1,-1
489,-1,265,203,43,106,0.95,7,-1,-1
489,-1,519,505,92,33,0.92,2,-1,-1
490,-1,166,208,77,145,0.96,7,-1,-1
490,-1,261,211,46,111,0.94,7,-1,-1
490,-1,503,469,91,68,0.94,2,-1,-1
491,-1,483,422,82,95,0.96,2,-1,-1
491,-1,155,218,83,157,0.95,7,-1,-1
491,-1,256,223,48,120,0.95,7,-1,-1
492,-1,147,225,87,167,0.96,7,-1,-1
492,-1,253,233,51,128,0.95,7,-1,-1
492,-1,472,394,73,85,0.95,2,-1,-1
493,-1,459,361,63,73,0.96,2,-1,-1
493,-1,133,239,95,183,0.95,7,-1,-1
493,-1,245,248,56,143,0.95,7,-1,-1
494,-1,123,247,101,195,0.96,7,-1,-1
494,-1,452,340,58,67,0.95,2,-1,-1
494,-1,240,259,60,157,0.94,7,-1,-1
495,-1,106,263,111,218,0.96,7,-1,-1
495,-1,231,280,67,177,0.95,7,-1,-1
495,-1,442,314,52,62,0.95,2,-1,-1
496,-1,83,279,126,248,0.96,7,-1,-1
496,-1,433,293,47,55,0.94,2,-1,-1
496,-1,220,305,75,204,0.94,7,-1,-1
497,-1,60,291,143,247,0.96,7,-1,-1
497,-1,210,324,82,214,0.95,7,-1,-1
497,-1,428,280,44,53,0.94,2,-1,-1
498,-1,201,348,87,188,0.95,7,-1,-1
498,-1,39,308,156,230,0.95,7,-1,-1
498,-1,424,268,42,50,0.94,2,-1,-1
499,-1,10,332,175,207,0.96,7,-1,-1
499,-1,181,390,102,148,0.95,7,-1,-1
499,-1,417,253,40,46,0.94,2,-1,-1
500,-1,0,353,176,186,0.96,7,-1,-1
500,-1,414,245,37,43,0.94,2,-1,-1
500,-1,176,424,103,112,0.93,7,-1,-1
501,-1,0,389,159,150,0.96,7,-1,-1
501,-1,410,230,33,42,0.94,2,-1,-1
501,-1,173,496,99,42,0.73,7,-1,-1
502,-1,0,418,145,121,0.96,7,-1,-1
502,-1,407,224,32,38,0.93,2,-1,-1
503,-1,402,212,31,38,0.94,2,-1,-1
503,-1,0,469,124,69,0.92,7,-1,-1
504,-1,400,206,30,36,0.94,2,-1,-1
505,-1,397,197,28,35,0.92,2,-1,-1
506,-1,394,192,27,33,0.93,2,-1,-1
507,-1,392,185,26,31,0.93,2,-1,-1
508,-1,389,179,25,29,0.93,2,-1,-1
509,-1,387,174,24,29,0.93,2,-1,-1
510,-1,385,170,24,28,0.92,2,-1,-1
511,-1,384,165,22,27,0.92,2,-1,-1
512,-1,382,163,21,25,0.91,2,-1,-1
513,-1,380,157,22,25,0.92,2,-1,-1
514,-1,379,154,21,24,0.91,2,-1,-1
515,-1,377,150,20,23,0.91,2,-1,-1
516,-1,376,148,20,23,0.91,2,-1,-1
517,-1,375,144,19,22,0.91,2,-1,-1
518,-1,373,142,19,21,0.91,2,-1,-1
519,-1,372,138,19,21,0.91,2,-1,-1
520,-1,371,136,18,20,0.91,2,-1,-1
521,-1,369,131,18,21,0.91,2,-1,-1
522,-1,369,131,18,19,0.91,2,-1,-1
523,-1,368,129,17,18,0.91,2,-1,-1
524,-1,367,128,17,17,0.90,2,-1,-1
525,-1,366,123,17,18,0.88,2,-1,-1
526,-1,365,122,17,18,0.89,2,-1,-1
527,-1,365,119,16,18,0.90,2,-1,-1
528,-1,364,117,16,18,0.90,2,-1,-1
529,-1,362,115,16,18,0.92,2,-1,-1
530,-1,362,115,15,17,0.91,2,-1,-1
531,-1,362,113,15,16,0.87,2,-1,-1
532,-1,361,112,15,16,0.87,2,-1,-1
533,-1,361,110,14,15,0.87,2,-1,-1
534,-1,360,108,15,16,0.87,2,-1,-1
535,-1,359,107,14,15,0.87,2,-1,-1
536,-1,359,105,14,16,0.86,2,-1,-1
537,-1,358,104,13,15,0.84,2,-1,-1
538,-1,358,103,13,15,0.86,2,-1,-1
539,-1,357,101,13,15,0.86,2,-1,-1
540,-1,357,102,13,13,0.85,2,-1,-1
541,-1,356,100,13,14,0.85,2,-1,-1
542,-1,356,99,13,13,0.80,2,-1,-1
543,-1,355,98,13,13,0.79,2,-1,-1
544,-1,355,98,13,12,0.78,2,-1,-1
545,-1,355,97,13,12,0.74,2,-1,-1
546,-1,354,95,12,13,0.66,2,-1,-1
547,-1,354,93,12,13,0.69,2,-1,-1
548,-1,354,93,12,12,0.60,2,-1,-1
549,-1,354,92,12,12,0.58,2,-1,-1
550,-1,353,91,12,13,0.55,2,-1,-1
551,-1,352,91,12,13,0.55,2,-1,-1
552,-1,352,90,12,12,0.37,2,-1,-1
553,-1,352,89,12,12,0.53,2,-1,-1
554,-1,352,88,11,13,0.41,2,-1,-1
555,-1,352,87,11,12,0.43,2,-1,-1
556,-1,352,86,11,12,0.41,2,-1,-1
557,-1,352,86,11,11,0.23,2,-1,-1
558,-1,352,85,11,12,0.22,2,-1,-1
559,-1,351,84,11,11,0.35,2,-1,-1
560,-1,351,84,11,11,0.39,2,-1,-1
561,-1,351,82,11,11,0.59,2,-1,-1
562,-1,350,82,11,11,0.59,2,-1,-1
563,-1,350,82,11,11,0.56,2,-1,-1
564,-1,350,82,11,11,0.54,2,-1,-1
565,-1,350,81,11,11,0.54,2,-1,-1
566,-1,350,81,11,11,0.45,2,-1,-1
567,-1,350,81,11,11,0.45,2,-1,-1
568,-1,351,80,10,11,0.50,2,-1,-1
569,-1,351,79,10,10,0.50,2,-1,-1
570,-1,351,79,10,11,0.52,2,-1,-1
571,-1,351,78,10,11,0.49,2,-1,-1
572,-1,351,77,10,11,0.42,2,-1,-1
573,-1,508,478,93,60,0.95,2,-1,-1
573,-1,351,77,10,11,0.43,2,-1,-1
574,-1,486,424,83,99,0.97,2,-1,-1
574,-1,352,76,10,10,0.49,2,-1,-1
575,-1,474,396,73,88,0.96,2,-1,-1
575,-1,352,76,9,10,0.53,2,-1,-1
576,-1,459,358,63,74,0.95,2,-1,-1
576,-1,352,75,9,10,0.55,2,-1,-1
577,-1,451,338,57,66,0.96,2,-1,-1
577,-1,352,75,9,10,0.57,2,-1,-1
578,-1,440,311,50,59,0.95,2,-1,-1
578,-1,352,75,9,10,0.36,2,-1,-1
579,-1,433,294,47,56,0.94,2,-1,-1
579,-1,353,75,9,10,0.46,2,-1,-1
580,-1,425,274,43,50,0.96,2,-1,-1
580,-1,353,74,9,9,0.33,2,-1,-1
581,-1,420,261,40,48,0.94,2,-1,-1
581,-1,353,74,9,9,0.40,2,-1,-1
582,-1,414,246,37,43,0.95,2,-1,-1
582,-1,354,74,9,9,0.31,2,-1,-1
583,-1,409,236,36,41,0.94,2,-1,-1
583,-1,354,74,9,9,0.34,2,-1,-1
584,-1,404,224,32,38,0.94,2,-1,-1
585,-1,401,215,31,37,0.95,2,-1,-1
586,-1,397,205,29,35,0.95,2,-1,-1
587,-1,394,198,28,34,0.93,2,-1,-1
588,-1,390,190,27,32,0.93,2,-1,-1
589,-1,387,184,27,32,0.93,2,-1,-1
589,-1,356,72,8,8,0.11,2,-1,-1
590,-1,385,177,26,30,0.93,2,-1,-1
591,-1,382,172,25,29,0.92,2,-1,-1
592,-1,380,166,24,27,0.92,2,-1,-1
592,-1,321,75,9,9,0.15,2,-1,-1
593,-1,378,163,24,26,0.92,2,-1,-1
593,-1,321,75,9,9,0.18,2,-1,-1
594,-1,376,158,22,24,0.90,2,-1,-1
595,-1,375,154,22,25,0.91,2,-1,-1
595,-1,318,77,9,9,0.11,2,-1,-1
596,-1,373,149,21,23,0.90,2,-1,-1
596,-1,319,79,8,9,0.12,2,-1,-1
597,-1,372,147,21,22,0.91,2,-1,-1
597,-1,318,79,8,9,0.24,2,-1,-1
598,-1,370,142,20,22,0.90,2,-1,-1
598,-1,317,80,9,10,0.60,2,-1,-1
599,-1,370,140,19,21,0.91,2,-1,-1
599,-1,317,80,9,10,0.60,2,-1,-1
600,-1,367,136,19,21,0.90,2,-1,-1
601,-1,366,134,20,20,0.90,2,-1,-1
601,-1,315,82,10,10,0.64,2,-1,-1
602,-1,365,130,19,21,0.89,2,-1,-1
602,-1,314,83,10,10,0.42,2,-1,-1
603,-1,365,130,18,19,0.88,2,-1,-1
603,-1,313,84,9,10,0.42,2,-1,-1
604,-1,364,126,17,19,0.89,2,-1,-1
604,-1,312,86,10,10,0.66,2,-1,-1
605,-1,363,125,17,18,0.89,2,-1,-1
605,-1,312,86,10,10,0.65,2,-1,-1
606,-1,362,122,16,17,0.90,2,-1,-1
606,-1,311,88,11,11,0.74,2,-1,-1
607,-1,361,119,16,18,0.88,2,-1,-1
607,-1,311,89,11,11,0.78,2,-1,-1
608,-1,360,117,16,17,0.88,2,-1,-1
608,-1,310,90,12,11,0.71,2,-1,-1
609,-1,359,116,15,17,0.88,2,-1,-1
609,-1,309,91,11,11,0.73,2,-1,-1
610,-1,359,115,15,15,0.88,2,-1,-1
610,-1,309,93,11,11,0.79,2,-1,-1
611,-1,358,114,14,15,0.87,2,-1,-1
611,-1,308,94,11,12,0.78,2,-1,-1
612,-1,357,111,14,15,0.87,2,-1,-1
612,-1,307,96,12,12,0.78,2,-1,-1
613,-1,357,110,14,14,0.88,2,-1,-1
613,-1,306,96,13,12,0.83,2,-1,-1
614,-1,356,109,14,14,0.85,2,-1,-1
614,-1,306,98,13,13,0.82,2,-1,-1
615,-1,306,100,13,13,0.88,2,-1,-1
615,-1,355,106,14,15,0.87,2,-1,-1
616,-1,355,104,14,14,0.86,2,-1,-1
616,-1,304,102,14,14,0.84,2,-1,-1
617,-1,354,104,14,14,0.85,2,-1,-1
617,-1,304,104,14,14,0.85,2,-1,-1
618,-1,303,107,13,14,0.85,2,-1,-1
618,-1,354,103,13,13,0.83,2,-1,-1
619,-1,303,108,13,14,0.86,2,-1,-1
619,-1,354,102,13,12,0.85,2,-1,-1
620,-1,302,111,14,14,0.86,2,-1,-1
620,-1,353,101,12,12,0.83,2,-1,-1
621,-1,301,112,14,15,0.85,2,-1,-1
621,-1,353,100,12,11,0.79,2,-1,-1
622,-1,300,116,14,15,0.91,2,-1,-1
622,-1,352,99,12,11,0.78,2,-1,-1
623,-1,299,118,14,15,0.91,2,-1,-1
623,-1,352,98,12,12,0.80,2,-1,-1
624,-1,298,122,15,16,0.89,2,-1,-1
624,-1,352,97,12,11,0.77,2,-1,-1
625,-1,297,123,15,17,0.88,2,-1,-1
625,-1,352,96,11,11,0.72,2,-1,-1
626,-1,296,127,16,18,0.90,2,-1,-1
626,-1,351,95,11,11,0.72,2,-1,-1
627,-1,295,129,16,20,0.89,2,-1,-1
627,-1,351,94,11,11,0.73,2,-1,-1
628,-1,293,133,17,21,0.91,2,-1,-1
628,-1,351,93,11,10,0.67,2,-1,-1
629,-1,292,137,17,21,0.89,2,-1,-1
629,-1,351,92,11,11,0.73,2,-1,-1
630,-1,291,142,18,22,0.90,2,-1,-1
630,-1,351,91,11,10,0.76,2,-1,-1
631,-1,289,146,18,22,0.89,2,-1,-1
631,-1,351,90,11,10,0.76,2,-1,-1
632,-1,287,153,19,23,0.89,2,-1,-1
632,-1,350,89,11,10,0.71,2,-1,-1
633,-1,286,157,20,25,0.88,2,-1,-1
633,-1,350,88,11,10,0.64,2,-1,-1
634,-1,284,165,20,26,0.88,2,-1,-1
634,-1,350,87,11,11,0.69,2,-1,-1
635,-1,282,170,21,27,0.88,2,-1,-1
635,-1,350,86,11,11,0.68,2,-1,-1
636,-1,278,179,24,29,0.91,2,-1,-1
636,-1,350,85,10,11,0.70,2,-1,-1
637,-1,277,187,24,30,0.92,2,-1,-1
637,-1,350,86,10,10,0.65,2,-1,-1
638,-1,273,197,26,35,0.93,2,-1,-1
638,-1,350,83,11,11,0.65,2,-1,-1
639,-1,271,206,27,36,0.92,2,-1,-1
639,-1,350,83,10,11,0.57,2,-1,-1
640,-1,266,222,28,40,0.92,2,-1,-1
640,-1,350,82,10,10,0.68,2,-1,-1
641,-1,263,233,29,43,0.93,2,-1,-1
641,-1,350,82,11,10,0.66,2,-1,-1
642,-1,256,254,34,47,0.94,2,-1,-1
642,-1,350,82,10,10,0.38,2,-1,-1
643,-1,250,267,37,56,0.95,2,-1,-1
643,-1,350,81,10,10,0.34,2,-1,-1
644,-1,244,288,41,59,0.94,2,-1,-1
644,-1,350,81,10,10,0.31,2,-1,-1
645,-1,234,321,46,72,0.95,2,-1,-1
645,-1,350,80,10,10,0.24,2,-1,-1
646,-1,218,361,55,95,0.95,2,-1,-1
646,-1,350,80,10,9,0.39,2,-1,-1
647,-1,204,398,63,112,0.95,2,-1,-1
647,-1,350,80,10,9,0.37,2,-1,-1
648,-1,188,469,68,69,0.94,2,-1,-1
648,-1,350,78,10,9,0.14,2,-1,-1
649,-1,351,77,10,9,0.14,2,-1,-1
650,-1,351,77,10,9,0.14,2,-1,-1
651,-1,352,76,9,10,0.14,2,-1,-1
652,-1,352,76,9,9,0.26,2,-1,-1
653,-1,352,75,9,9,0.27,2,-1,-1
654,-1,352,75,9,10,0.20,2,-1,-1
655,-1,352,75,9,10,0.20,2,-1,-1
656,-1,353,74,9,9,0.10,2,-1,-1
737,-1,442,508,76,29,0.84,2,-1,-1
738,-1,427,447,80,88,0.95,2,-1,-1
739,-1,418,412,71,99,0.94,2,-1,-1
740,-1,409,370,60,81,0.94,2,-1,-1
741,-1,403,346,56,73,0.94,2,-1,-1
742,-1,396,317,50,65,0.94,2,-1,-1
743,-1,392,299,46,59,0.94,2,-1,-1
744,-1,387,275,42,55,0.93,2,-1,-1
745,-1,384,263,39,51,0.94,2,-1,-1
746,-1,380,244,37,48,0.94,2,-1,-1
747,-1,378,235,34,45,0.94,2,-1,-1
748,-1,374,221,32,42,0.93,2,-1,-1
749,-1,372,214,31,40,0.94,2,-1,-1
750,-1,370,203,29,38,0.93,2,-1,-1
751,-1,368,196,28,36,0.94,2,-1,-1
752,-1,366,188,27,33,0.93,2,-1,-1
753,-1,364,183,25,32,0.93,2,-1,-1
754,-1,362,175,24,31,0.94,2,-1,-1
755,-1,362,170,23,30,0.92,2,-1,-1
756,-1,360,164,23,28,0.93,2,-1,-1
757,-1,359,160,23,27,0.93,2,-1,-1
758,-1,357,155,21,26,0.92,2,-1,-1
759,-1,356,152,21,25,0.92,2,-1,-1
760,-1,355,147,21,24,0.93,2,-1,-1
761,-1,354,145,20,23,0.92,2,-1,-1
762,-1,353,140,20,23,0.92,2,-1,-1
763,-1,352,138,19,21,0.92,2,-1,-1
764,-1,351,134,19,21,0.91,2,-1,-1
765,-1,351,131,19,21,0.91,2,-1,-1
766,-1,350,129,18,19,0.90,2,-1,-1
767,-1,350,125,18,20,0.90,2,-1,-1
768,-1,349,123,17,19,0.91,2,-1,-1
769,-1,349,121,17,19,0.90,2,-1,-1
770,-1,348,119,17,18,0.90,2,-1,-1
771,-1,348,117,16,18,0.91,2,-1,-1
772,-1,347,115,16,18,0.92,2,-1,-1
773,-1,347,115,15,16,0.90,2,-1,-1
774,-1,346,111,15,17,0.90,2,-1,-1
775,-1,346,110,14,17,0.89,2,-1,-1
776,-1,346,108,14,16,0.90,2,-1,-1
777,-1,345,106,14,16,0.88,2,-1,-1
778,-1,345,104,14,16,0.88,2,-1,-1
779,-1,345,103,14,16,0.88,2,-1,-1
780,-1,344,101,14,16,0.87,2,-1,-1
781,-1,344,101,13,16,0.86,2,-1,-1
782,-1,343,99,13,15,0.83,2,-1,-1
783,-1,343,99,13,14,0.81,2,-1,-1
784,-1,343,97,12,14,0.79,2,-1,-1
785,-1,343,94,13,15,0.83,2,-1,-1
786,-1,342,93,13,14,0.80,2,-1,-1
787,-1,342,92,13,15,0.78,2,-1,-1
788,-1,342,91,13,15,0.77,2,-1,-1
789,-1,342,90,13,15,0.78,2,-1,-1
790,-1,341,89,12,15,0.72,2,-1,-1
791,-1,341,89,12,14,0.77,2,-1,-1
792,-1,341,87,12,14,0.81,2,-1,-1
793,-1,341,86,12,14,0.82,2,-1,-1
794,-1,341,86,11,13,0.78,2,-1,-1
795,-1,341,85,11,13,0.78,2,-1,-1
796,-1,341,84,11,13,0.78,2,-1,-1
797,-1,341,84,11,13,0.77,2,-1,-1
798,-1,341,83,11,12,0.80,2,-1,-1
799,-1,341,83,11,12,0.80,2,-1,-1
800,-1,341,82,11,12,0.79,2,-1,-1
801,-1,341,81,11,11,0.79,2,-1,-1
802,-1,341,80,11,12,0.65,2,-1,-1
803,-1,341,80,11,12,0.57,2,-1,-1
804,-1,341,79,10,11,0.56,2,-1,-1
805,-1,341,79,10,11,0.56,2,-1,-1
806,-1,342,78,10,11,0.54,2,-1,-1
807,-1,342,78,10,11,0.66,2,-1,-1
808,-1,342,77,10,11,0.64,2,-1,-1
809,-1,343,77,9,10,0.58,2,-1,-1
810,-1,343,76,9,10,0.66,2,-1,-1
811,-1,343,76,9,10,0.67,2,-1,-1
811,-1,307,79,11,11,0.20,2,-1,-1
812,-1,344,76,8,9,0.56,2,-1,-1
812,-1,306,81,10,11,0.12,2,-1,-1
813,-1,344,76,8,9,0.55,2,-1,-1
813,-1,306,81,10,11,0.14,2,-1,-1
814,-1,345,75,8,9,0.56,2,-1,-1
814,-1,305,82,10,10,0.46,2,-1,-1
815,-1,346,75,8,8,0.13,2,-1,-1
816,-1,303,83,11,10,0.53,2,-1,-1
816,-1,346,75,8,8,0.15,2,-1,-1
817,-1,303,84,11,10,0.52,2,-1,-1
818,-1,302,85,11,12,0.28,2,-1,-1
819,-1,302,85,11,11,0.65,2,-1,-1
819,-1,321,75,10,10,0.12,2,-1,-1
820,-1,302,85,11,11,0.66,2,-1,-1
821,-1,301,86,12,12,0.67,2,-1,-1
822,-1,300,87,12,12,0.69,2,-1,-1
823,-1,300,88,12,12,0.73,2,-1,-1
824,-1,299,89,12,12,0.78,2,-1,-1
825,-1,299,90,12,12,0.74,2,-1,-1
826,-1,298,91,12,12,0.74,2,-1,-1
826,-1,316,80,10,10,0.31,2,-1,-1
827,-1,298,92,12,12,0.75,2,-1,-1
827,-1,316,81,10,11,0.49,2,-1,-1
828,-1,297,93,12,12,0.76,2,-1,-1
828,-1,316,81,10,11,0.73,2,-1,-1
829,-1,297,93,12,13,0.78,2,-1,-1
829,-1,316,81,10,11,0.74,2,-1,-1
830,-1,296,95,12,12,0.74,2,-1,-1
830,-1,314,83,10,11,0.41,2,-1,-1
831,-1,296,96,12,12,0.80,2,-1,-1
831,-1,314,84,10,11,0.17,2,-1,-1
832,-1,295,98,12,12,0.81,2,-1,-1
832,-1,314,85,11,11,0.65,2,-1,-1
833,-1,295,99,12,12,0.82,2,-1,-1
833,-1,314,85,10,11,0.68,2,-1,-1
834,-1,294,100,12,13,0.85,2,-1,-1
834,-1,312,87,11,12,0.78,2,-1,-1
835,-1,293,101,12,13,0.86,2,-1,-1
835,-1,312,87,11,12,0.78,2,-1,-1
836,-1,292,102,13,13,0.86,2,-1,-1
836,-1,312,90,11,11,0.78,2,-1,-1
837,-1,291,103,13,13,0.87,2,-1,-1
837,-1,311,90,11,11,0.78,2,-1,-1
838,-1,290,106,13,13,0.85,2,-1,-1
838,-1,311,91,12,12,0.80,2,-1,-1
838,-1,335,53,12,17,0.17,7,-1,-1
839,-1,290,107,13,13,0.84,2,-1,-1
839,-1,310,92,12,12,0.79,2,-1,-1
839,-1,336,54,11,16,0.18,7,-1,-1
840,-1,289,109,14,13,0.85,2,-1,-1
840,-1,309,93,11,12,0.81,2,-1,-1
840,-1,335,54,11,17,0.11,7,-1,-1
841,-1,288,110,13,13,0.83,2,-1,-1
841,-1,309,94,12,12,0.78,2,-1,-1
841,-1,334,54,11,16,0.28,7,-1,-1
842,-1,287,111,14,14,0.85,2,-1,-1
842,-1,309,96,12,12,0.80,2,-1,-1
842,-1,333,55,11,17,0.26,7,-1,-1
843,-1,286,113,14,14,0.84,2,-1,-1
843,-1,308,97,12,12,0.82,2,-1,-1
843,-1,333,55,11,17,0.22,7,-1,-1
844,-1,285,114,14,15,0.85,2,-1,-1
844,-1,307,98,13,13,0.84,2,-1,-1
844,-1,333,55,11,17,0.46,7,-1,-1
845,-1,285,116,14,15,0.86,2,-1,-1
845,-1,306,100,13,13,0.85,2,-1,-1
846,-1,283,119,15,15,0.88,2,-1,-1
846,-1,306,101,13,14,0.87,2,-1,-1
846,-1,330,55,11,17,0.17,7,-1,-1
847,-1,282,120,15,15,0.88,2,-1,-1
847,-1,305,102,13,14,0.86,2,-1,-1
847,-1,329,55,11,18,0.52,7,-1,-1
848,-1,281,123,15,15,0.86,2,-1,-1
848,-1,306,103,13,14,0.84,2,-1,-1
848,-1,328,56,11,18,0.17,7,-1,-1
849,-1,279,126,16,15,0.88,2,-1,-1
849,-1,304,104,14,15,0.85,2,-1,-1
849,-1,329,56,11,18,0.18,7,-1,-1
850,-1,278,127,16,16,0.88,2,-1,-1
850,-1,304,107,13,14,0.85,2,-1,-1
850,-1,328,56,11,18,0.49,7,-1,-1
851,-1,277,129,16,16,0.88,2,-1,-1
851,-1,304,110,14,13,0.83,2,-1,-1
851,-1,328,56,11,18,0.51,7,-1,-1
852,-1,276,131,16,17,0.92,2,-1,-1
852,-1,303,110,14,16,0.86,2,-1,-1
852,-1,326,57,11,17,0.20,7,-1,-1
853,-1,274,132,17,18,0.91,2,-1,-1
853,-1,303,111,14,17,0.87,2,-1,-1
853,-1,325,57,11,18,0.68,7,-1,-1
854,-1,272,136,18,19,0.90,2,-1,-1
854,-1,302,113,14,17,0.86,2,-1,-1
854,-1,324,58,11,18,0.49,7,-1,-1
855,-1,271,138,18,19,0.88,2,-1,-1
855,-1,301,115,15,18,0.87,2,-1,-1
855,-1,323,58,11,18,0.60,7,-1,-1
856,-1,269,142,19,19,0.88,2,-1,-1
856,-1,300,117,15,18,0.88,2,-1,-1
856,-1,323,58,11,17,0.68,7,-1,-1
857,-1,268,144,19,20,0.88,2,-1,-1
857,-1,299,119,15,19,0.88,2,-1,-1
857,-1,322,59,11,16,0.37,7,-1,-1
858,-1,266,147,20,22,0.90,2,-1,-1
858,-1,298,123,16,18,0.88,2,-1,-1
858,-1,321,60,12,16,0.65,7,-1,-1
859,-1,265,149,19,22,0.89,2,-1,-1
859,-1,298,125,16,19,0.89,2,-1,-1
859,-1,321,60,12,16,0.64,7,-1,-1
860,-1,262,154,20,23,0.89,2,-1,-1
860,-1,297,128,17,20,0.88,2,-1,-1
860,-1,320,60,12,17,0.61,7,-1,-1
861,-1,260,158,21,23,0.89,2,-1,-1
861,-1,296,130,17,20,0.89,2,-1,-1
861,-1,320,61,12,17,0.61,7,-1,-1
862,-1,258,162,21,24,0.91,2,-1,-1
862,-1,295,134,18,21,0.89,2,-1,-1
862,-1,319,60,12,17,0.72,7,-1,-1
863,-1,256,164,21,26,0.90,2,-1,-1
863,-1,294,137,18,22,0.87,2,-1,-1
863,-1,318,61,12,17,0.60,7,-1,-1
864,-1,253,170,21,27,0.93,2,-1,-1
864,-1,293,140,19,24,0.88,2,-1,-1
864,-1,317,61,12,18,0.74,7,-1,-1
865,-1,251,176,22,27,0.92,2,-1,-1
865,-1,292,143,19,24,0.88,2,-1,-1
865,-1,317,61,13,18,0.70,7,-1,-1
866,-1,248,182,24,28,0.91,2,-1,-1
866,-1,291,148,20,26,0.89,2,-1,-1
866,-1,316,62,12,18,0.58,7,-1,-1
867,-1,245,186,24,29,0.93,2,-1,-1
867,-1,289,152,21,26,0.90,2,-1,-1
867,-1,316,61,13,18,0.62,7,-1,-1
868,-1,241,194,26,31,0.92,2,-1,-1
868,-1,288,156,22,29,0.89,2,-1,-1
868,-1,315,61,12,19,0.73,7,-1,-1
869,-1,238,198,26,33,0.92,2,-1,-1
869,-1,287,161,22,30,0.89,2,-1,-1
869,-1,314,62,13,19,0.73,7,-1,-1
870,-1,233,207,27,35,0.93,2,-1,-1
870,-1,285,167,23,31,0.91,2,-1,-1
870,-1,314,62,13,19,0.74,7,-1,-1
871,-1,229,213,29,37,0.93,2,-1,-1
871,-1,283,172,24,32,0.93,2,-1,-1
871,-1,313,62,13,20,0.82,7,-1,-1
872,-1,224,224,30,38,0.93,2,-1,-1
872,-1,281,180,25,34,0.92,2,-1,-1
872,-1,312,62,13,20,0.81,7,-1,-1
873,-1,219,232,32,40,0.93,2,-1,-1
873,-1,279,185,26,36,0.91,2,-1,-1
873,-1,312,63,13,20,0.79,7,-1,-1
874,-1,211,244,35,44,0.92,2,-1,-1
874,-1,276,194,28,39,0.91,2,-1,-1
874,-1,311,63,13,20,0.85,7,-1,-1
875,-1,206,253,37,46,0.94,2,-1,-1
875,-1,274,201,29,41,0.91,2,-1,-1
875,-1,310,63,13,20,0.82,7,-1,-1
876,-1,271,213,30,45,0.94,2,-1,-1
876,-1,197,267,40,52,0.94,2,-1,-1
876,-1,310,64,13,20,0.81,7,-1,-1
877,-1,269,221,31,47,0.94,2,-1,-1
877,-1,190,278,42,56,0.93,2,-1,-1
877,-1,310,64,13,20,0.84,7,-1,-1
878,-1,264,235,34,53,0.94,2,-1,-1
878,-1,179,297,46,62,0.94,2,-1,-1
878,-1,309,64,13,21,0.84,7,-1,-1
879,-1,261,246,35,57,0.95,2,-1,-1
879,-1,169,311,50,68,0.94,2,-1,-1
879,-1,309,64,13,21,0.84,7,-1,-1
880,-1,154,337,55,76,0.95,2,-1,-1
880,-1,256,264,38,64,0.94,2,-1,-1
880,-1,308,64,13,22,0.84,7,-1,-1
881,-1,250,279,42,71,0.94,2,-1,-1
881,-1,141,355,60,85,0.94,2,-1,-1
881,-1,308,65,13,21,0.83,7,-1,-1
882,-1,118,388,70,102,0.94,2,-1,-1
882,-1,242,304,47,81,0.94,2,-1,-1
882,-1,308,66,14,21,0.83,7,-1,-1
883,-1,99,413,78,115,0.94,2,-1,-1
883,-1,234,324,52,91,0.93,2,-1,-1
883,-1,307,66,15,22,0.83,7,-1,-1
884,-1,221,362,60,108,0.95,2,-1,-1
884,-1,78,460,79,76,0.94,2,-1,-1
884,-1,306,66,15,22,0.83,7,-1,-1
885,-1,210,391,66,126,0.94,2,-1,-1
885,-1,71,502,71,36,0.92,2,-1,-1
885,-1,306,66,15,23,0.85,7,-1,-1
886,-1,190,447,78,90,0.93,2,-1,-1
886,-1,305,66,15,23,0.85,7,-1,-1
887,-1,187,499,72,39,0.89,2,-1,-1
887,-1,305,67,15,23,0.85,7,-1,-1
888,-1,304,67,15,23,0.85,7,-1,-1
889,-1,303,68,16,23,0.85,7,-1,-1
890,-1,303,68,16,23,0.86,7,-1,-1
891,-1,302,68,16,24,0.85,7,-1,-1
892,-1,302,69,16,24,0.86,7,-1,-1
893,-1,301,69,16,24,0.87,7,-1,-1
894,-1,301,69,16,25,0.89,7,-1,-1
895,-1,301,69,15,25,0.90,7,-1,-1
896,-1,301,70,15,25,0.89,7,-1,-1
897,-1,300,70,16,26,0.90,7,-1,-1
898,-1,300,71,16,26,0.90,7,-1,-1
899,-1,299,71,16,26,0.91,7,-1,-1
900,-1,299,72,16,26,0.92,7,-1,-1
