1,-1,433,242,34,36,0.90,2,-1,-1
1,-1,284,118,28,45,0.88,7,-1,-1
1,-1,330,102,12,11,0.54,2,-1,-1
1,-1,324,78,10,17,0.34,7,-1,-1
2,-1,282,120,28,45,0.88,7,-1,-1
2,-1,428,232,33,36,0.88,2,-1,-1
2,-1,330,104,12,12,0.51,2,-1,-1
2,-1,324,77,11,18,0.40,7,-1,-1
3,-1,281,121,29,45,0.88,7,-1,-1
3,-1,427,226,31,32,0.87,2,-1,-1
3,-1,329,104,12,12,0.62,2,-1,-1
3,-1,324,78,11,17,0.39,7,-1,-1
4,-1,279,122,30,46,0.89,7,-1,-1
4,-1,422,217,30,30,0.89,2,-1,-1
4,-1,329,105,12,12,0.71,2,-1,-1
4,-1,324,79,10,17,0.39,7,-1,-1
5,-1,278,124,30,46,0.89,7,-1,-1
5,-1,420,213,30,30,0.87,2,-1,-1
5,-1,329,105,12,13,0.72,2,-1,-1
5,-1,324,79,10,17,0.39,7,-1,-1
6,-1,276,125,31,46,0.89,7,-1,-1
6,-1,417,209,30,29,0.87,2,-1,-1
6,-1,329,106,12,13,0.69,2,-1,-1
6,-1,324,80,10,16,0.30,7,-1,-1
7,-1,274,126,32,50,0.88,7,-1,-1
7,-1,416,202,27,27,0.88,2,-1,-1
7,-1,328,106,12,13,0.80,2,-1,-1
7,-1,323,81,11,16,0.36,7,-1,-1
8,-1,272,129,33,50,0.89,7,-1,-1
8,-1,412,196,26,26,0.87,2,-1,-1
8,-1,328,107,12,13,0.82,2,-1,-1
8,-1,323,81,11,17,0.44,7,-1,-1
9,-1,270,130,33,48,0.89,7,-1,-1
9,-1,411,192,24,26,0.87,2,-1,-1
9,-1,327,109,12,13,0.81,2,-1,-1
9,-1,322,82,12,16,0.40,7,-1,-1
10,-1,269,130,34,50,0.89,7,-1,-1
10,-1,410,188,24,26,0.87,2,-1,-1
10,-1,327,110,12,13,0.77,2,-1,-1
10,-1,322,82,12,16,0.40,7,-1,-1
11,-1,266,132,35,50,0.89,7,-1,-1
11,-1,408,184,24,25,0.85,2,-1,-1
11,-1,326,112,13,13,0.70,2,-1,-1
11,-1,322,82,12,17,0.58,7,-1,-1
12,-1,508,419,77,73,0.91,2,-1,-1
12,-1,264,135,36,51,0.90,7,-1,-1
12,-1,405,179,23,22,0.88,2,-1,-1
12,-1,326,113,14,14,0.77,2,-1,-1
12,-1,322,83,12,17,0.40,7,-1,-1
13,-1,496,393,72,65,0.91,2,-1,-1
13,-1,262,138,36,52,0.90,7,-1,-1
13,-1,404,175,22,24,0.85,2,-1,-1
13,-1,326,112,14,14,0.82,2,-1,-1
13,-1,322,82,11,17,0.42,2,-1,-1
14,-1,259,139,38,53,0.90,7,-1,-1
14,-1,483,358,62,56,0.89,2,-1,-1
14,-1,402,171,22,25,0.86,2,-1,-1
14,-1,326,113,14,14,0.82,2,-1,-1
14,-1,322,82,12,17,0.49,2,-1,-1
15,-1,257,140,38,54,0.90,7,-1,-1
15,-1,474,337,56,51,0.89,2,-1,-1
15,-1,401,168,22,24,0.84,2,-1,-1
15,-1,324,114,15,15,0.77,2,-1,-1
15,-1,321,83,12,18,0.38,2,-1,-1
16,-1,254,143,39,54,0.89,7,-1,-1
16,-1,465,310,50,47,0.89,2,-1,-1
16,-1,399,164,21,23,0.86,2,-1,-1
16,-1,324,117,15,16,0.80,2,-1,-1
16,-1,320,83,12,18,0.41,2,-1,-1
17,-1,252,146,40,56,0.91,7,-1,-1
17,-1,456,296,49,44,0.90,2,-1,-1
17,-1,398,162,21,23,0.86,2,-1,-1
17,-1,324,117,14,16,0.83,2,-1,-1
17,-1,320,83,12,18,0.47,7,-1,-1
18,-1,249,148,42,58,0.90,7,-1,-1
18,-1,448,277,44,41,0.89,2,-1,-1
18,-1,398,159,19,22,0.85,2,-1,-1
18,-1,323,118,15,15,0.82,2,-1,-1
18,-1,320,84,12,19,0.59,7,-1,-1
19,-1,442,266,42,37,0.89,2,-1,-1
19,-1,246,148,42,60,0.89,7,-1,-1
19,-1,397,158,18,20,0.85,2,-1,-1
19,-1,322,119,15,16,0.82,2,-1,-1
19,-1,320,84,12,18,0.51,7,-1,-1
20,-1,242,152,44,64,0.90,7,-1,-1
20,-1,435,250,39,35,0.89,2,-1,-1
20,-1,394,154,19,21,0.84,2,-1,-1
20,-1,322,121,15,15,0.82,2,-1,-1
20,-1,320,84,12,20,0.73,7,-1,-1
21,-1,239,154,45,63,0.90,7,-1,-1
21,-1,431,241,37,34,0.88,2,-1,-1
21,-1,393,152,20,22,0.84,2,-1,-1
21,-1,321,122,15,15,0.82,2,-1,-1
21,-1,319,85,12,19,0.64,7,-1,-1
22,-1,234,158,48,63,0.90,7,-1,-1
22,-1,425,229,35,32,0.87,2,-1,-1
22,-1,392,149,18,21,0.85,2,-1,-1
22,-1,320,124,16,16,0.82,2,-1,-1
22,-1,319,85,13,20,0.76,7,-1,-1
23,-1,232,161,48,66,0.90,7,-1,-1
23,-1,421,222,34,32,0.87,2,-1,-1
23,-1,391,147,18,22,0.85,2,-1,-1
23,-1,320,124,16,17,0.82,2,-1,-1
23,-1,319,85,13,20,0.74,7,-1,-1
24,-1,227,164,50,72,0.90,7,-1,-1
24,-1,416,213,33,30,0.84,2,-1,-1
24,-1,319,126,16,17,0.82,2,-1,-1
24,-1,390,145,18,22,0.82,2,-1,-1
24,-1,318,86,13,21,0.82,7,-1,-1
25,-1,223,166,52,71,0.89,7,-1,-1
25,-1,412,207,32,28,0.86,2,-1,-1
25,-1,318,126,16,17,0.84,2,-1,-1
25,-1,388,142,19,21,0.82,2,-1,-1
25,-1,318,85,13,22,0.81,7,-1,-1
26,-1,218,171,54,75,0.90,7,-1,-1
26,-1,317,129,17,18,0.85,2,-1,-1
26,-1,408,198,30,28,0.85,2,-1,-1
26,-1,388,140,18,20,0.83,2,-1,-1
26,-1,318,86,13,22,0.82,7,-1,-1
27,-1,215,174,54,76,0.91,7,-1,-1
27,-1,406,194,29,26,0.86,2,-1,-1
27,-1,316,130,18,18,0.85,2,-1,-1
27,-1,318,86,13,22,0.82,7,-1,-1
27,-1,387,139,18,20,0.82,2,-1,-1
28,-1,207,178,58,82,0.91,7,-1,-1
28,-1,402,187,28,24,0.86,2,-1,-1
28,-1,315,132,18,18,0.85,2,-1,-1
28,-1,385,136,18,20,0.79,2,-1,-1
28,-1,318,88,12,21,0.78,7,-1,-1
29,-1,203,182,60,84,0.91,7,-1,-1
29,-1,314,133,18,18,0.85,2,-1,-1
29,-1,400,182,27,24,0.84,2,-1,-1
29,-1,384,134,18,20,0.81,2,-1,-1
29,-1,318,88,12,21,0.78,7,-1,-1
30,-1,195,187,62,89,0.92,7,-1,-1
30,-1,313,135,19,20,0.85,2,-1,-1
30,-1,396,176,27,24,0.83,2,-1,-1
30,-1,384,133,17,19,0.80,2,-1,-1
30,-1,317,89,13,21,0.78,7,-1,-1
31,-1,190,191,66,93,0.91,7,-1,-1
31,-1,395,172,25,24,0.87,2,-1,-1
31,-1,312,137,19,19,0.84,2,-1,-1
31,-1,384,134,17,18,0.79,2,-1,-1
31,-1,317,90,13,21,0.77,7,-1,-1
32,-1,181,198,70,96,0.92,7,-1,-1
32,-1,311,140,19,19,0.85,2,-1,-1
32,-1,392,166,24,22,0.82,2,-1,-1
32,-1,316,89,14,22,0.81,7,-1,-1
32,-1,384,133,16,17,0.80,2,-1,-1
33,-1,174,202,73,100,0.92,7,-1,-1
33,-1,310,142,20,19,0.85,2,-1,-1
33,-1,391,163,24,22,0.84,2,-1,-1
33,-1,315,91,14,21,0.76,7,-1,-1
33,-1,384,132,16,17,0.64,2,-1,-1
34,-1,164,210,78,108,0.93,7,-1,-1
34,-1,388,158,23,22,0.85,2,-1,-1
34,-1,310,144,19,20,0.85,2,-1,-1
34,-1,382,129,16,16,0.80,2,-1,-1
34,-1,315,92,14,22,0.77,7,-1,-1
35,-1,157,215,82,115,0.93,7,-1,-1
35,-1,309,147,19,20,0.86,2,-1,-1
35,-1,386,156,23,22,0.84,2,-1,-1
35,-1,382,127,15,17,0.81,2,-1,-1
35,-1,314,92,14,22,0.77,7,-1,-1
36,-1,144,224,88,124,0.93,7,-1,-1
36,-1,307,149,20,21,0.86,2,-1,-1
36,-1,384,152,22,20,0.82,2,-1,-1
36,-1,314,93,15,22,0.77,7,-1,-1
36,-1,382,125,15,16,0.77,2,-1,-1
37,-1,134,232,92,128,0.93,7,-1,-1
37,-1,307,151,20,22,0.84,2,-1,-1
37,-1,314,92,15,22,0.83,7,-1,-1
37,-1,383,149,22,21,0.83,2,-1,-1
37,-1,382,125,14,16,0.73,2,-1,-1
38,-1,118,242,100,144,0.94,7,-1,-1
38,-1,305,155,21,22,0.85,2,-1,-1
38,-1,312,92,16,23,0.83,7,-1,-1
38,-1,382,145,20,21,0.81,2,-1,-1
38,-1,381,124,14,15,0.64,2,-1,-1
39,-1,107,249,107,152,0.94,7,-1,-1
39,-1,304,157,22,23,0.85,2,-1,-1
39,-1,312,93,15,23,0.82,7,-1,-1
39,-1,380,140,21,23,0.82,2,-1,-1
39,-1,380,125,14,12,0.16,2,-1,-1
40,-1,89,262,114,170,0.93,7,-1,-1
40,-1,302,162,22,23,0.87,2,-1,-1
40,-1,312,93,16,24,0.82,7,-1,-1
40,-1,378,137,20,22,0.82,2,-1,-1
41,-1,74,272,123,179,0.93,7,-1,-1
41,-1,300,164,23,24,0.88,2,-1,-1
41,-1,311,94,16,24,0.83,7,-1,-1
41,-1,377,137,20,20,0.82,2,-1,-1
41,-1,380,122,14,13,0.17,2,-1,-1
42,-1,51,289,134,204,0.92,7,-1,-1
42,-1,298,168,24,24,0.86,2,-1,-1
42,-1,376,135,19,19,0.83,2,-1,-1
42,-1,310,94,16,25,0.82,7,-1,-1
43,-1,30,300,145,221,0.91,7,-1,-1
43,-1,298,171,24,26,0.86,2,-1,-1
43,-1,376,133,18,19,0.83,2,-1,-1
43,-1,310,94,16,25,0.81,7,-1,-1
44,-1,296,175,25,28,0.86,2,-1,-1
44,-1,310,95,17,26,0.82,7,-1,-1
44,-1,374,130,18,20,0.80,2,-1,-1
45,-1,294,179,25,28,0.86,2,-1,-1
45,-1,309,96,17,26,0.84,7,-1,-1
45,-1,374,129,18,20,0.81,2,-1,-1
46,-1,292,185,26,28,0.88,2,-1,-1
46,-1,308,96,17,26,0.84,7,-1,-1
46,-1,372,127,17,18,0.83,2,-1,-1
47,-1,290,190,27,28,0.87,2,-1,-1
47,-1,308,96,18,28,0.86,7,-1,-1
47,-1,372,125,17,18,0.83,2,-1,-1
48,-1,287,196,28,30,0.87,2,-1,-1
48,-1,308,97,17,28,0.86,7,-1,-1
48,-1,370,123,17,18,0.80,2,-1,-1
48,-1,373,112,14,12,0.11,2,-1,-1
49,-1,284,200,29,32,0.87,2,-1,-1
49,-1,306,97,18,28,0.85,7,-1,-1
49,-1,370,121,16,18,0.81,2,-1,-1
50,-1,281,209,30,33,0.87,2,-1,-1
50,-1,306,98,18,30,0.86,7,-1,-1
50,-1,369,119,16,19,0.79,2,-1,-1
51,-1,278,214,31,34,0.87,2,-1,-1
51,-1,305,98,19,30,0.86,7,-1,-1
51,-1,368,117,16,18,0.79,2,-1,-1
52,-1,274,224,33,36,0.89,2,-1,-1
52,-1,305,99,18,30,0.86,7,-1,-1
52,-1,368,114,17,19,0.79,2,-1,-1
53,-1,272,230,34,37,0.88,2,-1,-1
53,-1,304,100,19,30,0.86,7,-1,-1
53,-1,368,114,16,18,0.80,2,-1,-1
54,-1,267,238,36,40,0.89,2,-1,-1
54,-1,304,101,19,30,0.86,7,-1,-1
54,-1,367,113,16,17,0.82,2,-1,-1
55,-1,262,250,38,43,0.90,2,-1,-1
55,-1,302,102,20,30,0.85,7,-1,-1
55,-1,367,112,15,16,0.81,2,-1,-1
56,-1,254,263,41,47,0.90,2,-1,-1
56,-1,302,102,19,31,0.86,7,-1,-1
56,-1,366,111,14,16,0.79,2,-1,-1
57,-1,250,273,43,49,0.90,2,-1,-1
57,-1,302,102,19,31,0.86,7,-1,-1
57,-1,366,110,14,15,0.78,2,-1,-1
58,-1,244,286,46,51,0.90,2,-1,-1
58,-1,301,103,20,32,0.85,7,-1,-1
58,-1,366,111,13,14,0.78,2,-1,-1
59,-1,234,306,49,58,0.91,2,-1,-1
59,-1,300,105,20,31,0.85,7,-1,-1
59,-1,364,108,14,14,0.80,2,-1,-1
60,-1,223,330,54,67,0.92,2,-1,-1
60,-1,298,106,20,32,0.85,7,-1,-1
60,-1,364,107,14,14,0.79,2,-1,-1
61,-1,212,349,60,70,0.91,2,-1,-1
61,-1,298,108,20,31,0.84,7,-1,-1
61,-1,363,107,14,13,0.79,2,-1,-1
62,-1,196,380,67,84,0.91,2,-1,-1
62,-1,297,110,20,30,0.86,7,-1,-1
62,-1,362,107,13,12,0.76,2,-1,-1
63,-1,184,404,72,96,0.93,2,-1,-1
63,-1,296,110,21,30,0.86,7,-1,-1
63,-1,362,106,12,12,0.75,2,-1,-1
64,-1,295,111,21,32,0.87,7,-1,-1
64,-1,362,104,12,12,0.74,2,-1,-1
65,-1,294,111,22,33,0.86,7,-1,-1
65,-1,362,104,12,12,0.74,2,-1,-1
66,-1,293,112,22,34,0.86,7,-1,-1
66,-1,362,103,12,12,0.73,2,-1,-1
67,-1,292,112,22,35,0.87,7,-1,-1
67,-1,362,103,12,12,0.73,2,-1,-1
68,-1,290,113,23,35,0.87,7,-1,-1
68,-1,362,102,12,12,0.74,2,-1,-1
69,-1,290,114,23,36,0.86,7,-1,-1
69,-1,362,101,11,11,0.70,2,-1,-1
70,-1,288,115,24,37,0.85,7,-1,-1
70,-1,361,100,11,11,0.66,2,-1,-1
70,-1,334,88,10,8,0.15,2,-1,-1
71,-1,287,115,24,38,0.85,7,-1,-1
71,-1,361,99,11,11,0.66,2,-1,-1
71,-1,334,88,10,8,0.14,2,-1,-1
72,-1,286,117,24,39,0.86,7,-1,-1
72,-1,360,99,11,10,0.40,2,-1,-1
73,-1,286,120,24,37,0.87,7,-1,-1
73,-1,360,98,11,10,0.69,2,-1,-1
73,-1,334,91,10,8,0.13,2,-1,-1
74,-1,284,121,24,38,0.87,7,-1,-1
74,-1,360,96,11,11,0.68,2,-1,-1
75,-1,282,123,25,39,0.87,7,-1,-1
75,-1,360,96,10,10,0.69,2,-1,-1
76,-1,281,123,26,40,0.86,7,-1,-1
76,-1,360,96,10,10,0.69,2,-1,-1
77,-1,279,125,26,41,0.87,7,-1,-1
77,-1,360,95,10,10,0.69,2,-1,-1
78,-1,277,127,26,40,0.87,7,-1,-1
78,-1,360,94,10,10,0.37,2,-1,-1
79,-1,276,127,27,41,0.87,7,-1,-1
79,-1,360,93,10,10,0.53,2,-1,-1
80,-1,274,128,28,44,0.88,7,-1,-1
80,-1,359,92,10,10,0.47,2,-1,-1
80,-1,334,93,10,9,0.13,2,-1,-1
81,-1,272,130,29,45,0.88,7,-1,-1
81,-1,359,92,10,10,0.49,2,-1,-1
81,-1,333,95,10,10,0.23,2,-1,-1
82,-1,270,132,29,44,0.88,7,-1,-1
82,-1,359,92,10,9,0.40,2,-1,-1
82,-1,333,95,10,10,0.18,2,-1,-1
83,-1,269,133,29,45,0.88,7,-1,-1
83,-1,332,94,12,11,0.68,2,-1,-1
83,-1,359,92,10,9,0.39,2,-1,-1
84,-1,267,135,30,46,0.88,7,-1,-1
84,-1,332,96,12,10,0.39,2,-1,-1
84,-1,359,91,10,9,0.32,2,-1,-1
85,-1,266,136,30,46,0.87,7,-1,-1
85,-1,330,96,12,11,0.32,2,-1,-1
85,-1,359,91,10,9,0.26,2,-1,-1
86,-1,262,139,31,48,0.88,7,-1,-1
86,-1,332,96,11,10,0.64,2,-1,-1
86,-1,359,91,10,8,0.18,2,-1,-1
87,-1,262,140,31,48,0.88,7,-1,-1
87,-1,332,96,11,10,0.64,2,-1,-1
87,-1,359,90,10,8,0.12,2,-1,-1
88,-1,258,143,32,50,0.88,7,-1,-1
88,-1,330,97,12,11,0.75,2,-1,-1
89,-1,256,146,34,50,0.89,7,-1,-1
89,-1,330,98,12,11,0.76,2,-1,-1
89,-1,358,89,10,9,0.25,2,-1,-1
90,-1,517,415,78,77,0.91,2,-1,-1
90,-1,253,148,34,54,0.88,7,-1,-1
90,-1,330,98,12,12,0.78,2,-1,-1
90,-1,358,88,10,9,0.24,2,-1,-1
91,-1,506,390,73,70,0.90,2,-1,-1
91,-1,250,149,35,54,0.89,7,-1,-1
91,-1,330,99,12,12,0.79,2,-1,-1
91,-1,359,87,10,9,0.33,2,-1,-1
92,-1,493,360,64,60,0.91,2,-1,-1
92,-1,247,155,36,52,0.90,7,-1,-1
92,-1,329,100,12,12,0.80,2,-1,-1
92,-1,359,87,9,9,0.36,2,-1,-1
93,-1,482,333,57,53,0.90,2,-1,-1
93,-1,244,158,36,55,0.89,7,-1,-1
93,-1,330,101,12,12,0.78,2,-1,-1
93,-1,359,86,9,9,0.17,2,-1,-1
94,-1,476,316,53,51,0.90,2,-1,-1
94,-1,240,160,38,57,0.86,7,-1,-1
94,-1,330,101,12,12,0.78,2,-1,-1
94,-1,359,86,9,9,0.12,2,-1,-1
95,-1,469,304,50,46,0.91,2,-1,-1
95,-1,238,163,38,56,0.90,7,-1,-1
95,-1,329,102,12,12,0.81,2,-1,-1
95,-1,359,86,9,9,0.12,2,-1,-1
96,-1,463,291,48,44,0.91,2,-1,-1
96,-1,235,165,39,58,0.89,7,-1,-1
96,-1,328,104,12,11,0.80,2,-1,-1
96,-1,359,86,9,9,0.12,2,-1,-1
97,-1,455,274,44,42,0.90,2,-1,-1
97,-1,230,171,40,59,0.89,7,-1,-1
97,-1,328,104,12,12,0.82,2,-1,-1
97,-1,358,86,9,8,0.15,2,-1,-1
98,-1,450,264,44,42,0.91,2,-1,-1
98,-1,226,174,42,60,0.89,7,-1,-1
98,-1,327,105,13,12,0.84,2,-1,-1
99,-1,223,176,43,62,0.90,7,-1,-1
99,-1,446,255,41,38,0.88,2,-1,-1
99,-1,327,106,13,12,0.84,2,-1,-1
100,-1,216,182,46,65,0.90,7,-1,-1
100,-1,439,243,40,37,0.88,2,-1,-1
100,-1,327,107,13,12,0.85,2,-1,-1
100,-1,359,84,8,8,0.11,2,-1,-1
101,-1,209,187,48,70,0.89,7,-1,-1
101,-1,326,107,14,14,0.86,2,-1,-1
101,-1,432,233,38,46,0.86,2,-1,-1
101,-1,358,84,8,8,0.10,2,-1,-1
102,-1,205,191,50,74,0.89,7,-1,-1
102,-1,430,226,36,36,0.85,2,-1,-1
102,-1,326,109,13,13,0.85,2,-1,-1
103,-1,200,196,52,76,0.91,7,-1,-1
103,-1,427,220,34,32,0.87,2,-1,-1
103,-1,326,109,13,13,0.85,2,-1,-1
104,-1,190,203,56,80,0.90,7,-1,-1
104,-1,423,212,33,30,0.85,2,-1,-1
104,-1,324,110,14,14,0.83,2,-1,-1
105,-1,181,211,60,86,0.92,7,-1,-1
105,-1,418,205,32,28,0.86,2,-1,-1
105,-1,324,111,14,14,0.83,2,-1,-1
106,-1,173,216,64,90,0.91,7,-1,-1
106,-1,324,112,14,14,0.84,2,-1,-1
106,-1,416,200,30,26,0.84,2,-1,-1
107,-1,162,227,67,94,0.92,7,-1,-1
107,-1,322,114,14,14,0.84,2,-1,-1
107,-1,413,192,29,25,0.84,2,-1,-1
108,-1,153,234,71,102,0.91,7,-1,-1
108,-1,411,189,28,26,0.85,2,-1,-1
108,-1,322,115,15,14,0.84,2,-1,-1
109,-1,139,247,76,110,0.93,7,-1,-1
109,-1,408,182,27,25,0.85,2,-1,-1
109,-1,322,116,15,14,0.83,2,-1,-1
110,-1,129,256,80,117,0.93,7,-1,-1
110,-1,407,179,26,24,0.85,2,-1,-1
110,-1,321,117,15,15,0.83,2,-1,-1
111,-1,119,267,83,122,0.93,7,-1,-1
111,-1,405,176,26,24,0.85,2,-1,-1
111,-1,321,118,16,15,0.83,2,-1,-1
112,-1,97,283,93,140,0.92,7,-1,-1
112,-1,416,416,68,74,0.91,2,-1,-1
112,-1,403,171,24,23,0.87,2,-1,-1
112,-1,319,121,16,15,0.85,2,-1,-1
113,-1,412,394,63,68,0.93,2,-1,-1
113,-1,84,295,97,151,0.92,7,-1,-1
113,-1,320,121,16,15,0.85,2,-1,-1
113,-1,402,168,24,22,0.84,2,-1,-1
114,-1,60,320,106,170,0.93,7,-1,-1
114,-1,407,366,56,58,0.89,2,-1,-1
114,-1,318,123,17,16,0.86,2,-1,-1
114,-1,399,164,24,22,0.85,2,-1,-1
115,-1,42,336,112,188,0.92,7,-1,-1
115,-1,404,350,52,53,0.90,2,-1,-1
115,-1,318,124,17,16,0.85,2,-1,-1
115,-1,398,161,23,22,0.85,2,-1,-1
116,-1,400,326,48,49,0.88,2,-1,-1
116,-1,396,157,22,20,0.86,2,-1,-1
116,-1,316,126,18,16,0.86,2,-1,-1
117,-1,399,312,45,48,0.89,2,-1,-1
117,-1,316,128,18,16,0.86,2,-1,-1
117,-1,396,156,21,20,0.86,2,-1,-1
118,-1,395,294,42,42,0.89,2,-1,-1
118,-1,314,130,18,17,0.86,2,-1,-1
118,-1,394,152,21,20,0.84,2,-1,-1
119,-1,392,284,40,41,0.89,2,-1,-1
119,-1,314,131,18,17,0.85,2,-1,-1
119,-1,393,149,21,20,0.83,2,-1,-1
120,-1,390,270,39,38,0.88,2,-1,-1
120,-1,313,133,18,18,0.85,2,-1,-1
120,-1,392,146,21,19,0.84,2,-1,-1
121,-1,388,261,38,36,0.88,2,-1,-1
121,-1,312,135,17,17,0.85,2,-1,-1
121,-1,391,143,20,20,0.84,2,-1,-1
122,-1,386,254,36,34,0.87,2,-1,-1
122,-1,312,136,18,18,0.85,2,-1,-1
122,-1,390,141,20,20,0.84,2,-1,-1
123,-1,384,241,34,34,0.87,2,-1,-1
123,-1,310,140,18,18,0.85,2,-1,-1
123,-1,388,139,21,20,0.85,2,-1,-1
124,-1,309,142,18,19,0.87,2,-1,-1
124,-1,384,232,32,33,0.85,2,-1,-1
124,-1,386,138,20,19,0.84,2,-1,-1
125,-1,383,226,31,32,0.87,2,-1,-1
125,-1,308,145,19,19,0.85,2,-1,-1
125,-1,386,136,20,20,0.83,2,-1,-1
126,-1,381,221,30,28,0.87,2,-1,-1
126,-1,306,148,20,19,0.86,2,-1,-1
126,-1,385,134,19,18,0.82,2,-1,-1
127,-1,380,216,28,28,0.87,2,-1,-1
127,-1,304,149,20,20,0.86,2,-1,-1
127,-1,384,132,20,19,0.83,2,-1,-1
128,-1,379,211,28,28,0.85,2,-1,-1
128,-1,304,152,20,20,0.85,2,-1,-1
128,-1,384,131,19,17,0.83,2,-1,-1
129,-1,302,156,21,21,0.87,2,-1,-1
129,-1,378,204,27,27,0.87,2,-1,-1
129,-1,383,129,18,16,0.82,2,-1,-1
130,-1,301,159,21,20,0.87,2,-1,-1
130,-1,377,200,26,26,0.86,2,-1,-1
130,-1,382,128,18,16,0.81,2,-1,-1
131,-1,376,194,27,26,0.87,2,-1,-1
131,-1,298,162,22,22,0.87,2,-1,-1
131,-1,382,126,17,16,0.80,2,-1,-1
132,-1,375,188,25,24,0.85,2,-1,-1
132,-1,381,124,17,15,0.85,2,-1,-1
132,-1,296,167,23,23,0.84,2,-1,-1
133,-1,295,170,23,23,0.87,2,-1,-1
133,-1,381,123,16,14,0.86,2,-1,-1
133,-1,375,185,24,24,0.85,2,-1,-1
134,-1,374,182,22,24,0.86,2,-1,-1
134,-1,294,174,23,24,0.86,2,-1,-1
134,-1,380,121,16,15,0.84,2,-1,-1
135,-1,292,178,24,25,0.89,2,-1,-1
135,-1,373,178,22,23,0.87,2,-1,-1
135,-1,379,120,16,15,0.82,2,-1,-1
136,-1,290,182,25,25,0.87,2,-1,-1
136,-1,374,175,22,22,0.85,2,-1,-1
136,-1,379,119,16,15,0.80,2,-1,-1
137,-1,372,171,22,22,0.87,2,-1,-1
137,-1,286,188,26,27,0.86,2,-1,-1
137,-1,378,116,16,15,0.82,2,-1,-1
138,-1,516,434,81,77,0.92,2,-1,-1
138,-1,284,192,27,28,0.87,2,-1,-1
138,-1,371,169,22,21,0.84,2,-1,-1
138,-1,378,116,16,15,0.81,2,-1,-1
139,-1,501,398,71,66,0.91,2,-1,-1
139,-1,280,199,28,30,0.88,2,-1,-1
139,-1,371,165,20,20,0.85,2,-1,-1
139,-1,377,115,16,14,0.81,2,-1,-1
140,-1,488,365,63,59,0.90,2,-1,-1
140,-1,276,207,29,32,0.88,2,-1,-1
140,-1,370,162,20,19,0.84,2,-1,-1
140,-1,376,114,15,13,0.81,2,-1,-1
141,-1,482,346,58,56,0.91,2,-1,-1
141,-1,273,213,31,33,0.88,2,-1,-1
141,-1,370,160,20,19,0.84,2,-1,-1
141,-1,376,113,15,14,0.81,2,-1,-1
142,-1,472,320,52,53,0.90,2,-1,-1
142,-1,268,222,33,34,0.89,2,-1,-1
142,-1,369,157,18,19,0.85,2,-1,-1
142,-1,376,112,15,14,0.80,2,-1,-1
143,-1,467,310,48,44,0.89,2,-1,-1
143,-1,264,227,34,38,0.89,2,-1,-1
143,-1,368,156,18,18,0.84,2,-1,-1
143,-1,376,112,14,14,0.78,2,-1,-1
144,-1,259,240,36,40,0.90,2,-1,-1
144,-1,458,290,46,42,0.89,2,-1,-1
144,-1,367,152,19,19,0.84,2,-1,-1
144,-1,375,110,14,13,0.83,2,-1,-1
145,-1,255,248,38,43,0.91,2,-1,-1
145,-1,452,280,44,40,0.89,2,-1,-1
145,-1,367,150,18,18,0.84,2,-1,-1
145,-1,375,109,12,12,0.83,2,-1,-1
146,-1,246,263,42,46,0.90,2,-1,-1
146,-1,446,265,40,38,0.88,2,-1,-1
146,-1,367,147,18,18,0.85,2,-1,-1
146,-1,374,108,12,12,0.81,2,-1,-1
147,-1,240,274,44,49,0.91,2,-1,-1
147,-1,441,256,40,40,0.86,2,-1,-1
147,-1,367,145,18,18,0.84,2,-1,-1
147,-1,374,107,12,12,0.79,2,-1,-1
148,-1,230,292,48,56,0.91,2,-1,-1
148,-1,436,245,38,37,0.87,2,-1,-1
148,-1,366,143,17,17,0.85,2,-1,-1
148,-1,374,106,12,12,0.80,2,-1,-1
149,-1,222,308,52,59,0.91,2,-1,-1
149,-1,432,238,36,36,0.84,2,-1,-1
149,-1,366,142,17,17,0.83,2,-1,-1
149,-1,373,105,12,11,0.76,2,-1,-1
150,-1,208,334,58,66,0.92,2,-1,-1
150,-1,366,140,17,16,0.85,2,-1,-1
150,-1,428,228,35,34,0.83,2,-1,-1
150,-1,373,105,12,12,0.73,2,-1,-1
151,-1,195,352,65,76,0.91,2,-1,-1
151,-1,366,140,16,16,0.86,2,-1,-1
151,-1,426,222,33,32,0.85,2,-1,-1
151,-1,373,104,12,12,0.75,2,-1,-1
152,-1,176,388,73,86,0.92,2,-1,-1
152,-1,365,138,16,16,0.86,2,-1,-1
152,-1,422,214,30,28,0.85,2,-1,-1
152,-1,372,103,12,11,0.72,2,-1,-1
153,-1,160,416,80,97,0.92,2,-1,-1
153,-1,420,209,30,29,0.87,2,-1,-1
153,-1,365,136,16,16,0.85,2,-1,-1
153,-1,372,102,12,11,0.72,2,-1,-1
154,-1,418,205,30,29,0.86,2,-1,-1
154,-1,364,136,15,14,0.83,2,-1,-1
154,-1,372,101,12,11,0.75,2,-1,-1
155,-1,414,197,29,28,0.85,2,-1,-1
155,-1,365,134,15,14,0.78,2,-1,-1
155,-1,372,100,12,11,0.71,2,-1,-1
156,-1,411,191,28,28,0.85,2,-1,-1
156,-1,364,132,14,14,0.82,2,-1,-1
156,-1,371,99,12,12,0.69,2,-1,-1
157,-1,410,188,28,25,0.87,2,-1,-1
157,-1,364,131,14,14,0.81,2,-1,-1
157,-1,370,99,13,12,0.64,2,-1,-1
158,-1,408,184,26,26,0.86,2,-1,-1
158,-1,364,130,14,14,0.80,2,-1,-1
158,-1,370,98,13,12,0.64,2,-1,-1
159,-1,406,179,26,24,0.85,2,-1,-1
159,-1,364,127,14,14,0.81,2,-1,-1
159,-1,370,98,12,12,0.67,2,-1,-1
160,-1,405,176,24,25,0.86,2,-1,-1
160,-1,364,126,14,14,0.80,2,-1,-1
160,-1,369,97,12,11,0.67,2,-1,-1
161,-1,402,171,24,23,0.86,2,-1,-1
161,-1,362,125,14,14,0.80,2,-1,-1
161,-1,369,96,12,12,0.67,2,-1,-1
162,-1,401,168,24,23,0.84,2,-1,-1
162,-1,362,124,14,14,0.80,2,-1,-1
162,-1,369,95,12,11,0.70,2,-1,-1
163,-1,399,164,24,24,0.85,2,-1,-1
163,-1,362,124,14,13,0.72,2,-1,-1
163,-1,369,95,12,11,0.72,2,-1,-1
164,-1,398,162,23,24,0.86,2,-1,-1
164,-1,362,122,14,13,0.69,2,-1,-1
164,-1,368,95,12,11,0.69,2,-1,-1
165,-1,396,158,22,23,0.86,2,-1,-1
165,-1,369,94,12,11,0.64,2,-1,-1
165,-1,362,121,14,13,0.58,2,-1,-1
166,-1,394,156,22,21,0.86,2,-1,-1
166,-1,368,93,11,11,0.63,2,-1,-1
166,-1,362,120,14,12,0.47,2,-1,-1
167,-1,394,153,21,21,0.84,2,-1,-1
167,-1,368,93,11,10,0.63,2,-1,-1
167,-1,362,120,14,12,0.49,2,-1,-1
168,-1,392,150,21,21,0.84,2,-1,-1
168,-1,361,117,14,12,0.62,2,-1,-1
168,-1,368,92,11,10,0.61,2,-1,-1
169,-1,391,148,21,22,0.85,2,-1,-1
169,-1,368,91,10,10,0.52,2,-1,-1
169,-1,361,117,12,12,0.30,2,-1,-1
170,-1,390,146,20,20,0.84,2,-1,-1
170,-1,368,91,10,10,0.55,2,-1,-1
170,-1,361,116,13,12,0.53,2,-1,-1
171,-1,389,143,20,21,0.84,2,-1,-1
171,-1,368,91,10,10,0.51,2,-1,-1
171,-1,361,116,12,12,0.29,2,-1,-1
172,-1,388,140,20,21,0.85,2,-1,-1
172,-1,368,91,10,10,0.46,2,-1,-1
172,-1,361,114,13,12,0.22,2,-1,-1
173,-1,386,139,20,20,0.84,2,-1,-1
173,-1,368,90,10,9,0.36,2,-1,-1
173,-1,361,114,12,12,0.23,2,-1,-1
174,-1,386,138,20,20,0.84,2,-1,-1
174,-1,368,90,10,9,0.24,2,-1,-1
174,-1,360,112,12,12,0.19,2,-1,-1
175,-1,385,136,19,19,0.83,2,-1,-1
175,-1,360,112,12,12,0.18,2,-1,-1
175,-1,368,89,10,9,0.17,2,-1,-1
176,-1,384,134,19,19,0.83,2,-1,-1
176,-1,360,111,12,12,0.18,2,-1,-1
176,-1,368,89,10,9,0.15,2,-1,-1
177,-1,383,132,19,19,0.84,2,-1,-1
177,-1,368,88,10,10,0.45,2,-1,-1
177,-1,360,110,12,12,0.43,2,-1,-1
178,-1,383,131,18,18,0.84,2,-1,-1
178,-1,368,88,10,9,0.45,2,-1,-1
179,-1,383,130,18,18,0.83,2,-1,-1
179,-1,367,88,10,9,0.40,2,-1,-1
180,-1,382,128,17,17,0.82,2,-1,-1
180,-1,368,87,9,9,0.38,2,-1,-1
180,-1,360,107,11,11,0.17,2,-1,-1
181,-1,382,127,17,16,0.82,2,-1,-1
182,-1,381,126,16,16,0.84,2,-1,-1
182,-1,360,106,11,10,0.22,2,-1,-1
182,-1,367,86,9,9,0.11,2,-1,-1
183,-1,381,124,16,16,0.86,2,-1,-1
183,-1,360,105,11,11,0.19,2,-1,-1
183,-1,366,86,9,9,0.12,2,-1,-1
184,-1,380,122,16,16,0.84,2,-1,-1
184,-1,360,104,11,10,0.11,2,-1,-1
185,-1,379,121,16,16,0.81,2,-1,-1
185,-1,360,104,10,10,0.21,2,-1,-1
185,-1,367,85,8,9,0.10,2,-1,-1
186,-1,379,120,15,15,0.80,2,-1,-1
187,-1,378,118,16,15,0.79,2,-1,-1
187,-1,360,102,10,11,0.11,2,-1,-1
188,-1,378,118,16,15,0.80,2,-1,-1
188,-1,360,102,10,11,0.11,2,-1,-1
189,-1,377,116,16,15,0.81,2,-1,-1
190,-1,377,116,16,14,0.82,2,-1,-1
190,-1,360,101,10,11,0.13,2,-1,-1
191,-1,376,115,15,14,0.81,2,-1,-1
192,-1,376,114,14,14,0.81,2,-1,-1
193,-1,376,113,13,13,0.81,2,-1,-1
194,-1,376,112,13,13,0.81,2,-1,-1
195,-1,376,112,13,13,0.80,2,-1,-1
196,-1,375,110,13,13,0.81,2,-1,-1
197,-1,374,110,13,13,0.81,2,-1,-1
198,-1,374,109,12,13,0.80,2,-1,-1
199,-1,374,108,12,13,0.80,2,-1,-1
200,-1,374,108,12,13,0.80,2,-1,-1
201,-1,374,106,12,12,0.81,2,-1,-1
202,-1,374,106,12,12,0.78,2,-1,-1
203,-1,374,105,12,12,0.75,2,-1,-1
204,-1,374,104,12,12,0.76,2,-1,-1
205,-1,373,103,12,12,0.78,2,-1,-1
206,-1,372,103,12,12,0.78,2,-1,-1
207,-1,372,102,12,12,0.76,2,-1,-1
208,-1,372,101,12,12,0.77,2,-1,-1
209,-1,372,101,12,11,0.73,2,-1,-1
210,-1,372,99,12,12,0.74,2,-1,-1
211,-1,372,98,12,12,0.76,2,-1,-1
212,-1,371,98,12,11,0.73,2,-1,-1
213,-1,371,98,12,11,0.72,2,-1,-1
214,-1,371,97,12,11,0.66,2,-1,-1
215,-1,370,97,12,11,0.63,2,-1,-1
216,-1,370,97,12,11,0.63,2,-1,-1
217,-1,370,95,11,11,0.65,2,-1,-1
218,-1,370,95,11,11,0.67,2,-1,-1
218,-1,331,70,9,14,0.19,7,-1,-1
219,-1,370,94,11,11,0.68,2,-1,-1
219,-1,331,71,9,14,0.16,7,-1,-1
220,-1,369,93,11,11,0.70,2,-1,-1
220,-1,331,71,9,14,0.15,7,-1,-1
221,-1,369,93,11,11,0.68,2,-1,-1
221,-1,331,71,9,14,0.15,7,-1,-1
222,-1,369,92,11,11,0.68,2,-1,-1
223,-1,369,92,11,11,0.68,2,-1,-1
224,-1,369,92,10,10,0.63,2,-1,-1
224,-1,330,72,9,14,0.17,2,-1,-1
225,-1,369,91,10,10,0.67,2,-1,-1
225,-1,330,72,9,14,0.17,2,-1,-1
226,-1,369,91,10,10,0.62,2,-1,-1
226,-1,330,72,9,14,0.17,2,-1,-1
227,-1,368,91,10,10,0.60,2,-1,-1
227,-1,330,72,9,14,0.31,2,-1,-1
228,-1,368,91,10,10,0.60,2,-1,-1
228,-1,330,72,9,14,0.33,2,-1,-1
229,-1,368,90,10,10,0.55,2,-1,-1
229,-1,330,73,9,14,0.39,2,-1,-1
230,-1,368,90,10,10,0.41,2,-1,-1
230,-1,330,73,9,13,0.36,2,-1,-1
231,-1,368,90,10,10,0.38,2,-1,-1
231,-1,330,73,9,13,0.36,2,-1,-1
232,-1,368,88,10,10,0.56,2,-1,-1
232,-1,330,73,9,13,0.36,2,-1,-1
233,-1,368,88,10,10,0.56,2,-1,-1
233,-1,330,73,9,14,0.27,2,-1,-1
234,-1,368,87,10,10,0.58,2,-1,-1
234,-1,329,72,10,14,0.16,7,-1,-1
235,-1,368,87,10,10,0.58,2,-1,-1
235,-1,329,72,10,14,0.16,7,-1,-1
236,-1,368,87,10,10,0.56,2,-1,-1
236,-1,329,72,10,15,0.25,7,-1,-1
237,-1,368,87,10,10,0.58,2,-1,-1
237,-1,329,73,10,15,0.45,7,-1,-1
238,-1,368,86,10,10,0.55,2,-1,-1
238,-1,329,73,10,15,0.45,7,-1,-1
239,-1,368,86,10,10,0.54,2,-1,-1
239,-1,329,74,9,14,0.33,2,-1,-1
240,-1,368,86,9,10,0.50,2,-1,-1
240,-1,329,74,9,14,0.33,2,-1,-1
241,-1,368,85,9,9,0.55,2,-1,-1
241,-1,328,74,10,14,0.37,7,-1,-1
242,-1,367,85,9,9,0.48,2,-1,-1
242,-1,328,74,10,15,0.40,7,-1,-1
243,-1,367,85,9,9,0.48,2,-1,-1
243,-1,328,74,10,15,0.36,7,-1,-1
244,-1,367,85,9,9,0.48,2,-1,-1
244,-1,328,74,10,15,0.36,7,-1,-1
245,-1,367,85,9,9,0.35,2,-1,-1
245,-1,328,74,10,15,0.32,7,-1,-1
246,-1,328,74,10,16,0.40,7,-1,-1
246,-1,367,84,8,9,0.30,2,-1,-1
247,-1,328,74,10,16,0.37,7,-1,-1
247,-1,367,84,8,9,0.30,2,-1,-1
248,-1,328,75,10,16,0.36,7,-1,-1
248,-1,367,84,8,9,0.29,2,-1,-1
249,-1,328,75,10,16,0.35,7,-1,-1
249,-1,367,83,8,9,0.12,2,-1,-1
250,-1,328,75,10,16,0.32,7,-1,-1
250,-1,367,83,8,9,0.12,2,-1,-1
251,-1,327,76,10,15,0.31,2,-1,-1
252,-1,326,76,10,16,0.44,7,-1,-1
253,-1,327,77,10,15,0.50,7,-1,-1
254,-1,326,78,10,15,0.46,7,-1,-1
255,-1,326,78,10,15,0.46,7,-1,-1
256,-1,326,78,10,15,0.48,7,-1,-1
257,-1,326,78,10,15,0.42,7,-1,-1
258,-1,326,78,10,16,0.48,7,-1,-1
259,-1,326,78,10,16,0.48,7,-1,-1
260,-1,326,79,10,16,0.45,2,-1,-1
261,-1,326,79,10,15,0.63,2,-1,-1
262,-1,325,79,10,15,0.58,2,-1,-1
263,-1,324,80,10,16,0.56,2,-1,-1
264,-1,324,80,10,16,0.57,2,-1,-1
265,-1,324,80,10,16,0.48,2,-1,-1
266,-1,324,79,10,16,0.49,2,-1,-1
267,-1,324,80,10,16,0.47,2,-1,-1
268,-1,324,80,11,17,0.51,2,-1,-1
269,-1,324,81,11,17,0.45,2,-1,-1
270,-1,324,81,11,17,0.45,2,-1,-1
271,-1,323,81,11,17,0.46,7,-1,-1
272,-1,323,82,11,17,0.46,7,-1,-1
273,-1,323,82,11,17,0.43,7,-1,-1
274,-1,322,82,12,18,0.45,2,-1,-1
275,-1,322,82,12,18,0.59,7,-1,-1
276,-1,322,82,12,18,0.55,7,-1,-1
277,-1,322,82,12,18,0.59,7,-1,-1
278,-1,322,83,12,18,0.48,7,-1,-1
279,-1,322,83,12,19,0.63,7,-1,-1
280,-1,322,83,12,19,0.64,7,-1,-1
281,-1,320,83,12,20,0.71,7,-1,-1
282,-1,320,84,12,20,0.75,7,-1,-1
283,-1,320,84,12,20,0.75,7,-1,-1
284,-1,320,84,12,21,0.79,7,-1,-1
285,-1,320,85,12,20,0.58,7,-1,-1
286,-1,320,85,12,20,0.65,7,-1,-1
287,-1,319,85,13,21,0.79,7,-1,-1
288,-1,319,85,13,21,0.77,7,-1,-1
289,-1,319,86,13,21,0.79,7,-1,-1
290,-1,318,86,14,21,0.69,7,-1,-1
291,-1,318,86,13,22,0.77,7,-1,-1
292,-1,318,87,14,22,0.79,7,-1,-1
293,-1,318,87,14,21,0.77,7,-1,-1
294,-1,317,88,14,22,0.78,7,-1,-1
295,-1,317,88,14,22,0.78,7,-1,-1
296,-1,316,88,14,23,0.79,7,-1,-1
297,-1,316,89,14,22,0.75,7,-1,-1
298,-1,315,89,14,23,0.77,7,-1,-1
299,-1,315,90,15,23,0.77,7,-1,-1
300,-1,314,90,15,23,0.74,7,-1,-1
301,-1,314,90,16,23,0.78,7,-1,-1
302,-1,314,91,16,24,0.78,7,-1,-1
303,-1,313,92,16,25,0.80,7,-1,-1
304,-1,313,92,16,25,0.80,7,-1,-1
305,-1,312,93,16,26,0.80,7,-1,-1
306,-1,312,93,17,27,0.83,7,-1,-1
307,-1,311,93,17,28,0.84,7,-1,-1
308,-1,311,93,17,28,0.84,7,-1,-1
309,-1,310,93,18,29,0.84,7,-1,-1
309,-1,328,72,10,14,0.10,2,-1,-1
310,-1,310,94,18,30,0.85,7,-1,-1
310,-1,328,72,10,16,0.19,7,-1,-1
311,-1,309,94,18,31,0.85,7,-1,-1
311,-1,328,72,10,16,0.19,7,-1,-1
312,-1,309,94,18,32,0.85,7,-1,-1
312,-1,328,72,10,16,0.18,7,-1,-1
313,-1,307,95,20,33,0.85,7,-1,-1
313,-1,327,72,10,17,0.34,7,-1,-1
314,-1,306,95,20,32,0.85,7,-1,-1
314,-1,326,74,11,16,0.35,2,-1,-1
315,-1,306,96,19,32,0.85,7,-1,-1
315,-1,326,74,11,16,0.35,2,-1,-1
316,-1,306,97,19,32,0.84,7,-1,-1
316,-1,326,74,11,16,0.36,2,-1,-1
317,-1,306,97,20,33,0.86,7,-1,-1
317,-1,326,75,12,16,0.56,2,-1,-1
318,-1,304,98,20,33,0.86,7,-1,-1
318,-1,326,75,12,16,0.58,2,-1,-1
319,-1,304,98,20,34,0.87,7,-1,-1
319,-1,326,75,11,17,0.60,2,-1,-1
320,-1,303,99,21,34,0.86,7,-1,-1
320,-1,326,75,11,17,0.60,2,-1,-1
321,-1,303,100,20,34,0.86,7,-1,-1
321,-1,326,77,10,15,0.60,2,-1,-1
322,-1,302,100,21,35,0.86,7,-1,-1
322,-1,326,77,10,16,0.51,2,-1,-1
323,-1,302,102,21,34,0.86,7,-1,-1
323,-1,326,77,10,16,0.49,2,-1,-1
324,-1,301,103,21,35,0.86,7,-1,-1
324,-1,325,76,11,16,0.55,2,-1,-1
325,-1,301,103,21,33,0.85,7,-1,-1
325,-1,324,76,11,18,0.38,2,-1,-1
326,-1,300,104,21,34,0.86,7,-1,-1
326,-1,324,76,11,18,0.38,2,-1,-1
327,-1,299,104,22,36,0.86,7,-1,-1
327,-1,324,76,11,19,0.63,7,-1,-1
328,-1,298,106,22,35,0.85,7,-1,-1
328,-1,324,76,11,19,0.66,7,-1,-1
329,-1,298,106,22,35,0.84,7,-1,-1
329,-1,324,76,11,19,0.62,7,-1,-1
330,-1,296,107,23,37,0.84,7,-1,-1
330,-1,323,77,12,18,0.35,2,-1,-1
331,-1,296,108,23,34,0.85,7,-1,-1
331,-1,323,77,12,18,0.36,2,-1,-1
332,-1,295,110,23,37,0.85,7,-1,-1
332,-1,323,77,12,18,0.53,2,-1,-1
333,-1,294,110,24,41,0.86,7,-1,-1
333,-1,322,78,12,17,0.62,2,-1,-1
334,-1,293,111,24,41,0.85,7,-1,-1
334,-1,322,79,12,16,0.58,2,-1,-1
335,-1,291,112,25,43,0.84,7,-1,-1
335,-1,323,78,11,16,0.58,2,-1,-1
336,-1,290,113,25,42,0.85,7,-1,-1
336,-1,322,78,12,17,0.46,2,-1,-1
337,-1,289,113,26,45,0.85,7,-1,-1
337,-1,322,79,12,20,0.61,7,-1,-1
338,-1,288,114,26,45,0.87,7,-1,-1
338,-1,322,79,12,20,0.57,7,-1,-1
339,-1,287,114,27,46,0.87,7,-1,-1
339,-1,322,79,12,20,0.64,7,-1,-1
340,-1,286,116,28,47,0.87,7,-1,-1
340,-1,322,79,12,20,0.60,7,-1,-1
341,-1,286,116,28,48,0.87,7,-1,-1
341,-1,320,80,13,21,0.62,7,-1,-1
342,-1,284,118,28,46,0.87,7,-1,-1
342,-1,320,80,13,21,0.47,7,-1,-1
343,-1,283,118,28,48,0.86,7,-1,-1
343,-1,320,80,13,20,0.40,2,-1,-1
344,-1,282,119,29,49,0.86,7,-1,-1
344,-1,320,80,13,22,0.46,2,-1,-1
345,-1,281,121,30,49,0.87,7,-1,-1
345,-1,320,81,13,22,0.41,2,-1,-1
346,-1,280,122,30,50,0.87,7,-1,-1
346,-1,320,80,14,22,0.41,7,-1,-1
347,-1,278,124,30,47,0.87,7,-1,-1
347,-1,319,81,14,22,0.61,7,-1,-1
348,-1,277,125,31,48,0.85,7,-1,-1
348,-1,318,81,14,23,0.76,7,-1,-1
349,-1,276,126,30,44,0.86,7,-1,-1
349,-1,319,81,14,24,0.69,7,-1,-1
350,-1,274,127,32,49,0.85,7,-1,-1
350,-1,318,81,14,24,0.77,7,-1,-1
351,-1,272,129,32,54,0.86,7,-1,-1
351,-1,318,82,14,24,0.71,7,-1,-1
352,-1,270,131,33,47,0.88,7,-1,-1
352,-1,318,82,14,24,0.85,7,-1,-1
353,-1,270,132,33,48,0.87,7,-1,-1
353,-1,318,82,14,24,0.85,7,-1,-1
354,-1,268,133,34,50,0.87,7,-1,-1
354,-1,317,83,15,24,0.83,7,-1,-1
355,-1,265,134,35,52,0.88,7,-1,-1
355,-1,316,83,15,24,0.87,7,-1,-1
356,-1,262,137,36,53,0.89,7,-1,-1
356,-1,316,83,15,25,0.86,7,-1,-1
357,-1,261,139,36,52,0.89,7,-1,-1
357,-1,316,84,15,24,0.83,7,-1,-1
358,-1,258,141,38,54,0.88,7,-1,-1
358,-1,316,84,15,24,0.84,7,-1,-1
359,-1,256,142,39,56,0.89,7,-1,-1
359,-1,316,84,15,25,0.84,7,-1,-1
360,-1,254,144,39,57,0.90,7,-1,-1
360,-1,315,85,16,26,0.85,7,-1,-1
361,-1,251,146,42,60,0.90,7,-1,-1
361,-1,315,85,16,26,0.85,7,-1,-1
362,-1,247,148,42,62,0.89,7,-1,-1
362,-1,314,86,16,25,0.86,7,-1,-1
363,-1,245,150,44,64,0.88,7,-1,-1
363,-1,314,86,16,26,0.86,7,-1,-1
364,-1,242,152,46,64,0.90,7,-1,-1
364,-1,314,86,16,27,0.87,7,-1,-1
365,-1,238,155,46,66,0.90,7,-1,-1
365,-1,312,86,18,28,0.87,7,-1,-1
366,-1,233,158,50,71,0.90,7,-1,-1
366,-1,312,86,17,29,0.85,7,-1,-1
367,-1,231,161,50,72,0.90,7,-1,-1
367,-1,312,86,18,30,0.86,7,-1,-1
368,-1,225,165,53,73,0.90,7,-1,-1
368,-1,311,86,18,31,0.85,7,-1,-1
369,-1,222,168,55,75,0.90,7,-1,-1
369,-1,311,87,18,31,0.85,7,-1,-1
370,-1,218,170,57,78,0.91,7,-1,-1
370,-1,310,87,18,31,0.85,7,-1,-1
371,-1,211,174,60,84,0.91,7,-1,-1
371,-1,310,87,19,32,0.86,7,-1,-1
372,-1,205,178,62,90,0.91,7,-1,-1
372,-1,309,88,20,32,0.86,7,-1,-1
373,-1,200,183,66,89,0.92,7,-1,-1
373,-1,309,88,19,32,0.85,7,-1,-1
374,-1,192,189,70,94,0.92,7,-1,-1
374,-1,308,88,19,33,0.86,7,-1,-1
375,-1,186,192,73,100,0.92,7,-1,-1
375,-1,308,88,20,34,0.87,7,-1,-1
376,-1,180,196,76,105,0.93,7,-1,-1
376,-1,308,89,20,34,0.87,7,-1,-1
377,-1,170,203,81,112,0.92,7,-1,-1
377,-1,306,90,20,34,0.87,7,-1,-1
378,-1,162,207,85,118,0.93,7,-1,-1
378,-1,306,90,20,35,0.87,7,-1,-1
379,-1,150,215,91,126,0.93,7,-1,-1
379,-1,305,90,20,36,0.87,7,-1,-1
380,-1,141,220,96,135,0.92,7,-1,-1
380,-1,304,90,21,36,0.87,7,-1,-1
381,-1,125,230,105,149,0.93,7,-1,-1
381,-1,304,90,22,37,0.87,7,-1,-1
382,-1,109,240,114,164,0.92,7,-1,-1
382,-1,303,92,22,37,0.87,7,-1,-1
383,-1,98,249,120,174,0.93,7,-1,-1
383,-1,302,92,22,38,0.87,7,-1,-1
384,-1,78,262,130,196,0.92,7,-1,-1
384,-1,302,93,22,38,0.88,7,-1,-1
385,-1,61,274,140,209,0.92,7,-1,-1
385,-1,302,93,22,38,0.87,7,-1,-1
386,-1,45,284,148,230,0.91,7,-1,-1
386,-1,301,94,22,38,0.87,7,-1,-1
387,-1,300,94,23,39,0.88,7,-1,-1
388,-1,299,95,24,39,0.88,7,-1,-1
389,-1,298,96,24,40,0.87,7,-1,-1
390,-1,297,96,24,40,0.87,7,-1,-1
391,-1,295,96,26,43,0.86,7,-1,-1
392,-1,294,98,26,44,0.87,7,-1,-1
393,-1,294,98,26,44,0.88,7,-1,-1
394,-1,293,100,26,42,0.88,7,-1,-1
395,-1,292,100,26,43,0.88,7,-1,-1
396,-1,291,100,26,44,0.89,7,-1,-1
397,-1,290,101,27,45,0.89,7,-1,-1
398,-1,289,101,28,45,0.88,7,-1,-1
399,-1,288,102,28,46,0.88,7,-1,-1
400,-1,287,102,29,46,0.88,7,-1,-1
401,-1,286,103,29,48,0.88,7,-1,-1
402,-1,285,103,30,51,0.89,7,-1,-1
403,-1,284,104,30,51,0.90,7,-1,-1
404,-1,282,104,30,52,0.89,7,-1,-1
405,-1,282,106,30,51,0.89,7,-1,-1
406,-1,280,106,31,52,0.89,7,-1,-1
407,-1,278,107,32,54,0.89,7,-1,-1
408,-1,276,109,32,55,0.90,7,-1,-1
409,-1,276,110,33,55,0.89,7,-1,-1
410,-1,274,111,34,56,0.89,7,-1,-1
411,-1,272,112,35,58,0.89,7,-1,-1
412,-1,270,112,36,60,0.91,7,-1,-1
413,-1,269,114,36,60,0.90,7,-1,-1
414,-1,268,115,36,60,0.90,7,-1,-1
415,-1,266,116,36,60,0.89,7,-1,-1
416,-1,263,118,38,62,0.91,7,-1,-1
417,-1,262,119,39,64,0.91,7,-1,-1
418,-1,260,120,40,66,0.91,7,-1,-1
419,-1,258,121,41,68,0.91,7,-1,-1
420,-1,255,123,42,69,0.91,7,-1,-1
421,-1,252,124,43,71,0.92,7,-1,-1
422,-1,251,125,44,73,0.92,7,-1,-1
423,-1,248,127,46,76,0.90,7,-1,-1
424,-1,514,434,80,78,0.92,2,-1,-1
424,-1,245,128,48,79,0.91,7,-1,-1
425,-1,242,130,50,80,0.91,7,-1,-1
425,-1,503,409,74,70,0.91,2,-1,-1
426,-1,238,133,51,84,0.91,7,-1,-1
426,-1,491,375,63,59,0.90,2,-1,-1
427,-1,235,134,53,86,0.91,7,-1,-1
427,-1,484,355,58,54,0.89,2,-1,-1
428,-1,233,136,54,88,0.92,7,-1,-1
428,-1,476,336,54,51,0.88,2,-1,-1
429,-1,228,138,57,93,0.92,7,-1,-1
429,-1,466,312,50,47,0.89,2,-1,-1
430,-1,222,141,60,96,0.91,7,-1,-1
430,-1,460,295,43,40,0.89,2,-1,-1
431,-1,219,143,62,98,0.92,7,-1,-1
431,-1,452,282,44,39,0.89,2,-1,-1
432,-1,215,145,64,102,0.93,7,-1,-1
432,-1,447,271,41,36,0.89,2,-1,-1
432,-1,336,88,9,9,0.13,2,-1,-1
433,-1,210,147,67,108,0.93,7,-1,-1
433,-1,441,256,39,34,0.89,2,-1,-1
434,-1,203,151,71,113,0.93,7,-1,-1
434,-1,434,244,37,32,0.88,2,-1,-1
434,-1,335,90,9,9,0.54,2,-1,-1
435,-1,198,153,74,117,0.93,7,-1,-1
435,-1,432,238,34,30,0.88,2,-1,-1
435,-1,335,90,9,9,0.54,2,-1,-1
436,-1,193,156,77,120,0.93,7,-1,-1
436,-1,430,230,32,30,0.87,2,-1,-1
436,-1,335,90,9,9,0.53,2,-1,-1
437,-1,185,160,82,128,0.93,7,-1,-1
437,-1,424,222,32,29,0.84,2,-1,-1
437,-1,334,91,9,9,0.49,2,-1,-1
438,-1,178,162,86,134,0.94,7,-1,-1
438,-1,422,215,30,28,0.86,2,-1,-1
438,-1,334,92,9,9,0.45,2,-1,-1
439,-1,170,167,91,144,0.93,7,-1,-1
439,-1,417,207,30,29,0.86,2,-1,-1
439,-1,334,93,10,10,0.43,2,-1,-1
440,-1,157,172,100,154,0.94,7,-1,-1
440,-1,415,200,26,26,0.84,2,-1,-1
440,-1,334,93,9,9,0.40,2,-1,-1
441,-1,148,176,105,163,0.93,7,-1,-1
441,-1,414,195,26,26,0.85,2,-1,-1
441,-1,334,93,10,10,0.64,2,-1,-1
442,-1,134,181,114,178,0.94,7,-1,-1
442,-1,410,189,26,24,0.85,2,-1,-1
442,-1,333,94,10,10,0.55,2,-1,-1
443,-1,126,184,119,190,0.93,7,-1,-1
443,-1,409,185,24,23,0.85,2,-1,-1
443,-1,332,94,11,11,0.69,2,-1,-1
444,-1,114,189,127,202,0.93,7,-1,-1
444,-1,407,182,24,24,0.85,2,-1,-1
444,-1,332,94,11,11,0.70,2,-1,-1
445,-1,96,197,139,222,0.91,7,-1,-1
445,-1,406,177,22,23,0.84,2,-1,-1
445,-1,332,95,11,10,0.67,2,-1,-1
446,-1,76,204,152,247,0.90,7,-1,-1
446,-1,404,172,21,24,0.81,2,-1,-1
446,-1,332,96,11,10,0.64,2,-1,-1
447,-1,60,210,164,266,0.91,7,-1,-1
447,-1,332,97,11,10,0.68,2,-1,-1
447,-1,402,168,20,23,0.48,2,-1,-1
448,-1,35,221,177,295,0.91,7,-1,-1
448,-1,399,164,20,24,0.84,2,-1,-1
448,-1,332,98,11,10,0.59,2,-1,-1
449,-1,399,162,20,24,0.83,2,-1,-1
449,-1,332,98,11,10,0.77,2,-1,-1
450,-1,398,160,19,23,0.80,2,-1,-1
450,-1,332,99,11,10,0.70,2,-1,-1
451,-1,398,158,17,20,0.84,2,-1,-1
451,-1,331,100,11,10,0.70,2,-1,-1
452,-1,396,154,18,22,0.75,2,-1,-1
452,-1,330,100,12,11,0.69,2,-1,-1
453,-1,330,101,12,11,0.78,2,-1,-1
453,-1,393,151,19,20,0.74,2,-1,-1
454,-1,330,101,12,12,0.81,2,-1,-1
454,-1,393,151,18,20,0.64,2,-1,-1
455,-1,329,102,12,12,0.80,2,-1,-1
455,-1,390,148,19,20,0.79,2,-1,-1
456,-1,330,102,12,12,0.80,2,-1,-1
456,-1,392,148,17,18,0.67,2,-1,-1
457,-1,329,104,12,12,0.82,2,-1,-1
457,-1,390,141,17,18,0.75,2,-1,-1
458,-1,388,139,17,18,0.84,2,-1,-1
458,-1,328,104,13,13,0.83,2,-1,-1
459,-1,328,105,13,13,0.84,2,-1,-1
459,-1,388,136,17,19,0.80,2,-1,-1
460,-1,328,106,13,13,0.85,2,-1,-1
460,-1,386,135,17,18,0.82,2,-1,-1
461,-1,328,107,13,13,0.85,2,-1,-1
461,-1,384,134,17,18,0.81,2,-1,-1
462,-1,328,107,13,14,0.85,2,-1,-1
462,-1,384,132,16,18,0.81,2,-1,-1
463,-1,327,109,13,14,0.85,2,-1,-1
463,-1,384,131,16,18,0.82,2,-1,-1
464,-1,327,110,13,14,0.84,2,-1,-1
464,-1,383,130,16,17,0.83,2,-1,-1
465,-1,326,111,14,14,0.84,2,-1,-1
465,-1,383,128,15,17,0.83,2,-1,-1
466,-1,326,112,14,14,0.84,2,-1,-1
466,-1,382,127,15,16,0.83,2,-1,-1
467,-1,326,112,14,15,0.84,2,-1,-1
467,-1,382,125,14,16,0.83,2,-1,-1
468,-1,324,113,15,15,0.86,2,-1,-1
468,-1,382,123,14,16,0.84,2,-1,-1
469,-1,324,115,15,15,0.85,2,-1,-1
469,-1,382,122,13,15,0.80,2,-1,-1
469,-1,338,81,8,9,0.20,2,-1,-1
470,-1,323,117,15,15,0.85,2,-1,-1
470,-1,382,123,12,13,0.77,2,-1,-1
470,-1,338,81,8,9,0.20,2,-1,-1
471,-1,323,118,15,15,0.84,2,-1,-1
471,-1,381,123,12,12,0.73,2,-1,-1
471,-1,338,81,8,9,0.19,2,-1,-1
472,-1,322,120,15,15,0.85,2,-1,-1
472,-1,380,121,12,12,0.76,2,-1,-1
472,-1,338,82,8,8,0.19,2,-1,-1
473,-1,322,120,16,15,0.85,2,-1,-1
473,-1,380,121,12,12,0.66,2,-1,-1
473,-1,338,82,8,8,0.19,2,-1,-1
474,-1,321,122,16,16,0.86,2,-1,-1
474,-1,380,118,13,12,0.62,2,-1,-1
474,-1,338,83,8,8,0.33,2,-1,-1
475,-1,320,123,16,16,0.86,2,-1,-1
475,-1,338,83,8,8,0.35,2,-1,-1
475,-1,380,117,12,12,0.20,2,-1,-1
476,-1,320,124,16,16,0.85,2,-1,-1
476,-1,338,83,8,8,0.39,2,-1,-1
477,-1,319,126,16,16,0.84,2,-1,-1
477,-1,378,113,13,14,0.73,2,-1,-1
477,-1,337,84,8,9,0.22,2,-1,-1
478,-1,318,126,18,18,0.85,2,-1,-1
478,-1,378,113,13,14,0.61,2,-1,-1
478,-1,337,84,8,9,0.23,2,-1,-1
479,-1,512,428,72,66,0.92,2,-1,-1
479,-1,318,129,18,17,0.86,2,-1,-1
479,-1,336,85,8,10,0.37,2,-1,-1
479,-1,376,113,12,11,0.14,2,-1,-1
480,-1,498,390,64,60,0.90,2,-1,-1
480,-1,317,131,18,18,0.85,2,-1,-1
480,-1,336,85,8,10,0.39,2,-1,-1
480,-1,376,114,12,11,0.10,2,-1,-1
481,-1,490,370,58,54,0.89,2,-1,-1
481,-1,316,132,18,18,0.86,2,-1,-1
481,-1,336,85,8,9,0.26,2,-1,-1
482,-1,478,342,54,49,0.89,2,-1,-1
482,-1,315,134,18,18,0.86,2,-1,-1
482,-1,375,110,11,12,0.57,2,-1,-1
482,-1,336,85,9,9,0.33,2,-1,-1
483,-1,471,324,51,48,0.90,2,-1,-1
483,-1,314,136,18,19,0.86,2,-1,-1
483,-1,375,109,11,12,0.50,2,-1,-1
483,-1,336,85,9,9,0.33,2,-1,-1
484,-1,466,311,47,44,0.90,2,-1,-1
484,-1,314,138,18,19,0.86,2,-1,-1
484,-1,375,108,11,11,0.45,2,-1,-1
484,-1,336,86,9,10,0.44,2,-1,-1
485,-1,460,298,46,41,0.90,2,-1,-1
485,-1,313,139,18,20,0.86,2,-1,-1
485,-1,336,86,9,10,0.45,2,-1,-1
485,-1,374,107,11,11,0.43,2,-1,-1
486,-1,452,281,41,39,0.89,2,-1,-1
486,-1,312,143,18,20,0.85,2,-1,-1
486,-1,336,86,9,10,0.61,2,-1,-1
486,-1,374,107,11,11,0.43,2,-1,-1
487,-1,446,266,38,36,0.89,2,-1,-1
487,-1,311,145,18,20,0.84,2,-1,-1
487,-1,335,87,9,10,0.61,2,-1,-1
488,-1,440,254,35,33,0.88,2,-1,-1
488,-1,309,149,19,20,0.86,2,-1,-1
488,-1,335,87,9,10,0.67,2,-1,-1
489,-1,436,246,34,33,0.88,2,-1,-1
489,-1,308,151,19,20,0.86,2,-1,-1
489,-1,335,87,10,10,0.67,2,-1,-1
490,-1,433,239,33,30,0.88,2,-1,-1
490,-1,306,155,20,20,0.86,2,-1,-1
490,-1,335,88,9,10,0.61,2,-1,-1
491,-1,429,229,31,29,0.88,2,-1,-1
491,-1,305,160,20,20,0.85,2,-1,-1
491,-1,335,89,9,10,0.62,2,-1,-1
492,-1,302,162,22,22,0.88,2,-1,-1
492,-1,425,220,30,28,0.86,2,-1,-1
492,-1,335,90,10,10,0.60,2,-1,-1
492,-1,373,101,10,11,0.28,2,-1,-1
493,-1,301,164,22,24,0.88,2,-1,-1
493,-1,423,214,28,28,0.88,2,-1,-1
493,-1,334,90,10,10,0.55,2,-1,-1
493,-1,372,101,11,11,0.16,2,-1,-1
494,-1,299,170,22,22,0.87,2,-1,-1
494,-1,418,207,29,28,0.87,2,-1,-1
494,-1,334,91,10,10,0.59,2,-1,-1
494,-1,372,100,11,11,0.18,2,-1,-1
495,-1,417,203,27,27,0.87,2,-1,-1
495,-1,297,173,23,24,0.85,2,-1,-1
495,-1,334,91,10,10,0.58,2,-1,-1
495,-1,372,100,10,10,0.24,2,-1,-1
496,-1,416,198,26,25,0.85,2,-1,-1
496,-1,296,176,23,24,0.85,2,-1,-1
496,-1,334,91,10,10,0.58,2,-1,-1
496,-1,372,100,10,10,0.26,2,-1,-1
497,-1,293,180,24,26,0.87,2,-1,-1
497,-1,413,192,25,24,0.86,2,-1,-1
497,-1,334,92,10,10,0.57,2,-1,-1
497,-1,372,99,11,10,0.12,2,-1,-1
498,-1,292,185,24,26,0.88,2,-1,-1
498,-1,411,189,24,22,0.88,2,-1,-1
498,-1,334,92,10,10,0.55,2,-1,-1
498,-1,372,99,10,10,0.12,2,-1,-1
499,-1,289,188,24,27,0.87,2,-1,-1
499,-1,410,185,24,23,0.86,2,-1,-1
499,-1,333,93,10,11,0.51,2,-1,-1
500,-1,286,194,26,30,0.87,2,-1,-1
500,-1,408,179,22,22,0.87,2,-1,-1
500,-1,332,94,11,11,0.54,2,-1,-1
501,-1,281,202,28,30,0.90,2,-1,-1
501,-1,405,175,22,22,0.86,2,-1,-1
501,-1,332,94,11,11,0.57,2,-1,-1
502,-1,279,208,28,32,0.88,2,-1,-1
502,-1,403,172,23,22,0.87,2,-1,-1
502,-1,332,95,11,11,0.58,2,-1,-1
503,-1,275,213,30,34,0.88,2,-1,-1
503,-1,402,168,23,22,0.84,2,-1,-1
503,-1,331,96,11,12,0.55,2,-1,-1
504,-1,270,223,31,35,0.89,2,-1,-1
504,-1,400,164,22,22,0.86,2,-1,-1
504,-1,331,96,11,12,0.59,2,-1,-1
505,-1,266,230,33,37,0.90,2,-1,-1
505,-1,400,163,20,20,0.86,2,-1,-1
505,-1,331,97,11,12,0.69,2,-1,-1
506,-1,260,240,35,42,0.90,2,-1,-1
506,-1,398,158,20,20,0.86,2,-1,-1
506,-1,330,98,12,12,0.71,2,-1,-1
507,-1,254,253,38,42,0.90,2,-1,-1
507,-1,396,156,20,19,0.86,2,-1,-1
507,-1,330,98,12,12,0.80,2,-1,-1
508,-1,247,264,40,46,0.90,2,-1,-1
508,-1,395,154,20,18,0.85,2,-1,-1
508,-1,330,98,12,12,0.79,2,-1,-1
509,-1,526,426,77,76,0.92,2,-1,-1
509,-1,238,280,44,52,0.91,2,-1,-1
509,-1,394,150,20,19,0.86,2,-1,-1
509,-1,329,99,12,13,0.83,2,-1,-1
510,-1,515,401,72,70,0.92,2,-1,-1
510,-1,230,294,48,55,0.90,2,-1,-1
510,-1,393,147,19,20,0.85,2,-1,-1
510,-1,329,99,12,13,0.83,2,-1,-1
511,-1,505,379,67,65,0.91,2,-1,-1
511,-1,224,308,50,59,0.91,2,-1,-1
511,-1,392,146,19,20,0.85,2,-1,-1
511,-1,328,100,12,13,0.83,2,-1,-1
512,-1,208,334,57,68,0.92,2,-1,-1
512,-1,493,350,59,55,0.90,2,-1,-1
512,-1,390,143,19,19,0.85,2,-1,-1
512,-1,329,101,12,13,0.84,2,-1,-1
513,-1,198,354,61,74,0.92,2,-1,-1
513,-1,486,334,55,52,0.90,2,-1,-1
513,-1,390,141,18,19,0.84,2,-1,-1
513,-1,328,102,12,13,0.84,2,-1,-1
514,-1,180,390,69,86,0.92,2,-1,-1
514,-1,476,312,50,48,0.91,2,-1,-1
514,-1,388,140,18,18,0.85,2,-1,-1
514,-1,328,103,12,14,0.80,2,-1,-1
515,-1,165,417,75,96,0.93,2,-1,-1
515,-1,470,298,47,46,0.92,2,-1,-1
515,-1,388,138,18,18,0.86,2,-1,-1
515,-1,328,103,12,13,0.81,2,-1,-1
516,-1,462,281,44,41,0.90,2,-1,-1
516,-1,328,105,13,13,0.84,2,-1,-1
516,-1,387,135,18,18,0.84,2,-1,-1
517,-1,456,271,42,39,0.90,2,-1,-1
517,-1,328,105,12,13,0.85,2,-1,-1
517,-1,386,134,18,18,0.84,2,-1,-1
518,-1,450,256,40,38,0.89,2,-1,-1
518,-1,326,106,13,14,0.86,2,-1,-1
518,-1,385,132,18,17,0.84,2,-1,-1
519,-1,447,249,37,34,0.89,2,-1,-1
519,-1,326,106,13,14,0.86,2,-1,-1
519,-1,384,131,17,17,0.83,2,-1,-1
520,-1,443,242,36,33,0.89,2,-1,-1
520,-1,326,107,13,15,0.86,2,-1,-1
520,-1,384,130,17,16,0.83,2,-1,-1
521,-1,438,232,33,31,0.88,2,-1,-1
521,-1,326,108,13,15,0.84,2,-1,-1
521,-1,383,128,17,16,0.82,2,-1,-1
522,-1,433,224,32,30,0.86,2,-1,-1
522,-1,324,110,14,14,0.82,2,-1,-1
522,-1,382,126,16,16,0.82,2,-1,-1
523,-1,430,218,32,30,0.87,2,-1,-1
523,-1,382,124,16,16,0.82,2,-1,-1
523,-1,324,111,14,14,0.82,2,-1,-1
524,-1,426,209,30,29,0.86,2,-1,-1
524,-1,324,112,14,15,0.83,2,-1,-1
524,-1,382,123,16,16,0.81,2,-1,-1
525,-1,424,205,28,27,0.87,2,-1,-1
525,-1,381,122,16,16,0.84,2,-1,-1
525,-1,324,112,14,16,0.84,2,-1,-1
526,-1,421,198,27,27,0.86,2,-1,-1
526,-1,322,114,15,16,0.83,2,-1,-1
526,-1,381,120,15,15,0.83,2,-1,-1
527,-1,419,194,26,26,0.88,2,-1,-1
527,-1,322,116,15,16,0.83,2,-1,-1
527,-1,381,118,14,14,0.77,2,-1,-1
528,-1,416,188,25,25,0.86,2,-1,-1
528,-1,322,116,15,16,0.83,2,-1,-1
528,-1,380,118,14,14,0.82,2,-1,-1
528,-1,338,84,8,8,0.10,2,-1,-1
529,-1,414,184,24,26,0.85,2,-1,-1
529,-1,322,117,15,16,0.83,2,-1,-1
529,-1,379,117,15,14,0.81,2,-1,-1
529,-1,338,84,8,8,0.10,2,-1,-1
530,-1,412,181,24,25,0.88,2,-1,-1
530,-1,320,118,16,17,0.84,2,-1,-1
530,-1,378,116,15,14,0.79,2,-1,-1
531,-1,410,176,24,24,0.85,2,-1,-1
531,-1,320,120,16,17,0.84,2,-1,-1
531,-1,378,115,15,14,0.79,2,-1,-1
532,-1,408,172,23,24,0.86,2,-1,-1
532,-1,319,121,17,18,0.85,2,-1,-1
532,-1,378,115,15,14,0.77,2,-1,-1
533,-1,406,169,22,22,0.86,2,-1,-1
533,-1,318,122,16,18,0.85,2,-1,-1
533,-1,378,115,15,14,0.77,2,-1,-1
534,-1,404,165,22,23,0.87,2,-1,-1
534,-1,318,125,17,18,0.84,2,-1,-1
534,-1,377,112,14,13,0.69,2,-1,-1
534,-1,336,86,8,8,0.14,2,-1,-1
535,-1,403,162,21,22,0.86,2,-1,-1
535,-1,317,126,18,18,0.85,2,-1,-1
535,-1,377,112,14,13,0.69,2,-1,-1
535,-1,336,86,8,8,0.15,2,-1,-1
536,-1,316,128,18,19,0.86,2,-1,-1
536,-1,400,159,21,22,0.84,2,-1,-1
536,-1,376,110,13,13,0.75,2,-1,-1
536,-1,336,86,8,9,0.23,2,-1,-1
537,-1,400,158,20,20,0.85,2,-1,-1
537,-1,315,129,18,20,0.85,2,-1,-1
537,-1,375,109,12,12,0.78,2,-1,-1
537,-1,336,86,8,9,0.21,2,-1,-1
538,-1,314,131,19,20,0.85,2,-1,-1
538,-1,398,153,19,20,0.84,2,-1,-1
538,-1,376,109,12,12,0.79,2,-1,-1
538,-1,336,87,8,9,0.30,2,-1,-1
539,-1,314,133,19,20,0.85,2,-1,-1
539,-1,398,152,18,20,0.84,2,-1,-1
539,-1,376,108,12,12,0.77,2,-1,-1
539,-1,336,87,8,9,0.36,2,-1,-1
540,-1,396,148,19,22,0.86,2,-1,-1
540,-1,312,135,20,21,0.85,2,-1,-1
540,-1,375,107,12,12,0.73,2,-1,-1
540,-1,336,88,9,9,0.35,2,-1,-1
541,-1,412,444,70,78,0.91,2,-1,-1
541,-1,395,146,18,21,0.85,2,-1,-1
541,-1,312,136,20,21,0.84,2,-1,-1
541,-1,375,107,11,12,0.73,2,-1,-1
541,-1,336,88,8,9,0.48,2,-1,-1
542,-1,409,408,60,66,0.91,2,-1,-1
542,-1,310,140,20,22,0.86,2,-1,-1
542,-1,394,144,18,20,0.84,2,-1,-1
542,-1,375,106,11,12,0.74,2,-1,-1
542,-1,334,89,9,10,0.32,2,-1,-1
543,-1,406,386,57,61,0.90,2,-1,-1
543,-1,310,142,20,22,0.87,2,-1,-1
543,-1,394,142,17,19,0.86,2,-1,-1
543,-1,375,106,11,12,0.72,2,-1,-1
543,-1,334,89,9,9,0.33,2,-1,-1
544,-1,401,357,51,56,0.90,2,-1,-1
544,-1,308,144,21,22,0.85,2,-1,-1
544,-1,392,140,18,20,0.85,2,-1,-1
544,-1,374,104,11,12,0.70,2,-1,-1
544,-1,334,89,9,9,0.32,2,-1,-1
545,-1,399,341,48,52,0.91,2,-1,-1
545,-1,307,146,22,22,0.86,2,-1,-1
545,-1,390,138,18,20,0.84,2,-1,-1
545,-1,374,103,11,12,0.75,2,-1,-1
545,-1,334,90,9,9,0.51,2,-1,-1
546,-1,396,325,46,50,0.89,2,-1,-1
546,-1,306,149,22,23,0.85,2,-1,-1
546,-1,390,137,18,19,0.84,2,-1,-1
546,-1,374,103,11,11,0.74,2,-1,-1
546,-1,334,91,9,10,0.59,2,-1,-1
547,-1,394,306,43,46,0.90,2,-1,-1
547,-1,304,152,22,24,0.85,2,-1,-1
547,-1,389,135,16,19,0.84,2,-1,-1
547,-1,374,102,11,11,0.73,2,-1,-1
547,-1,334,91,9,10,0.60,2,-1,-1
548,-1,390,288,40,44,0.90,2,-1,-1
548,-1,302,157,23,24,0.85,2,-1,-1
548,-1,388,133,16,17,0.84,2,-1,-1
548,-1,334,91,9,10,0.60,2,-1,-1
548,-1,373,101,11,11,0.54,2,-1,-1
549,-1,388,278,39,40,0.89,2,-1,-1
549,-1,302,159,23,25,0.87,2,-1,-1
549,-1,386,132,16,18,0.80,2,-1,-1
549,-1,334,91,9,10,0.59,2,-1,-1
549,-1,373,101,11,11,0.52,2,-1,-1
550,-1,387,265,36,38,0.90,2,-1,-1
550,-1,299,162,24,27,0.88,2,-1,-1
550,-1,386,130,16,16,0.80,2,-1,-1
550,-1,373,100,11,11,0.66,2,-1,-1
550,-1,334,92,9,10,0.59,2,-1,-1
551,-1,385,256,35,37,0.90,2,-1,-1
551,-1,298,166,25,28,0.87,2,-1,-1
551,-1,385,129,16,16,0.79,2,-1,-1
551,-1,372,99,11,11,0.64,2,-1,-1
551,-1,333,92,10,10,0.58,2,-1,-1
552,-1,384,243,33,36,0.88,2,-1,-1
552,-1,296,171,25,28,0.87,2,-1,-1
552,-1,384,127,16,16,0.81,2,-1,-1
552,-1,372,99,11,11,0.64,2,-1,-1
552,-1,333,93,10,10,0.59,2,-1,-1
553,-1,384,237,32,35,0.88,2,-1,-1
553,-1,293,175,27,28,0.87,2,-1,-1
553,-1,383,125,16,17,0.84,2,-1,-1
553,-1,372,98,11,11,0.70,2,-1,-1
553,-1,332,93,10,10,0.66,2,-1,-1
554,-1,382,228,31,32,0.89,2,-1,-1
554,-1,290,182,28,30,0.88,2,-1,-1
554,-1,382,124,15,16,0.85,2,-1,-1
554,-1,332,94,10,10,0.67,2,-1,-1
554,-1,371,97,11,11,0.67,2,-1,-1
555,-1,380,223,30,32,0.88,2,-1,-1
555,-1,288,185,28,31,0.88,2,-1,-1
555,-1,382,124,15,16,0.84,2,-1,-1
555,-1,332,94,10,11,0.71,2,-1,-1
555,-1,371,96,11,11,0.65,2,-1,-1
556,-1,380,218,29,31,0.89,2,-1,-1
556,-1,286,189,29,32,0.88,2,-1,-1
556,-1,382,122,15,16,0.85,2,-1,-1
556,-1,332,94,10,11,0.71,2,-1,-1
556,-1,371,96,11,11,0.66,2,-1,-1
557,-1,378,211,28,30,0.88,2,-1,-1
557,-1,282,196,30,35,0.88,2,-1,-1
557,-1,381,121,14,14,0.82,2,-1,-1
557,-1,332,96,10,11,0.70,2,-1,-1
557,-1,370,95,11,11,0.63,2,-1,-1
558,-1,278,205,32,36,0.87,2,-1,-1
558,-1,378,205,26,28,0.87,2,-1,-1
558,-1,380,120,14,13,0.80,2,-1,-1
558,-1,332,96,10,11,0.69,2,-1,-1
558,-1,370,95,11,11,0.61,2,-1,-1
559,-1,274,210,34,38,0.90,2,-1,-1
559,-1,377,200,26,28,0.87,2,-1,-1
559,-1,380,120,14,13,0.79,2,-1,-1
559,-1,331,96,11,11,0.69,2,-1,-1
559,-1,371,95,11,11,0.58,2,-1,-1
560,-1,270,221,35,40,0.89,2,-1,-1
560,-1,376,195,25,26,0.87,2,-1,-1
560,-1,380,118,14,13,0.82,2,-1,-1
560,-1,330,97,12,12,0.76,2,-1,-1
560,-1,370,94,10,10,0.50,2,-1,-1
560,-1,326,77,10,16,0.16,2,-1,-1
561,-1,265,228,37,41,0.89,2,-1,-1
561,-1,375,190,25,26,0.86,2,-1,-1
561,-1,380,116,13,15,0.84,2,-1,-1
561,-1,330,97,12,12,0.76,2,-1,-1
561,-1,370,93,10,10,0.52,2,-1,-1
561,-1,326,77,10,16,0.16,2,-1,-1
562,-1,260,233,39,46,0.90,2,-1,-1
562,-1,374,186,24,26,0.87,2,-1,-1
562,-1,379,115,13,14,0.84,2,-1,-1
562,-1,330,98,11,12,0.80,2,-1,-1
562,-1,370,93,10,10,0.54,2,-1,-1
562,-1,326,77,10,16,0.16,2,-1,-1
563,-1,254,246,42,48,0.90,2,-1,-1
563,-1,373,182,24,25,0.86,2,-1,-1
563,-1,378,115,14,14,0.81,2,-1,-1
563,-1,330,99,12,12,0.81,2,-1,-1
563,-1,369,92,10,10,0.46,2,-1,-1
563,-1,325,79,10,15,0.12,2,-1,-1
564,-1,248,256,44,51,0.91,2,-1,-1
564,-1,374,178,23,25,0.89,2,-1,-1
564,-1,330,99,12,12,0.81,2,-1,-1
564,-1,378,114,14,14,0.78,2,-1,-1
564,-1,370,92,10,10,0.46,2,-1,-1
564,-1,325,79,10,15,0.12,2,-1,-1
565,-1,238,273,49,57,0.91,2,-1,-1
565,-1,372,174,22,25,0.87,2,-1,-1
565,-1,329,100,12,13,0.83,2,-1,-1
565,-1,376,114,14,13,0.81,2,-1,-1
565,-1,368,91,10,9,0.51,2,-1,-1
565,-1,325,80,10,14,0.33,2,-1,-1
566,-1,228,294,52,64,0.91,2,-1,-1
566,-1,372,170,21,24,0.88,2,-1,-1
566,-1,328,101,12,13,0.82,2,-1,-1
566,-1,376,113,13,13,0.74,2,-1,-1
566,-1,368,91,10,9,0.41,2,-1,-1
566,-1,325,80,10,14,0.27,2,-1,-1
567,-1,219,311,56,68,0.92,2,-1,-1
567,-1,371,168,22,25,0.84,2,-1,-1
567,-1,328,101,12,13,0.82,2,-1,-1
567,-1,376,113,13,13,0.73,2,-1,-1
567,-1,368,91,10,9,0.42,2,-1,-1
567,-1,324,81,10,14,0.28,2,-1,-1
568,-1,202,338,65,82,0.92,2,-1,-1
568,-1,370,164,22,25,0.85,2,-1,-1
568,-1,328,102,12,13,0.82,2,-1,-1
568,-1,376,112,12,12,0.68,2,-1,-1
568,-1,326,80,10,14,0.29,2,-1,-1
568,-1,368,91,10,8,0.25,2,-1,-1
569,-1,190,362,70,90,0.92,2,-1,-1
569,-1,370,162,21,24,0.85,2,-1,-1
569,-1,328,102,12,14,0.82,2,-1,-1
569,-1,375,111,12,12,0.71,2,-1,-1
569,-1,368,91,10,8,0.35,2,-1,-1
569,-1,325,81,10,14,0.31,2,-1,-1
570,-1,168,402,79,108,0.93,2,-1,-1
570,-1,370,158,20,22,0.85,2,-1,-1
570,-1,327,103,12,14,0.83,2,-1,-1
570,-1,375,110,12,12,0.73,2,-1,-1
570,-1,324,81,10,14,0.47,2,-1,-1
570,-1,368,90,10,8,0.11,2,-1,-1
571,-1,369,156,20,22,0.86,2,-1,-1
571,-1,327,104,12,14,0.83,2,-1,-1
571,-1,375,109,12,12,0.71,2,-1,-1
571,-1,325,82,10,13,0.46,2,-1,-1
572,-1,368,154,21,22,0.86,2,-1,-1
572,-1,326,105,12,14,0.83,2,-1,-1
572,-1,324,83,10,13,0.52,2,-1,-1
572,-1,375,108,11,11,0.48,2,-1,-1
573,-1,326,105,12,14,0.84,2,-1,-1
573,-1,368,152,20,22,0.84,2,-1,-1
573,-1,375,108,11,11,0.58,2,-1,-1
573,-1,324,83,10,13,0.52,2,-1,-1
574,-1,367,149,20,23,0.86,2,-1,-1
574,-1,326,107,12,14,0.85,2,-1,-1
574,-1,374,106,11,12,0.65,2,-1,-1
574,-1,324,82,10,15,0.61,2,-1,-1
574,-1,368,87,9,9,0.12,2,-1,-1
575,-1,326,107,12,15,0.86,2,-1,-1
575,-1,367,147,19,22,0.86,2,-1,-1
575,-1,374,106,11,12,0.67,2,-1,-1
575,-1,324,82,10,15,0.62,2,-1,-1
575,-1,368,87,9,9,0.14,2,-1,-1
576,-1,326,108,12,15,0.85,2,-1,-1
576,-1,367,144,18,20,0.84,2,-1,-1
576,-1,374,104,11,12,0.66,2,-1,-1
576,-1,323,82,11,15,0.62,2,-1,-1
577,-1,325,109,13,14,0.85,2,-1,-1
577,-1,366,144,18,20,0.84,2,-1,-1
577,-1,374,103,11,12,0.76,2,-1,-1
577,-1,322,81,12,17,0.41,2,-1,-1
578,-1,366,142,17,20,0.85,2,-1,-1
578,-1,325,110,13,14,0.85,2,-1,-1
578,-1,374,103,11,12,0.77,2,-1,-1
578,-1,322,81,12,17,0.41,2,-1,-1
579,-1,366,140,17,20,0.85,2,-1,-1
579,-1,324,111,14,15,0.84,2,-1,-1
579,-1,373,101,11,12,0.75,2,-1,-1
579,-1,322,82,11,16,0.63,2,-1,-1
580,-1,324,111,14,16,0.85,2,-1,-1
580,-1,366,138,17,20,0.84,2,-1,-1
580,-1,373,101,11,12,0.76,2,-1,-1
580,-1,322,83,11,16,0.75,2,-1,-1
580,-1,334,91,8,8,0.10,2,-1,-1
581,-1,324,112,14,17,0.86,2,-1,-1
581,-1,366,136,17,20,0.85,2,-1,-1
581,-1,322,83,11,16,0.74,2,-1,-1
581,-1,372,100,11,12,0.74,2,-1,-1
581,-1,334,92,9,8,0.11,2,-1,-1
582,-1,323,113,15,17,0.86,2,-1,-1
582,-1,365,134,17,20,0.86,2,-1,-1
582,-1,322,83,11,16,0.74,2,-1,-1
582,-1,372,100,12,12,0.72,2,-1,-1
582,-1,334,92,9,8,0.11,2,-1,-1
583,-1,322,114,15,17,0.86,2,-1,-1
583,-1,365,133,17,20,0.86,2,-1,-1
583,-1,322,83,11,17,0.62,2,-1,-1
583,-1,372,99,11,11,0.56,2,-1,-1
583,-1,334,93,9,8,0.21,2,-1,-1
584,-1,365,132,17,20,0.85,2,-1,-1
584,-1,322,115,15,17,0.85,2,-1,-1
584,-1,322,83,11,17,0.61,2,-1,-1
584,-1,372,99,11,11,0.55,2,-1,-1
584,-1,334,93,9,8,0.20,2,-1,-1
585,-1,365,130,16,18,0.85,2,-1,-1
585,-1,322,117,15,17,0.85,2,-1,-1
585,-1,322,83,11,16,0.74,2,-1,-1
585,-1,371,98,11,10,0.62,2,-1,-1
585,-1,334,94,9,8,0.45,2,-1,-1
586,-1,322,117,15,17,0.85,2,-1,-1
586,-1,365,130,15,18,0.85,2,-1,-1
586,-1,321,83,12,17,0.71,2,-1,-1
586,-1,371,98,11,10,0.62,2,-1,-1
586,-1,333,94,9,9,0.31,2,-1,-1
587,-1,322,118,15,18,0.85,2,-1,-1
587,-1,365,128,15,18,0.84,2,-1,-1
587,-1,321,84,12,17,0.69,2,-1,-1
587,-1,371,97,11,10,0.60,2,-1,-1
587,-1,334,94,9,9,0.36,2,-1,-1
588,-1,365,126,15,18,0.85,2,-1,-1
588,-1,321,118,16,18,0.85,2,-1,-1
588,-1,320,84,12,17,0.71,2,-1,-1
588,-1,371,97,11,10,0.62,2,-1,-1
588,-1,334,94,9,9,0.58,2,-1,-1
589,-1,364,125,14,18,0.85,2,-1,-1
589,-1,320,120,16,18,0.85,2,-1,-1
589,-1,320,83,12,18,0.64,2,-1,-1
589,-1,372,96,10,10,0.62,2,-1,-1
589,-1,333,94,10,10,0.61,2,-1,-1
590,-1,319,122,16,18,0.85,2,-1,-1
590,-1,364,124,14,17,0.83,2,-1,-1
590,-1,332,95,10,10,0.63,2,-1,-1
590,-1,372,96,10,10,0.62,2,-1,-1
590,-1,320,83,12,19,0.57,2,-1,-1
591,-1,364,122,14,18,0.85,2,-1,-1
591,-1,319,123,16,18,0.84,2,-1,-1
591,-1,371,95,11,10,0.62,2,-1,-1
591,-1,332,96,10,10,0.61,2,-1,-1
591,-1,320,83,12,19,0.51,2,-1,-1
592,-1,318,125,17,19,0.85,2,-1,-1
592,-1,364,121,14,17,0.85,2,-1,-1
592,-1,332,97,10,10,0.58,2,-1,-1
592,-1,370,94,10,10,0.57,2,-1,-1
592,-1,320,83,12,19,0.54,2,-1,-1
593,-1,318,126,17,19,0.86,2,-1,-1
593,-1,364,122,14,17,0.84,2,-1,-1
593,-1,320,84,12,19,0.51,2,-1,-1
593,-1,332,98,10,9,0.44,2,-1,-1
593,-1,370,94,10,10,0.44,2,-1,-1
594,-1,317,128,17,19,0.86,2,-1,-1
594,-1,364,120,14,15,0.81,2,-1,-1
594,-1,319,85,12,18,0.63,2,-1,-1
594,-1,332,98,10,10,0.49,2,-1,-1
594,-1,370,93,10,10,0.31,2,-1,-1
595,-1,316,129,18,20,0.86,2,-1,-1
595,-1,364,120,13,14,0.81,2,-1,-1
595,-1,320,85,12,18,0.62,2,-1,-1
595,-1,332,98,10,10,0.47,2,-1,-1
595,-1,370,93,10,10,0.31,2,-1,-1
596,-1,316,131,18,20,0.86,2,-1,-1
596,-1,364,118,13,14,0.81,2,-1,-1
596,-1,319,86,12,18,0.74,2,-1,-1
596,-1,332,99,10,9,0.45,2,-1,-1
596,-1,370,93,10,9,0.18,2,-1,-1
597,-1,315,132,18,21,0.86,2,-1,-1
597,-1,364,118,13,14,0.81,2,-1,-1
597,-1,319,87,12,17,0.79,2,-1,-1
597,-1,331,100,10,10,0.58,2,-1,-1
597,-1,370,92,10,9,0.23,2,-1,-1
598,-1,314,134,19,22,0.85,2,-1,-1
598,-1,364,117,12,14,0.81,2,-1,-1
598,-1,319,87,12,17,0.79,2,-1,-1
598,-1,331,100,10,10,0.59,2,-1,-1
598,-1,370,92,10,9,0.25,2,-1,-1
599,-1,313,136,20,22,0.85,2,-1,-1
599,-1,318,87,12,17,0.77,2,-1,-1
599,-1,364,117,12,13,0.75,2,-1,-1
599,-1,331,100,10,10,0.59,2,-1,-1
599,-1,370,92,10,9,0.21,2,-1,-1
600,-1,312,138,20,22,0.86,2,-1,-1
600,-1,318,88,12,17,0.79,2,-1,-1
600,-1,363,116,12,13,0.78,2,-1,-1
600,-1,330,102,10,10,0.64,2,-1,-1
600,-1,370,92,10,9,0.14,2,-1,-1
601,-1,312,140,20,22,0.87,2,-1,-1
601,-1,362,114,13,14,0.81,2,-1,-1
601,-1,319,89,11,17,0.81,2,-1,-1
601,-1,330,102,10,10,0.69,2,-1,-1
601,-1,368,91,10,9,0.12,2,-1,-1
602,-1,310,142,20,23,0.86,2,-1,-1
602,-1,318,89,12,18,0.79,2,-1,-1
602,-1,363,113,12,13,0.79,2,-1,-1
602,-1,330,104,10,10,0.59,2,-1,-1
602,-1,368,89,10,9,0.12,2,-1,-1
603,-1,310,144,21,24,0.85,2,-1,-1
603,-1,318,89,12,18,0.79,2,-1,-1
603,-1,362,113,12,13,0.72,2,-1,-1
603,-1,330,104,10,10,0.42,2,-1,-1
603,-1,368,88,10,9,0.17,2,-1,-1
604,-1,308,147,21,23,0.88,2,-1,-1
604,-1,318,89,12,18,0.79,2,-1,-1
604,-1,362,113,12,13,0.71,2,-1,-1
604,-1,330,104,10,10,0.43,2,-1,-1
604,-1,368,88,9,9,0.21,2,-1,-1
605,-1,307,149,22,25,0.87,2,-1,-1
605,-1,318,89,12,19,0.81,2,-1,-1
605,-1,363,112,12,12,0.71,2,-1,-1
605,-1,329,105,12,11,0.65,2,-1,-1
605,-1,368,88,9,9,0.20,2,-1,-1
606,-1,509,430,71,73,0.92,2,-1,-1
606,-1,306,151,22,26,0.85,2,-1,-1
606,-1,317,90,12,18,0.83,2,-1,-1
606,-1,328,106,12,11,0.69,2,-1,-1
606,-1,363,112,11,12,0.36,2,-1,-1
607,-1,496,396,64,62,0.91,2,-1,-1
607,-1,304,154,22,26,0.87,2,-1,-1
607,-1,317,90,12,19,0.78,2,-1,-1
607,-1,328,106,12,12,0.72,2,-1,-1
607,-1,362,111,11,12,0.53,2,-1,-1
608,-1,485,368,56,54,0.90,2,-1,-1
608,-1,303,158,23,26,0.86,2,-1,-1
608,-1,317,90,12,19,0.79,2,-1,-1
608,-1,328,107,12,12,0.72,2,-1,-1
608,-1,362,110,11,11,0.38,2,-1,-1
609,-1,479,351,51,50,0.91,2,-1,-1
609,-1,302,160,23,26,0.88,2,-1,-1
609,-1,316,91,13,18,0.83,2,-1,-1
609,-1,327,108,12,13,0.77,2,-1,-1
610,-1,469,328,47,46,0.90,2,-1,-1
610,-1,300,164,24,28,0.88,2,-1,-1
610,-1,316,92,13,18,0.82,2,-1,-1
610,-1,327,108,12,13,0.82,2,-1,-1
610,-1,362,108,11,11,0.27,2,-1,-1
611,-1,464,314,44,44,0.91,2,-1,-1
611,-1,298,167,25,28,0.88,2,-1,-1
611,-1,316,92,13,19,0.81,2,-1,-1
611,-1,326,110,12,13,0.81,2,-1,-1
611,-1,361,108,11,11,0.32,2,-1,-1
612,-1,455,296,42,41,0.89,2,-1,-1
612,-1,296,170,26,30,0.88,2,-1,-1
612,-1,315,92,14,19,0.82,2,-1,-1
612,-1,326,111,12,13,0.78,2,-1,-1
612,-1,361,107,10,11,0.11,2,-1,-1
613,-1,451,285,39,39,0.90,2,-1,-1
613,-1,294,175,26,30,0.87,2,-1,-1
613,-1,316,93,14,18,0.83,2,-1,-1
613,-1,326,112,12,13,0.81,2,-1,-1
613,-1,361,106,11,12,0.27,2,-1,-1
614,-1,292,179,27,32,0.89,2,-1,-1
614,-1,445,270,36,36,0.89,2,-1,-1
614,-1,314,93,14,19,0.83,2,-1,-1
614,-1,325,113,13,13,0.82,2,-1,-1
614,-1,360,105,11,12,0.43,2,-1,-1
615,-1,290,182,28,32,0.88,2,-1,-1
615,-1,440,262,36,34,0.88,2,-1,-1
615,-1,325,113,13,14,0.84,2,-1,-1
615,-1,314,93,15,20,0.82,2,-1,-1
615,-1,360,105,12,11,0.33,2,-1,-1
616,-1,288,187,28,32,0.89,2,-1,-1
616,-1,438,254,34,33,0.88,2,-1,-1
616,-1,314,94,15,20,0.82,2,-1,-1
616,-1,324,114,14,14,0.79,2,-1,-1
616,-1,360,105,12,11,0.35,2,-1,-1
617,-1,432,243,33,33,0.89,2,-1,-1
617,-1,286,192,29,34,0.89,2,-1,-1
617,-1,324,115,14,14,0.85,2,-1,-1
617,-1,314,94,15,20,0.82,2,-1,-1
617,-1,361,103,11,11,0.47,2,-1,-1
618,-1,429,234,30,30,0.89,2,-1,-1
618,-1,282,199,30,36,0.88,2,-1,-1
618,-1,323,117,14,14,0.83,2,-1,-1
618,-1,313,95,15,20,0.83,2,-1,-1
618,-1,361,103,10,11,0.19,2,-1,-1
619,-1,280,203,32,37,0.88,2,-1,-1
619,-1,427,226,28,30,0.87,2,-1,-1
619,-1,322,117,14,15,0.83,2,-1,-1
619,-1,313,94,16,20,0.82,2,-1,-1
619,-1,360,103,11,11,0.16,2,-1,-1
620,-1,276,212,33,38,0.89,2,-1,-1
620,-1,422,219,28,28,0.87,2,-1,-1
620,-1,322,118,15,15,0.83,2,-1,-1
620,-1,312,95,16,21,0.81,2,-1,-1
620,-1,361,102,10,11,0.22,2,-1,-1
620,-1,336,84,8,8,0.14,2,-1,-1
621,-1,272,217,34,40,0.89,2,-1,-1
621,-1,419,215,29,27,0.86,2,-1,-1
621,-1,321,119,14,14,0.82,2,-1,-1
621,-1,312,95,16,22,0.76,2,-1,-1
621,-1,336,84,8,8,0.11,2,-1,-1
622,-1,268,224,36,44,0.90,2,-1,-1
622,-1,416,208,27,26,0.87,2,-1,-1
622,-1,321,120,14,15,0.83,2,-1,-1
622,-1,312,95,16,22,0.72,2,-1,-1
623,-1,264,230,37,45,0.88,2,-1,-1
623,-1,415,203,26,26,0.87,2,-1,-1
623,-1,320,121,15,15,0.84,2,-1,-1
623,-1,312,95,16,23,0.55,2,-1,-1
624,-1,258,241,40,50,0.89,2,-1,-1
624,-1,414,198,23,25,0.86,2,-1,-1
624,-1,320,123,15,15,0.82,2,-1,-1
624,-1,310,96,17,24,0.57,2,-1,-1
625,-1,254,250,40,48,0.89,2,-1,-1
625,-1,412,192,23,25,0.88,2,-1,-1
625,-1,319,123,16,15,0.83,2,-1,-1
625,-1,311,95,16,24,0.56,2,-1,-1
625,-1,336,87,8,8,0.37,2,-1,-1
625,-1,360,99,10,11,0.24,2,-1,-1
626,-1,246,263,43,54,0.90,2,-1,-1
626,-1,408,187,23,23,0.87,2,-1,-1
626,-1,319,125,15,15,0.82,2,-1,-1
626,-1,311,95,16,25,0.62,7,-1,-1
626,-1,336,87,8,8,0.39,2,-1,-1
626,-1,360,99,10,11,0.19,2,-1,-1
627,-1,239,272,49,58,0.87,2,-1,-1
627,-1,318,127,16,16,0.84,2,-1,-1
627,-1,407,184,23,23,0.84,2,-1,-1
627,-1,311,95,16,24,0.57,7,-1,-1
627,-1,336,88,8,9,0.51,2,-1,-1
627,-1,360,98,10,10,0.12,2,-1,-1
628,-1,404,180,22,22,0.88,2,-1,-1
628,-1,231,287,50,63,0.88,2,-1,-1
628,-1,317,128,16,16,0.85,2,-1,-1
628,-1,310,96,16,24,0.66,7,-1,-1
628,-1,336,88,8,9,0.46,2,-1,-1
628,-1,360,98,10,11,0.15,2,-1,-1
629,-1,225,302,51,62,0.90,2,-1,-1
629,-1,316,130,16,16,0.86,2,-1,-1
629,-1,402,176,22,23,0.85,2,-1,-1
629,-1,335,88,8,9,0.61,2,-1,-1
629,-1,309,97,17,25,0.58,2,-1,-1
629,-1,360,96,10,10,0.54,2,-1,-1
630,-1,212,322,58,75,0.90,2,-1,-1
630,-1,400,172,22,22,0.86,2,-1,-1
630,-1,315,132,16,16,0.84,2,-1,-1
630,-1,309,98,17,25,0.62,2,-1,-1
630,-1,334,88,9,9,0.57,2,-1,-1
630,-1,360,95,10,10,0.22,2,-1,-1
631,-1,201,340,63,80,0.92,2,-1,-1
631,-1,400,170,20,22,0.87,2,-1,-1
631,-1,314,132,17,17,0.85,2,-1,-1
631,-1,309,98,17,24,0.68,2,-1,-1
631,-1,334,88,9,9,0.56,2,-1,-1
631,-1,360,95,10,10,0.22,2,-1,-1
632,-1,185,370,69,93,0.92,2,-1,-1
632,-1,399,166,20,21,0.87,2,-1,-1
632,-1,313,134,18,18,0.85,2,-1,-1
632,-1,308,99,17,25,0.76,2,-1,-1
632,-1,334,89,9,10,0.52,2,-1,-1
632,-1,360,95,10,10,0.13,2,-1,-1
633,-1,173,394,74,102,0.92,2,-1,-1
633,-1,398,163,19,21,0.85,2,-1,-1
633,-1,312,135,18,18,0.85,2,-1,-1
633,-1,308,99,17,26,0.76,2,-1,-1
633,-1,334,89,9,10,0.51,2,-1,-1
633,-1,360,95,10,10,0.13,2,-1,-1
634,-1,311,138,18,18,0.84,2,-1,-1
634,-1,396,160,20,20,0.84,2,-1,-1
634,-1,308,99,17,26,0.74,2,-1,-1
634,-1,334,90,9,9,0.53,2,-1,-1
635,-1,396,159,18,20,0.86,2,-1,-1
635,-1,310,139,18,19,0.84,2,-1,-1
635,-1,307,99,18,26,0.73,2,-1,-1
635,-1,334,90,9,9,0.53,2,-1,-1
636,-1,396,156,16,19,0.87,2,-1,-1
636,-1,309,141,18,20,0.86,2,-1,-1
636,-1,306,100,18,26,0.66,2,-1,-1
636,-1,334,91,9,9,0.46,2,-1,-1
637,-1,308,142,18,20,0.86,2,-1,-1
637,-1,392,153,18,20,0.85,2,-1,-1
637,-1,306,101,18,26,0.69,2,-1,-1
637,-1,333,92,9,10,0.43,2,-1,-1
638,-1,392,151,18,20,0.85,2,-1,-1
638,-1,308,144,19,20,0.85,2,-1,-1
638,-1,305,101,19,27,0.60,2,-1,-1
638,-1,333,92,9,10,0.43,2,-1,-1
639,-1,306,147,19,20,0.85,2,-1,-1
639,-1,389,148,20,20,0.81,2,-1,-1
639,-1,305,103,18,25,0.72,2,-1,-1
639,-1,332,93,10,10,0.47,2,-1,-1
640,-1,304,150,20,22,0.85,2,-1,-1
640,-1,389,146,17,18,0.79,2,-1,-1
640,-1,304,103,19,27,0.60,2,-1,-1
640,-1,333,94,9,10,0.57,2,-1,-1
641,-1,304,153,20,20,0.85,2,-1,-1
641,-1,388,144,18,19,0.76,2,-1,-1
641,-1,304,103,19,27,0.67,2,-1,-1
641,-1,332,94,10,10,0.61,2,-1,-1
642,-1,302,155,20,22,0.86,2,-1,-1
642,-1,388,143,16,18,0.80,2,-1,-1
642,-1,332,95,10,10,0.68,2,-1,-1
642,-1,304,104,19,28,0.60,2,-1,-1
643,-1,301,158,20,22,0.86,2,-1,-1
643,-1,387,140,16,17,0.79,2,-1,-1
643,-1,332,95,10,10,0.73,2,-1,-1
643,-1,303,103,19,30,0.65,7,-1,-1
644,-1,298,163,22,22,0.86,2,-1,-1
644,-1,302,102,20,30,0.75,7,-1,-1
644,-1,332,95,10,10,0.73,2,-1,-1
644,-1,384,136,17,18,0.31,2,-1,-1
645,-1,297,166,22,22,0.85,2,-1,-1
645,-1,332,95,10,10,0.73,2,-1,-1
645,-1,302,103,20,31,0.69,7,-1,-1
645,-1,384,136,17,18,0.25,2,-1,-1
646,-1,296,168,23,23,0.85,2,-1,-1
646,-1,301,103,20,31,0.74,7,-1,-1
646,-1,332,96,10,10,0.69,2,-1,-1
646,-1,384,136,16,18,0.33,2,-1,-1
647,-1,294,172,23,24,0.87,2,-1,-1
647,-1,331,97,10,10,0.74,2,-1,-1
647,-1,300,104,20,30,0.65,7,-1,-1
647,-1,383,134,16,16,0.50,2,-1,-1
648,-1,292,175,24,24,0.88,2,-1,-1
648,-1,330,98,11,11,0.80,2,-1,-1
648,-1,384,133,16,16,0.61,2,-1,-1
648,-1,300,105,20,30,0.54,7,-1,-1
649,-1,290,179,24,26,0.87,2,-1,-1
649,-1,330,98,11,11,0.75,2,-1,-1
649,-1,300,108,20,27,0.72,2,-1,-1
649,-1,383,132,16,14,0.57,2,-1,-1
650,-1,288,183,25,26,0.86,2,-1,-1
650,-1,330,98,11,12,0.81,2,-1,-1
650,-1,383,131,15,14,0.64,2,-1,-1
650,-1,299,109,20,28,0.60,2,-1,-1
651,-1,286,188,26,27,0.86,2,-1,-1
651,-1,330,99,11,12,0.81,2,-1,-1
651,-1,298,110,21,29,0.49,7,-1,-1
651,-1,382,130,14,14,0.39,2,-1,-1
652,-1,282,192,27,29,0.89,2,-1,-1
652,-1,330,101,11,12,0.81,2,-1,-1
652,-1,382,126,14,14,0.81,2,-1,-1
652,-1,297,110,22,30,0.51,7,-1,-1
653,-1,280,197,28,30,0.88,2,-1,-1
653,-1,330,101,10,12,0.81,2,-1,-1
653,-1,381,124,14,15,0.75,2,-1,-1
653,-1,296,110,22,30,0.62,7,-1,-1
654,-1,276,204,29,32,0.89,2,-1,-1
654,-1,330,102,11,12,0.79,2,-1,-1
654,-1,295,112,22,30,0.62,2,-1,-1
655,-1,274,210,30,32,0.88,2,-1,-1
655,-1,329,102,12,12,0.78,2,-1,-1
655,-1,295,112,22,31,0.64,2,-1,-1
656,-1,271,218,31,33,0.89,2,-1,-1
656,-1,328,104,11,12,0.77,2,-1,-1
656,-1,294,113,22,31,0.54,2,-1,-1
657,-1,267,223,33,36,0.90,2,-1,-1
657,-1,328,104,11,12,0.77,2,-1,-1
657,-1,293,114,22,32,0.71,7,-1,-1
658,-1,264,230,34,36,0.88,2,-1,-1
658,-1,328,105,12,12,0.78,2,-1,-1
658,-1,292,114,23,32,0.61,7,-1,-1
659,-1,259,239,36,40,0.89,2,-1,-1
659,-1,328,105,12,12,0.84,2,-1,-1
659,-1,292,115,23,33,0.74,7,-1,-1
660,-1,254,249,38,45,0.90,2,-1,-1
660,-1,327,106,12,13,0.83,2,-1,-1
660,-1,291,116,23,34,0.75,7,-1,-1
661,-1,248,258,40,46,0.89,2,-1,-1
661,-1,326,107,12,12,0.84,2,-1,-1
661,-1,290,115,24,35,0.76,7,-1,-1
662,-1,239,271,44,52,0.90,2,-1,-1
662,-1,327,108,12,13,0.81,2,-1,-1
662,-1,289,116,24,36,0.78,7,-1,-1
663,-1,234,282,45,55,0.90,2,-1,-1
663,-1,326,110,12,13,0.82,2,-1,-1
663,-1,289,116,24,35,0.74,7,-1,-1
664,-1,228,294,48,58,0.92,2,-1,-1
664,-1,326,110,12,13,0.82,2,-1,-1
664,-1,288,117,24,35,0.57,7,-1,-1
665,-1,218,316,51,62,0.92,2,-1,-1
665,-1,326,111,12,13,0.81,2,-1,-1
665,-1,286,118,25,36,0.73,7,-1,-1
666,-1,204,340,56,72,0.92,2,-1,-1
666,-1,325,112,12,14,0.82,2,-1,-1
666,-1,285,120,25,36,0.57,7,-1,-1
667,-1,194,359,62,80,0.92,2,-1,-1
667,-1,325,113,13,14,0.82,2,-1,-1
667,-1,284,118,25,39,0.77,7,-1,-1
667,-1,374,111,12,13,0.20,2,-1,-1
668,-1,176,393,68,90,0.92,2,-1,-1
668,-1,284,117,26,42,0.87,7,-1,-1
668,-1,324,115,14,14,0.75,2,-1,-1
668,-1,374,110,12,13,0.10,2,-1,-1
669,-1,162,418,74,101,0.93,2,-1,-1
669,-1,282,122,26,38,0.78,2,-1,-1
669,-1,324,116,14,14,0.77,2,-1,-1
670,-1,281,123,27,39,0.78,2,-1,-1
670,-1,323,118,14,15,0.78,2,-1,-1
671,-1,322,118,14,15,0.79,2,-1,-1
671,-1,280,122,27,42,0.66,7,-1,-1
672,-1,322,119,14,14,0.80,2,-1,-1
672,-1,279,125,27,39,0.50,2,-1,-1
673,-1,322,121,14,14,0.80,2,-1,-1
673,-1,278,128,26,38,0.75,2,-1,-1
674,-1,321,121,14,15,0.83,2,-1,-1
674,-1,276,126,28,42,0.61,2,-1,-1
675,-1,320,122,15,16,0.83,2,-1,-1
675,-1,275,125,28,44,0.74,2,-1,-1
676,-1,320,124,16,16,0.83,2,-1,-1
676,-1,274,127,28,45,0.78,2,-1,-1
677,-1,272,129,29,44,0.84,2,-1,-1
677,-1,319,125,16,16,0.83,2,-1,-1
678,-1,271,134,29,42,0.86,2,-1,-1
678,-1,318,126,16,16,0.83,2,-1,-1
679,-1,317,128,17,16,0.85,2,-1,-1
679,-1,269,133,30,44,0.85,2,-1,-1
680,-1,317,130,16,16,0.87,2,-1,-1
680,-1,266,129,32,51,0.65,2,-1,-1
681,-1,316,130,16,18,0.87,2,-1,-1
681,-1,265,130,32,52,0.77,2,-1,-1
681,-1,336,85,9,8,0.11,2,-1,-1
682,-1,315,132,17,17,0.86,2,-1,-1
682,-1,264,130,33,55,0.69,7,-1,-1
682,-1,336,85,9,8,0.11,2,-1,-1
683,-1,314,134,17,17,0.85,2,-1,-1
683,-1,262,132,33,54,0.53,2,-1,-1
683,-1,336,86,9,8,0.18,2,-1,-1
684,-1,313,136,18,18,0.86,2,-1,-1
684,-1,260,132,33,56,0.64,2,-1,-1
684,-1,336,86,9,8,0.16,2,-1,-1
685,-1,312,137,18,18,0.85,2,-1,-1
685,-1,258,134,34,55,0.65,7,-1,-1
685,-1,336,87,8,8,0.36,2,-1,-1
685,-1,327,85,8,10,0.17,2,-1,-1
686,-1,312,140,18,18,0.85,2,-1,-1
686,-1,256,136,36,55,0.70,7,-1,-1
686,-1,336,87,8,8,0.35,2,-1,-1
686,-1,327,85,8,10,0.15,2,-1,-1
687,-1,311,141,18,18,0.85,2,-1,-1
687,-1,255,138,35,57,0.68,2,-1,-1
687,-1,336,88,8,8,0.45,2,-1,-1
687,-1,326,85,9,10,0.16,2,-1,-1
688,-1,310,143,19,19,0.85,2,-1,-1
688,-1,254,140,35,57,0.77,2,-1,-1
688,-1,336,88,8,8,0.45,2,-1,-1
688,-1,326,85,8,10,0.16,2,-1,-1
689,-1,310,146,19,19,0.85,2,-1,-1
689,-1,250,141,37,60,0.65,2,-1,-1
689,-1,336,88,9,9,0.50,2,-1,-1
689,-1,326,85,9,11,0.12,2,-1,-1
690,-1,308,148,20,20,0.86,2,-1,-1
690,-1,247,143,38,61,0.67,2,-1,-1
690,-1,335,89,9,9,0.41,2,-1,-1
691,-1,307,151,20,20,0.85,2,-1,-1
691,-1,245,144,39,61,0.70,7,-1,-1
691,-1,336,89,9,9,0.39,2,-1,-1
692,-1,306,154,21,20,0.86,2,-1,-1
692,-1,241,147,42,64,0.84,7,-1,-1
692,-1,335,90,8,8,0.22,2,-1,-1
692,-1,325,87,9,10,0.10,2,-1,-1
693,-1,304,156,22,22,0.86,2,-1,-1
693,-1,239,148,43,66,0.85,7,-1,-1
693,-1,335,91,9,8,0.43,2,-1,-1
694,-1,303,160,22,22,0.85,2,-1,-1
694,-1,237,150,42,66,0.67,7,-1,-1
694,-1,334,91,10,8,0.43,2,-1,-1
695,-1,302,163,22,22,0.87,2,-1,-1
695,-1,234,151,42,67,0.67,7,-1,-1
695,-1,334,91,10,9,0.48,2,-1,-1
696,-1,300,167,22,24,0.86,2,-1,-1
696,-1,230,156,44,70,0.62,7,-1,-1
696,-1,334,92,9,9,0.43,2,-1,-1
697,-1,299,170,23,24,0.88,2,-1,-1
697,-1,228,154,44,72,0.84,7,-1,-1
697,-1,334,92,9,10,0.56,2,-1,-1
698,-1,297,173,24,26,0.86,2,-1,-1
698,-1,224,158,48,76,0.84,7,-1,-1
698,-1,334,93,9,9,0.58,2,-1,-1
698,-1,324,91,9,10,0.18,2,-1,-1
699,-1,222,159,48,77,0.87,7,-1,-1
699,-1,296,177,26,26,0.87,2,-1,-1
699,-1,334,93,9,10,0.52,2,-1,-1
699,-1,324,91,9,10,0.21,2,-1,-1
700,-1,216,162,50,80,0.88,7,-1,-1
700,-1,294,182,26,28,0.85,2,-1,-1
700,-1,334,93,10,10,0.51,2,-1,-1
700,-1,324,92,10,10,0.16,2,-1,-1
701,-1,213,164,52,82,0.89,7,-1,-1
701,-1,292,186,27,28,0.87,2,-1,-1
701,-1,334,94,10,10,0.56,2,-1,-1
701,-1,324,92,9,10,0.21,2,-1,-1
702,-1,290,192,28,29,0.88,2,-1,-1
702,-1,208,168,54,86,0.85,7,-1,-1
702,-1,333,95,10,10,0.59,2,-1,-1
702,-1,324,93,10,11,0.21,2,-1,-1
703,-1,288,196,28,30,0.87,2,-1,-1
703,-1,206,170,54,88,0.86,7,-1,-1
703,-1,332,96,10,10,0.55,2,-1,-1
703,-1,323,93,10,10,0.25,2,-1,-1
704,-1,199,174,57,92,0.89,7,-1,-1
704,-1,286,202,30,32,0.88,2,-1,-1
704,-1,332,96,10,10,0.55,2,-1,-1
704,-1,323,93,10,10,0.28,2,-1,-1
705,-1,195,176,60,94,0.89,7,-1,-1
705,-1,284,207,30,32,0.87,2,-1,-1
705,-1,332,97,10,10,0.61,2,-1,-1
705,-1,323,93,10,10,0.33,2,-1,-1
706,-1,188,180,61,98,0.88,7,-1,-1
706,-1,281,215,31,34,0.87,2,-1,-1
706,-1,332,99,10,10,0.44,2,-1,-1
706,-1,323,94,10,11,0.34,2,-1,-1
707,-1,183,182,63,104,0.88,7,-1,-1
707,-1,278,222,32,35,0.88,2,-1,-1
707,-1,331,98,11,11,0.45,2,-1,-1
707,-1,324,94,10,12,0.20,2,-1,-1
708,-1,274,231,35,36,0.89,2,-1,-1
708,-1,174,188,70,109,0.89,7,-1,-1
708,-1,331,99,11,11,0.56,2,-1,-1
708,-1,324,95,10,12,0.32,2,-1,-1
709,-1,170,191,75,112,0.89,7,-1,-1
709,-1,272,238,36,39,0.88,2,-1,-1
709,-1,330,99,11,12,0.53,2,-1,-1
710,-1,160,194,82,122,0.92,7,-1,-1
710,-1,266,248,38,44,0.89,2,-1,-1
710,-1,324,96,11,12,0.44,2,-1,-1
711,-1,153,199,86,127,0.92,7,-1,-1
711,-1,262,256,40,46,0.90,2,-1,-1
711,-1,329,100,12,13,0.52,2,-1,-1
712,-1,143,206,89,134,0.92,7,-1,-1
712,-1,256,271,42,49,0.88,2,-1,-1
712,-1,328,101,13,14,0.50,2,-1,-1
713,-1,134,209,94,142,0.92,7,-1,-1
713,-1,251,282,44,52,0.89,2,-1,-1
713,-1,328,101,13,14,0.54,2,-1,-1
714,-1,122,217,102,152,0.92,7,-1,-1
714,-1,244,300,48,58,0.90,2,-1,-1
714,-1,328,102,13,14,0.59,2,-1,-1
715,-1,114,222,106,161,0.92,7,-1,-1
715,-1,237,316,51,60,0.90,2,-1,-1
715,-1,326,102,14,15,0.59,2,-1,-1
716,-1,100,230,113,176,0.93,7,-1,-1
716,-1,226,340,55,66,0.92,2,-1,-1
716,-1,327,103,14,15,0.69,2,-1,-1
717,-1,218,354,58,76,0.91,2,-1,-1
717,-1,91,237,120,186,0.91,7,-1,-1
717,-1,327,103,14,15,0.70,2,-1,-1
718,-1,80,243,123,197,0.91,7,-1,-1
718,-1,208,378,64,81,0.91,2,-1,-1
718,-1,326,105,14,15,0.74,2,-1,-1
719,-1,191,414,72,92,0.92,2,-1,-1
719,-1,61,254,134,216,0.90,7,-1,-1
719,-1,326,105,14,16,0.78,2,-1,-1
720,-1,38,266,145,239,0.88,7,-1,-1
720,-1,326,105,14,17,0.79,2,-1,-1
721,-1,22,271,159,256,0.89,7,-1,-1
721,-1,326,105,14,18,0.80,2,-1,-1
722,-1,325,106,14,19,0.75,2,-1,-1
723,-1,325,108,14,19,0.77,2,-1,-1
724,-1,324,108,15,20,0.78,2,-1,-1
725,-1,324,109,15,21,0.80,2,-1,-1
726,-1,323,107,16,24,0.79,2,-1,-1
727,-1,322,107,16,25,0.78,2,-1,-1
728,-1,322,107,16,26,0.82,2,-1,-1
729,-1,322,108,16,27,0.80,2,-1,-1
730,-1,322,111,16,26,0.82,2,-1,-1
731,-1,321,111,16,26,0.82,2,-1,-1
732,-1,321,110,16,28,0.80,2,-1,-1
733,-1,320,114,16,28,0.79,2,-1,-1
734,-1,320,119,17,25,0.79,2,-1,-1
735,-1,319,125,17,20,0.82,2,-1,-1
735,-1,321,112,14,14,0.53,2,-1,-1
736,-1,318,127,18,21,0.81,2,-1,-1
736,-1,321,113,14,14,0.66,2,-1,-1
737,-1,318,126,18,24,0.80,2,-1,-1
737,-1,320,114,16,15,0.26,2,-1,-1
738,-1,316,130,19,22,0.82,2,-1,-1
738,-1,320,114,14,15,0.49,2,-1,-1
739,-1,315,131,20,23,0.83,2,-1,-1
739,-1,320,116,14,15,0.67,2,-1,-1
740,-1,314,135,20,22,0.83,2,-1,-1
740,-1,320,116,14,16,0.82,2,-1,-1
741,-1,313,136,20,24,0.83,2,-1,-1
741,-1,320,117,14,16,0.81,2,-1,-1
742,-1,319,118,15,16,0.85,2,-1,-1
742,-1,312,142,20,22,0.84,2,-1,-1
743,-1,319,119,15,16,0.85,2,-1,-1
743,-1,312,145,20,21,0.84,2,-1,-1
744,-1,318,120,15,17,0.87,2,-1,-1
744,-1,310,148,20,21,0.86,2,-1,-1
745,-1,318,122,15,16,0.88,2,-1,-1
745,-1,308,150,21,22,0.86,2,-1,-1
746,-1,318,123,15,17,0.87,2,-1,-1
746,-1,306,155,22,22,0.86,2,-1,-1
747,-1,318,124,15,17,0.86,2,-1,-1
747,-1,305,157,22,23,0.85,2,-1,-1
748,-1,304,162,22,23,0.87,2,-1,-1
748,-1,316,125,16,17,0.86,2,-1,-1
749,-1,302,164,23,24,0.87,2,-1,-1
749,-1,316,126,16,18,0.87,2,-1,-1
750,-1,300,169,24,24,0.89,2,-1,-1
750,-1,315,127,17,19,0.87,2,-1,-1
751,-1,298,172,24,26,0.87,2,-1,-1
751,-1,315,129,17,19,0.86,2,-1,-1
752,-1,296,178,25,26,0.87,2,-1,-1
752,-1,314,130,17,20,0.85,2,-1,-1
753,-1,294,182,26,27,0.86,2,-1,-1
753,-1,313,131,18,20,0.85,2,-1,-1
754,-1,292,186,27,28,0.88,2,-1,-1
754,-1,312,133,18,20,0.86,2,-1,-1
755,-1,288,193,28,28,0.87,2,-1,-1
755,-1,312,134,18,21,0.85,2,-1,-1
756,-1,284,200,30,31,0.88,2,-1,-1
756,-1,311,137,18,21,0.84,2,-1,-1
757,-1,282,206,30,32,0.87,2,-1,-1
757,-1,310,138,19,21,0.85,2,-1,-1
758,-1,278,216,31,32,0.88,2,-1,-1
758,-1,309,141,19,22,0.87,2,-1,-1
759,-1,274,222,33,36,0.88,2,-1,-1
759,-1,308,142,20,22,0.87,2,-1,-1
759,-1,322,94,9,8,0.24,2,-1,-1
760,-1,270,230,35,36,0.87,2,-1,-1
760,-1,307,144,20,23,0.85,2,-1,-1
760,-1,322,94,9,9,0.23,2,-1,-1
761,-1,264,242,37,39,0.89,2,-1,-1
761,-1,306,146,20,23,0.86,2,-1,-1
761,-1,322,95,9,9,0.35,2,-1,-1
762,-1,257,256,40,42,0.89,2,-1,-1
762,-1,304,149,20,24,0.86,2,-1,-1
762,-1,322,96,9,10,0.54,2,-1,-1
763,-1,252,266,42,46,0.90,2,-1,-1
763,-1,304,150,21,25,0.85,2,-1,-1
763,-1,322,96,9,10,0.54,2,-1,-1
764,-1,242,286,46,51,0.89,2,-1,-1
764,-1,302,153,21,25,0.87,2,-1,-1
764,-1,322,96,9,10,0.45,2,-1,-1
765,-1,230,306,51,59,0.90,2,-1,-1
765,-1,300,158,22,25,0.87,2,-1,-1
765,-1,320,96,10,10,0.57,2,-1,-1
765,-1,335,88,8,8,0.21,2,-1,-1
766,-1,222,322,54,64,0.91,2,-1,-1
766,-1,299,160,22,26,0.87,2,-1,-1
766,-1,320,96,10,10,0.61,2,-1,-1
767,-1,212,340,60,73,0.91,2,-1,-1
767,-1,298,162,23,26,0.87,2,-1,-1
767,-1,320,98,10,11,0.57,2,-1,-1
768,-1,193,376,69,83,0.91,2,-1,-1
768,-1,296,165,23,27,0.85,2,-1,-1
768,-1,319,99,10,11,0.75,2,-1,-1
769,-1,173,420,76,102,0.92,2,-1,-1
769,-1,294,169,24,28,0.87,2,-1,-1
769,-1,318,100,10,11,0.57,2,-1,-1
770,-1,294,173,24,27,0.87,2,-1,-1
770,-1,318,100,10,11,0.67,2,-1,-1
771,-1,291,177,26,28,0.89,2,-1,-1
771,-1,318,101,11,11,0.69,2,-1,-1
771,-1,335,91,9,8,0.13,2,-1,-1
772,-1,290,181,26,28,0.87,2,-1,-1
772,-1,318,102,11,11,0.78,2,-1,-1
773,-1,288,184,26,30,0.87,2,-1,-1
773,-1,317,102,11,11,0.77,2,-1,-1
774,-1,286,188,27,30,0.88,2,-1,-1
774,-1,316,103,12,11,0.76,2,-1,-1
775,-1,284,192,28,32,0.88,2,-1,-1
775,-1,316,103,12,11,0.73,2,-1,-1
776,-1,280,199,29,32,0.88,2,-1,-1
776,-1,316,105,12,11,0.67,2,-1,-1
777,-1,278,203,30,34,0.88,2,-1,-1
777,-1,314,105,12,12,0.74,2,-1,-1
777,-1,335,94,8,8,0.17,2,-1,-1
778,-1,274,210,31,36,0.89,2,-1,-1
778,-1,314,107,12,12,0.67,2,-1,-1
778,-1,334,94,9,9,0.36,2,-1,-1
779,-1,272,216,32,37,0.88,2,-1,-1
779,-1,314,107,12,12,0.68,2,-1,-1
779,-1,334,95,9,9,0.38,2,-1,-1
780,-1,268,224,34,40,0.88,2,-1,-1
780,-1,313,108,12,12,0.82,2,-1,-1
780,-1,334,95,10,10,0.43,2,-1,-1
781,-1,265,227,35,44,0.90,2,-1,-1
781,-1,312,109,12,12,0.83,2,-1,-1
781,-1,334,96,10,10,0.41,2,-1,-1
782,-1,260,239,38,44,0.90,2,-1,-1
782,-1,311,110,12,12,0.84,2,-1,-1
782,-1,332,96,11,10,0.39,2,-1,-1
783,-1,257,246,38,46,0.89,2,-1,-1
783,-1,310,111,12,12,0.82,2,-1,-1
783,-1,332,97,11,10,0.42,2,-1,-1
784,-1,252,254,40,48,0.90,2,-1,-1
784,-1,310,112,12,12,0.83,2,-1,-1
784,-1,332,98,10,10,0.40,2,-1,-1
785,-1,245,266,43,54,0.91,2,-1,-1
785,-1,309,113,13,13,0.84,2,-1,-1
785,-1,332,99,10,10,0.31,2,-1,-1
786,-1,237,280,46,58,0.92,2,-1,-1
786,-1,308,114,14,13,0.85,2,-1,-1
786,-1,332,99,10,10,0.51,2,-1,-1
787,-1,232,292,48,64,0.92,2,-1,-1
787,-1,308,115,14,13,0.85,2,-1,-1
787,-1,331,100,11,10,0.47,2,-1,-1
788,-1,225,306,52,66,0.93,2,-1,-1
788,-1,307,116,14,13,0.85,2,-1,-1
788,-1,331,100,11,10,0.62,2,-1,-1
789,-1,213,328,56,74,0.91,2,-1,-1
789,-1,306,117,14,14,0.82,2,-1,-1
789,-1,330,101,12,10,0.71,2,-1,-1
790,-1,205,344,60,82,0.92,2,-1,-1
790,-1,305,118,15,14,0.81,2,-1,-1
790,-1,330,101,12,10,0.72,2,-1,-1
791,-1,190,373,67,94,0.92,2,-1,-1
791,-1,304,119,15,14,0.83,2,-1,-1
791,-1,330,103,11,10,0.74,2,-1,-1
792,-1,169,412,77,107,0.92,2,-1,-1
792,-1,303,120,14,14,0.84,2,-1,-1
792,-1,330,103,11,11,0.77,2,-1,-1
793,-1,302,123,15,14,0.85,2,-1,-1
793,-1,329,104,12,11,0.73,2,-1,-1
794,-1,300,124,16,14,0.86,2,-1,-1
794,-1,329,105,12,11,0.77,2,-1,-1
795,-1,300,124,16,15,0.86,2,-1,-1
795,-1,329,106,12,11,0.78,2,-1,-1
796,-1,299,126,16,15,0.84,2,-1,-1
796,-1,328,106,12,12,0.82,2,-1,-1
797,-1,298,127,16,16,0.84,2,-1,-1
797,-1,328,107,12,12,0.80,2,-1,-1
798,-1,296,129,16,16,0.84,2,-1,-1
798,-1,328,107,12,12,0.81,2,-1,-1
799,-1,296,130,16,16,0.84,2,-1,-1
799,-1,327,108,12,12,0.81,2,-1,-1
800,-1,294,132,17,16,0.83,2,-1,-1
800,-1,326,110,12,13,0.83,2,-1,-1
801,-1,293,134,16,16,0.84,2,-1,-1
801,-1,326,110,12,13,0.82,2,-1,-1
802,-1,291,135,18,18,0.84,2,-1,-1
802,-1,326,112,13,12,0.76,2,-1,-1
803,-1,290,137,18,18,0.85,2,-1,-1
803,-1,325,112,13,13,0.83,2,-1,-1
804,-1,288,140,18,18,0.84,2,-1,-1
804,-1,324,114,13,13,0.81,2,-1,-1
805,-1,287,143,18,17,0.83,2,-1,-1
805,-1,324,114,14,14,0.80,2,-1,-1
806,-1,286,145,18,17,0.85,2,-1,-1
806,-1,323,115,14,14,0.79,2,-1,-1
807,-1,282,147,20,19,0.85,2,-1,-1
807,-1,322,116,15,15,0.81,2,-1,-1
808,-1,280,149,20,20,0.85,2,-1,-1
808,-1,322,118,15,15,0.80,2,-1,-1
809,-1,279,152,20,19,0.85,2,-1,-1
809,-1,322,119,15,15,0.79,2,-1,-1
810,-1,276,156,20,20,0.85,2,-1,-1
810,-1,321,121,15,14,0.82,2,-1,-1
811,-1,274,158,21,20,0.84,2,-1,-1
811,-1,320,121,16,15,0.84,2,-1,-1
812,-1,272,162,22,21,0.85,2,-1,-1
812,-1,319,122,16,16,0.85,2,-1,-1
813,-1,269,164,22,22,0.87,2,-1,-1
813,-1,319,122,16,16,0.86,2,-1,-1
814,-1,319,124,16,16,0.85,2,-1,-1
814,-1,266,168,22,22,0.84,2,-1,-1
815,-1,263,172,23,22,0.85,2,-1,-1
815,-1,318,126,16,16,0.85,2,-1,-1
816,-1,259,177,24,24,0.87,2,-1,-1
816,-1,316,128,16,16,0.85,2,-1,-1
817,-1,316,129,16,16,0.86,2,-1,-1
817,-1,256,180,24,24,0.85,2,-1,-1
818,-1,254,184,25,26,0.86,2,-1,-1
818,-1,316,132,17,16,0.85,2,-1,-1
819,-1,516,435,78,75,0.92,2,-1,-1
819,-1,248,189,27,28,0.86,2,-1,-1
819,-1,314,133,17,16,0.85,2,-1,-1
820,-1,508,411,70,67,0.91,2,-1,-1
820,-1,244,194,27,28,0.86,2,-1,-1
820,-1,314,134,17,16,0.85,2,-1,-1
821,-1,496,378,62,58,0.91,2,-1,-1
821,-1,239,201,28,30,0.87,2,-1,-1
821,-1,313,135,18,18,0.85,2,-1,-1
822,-1,487,360,58,53,0.90,2,-1,-1
822,-1,234,206,30,31,0.87,2,-1,-1
822,-1,312,136,18,18,0.85,2,-1,-1
823,-1,479,336,50,47,0.90,2,-1,-1
823,-1,226,214,32,33,0.88,2,-1,-1
823,-1,311,139,18,18,0.85,2,-1,-1
824,-1,468,313,47,44,0.90,2,-1,-1
824,-1,219,223,33,36,0.89,2,-1,-1
824,-1,310,142,18,18,0.84,2,-1,-1
825,-1,464,301,44,40,0.91,2,-1,-1
825,-1,212,229,34,38,0.89,2,-1,-1
825,-1,309,145,18,18,0.86,2,-1,-1
826,-1,457,284,40,37,0.89,2,-1,-1
826,-1,202,239,37,42,0.89,2,-1,-1
826,-1,308,147,18,18,0.86,2,-1,-1
827,-1,452,274,39,36,0.90,2,-1,-1
827,-1,195,249,38,44,0.90,2,-1,-1
827,-1,306,148,19,20,0.86,2,-1,-1
828,-1,181,265,42,46,0.90,2,-1,-1
828,-1,446,259,36,34,0.89,2,-1,-1
828,-1,305,152,20,21,0.85,2,-1,-1
829,-1,173,276,45,50,0.90,2,-1,-1
829,-1,442,252,34,32,0.89,2,-1,-1
829,-1,304,153,20,22,0.86,2,-1,-1
830,-1,162,288,48,54,0.90,2,-1,-1
830,-1,439,245,34,30,0.88,2,-1,-1
830,-1,303,158,20,20,0.86,2,-1,-1
831,-1,145,311,52,58,0.92,2,-1,-1
831,-1,434,234,32,28,0.89,2,-1,-1
831,-1,301,161,20,20,0.86,2,-1,-1
832,-1,124,338,59,65,0.93,2,-1,-1
832,-1,430,225,30,28,0.88,2,-1,-1
832,-1,298,164,22,22,0.86,2,-1,-1
833,-1,109,358,63,73,0.92,2,-1,-1
833,-1,428,220,29,26,0.87,2,-1,-1
833,-1,297,167,22,23,0.84,2,-1,-1
834,-1,80,393,71,84,0.92,2,-1,-1
834,-1,424,212,28,26,0.87,2,-1,-1
834,-1,294,174,23,22,0.85,2,-1,-1
835,-1,57,420,78,93,0.93,2,-1,-1
835,-1,294,175,23,24,0.87,2,-1,-1
835,-1,421,208,28,26,0.87,2,-1,-1
836,-1,292,177,24,26,0.89,2,-1,-1
836,-1,420,203,27,24,0.88,2,-1,-1
837,-1,416,196,26,24,0.87,2,-1,-1
837,-1,289,183,24,26,0.86,2,-1,-1
838,-1,414,190,26,23,0.87,2,-1,-1
838,-1,286,189,24,27,0.85,2,-1,-1
839,-1,286,192,25,28,0.87,2,-1,-1
839,-1,413,190,25,22,0.87,2,-1,-1
840,-1,280,200,27,30,0.88,2,-1,-1
840,-1,411,182,22,22,0.87,2,-1,-1
841,-1,278,204,27,32,0.88,2,-1,-1
841,-1,410,180,22,21,0.87,2,-1,-1
842,-1,274,211,30,35,0.88,2,-1,-1
842,-1,408,175,22,20,0.86,2,-1,-1
843,-1,271,218,31,36,0.89,2,-1,-1
843,-1,404,172,22,21,0.88,2,-1,-1
844,-1,266,226,32,38,0.90,2,-1,-1
844,-1,402,167,22,21,0.86,2,-1,-1
845,-1,262,233,34,40,0.89,2,-1,-1
845,-1,402,165,20,20,0.86,2,-1,-1
846,-1,427,442,78,84,0.90,2,-1,-1
846,-1,257,245,35,42,0.90,2,-1,-1
846,-1,400,161,20,20,0.86,2,-1,-1
847,-1,423,415,70,79,0.91,2,-1,-1
847,-1,252,254,38,44,0.90,2,-1,-1
847,-1,400,159,20,20,0.86,2,-1,-1
848,-1,244,268,42,49,0.90,2,-1,-1
848,-1,417,381,63,70,0.90,2,-1,-1
848,-1,399,157,18,18,0.86,2,-1,-1
849,-1,414,359,59,66,0.91,2,-1,-1
849,-1,238,280,44,53,0.90,2,-1,-1
849,-1,398,154,18,18,0.86,2,-1,-1
850,-1,228,300,48,60,0.91,2,-1,-1
850,-1,410,334,53,59,0.90,2,-1,-1
850,-1,396,151,19,20,0.86,2,-1,-1
851,-1,221,315,50,63,0.92,2,-1,-1
851,-1,408,313,50,61,0.90,2,-1,-1
851,-1,395,149,18,20,0.87,2,-1,-1
852,-1,207,340,56,72,0.92,2,-1,-1
852,-1,403,300,47,51,0.90,2,-1,-1
852,-1,394,146,17,18,0.86,2,-1,-1
853,-1,196,361,62,79,0.92,2,-1,-1
853,-1,400,288,45,50,0.90,2,-1,-1
853,-1,393,145,18,18,0.85,2,-1,-1
854,-1,178,396,69,92,0.92,2,-1,-1
854,-1,397,272,42,47,0.90,2,-1,-1
854,-1,392,142,18,18,0.85,2,-1,-1
855,-1,163,426,76,101,0.92,2,-1,-1
855,-1,396,264,40,43,0.90,2,-1,-1
855,-1,392,140,17,18,0.85,2,-1,-1
856,-1,392,251,39,44,0.88,2,-1,-1
856,-1,390,138,18,18,0.86,2,-1,-1
857,-1,392,242,37,43,0.88,2,-1,-1
857,-1,390,136,18,18,0.86,2,-1,-1
858,-1,388,232,36,40,0.88,2,-1,-1
858,-1,389,134,17,18,0.86,2,-1,-1
859,-1,387,226,35,40,0.89,2,-1,-1
859,-1,388,134,16,16,0.86,2,-1,-1
860,-1,385,216,34,42,0.87,2,-1,-1
860,-1,387,132,16,16,0.86,2,-1,-1
861,-1,384,211,33,40,0.88,2,-1,-1
861,-1,386,130,16,16,0.85,2,-1,-1
862,-1,383,207,31,40,0.89,2,-1,-1
862,-1,386,129,16,16,0.85,2,-1,-1
863,-1,381,200,30,37,0.89,2,-1,-1
863,-1,385,127,16,16,0.84,2,-1,-1
864,-1,379,194,30,36,0.88,2,-1,-1
864,-1,384,125,16,16,0.84,2,-1,-1
865,-1,378,190,28,34,0.88,2,-1,-1
865,-1,384,124,16,16,0.85,2,-1,-1
866,-1,378,184,27,33,0.88,2,-1,-1
866,-1,383,123,16,16,0.84,2,-1,-1
867,-1,376,180,27,34,0.88,2,-1,-1
867,-1,383,123,15,15,0.85,2,-1,-1
868,-1,376,175,26,32,0.86,2,-1,-1
868,-1,383,121,14,14,0.85,2,-1,-1
869,-1,374,174,26,30,0.86,2,-1,-1
869,-1,382,120,14,14,0.84,2,-1,-1
870,-1,373,170,25,29,0.87,2,-1,-1
870,-1,382,118,13,14,0.85,2,-1,-1
871,-1,372,167,24,28,0.87,2,-1,-1
871,-1,382,118,13,14,0.85,2,-1,-1
872,-1,372,163,24,28,0.89,2,-1,-1
872,-1,382,118,13,14,0.84,2,-1,-1
873,-1,371,161,24,28,0.87,2,-1,-1
873,-1,380,117,13,14,0.22,2,-1,-1
874,-1,370,158,22,26,0.85,2,-1,-1
874,-1,379,114,13,14,0.80,2,-1,-1
875,-1,370,155,22,26,0.86,2,-1,-1
875,-1,378,113,13,14,0.77,2,-1,-1
876,-1,369,153,22,24,0.85,2,-1,-1
876,-1,378,112,13,13,0.77,2,-1,-1
877,-1,368,151,22,26,0.84,2,-1,-1
877,-1,378,112,13,13,0.76,2,-1,-1
877,-1,336,77,9,11,0.10,2,-1,-1
878,-1,368,148,22,24,0.86,2,-1,-1
878,-1,378,110,13,13,0.67,2,-1,-1
879,-1,368,146,20,24,0.86,2,-1,-1
879,-1,378,110,12,12,0.25,2,-1,-1
880,-1,366,143,20,24,0.84,2,-1,-1
880,-1,376,109,13,12,0.81,2,-1,-1
881,-1,366,141,20,22,0.86,2,-1,-1
881,-1,376,109,13,12,0.80,2,-1,-1
882,-1,366,140,19,22,0.86,2,-1,-1
882,-1,376,108,12,12,0.69,2,-1,-1
883,-1,366,138,18,20,0.84,2,-1,-1
883,-1,376,108,11,12,0.71,2,-1,-1
884,-1,366,136,18,21,0.84,2,-1,-1
884,-1,375,107,11,11,0.71,2,-1,-1
885,-1,366,134,18,21,0.85,2,-1,-1
885,-1,375,106,11,12,0.74,2,-1,-1
886,-1,365,132,17,21,0.86,2,-1,-1
886,-1,374,106,11,11,0.74,2,-1,-1
886,-1,336,83,9,9,0.13,2,-1,-1
887,-1,365,132,16,20,0.85,2,-1,-1
887,-1,374,104,11,11,0.45,2,-1,-1
887,-1,336,84,9,8,0.15,2,-1,-1
888,-1,364,130,16,19,0.86,2,-1,-1
888,-1,374,104,11,11,0.59,2,-1,-1
888,-1,336,84,9,9,0.10,2,-1,-1
889,-1,364,128,16,20,0.87,2,-1,-1
889,-1,374,103,11,11,0.73,2,-1,-1
889,-1,336,84,9,9,0.12,2,-1,-1
890,-1,364,127,16,19,0.87,2,-1,-1
890,-1,373,103,11,11,0.61,2,-1,-1
891,-1,364,126,16,18,0.86,2,-1,-1
891,-1,373,102,11,10,0.64,2,-1,-1
892,-1,414,420,66,70,0.91,2,-1,-1
892,-1,363,125,16,18,0.85,2,-1,-1
892,-1,372,102,11,10,0.59,2,-1,-1
893,-1,410,397,62,64,0.92,2,-1,-1
893,-1,363,123,15,18,0.84,2,-1,-1
893,-1,372,101,11,10,0.28,2,-1,-1
894,-1,405,367,54,55,0.90,2,-1,-1
894,-1,363,122,14,17,0.86,2,-1,-1
894,-1,335,86,10,9,0.25,2,-1,-1
894,-1,372,100,10,10,0.12,2,-1,-1
895,-1,402,348,50,51,0.89,2,-1,-1
895,-1,363,121,14,16,0.85,2,-1,-1
895,-1,334,86,10,9,0.15,2,-1,-1
896,-1,400,334,47,46,0.90,2,-1,-1
896,-1,363,120,14,16,0.83,2,-1,-1
896,-1,335,87,10,10,0.38,2,-1,-1
897,-1,397,316,46,46,0.89,2,-1,-1
897,-1,362,119,14,16,0.82,2,-1,-1
897,-1,335,87,10,9,0.34,2,-1,-1
898,-1,394,297,42,42,0.88,2,-1,-1
898,-1,362,118,14,15,0.82,2,-1,-1
898,-1,335,87,10,9,0.38,2,-1,-1
899,-1,389,282,41,37,0.89,2,-1,-1
899,-1,362,116,14,15,0.82,2,-1,-1
899,-1,334,88,10,10,0.27,2,-1,-1
900,-1,388,271,40,38,0.88,2,-1,-1
900,-1,362,116,14,15,0.82,2,-1,-1
900,-1,334,88,10,10,0.31,2,-1,-1
