1,-1,363,163,20,23,0.91,2,-1,-1
1,-1,297,113,15,21,0.88,7,-1,-1
1,-1,356,102,19,27,0.87,7,-1,-1
2,-1,363,160,20,23,0.91,2,-1,-1
2,-1,297,113,16,22,0.88,7,-1,-1
2,-1,357,102,19,28,0.85,7,-1,-1
3,-1,362,158,19,21,0.89,2,-1,-1
3,-1,297,115,15,21,0.86,7,-1,-1
3,-1,356,101,19,27,0.85,7,-1,-1
4,-1,362,155,18,22,0.90,2,-1,-1
4,-1,296,115,16,21,0.87,7,-1,-1
4,-1,355,101,19,27,0.85,7,-1,-1
5,-1,360,153,18,21,0.91,2,-1,-1
5,-1,355,101,19,27,0.85,7,-1,-1
5,-1,296,117,16,20,0.85,7,-1,-1
6,-1,359,151,17,20,0.90,2,-1,-1
6,-1,296,116,16,22,0.88,7,-1,-1
6,-1,355,101,18,26,0.85,7,-1,-1
7,-1,295,116,16,22,0.90,7,-1,-1
7,-1,359,149,16,19,0.90,2,-1,-1
7,-1,354,101,18,26,0.85,7,-1,-1
7,-1,320,107,8,10,0.31,2,-1,-1
8,-1,295,116,16,22,0.90,7,-1,-1
8,-1,358,147,16,19,0.90,2,-1,-1
8,-1,354,101,18,26,0.85,7,-1,-1
8,-1,320,107,8,10,0.34,2,-1,-1
9,-1,357,146,16,18,0.89,2,-1,-1
9,-1,295,117,16,23,0.87,7,-1,-1
9,-1,355,101,17,25,0.77,7,-1,-1
9,-1,320,108,8,10,0.31,2,-1,-1
10,-1,357,144,16,18,0.89,2,-1,-1
10,-1,294,117,17,23,0.87,7,-1,-1
10,-1,355,101,17,24,0.77,7,-1,-1
10,-1,320,108,8,10,0.35,2,-1,-1
11,-1,356,142,15,18,0.91,2,-1,-1
11,-1,293,117,17,24,0.87,7,-1,-1
11,-1,354,100,17,24,0.74,7,-1,-1
11,-1,320,108,8,9,0.32,2,-1,-1
12,-1,356,141,16,18,0.92,2,-1,-1
12,-1,293,118,17,24,0.88,7,-1,-1
12,-1,354,100,16,24,0.70,7,-1,-1
12,-1,320,108,8,9,0.24,2,-1,-1
13,-1,292,118,18,25,0.90,7,-1,-1
13,-1,355,139,15,17,0.90,2,-1,-1
13,-1,354,99,16,24,0.69,7,-1,-1
13,-1,320,108,9,9,0.27,2,-1,-1
14,-1,291,118,18,25,0.91,7,-1,-1
14,-1,355,137,14,17,0.90,2,-1,-1
14,-1,353,99,16,24,0.80,7,-1,-1
14,-1,320,108,9,9,0.30,2,-1,-1
15,-1,291,118,19,27,0.90,7,-1,-1
15,-1,355,136,14,16,0.88,2,-1,-1
15,-1,353,99,16,23,0.79,7,-1,-1
16,-1,290,118,19,27,0.91,7,-1,-1
16,-1,354,135,14,16,0.88,2,-1,-1
16,-1,353,99,16,23,0.82,7,-1,-1
17,-1,290,120,19,27,0.92,7,-1,-1
17,-1,354,134,14,16,0.87,2,-1,-1
17,-1,353,99,16,22,0.86,7,-1,-1
18,-1,289,120,20,28,0.91,7,-1,-1
18,-1,353,99,16,22,0.86,7,-1,-1
18,-1,353,132,14,15,0.86,2,-1,-1
18,-1,319,108,10,11,0.46,2,-1,-1
18,-1,304,104,13,20,0.10,7,-1,-1
19,-1,288,120,20,28,0.91,7,-1,-1
19,-1,353,132,13,14,0.86,2,-1,-1
19,-1,353,99,16,21,0.86,7,-1,-1
19,-1,319,107,10,11,0.48,2,-1,-1
19,-1,304,104,14,20,0.18,7,-1,-1
20,-1,288,122,20,27,0.92,7,-1,-1
20,-1,352,99,16,22,0.87,7,-1,-1
20,-1,353,131,12,14,0.86,2,-1,-1
20,-1,303,104,14,20,0.76,7,-1,-1
20,-1,319,109,9,10,0.66,2,-1,-1
21,-1,286,122,21,29,0.94,7,-1,-1
21,-1,352,98,16,22,0.87,7,-1,-1
21,-1,352,129,13,14,0.85,2,-1,-1
21,-1,302,105,15,21,0.73,7,-1,-1
21,-1,319,111,8,10,0.66,2,-1,-1
22,-1,286,122,21,30,0.94,7,-1,-1
22,-1,352,98,15,21,0.86,7,-1,-1
22,-1,352,128,13,15,0.85,2,-1,-1
22,-1,302,105,15,21,0.77,7,-1,-1
22,-1,319,111,8,10,0.65,2,-1,-1
23,-1,285,123,22,29,0.94,7,-1,-1
23,-1,352,98,15,21,0.86,7,-1,-1
23,-1,351,127,12,14,0.85,2,-1,-1
23,-1,302,106,14,21,0.81,7,-1,-1
23,-1,318,111,9,10,0.70,2,-1,-1
24,-1,285,124,22,29,0.94,7,-1,-1
24,-1,301,106,15,22,0.85,7,-1,-1
24,-1,351,126,12,14,0.84,2,-1,-1
24,-1,352,98,15,21,0.82,7,-1,-1
24,-1,318,112,9,10,0.70,2,-1,-1
25,-1,283,125,23,30,0.93,7,-1,-1
25,-1,300,107,16,22,0.86,7,-1,-1
25,-1,351,125,12,14,0.85,2,-1,-1
25,-1,352,97,15,21,0.80,7,-1,-1
25,-1,318,112,9,10,0.64,2,-1,-1
26,-1,283,125,22,30,0.93,7,-1,-1
26,-1,350,125,12,14,0.87,2,-1,-1
26,-1,300,107,15,22,0.86,7,-1,-1
26,-1,352,97,15,21,0.80,7,-1,-1
26,-1,318,112,9,10,0.66,2,-1,-1
27,-1,283,125,23,32,0.92,7,-1,-1
27,-1,350,124,12,13,0.85,2,-1,-1
27,-1,300,108,16,22,0.84,7,-1,-1
27,-1,317,113,9,10,0.73,2,-1,-1
27,-1,352,97,14,21,0.48,7,-1,-1
28,-1,281,127,23,31,0.92,7,-1,-1
28,-1,350,123,11,13,0.84,2,-1,-1
28,-1,299,108,15,21,0.83,7,-1,-1
28,-1,317,113,9,10,0.74,2,-1,-1
28,-1,353,97,13,20,0.48,7,-1,-1
29,-1,280,128,23,31,0.93,7,-1,-1
29,-1,299,108,15,21,0.84,7,-1,-1
29,-1,349,122,12,12,0.83,2,-1,-1
29,-1,317,113,9,11,0.77,2,-1,-1
29,-1,352,97,13,20,0.59,7,-1,-1
30,-1,280,128,23,32,0.94,7,-1,-1
30,-1,299,109,15,21,0.84,7,-1,-1
30,-1,348,121,12,14,0.81,2,-1,-1
30,-1,317,113,10,11,0.75,2,-1,-1
30,-1,353,98,12,19,0.23,7,-1,-1
31,-1,279,130,24,32,0.93,7,-1,-1
31,-1,299,109,15,22,0.84,7,-1,-1
31,-1,348,121,11,12,0.82,2,-1,-1
31,-1,317,113,10,11,0.72,2,-1,-1
31,-1,353,98,12,19,0.24,7,-1,-1
32,-1,279,130,24,33,0.93,7,-1,-1
32,-1,348,120,12,12,0.83,2,-1,-1
32,-1,298,111,15,20,0.80,7,-1,-1
32,-1,316,114,10,11,0.74,2,-1,-1
33,-1,278,131,24,34,0.91,7,-1,-1
33,-1,348,119,12,13,0.82,2,-1,-1
33,-1,298,111,15,20,0.81,7,-1,-1
33,-1,316,116,10,11,0.74,2,-1,-1
34,-1,277,132,24,34,0.92,7,-1,-1
34,-1,348,118,11,12,0.85,2,-1,-1
34,-1,298,112,15,20,0.79,7,-1,-1
34,-1,316,116,10,11,0.74,2,-1,-1
35,-1,276,133,24,35,0.93,7,-1,-1
35,-1,347,118,11,12,0.87,2,-1,-1
35,-1,297,111,15,21,0.83,7,-1,-1
35,-1,315,117,10,10,0.75,2,-1,-1
36,-1,275,133,25,36,0.93,7,-1,-1
36,-1,297,111,16,22,0.87,7,-1,-1
36,-1,347,116,11,13,0.82,2,-1,-1
36,-1,315,118,10,11,0.70,2,-1,-1
36,-1,320,111,9,9,0.11,2,-1,-1
37,-1,273,135,26,35,0.93,7,-1,-1
37,-1,296,111,16,23,0.88,7,-1,-1
37,-1,347,116,11,12,0.82,2,-1,-1
37,-1,315,118,10,11,0.68,2,-1,-1
37,-1,320,111,9,9,0.12,2,-1,-1
38,-1,272,135,27,37,0.93,7,-1,-1
38,-1,296,111,17,23,0.88,7,-1,-1
38,-1,347,116,11,12,0.85,2,-1,-1
38,-1,315,117,10,11,0.64,2,-1,-1
39,-1,271,137,27,38,0.93,7,-1,-1
39,-1,295,111,17,24,0.88,7,-1,-1
39,-1,346,115,11,12,0.78,2,-1,-1
39,-1,315,117,10,12,0.55,2,-1,-1
40,-1,270,137,27,40,0.94,7,-1,-1
40,-1,295,112,17,24,0.88,7,-1,-1
40,-1,346,115,11,12,0.78,2,-1,-1
40,-1,315,117,11,12,0.57,2,-1,-1
41,-1,268,139,28,40,0.95,7,-1,-1
41,-1,295,112,17,25,0.88,7,-1,-1
41,-1,346,114,10,12,0.77,2,-1,-1
41,-1,314,118,11,13,0.58,2,-1,-1
41,-1,319,112,9,9,0.38,2,-1,-1
41,-1,351,95,11,18,0.14,7,-1,-1
42,-1,268,140,29,42,0.95,7,-1,-1
42,-1,294,112,17,25,0.88,7,-1,-1
42,-1,345,113,10,12,0.70,2,-1,-1
42,-1,314,119,11,12,0.62,2,-1,-1
42,-1,350,95,11,18,0.26,7,-1,-1
42,-1,319,112,9,9,0.24,2,-1,-1
43,-1,266,141,29,43,0.94,7,-1,-1
43,-1,294,114,17,24,0.89,7,-1,-1
43,-1,313,120,11,12,0.74,2,-1,-1
43,-1,346,113,10,12,0.70,2,-1,-1
43,-1,350,95,11,17,0.17,7,-1,-1
43,-1,319,113,9,9,0.12,2,-1,-1
44,-1,265,143,30,43,0.93,7,-1,-1
44,-1,293,114,17,24,0.89,7,-1,-1
44,-1,313,120,11,12,0.75,2,-1,-1
44,-1,345,112,10,11,0.74,2,-1,-1
44,-1,350,95,11,17,0.21,7,-1,-1
44,-1,318,113,11,9,0.19,2,-1,-1
45,-1,263,145,30,45,0.94,7,-1,-1
45,-1,293,116,17,24,0.89,7,-1,-1
45,-1,313,122,11,11,0.78,2,-1,-1
45,-1,345,112,10,11,0.68,2,-1,-1
45,-1,317,114,11,10,0.17,2,-1,-1
45,-1,351,95,11,17,0.12,7,-1,-1
46,-1,262,145,31,46,0.95,7,-1,-1
46,-1,293,116,17,24,0.89,7,-1,-1
46,-1,313,122,12,12,0.76,2,-1,-1
46,-1,345,112,10,11,0.67,2,-1,-1
46,-1,317,115,11,10,0.30,2,-1,-1
46,-1,350,95,11,17,0.12,7,-1,-1
47,-1,260,147,32,46,0.95,7,-1,-1
47,-1,292,116,17,25,0.90,7,-1,-1
47,-1,313,123,11,12,0.86,2,-1,-1
47,-1,345,111,9,11,0.77,2,-1,-1
47,-1,317,115,11,10,0.56,2,-1,-1
47,-1,351,94,11,17,0.24,7,-1,-1
48,-1,259,148,32,48,0.95,7,-1,-1
48,-1,292,116,18,25,0.90,7,-1,-1
48,-1,313,123,12,12,0.85,2,-1,-1
48,-1,344,111,9,11,0.76,2,-1,-1
48,-1,350,94,11,17,0.22,7,-1,-1
49,-1,257,150,34,51,0.95,7,-1,-1
49,-1,291,116,18,26,0.89,7,-1,-1
49,-1,312,124,12,12,0.80,2,-1,-1
49,-1,345,111,9,9,0.78,2,-1,-1
49,-1,318,116,10,10,0.72,2,-1,-1
49,-1,350,94,11,17,0.10,7,-1,-1
50,-1,256,151,34,51,0.95,7,-1,-1
50,-1,291,117,19,25,0.89,7,-1,-1
50,-1,312,125,12,13,0.86,2,-1,-1
50,-1,345,110,9,10,0.80,2,-1,-1
50,-1,318,117,10,9,0.71,2,-1,-1
50,-1,350,94,10,17,0.11,7,-1,-1
51,-1,254,154,35,53,0.96,7,-1,-1
51,-1,290,119,19,25,0.89,7,-1,-1
51,-1,311,125,12,13,0.87,2,-1,-1
51,-1,344,110,9,10,0.74,2,-1,-1
51,-1,316,117,11,10,0.61,2,-1,-1
52,-1,251,155,37,54,0.94,7,-1,-1
52,-1,290,119,19,26,0.89,7,-1,-1
52,-1,311,125,13,14,0.79,2,-1,-1
52,-1,344,110,9,10,0.74,2,-1,-1
52,-1,316,118,12,10,0.58,2,-1,-1
53,-1,248,158,39,56,0.94,7,-1,-1
53,-1,289,119,19,27,0.89,7,-1,-1
53,-1,312,125,13,14,0.82,2,-1,-1
53,-1,344,109,9,10,0.69,2,-1,-1
53,-1,349,93,12,17,0.32,7,-1,-1
54,-1,247,159,39,57,0.94,7,-1,-1
54,-1,289,120,19,27,0.89,7,-1,-1
54,-1,311,126,12,14,0.83,2,-1,-1
54,-1,343,108,9,11,0.67,2,-1,-1
54,-1,349,93,12,17,0.12,7,-1,-1
55,-1,244,162,42,60,0.94,7,-1,-1
55,-1,289,121,19,27,0.89,7,-1,-1
55,-1,311,128,12,13,0.86,2,-1,-1
55,-1,344,108,8,10,0.67,2,-1,-1
55,-1,316,119,12,10,0.58,2,-1,-1
55,-1,349,93,12,17,0.27,7,-1,-1
55,-1,300,109,14,21,0.26,7,-1,-1
56,-1,242,163,43,61,0.94,7,-1,-1
56,-1,288,121,19,27,0.90,7,-1,-1
56,-1,311,128,12,13,0.86,2,-1,-1
56,-1,343,107,9,11,0.66,2,-1,-1
56,-1,316,120,12,10,0.56,2,-1,-1
56,-1,300,108,13,20,0.20,7,-1,-1
57,-1,239,166,44,64,0.94,7,-1,-1
57,-1,287,121,20,28,0.89,7,-1,-1
57,-1,311,130,12,13,0.87,2,-1,-1
57,-1,343,107,8,10,0.62,2,-1,-1
57,-1,316,120,11,10,0.51,2,-1,-1
58,-1,237,168,45,66,0.95,7,-1,-1
58,-1,287,121,20,29,0.90,7,-1,-1
58,-1,310,131,12,13,0.87,2,-1,-1
58,-1,343,107,8,10,0.62,2,-1,-1
58,-1,316,120,11,11,0.53,2,-1,-1
59,-1,233,172,47,69,0.95,7,-1,-1
59,-1,310,131,13,14,0.89,2,-1,-1
59,-1,286,122,21,29,0.89,7,-1,-1
59,-1,316,122,12,10,0.65,2,-1,-1
59,-1,343,107,8,9,0.57,2,-1,-1
59,-1,349,96,10,14,0.14,7,-1,-1
60,-1,230,174,49,71,0.96,7,-1,-1
60,-1,310,131,13,14,0.89,2,-1,-1
60,-1,286,123,21,29,0.88,7,-1,-1
60,-1,315,122,12,10,0.64,2,-1,-1
60,-1,343,106,8,10,0.58,2,-1,-1
61,-1,226,177,50,75,0.95,7,-1,-1
61,-1,285,123,21,30,0.88,7,-1,-1
61,-1,309,133,13,13,0.86,2,-1,-1
61,-1,316,123,12,9,0.70,2,-1,-1
61,-1,343,105,8,10,0.65,2,-1,-1
62,-1,223,179,52,77,0.95,7,-1,-1
62,-1,284,123,21,30,0.89,7,-1,-1
62,-1,309,134,13,13,0.87,2,-1,-1
62,-1,316,123,12,9,0.68,2,-1,-1
62,-1,342,105,8,10,0.65,2,-1,-1
62,-1,296,112,16,22,0.15,7,-1,-1
63,-1,218,183,55,82,0.95,7,-1,-1
63,-1,284,124,21,32,0.89,7,-1,-1
63,-1,309,136,13,13,0.86,2,-1,-1
63,-1,315,124,12,10,0.67,2,-1,-1
63,-1,342,105,8,9,0.41,2,-1,-1
64,-1,214,186,58,85,0.96,7,-1,-1
64,-1,283,124,21,32,0.90,7,-1,-1
64,-1,309,137,13,13,0.86,2,-1,-1
64,-1,314,125,12,10,0.64,2,-1,-1
64,-1,343,105,7,8,0.33,2,-1,-1
65,-1,208,190,62,90,0.95,7,-1,-1
65,-1,282,126,22,32,0.91,7,-1,-1
65,-1,308,139,13,12,0.85,2,-1,-1
65,-1,314,125,12,11,0.69,2,-1,-1
65,-1,343,105,7,8,0.35,2,-1,-1
66,-1,203,193,67,94,0.96,7,-1,-1
66,-1,282,126,22,33,0.91,7,-1,-1
66,-1,308,139,14,13,0.83,2,-1,-1
66,-1,294,115,17,22,0.81,7,-1,-1
66,-1,314,126,12,11,0.70,2,-1,-1
66,-1,343,105,7,8,0.38,2,-1,-1
67,-1,198,198,68,100,0.96,7,-1,-1
67,-1,280,127,23,33,0.91,7,-1,-1
67,-1,293,115,17,23,0.83,7,-1,-1
67,-1,308,140,13,13,0.83,2,-1,-1
67,-1,314,127,12,10,0.72,2,-1,-1
67,-1,342,104,7,8,0.39,2,-1,-1
68,-1,191,202,73,105,0.96,7,-1,-1
68,-1,279,128,22,33,0.92,7,-1,-1
68,-1,293,115,17,23,0.84,7,-1,-1
68,-1,307,141,14,14,0.84,2,-1,-1
68,-1,314,127,12,11,0.75,2,-1,-1
68,-1,342,104,7,8,0.40,2,-1,-1
69,-1,183,208,76,113,0.96,7,-1,-1
69,-1,279,129,23,34,0.91,7,-1,-1
69,-1,307,142,14,15,0.84,2,-1,-1
69,-1,292,117,17,23,0.84,7,-1,-1
69,-1,314,128,12,12,0.79,2,-1,-1
69,-1,342,104,7,8,0.37,2,-1,-1
70,-1,177,212,81,119,0.96,7,-1,-1
70,-1,278,130,23,34,0.92,7,-1,-1
70,-1,306,143,14,15,0.85,2,-1,-1
70,-1,292,117,18,24,0.84,7,-1,-1
70,-1,313,128,12,12,0.75,2,-1,-1
70,-1,342,104,7,8,0.38,2,-1,-1
71,-1,167,218,87,129,0.96,7,-1,-1
71,-1,276,131,24,35,0.92,7,-1,-1
71,-1,291,118,18,24,0.87,7,-1,-1
71,-1,306,145,14,15,0.82,2,-1,-1
71,-1,313,129,13,12,0.76,2,-1,-1
71,-1,342,103,7,8,0.44,2,-1,-1
72,-1,160,223,91,136,0.96,7,-1,-1
72,-1,276,131,24,36,0.92,7,-1,-1
72,-1,291,118,19,24,0.88,7,-1,-1
72,-1,306,146,15,15,0.84,2,-1,-1
72,-1,313,129,13,13,0.78,2,-1,-1
72,-1,342,103,7,9,0.45,2,-1,-1
73,-1,148,232,99,148,0.97,7,-1,-1
73,-1,274,133,24,36,0.92,7,-1,-1
73,-1,291,118,18,24,0.89,7,-1,-1
73,-1,305,148,14,15,0.85,2,-1,-1
73,-1,313,130,13,13,0.83,2,-1,-1
73,-1,342,103,7,9,0.50,2,-1,-1
74,-1,139,237,105,159,0.95,7,-1,-1
74,-1,273,133,25,37,0.92,7,-1,-1
74,-1,291,118,18,25,0.89,7,-1,-1
74,-1,312,131,13,13,0.88,2,-1,-1
74,-1,305,149,15,15,0.87,2,-1,-1
74,-1,341,103,7,9,0.46,2,-1,-1
75,-1,122,246,117,175,0.96,7,-1,-1
75,-1,272,135,25,38,0.93,7,-1,-1
75,-1,312,132,13,13,0.90,2,-1,-1
75,-1,290,118,18,26,0.88,7,-1,-1
75,-1,304,151,15,15,0.87,2,-1,-1
75,-1,342,103,7,8,0.25,2,-1,-1
76,-1,111,253,125,188,0.96,7,-1,-1
76,-1,271,135,26,39,0.93,7,-1,-1
76,-1,312,132,13,14,0.90,2,-1,-1
76,-1,290,118,18,26,0.88,7,-1,-1
76,-1,304,152,15,16,0.86,2,-1,-1
76,-1,342,103,7,8,0.25,2,-1,-1
77,-1,91,264,139,210,0.96,7,-1,-1
77,-1,270,137,26,39,0.93,7,-1,-1
77,-1,290,120,17,26,0.88,7,-1,-1
77,-1,303,154,15,16,0.87,2,-1,-1
77,-1,311,133,13,14,0.87,2,-1,-1
78,-1,78,272,147,226,0.96,7,-1,-1
78,-1,269,137,26,40,0.92,7,-1,-1
78,-1,289,120,18,26,0.89,7,-1,-1
78,-1,303,156,15,16,0.89,2,-1,-1
78,-1,311,135,13,13,0.85,2,-1,-1
79,-1,54,285,165,251,0.95,7,-1,-1
79,-1,267,138,27,42,0.92,7,-1,-1
79,-1,288,121,18,26,0.90,7,-1,-1
79,-1,302,158,15,16,0.89,2,-1,-1
79,-1,311,136,14,13,0.87,2,-1,-1
80,-1,36,296,177,242,0.95,7,-1,-1
80,-1,267,139,27,42,0.93,7,-1,-1
80,-1,301,159,16,17,0.90,2,-1,-1
80,-1,288,121,18,27,0.89,7,-1,-1
80,-1,310,137,14,13,0.88,2,-1,-1
80,-1,455,524,97,15,0.33,2,-1,-1
81,-1,2,312,200,227,0.96,7,-1,-1
81,-1,432,467,92,71,0.94,2,-1,-1
81,-1,265,141,28,43,0.93,7,-1,-1
81,-1,287,123,19,26,0.90,7,-1,-1
81,-1,300,161,17,18,0.89,2,-1,-1
81,-1,309,138,14,13,0.87,2,-1,-1
81,-1,339,101,8,9,0.11,7,-1,-1
82,-1,1,325,195,214,0.96,7,-1,-1
82,-1,428,435,79,87,0.95,2,-1,-1
82,-1,264,143,28,43,0.93,7,-1,-1
82,-1,287,123,18,26,0.91,7,-1,-1
82,-1,299,163,17,18,0.89,2,-1,-1
82,-1,309,139,14,13,0.89,2,-1,-1
82,-1,339,101,8,9,0.10,7,-1,-1
83,-1,2,348,183,191,0.96,7,-1,-1
83,-1,416,394,72,74,0.95,2,-1,-1
83,-1,262,144,29,44,0.94,7,-1,-1
83,-1,286,123,19,27,0.90,7,-1,-1
83,-1,298,165,18,18,0.90,2,-1,-1
83,-1,308,141,14,13,0.88,2,-1,-1
84,-1,3,365,173,174,0.96,7,-1,-1
84,-1,261,144,29,46,0.94,7,-1,-1
84,-1,412,369,64,69,0.94,2,-1,-1
84,-1,298,167,18,19,0.90,2,-1,-1
84,-1,286,123,19,27,0.90,7,-1,-1
84,-1,308,142,15,13,0.87,2,-1,-1
84,-1,339,101,8,9,0.16,7,-1,-1
85,-1,2,394,158,145,0.95,7,-1,-1
85,-1,403,339,59,61,0.95,2,-1,-1
85,-1,259,146,30,48,0.93,7,-1,-1
85,-1,297,170,18,19,0.90,2,-1,-1
85,-1,285,124,19,28,0.90,7,-1,-1
85,-1,308,144,15,14,0.87,2,-1,-1
85,-1,339,100,8,10,0.40,7,-1,-1
86,-1,2,418,146,121,0.96,7,-1,-1
86,-1,399,322,54,57,0.94,2,-1,-1
86,-1,258,147,29,48,0.93,7,-1,-1
86,-1,296,172,19,19,0.92,2,-1,-1
86,-1,284,124,20,28,0.89,7,-1,-1
86,-1,308,146,15,13,0.87,2,-1,-1
86,-1,339,100,8,10,0.39,7,-1,-1
87,-1,2,457,127,82,0.94,7,-1,-1
87,-1,396,298,47,53,0.94,2,-1,-1
87,-1,256,150,30,49,0.93,7,-1,-1
87,-1,295,175,20,20,0.92,2,-1,-1
87,-1,307,147,15,15,0.90,2,-1,-1
87,-1,283,125,21,28,0.90,7,-1,-1
87,-1,339,100,8,10,0.46,7,-1,-1
88,-1,256,151,30,50,0.94,7,-1,-1
88,-1,2,489,110,50,0.93,7,-1,-1
88,-1,392,286,45,48,0.93,2,-1,-1
88,-1,293,177,20,21,0.93,2,-1,-1
88,-1,282,126,21,29,0.91,7,-1,-1
88,-1,306,148,16,15,0.89,2,-1,-1
88,-1,338,99,8,10,0.59,7,-1,-1
89,-1,253,153,32,51,0.95,7,-1,-1
89,-1,387,269,42,45,0.94,2,-1,-1
89,-1,281,127,22,29,0.93,7,-1,-1
89,-1,292,181,21,21,0.92,2,-1,-1
89,-1,305,150,16,14,0.88,2,-1,-1
89,-1,338,98,8,10,0.68,7,-1,-1
90,-1,384,258,40,43,0.95,2,-1,-1
90,-1,251,154,33,53,0.94,7,-1,-1
90,-1,281,127,22,29,0.93,7,-1,-1
90,-1,291,183,21,22,0.92,2,-1,-1
90,-1,305,151,15,15,0.89,2,-1,-1
90,-1,338,99,8,10,0.56,7,-1,-1
91,-1,382,246,37,39,0.94,2,-1,-1
91,-1,248,156,34,55,0.93,7,-1,-1
91,-1,280,128,22,30,0.92,7,-1,-1
91,-1,289,187,22,24,0.92,2,-1,-1
91,-1,305,153,15,15,0.91,2,-1,-1
91,-1,338,99,8,10,0.50,7,-1,-1
92,-1,247,158,34,56,0.94,7,-1,-1
92,-1,380,238,35,37,0.94,2,-1,-1
92,-1,280,129,23,30,0.93,7,-1,-1
92,-1,288,190,23,24,0.92,2,-1,-1
92,-1,304,154,15,16,0.90,2,-1,-1
92,-1,337,98,7,10,0.54,7,-1,-1
93,-1,377,226,32,35,0.93,2,-1,-1
93,-1,279,129,23,31,0.93,7,-1,-1
93,-1,286,194,24,25,0.93,2,-1,-1
93,-1,244,160,35,57,0.92,7,-1,-1
93,-1,303,157,16,16,0.89,2,-1,-1
94,-1,284,197,25,26,0.93,2,-1,-1
94,-1,375,219,32,35,0.93,2,-1,-1
94,-1,242,162,36,58,0.92,7,-1,-1
94,-1,279,130,22,31,0.92,7,-1,-1
94,-1,302,159,17,15,0.90,2,-1,-1
94,-1,303,105,11,15,0.51,7,-1,-1
95,-1,240,165,37,60,0.94,7,-1,-1
95,-1,282,203,26,27,0.94,2,-1,-1
95,-1,278,130,23,32,0.93,7,-1,-1
95,-1,373,212,30,32,0.93,2,-1,-1
95,-1,302,161,17,16,0.90,2,-1,-1
95,-1,303,105,12,15,0.56,7,-1,-1
96,-1,238,167,37,62,0.95,7,-1,-1
96,-1,371,206,30,31,0.94,2,-1,-1
96,-1,282,206,26,27,0.94,2,-1,-1
96,-1,277,130,23,33,0.93,7,-1,-1
96,-1,301,162,18,16,0.89,2,-1,-1
96,-1,303,104,12,15,0.59,7,-1,-1
97,-1,234,170,39,64,0.95,7,-1,-1
97,-1,280,211,26,30,0.94,2,-1,-1
97,-1,276,131,24,34,0.93,7,-1,-1
97,-1,369,199,27,30,0.93,2,-1,-1
97,-1,300,164,18,18,0.91,2,-1,-1
97,-1,303,105,12,16,0.76,7,-1,-1
98,-1,232,172,40,66,0.94,7,-1,-1
98,-1,278,216,27,31,0.94,2,-1,-1
98,-1,276,132,24,33,0.94,7,-1,-1
98,-1,367,195,26,29,0.93,2,-1,-1
98,-1,300,166,18,18,0.91,2,-1,-1
98,-1,303,105,12,16,0.77,7,-1,-1
98,-1,336,97,7,11,0.11,7,-1,-1
99,-1,274,223,30,32,0.96,2,-1,-1
99,-1,228,174,42,70,0.95,7,-1,-1
99,-1,275,133,24,34,0.94,7,-1,-1
99,-1,365,190,27,27,0.92,2,-1,-1
99,-1,298,169,20,19,0.89,2,-1,-1
99,-1,302,105,13,16,0.78,7,-1,-1
100,-1,225,177,44,71,0.95,7,-1,-1
100,-1,275,134,24,35,0.94,7,-1,-1
100,-1,272,228,31,34,0.94,2,-1,-1
100,-1,365,186,23,26,0.91,2,-1,-1
100,-1,297,172,20,18,0.90,2,-1,-1
100,-1,302,105,13,16,0.79,7,-1,-1
101,-1,270,236,31,36,0.96,2,-1,-1
101,-1,222,181,45,74,0.94,7,-1,-1
101,-1,274,135,24,35,0.93,7,-1,-1
101,-1,363,181,23,25,0.93,2,-1,-1
101,-1,296,175,20,19,0.91,2,-1,-1
101,-1,302,106,13,16,0.78,7,-1,-1
102,-1,267,241,33,38,0.95,2,-1,-1
102,-1,219,183,47,76,0.95,7,-1,-1
102,-1,271,135,27,36,0.94,7,-1,-1
102,-1,362,177,24,25,0.91,2,-1,-1
102,-1,296,177,20,20,0.90,2,-1,-1
102,-1,303,108,12,14,0.39,7,-1,-1
103,-1,264,251,34,40,0.96,2,-1,-1
103,-1,214,188,47,80,0.94,7,-1,-1
103,-1,270,136,27,37,0.94,7,-1,-1
103,-1,294,181,22,21,0.92,2,-1,-1
103,-1,360,174,23,23,0.90,2,-1,-1
103,-1,302,107,13,14,0.47,7,-1,-1
104,-1,260,258,36,42,0.96,2,-1,-1
104,-1,210,191,50,83,0.95,7,-1,-1
104,-1,270,136,28,38,0.94,7,-1,-1
104,-1,293,183,21,21,0.91,2,-1,-1
104,-1,359,171,22,23,0.90,2,-1,-1
104,-1,302,107,13,14,0.50,7,-1,-1
105,-1,254,270,39,45,0.94,2,-1,-1
105,-1,206,195,52,88,0.94,7,-1,-1
105,-1,268,138,29,38,0.94,7,-1,-1
105,-1,291,187,22,23,0.93,2,-1,-1
105,-1,358,167,22,22,0.89,2,-1,-1
105,-1,302,108,13,14,0.36,7,-1,-1
106,-1,201,199,56,91,0.95,7,-1,-1
106,-1,252,279,40,47,0.94,2,-1,-1
106,-1,268,138,29,39,0.94,7,-1,-1
106,-1,290,190,23,24,0.93,2,-1,-1
106,-1,357,164,22,23,0.90,2,-1,-1
106,-1,302,108,13,14,0.41,7,-1,-1
107,-1,194,205,61,96,0.95,7,-1,-1
107,-1,266,138,30,41,0.94,7,-1,-1
107,-1,246,293,42,52,0.94,2,-1,-1
107,-1,288,194,25,24,0.92,2,-1,-1
107,-1,356,162,20,21,0.91,2,-1,-1
107,-1,301,109,13,15,0.62,7,-1,-1
108,-1,190,209,62,99,0.95,7,-1,-1
108,-1,241,304,45,55,0.94,2,-1,-1
108,-1,266,140,30,39,0.93,7,-1,-1
108,-1,287,198,25,25,0.92,2,-1,-1
108,-1,356,160,20,19,0.90,2,-1,-1
108,-1,301,109,13,15,0.50,7,-1,-1
109,-1,181,215,67,106,0.95,7,-1,-1
109,-1,231,322,50,62,0.95,2,-1,-1
109,-1,265,142,30,41,0.93,7,-1,-1
109,-1,286,202,25,27,0.92,2,-1,-1
109,-1,354,158,18,18,0.91,2,-1,-1
109,-1,301,109,13,15,0.70,7,-1,-1
110,-1,176,219,69,111,0.96,7,-1,-1
110,-1,224,335,55,66,0.95,2,-1,-1
110,-1,284,206,26,28,0.93,2,-1,-1
110,-1,265,142,31,42,0.92,7,-1,-1
110,-1,353,156,18,18,0.90,2,-1,-1
110,-1,301,109,13,15,0.69,7,-1,-1
111,-1,167,226,74,119,0.96,7,-1,-1
111,-1,217,359,57,74,0.95,2,-1,-1
111,-1,282,211,27,30,0.94,2,-1,-1
111,-1,263,143,32,42,0.93,7,-1,-1
111,-1,353,152,18,18,0.88,2,-1,-1
111,-1,301,110,13,15,0.65,7,-1,-1
112,-1,161,232,79,124,0.96,7,-1,-1
112,-1,281,216,27,31,0.94,2,-1,-1
112,-1,210,377,60,81,0.94,2,-1,-1
112,-1,261,144,33,43,0.93,7,-1,-1
112,-1,353,150,17,18,0.89,2,-1,-1
112,-1,300,111,14,15,0.69,7,-1,-1
113,-1,150,239,83,135,0.96,7,-1,-1
113,-1,197,408,67,93,0.96,2,-1,-1
113,-1,279,224,28,31,0.95,2,-1,-1
113,-1,261,146,33,43,0.95,7,-1,-1
113,-1,352,148,17,17,0.88,2,-1,-1
113,-1,300,111,14,15,0.72,7,-1,-1
114,-1,141,246,88,143,0.96,7,-1,-1
114,-1,186,433,73,100,0.95,2,-1,-1
114,-1,276,228,30,34,0.94,2,-1,-1
114,-1,260,146,34,44,0.94,7,-1,-1
114,-1,351,147,17,17,0.88,2,-1,-1
114,-1,300,111,14,15,0.70,7,-1,-1
115,-1,129,256,97,154,0.96,7,-1,-1
115,-1,273,236,32,36,0.95,2,-1,-1
115,-1,258,148,34,46,0.93,7,-1,-1
115,-1,174,477,76,62,0.93,2,-1,-1
115,-1,351,145,16,17,0.88,2,-1,-1
115,-1,299,111,14,16,0.72,7,-1,-1
116,-1,118,264,102,163,0.96,7,-1,-1
116,-1,272,243,33,37,0.96,2,-1,-1
116,-1,258,148,34,47,0.93,7,-1,-1
116,-1,171,513,70,26,0.89,2,-1,-1
116,-1,351,143,16,16,0.88,2,-1,-1
116,-1,299,111,14,17,0.78,7,-1,-1
116,-1,319,101,7,8,0.16,2,-1,-1
117,-1,102,277,109,178,0.97,7,-1,-1
117,-1,268,253,35,39,0.95,2,-1,-1
117,-1,257,149,35,49,0.94,7,-1,-1
117,-1,350,141,16,16,0.89,2,-1,-1
117,-1,299,111,14,17,0.78,7,-1,-1
117,-1,319,101,7,8,0.13,2,-1,-1
118,-1,90,286,117,191,0.96,7,-1,-1
118,-1,265,260,36,43,0.94,2,-1,-1
118,-1,256,151,34,49,0.93,7,-1,-1
118,-1,350,139,16,16,0.89,2,-1,-1
118,-1,299,110,15,19,0.85,7,-1,-1
119,-1,69,301,129,211,0.97,7,-1,-1
119,-1,260,272,39,46,0.95,2,-1,-1
119,-1,255,152,34,51,0.94,7,-1,-1
119,-1,350,138,15,15,0.87,2,-1,-1
119,-1,298,110,15,19,0.84,7,-1,-1
120,-1,58,313,133,224,0.96,7,-1,-1
120,-1,258,282,40,48,0.94,2,-1,-1
120,-1,252,153,36,52,0.94,7,-1,-1
120,-1,349,137,15,15,0.86,2,-1,-1
120,-1,298,110,15,19,0.85,7,-1,-1
121,-1,33,333,147,206,0.97,7,-1,-1
121,-1,253,297,44,53,0.94,2,-1,-1
121,-1,250,156,37,53,0.94,7,-1,-1
121,-1,349,136,14,15,0.85,2,-1,-1
121,-1,298,112,15,18,0.84,7,-1,-1
122,-1,19,349,154,190,0.96,7,-1,-1
122,-1,249,308,47,57,0.95,2,-1,-1
122,-1,249,158,38,52,0.94,7,-1,-1
122,-1,349,135,14,14,0.85,2,-1,-1
122,-1,298,112,15,18,0.84,7,-1,-1
123,-1,242,328,50,62,0.96,2,-1,-1
123,-1,2,374,156,165,0.96,7,-1,-1
123,-1,246,158,39,55,0.94,7,-1,-1
123,-1,348,133,15,15,0.87,2,-1,-1
123,-1,298,112,15,18,0.85,7,-1,-1
124,-1,2,395,148,144,0.96,7,-1,-1
124,-1,236,342,54,67,0.95,2,-1,-1
124,-1,245,159,40,57,0.94,7,-1,-1
124,-1,348,133,14,13,0.87,2,-1,-1
124,-1,297,112,15,19,0.86,7,-1,-1
125,-1,2,430,129,109,0.96,7,-1,-1
125,-1,227,368,60,76,0.95,2,-1,-1
125,-1,243,162,40,58,0.93,7,-1,-1
125,-1,348,131,14,13,0.86,2,-1,-1
125,-1,297,112,15,19,0.86,7,-1,-1
126,-1,221,387,64,83,0.95,2,-1,-1
126,-1,242,163,41,59,0.94,7,-1,-1
126,-1,1,454,114,85,0.92,7,-1,-1
126,-1,297,113,16,19,0.86,7,-1,-1
126,-1,347,130,14,13,0.84,2,-1,-1
127,-1,209,421,71,96,0.96,2,-1,-1
127,-1,240,166,42,61,0.96,7,-1,-1
127,-1,347,130,14,13,0.86,2,-1,-1
127,-1,297,113,15,19,0.85,7,-1,-1
128,-1,238,167,43,63,0.95,7,-1,-1
128,-1,201,446,75,92,0.95,2,-1,-1
128,-1,296,114,15,19,0.85,7,-1,-1
128,-1,347,128,13,13,0.85,2,-1,-1
129,-1,235,169,45,65,0.95,7,-1,-1
129,-1,196,494,75,45,0.93,2,-1,-1
129,-1,347,128,13,13,0.85,2,-1,-1
129,-1,296,115,15,19,0.83,7,-1,-1
130,-1,233,171,45,67,0.95,7,-1,-1
130,-1,296,115,15,19,0.84,7,-1,-1
130,-1,346,127,13,12,0.82,2,-1,-1
131,-1,228,173,50,69,0.96,7,-1,-1
131,-1,295,115,15,19,0.85,7,-1,-1
131,-1,346,126,13,12,0.84,2,-1,-1
132,-1,226,174,51,72,0.95,7,-1,-1
132,-1,295,115,16,20,0.87,7,-1,-1
132,-1,346,126,13,12,0.84,2,-1,-1
133,-1,223,178,52,74,0.95,7,-1,-1
133,-1,295,114,16,21,0.86,7,-1,-1
133,-1,346,125,13,12,0.82,2,-1,-1
134,-1,220,179,54,76,0.95,7,-1,-1
134,-1,295,115,16,22,0.87,7,-1,-1
134,-1,345,123,12,11,0.81,2,-1,-1
135,-1,217,183,55,78,0.95,7,-1,-1
135,-1,294,115,17,22,0.89,7,-1,-1
135,-1,345,123,12,11,0.81,2,-1,-1
135,-1,322,105,7,8,0.19,2,-1,-1
136,-1,214,184,58,81,0.95,7,-1,-1
136,-1,294,114,17,24,0.90,7,-1,-1
136,-1,345,122,12,11,0.77,2,-1,-1
137,-1,211,187,59,85,0.96,7,-1,-1
137,-1,294,114,17,24,0.90,7,-1,-1
137,-1,345,122,12,11,0.77,2,-1,-1
138,-1,208,190,61,87,0.95,7,-1,-1
138,-1,293,114,18,25,0.90,7,-1,-1
138,-1,345,121,11,11,0.76,2,-1,-1
139,-1,203,194,64,91,0.95,7,-1,-1
139,-1,293,115,18,25,0.89,7,-1,-1
139,-1,345,121,11,11,0.75,2,-1,-1
139,-1,321,106,8,9,0.13,2,-1,-1
140,-1,201,195,65,96,0.96,7,-1,-1
140,-1,293,115,18,25,0.89,7,-1,-1
140,-1,345,121,12,11,0.68,2,-1,-1
140,-1,321,106,8,9,0.15,2,-1,-1
141,-1,195,200,68,100,0.96,7,-1,-1
141,-1,292,116,18,24,0.89,7,-1,-1
141,-1,345,119,11,10,0.78,2,-1,-1
141,-1,321,106,8,10,0.37,2,-1,-1
142,-1,192,202,70,103,0.96,7,-1,-1
142,-1,292,116,19,26,0.90,7,-1,-1
142,-1,345,119,10,10,0.73,2,-1,-1
142,-1,321,107,8,9,0.47,2,-1,-1
143,-1,187,207,72,108,0.96,7,-1,-1
143,-1,291,117,19,25,0.89,7,-1,-1
143,-1,345,118,10,10,0.73,2,-1,-1
143,-1,321,107,8,9,0.49,2,-1,-1
144,-1,181,210,76,112,0.96,7,-1,-1
144,-1,291,117,19,25,0.89,7,-1,-1
144,-1,345,117,10,10,0.75,2,-1,-1
144,-1,320,108,8,9,0.68,2,-1,-1
145,-1,175,215,81,119,0.97,7,-1,-1
145,-1,291,119,18,25,0.90,7,-1,-1
145,-1,320,108,9,9,0.72,2,-1,-1
145,-1,344,117,9,9,0.70,2,-1,-1
146,-1,169,218,84,125,0.96,7,-1,-1
146,-1,291,120,18,24,0.91,7,-1,-1
146,-1,344,117,9,9,0.72,2,-1,-1
146,-1,320,108,8,9,0.72,2,-1,-1
147,-1,162,223,88,133,0.97,7,-1,-1
147,-1,290,120,19,25,0.91,7,-1,-1
147,-1,320,108,9,9,0.74,2,-1,-1
147,-1,344,116,10,9,0.74,2,-1,-1
148,-1,155,228,93,138,0.97,7,-1,-1
148,-1,290,121,18,24,0.91,7,-1,-1
148,-1,344,116,10,9,0.74,2,-1,-1
148,-1,320,108,8,9,0.72,2,-1,-1
149,-1,146,235,99,147,0.96,7,-1,-1
149,-1,289,120,19,27,0.91,7,-1,-1
149,-1,320,108,8,9,0.68,2,-1,-1
149,-1,344,115,9,9,0.64,2,-1,-1
150,-1,140,239,101,154,0.97,7,-1,-1
150,-1,289,120,19,27,0.91,7,-1,-1
150,-1,344,114,9,9,0.65,2,-1,-1
150,-1,320,108,8,9,0.62,2,-1,-1
151,-1,129,246,109,168,0.96,7,-1,-1
151,-1,288,120,20,29,0.92,7,-1,-1
151,-1,320,109,9,10,0.73,2,-1,-1
151,-1,344,114,9,8,0.31,2,-1,-1
152,-1,121,250,115,177,0.97,7,-1,-1
152,-1,288,120,20,28,0.92,7,-1,-1
152,-1,320,109,9,10,0.73,2,-1,-1
152,-1,344,114,9,8,0.34,2,-1,-1
153,-1,108,258,123,191,0.96,7,-1,-1
153,-1,287,122,20,28,0.93,7,-1,-1
153,-1,320,110,9,10,0.77,2,-1,-1
153,-1,343,113,9,9,0.42,2,-1,-1
154,-1,96,264,131,203,0.96,7,-1,-1
154,-1,287,122,20,27,0.92,7,-1,-1
154,-1,319,111,9,11,0.75,2,-1,-1
154,-1,342,112,8,8,0.25,2,-1,-1
155,-1,81,274,143,221,0.96,7,-1,-1
155,-1,286,122,20,29,0.92,7,-1,-1
155,-1,319,111,9,10,0.74,2,-1,-1
155,-1,342,112,8,8,0.21,2,-1,-1
156,-1,70,281,149,235,0.96,7,-1,-1
156,-1,286,123,20,28,0.91,7,-1,-1
156,-1,318,111,10,11,0.75,2,-1,-1
156,-1,342,111,9,8,0.42,2,-1,-1
157,-1,50,291,162,248,0.96,7,-1,-1
157,-1,285,123,20,30,0.92,7,-1,-1
157,-1,318,112,10,10,0.68,2,-1,-1
157,-1,342,111,8,8,0.22,2,-1,-1
158,-1,38,300,171,239,0.96,7,-1,-1
158,-1,285,124,20,30,0.92,7,-1,-1
158,-1,318,112,10,11,0.69,2,-1,-1
158,-1,342,111,8,8,0.21,2,-1,-1
159,-1,12,312,189,226,0.96,7,-1,-1
159,-1,284,124,21,31,0.92,7,-1,-1
159,-1,318,113,11,11,0.75,2,-1,-1
159,-1,342,111,8,8,0.13,2,-1,-1
160,-1,3,321,193,217,0.96,7,-1,-1
160,-1,284,124,21,31,0.92,7,-1,-1
160,-1,318,113,11,11,0.75,2,-1,-1
160,-1,342,111,9,8,0.14,2,-1,-1
161,-1,2,340,187,199,0.96,7,-1,-1
161,-1,281,126,22,31,0.92,7,-1,-1
161,-1,317,115,11,10,0.77,2,-1,-1
162,-1,1,350,182,189,0.96,7,-1,-1
162,-1,281,127,22,31,0.92,7,-1,-1
162,-1,317,115,11,11,0.77,2,-1,-1
163,-1,2,372,170,167,0.96,7,-1,-1
163,-1,280,128,23,32,0.92,7,-1,-1
163,-1,318,116,11,10,0.76,2,-1,-1
164,-1,2,388,162,151,0.96,7,-1,-1
164,-1,280,128,23,33,0.92,7,-1,-1
164,-1,317,115,11,11,0.78,2,-1,-1
165,-1,2,413,150,126,0.95,7,-1,-1
165,-1,279,128,24,33,0.92,7,-1,-1
165,-1,317,116,11,11,0.79,2,-1,-1
166,-1,1,432,140,107,0.95,7,-1,-1
166,-1,278,128,24,34,0.92,7,-1,-1
166,-1,317,118,11,11,0.79,2,-1,-1
167,-1,2,463,121,76,0.94,7,-1,-1
167,-1,278,129,24,35,0.92,7,-1,-1
167,-1,317,118,11,11,0.79,2,-1,-1
168,-1,278,130,24,34,0.92,7,-1,-1
168,-1,2,490,111,49,0.88,7,-1,-1
168,-1,317,118,11,11,0.80,2,-1,-1
169,-1,276,130,24,36,0.93,7,-1,-1
169,-1,317,119,11,11,0.80,2,-1,-1
170,-1,276,130,25,36,0.92,7,-1,-1
170,-1,317,119,11,11,0.78,2,-1,-1
171,-1,274,131,25,37,0.93,7,-1,-1
171,-1,316,120,11,11,0.79,2,-1,-1
172,-1,274,131,25,38,0.92,7,-1,-1
172,-1,316,120,11,11,0.78,2,-1,-1
173,-1,272,132,26,39,0.92,7,-1,-1
173,-1,315,121,12,11,0.79,2,-1,-1
174,-1,271,132,26,40,0.93,7,-1,-1
174,-1,315,121,12,11,0.81,2,-1,-1
175,-1,271,135,26,40,0.94,7,-1,-1
175,-1,315,123,11,11,0.81,2,-1,-1
176,-1,270,135,27,40,0.94,7,-1,-1
176,-1,315,124,11,11,0.82,2,-1,-1
177,-1,268,136,28,40,0.93,7,-1,-1
177,-1,314,124,12,12,0.83,2,-1,-1
178,-1,267,138,28,41,0.94,7,-1,-1
178,-1,314,125,12,11,0.83,2,-1,-1
178,-1,306,99,12,19,0.24,7,-1,-1
179,-1,266,138,29,42,0.93,7,-1,-1
179,-1,314,126,12,11,0.82,2,-1,-1
179,-1,306,100,12,19,0.27,7,-1,-1
180,-1,265,140,30,42,0.93,7,-1,-1
180,-1,314,126,12,12,0.84,2,-1,-1
180,-1,305,101,13,19,0.75,7,-1,-1
181,-1,264,141,29,43,0.93,7,-1,-1
181,-1,313,127,12,12,0.82,2,-1,-1
181,-1,305,100,13,20,0.76,7,-1,-1
181,-1,339,102,8,8,0.10,2,-1,-1
182,-1,263,143,30,43,0.92,7,-1,-1
182,-1,313,128,12,12,0.82,2,-1,-1
182,-1,305,100,13,20,0.77,7,-1,-1
182,-1,339,102,8,8,0.11,2,-1,-1
183,-1,261,145,30,43,0.93,7,-1,-1
183,-1,313,129,12,12,0.82,2,-1,-1
183,-1,304,100,14,21,0.79,7,-1,-1
183,-1,339,102,8,8,0.13,2,-1,-1
184,-1,260,145,30,44,0.95,7,-1,-1
184,-1,312,130,12,13,0.84,2,-1,-1
184,-1,303,101,13,21,0.81,7,-1,-1
185,-1,258,146,31,46,0.94,7,-1,-1
185,-1,312,131,12,12,0.86,2,-1,-1
185,-1,303,102,13,20,0.85,7,-1,-1
186,-1,257,146,32,48,0.94,7,-1,-1
186,-1,312,132,12,12,0.86,2,-1,-1
186,-1,303,102,13,20,0.85,7,-1,-1
187,-1,256,147,32,49,0.93,7,-1,-1
187,-1,311,133,13,13,0.85,2,-1,-1
187,-1,303,103,14,20,0.83,7,-1,-1
188,-1,255,149,32,49,0.94,7,-1,-1
188,-1,302,103,14,21,0.85,7,-1,-1
188,-1,310,134,13,13,0.84,2,-1,-1
189,-1,253,151,33,50,0.94,7,-1,-1
189,-1,310,136,14,13,0.86,2,-1,-1
189,-1,302,104,14,21,0.85,7,-1,-1
190,-1,252,152,33,50,0.95,7,-1,-1
190,-1,309,136,14,14,0.85,2,-1,-1
190,-1,302,104,14,21,0.84,7,-1,-1
191,-1,248,153,36,53,0.94,7,-1,-1
191,-1,309,138,14,13,0.87,2,-1,-1
191,-1,301,105,15,21,0.86,7,-1,-1
192,-1,248,154,36,54,0.94,7,-1,-1
192,-1,308,140,14,13,0.88,2,-1,-1
192,-1,301,105,15,21,0.86,7,-1,-1
193,-1,247,157,36,54,0.94,7,-1,-1
193,-1,307,141,14,14,0.87,2,-1,-1
193,-1,301,106,15,21,0.84,7,-1,-1
194,-1,246,159,36,55,0.94,7,-1,-1
194,-1,307,142,15,14,0.88,2,-1,-1
194,-1,301,105,15,21,0.85,7,-1,-1
195,-1,242,159,39,58,0.95,7,-1,-1
195,-1,307,144,15,14,0.89,2,-1,-1
195,-1,301,106,15,21,0.85,7,-1,-1
196,-1,241,161,39,59,0.94,7,-1,-1
196,-1,306,146,15,14,0.88,2,-1,-1
196,-1,300,106,15,22,0.86,7,-1,-1
197,-1,239,163,40,60,0.95,7,-1,-1
197,-1,305,148,15,14,0.88,2,-1,-1
197,-1,300,107,15,22,0.87,7,-1,-1
198,-1,237,163,40,63,0.95,7,-1,-1
198,-1,305,149,15,15,0.87,2,-1,-1
198,-1,300,107,15,22,0.87,7,-1,-1
199,-1,234,165,42,65,0.95,7,-1,-1
199,-1,299,107,16,23,0.89,7,-1,-1
199,-1,304,150,15,16,0.86,2,-1,-1
200,-1,232,168,44,67,0.95,7,-1,-1
200,-1,299,107,16,23,0.88,7,-1,-1
200,-1,304,152,16,16,0.87,2,-1,-1
201,-1,229,170,45,69,0.95,7,-1,-1
201,-1,303,154,16,16,0.88,2,-1,-1
201,-1,298,108,16,23,0.88,7,-1,-1
201,-1,454,525,96,14,0.58,2,-1,-1
202,-1,225,173,45,70,0.95,7,-1,-1
202,-1,443,486,85,52,0.91,2,-1,-1
202,-1,298,110,16,22,0.86,7,-1,-1
202,-1,302,155,17,17,0.85,2,-1,-1
203,-1,223,174,48,74,0.95,7,-1,-1
203,-1,430,440,78,85,0.94,2,-1,-1
203,-1,301,159,17,16,0.86,2,-1,-1
203,-1,297,110,17,22,0.85,7,-1,-1
204,-1,427,413,69,76,0.95,2,-1,-1
204,-1,222,176,48,77,0.94,7,-1,-1
204,-1,296,110,17,23,0.87,7,-1,-1
204,-1,301,160,17,18,0.87,2,-1,-1
205,-1,415,379,62,65,0.95,2,-1,-1
205,-1,218,179,50,78,0.94,7,-1,-1
205,-1,300,163,18,18,0.88,2,-1,-1
205,-1,297,112,17,22,0.87,7,-1,-1
206,-1,215,183,52,79,0.95,7,-1,-1
206,-1,411,356,57,61,0.95,2,-1,-1
206,-1,299,165,18,18,0.89,2,-1,-1
206,-1,296,111,18,24,0.88,7,-1,-1
207,-1,211,186,55,83,0.96,7,-1,-1
207,-1,404,330,52,53,0.95,2,-1,-1
207,-1,297,169,19,18,0.89,2,-1,-1
207,-1,295,111,18,24,0.88,7,-1,-1
208,-1,208,188,55,86,0.96,7,-1,-1
208,-1,401,315,48,50,0.94,2,-1,-1
208,-1,297,171,19,18,0.89,2,-1,-1
208,-1,295,111,19,25,0.88,7,-1,-1
209,-1,203,191,59,91,0.96,7,-1,-1
209,-1,395,295,43,45,0.94,2,-1,-1
209,-1,294,111,18,26,0.91,7,-1,-1
209,-1,295,174,20,20,0.90,2,-1,-1
210,-1,200,194,59,92,0.95,7,-1,-1
210,-1,392,283,40,43,0.95,2,-1,-1
210,-1,294,177,20,20,0.91,2,-1,-1
210,-1,294,110,19,27,0.90,7,-1,-1
211,-1,194,198,64,98,0.95,7,-1,-1
211,-1,388,266,38,40,0.95,2,-1,-1
211,-1,293,180,21,21,0.92,2,-1,-1
211,-1,294,111,18,27,0.90,7,-1,-1
212,-1,191,202,66,100,0.95,7,-1,-1
212,-1,385,257,37,38,0.94,2,-1,-1
212,-1,292,183,21,21,0.93,2,-1,-1
212,-1,293,111,19,28,0.90,7,-1,-1
213,-1,183,206,70,107,0.96,7,-1,-1
213,-1,382,246,34,34,0.94,2,-1,-1
213,-1,291,187,21,23,0.92,2,-1,-1
213,-1,293,111,19,28,0.91,7,-1,-1
214,-1,179,209,72,110,0.96,7,-1,-1
214,-1,379,239,32,32,0.94,2,-1,-1
214,-1,290,191,22,23,0.92,2,-1,-1
214,-1,292,111,19,28,0.90,7,-1,-1
215,-1,174,215,74,117,0.97,7,-1,-1
215,-1,377,228,31,31,0.93,2,-1,-1
215,-1,287,195,24,25,0.92,2,-1,-1
215,-1,292,112,20,29,0.90,7,-1,-1
216,-1,168,219,79,121,0.96,7,-1,-1
216,-1,375,222,29,30,0.94,2,-1,-1
216,-1,287,199,23,25,0.92,2,-1,-1
216,-1,292,113,19,28,0.91,7,-1,-1
217,-1,160,225,82,129,0.96,7,-1,-1
217,-1,284,206,25,26,0.94,2,-1,-1
217,-1,373,214,28,28,0.92,2,-1,-1
217,-1,291,113,20,29,0.91,7,-1,-1
218,-1,153,230,88,134,0.96,7,-1,-1
218,-1,283,210,25,28,0.94,2,-1,-1
218,-1,372,208,27,28,0.92,2,-1,-1
218,-1,291,113,20,29,0.92,7,-1,-1
219,-1,143,237,93,143,0.97,7,-1,-1
219,-1,281,217,26,29,0.94,2,-1,-1
219,-1,369,202,24,26,0.93,2,-1,-1
219,-1,291,113,20,30,0.92,7,-1,-1
220,-1,136,242,97,151,0.97,7,-1,-1
220,-1,279,222,27,30,0.94,2,-1,-1
220,-1,290,114,20,30,0.92,7,-1,-1
220,-1,367,197,26,26,0.92,2,-1,-1
221,-1,123,250,105,162,0.96,7,-1,-1
221,-1,275,230,30,33,0.94,2,-1,-1
221,-1,366,191,25,24,0.92,2,-1,-1
221,-1,289,114,20,32,0.90,7,-1,-1
222,-1,115,256,110,169,0.95,7,-1,-1
222,-1,273,236,31,35,0.94,2,-1,-1
222,-1,365,187,24,24,0.91,2,-1,-1
222,-1,289,114,21,33,0.91,7,-1,-1
223,-1,101,265,119,183,0.96,7,-1,-1
223,-1,270,247,32,37,0.95,2,-1,-1
223,-1,364,183,22,22,0.91,2,-1,-1
223,-1,288,115,21,33,0.90,7,-1,-1
224,-1,89,272,127,195,0.96,7,-1,-1
224,-1,269,256,32,38,0.94,2,-1,-1
224,-1,364,179,22,22,0.91,2,-1,-1
224,-1,288,115,21,34,0.89,7,-1,-1
225,-1,72,286,137,209,0.96,7,-1,-1
225,-1,264,268,36,42,0.96,2,-1,-1
225,-1,362,176,22,20,0.90,2,-1,-1
225,-1,288,115,21,35,0.89,7,-1,-1
226,-1,59,293,145,223,0.96,7,-1,-1
226,-1,260,279,38,44,0.94,2,-1,-1
226,-1,288,116,21,35,0.92,7,-1,-1
226,-1,362,173,20,19,0.89,2,-1,-1
227,-1,41,307,155,232,0.96,7,-1,-1
227,-1,256,295,41,49,0.95,2,-1,-1
227,-1,287,117,21,35,0.93,7,-1,-1
227,-1,362,169,19,18,0.87,2,-1,-1
228,-1,29,316,163,223,0.96,7,-1,-1
228,-1,251,307,44,53,0.95,2,-1,-1
228,-1,286,117,22,36,0.92,7,-1,-1
228,-1,360,165,19,20,0.89,2,-1,-1
229,-1,2,332,182,207,0.96,7,-1,-1
229,-1,244,330,48,60,0.96,2,-1,-1
229,-1,285,118,23,36,0.92,7,-1,-1
229,-1,359,162,19,19,0.89,2,-1,-1
230,-1,2,347,174,192,0.96,7,-1,-1
230,-1,239,347,51,65,0.95,2,-1,-1
230,-1,285,119,23,37,0.92,7,-1,-1
230,-1,359,161,19,18,0.89,2,-1,-1
231,-1,3,366,162,173,0.96,7,-1,-1
231,-1,228,378,58,74,0.95,2,-1,-1
231,-1,284,119,23,39,0.92,7,-1,-1
231,-1,359,158,19,17,0.88,2,-1,-1
232,-1,2,385,156,154,0.96,7,-1,-1
232,-1,220,401,62,83,0.95,2,-1,-1
232,-1,282,119,25,38,0.92,7,-1,-1
232,-1,359,157,18,16,0.89,2,-1,-1
233,-1,207,443,70,95,0.96,2,-1,-1
233,-1,0,412,146,127,0.95,7,-1,-1
233,-1,282,120,24,40,0.92,7,-1,-1
233,-1,358,154,18,16,0.88,2,-1,-1
234,-1,199,478,74,61,0.93,2,-1,-1
234,-1,281,120,25,40,0.92,7,-1,-1
234,-1,2,428,118,111,0.89,7,-1,-1
234,-1,356,153,16,14,0.88,2,-1,-1
235,-1,280,122,26,41,0.93,7,-1,-1
235,-1,356,150,16,15,0.89,2,-1,-1
235,-1,1,470,92,69,0.16,7,-1,-1
236,-1,279,123,26,41,0.94,7,-1,-1
236,-1,356,149,15,14,0.89,2,-1,-1
237,-1,278,124,26,41,0.94,7,-1,-1
237,-1,355,146,15,14,0.88,2,-1,-1
237,-1,305,101,12,18,0.39,7,-1,-1
238,-1,277,124,27,42,0.95,7,-1,-1
238,-1,355,145,16,14,0.87,2,-1,-1
238,-1,305,102,12,18,0.41,7,-1,-1
239,-1,276,126,27,44,0.92,7,-1,-1
239,-1,353,143,15,14,0.84,2,-1,-1
239,-1,305,103,13,17,0.74,7,-1,-1
240,-1,275,126,27,44,0.92,7,-1,-1
240,-1,353,142,15,13,0.84,2,-1,-1
240,-1,304,103,13,18,0.72,7,-1,-1
241,-1,273,128,28,45,0.93,7,-1,-1
241,-1,352,140,15,12,0.86,2,-1,-1
241,-1,304,103,13,18,0.84,7,-1,-1
242,-1,273,129,28,46,0.94,7,-1,-1
242,-1,304,103,14,18,0.87,7,-1,-1
242,-1,353,139,14,12,0.85,2,-1,-1
243,-1,272,129,28,47,0.95,7,-1,-1
243,-1,304,103,14,18,0.87,7,-1,-1
243,-1,351,137,14,12,0.83,2,-1,-1
244,-1,271,130,29,48,0.95,7,-1,-1
244,-1,304,103,14,18,0.87,7,-1,-1
244,-1,351,137,13,12,0.82,2,-1,-1
245,-1,270,131,29,50,0.94,7,-1,-1
245,-1,303,104,14,19,0.87,7,-1,-1
245,-1,350,135,13,12,0.83,2,-1,-1
246,-1,268,132,30,51,0.94,7,-1,-1
246,-1,303,104,14,19,0.86,7,-1,-1
246,-1,351,134,13,12,0.85,2,-1,-1
247,-1,266,134,31,52,0.93,7,-1,-1
247,-1,302,104,14,19,0.85,7,-1,-1
247,-1,350,133,13,11,0.84,2,-1,-1
248,-1,265,135,31,53,0.93,7,-1,-1
248,-1,302,104,14,20,0.88,7,-1,-1
248,-1,349,131,14,12,0.82,2,-1,-1
249,-1,264,136,32,55,0.94,7,-1,-1
249,-1,302,104,14,21,0.89,7,-1,-1
249,-1,349,130,14,12,0.83,2,-1,-1
250,-1,263,137,32,55,0.94,7,-1,-1
250,-1,302,104,14,20,0.89,7,-1,-1
250,-1,349,130,14,12,0.82,2,-1,-1
251,-1,261,138,33,58,0.94,7,-1,-1
251,-1,301,104,14,21,0.89,7,-1,-1
251,-1,349,128,12,12,0.65,2,-1,-1
252,-1,260,139,34,60,0.94,7,-1,-1
252,-1,301,104,14,21,0.88,7,-1,-1
252,-1,348,126,12,11,0.83,2,-1,-1
253,-1,258,141,35,61,0.94,7,-1,-1
253,-1,301,105,14,21,0.89,7,-1,-1
253,-1,348,126,12,11,0.84,2,-1,-1
254,-1,257,143,35,62,0.94,7,-1,-1
254,-1,301,105,15,22,0.90,7,-1,-1
254,-1,348,125,12,11,0.53,2,-1,-1
254,-1,319,110,8,9,0.37,2,-1,-1
255,-1,254,144,37,65,0.95,7,-1,-1
255,-1,300,105,15,22,0.89,7,-1,-1
255,-1,319,110,9,10,0.63,2,-1,-1
255,-1,348,126,12,11,0.34,2,-1,-1
256,-1,252,146,39,66,0.94,7,-1,-1
256,-1,300,105,15,22,0.89,7,-1,-1
256,-1,348,124,12,10,0.80,2,-1,-1
256,-1,319,110,9,9,0.61,2,-1,-1
257,-1,249,148,40,70,0.95,7,-1,-1
257,-1,300,106,15,23,0.89,7,-1,-1
257,-1,347,123,11,10,0.67,2,-1,-1
257,-1,319,111,9,10,0.50,2,-1,-1
258,-1,247,149,41,72,0.95,7,-1,-1
258,-1,300,106,15,23,0.89,7,-1,-1
258,-1,347,123,11,10,0.68,2,-1,-1
258,-1,319,111,9,10,0.52,2,-1,-1
259,-1,244,151,43,75,0.95,7,-1,-1
259,-1,299,106,15,23,0.90,7,-1,-1
259,-1,347,122,11,9,0.74,2,-1,-1
259,-1,318,112,9,10,0.67,2,-1,-1
260,-1,242,153,44,76,0.95,7,-1,-1
260,-1,299,107,16,23,0.90,7,-1,-1
260,-1,347,122,11,9,0.72,2,-1,-1
260,-1,318,113,9,9,0.67,2,-1,-1
261,-1,239,155,47,80,0.95,7,-1,-1
261,-1,299,107,15,23,0.89,7,-1,-1
261,-1,318,114,9,10,0.79,2,-1,-1
261,-1,346,120,10,9,0.61,2,-1,-1
262,-1,236,157,49,82,0.95,7,-1,-1
262,-1,299,107,16,23,0.89,7,-1,-1
262,-1,318,114,9,10,0.79,2,-1,-1
262,-1,346,120,10,9,0.60,2,-1,-1
263,-1,232,159,52,88,0.95,7,-1,-1
263,-1,298,109,16,23,0.88,7,-1,-1
263,-1,318,114,9,10,0.79,2,-1,-1
264,-1,229,162,54,90,0.96,7,-1,-1
264,-1,297,109,16,24,0.88,7,-1,-1
264,-1,318,115,9,10,0.82,2,-1,-1
264,-1,346,119,9,8,0.26,2,-1,-1
265,-1,224,164,58,95,0.96,7,-1,-1
265,-1,297,110,16,23,0.88,7,-1,-1
265,-1,317,115,10,10,0.82,2,-1,-1
265,-1,346,119,9,8,0.46,2,-1,-1
266,-1,221,167,59,99,0.96,7,-1,-1
266,-1,297,110,16,23,0.88,7,-1,-1
266,-1,317,117,10,10,0.80,2,-1,-1
266,-1,346,118,8,8,0.16,2,-1,-1
267,-1,215,170,62,105,0.95,7,-1,-1
267,-1,297,110,16,23,0.88,7,-1,-1
267,-1,317,117,10,10,0.82,2,-1,-1
267,-1,345,117,9,8,0.58,2,-1,-1
268,-1,211,172,65,109,0.97,7,-1,-1
268,-1,297,110,16,23,0.88,7,-1,-1
268,-1,317,117,10,10,0.82,2,-1,-1
268,-1,345,117,9,8,0.55,2,-1,-1
269,-1,205,176,68,116,0.95,7,-1,-1
269,-1,296,110,16,25,0.88,7,-1,-1
269,-1,316,118,10,11,0.81,2,-1,-1
270,-1,200,180,72,120,0.97,7,-1,-1
270,-1,296,114,16,22,0.89,7,-1,-1
270,-1,316,119,10,10,0.78,2,-1,-1
270,-1,344,115,9,8,0.28,2,-1,-1
271,-1,192,184,77,129,0.96,7,-1,-1
271,-1,296,114,16,22,0.89,7,-1,-1
271,-1,316,119,10,10,0.77,2,-1,-1
271,-1,345,115,9,8,0.21,2,-1,-1
272,-1,186,187,81,136,0.97,7,-1,-1
272,-1,295,112,17,25,0.89,7,-1,-1
272,-1,316,119,11,12,0.78,2,-1,-1
273,-1,176,192,86,147,0.96,7,-1,-1
273,-1,294,113,17,24,0.89,7,-1,-1
273,-1,316,120,11,11,0.79,2,-1,-1
273,-1,344,113,9,9,0.28,2,-1,-1
274,-1,170,197,91,153,0.97,7,-1,-1
274,-1,294,113,17,25,0.89,7,-1,-1
274,-1,316,120,11,11,0.80,2,-1,-1
274,-1,344,113,9,9,0.30,2,-1,-1
275,-1,161,203,97,166,0.96,7,-1,-1
275,-1,294,113,18,27,0.89,7,-1,-1
275,-1,316,121,12,12,0.83,2,-1,-1
276,-1,148,207,107,177,0.96,7,-1,-1
276,-1,294,113,18,27,0.89,7,-1,-1
276,-1,316,121,12,13,0.83,2,-1,-1
277,-1,135,214,116,196,0.96,7,-1,-1
277,-1,293,115,18,26,0.88,7,-1,-1
277,-1,316,123,12,12,0.83,2,-1,-1
277,-1,343,110,9,9,0.14,2,-1,-1
278,-1,125,219,123,209,0.96,7,-1,-1
278,-1,292,115,18,26,0.88,7,-1,-1
278,-1,315,124,12,11,0.82,2,-1,-1
279,-1,104,228,139,232,0.97,7,-1,-1
279,-1,292,114,18,27,0.89,7,-1,-1
279,-1,315,125,12,12,0.84,2,-1,-1
280,-1,91,233,149,251,0.96,7,-1,-1
280,-1,291,115,19,28,0.89,7,-1,-1
280,-1,315,126,12,12,0.83,2,-1,-1
281,-1,68,245,164,281,0.96,7,-1,-1
281,-1,290,116,19,28,0.88,7,-1,-1
281,-1,316,127,12,12,0.84,2,-1,-1
282,-1,56,251,171,288,0.95,7,-1,-1
282,-1,290,117,19,28,0.89,7,-1,-1
282,-1,315,127,12,12,0.82,2,-1,-1
283,-1,26,263,192,274,0.95,7,-1,-1
283,-1,290,117,19,28,0.90,7,-1,-1
283,-1,315,127,13,13,0.83,2,-1,-1
284,-1,6,275,207,263,0.96,7,-1,-1
284,-1,289,120,19,27,0.91,7,-1,-1
284,-1,314,128,13,13,0.83,2,-1,-1
285,-1,1,290,205,248,0.97,7,-1,-1
285,-1,289,120,19,28,0.91,7,-1,-1
285,-1,314,129,14,13,0.85,2,-1,-1
286,-1,3,303,195,235,0.96,7,-1,-1
286,-1,288,120,19,29,0.92,7,-1,-1
286,-1,313,130,14,13,0.87,2,-1,-1
287,-1,3,325,183,214,0.96,7,-1,-1
287,-1,287,120,20,30,0.91,7,-1,-1
287,-1,313,131,13,14,0.88,2,-1,-1
288,-1,3,342,172,197,0.97,7,-1,-1
288,-1,287,120,21,30,0.91,7,-1,-1
288,-1,313,130,13,15,0.88,2,-1,-1
289,-1,3,373,156,166,0.96,7,-1,-1
289,-1,286,121,21,31,0.90,7,-1,-1
289,-1,312,132,13,15,0.87,2,-1,-1
290,-1,2,396,143,143,0.96,7,-1,-1
290,-1,285,123,21,30,0.89,7,-1,-1
290,-1,312,133,14,15,0.85,2,-1,-1
291,-1,3,439,119,100,0.93,7,-1,-1
291,-1,285,124,20,30,0.89,7,-1,-1
291,-1,311,135,14,15,0.86,2,-1,-1
292,-1,2,475,98,64,0.90,7,-1,-1
292,-1,284,124,20,30,0.89,7,-1,-1
292,-1,311,136,14,15,0.87,2,-1,-1
293,-1,284,125,20,31,0.90,7,-1,-1
293,-1,310,138,15,15,0.88,2,-1,-1
294,-1,283,125,21,32,0.91,7,-1,-1
294,-1,310,139,14,15,0.89,2,-1,-1
295,-1,282,126,22,32,0.92,7,-1,-1
295,-1,309,141,15,15,0.88,2,-1,-1
296,-1,281,127,22,32,0.92,7,-1,-1
296,-1,309,143,14,15,0.88,2,-1,-1
297,-1,280,127,23,34,0.91,7,-1,-1
297,-1,308,144,14,15,0.86,2,-1,-1
298,-1,279,127,24,35,0.93,7,-1,-1
298,-1,308,146,15,16,0.88,2,-1,-1
299,-1,278,129,24,34,0.92,7,-1,-1
299,-1,307,147,15,16,0.88,2,-1,-1
300,-1,278,131,23,32,0.92,7,-1,-1
300,-1,306,149,16,17,0.89,2,-1,-1
301,-1,277,133,23,33,0.93,7,-1,-1
301,-1,305,151,16,17,0.90,2,-1,-1
302,-1,276,132,25,36,0.93,7,-1,-1
302,-1,305,152,17,18,0.90,2,-1,-1
303,-1,274,132,25,38,0.93,7,-1,-1
303,-1,304,156,17,18,0.89,2,-1,-1
304,-1,273,133,26,38,0.93,7,-1,-1
304,-1,304,157,17,17,0.88,2,-1,-1
305,-1,272,134,26,38,0.94,7,-1,-1
305,-1,303,159,17,19,0.88,2,-1,-1
306,-1,271,136,26,39,0.93,7,-1,-1
306,-1,301,161,18,20,0.90,2,-1,-1
307,-1,270,137,26,39,0.93,7,-1,-1
307,-1,300,165,19,21,0.90,2,-1,-1
308,-1,269,137,27,40,0.93,7,-1,-1
308,-1,300,166,18,21,0.90,2,-1,-1
309,-1,267,139,28,41,0.93,7,-1,-1
309,-1,297,170,20,22,0.90,2,-1,-1
310,-1,266,141,28,41,0.93,7,-1,-1
310,-1,297,173,20,21,0.91,2,-1,-1
311,-1,265,142,29,42,0.93,7,-1,-1
311,-1,295,176,21,23,0.92,2,-1,-1
312,-1,264,144,28,42,0.94,7,-1,-1
312,-1,293,178,22,24,0.92,2,-1,-1
313,-1,262,145,29,44,0.93,7,-1,-1
313,-1,290,183,23,26,0.93,2,-1,-1
314,-1,289,185,24,26,0.94,2,-1,-1
314,-1,261,146,29,44,0.94,7,-1,-1
315,-1,287,191,24,27,0.93,2,-1,-1
315,-1,260,147,30,46,0.93,7,-1,-1
316,-1,286,193,24,28,0.94,2,-1,-1
316,-1,258,147,31,48,0.93,7,-1,-1
317,-1,283,199,26,30,0.94,2,-1,-1
317,-1,256,149,31,49,0.93,7,-1,-1
318,-1,281,203,26,31,0.95,2,-1,-1
318,-1,255,152,31,48,0.94,7,-1,-1
319,-1,253,153,33,51,0.94,7,-1,-1
319,-1,279,209,26,34,0.94,2,-1,-1
320,-1,250,153,35,54,0.94,7,-1,-1
320,-1,277,214,27,36,0.94,2,-1,-1
321,-1,272,222,31,37,0.94,2,-1,-1
321,-1,247,157,36,54,0.93,7,-1,-1
322,-1,270,228,31,39,0.96,2,-1,-1
322,-1,246,157,37,57,0.93,7,-1,-1
323,-1,266,237,33,43,0.95,2,-1,-1
323,-1,244,158,37,60,0.93,7,-1,-1
324,-1,263,244,34,46,0.95,2,-1,-1
324,-1,242,161,39,60,0.94,7,-1,-1
325,-1,239,163,41,63,0.95,7,-1,-1
325,-1,256,257,39,48,0.94,2,-1,-1
326,-1,252,266,41,50,0.95,2,-1,-1
326,-1,237,165,41,64,0.94,7,-1,-1
327,-1,247,281,43,56,0.95,2,-1,-1
327,-1,233,169,43,67,0.94,7,-1,-1
328,-1,243,291,45,61,0.95,2,-1,-1
328,-1,231,168,44,71,0.94,7,-1,-1
329,-1,238,304,47,65,0.95,2,-1,-1
329,-1,229,170,45,73,0.94,7,-1,-1
330,-1,224,173,48,76,0.95,7,-1,-1
330,-1,227,324,54,75,0.95,2,-1,-1
331,-1,218,351,57,85,0.95,2,-1,-1
331,-1,219,175,51,81,0.95,7,-1,-1
332,-1,209,371,62,94,0.95,2,-1,-1
332,-1,217,178,51,82,0.95,7,-1,-1
333,-1,194,407,70,109,0.96,2,-1,-1
333,-1,212,184,54,85,0.95,7,-1,-1
334,-1,180,436,79,103,0.95,2,-1,-1
334,-1,209,188,54,86,0.95,7,-1,-1
335,-1,202,191,59,93,0.95,7,-1,-1
335,-1,175,490,72,49,0.94,2,-1,-1
336,-1,199,195,60,95,0.95,7,-1,-1
337,-1,192,199,65,103,0.96,7,-1,-1
338,-1,187,203,67,107,0.96,7,-1,-1
339,-1,180,207,71,114,0.96,7,-1,-1
340,-1,176,213,73,118,0.97,7,-1,-1
341,-1,166,220,79,126,0.96,7,-1,-1
342,-1,161,226,80,131,0.96,7,-1,-1
343,-1,149,232,88,145,0.96,7,-1,-1
344,-1,146,235,90,148,0.96,7,-1,-1
345,-1,133,245,98,159,0.95,7,-1,-1
346,-1,124,251,100,169,0.96,7,-1,-1
347,-1,109,262,111,187,0.96,7,-1,-1
348,-1,98,270,116,199,0.96,7,-1,-1
349,-1,77,284,130,221,0.96,7,-1,-1
349,-1,306,106,11,13,0.24,2,-1,-1
350,-1,64,294,137,237,0.96,7,-1,-1
350,-1,306,106,11,13,0.27,2,-1,-1
351,-1,41,310,151,229,0.96,7,-1,-1
351,-1,306,106,11,12,0.24,2,-1,-1
352,-1,27,323,158,216,0.96,7,-1,-1
352,-1,306,106,11,13,0.36,2,-1,-1
353,-1,1,345,171,194,0.96,7,-1,-1
353,-1,306,106,11,14,0.49,2,-1,-1
354,-1,2,361,161,178,0.96,7,-1,-1
354,-1,306,106,11,14,0.52,2,-1,-1
355,-1,1,389,150,150,0.95,7,-1,-1
355,-1,305,107,12,14,0.62,2,-1,-1
356,-1,1,412,137,127,0.95,7,-1,-1
356,-1,305,108,12,14,0.68,2,-1,-1
357,-1,305,107,12,13,0.71,2,-1,-1
357,-1,2,451,113,88,0.37,7,-1,-1
358,-1,305,107,11,13,0.70,2,-1,-1
358,-1,1,488,100,51,0.16,7,-1,-1
359,-1,305,107,11,13,0.70,2,-1,-1
360,-1,304,107,11,14,0.50,2,-1,-1
361,-1,304,107,11,14,0.50,2,-1,-1
362,-1,304,107,12,15,0.48,7,-1,-1
363,-1,304,107,12,16,0.59,7,-1,-1
364,-1,304,107,12,16,0.66,7,-1,-1
365,-1,304,107,12,16,0.65,7,-1,-1
366,-1,303,108,12,16,0.62,7,-1,-1
367,-1,303,108,12,16,0.59,7,-1,-1
368,-1,303,108,12,17,0.71,7,-1,-1
369,-1,303,109,12,16,0.70,7,-1,-1
370,-1,303,109,12,16,0.70,7,-1,-1
371,-1,302,110,13,16,0.66,7,-1,-1
372,-1,302,110,13,17,0.73,7,-1,-1
373,-1,302,110,13,17,0.73,7,-1,-1
374,-1,301,110,13,17,0.74,7,-1,-1
375,-1,301,110,13,17,0.67,7,-1,-1
376,-1,301,110,13,17,0.66,7,-1,-1
377,-1,300,111,13,17,0.65,7,-1,-1
378,-1,300,112,14,16,0.60,2,-1,-1
379,-1,300,114,14,15,0.87,2,-1,-1
380,-1,300,114,14,15,0.87,2,-1,-1
381,-1,300,114,14,16,0.87,2,-1,-1
382,-1,300,113,14,16,0.68,2,-1,-1
383,-1,300,113,14,16,0.68,2,-1,-1
384,-1,299,113,15,18,0.58,7,-1,-1
385,-1,298,113,15,18,0.82,7,-1,-1
386,-1,298,113,15,18,0.82,7,-1,-1
387,-1,297,113,15,18,0.85,7,-1,-1
388,-1,297,113,15,18,0.85,7,-1,-1
389,-1,297,114,15,19,0.87,7,-1,-1
390,-1,297,115,15,18,0.85,7,-1,-1
391,-1,297,115,15,18,0.86,7,-1,-1
392,-1,296,115,15,18,0.90,7,-1,-1
393,-1,296,115,15,18,0.90,7,-1,-1
394,-1,296,116,16,19,0.87,7,-1,-1
395,-1,295,116,16,19,0.90,7,-1,-1
396,-1,295,117,16,19,0.90,7,-1,-1
397,-1,295,117,16,18,0.91,7,-1,-1
398,-1,295,117,16,19,0.92,7,-1,-1
399,-1,294,117,16,21,0.89,7,-1,-1
400,-1,294,117,16,21,0.89,7,-1,-1
401,-1,293,118,16,20,0.91,7,-1,-1
402,-1,574,488,64,50,0.93,2,-1,-1
402,-1,294,120,16,20,0.88,7,-1,-1
403,-1,555,452,83,84,0.95,2,-1,-1
403,-1,294,121,16,19,0.86,7,-1,-1
404,-1,529,409,80,74,0.96,2,-1,-1
404,-1,293,120,16,20,0.87,7,-1,-1
405,-1,517,383,71,68,0.95,2,-1,-1
405,-1,293,121,16,20,0.88,7,-1,-1
406,-1,497,352,65,60,0.95,2,-1,-1
406,-1,292,121,17,21,0.89,7,-1,-1
407,-1,485,324,57,54,0.95,2,-1,-1
407,-1,292,122,17,20,0.89,7,-1,-1
408,-1,475,308,53,50,0.95,2,-1,-1
408,-1,291,122,17,21,0.89,7,-1,-1
409,-1,463,288,50,46,0.94,2,-1,-1
409,-1,291,123,17,21,0.87,7,-1,-1
410,-1,457,277,46,42,0.94,2,-1,-1
410,-1,290,123,17,21,0.82,7,-1,-1
411,-1,448,261,42,40,0.94,2,-1,-1
411,-1,290,124,17,21,0.90,7,-1,-1
412,-1,442,251,40,38,0.94,2,-1,-1
412,-1,290,125,17,22,0.88,7,-1,-1
413,-1,435,240,36,34,0.94,2,-1,-1
413,-1,289,125,17,21,0.85,7,-1,-1
414,-1,431,232,34,33,0.94,2,-1,-1
414,-1,289,125,17,21,0.88,7,-1,-1
415,-1,424,223,32,31,0.95,2,-1,-1
415,-1,288,126,18,22,0.90,7,-1,-1
416,-1,421,217,31,30,0.94,2,-1,-1
416,-1,288,127,19,22,0.92,7,-1,-1
417,-1,416,208,30,29,0.93,2,-1,-1
417,-1,287,128,18,22,0.90,7,-1,-1
418,-1,414,203,28,29,0.93,2,-1,-1
418,-1,287,127,19,22,0.92,7,-1,-1
419,-1,409,197,27,26,0.94,2,-1,-1
419,-1,287,128,19,23,0.91,7,-1,-1
420,-1,406,193,26,25,0.92,2,-1,-1
420,-1,287,129,19,23,0.91,7,-1,-1
421,-1,402,187,25,24,0.93,2,-1,-1
421,-1,286,130,19,23,0.92,7,-1,-1
422,-1,400,184,24,23,0.93,2,-1,-1
422,-1,286,130,18,22,0.86,7,-1,-1
423,-1,398,179,22,23,0.92,2,-1,-1
423,-1,285,131,19,23,0.89,7,-1,-1
424,-1,396,176,22,23,0.93,2,-1,-1
424,-1,285,132,19,23,0.55,2,-1,-1
425,-1,394,172,21,21,0.91,2,-1,-1
425,-1,285,133,18,22,0.78,2,-1,-1
426,-1,392,169,21,21,0.91,2,-1,-1
426,-1,283,133,20,23,0.59,7,-1,-1
427,-1,390,166,20,21,0.91,2,-1,-1
427,-1,283,133,20,24,0.74,7,-1,-1
428,-1,388,162,19,20,0.90,2,-1,-1
428,-1,282,134,20,24,0.84,7,-1,-1
429,-1,282,135,20,25,0.90,7,-1,-1
429,-1,386,159,18,19,0.90,2,-1,-1
430,-1,281,136,21,25,0.91,7,-1,-1
430,-1,384,158,18,18,0.90,2,-1,-1
431,-1,382,155,17,17,0.88,2,-1,-1
431,-1,280,137,21,25,0.76,7,-1,-1
432,-1,279,138,21,25,0.91,7,-1,-1
432,-1,381,153,17,17,0.90,2,-1,-1
433,-1,380,150,16,17,0.90,2,-1,-1
433,-1,279,139,21,25,0.75,7,-1,-1
434,-1,378,148,16,17,0.92,2,-1,-1
434,-1,278,140,22,25,0.86,7,-1,-1
435,-1,377,146,16,17,0.90,2,-1,-1
435,-1,277,141,22,25,0.79,7,-1,-1
436,-1,376,145,15,15,0.90,2,-1,-1
436,-1,277,142,21,25,0.58,2,-1,-1
437,-1,376,144,15,15,0.90,2,-1,-1
437,-1,277,143,22,26,0.57,7,-1,-1
438,-1,374,141,15,16,0.90,2,-1,-1
438,-1,275,144,22,26,0.67,7,-1,-1
439,-1,373,140,13,15,0.91,2,-1,-1
439,-1,274,144,23,27,0.75,7,-1,-1
440,-1,273,145,23,28,0.92,7,-1,-1
440,-1,372,139,13,15,0.91,2,-1,-1
440,-1,310,97,9,12,0.10,7,-1,-1
441,-1,272,146,24,28,0.92,7,-1,-1
441,-1,371,137,14,15,0.90,2,-1,-1
441,-1,310,97,9,12,0.11,7,-1,-1
442,-1,271,147,25,29,0.93,7,-1,-1
442,-1,370,135,14,15,0.89,2,-1,-1
443,-1,270,148,25,30,0.93,7,-1,-1
443,-1,369,134,14,14,0.88,2,-1,-1
444,-1,269,149,25,30,0.93,7,-1,-1
444,-1,369,133,13,14,0.89,2,-1,-1
445,-1,268,151,25,30,0.91,7,-1,-1
445,-1,368,132,13,14,0.88,2,-1,-1
446,-1,267,152,26,30,0.93,7,-1,-1
446,-1,367,130,13,14,0.87,2,-1,-1
447,-1,266,153,27,31,0.93,7,-1,-1
447,-1,367,129,13,14,0.85,2,-1,-1
448,-1,265,155,27,31,0.93,7,-1,-1
448,-1,366,129,13,12,0.89,2,-1,-1
449,-1,264,156,26,32,0.94,7,-1,-1
449,-1,366,127,12,13,0.87,2,-1,-1
450,-1,262,158,27,32,0.94,7,-1,-1
450,-1,364,127,13,12,0.89,2,-1,-1
451,-1,261,159,27,32,0.95,7,-1,-1
451,-1,441,496,98,43,0.89,2,-1,-1
451,-1,364,127,12,12,0.86,2,-1,-1
452,-1,430,447,80,78,0.94,2,-1,-1
452,-1,260,161,28,33,0.93,7,-1,-1
452,-1,364,124,12,13,0.87,2,-1,-1
453,-1,423,417,73,72,0.94,2,-1,-1
453,-1,259,162,29,34,0.94,7,-1,-1
453,-1,364,124,12,12,0.86,2,-1,-1
454,-1,416,380,62,62,0.95,2,-1,-1
454,-1,257,163,30,36,0.94,7,-1,-1
454,-1,363,123,12,12,0.84,2,-1,-1
455,-1,410,357,57,59,0.95,2,-1,-1
455,-1,257,165,29,35,0.93,7,-1,-1
455,-1,363,123,11,11,0.85,2,-1,-1
456,-1,402,330,53,52,0.94,2,-1,-1
456,-1,255,167,30,36,0.93,7,-1,-1
456,-1,362,122,11,11,0.82,2,-1,-1
457,-1,398,316,50,46,0.94,2,-1,-1
457,-1,254,169,30,36,0.92,7,-1,-1
457,-1,361,120,11,12,0.74,2,-1,-1
458,-1,394,295,44,43,0.93,2,-1,-1
458,-1,251,171,32,37,0.93,7,-1,-1
458,-1,361,120,11,10,0.74,2,-1,-1
459,-1,391,282,42,41,0.94,2,-1,-1
459,-1,250,173,33,37,0.93,7,-1,-1
459,-1,361,119,11,11,0.77,2,-1,-1
460,-1,386,266,39,38,0.93,2,-1,-1
460,-1,248,175,33,39,0.91,7,-1,-1
460,-1,360,118,11,11,0.68,2,-1,-1
461,-1,385,256,38,37,0.94,2,-1,-1
461,-1,246,177,34,40,0.89,7,-1,-1
461,-1,360,119,10,11,0.67,2,-1,-1
462,-1,382,244,37,34,0.94,2,-1,-1
462,-1,359,117,10,10,0.63,2,-1,-1
462,-1,244,179,34,40,0.52,7,-1,-1
463,-1,381,236,32,33,0.93,2,-1,-1
463,-1,242,182,35,41,0.85,2,-1,-1
463,-1,359,116,10,11,0.57,2,-1,-1
464,-1,377,227,30,30,0.94,2,-1,-1
464,-1,239,184,37,42,0.70,7,-1,-1
464,-1,359,116,10,11,0.58,2,-1,-1
465,-1,375,220,31,30,0.94,2,-1,-1
465,-1,238,186,38,43,0.82,7,-1,-1
465,-1,358,115,11,11,0.68,2,-1,-1
466,-1,373,212,29,28,0.93,2,-1,-1
466,-1,235,191,39,44,0.93,7,-1,-1
466,-1,357,114,11,11,0.60,2,-1,-1
467,-1,372,207,28,28,0.93,2,-1,-1
467,-1,233,192,39,45,0.92,7,-1,-1
467,-1,357,114,11,11,0.61,2,-1,-1
468,-1,370,200,26,26,0.92,2,-1,-1
468,-1,230,196,40,46,0.91,7,-1,-1
468,-1,357,114,11,10,0.76,2,-1,-1
469,-1,369,196,26,26,0.92,2,-1,-1
469,-1,228,198,44,48,0.92,7,-1,-1
469,-1,356,113,10,10,0.64,2,-1,-1
470,-1,225,201,44,50,0.93,7,-1,-1
470,-1,368,191,23,23,0.91,2,-1,-1
470,-1,356,113,10,10,0.63,2,-1,-1
471,-1,222,205,46,49,0.94,7,-1,-1
471,-1,367,186,24,23,0.91,2,-1,-1
471,-1,356,112,10,10,0.76,2,-1,-1
472,-1,365,182,23,22,0.91,2,-1,-1
472,-1,219,209,46,52,0.80,7,-1,-1
472,-1,356,111,10,10,0.77,2,-1,-1
473,-1,215,211,50,54,0.92,7,-1,-1
473,-1,365,179,21,21,0.91,2,-1,-1
473,-1,355,111,10,11,0.68,2,-1,-1
474,-1,363,174,22,21,0.90,2,-1,-1
474,-1,211,217,52,55,0.89,7,-1,-1
474,-1,355,110,10,10,0.72,2,-1,-1
475,-1,209,220,52,57,0.94,7,-1,-1
475,-1,362,172,22,20,0.90,2,-1,-1
475,-1,355,110,10,10,0.61,2,-1,-1
476,-1,204,225,55,59,0.93,7,-1,-1
476,-1,361,168,20,19,0.89,2,-1,-1
476,-1,354,110,9,9,0.57,2,-1,-1
477,-1,201,229,58,61,0.94,7,-1,-1
477,-1,360,165,20,20,0.90,2,-1,-1
477,-1,355,110,9,9,0.58,2,-1,-1
478,-1,195,234,62,65,0.93,7,-1,-1
478,-1,360,162,18,19,0.90,2,-1,-1
478,-1,354,109,8,9,0.40,2,-1,-1
479,-1,190,239,63,66,0.92,7,-1,-1
479,-1,360,160,18,19,0.90,2,-1,-1
479,-1,354,109,8,9,0.42,2,-1,-1
480,-1,185,243,67,71,0.94,7,-1,-1
480,-1,359,158,18,17,0.89,2,-1,-1
480,-1,353,108,9,9,0.56,2,-1,-1
481,-1,180,248,70,73,0.94,7,-1,-1
481,-1,359,158,17,15,0.88,2,-1,-1
481,-1,353,108,9,9,0.59,2,-1,-1
482,-1,175,254,72,78,0.95,7,-1,-1
482,-1,358,155,17,15,0.88,2,-1,-1
482,-1,353,108,9,9,0.66,2,-1,-1
483,-1,168,258,76,83,0.95,7,-1,-1
483,-1,357,153,16,15,0.88,2,-1,-1
483,-1,353,108,9,9,0.67,2,-1,-1
484,-1,161,266,80,89,0.95,7,-1,-1
484,-1,356,150,15,15,0.90,2,-1,-1
484,-1,353,107,8,8,0.46,2,-1,-1
485,-1,156,271,83,94,0.95,7,-1,-1
485,-1,356,151,15,12,0.88,2,-1,-1
485,-1,353,107,8,8,0.42,2,-1,-1
486,-1,145,279,91,101,0.96,7,-1,-1
486,-1,355,146,15,15,0.89,2,-1,-1
486,-1,352,107,8,9,0.44,2,-1,-1
486,-1,305,103,10,14,0.19,7,-1,-1
487,-1,138,287,94,105,0.96,7,-1,-1
487,-1,354,146,15,13,0.89,2,-1,-1
487,-1,352,106,8,8,0.36,2,-1,-1
487,-1,305,103,11,15,0.31,7,-1,-1
488,-1,128,294,99,117,0.96,7,-1,-1
488,-1,354,143,15,13,0.87,2,-1,-1
488,-1,352,106,8,8,0.36,2,-1,-1
488,-1,305,104,10,13,0.16,7,-1,-1
489,-1,119,300,104,125,0.96,7,-1,-1
489,-1,353,142,14,13,0.86,2,-1,-1
489,-1,305,104,11,16,0.42,7,-1,-1
489,-1,351,106,8,8,0.38,2,-1,-1
490,-1,105,311,112,136,0.94,7,-1,-1
490,-1,353,140,14,13,0.86,2,-1,-1
490,-1,305,104,11,15,0.46,7,-1,-1
491,-1,96,318,118,146,0.95,7,-1,-1
491,-1,353,140,14,12,0.86,2,-1,-1
491,-1,305,105,11,15,0.49,7,-1,-1
492,-1,80,331,127,162,0.96,7,-1,-1
492,-1,352,139,14,12,0.85,2,-1,-1
492,-1,305,105,11,16,0.53,7,-1,-1
492,-1,351,105,8,8,0.19,2,-1,-1
493,-1,69,342,134,170,0.96,7,-1,-1
493,-1,351,138,14,11,0.84,2,-1,-1
493,-1,304,104,11,17,0.64,7,-1,-1
493,-1,351,104,8,8,0.22,2,-1,-1
494,-1,48,357,146,182,0.95,7,-1,-1
494,-1,350,135,14,12,0.84,2,-1,-1
494,-1,304,105,11,17,0.66,7,-1,-1
494,-1,351,104,8,8,0.23,2,-1,-1
495,-1,35,369,153,170,0.95,7,-1,-1
495,-1,350,134,13,12,0.85,2,-1,-1
495,-1,304,104,11,17,0.66,7,-1,-1
495,-1,350,104,8,8,0.30,2,-1,-1
496,-1,9,389,172,149,0.95,7,-1,-1
496,-1,351,133,13,12,0.85,2,-1,-1
496,-1,304,104,12,18,0.69,7,-1,-1
497,-1,1,403,173,136,0.94,7,-1,-1
497,-1,349,131,13,12,0.85,2,-1,-1
497,-1,303,104,12,19,0.78,7,-1,-1
498,-1,349,130,13,12,0.84,2,-1,-1
498,-1,2,423,162,116,0.83,7,-1,-1
498,-1,303,104,12,19,0.78,7,-1,-1
498,-1,349,102,8,8,0.14,2,-1,-1
499,-1,350,130,12,12,0.84,2,-1,-1
499,-1,303,105,12,19,0.78,7,-1,-1
499,-1,3,447,154,92,0.27,7,-1,-1
499,-1,349,103,7,8,0.10,2,-1,-1
500,-1,349,128,12,11,0.81,2,-1,-1
500,-1,303,105,12,19,0.78,7,-1,-1
500,-1,16,477,129,62,0.76,7,-1,-1
501,-1,349,127,12,12,0.82,2,-1,-1
501,-1,303,105,12,19,0.78,7,-1,-1
502,-1,349,126,13,11,0.84,2,-1,-1
502,-1,303,108,12,17,0.13,2,-1,-1
503,-1,349,126,12,11,0.83,2,-1,-1
503,-1,302,107,12,19,0.66,7,-1,-1
504,-1,348,125,12,10,0.79,2,-1,-1
504,-1,302,107,12,19,0.67,7,-1,-1
505,-1,348,125,12,10,0.79,2,-1,-1
505,-1,302,107,12,19,0.67,7,-1,-1
506,-1,347,123,11,10,0.68,2,-1,-1
506,-1,302,108,12,18,0.61,7,-1,-1
507,-1,347,123,11,10,0.71,2,-1,-1
507,-1,301,110,12,17,0.59,7,-1,-1
508,-1,347,122,11,10,0.81,2,-1,-1
508,-1,301,110,12,17,0.57,7,-1,-1
509,-1,300,110,13,17,0.62,7,-1,-1
509,-1,346,121,10,9,0.40,2,-1,-1
510,-1,299,110,13,18,0.69,7,-1,-1
510,-1,346,120,11,10,0.62,2,-1,-1
511,-1,299,110,13,18,0.70,7,-1,-1
511,-1,346,120,11,10,0.62,2,-1,-1
512,-1,299,109,14,20,0.87,7,-1,-1
512,-1,346,119,10,9,0.53,2,-1,-1
513,-1,299,108,14,21,0.89,7,-1,-1
513,-1,346,119,10,9,0.54,2,-1,-1
514,-1,299,108,14,21,0.89,7,-1,-1
514,-1,345,118,10,9,0.72,2,-1,-1
515,-1,298,108,15,21,0.89,7,-1,-1
515,-1,345,118,10,9,0.67,2,-1,-1
516,-1,297,108,15,21,0.89,7,-1,-1
516,-1,345,117,9,9,0.73,2,-1,-1
517,-1,297,108,15,22,0.90,7,-1,-1
517,-1,345,117,9,9,0.74,2,-1,-1
518,-1,297,110,15,21,0.90,7,-1,-1
518,-1,345,116,9,9,0.73,2,-1,-1
518,-1,466,527,87,12,0.26,2,-1,-1
519,-1,451,487,87,52,0.93,2,-1,-1
519,-1,296,111,15,20,0.89,7,-1,-1
519,-1,344,115,9,9,0.77,2,-1,-1
520,-1,438,436,74,78,0.95,2,-1,-1
520,-1,296,111,15,21,0.89,7,-1,-1
520,-1,344,115,9,9,0.77,2,-1,-1
521,-1,430,409,68,70,0.94,2,-1,-1
521,-1,296,112,15,21,0.90,7,-1,-1
521,-1,344,115,9,8,0.56,2,-1,-1
522,-1,420,372,59,61,0.94,2,-1,-1
522,-1,296,112,15,21,0.90,7,-1,-1
522,-1,344,113,9,8,0.41,2,-1,-1
522,-1,322,105,7,9,0.20,2,-1,-1
523,-1,415,351,54,56,0.94,2,-1,-1
523,-1,295,112,15,21,0.90,7,-1,-1
523,-1,344,113,9,8,0.41,2,-1,-1
523,-1,322,105,7,9,0.20,2,-1,-1
524,-1,407,322,49,52,0.94,2,-1,-1
524,-1,295,114,15,20,0.90,7,-1,-1
524,-1,343,113,8,8,0.39,2,-1,-1
524,-1,322,105,7,9,0.11,2,-1,-1
525,-1,403,307,45,48,0.94,2,-1,-1
525,-1,295,114,15,20,0.90,7,-1,-1
525,-1,343,113,8,8,0.39,2,-1,-1
525,-1,322,105,7,9,0.11,2,-1,-1
526,-1,397,288,43,43,0.94,2,-1,-1
526,-1,294,114,15,20,0.91,7,-1,-1
526,-1,343,112,9,9,0.52,2,-1,-1
527,-1,393,276,39,41,0.94,2,-1,-1
527,-1,294,114,15,20,0.90,7,-1,-1
527,-1,342,112,8,8,0.17,2,-1,-1
528,-1,388,259,38,38,0.94,2,-1,-1
528,-1,294,114,15,21,0.90,7,-1,-1
528,-1,343,110,9,8,0.29,2,-1,-1
529,-1,387,251,36,35,0.93,2,-1,-1
529,-1,293,115,16,21,0.89,7,-1,-1
529,-1,343,110,9,8,0.28,2,-1,-1
530,-1,383,240,34,32,0.94,2,-1,-1
530,-1,292,116,15,21,0.90,7,-1,-1
530,-1,320,107,9,10,0.21,2,-1,-1
531,-1,381,232,31,31,0.93,2,-1,-1
531,-1,292,116,15,21,0.90,7,-1,-1
531,-1,320,107,9,10,0.20,2,-1,-1
532,-1,378,221,30,31,0.93,2,-1,-1
532,-1,292,116,15,21,0.91,7,-1,-1
532,-1,320,107,9,10,0.37,2,-1,-1
533,-1,376,216,31,29,0.94,2,-1,-1
533,-1,291,116,16,22,0.91,7,-1,-1
533,-1,320,108,9,10,0.43,2,-1,-1
534,-1,374,209,28,27,0.93,2,-1,-1
534,-1,291,116,16,22,0.90,7,-1,-1
534,-1,320,108,9,10,0.49,2,-1,-1
535,-1,373,203,28,27,0.93,2,-1,-1
535,-1,290,117,15,22,0.89,7,-1,-1
535,-1,320,108,9,10,0.52,2,-1,-1
536,-1,370,197,26,25,0.92,2,-1,-1
536,-1,290,118,16,22,0.89,7,-1,-1
536,-1,320,109,9,10,0.58,2,-1,-1
537,-1,369,192,26,25,0.91,2,-1,-1
537,-1,289,119,15,22,0.89,7,-1,-1
537,-1,320,109,9,9,0.65,2,-1,-1
538,-1,367,186,26,25,0.92,2,-1,-1
538,-1,289,119,15,22,0.89,7,-1,-1
538,-1,320,109,9,10,0.64,2,-1,-1
539,-1,367,183,24,24,0.91,2,-1,-1
539,-1,288,120,15,22,0.89,7,-1,-1
539,-1,319,110,9,10,0.62,2,-1,-1
540,-1,365,178,23,23,0.90,2,-1,-1
540,-1,288,120,15,22,0.89,7,-1,-1
540,-1,319,110,10,10,0.64,2,-1,-1
541,-1,364,176,22,21,0.92,2,-1,-1
541,-1,287,120,16,22,0.89,7,-1,-1
541,-1,319,110,10,10,0.73,2,-1,-1
542,-1,363,171,22,20,0.89,2,-1,-1
542,-1,287,121,16,23,0.89,7,-1,-1
542,-1,318,110,10,11,0.78,2,-1,-1
543,-1,286,122,16,22,0.90,7,-1,-1
543,-1,362,169,22,20,0.89,2,-1,-1
543,-1,318,111,11,11,0.75,2,-1,-1
544,-1,361,165,21,20,0.90,2,-1,-1
544,-1,286,122,16,23,0.90,7,-1,-1
544,-1,318,111,11,11,0.78,2,-1,-1
545,-1,360,164,19,19,0.90,2,-1,-1
545,-1,286,122,16,24,0.90,7,-1,-1
545,-1,318,111,11,11,0.77,2,-1,-1
546,-1,284,123,17,23,0.91,7,-1,-1
546,-1,359,160,19,18,0.89,2,-1,-1
546,-1,317,111,12,12,0.76,2,-1,-1
547,-1,284,124,17,23,0.91,7,-1,-1
547,-1,359,158,19,18,0.89,2,-1,-1
547,-1,317,112,11,11,0.79,2,-1,-1
548,-1,284,124,17,24,0.91,7,-1,-1
548,-1,358,156,18,17,0.90,2,-1,-1
548,-1,317,113,11,11,0.80,2,-1,-1
549,-1,284,125,17,23,0.92,7,-1,-1
549,-1,357,154,18,16,0.90,2,-1,-1
549,-1,317,114,11,11,0.80,2,-1,-1
550,-1,283,126,17,23,0.90,7,-1,-1
550,-1,356,152,18,15,0.89,2,-1,-1
550,-1,317,114,11,11,0.82,2,-1,-1
551,-1,282,126,18,24,0.90,7,-1,-1
551,-1,356,150,17,15,0.90,2,-1,-1
551,-1,317,115,11,12,0.81,2,-1,-1
552,-1,282,127,18,24,0.91,7,-1,-1
552,-1,356,147,16,16,0.90,2,-1,-1
552,-1,316,116,12,12,0.84,2,-1,-1
553,-1,281,127,18,24,0.91,7,-1,-1
553,-1,355,145,17,16,0.90,2,-1,-1
553,-1,316,116,11,11,0.83,2,-1,-1
554,-1,281,127,19,26,0.91,7,-1,-1
554,-1,354,144,16,14,0.89,2,-1,-1
554,-1,316,117,11,12,0.84,2,-1,-1
555,-1,280,129,19,25,0.92,7,-1,-1
555,-1,354,142,15,15,0.88,2,-1,-1
555,-1,316,117,11,11,0.81,2,-1,-1
556,-1,280,129,19,25,0.92,7,-1,-1
556,-1,354,141,15,14,0.88,2,-1,-1
556,-1,316,118,11,11,0.83,2,-1,-1
557,-1,279,129,19,26,0.92,7,-1,-1
557,-1,354,140,14,14,0.88,2,-1,-1
557,-1,317,119,10,11,0.81,2,-1,-1
558,-1,279,129,19,27,0.92,7,-1,-1
558,-1,353,138,14,14,0.88,2,-1,-1
558,-1,316,119,11,11,0.81,2,-1,-1
559,-1,278,130,20,27,0.92,7,-1,-1
559,-1,353,137,14,13,0.87,2,-1,-1
559,-1,316,119,11,11,0.80,2,-1,-1
560,-1,277,132,20,26,0.91,7,-1,-1
560,-1,352,135,14,14,0.86,2,-1,-1
560,-1,316,120,11,11,0.75,2,-1,-1
561,-1,276,132,20,27,0.91,7,-1,-1
561,-1,351,134,14,13,0.87,2,-1,-1
561,-1,315,120,12,12,0.78,2,-1,-1
562,-1,275,133,21,26,0.92,7,-1,-1
562,-1,352,133,13,13,0.87,2,-1,-1
562,-1,315,121,12,12,0.81,2,-1,-1
563,-1,275,134,21,26,0.92,7,-1,-1
563,-1,352,132,13,13,0.84,2,-1,-1
563,-1,315,122,12,11,0.81,2,-1,-1
564,-1,274,134,21,28,0.92,7,-1,-1
564,-1,351,131,12,12,0.84,2,-1,-1
564,-1,314,123,12,12,0.83,2,-1,-1
565,-1,274,135,21,28,0.92,7,-1,-1
565,-1,314,124,12,12,0.85,2,-1,-1
565,-1,351,131,12,12,0.84,2,-1,-1
566,-1,273,136,22,28,0.92,7,-1,-1
566,-1,314,125,12,13,0.84,2,-1,-1
566,-1,351,130,12,12,0.80,2,-1,-1
567,-1,273,137,21,28,0.91,7,-1,-1
567,-1,313,125,13,12,0.86,2,-1,-1
567,-1,351,130,12,12,0.76,2,-1,-1
568,-1,272,138,22,29,0.92,7,-1,-1
568,-1,313,125,13,13,0.87,2,-1,-1
568,-1,350,128,12,11,0.82,2,-1,-1
569,-1,272,140,22,28,0.93,7,-1,-1
569,-1,312,126,13,14,0.83,2,-1,-1
569,-1,351,127,11,11,0.83,2,-1,-1
570,-1,271,141,22,28,0.92,7,-1,-1
570,-1,312,127,14,14,0.83,2,-1,-1
570,-1,349,125,11,10,0.81,2,-1,-1
571,-1,270,142,22,29,0.93,7,-1,-1
571,-1,312,127,13,14,0.83,2,-1,-1
571,-1,349,125,11,10,0.81,2,-1,-1
572,-1,269,143,23,29,0.94,7,-1,-1
572,-1,312,128,13,15,0.83,2,-1,-1
572,-1,348,124,11,11,0.77,2,-1,-1
573,-1,268,144,23,30,0.93,7,-1,-1
573,-1,312,130,13,14,0.83,2,-1,-1
573,-1,347,124,11,10,0.61,2,-1,-1
574,-1,267,145,24,31,0.94,7,-1,-1
574,-1,311,131,13,14,0.86,2,-1,-1
574,-1,348,122,11,10,0.78,2,-1,-1
575,-1,266,145,24,31,0.93,7,-1,-1
575,-1,311,132,13,15,0.86,2,-1,-1
575,-1,347,121,11,10,0.66,2,-1,-1
576,-1,265,146,25,32,0.92,7,-1,-1
576,-1,310,133,14,15,0.87,2,-1,-1
576,-1,347,120,11,10,0.68,2,-1,-1
577,-1,265,148,25,32,0.92,7,-1,-1
577,-1,310,134,14,15,0.86,2,-1,-1
577,-1,347,120,11,10,0.68,2,-1,-1
578,-1,263,150,26,33,0.93,7,-1,-1
578,-1,310,135,14,16,0.86,2,-1,-1
578,-1,346,120,10,9,0.51,2,-1,-1
579,-1,263,151,26,33,0.93,7,-1,-1
579,-1,309,136,15,16,0.87,2,-1,-1
579,-1,346,120,10,9,0.52,2,-1,-1
580,-1,261,152,27,34,0.94,7,-1,-1
580,-1,309,137,15,16,0.86,2,-1,-1
580,-1,347,119,9,9,0.58,2,-1,-1
581,-1,261,153,27,34,0.93,7,-1,-1
581,-1,309,139,14,16,0.87,2,-1,-1
581,-1,347,119,10,9,0.49,2,-1,-1
582,-1,259,156,28,34,0.93,7,-1,-1
582,-1,308,141,15,16,0.88,2,-1,-1
582,-1,346,117,9,9,0.65,2,-1,-1
583,-1,259,156,28,35,0.94,7,-1,-1
583,-1,308,141,15,16,0.89,2,-1,-1
583,-1,346,117,9,9,0.65,2,-1,-1
584,-1,258,159,28,35,0.94,7,-1,-1
584,-1,307,144,16,17,0.89,2,-1,-1
584,-1,345,117,9,8,0.13,2,-1,-1
585,-1,257,159,29,37,0.94,7,-1,-1
585,-1,306,145,16,17,0.90,2,-1,-1
585,-1,345,117,8,8,0.11,2,-1,-1
586,-1,255,160,29,38,0.95,7,-1,-1
586,-1,306,147,16,18,0.90,2,-1,-1
586,-1,345,115,9,8,0.49,2,-1,-1
587,-1,255,162,29,38,0.93,7,-1,-1
587,-1,306,148,16,18,0.90,2,-1,-1
587,-1,345,115,8,8,0.27,2,-1,-1
588,-1,254,163,30,40,0.93,7,-1,-1
588,-1,305,150,16,18,0.90,2,-1,-1
588,-1,345,115,8,8,0.28,2,-1,-1
589,-1,252,165,31,40,0.94,7,-1,-1
589,-1,305,152,17,18,0.90,2,-1,-1
589,-1,345,114,8,8,0.21,2,-1,-1
590,-1,250,166,32,42,0.94,7,-1,-1
590,-1,304,154,17,18,0.89,2,-1,-1
590,-1,345,113,8,8,0.17,2,-1,-1
591,-1,249,168,32,42,0.93,7,-1,-1
591,-1,303,156,18,19,0.90,2,-1,-1
591,-1,345,113,8,9,0.17,2,-1,-1
592,-1,247,170,32,43,0.93,7,-1,-1
592,-1,302,159,18,20,0.90,2,-1,-1
592,-1,344,112,9,9,0.38,2,-1,-1
593,-1,245,173,33,43,0.93,7,-1,-1
593,-1,302,160,18,20,0.90,2,-1,-1
593,-1,345,112,8,8,0.12,2,-1,-1
594,-1,244,174,34,45,0.94,7,-1,-1
594,-1,300,162,19,21,0.90,2,-1,-1
595,-1,242,176,35,46,0.93,7,-1,-1
595,-1,299,164,20,22,0.91,2,-1,-1
595,-1,344,111,9,8,0.10,2,-1,-1
596,-1,240,179,35,47,0.92,7,-1,-1
596,-1,299,167,21,23,0.91,2,-1,-1
597,-1,238,180,37,49,0.93,7,-1,-1
597,-1,298,170,21,23,0.91,2,-1,-1
598,-1,235,184,37,50,0.94,7,-1,-1
598,-1,297,173,22,24,0.91,2,-1,-1
599,-1,234,187,38,51,0.93,7,-1,-1
599,-1,296,175,22,25,0.90,2,-1,-1
600,-1,230,191,40,52,0.94,7,-1,-1
600,-1,295,180,23,26,0.92,2,-1,-1
601,-1,228,192,40,54,0.94,7,-1,-1
601,-1,293,182,23,27,0.92,2,-1,-1
601,-1,310,92,9,12,0.10,7,-1,-1
602,-1,292,186,25,28,0.94,2,-1,-1
602,-1,224,196,42,57,0.93,7,-1,-1
603,-1,291,190,25,29,0.94,2,-1,-1
603,-1,222,197,43,60,0.94,7,-1,-1
604,-1,289,195,27,31,0.94,2,-1,-1
604,-1,218,200,45,63,0.94,7,-1,-1
605,-1,288,199,27,32,0.95,2,-1,-1
605,-1,215,203,47,64,0.94,7,-1,-1
606,-1,210,206,47,68,0.95,7,-1,-1
606,-1,286,205,28,33,0.94,2,-1,-1
607,-1,207,210,49,70,0.95,7,-1,-1
607,-1,284,209,29,35,0.94,2,-1,-1
608,-1,203,215,50,73,0.94,7,-1,-1
608,-1,282,217,30,37,0.94,2,-1,-1
609,-1,280,222,32,39,0.95,2,-1,-1
609,-1,199,217,51,77,0.94,7,-1,-1
610,-1,277,231,33,42,0.95,2,-1,-1
610,-1,192,225,55,77,0.95,7,-1,-1
611,-1,274,237,35,44,0.95,2,-1,-1
611,-1,189,231,56,79,0.94,7,-1,-1
612,-1,272,249,36,48,0.95,2,-1,-1
612,-1,182,236,60,85,0.95,7,-1,-1
613,-1,268,257,39,49,0.96,2,-1,-1
613,-1,177,240,62,89,0.95,7,-1,-1
614,-1,169,248,66,93,0.95,7,-1,-1
614,-1,263,271,42,54,0.95,2,-1,-1
615,-1,164,254,67,96,0.95,7,-1,-1
615,-1,258,280,45,58,0.94,2,-1,-1
616,-1,156,261,70,104,0.96,7,-1,-1
616,-1,252,297,48,64,0.95,2,-1,-1
617,-1,149,267,73,108,0.96,7,-1,-1
617,-1,248,310,51,70,0.95,2,-1,-1
618,-1,139,276,77,117,0.97,7,-1,-1
618,-1,239,333,56,80,0.95,2,-1,-1
619,-1,130,285,80,120,0.96,7,-1,-1
619,-1,232,351,61,87,0.95,2,-1,-1
620,-1,119,296,86,130,0.97,7,-1,-1
620,-1,221,382,68,100,0.95,2,-1,-1
621,-1,110,308,90,134,0.98,7,-1,-1
621,-1,212,408,73,111,0.94,2,-1,-1
622,-1,95,320,96,148,0.96,7,-1,-1
622,-1,197,454,82,85,0.95,2,-1,-1
623,-1,84,332,102,156,0.96,7,-1,-1
623,-1,196,491,76,48,0.94,2,-1,-1
623,-1,321,111,8,8,0.42,2,-1,-1
624,-1,66,351,107,169,0.96,7,-1,-1
624,-1,320,111,9,8,0.39,2,-1,-1
625,-1,53,364,113,175,0.96,7,-1,-1
625,-1,320,111,9,8,0.38,2,-1,-1
626,-1,31,387,123,152,0.95,7,-1,-1
626,-1,319,112,9,8,0.61,2,-1,-1
627,-1,12,401,134,134,0.93,7,-1,-1
627,-1,320,113,9,9,0.56,2,-1,-1
628,-1,3,424,128,114,0.84,7,-1,-1
628,-1,320,112,9,9,0.55,2,-1,-1
629,-1,320,113,9,9,0.56,2,-1,-1
629,-1,3,457,117,79,0.13,7,-1,-1
630,-1,319,114,10,9,0.76,2,-1,-1
631,-1,319,114,10,9,0.76,2,-1,-1
632,-1,319,114,10,9,0.78,2,-1,-1
633,-1,318,117,10,9,0.77,2,-1,-1
634,-1,318,117,10,9,0.77,2,-1,-1
635,-1,318,117,10,9,0.77,2,-1,-1
636,-1,317,117,11,10,0.75,2,-1,-1
637,-1,317,118,10,10,0.77,2,-1,-1
638,-1,317,118,10,10,0.77,2,-1,-1
639,-1,317,119,10,10,0.75,2,-1,-1
640,-1,317,119,10,10,0.76,2,-1,-1
641,-1,317,120,10,9,0.73,2,-1,-1
642,-1,316,122,11,9,0.64,2,-1,-1
643,-1,316,122,11,10,0.81,2,-1,-1
644,-1,315,122,11,10,0.81,2,-1,-1
645,-1,315,123,11,10,0.75,2,-1,-1
646,-1,313,124,13,10,0.77,2,-1,-1
647,-1,314,124,13,11,0.81,2,-1,-1
648,-1,314,125,12,11,0.79,2,-1,-1
649,-1,313,126,13,11,0.83,2,-1,-1
650,-1,313,126,13,11,0.84,2,-1,-1
651,-1,312,126,13,11,0.80,2,-1,-1
652,-1,312,127,12,12,0.79,2,-1,-1
653,-1,312,127,12,12,0.81,2,-1,-1
654,-1,312,128,12,12,0.80,2,-1,-1
655,-1,312,130,13,12,0.79,2,-1,-1
656,-1,312,131,13,12,0.81,2,-1,-1
657,-1,312,131,13,12,0.81,2,-1,-1
658,-1,311,133,13,12,0.81,2,-1,-1
659,-1,311,134,13,13,0.80,2,-1,-1
660,-1,311,135,13,12,0.85,2,-1,-1
661,-1,311,137,13,12,0.85,2,-1,-1
662,-1,311,139,13,12,0.86,2,-1,-1
662,-1,319,109,9,9,0.16,2,-1,-1
663,-1,310,139,13,13,0.87,2,-1,-1
663,-1,319,109,9,9,0.12,2,-1,-1
664,-1,310,141,14,13,0.88,2,-1,-1
664,-1,319,109,9,9,0.11,2,-1,-1
665,-1,309,142,14,13,0.87,2,-1,-1
665,-1,319,109,9,9,0.14,2,-1,-1
666,-1,309,144,15,13,0.88,2,-1,-1
667,-1,308,146,15,13,0.88,2,-1,-1
668,-1,307,148,16,13,0.88,2,-1,-1
669,-1,307,149,16,13,0.84,2,-1,-1
669,-1,317,110,10,10,0.31,2,-1,-1
670,-1,306,151,16,14,0.88,2,-1,-1
670,-1,316,109,10,11,0.50,2,-1,-1
671,-1,305,152,16,14,0.88,2,-1,-1
671,-1,316,109,10,11,0.45,2,-1,-1
672,-1,306,157,15,12,0.84,2,-1,-1
672,-1,316,110,10,11,0.19,2,-1,-1
673,-1,304,159,16,12,0.83,2,-1,-1
673,-1,314,110,10,12,0.32,2,-1,-1
674,-1,304,161,17,14,0.87,2,-1,-1
674,-1,314,110,10,12,0.28,2,-1,-1
675,-1,304,162,16,14,0.88,2,-1,-1
676,-1,303,163,17,17,0.89,2,-1,-1
676,-1,311,114,9,9,0.29,2,-1,-1
677,-1,301,166,18,17,0.89,2,-1,-1
677,-1,311,114,9,9,0.29,2,-1,-1
678,-1,300,169,19,18,0.89,2,-1,-1
679,-1,299,171,19,18,0.89,2,-1,-1
680,-1,298,174,20,19,0.90,2,-1,-1
681,-1,297,177,20,20,0.89,2,-1,-1
681,-1,304,107,11,19,0.43,7,-1,-1
682,-1,296,181,20,21,0.90,2,-1,-1
682,-1,305,109,12,17,0.65,7,-1,-1
683,-1,295,183,21,21,0.90,2,-1,-1
683,-1,305,109,12,17,0.65,7,-1,-1
684,-1,293,188,22,22,0.91,2,-1,-1
684,-1,303,108,12,19,0.52,7,-1,-1
685,-1,292,192,23,23,0.92,2,-1,-1
685,-1,303,108,12,19,0.53,7,-1,-1
686,-1,289,198,24,24,0.91,2,-1,-1
686,-1,303,110,12,18,0.80,7,-1,-1
687,-1,288,201,24,25,0.91,2,-1,-1
687,-1,303,111,12,19,0.80,7,-1,-1
687,-1,321,114,8,8,0.11,2,-1,-1
688,-1,286,207,25,28,0.92,2,-1,-1
688,-1,302,111,13,19,0.85,7,-1,-1
689,-1,284,211,27,29,0.95,2,-1,-1
689,-1,302,111,12,19,0.85,7,-1,-1
689,-1,320,114,8,9,0.13,2,-1,-1
690,-1,281,219,28,31,0.93,2,-1,-1
690,-1,301,112,14,19,0.83,7,-1,-1
690,-1,320,115,8,8,0.14,2,-1,-1
691,-1,278,225,29,32,0.94,2,-1,-1
691,-1,301,112,13,19,0.83,7,-1,-1
691,-1,320,116,8,9,0.48,2,-1,-1
692,-1,274,235,32,35,0.94,2,-1,-1
692,-1,299,112,14,19,0.87,7,-1,-1
692,-1,320,116,8,9,0.48,2,-1,-1
693,-1,273,242,32,37,0.93,2,-1,-1
693,-1,299,112,14,19,0.85,7,-1,-1
694,-1,269,255,35,38,0.94,2,-1,-1
694,-1,298,113,14,20,0.85,7,-1,-1
695,-1,264,264,38,41,0.95,2,-1,-1
695,-1,297,114,14,19,0.85,7,-1,-1
695,-1,320,118,8,9,0.52,2,-1,-1
696,-1,258,279,41,45,0.95,2,-1,-1
696,-1,297,114,14,20,0.85,7,-1,-1
696,-1,320,118,8,8,0.11,2,-1,-1
697,-1,256,290,42,49,0.94,2,-1,-1
697,-1,297,114,15,20,0.85,7,-1,-1
697,-1,320,118,8,8,0.12,2,-1,-1
698,-1,250,310,45,55,0.94,2,-1,-1
698,-1,296,116,15,19,0.87,7,-1,-1
699,-1,244,326,48,60,0.95,2,-1,-1
699,-1,296,115,15,20,0.85,7,-1,-1
700,-1,232,353,56,68,0.95,2,-1,-1
700,-1,296,115,16,20,0.84,7,-1,-1
701,-1,225,374,59,76,0.95,2,-1,-1
701,-1,295,117,15,20,0.82,7,-1,-1
701,-1,319,121,9,9,0.13,2,-1,-1
702,-1,211,412,68,92,0.96,2,-1,-1
702,-1,294,116,15,22,0.82,7,-1,-1
703,-1,199,442,73,97,0.95,2,-1,-1
703,-1,293,115,15,24,0.79,7,-1,-1
704,-1,192,497,68,42,0.92,2,-1,-1
704,-1,293,116,15,24,0.80,7,-1,-1
705,-1,292,117,16,22,0.83,7,-1,-1
706,-1,292,118,15,23,0.81,7,-1,-1
706,-1,317,124,10,10,0.73,2,-1,-1
707,-1,292,118,15,23,0.80,7,-1,-1
707,-1,317,124,10,10,0.71,2,-1,-1
708,-1,291,119,15,24,0.83,7,-1,-1
708,-1,317,124,10,9,0.77,2,-1,-1
709,-1,291,118,16,25,0.83,7,-1,-1
709,-1,316,125,11,11,0.72,2,-1,-1
710,-1,289,118,17,26,0.88,7,-1,-1
710,-1,316,126,11,10,0.75,2,-1,-1
711,-1,289,118,18,26,0.88,7,-1,-1
711,-1,316,126,11,10,0.75,2,-1,-1
712,-1,289,119,18,26,0.88,7,-1,-1
712,-1,316,127,11,11,0.30,2,-1,-1
713,-1,288,120,18,26,0.89,7,-1,-1
713,-1,316,127,10,11,0.31,2,-1,-1
714,-1,288,119,18,27,0.88,7,-1,-1
714,-1,315,128,10,10,0.33,2,-1,-1
715,-1,287,120,18,27,0.88,7,-1,-1
716,-1,287,122,18,26,0.87,7,-1,-1
716,-1,315,129,11,11,0.40,2,-1,-1
717,-1,286,122,18,27,0.86,7,-1,-1
717,-1,315,129,11,11,0.31,2,-1,-1
718,-1,286,122,19,27,0.86,7,-1,-1
718,-1,313,132,11,11,0.43,2,-1,-1
719,-1,285,124,19,27,0.87,7,-1,-1
719,-1,298,114,15,22,0.68,7,-1,-1
719,-1,313,132,11,12,0.62,2,-1,-1
720,-1,284,125,19,27,0.89,7,-1,-1
720,-1,297,114,16,22,0.82,7,-1,-1
720,-1,313,133,12,12,0.73,2,-1,-1
721,-1,284,126,19,26,0.90,7,-1,-1
721,-1,297,114,16,22,0.82,7,-1,-1
721,-1,313,134,12,12,0.65,2,-1,-1
722,-1,284,127,19,27,0.90,7,-1,-1
722,-1,311,135,13,12,0.82,2,-1,-1
722,-1,297,114,16,23,0.80,7,-1,-1
723,-1,283,128,19,26,0.89,7,-1,-1
723,-1,311,137,13,11,0.84,2,-1,-1
723,-1,296,114,16,23,0.82,7,-1,-1
724,-1,283,130,19,27,0.88,7,-1,-1
724,-1,311,138,13,11,0.85,2,-1,-1
724,-1,296,115,16,23,0.82,7,-1,-1
725,-1,282,130,19,27,0.87,7,-1,-1
725,-1,311,139,13,12,0.85,2,-1,-1
725,-1,296,115,16,23,0.83,7,-1,-1
726,-1,281,128,20,30,0.90,7,-1,-1
726,-1,311,141,13,12,0.85,2,-1,-1
726,-1,296,116,15,22,0.83,7,-1,-1
727,-1,281,130,21,31,0.90,7,-1,-1
727,-1,295,116,16,23,0.84,7,-1,-1
727,-1,310,142,14,12,0.84,2,-1,-1
728,-1,279,129,22,32,0.89,7,-1,-1
728,-1,295,116,17,24,0.83,7,-1,-1
728,-1,310,143,14,12,0.82,2,-1,-1
729,-1,279,130,22,33,0.89,7,-1,-1
729,-1,295,117,16,23,0.84,7,-1,-1
729,-1,310,144,14,12,0.83,2,-1,-1
730,-1,278,131,22,33,0.90,7,-1,-1
730,-1,295,117,17,23,0.86,7,-1,-1
730,-1,309,145,15,13,0.84,2,-1,-1
731,-1,277,132,23,33,0.91,7,-1,-1
731,-1,294,117,17,24,0.85,7,-1,-1
731,-1,309,147,15,13,0.84,2,-1,-1
732,-1,276,132,23,34,0.90,7,-1,-1
732,-1,294,118,18,24,0.88,7,-1,-1
732,-1,308,149,15,14,0.86,2,-1,-1
733,-1,275,133,23,34,0.90,7,-1,-1
733,-1,294,117,18,25,0.89,7,-1,-1
733,-1,308,150,15,14,0.85,2,-1,-1
734,-1,274,135,23,34,0.91,7,-1,-1
734,-1,293,116,18,26,0.88,7,-1,-1
734,-1,307,152,16,14,0.85,2,-1,-1
735,-1,274,135,23,35,0.91,7,-1,-1
735,-1,293,116,18,27,0.88,7,-1,-1
735,-1,593,494,45,45,0.85,2,-1,-1
735,-1,307,153,16,15,0.84,2,-1,-1
736,-1,573,456,64,81,0.95,2,-1,-1
736,-1,272,136,24,36,0.91,7,-1,-1
736,-1,292,116,18,28,0.90,7,-1,-1
736,-1,307,155,16,15,0.86,2,-1,-1
737,-1,560,433,78,80,0.95,2,-1,-1
737,-1,272,137,24,36,0.92,7,-1,-1
737,-1,292,116,19,28,0.90,7,-1,-1
737,-1,306,156,16,16,0.84,2,-1,-1
738,-1,542,404,77,72,0.95,2,-1,-1
738,-1,271,138,24,37,0.91,7,-1,-1
738,-1,291,116,19,29,0.90,7,-1,-1
738,-1,305,160,17,15,0.86,2,-1,-1
739,-1,532,386,73,68,0.94,2,-1,-1
739,-1,269,140,25,37,0.91,7,-1,-1
739,-1,291,117,19,29,0.90,7,-1,-1
739,-1,305,162,16,16,0.87,2,-1,-1
740,-1,518,362,67,62,0.95,2,-1,-1
740,-1,268,142,24,37,0.92,7,-1,-1
740,-1,291,118,19,28,0.90,7,-1,-1
740,-1,304,163,18,18,0.88,2,-1,-1
740,-1,309,91,8,11,0.32,7,-1,-1
741,-1,509,348,64,59,0.95,2,-1,-1
741,-1,267,142,25,38,0.92,7,-1,-1
741,-1,291,118,19,28,0.91,7,-1,-1
741,-1,303,166,18,17,0.89,2,-1,-1
741,-1,309,91,8,11,0.30,7,-1,-1
742,-1,497,328,60,55,0.95,2,-1,-1
742,-1,266,143,26,39,0.92,7,-1,-1
742,-1,290,118,19,30,0.91,7,-1,-1
742,-1,303,169,18,17,0.89,2,-1,-1
742,-1,310,91,8,11,0.17,7,-1,-1
743,-1,490,317,56,52,0.94,2,-1,-1
743,-1,264,146,26,39,0.92,7,-1,-1
743,-1,290,117,20,30,0.90,7,-1,-1
743,-1,302,171,19,18,0.89,2,-1,-1
743,-1,310,91,8,11,0.34,7,-1,-1
744,-1,484,306,53,49,0.94,2,-1,-1
744,-1,263,146,26,40,0.93,7,-1,-1
744,-1,289,117,20,31,0.90,7,-1,-1
744,-1,301,173,19,18,0.88,2,-1,-1
744,-1,310,91,8,11,0.43,7,-1,-1
745,-1,476,291,49,45,0.94,2,-1,-1
745,-1,262,148,27,42,0.93,7,-1,-1
745,-1,300,177,20,19,0.90,2,-1,-1
745,-1,289,118,20,31,0.89,7,-1,-1
745,-1,310,91,9,12,0.16,7,-1,-1
746,-1,470,283,47,44,0.93,2,-1,-1
746,-1,261,149,27,42,0.93,7,-1,-1
746,-1,300,180,19,19,0.89,2,-1,-1
746,-1,289,119,20,30,0.89,7,-1,-1
746,-1,310,92,9,12,0.17,7,-1,-1
747,-1,463,271,44,41,0.95,2,-1,-1
747,-1,260,151,27,43,0.92,7,-1,-1
747,-1,288,119,21,31,0.90,7,-1,-1
747,-1,298,184,20,20,0.90,2,-1,-1
747,-1,310,92,9,12,0.29,7,-1,-1
748,-1,458,264,43,40,0.93,2,-1,-1
748,-1,258,152,28,44,0.91,7,-1,-1
748,-1,288,119,21,32,0.91,7,-1,-1
748,-1,297,187,21,22,0.90,2,-1,-1
748,-1,310,92,10,13,0.25,7,-1,-1
749,-1,452,254,41,37,0.94,2,-1,-1
749,-1,256,155,29,45,0.93,7,-1,-1
749,-1,287,119,21,33,0.92,7,-1,-1
749,-1,296,192,22,23,0.91,2,-1,-1
749,-1,310,92,10,13,0.32,7,-1,-1
750,-1,448,247,39,37,0.94,2,-1,-1
750,-1,286,119,21,34,0.93,7,-1,-1
750,-1,254,156,30,45,0.93,7,-1,-1
750,-1,294,196,23,23,0.92,2,-1,-1
750,-1,310,92,10,13,0.41,7,-1,-1
751,-1,443,239,36,34,0.94,2,-1,-1
751,-1,253,159,30,46,0.94,7,-1,-1
751,-1,286,120,22,34,0.92,7,-1,-1
751,-1,292,202,24,25,0.92,2,-1,-1
751,-1,310,92,10,14,0.20,7,-1,-1
752,-1,439,234,36,34,0.94,2,-1,-1
752,-1,251,160,31,47,0.93,7,-1,-1
752,-1,291,206,25,26,0.93,2,-1,-1
752,-1,285,120,22,34,0.92,7,-1,-1
752,-1,310,92,10,14,0.17,7,-1,-1
753,-1,433,227,35,32,0.95,2,-1,-1
753,-1,289,213,25,27,0.93,2,-1,-1
753,-1,285,120,22,34,0.93,7,-1,-1
753,-1,248,163,33,49,0.93,7,-1,-1
753,-1,310,92,10,14,0.24,7,-1,-1
754,-1,247,164,33,50,0.94,7,-1,-1
754,-1,432,223,33,30,0.93,2,-1,-1
754,-1,287,219,27,29,0.93,2,-1,-1
754,-1,285,121,22,33,0.92,7,-1,-1
754,-1,310,92,10,14,0.23,7,-1,-1
755,-1,244,167,34,52,0.94,7,-1,-1
755,-1,427,216,32,30,0.94,2,-1,-1
755,-1,284,227,29,31,0.94,2,-1,-1
755,-1,284,121,22,35,0.92,7,-1,-1
755,-1,311,92,10,14,0.16,7,-1,-1
756,-1,282,234,30,32,0.94,2,-1,-1
756,-1,243,169,34,53,0.94,7,-1,-1
756,-1,425,212,31,29,0.93,2,-1,-1
756,-1,284,122,23,35,0.92,7,-1,-1
756,-1,311,92,10,14,0.21,7,-1,-1
757,-1,279,244,31,35,0.95,2,-1,-1
757,-1,240,171,35,56,0.94,7,-1,-1
757,-1,283,122,24,37,0.93,7,-1,-1
757,-1,421,207,29,28,0.93,2,-1,-1
757,-1,311,92,10,14,0.11,7,-1,-1
758,-1,238,173,36,57,0.95,7,-1,-1
758,-1,276,252,33,37,0.94,2,-1,-1
758,-1,419,203,29,28,0.93,2,-1,-1
758,-1,283,122,24,36,0.93,7,-1,-1
759,-1,272,266,35,41,0.94,2,-1,-1
759,-1,234,176,37,60,0.94,7,-1,-1
759,-1,416,199,28,26,0.93,2,-1,-1
759,-1,282,123,24,37,0.93,7,-1,-1
759,-1,579,510,59,29,0.78,2,-1,-1
759,-1,311,92,11,13,0.14,7,-1,-1
760,-1,269,276,37,43,0.95,2,-1,-1
760,-1,232,178,38,61,0.94,7,-1,-1
760,-1,415,196,25,25,0.93,2,-1,-1
760,-1,282,124,24,36,0.93,7,-1,-1
760,-1,559,476,77,63,0.93,2,-1,-1
760,-1,311,93,11,13,0.10,7,-1,-1
761,-1,538,432,87,82,0.96,2,-1,-1
761,-1,264,292,40,49,0.95,2,-1,-1
761,-1,227,183,41,62,0.94,7,-1,-1
761,-1,411,192,26,25,0.93,2,-1,-1
761,-1,281,124,24,38,0.93,7,-1,-1
762,-1,524,408,80,73,0.94,2,-1,-1
762,-1,259,305,44,53,0.94,2,-1,-1
762,-1,280,124,25,39,0.94,7,-1,-1
762,-1,226,186,41,64,0.94,7,-1,-1
762,-1,409,189,25,24,0.93,2,-1,-1
762,-1,311,93,11,13,0.26,7,-1,-1
763,-1,221,191,43,66,0.95,7,-1,-1
763,-1,280,124,25,41,0.95,7,-1,-1
763,-1,251,329,48,60,0.95,2,-1,-1
763,-1,510,375,68,67,0.94,2,-1,-1
763,-1,407,186,23,23,0.92,2,-1,-1
763,-1,311,94,11,13,0.31,7,-1,-1
764,-1,279,124,26,41,0.95,7,-1,-1
764,-1,497,357,66,60,0.95,2,-1,-1
764,-1,219,192,45,70,0.95,7,-1,-1
764,-1,245,348,53,66,0.94,2,-1,-1
764,-1,405,183,24,22,0.92,2,-1,-1
764,-1,311,94,11,13,0.29,7,-1,-1
765,-1,278,124,26,41,0.95,7,-1,-1
765,-1,233,380,59,78,0.95,2,-1,-1
765,-1,213,198,47,72,0.94,7,-1,-1
765,-1,482,331,61,54,0.94,2,-1,-1
765,-1,403,180,23,22,0.92,2,-1,-1
765,-1,311,94,11,13,0.27,7,-1,-1
766,-1,210,201,47,74,0.95,7,-1,-1
766,-1,277,125,27,42,0.94,7,-1,-1
766,-1,225,406,63,85,0.94,2,-1,-1
766,-1,477,316,53,51,0.94,2,-1,-1
766,-1,401,177,23,22,0.92,2,-1,-1
766,-1,311,94,10,13,0.15,7,-1,-1
767,-1,204,206,51,78,0.95,7,-1,-1
767,-1,466,296,49,47,0.94,2,-1,-1
767,-1,210,456,71,83,0.94,2,-1,-1
767,-1,276,126,27,42,0.94,7,-1,-1
767,-1,399,174,22,21,0.91,2,-1,-1
767,-1,311,94,10,13,0.32,7,-1,-1
768,-1,200,210,53,81,0.95,7,-1,-1
768,-1,461,285,45,45,0.94,2,-1,-1
768,-1,276,126,27,42,0.93,7,-1,-1
768,-1,205,496,68,43,0.92,2,-1,-1
768,-1,398,172,22,21,0.92,2,-1,-1
768,-1,311,94,10,13,0.40,7,-1,-1
769,-1,194,216,57,86,0.95,7,-1,-1
769,-1,451,270,44,42,0.94,2,-1,-1
769,-1,276,127,27,43,0.93,7,-1,-1
769,-1,396,169,21,20,0.92,2,-1,-1
769,-1,311,95,10,12,0.26,7,-1,-1
770,-1,188,221,59,88,0.95,7,-1,-1
770,-1,446,260,40,40,0.93,2,-1,-1
770,-1,275,128,27,43,0.93,7,-1,-1
770,-1,396,168,20,19,0.91,2,-1,-1
770,-1,311,95,10,12,0.23,7,-1,-1
771,-1,182,229,62,94,0.95,7,-1,-1
771,-1,274,129,28,44,0.93,7,-1,-1
771,-1,437,249,39,37,0.92,2,-1,-1
771,-1,394,165,20,19,0.91,2,-1,-1
771,-1,311,95,10,12,0.22,7,-1,-1
772,-1,176,233,65,98,0.95,7,-1,-1
772,-1,273,129,28,44,0.94,7,-1,-1
772,-1,432,242,39,36,0.93,2,-1,-1
772,-1,393,163,20,19,0.91,2,-1,-1
773,-1,167,242,69,104,0.96,7,-1,-1
773,-1,272,130,28,45,0.94,7,-1,-1
773,-1,426,231,35,35,0.93,2,-1,-1
773,-1,391,161,20,20,0.91,2,-1,-1
774,-1,161,247,71,110,0.95,7,-1,-1
774,-1,272,130,28,46,0.94,7,-1,-1
774,-1,422,225,34,34,0.94,2,-1,-1
774,-1,391,159,19,19,0.92,2,-1,-1
775,-1,151,257,77,120,0.95,7,-1,-1
775,-1,270,131,29,47,0.94,7,-1,-1
775,-1,416,218,32,31,0.94,2,-1,-1
775,-1,389,158,18,18,0.92,2,-1,-1
776,-1,142,265,81,125,0.96,7,-1,-1
776,-1,269,131,30,48,0.94,7,-1,-1
776,-1,413,213,30,30,0.93,2,-1,-1
776,-1,389,156,18,18,0.91,2,-1,-1
777,-1,129,277,87,136,0.96,7,-1,-1
777,-1,269,132,30,49,0.93,7,-1,-1
777,-1,406,206,30,28,0.93,2,-1,-1
777,-1,387,154,18,18,0.91,2,-1,-1
778,-1,119,285,93,144,0.96,7,-1,-1
778,-1,268,133,30,49,0.93,7,-1,-1
778,-1,404,201,29,28,0.92,2,-1,-1
778,-1,387,153,18,18,0.90,2,-1,-1
779,-1,104,301,99,158,0.95,7,-1,-1
779,-1,267,133,31,50,0.93,7,-1,-1
779,-1,401,195,27,27,0.93,2,-1,-1
779,-1,386,151,17,17,0.91,2,-1,-1
780,-1,89,312,107,168,0.95,7,-1,-1
780,-1,266,133,32,51,0.93,7,-1,-1
780,-1,397,191,26,27,0.92,2,-1,-1
780,-1,385,150,17,17,0.90,2,-1,-1
781,-1,70,331,116,185,0.96,7,-1,-1
781,-1,394,187,25,25,0.93,2,-1,-1
781,-1,265,134,33,53,0.92,7,-1,-1
781,-1,384,148,17,17,0.89,2,-1,-1
782,-1,58,345,122,194,0.96,7,-1,-1
782,-1,264,134,32,53,0.93,7,-1,-1
782,-1,391,184,24,25,0.92,2,-1,-1
782,-1,383,147,17,17,0.89,2,-1,-1
783,-1,31,368,134,171,0.95,7,-1,-1
783,-1,263,135,33,55,0.93,7,-1,-1
783,-1,388,180,23,23,0.92,2,-1,-1
783,-1,381,145,18,17,0.90,2,-1,-1
784,-1,29,388,127,151,0.95,7,-1,-1
784,-1,263,135,33,56,0.92,7,-1,-1
784,-1,386,177,23,22,0.90,2,-1,-1
784,-1,381,145,17,17,0.89,2,-1,-1
784,-1,311,96,9,11,0.12,7,-1,-1
785,-1,8,410,136,129,0.95,7,-1,-1
785,-1,262,136,34,56,0.92,7,-1,-1
785,-1,385,174,21,22,0.90,2,-1,-1
785,-1,381,143,17,17,0.88,2,-1,-1
785,-1,311,96,10,12,0.46,7,-1,-1
786,-1,1,444,131,94,0.94,7,-1,-1
786,-1,261,137,35,57,0.93,7,-1,-1
786,-1,380,142,16,16,0.90,2,-1,-1
786,-1,381,170,21,22,0.88,2,-1,-1
786,-1,311,96,10,12,0.49,7,-1,-1
787,-1,259,139,35,57,0.93,7,-1,-1
787,-1,378,166,21,22,0.90,2,-1,-1
787,-1,379,140,16,16,0.89,2,-1,-1
787,-1,1,494,92,45,0.83,7,-1,-1
787,-1,310,97,10,12,0.21,7,-1,-1
788,-1,259,138,36,60,0.94,7,-1,-1
788,-1,376,165,21,21,0.88,2,-1,-1
788,-1,378,139,15,16,0.88,2,-1,-1
788,-1,309,97,10,12,0.17,7,-1,-1
789,-1,258,139,36,60,0.94,7,-1,-1
789,-1,378,139,15,15,0.86,2,-1,-1
789,-1,376,162,20,21,0.86,2,-1,-1
789,-1,309,97,9,12,0.11,7,-1,-1
790,-1,257,141,36,61,0.94,7,-1,-1
790,-1,375,159,18,21,0.88,2,-1,-1
790,-1,377,137,15,15,0.85,2,-1,-1
791,-1,255,141,38,63,0.94,7,-1,-1
791,-1,371,155,19,21,0.88,2,-1,-1
791,-1,376,136,15,15,0.86,2,-1,-1
792,-1,254,141,39,65,0.95,7,-1,-1
792,-1,371,155,19,19,0.88,2,-1,-1
792,-1,376,135,14,15,0.86,2,-1,-1
792,-1,308,97,10,14,0.22,7,-1,-1
793,-1,252,143,40,66,0.95,7,-1,-1
793,-1,369,153,18,19,0.90,2,-1,-1
793,-1,375,135,14,14,0.84,2,-1,-1
794,-1,252,143,39,67,0.95,7,-1,-1
794,-1,368,151,17,18,0.88,2,-1,-1
794,-1,374,134,14,14,0.84,2,-1,-1
795,-1,250,144,41,68,0.95,7,-1,-1
795,-1,368,149,17,19,0.88,2,-1,-1
795,-1,374,134,14,13,0.81,2,-1,-1
796,-1,248,145,42,72,0.94,7,-1,-1
796,-1,373,133,13,13,0.89,2,-1,-1
796,-1,366,148,16,18,0.88,2,-1,-1
796,-1,322,102,7,7,0.12,2,-1,-1
797,-1,246,145,43,72,0.95,7,-1,-1
797,-1,372,132,13,13,0.88,2,-1,-1
797,-1,366,147,16,17,0.88,2,-1,-1
797,-1,307,98,10,12,0.14,7,-1,-1
798,-1,245,147,44,74,0.95,7,-1,-1
798,-1,372,131,13,14,0.84,2,-1,-1
798,-1,365,145,15,16,0.83,2,-1,-1
798,-1,307,98,10,13,0.15,7,-1,-1
799,-1,244,148,45,76,0.95,7,-1,-1
799,-1,364,144,15,15,0.84,2,-1,-1
799,-1,371,130,13,13,0.78,2,-1,-1
799,-1,307,98,10,12,0.23,7,-1,-1
800,-1,242,149,45,77,0.95,7,-1,-1
800,-1,363,143,14,15,0.84,2,-1,-1
800,-1,371,129,13,13,0.76,2,-1,-1
800,-1,307,98,10,13,0.30,7,-1,-1
801,-1,240,150,47,80,0.95,7,-1,-1
801,-1,362,141,14,15,0.83,2,-1,-1
801,-1,370,128,12,13,0.75,2,-1,-1
801,-1,307,99,10,13,0.32,7,-1,-1
802,-1,238,151,47,82,0.94,7,-1,-1
802,-1,361,137,16,18,0.79,2,-1,-1
802,-1,369,128,14,13,0.61,2,-1,-1
802,-1,306,98,11,15,0.33,7,-1,-1
803,-1,235,152,51,85,0.94,7,-1,-1
803,-1,361,139,15,15,0.81,2,-1,-1
803,-1,369,127,14,12,0.69,2,-1,-1
803,-1,305,99,12,16,0.51,7,-1,-1
804,-1,234,152,51,87,0.94,7,-1,-1
804,-1,305,100,13,18,0.80,7,-1,-1
804,-1,360,138,15,13,0.74,2,-1,-1
804,-1,368,127,13,12,0.69,2,-1,-1
805,-1,232,154,53,89,0.95,7,-1,-1
805,-1,305,100,12,18,0.79,7,-1,-1
805,-1,359,136,15,13,0.70,2,-1,-1
805,-1,368,127,14,12,0.68,2,-1,-1
806,-1,230,156,54,91,0.95,7,-1,-1
806,-1,305,101,12,18,0.86,7,-1,-1
806,-1,359,137,13,12,0.80,2,-1,-1
806,-1,368,126,12,12,0.66,2,-1,-1
807,-1,227,157,54,95,0.95,7,-1,-1
807,-1,305,101,13,18,0.87,7,-1,-1
807,-1,357,136,14,12,0.84,2,-1,-1
807,-1,367,125,13,12,0.75,2,-1,-1
808,-1,225,157,56,98,0.95,7,-1,-1
808,-1,305,101,13,18,0.87,7,-1,-1
808,-1,357,134,14,12,0.80,2,-1,-1
808,-1,366,125,13,12,0.71,2,-1,-1
809,-1,222,160,59,100,0.95,7,-1,-1
809,-1,304,101,13,18,0.87,7,-1,-1
809,-1,357,132,14,12,0.73,2,-1,-1
809,-1,364,124,13,12,0.72,2,-1,-1
810,-1,220,162,59,102,0.95,7,-1,-1
810,-1,304,101,14,18,0.87,7,-1,-1
810,-1,365,124,12,11,0.72,2,-1,-1
810,-1,357,131,12,12,0.69,2,-1,-1
811,-1,216,163,63,106,0.95,7,-1,-1
811,-1,303,101,14,18,0.87,7,-1,-1
811,-1,356,130,13,12,0.74,2,-1,-1
811,-1,365,122,12,11,0.63,2,-1,-1
812,-1,215,164,63,109,0.95,7,-1,-1
812,-1,303,102,13,18,0.86,7,-1,-1
812,-1,356,129,13,12,0.73,2,-1,-1
812,-1,364,122,12,12,0.63,2,-1,-1
813,-1,210,167,66,113,0.96,7,-1,-1
813,-1,303,102,13,18,0.85,7,-1,-1
813,-1,355,128,13,12,0.70,2,-1,-1
813,-1,364,121,12,12,0.57,2,-1,-1
814,-1,208,167,68,117,0.96,7,-1,-1
814,-1,303,102,13,18,0.85,7,-1,-1
814,-1,354,128,13,12,0.65,2,-1,-1
814,-1,364,121,12,12,0.59,2,-1,-1
814,-1,319,105,10,11,0.11,2,-1,-1
815,-1,204,170,71,121,0.96,7,-1,-1
815,-1,303,102,13,19,0.87,7,-1,-1
815,-1,363,119,12,13,0.66,2,-1,-1
815,-1,353,126,12,12,0.62,2,-1,-1
816,-1,201,171,72,124,0.96,7,-1,-1
816,-1,303,103,13,20,0.88,7,-1,-1
816,-1,353,126,12,11,0.74,2,-1,-1
816,-1,364,120,11,12,0.62,2,-1,-1
817,-1,196,173,77,131,0.96,7,-1,-1
817,-1,303,103,13,20,0.88,7,-1,-1
817,-1,353,125,11,11,0.72,2,-1,-1
817,-1,363,119,11,11,0.69,2,-1,-1
817,-1,319,107,10,12,0.21,2,-1,-1
818,-1,192,175,79,134,0.96,7,-1,-1
818,-1,303,104,13,20,0.86,7,-1,-1
818,-1,352,124,12,12,0.70,2,-1,-1
818,-1,363,119,11,11,0.65,2,-1,-1
818,-1,320,109,9,10,0.19,2,-1,-1
819,-1,187,177,82,142,0.95,7,-1,-1
819,-1,303,104,13,20,0.87,7,-1,-1
819,-1,363,119,11,11,0.75,2,-1,-1
819,-1,351,124,11,11,0.69,2,-1,-1
819,-1,320,109,9,10,0.17,2,-1,-1
820,-1,183,179,85,145,0.95,7,-1,-1
820,-1,302,104,13,21,0.88,7,-1,-1
820,-1,363,118,11,11,0.72,2,-1,-1
820,-1,351,123,11,10,0.70,2,-1,-1
820,-1,320,109,9,11,0.28,2,-1,-1
821,-1,178,182,88,153,0.95,7,-1,-1
821,-1,302,105,13,21,0.88,7,-1,-1
821,-1,362,118,11,11,0.66,2,-1,-1
821,-1,350,122,11,11,0.58,2,-1,-1
821,-1,320,110,9,11,0.18,2,-1,-1
822,-1,173,183,92,158,0.95,7,-1,-1
822,-1,302,105,13,21,0.88,7,-1,-1
822,-1,361,117,11,11,0.65,2,-1,-1
822,-1,350,121,11,11,0.57,2,-1,-1
822,-1,319,110,10,13,0.36,2,-1,-1
823,-1,167,186,96,165,0.95,7,-1,-1
823,-1,302,105,13,21,0.88,7,-1,-1
823,-1,361,117,11,11,0.65,2,-1,-1
823,-1,349,120,11,11,0.57,2,-1,-1
823,-1,319,110,10,12,0.35,2,-1,-1
824,-1,163,189,96,171,0.96,7,-1,-1
824,-1,302,105,14,21,0.88,7,-1,-1
824,-1,360,116,11,11,0.68,2,-1,-1
824,-1,349,119,11,11,0.37,2,-1,-1
824,-1,319,109,10,14,0.26,2,-1,-1
825,-1,153,191,104,182,0.95,7,-1,-1
825,-1,301,106,14,21,0.88,7,-1,-1
825,-1,360,116,11,11,0.71,2,-1,-1
825,-1,349,119,10,10,0.35,2,-1,-1
825,-1,319,109,10,14,0.27,2,-1,-1
826,-1,148,193,108,189,0.95,7,-1,-1
826,-1,301,106,14,21,0.88,7,-1,-1
826,-1,360,115,11,11,0.70,2,-1,-1
826,-1,348,118,11,11,0.47,2,-1,-1
826,-1,319,109,11,14,0.42,2,-1,-1
827,-1,140,198,115,199,0.96,7,-1,-1
827,-1,301,106,14,21,0.88,7,-1,-1
827,-1,359,114,11,11,0.68,2,-1,-1
827,-1,347,117,10,11,0.19,2,-1,-1
827,-1,318,109,11,15,0.16,2,-1,-1
828,-1,133,200,121,207,0.96,7,-1,-1
828,-1,301,106,14,21,0.88,7,-1,-1
828,-1,359,115,11,11,0.68,2,-1,-1
828,-1,347,117,10,11,0.18,2,-1,-1
828,-1,318,109,11,15,0.17,2,-1,-1
829,-1,123,204,127,220,0.96,7,-1,-1
829,-1,301,106,14,22,0.88,7,-1,-1
829,-1,359,114,11,11,0.73,2,-1,-1
829,-1,318,110,11,15,0.41,2,-1,-1
829,-1,347,117,10,10,0.28,2,-1,-1
830,-1,116,207,132,232,0.95,7,-1,-1
830,-1,301,106,15,23,0.88,7,-1,-1
830,-1,359,114,11,11,0.74,2,-1,-1
830,-1,318,112,11,13,0.56,2,-1,-1
830,-1,346,116,10,10,0.18,2,-1,-1
831,-1,103,211,141,247,0.96,7,-1,-1
831,-1,300,106,15,22,0.90,7,-1,-1
831,-1,358,113,11,11,0.73,2,-1,-1
831,-1,318,113,11,13,0.67,2,-1,-1
831,-1,346,116,9,10,0.14,2,-1,-1
832,-1,94,214,148,259,0.95,7,-1,-1
832,-1,300,106,15,22,0.90,7,-1,-1
832,-1,358,113,11,11,0.73,2,-1,-1
832,-1,318,113,11,13,0.66,2,-1,-1
832,-1,346,116,9,10,0.14,2,-1,-1
833,-1,80,220,159,278,0.95,7,-1,-1
833,-1,300,107,15,23,0.88,7,-1,-1
833,-1,358,112,10,11,0.68,2,-1,-1
833,-1,319,114,10,13,0.37,2,-1,-1
834,-1,69,223,169,291,0.95,7,-1,-1
834,-1,300,107,15,23,0.88,7,-1,-1
834,-1,358,111,10,11,0.77,2,-1,-1
834,-1,319,114,10,13,0.37,2,-1,-1
835,-1,52,227,181,312,0.95,7,-1,-1
835,-1,300,108,15,23,0.89,7,-1,-1
835,-1,358,111,10,11,0.77,2,-1,-1
835,-1,319,115,11,13,0.56,2,-1,-1
836,-1,42,230,187,308,0.95,7,-1,-1
836,-1,299,108,15,24,0.89,7,-1,-1
836,-1,357,111,10,11,0.76,2,-1,-1
836,-1,318,114,11,14,0.63,2,-1,-1
837,-1,19,236,208,302,0.95,7,-1,-1
837,-1,298,108,16,24,0.89,7,-1,-1
837,-1,357,111,10,11,0.77,2,-1,-1
837,-1,318,114,11,15,0.61,2,-1,-1
838,-1,3,240,223,299,0.95,7,-1,-1
838,-1,297,109,16,24,0.90,7,-1,-1
838,-1,357,110,10,11,0.79,2,-1,-1
838,-1,317,113,11,15,0.69,2,-1,-1
839,-1,2,246,220,292,0.95,7,-1,-1
839,-1,297,110,16,24,0.90,7,-1,-1
839,-1,357,110,10,10,0.78,2,-1,-1
839,-1,318,114,11,15,0.68,2,-1,-1
840,-1,3,252,214,287,0.95,7,-1,-1
840,-1,297,110,16,24,0.90,7,-1,-1
840,-1,356,110,10,10,0.78,2,-1,-1
840,-1,317,114,11,16,0.63,2,-1,-1
841,-1,1,259,212,280,0.95,7,-1,-1
841,-1,296,109,16,25,0.90,7,-1,-1
841,-1,356,109,10,10,0.77,2,-1,-1
841,-1,317,114,11,16,0.67,2,-1,-1
842,-1,1,264,208,275,0.95,7,-1,-1
842,-1,295,110,17,26,0.91,7,-1,-1
842,-1,356,109,10,10,0.72,2,-1,-1
842,-1,317,117,12,15,0.67,2,-1,-1
843,-1,1,274,200,265,0.96,7,-1,-1
843,-1,294,111,18,26,0.90,7,-1,-1
843,-1,356,109,10,10,0.71,2,-1,-1
843,-1,316,116,13,17,0.70,2,-1,-1
844,-1,1,282,197,257,0.96,7,-1,-1
844,-1,294,111,18,26,0.90,7,-1,-1
844,-1,316,117,13,16,0.73,2,-1,-1
844,-1,356,108,10,10,0.71,2,-1,-1
845,-1,0,292,192,246,0.95,7,-1,-1
845,-1,294,112,18,26,0.90,7,-1,-1
845,-1,316,118,13,16,0.71,2,-1,-1
845,-1,356,108,10,10,0.69,2,-1,-1
846,-1,1,302,186,237,0.94,7,-1,-1
846,-1,294,112,18,26,0.90,7,-1,-1
846,-1,316,117,13,17,0.72,2,-1,-1
846,-1,355,108,9,10,0.62,2,-1,-1
847,-1,1,315,177,224,0.95,7,-1,-1
847,-1,293,113,18,26,0.90,7,-1,-1
847,-1,315,118,14,17,0.75,2,-1,-1
847,-1,355,108,9,10,0.55,2,-1,-1
848,-1,0,322,173,217,0.95,7,-1,-1
848,-1,292,113,19,27,0.90,7,-1,-1
848,-1,316,120,13,17,0.68,2,-1,-1
848,-1,355,108,9,10,0.52,2,-1,-1
849,-1,1,334,166,205,0.95,7,-1,-1
849,-1,292,113,19,27,0.90,7,-1,-1
849,-1,315,119,13,19,0.68,2,-1,-1
849,-1,355,108,9,10,0.50,2,-1,-1
850,-1,1,351,157,188,0.95,7,-1,-1
850,-1,583,439,55,100,0.93,7,-1,-1
850,-1,291,114,19,28,0.90,7,-1,-1
850,-1,314,117,15,21,0.55,7,-1,-1
850,-1,355,107,9,10,0.51,2,-1,-1
851,-1,1,368,144,171,0.95,7,-1,-1
851,-1,555,391,82,148,0.94,7,-1,-1
851,-1,291,114,19,28,0.90,7,-1,-1
851,-1,315,121,14,19,0.67,2,-1,-1
851,-1,354,107,9,9,0.46,2,-1,-1
852,-1,542,369,94,170,0.96,7,-1,-1
852,-1,3,383,135,156,0.95,7,-1,-1
852,-1,290,115,19,28,0.90,7,-1,-1
852,-1,314,121,14,19,0.68,2,-1,-1
852,-1,354,107,9,9,0.46,2,-1,-1
853,-1,523,341,114,198,0.96,7,-1,-1
853,-1,3,404,121,135,0.95,7,-1,-1
853,-1,290,115,20,29,0.91,7,-1,-1
853,-1,314,121,14,19,0.71,2,-1,-1
853,-1,354,107,8,9,0.50,2,-1,-1
854,-1,512,322,126,216,0.96,7,-1,-1
854,-1,1,420,113,119,0.93,7,-1,-1
854,-1,289,115,20,29,0.91,7,-1,-1
854,-1,313,121,14,20,0.71,2,-1,-1
854,-1,354,107,8,9,0.51,2,-1,-1
855,-1,499,301,136,238,0.96,7,-1,-1
855,-1,1,446,100,93,0.91,7,-1,-1
855,-1,288,116,21,30,0.91,7,-1,-1
855,-1,311,120,16,23,0.65,7,-1,-1
855,-1,354,107,9,9,0.57,2,-1,-1
856,-1,490,289,145,249,0.96,7,-1,-1
856,-1,288,116,21,30,0.91,7,-1,-1
856,-1,2,468,89,71,0.84,7,-1,-1
856,-1,312,120,16,23,0.64,7,-1,-1
856,-1,354,107,9,9,0.57,2,-1,-1
857,-1,479,272,155,266,0.97,7,-1,-1
857,-1,287,117,21,30,0.91,7,-1,-1
857,-1,2,505,62,34,0.87,2,-1,-1
857,-1,312,122,16,22,0.73,2,-1,-1
857,-1,353,106,9,9,0.51,2,-1,-1
858,-1,473,263,164,262,0.96,7,-1,-1
858,-1,287,118,21,30,0.90,7,-1,-1
858,-1,311,121,16,24,0.81,7,-1,-1
858,-1,353,106,9,9,0.52,2,-1,-1
859,-1,463,249,170,232,0.97,7,-1,-1
859,-1,287,119,21,30,0.91,7,-1,-1
859,-1,311,123,16,24,0.85,7,-1,-1
859,-1,353,105,9,9,0.46,2,-1,-1
860,-1,457,242,160,215,0.97,7,-1,-1
860,-1,286,119,21,31,0.91,7,-1,-1
860,-1,311,124,16,24,0.77,7,-1,-1
860,-1,353,105,9,9,0.47,2,-1,-1
861,-1,449,231,144,195,0.97,7,-1,-1
861,-1,286,119,21,32,0.92,7,-1,-1
861,-1,310,125,16,24,0.68,7,-1,-1
861,-1,353,105,9,9,0.44,2,-1,-1
862,-1,446,224,134,183,0.97,7,-1,-1
862,-1,285,120,22,31,0.91,7,-1,-1
862,-1,310,125,17,25,0.75,7,-1,-1
862,-1,353,104,9,10,0.44,2,-1,-1
863,-1,439,216,123,166,0.96,7,-1,-1
863,-1,284,120,22,32,0.91,7,-1,-1
863,-1,309,127,17,24,0.78,7,-1,-1
863,-1,353,103,8,10,0.49,2,-1,-1
864,-1,436,209,114,155,0.96,7,-1,-1
864,-1,283,120,23,33,0.90,7,-1,-1
864,-1,309,127,17,26,0.85,7,-1,-1
864,-1,352,103,8,10,0.47,2,-1,-1
865,-1,431,203,105,142,0.96,7,-1,-1
865,-1,283,121,22,33,0.90,7,-1,-1
865,-1,308,127,18,27,0.88,7,-1,-1
865,-1,352,103,8,10,0.49,2,-1,-1
866,-1,427,199,101,134,0.97,7,-1,-1
866,-1,283,122,23,33,0.90,7,-1,-1
866,-1,308,128,18,27,0.88,7,-1,-1
866,-1,352,103,9,9,0.50,2,-1,-1
867,-1,423,193,92,125,0.97,7,-1,-1
867,-1,281,122,24,35,0.91,7,-1,-1
867,-1,307,129,18,28,0.87,7,-1,-1
867,-1,352,103,9,9,0.51,2,-1,-1
868,-1,419,188,90,119,0.98,7,-1,-1
868,-1,281,123,24,35,0.91,7,-1,-1
868,-1,307,130,19,28,0.87,7,-1,-1
868,-1,352,103,9,9,0.47,2,-1,-1
869,-1,415,183,83,111,0.96,7,-1,-1
869,-1,280,123,24,36,0.92,7,-1,-1
869,-1,306,133,19,27,0.78,7,-1,-1
869,-1,352,103,9,9,0.42,2,-1,-1
870,-1,415,180,78,107,0.96,7,-1,-1
870,-1,279,124,25,35,0.92,7,-1,-1
870,-1,306,134,19,27,0.76,7,-1,-1
870,-1,352,103,9,9,0.40,2,-1,-1
871,-1,410,175,75,101,0.96,7,-1,-1
871,-1,278,125,26,36,0.92,7,-1,-1
871,-1,306,135,19,28,0.70,7,-1,-1
871,-1,351,102,9,9,0.39,2,-1,-1
872,-1,409,172,71,96,0.96,7,-1,-1
872,-1,278,125,26,37,0.92,7,-1,-1
872,-1,305,136,19,28,0.73,7,-1,-1
872,-1,351,102,9,9,0.25,2,-1,-1
873,-1,405,168,67,91,0.96,7,-1,-1
873,-1,277,126,26,38,0.91,7,-1,-1
873,-1,304,136,20,30,0.88,7,-1,-1
873,-1,351,102,9,9,0.24,2,-1,-1
874,-1,404,166,64,88,0.96,7,-1,-1
874,-1,276,126,26,38,0.91,7,-1,-1
874,-1,304,138,20,30,0.85,7,-1,-1
874,-1,351,102,9,9,0.24,2,-1,-1
875,-1,401,162,62,84,0.96,7,-1,-1
875,-1,275,128,27,39,0.91,7,-1,-1
875,-1,303,139,21,31,0.88,7,-1,-1
875,-1,350,102,9,9,0.16,2,-1,-1
876,-1,400,160,59,82,0.96,7,-1,-1
876,-1,274,129,27,39,0.90,7,-1,-1
876,-1,302,141,21,31,0.87,7,-1,-1
876,-1,350,102,9,9,0.15,2,-1,-1
877,-1,398,157,56,78,0.95,7,-1,-1
877,-1,273,129,28,40,0.91,7,-1,-1
877,-1,302,143,22,32,0.90,7,-1,-1
877,-1,350,102,9,9,0.15,2,-1,-1
878,-1,396,155,55,75,0.95,7,-1,-1
878,-1,302,143,22,34,0.92,7,-1,-1
878,-1,273,130,28,41,0.91,7,-1,-1
879,-1,394,152,53,72,0.95,7,-1,-1
879,-1,272,131,28,41,0.92,7,-1,-1
879,-1,301,145,23,35,0.91,7,-1,-1
880,-1,392,150,52,71,0.95,7,-1,-1
880,-1,270,132,29,42,0.93,7,-1,-1
880,-1,300,146,24,36,0.90,7,-1,-1
881,-1,392,149,48,68,0.96,7,-1,-1
881,-1,269,133,29,43,0.94,7,-1,-1
881,-1,299,149,24,36,0.93,7,-1,-1
882,-1,391,147,46,66,0.96,7,-1,-1
882,-1,268,133,30,44,0.94,7,-1,-1
882,-1,298,150,25,36,0.93,7,-1,-1
883,-1,388,145,46,63,0.95,7,-1,-1
883,-1,267,132,30,47,0.92,7,-1,-1
883,-1,297,153,26,37,0.92,7,-1,-1
884,-1,296,155,26,38,0.94,7,-1,-1
884,-1,387,143,44,63,0.94,7,-1,-1
884,-1,266,133,30,48,0.93,7,-1,-1
885,-1,385,140,43,61,0.94,7,-1,-1
885,-1,294,156,27,39,0.93,7,-1,-1
885,-1,265,134,31,48,0.93,7,-1,-1
886,-1,385,140,42,58,0.93,7,-1,-1
886,-1,293,157,29,41,0.93,7,-1,-1
886,-1,263,136,32,48,0.93,7,-1,-1
887,-1,384,137,39,57,0.94,7,-1,-1
887,-1,292,160,30,44,0.94,7,-1,-1
887,-1,262,141,31,46,0.94,7,-1,-1
888,-1,261,139,33,50,0.94,7,-1,-1
888,-1,291,162,30,44,0.94,7,-1,-1
888,-1,383,136,39,55,0.94,7,-1,-1
889,-1,381,134,38,55,0.95,7,-1,-1
889,-1,289,164,30,47,0.95,7,-1,-1
889,-1,259,138,34,53,0.94,7,-1,-1
890,-1,380,133,37,53,0.95,7,-1,-1
890,-1,288,166,31,49,0.94,7,-1,-1
890,-1,258,142,34,52,0.92,7,-1,-1
891,-1,380,132,35,52,0.94,7,-1,-1
891,-1,287,170,32,50,0.93,7,-1,-1
891,-1,257,142,35,54,0.92,7,-1,-1
892,-1,379,131,35,51,0.96,7,-1,-1
892,-1,285,172,33,51,0.94,7,-1,-1
892,-1,255,141,36,56,0.93,7,-1,-1
893,-1,283,176,35,54,0.94,7,-1,-1
893,-1,378,130,34,49,0.93,7,-1,-1
893,-1,253,145,37,56,0.92,7,-1,-1
894,-1,378,129,33,48,0.94,7,-1,-1
894,-1,282,179,36,54,0.93,7,-1,-1
894,-1,251,144,38,59,0.93,7,-1,-1
894,-1,347,99,8,9,0.18,7,-1,-1
895,-1,377,128,32,47,0.94,7,-1,-1
895,-1,250,145,38,62,0.94,7,-1,-1
895,-1,280,183,37,57,0.93,7,-1,-1
895,-1,347,99,8,9,0.18,7,-1,-1
896,-1,248,146,40,64,0.94,7,-1,-1
896,-1,376,127,32,46,0.94,7,-1,-1
896,-1,278,186,38,60,0.93,7,-1,-1
897,-1,245,147,43,66,0.94,7,-1,-1
897,-1,375,126,31,45,0.94,7,-1,-1
897,-1,275,192,40,61,0.93,7,-1,-1
898,-1,244,148,44,68,0.94,7,-1,-1
898,-1,374,125,31,44,0.94,7,-1,-1
898,-1,272,196,43,64,0.93,7,-1,-1
899,-1,268,202,45,69,0.94,7,-1,-1
899,-1,373,123,31,44,0.94,7,-1,-1
899,-1,241,149,45,71,0.94,7,-1,-1
900,-1,265,208,47,70,0.95,7,-1,-1
900,-1,373,123,30,43,0.94,7,-1,-1
900,-1,240,149,46,73,0.94,7,-1,-1
