1,-1,232,376,56,102,0.92,2,-1,-1
1,-1,354,84,12,18,0.54,2,-1,-1
1,-1,343,76,12,16,0.47,2,-1,-1
2,-1,224,407,62,114,0.92,2,-1,-1
2,-1,353,83,12,18,0.52,2,-1,-1
2,-1,344,75,12,16,0.41,2,-1,-1
3,-1,213,462,66,76,0.90,2,-1,-1
3,-1,352,86,12,14,0.56,2,-1,-1
3,-1,344,75,12,16,0.43,2,-1,-1
4,-1,211,507,60,32,0.87,2,-1,-1
4,-1,353,86,11,14,0.57,2,-1,-1
4,-1,344,75,12,15,0.45,2,-1,-1
4,-1,314,76,9,8,0.11,2,-1,-1
5,-1,353,85,10,14,0.56,2,-1,-1
5,-1,345,75,12,14,0.45,2,-1,-1
5,-1,313,77,10,8,0.15,2,-1,-1
6,-1,352,86,11,13,0.55,2,-1,-1
6,-1,346,74,11,14,0.36,2,-1,-1
6,-1,312,78,10,8,0.14,2,-1,-1
7,-1,353,86,10,13,0.52,2,-1,-1
7,-1,347,74,10,14,0.33,2,-1,-1
7,-1,311,79,10,8,0.28,2,-1,-1
8,-1,353,86,10,12,0.53,2,-1,-1
8,-1,346,74,12,14,0.33,2,-1,-1
8,-1,311,79,10,8,0.29,2,-1,-1
9,-1,352,85,11,12,0.54,2,-1,-1
9,-1,310,80,10,9,0.43,2,-1,-1
9,-1,348,74,11,14,0.21,2,-1,-1
10,-1,352,85,10,12,0.56,2,-1,-1
10,-1,310,80,9,9,0.39,2,-1,-1
10,-1,348,72,11,15,0.16,2,-1,-1
11,-1,352,85,10,12,0.56,2,-1,-1
11,-1,309,80,10,10,0.44,2,-1,-1
11,-1,348,72,12,15,0.16,2,-1,-1
12,-1,352,84,10,12,0.48,2,-1,-1
12,-1,309,80,10,10,0.43,2,-1,-1
12,-1,349,70,12,20,0.11,2,-1,-1
13,-1,307,82,10,9,0.49,2,-1,-1
13,-1,352,84,10,11,0.45,2,-1,-1
14,-1,307,82,10,9,0.48,2,-1,-1
14,-1,350,70,12,24,0.36,7,-1,-1
15,-1,306,84,10,10,0.46,2,-1,-1
15,-1,351,70,12,24,0.39,7,-1,-1
16,-1,306,84,10,10,0.43,2,-1,-1
16,-1,351,70,12,24,0.39,7,-1,-1
17,-1,305,85,11,10,0.63,2,-1,-1
17,-1,351,70,12,24,0.40,7,-1,-1
18,-1,304,85,11,10,0.59,2,-1,-1
18,-1,351,70,12,24,0.41,7,-1,-1
19,-1,304,86,10,11,0.67,2,-1,-1
19,-1,352,70,11,23,0.55,7,-1,-1
20,-1,304,86,10,10,0.68,2,-1,-1
20,-1,352,70,11,22,0.56,7,-1,-1
21,-1,303,87,11,10,0.63,2,-1,-1
21,-1,352,70,11,22,0.46,7,-1,-1
22,-1,302,88,11,11,0.65,2,-1,-1
22,-1,352,70,11,22,0.45,7,-1,-1
23,-1,302,88,11,12,0.65,2,-1,-1
23,-1,352,75,10,16,0.45,2,-1,-1
24,-1,302,89,11,12,0.66,2,-1,-1
24,-1,352,77,10,14,0.60,2,-1,-1
25,-1,300,90,12,12,0.66,2,-1,-1
25,-1,352,78,10,12,0.61,2,-1,-1
26,-1,300,91,12,12,0.71,2,-1,-1
26,-1,352,78,10,12,0.63,2,-1,-1
27,-1,298,92,12,12,0.71,2,-1,-1
27,-1,352,78,10,12,0.60,2,-1,-1
28,-1,298,93,12,12,0.68,2,-1,-1
28,-1,352,79,10,11,0.61,2,-1,-1
29,-1,297,94,12,12,0.73,2,-1,-1
29,-1,352,78,10,11,0.55,2,-1,-1
30,-1,297,95,12,12,0.71,2,-1,-1
30,-1,352,78,10,11,0.55,2,-1,-1
31,-1,296,96,12,12,0.74,2,-1,-1
31,-1,352,78,10,10,0.54,2,-1,-1
32,-1,295,98,12,12,0.74,2,-1,-1
32,-1,352,78,10,10,0.53,2,-1,-1
33,-1,295,99,12,12,0.80,2,-1,-1
33,-1,352,78,10,10,0.45,2,-1,-1
34,-1,294,99,13,14,0.81,2,-1,-1
34,-1,353,77,9,10,0.43,2,-1,-1
35,-1,292,100,14,14,0.82,2,-1,-1
35,-1,353,77,9,10,0.43,2,-1,-1
36,-1,292,101,14,14,0.83,2,-1,-1
36,-1,353,77,9,10,0.41,2,-1,-1
37,-1,290,102,14,16,0.81,2,-1,-1
37,-1,353,76,10,10,0.41,2,-1,-1
38,-1,290,103,14,16,0.80,2,-1,-1
38,-1,354,76,9,10,0.41,2,-1,-1
39,-1,289,106,14,15,0.81,2,-1,-1
39,-1,354,76,9,10,0.39,2,-1,-1
40,-1,288,106,14,16,0.81,2,-1,-1
40,-1,354,76,9,10,0.40,2,-1,-1
41,-1,288,108,14,16,0.83,2,-1,-1
41,-1,354,75,8,10,0.32,2,-1,-1
42,-1,287,110,14,15,0.82,2,-1,-1
42,-1,355,75,8,10,0.23,2,-1,-1
43,-1,286,113,14,16,0.82,2,-1,-1
43,-1,355,75,8,9,0.26,2,-1,-1
44,-1,285,115,15,15,0.83,2,-1,-1
44,-1,354,75,9,9,0.25,2,-1,-1
45,-1,283,116,16,16,0.84,2,-1,-1
45,-1,355,74,8,9,0.24,2,-1,-1
46,-1,283,119,15,16,0.83,2,-1,-1
46,-1,355,74,8,10,0.24,2,-1,-1
47,-1,282,122,15,16,0.83,2,-1,-1
47,-1,355,73,9,10,0.25,2,-1,-1
48,-1,280,124,16,15,0.84,2,-1,-1
48,-1,355,73,9,10,0.25,2,-1,-1
49,-1,280,128,15,16,0.83,2,-1,-1
49,-1,356,72,8,10,0.23,2,-1,-1
50,-1,279,129,16,16,0.84,2,-1,-1
50,-1,356,72,8,10,0.23,2,-1,-1
51,-1,277,132,16,16,0.86,2,-1,-1
51,-1,356,72,8,10,0.21,2,-1,-1
52,-1,276,132,16,19,0.86,2,-1,-1
52,-1,356,72,8,10,0.21,2,-1,-1
53,-1,274,136,16,20,0.87,2,-1,-1
53,-1,357,72,8,10,0.20,2,-1,-1
54,-1,273,139,16,19,0.85,2,-1,-1
54,-1,357,72,8,9,0.13,2,-1,-1
55,-1,271,143,18,19,0.85,2,-1,-1
55,-1,357,72,8,9,0.14,2,-1,-1
56,-1,270,145,18,21,0.86,2,-1,-1
57,-1,268,149,19,22,0.87,2,-1,-1
58,-1,267,152,18,22,0.85,2,-1,-1
58,-1,358,71,8,9,0.12,2,-1,-1
59,-1,264,157,20,24,0.87,2,-1,-1
59,-1,358,71,8,9,0.12,2,-1,-1
60,-1,262,161,20,24,0.86,2,-1,-1
61,-1,259,166,21,26,0.86,2,-1,-1
62,-1,257,171,22,26,0.86,2,-1,-1
63,-1,253,176,24,30,0.88,2,-1,-1
64,-1,252,182,24,28,0.88,2,-1,-1
65,-1,247,188,26,31,0.88,2,-1,-1
66,-1,244,196,26,30,0.88,2,-1,-1
67,-1,240,202,27,36,0.87,2,-1,-1
68,-1,236,211,27,36,0.87,2,-1,-1
69,-1,232,223,29,38,0.88,2,-1,-1
70,-1,227,230,31,42,0.89,2,-1,-1
71,-1,220,244,34,45,0.90,2,-1,-1
72,-1,214,254,36,49,0.90,2,-1,-1
73,-1,204,272,40,54,0.90,2,-1,-1
74,-1,197,285,42,60,0.90,2,-1,-1
75,-1,182,310,49,67,0.90,2,-1,-1
76,-1,172,327,52,74,0.91,2,-1,-1
77,-1,154,361,59,86,0.92,2,-1,-1
78,-1,137,387,66,98,0.92,2,-1,-1
79,-1,108,436,78,104,0.92,2,-1,-1
80,-1,94,477,78,62,0.89,2,-1,-1
102,-1,403,496,84,44,0.83,2,-1,-1
103,-1,391,425,68,105,0.93,2,-1,-1
104,-1,385,390,62,85,0.91,2,-1,-1
105,-1,378,346,52,70,0.91,2,-1,-1
106,-1,376,322,46,62,0.91,2,-1,-1
107,-1,371,291,40,54,0.90,2,-1,-1
108,-1,368,276,38,48,0.90,2,-1,-1
109,-1,364,252,36,45,0.90,2,-1,-1
110,-1,362,240,33,42,0.89,2,-1,-1
111,-1,360,223,30,38,0.89,2,-1,-1
112,-1,358,213,29,36,0.88,2,-1,-1
113,-1,356,200,28,34,0.88,2,-1,-1
114,-1,356,195,26,30,0.88,2,-1,-1
115,-1,353,184,26,28,0.86,2,-1,-1
116,-1,352,178,26,28,0.87,2,-1,-1
117,-1,351,169,24,28,0.87,2,-1,-1
118,-1,350,164,22,26,0.87,2,-1,-1
119,-1,350,158,20,24,0.88,2,-1,-1
120,-1,349,154,20,22,0.87,2,-1,-1
121,-1,348,148,20,22,0.87,2,-1,-1
122,-1,348,144,19,22,0.85,2,-1,-1
123,-1,347,139,18,22,0.85,2,-1,-1
124,-1,346,135,18,22,0.86,2,-1,-1
125,-1,345,132,18,20,0.85,2,-1,-1
126,-1,345,129,16,19,0.86,2,-1,-1
127,-1,345,126,16,18,0.84,2,-1,-1
128,-1,344,122,16,19,0.85,2,-1,-1
129,-1,344,120,16,18,0.84,2,-1,-1
130,-1,342,117,16,17,0.84,2,-1,-1
131,-1,342,116,15,16,0.85,2,-1,-1
132,-1,342,114,15,16,0.84,2,-1,-1
133,-1,342,111,15,16,0.84,2,-1,-1
134,-1,342,109,14,16,0.86,2,-1,-1
135,-1,342,107,14,15,0.85,2,-1,-1
136,-1,341,106,14,15,0.84,2,-1,-1
137,-1,342,104,13,14,0.84,2,-1,-1
138,-1,342,102,13,15,0.84,2,-1,-1
139,-1,341,100,13,14,0.83,2,-1,-1
140,-1,341,100,12,13,0.82,2,-1,-1
141,-1,340,98,13,13,0.81,2,-1,-1
142,-1,341,96,12,13,0.78,2,-1,-1
143,-1,340,94,12,14,0.80,2,-1,-1
144,-1,340,94,12,13,0.79,2,-1,-1
145,-1,340,92,12,13,0.76,2,-1,-1
146,-1,340,91,12,13,0.76,2,-1,-1
147,-1,340,90,12,12,0.74,2,-1,-1
148,-1,340,89,12,12,0.68,2,-1,-1
149,-1,340,88,12,12,0.72,2,-1,-1
150,-1,339,87,12,12,0.72,2,-1,-1
151,-1,340,85,11,12,0.69,2,-1,-1
152,-1,340,84,11,12,0.68,2,-1,-1
153,-1,340,84,11,12,0.67,2,-1,-1
154,-1,340,83,10,11,0.65,2,-1,-1
155,-1,340,83,10,10,0.60,2,-1,-1
156,-1,340,82,10,10,0.56,2,-1,-1
157,-1,341,82,10,10,0.56,2,-1,-1
158,-1,341,82,10,10,0.55,2,-1,-1
159,-1,426,490,76,48,0.91,2,-1,-1
159,-1,341,81,10,10,0.55,2,-1,-1
160,-1,416,446,80,92,0.91,2,-1,-1
160,-1,341,80,10,10,0.51,2,-1,-1
161,-1,406,396,62,84,0.92,2,-1,-1
161,-1,342,79,10,10,0.55,2,-1,-1
162,-1,396,356,54,70,0.92,2,-1,-1
162,-1,342,79,10,9,0.49,2,-1,-1
163,-1,391,334,50,64,0.91,2,-1,-1
163,-1,342,78,10,10,0.37,2,-1,-1
164,-1,386,315,48,58,0.90,2,-1,-1
164,-1,343,78,8,8,0.31,2,-1,-1
165,-1,382,288,40,52,0.90,2,-1,-1
165,-1,344,77,8,8,0.26,2,-1,-1
166,-1,378,273,38,50,0.91,2,-1,-1
166,-1,344,77,8,8,0.26,2,-1,-1
167,-1,374,254,36,45,0.90,2,-1,-1
168,-1,372,244,34,41,0.91,2,-1,-1
169,-1,368,229,32,38,0.90,2,-1,-1
170,-1,366,220,30,37,0.90,2,-1,-1
171,-1,364,207,28,36,0.88,2,-1,-1
172,-1,362,199,26,32,0.88,2,-1,-1
173,-1,360,192,27,31,0.88,2,-1,-1
174,-1,359,186,25,30,0.89,2,-1,-1
175,-1,358,178,24,28,0.88,2,-1,-1
176,-1,356,173,24,29,0.89,2,-1,-1
177,-1,354,167,23,26,0.87,2,-1,-1
178,-1,354,162,22,26,0.86,2,-1,-1
179,-1,352,157,22,24,0.87,2,-1,-1
180,-1,352,154,20,23,0.86,2,-1,-1
181,-1,351,148,20,23,0.88,2,-1,-1
182,-1,350,146,20,22,0.86,2,-1,-1
183,-1,350,141,18,22,0.87,2,-1,-1
184,-1,349,138,18,21,0.86,2,-1,-1
185,-1,348,135,18,20,0.86,2,-1,-1
186,-1,347,132,18,20,0.86,2,-1,-1
187,-1,346,129,17,19,0.85,2,-1,-1
188,-1,346,127,17,18,0.85,2,-1,-1
189,-1,346,124,17,18,0.86,2,-1,-1
190,-1,345,123,16,18,0.86,2,-1,-1
191,-1,344,119,16,18,0.84,2,-1,-1
192,-1,344,118,16,17,0.84,2,-1,-1
193,-1,343,116,16,16,0.85,2,-1,-1
194,-1,343,114,15,16,0.84,2,-1,-1
195,-1,342,112,15,16,0.84,2,-1,-1
196,-1,342,110,15,15,0.85,2,-1,-1
197,-1,342,109,14,14,0.85,2,-1,-1
198,-1,538,492,96,48,0.88,2,-1,-1
198,-1,342,106,14,16,0.85,2,-1,-1
199,-1,516,447,96,90,0.92,2,-1,-1
199,-1,341,104,14,16,0.84,2,-1,-1
200,-1,504,421,84,97,0.93,2,-1,-1
200,-1,342,106,12,13,0.83,2,-1,-1
201,-1,488,388,72,83,0.93,2,-1,-1
201,-1,341,104,12,13,0.83,2,-1,-1
202,-1,479,368,66,76,0.92,2,-1,-1
202,-1,341,102,13,14,0.82,2,-1,-1
203,-1,467,343,60,66,0.91,2,-1,-1
203,-1,340,101,13,12,0.80,2,-1,-1
204,-1,460,327,56,62,0.91,2,-1,-1
204,-1,340,101,13,12,0.79,2,-1,-1
205,-1,451,306,50,57,0.92,2,-1,-1
205,-1,341,99,12,12,0.79,2,-1,-1
206,-1,445,295,48,52,0.91,2,-1,-1
206,-1,340,98,12,12,0.76,2,-1,-1
207,-1,438,278,44,49,0.91,2,-1,-1
207,-1,340,96,12,13,0.78,2,-1,-1
208,-1,434,269,40,46,0.91,2,-1,-1
208,-1,340,94,12,13,0.79,2,-1,-1
209,-1,426,254,40,44,0.90,2,-1,-1
209,-1,340,94,12,12,0.76,2,-1,-1
210,-1,424,248,36,40,0.90,2,-1,-1
210,-1,340,93,12,12,0.75,2,-1,-1
211,-1,418,237,36,38,0.90,2,-1,-1
211,-1,339,92,12,12,0.76,2,-1,-1
212,-1,414,230,36,36,0.90,2,-1,-1
212,-1,339,91,12,12,0.75,2,-1,-1
213,-1,410,220,32,35,0.90,2,-1,-1
213,-1,340,90,11,11,0.70,2,-1,-1
214,-1,408,214,30,34,0.89,2,-1,-1
214,-1,340,90,11,11,0.64,2,-1,-1
215,-1,404,206,28,32,0.89,2,-1,-1
215,-1,340,88,11,12,0.69,2,-1,-1
216,-1,402,200,28,32,0.89,2,-1,-1
216,-1,340,87,11,12,0.70,2,-1,-1
217,-1,399,194,26,30,0.89,2,-1,-1
217,-1,340,86,11,12,0.66,2,-1,-1
218,-1,397,190,26,28,0.89,2,-1,-1
218,-1,340,85,11,12,0.64,2,-1,-1
219,-1,393,184,26,28,0.89,2,-1,-1
219,-1,340,85,10,10,0.62,2,-1,-1
220,-1,392,181,26,26,0.89,2,-1,-1
220,-1,340,85,10,10,0.62,2,-1,-1
221,-1,390,175,24,27,0.88,2,-1,-1
221,-1,340,84,10,10,0.52,2,-1,-1
222,-1,386,172,24,24,0.89,2,-1,-1
222,-1,340,84,10,10,0.53,2,-1,-1
223,-1,385,167,22,24,0.86,2,-1,-1
223,-1,341,83,10,10,0.53,2,-1,-1
224,-1,384,164,22,23,0.88,2,-1,-1
224,-1,341,84,10,9,0.49,2,-1,-1
225,-1,381,160,22,23,0.88,2,-1,-1
225,-1,341,82,10,10,0.51,2,-1,-1
226,-1,380,158,22,22,0.88,2,-1,-1
226,-1,341,82,10,9,0.52,2,-1,-1
227,-1,380,154,20,22,0.86,2,-1,-1
227,-1,342,83,9,8,0.44,2,-1,-1
228,-1,377,151,20,22,0.87,2,-1,-1
228,-1,342,83,9,8,0.44,2,-1,-1
229,-1,376,148,20,20,0.87,2,-1,-1
229,-1,342,80,10,9,0.48,2,-1,-1
230,-1,376,146,18,20,0.85,2,-1,-1
230,-1,342,80,10,8,0.34,2,-1,-1
231,-1,374,143,18,20,0.85,2,-1,-1
231,-1,342,79,10,8,0.40,2,-1,-1
232,-1,373,141,18,19,0.85,2,-1,-1
232,-1,343,79,9,8,0.39,2,-1,-1
233,-1,371,138,18,19,0.86,2,-1,-1
233,-1,344,78,8,8,0.13,2,-1,-1
234,-1,370,136,18,19,0.86,2,-1,-1
234,-1,344,78,9,8,0.19,2,-1,-1
235,-1,369,134,18,18,0.85,2,-1,-1
235,-1,345,78,8,8,0.21,2,-1,-1
236,-1,368,132,18,18,0.85,2,-1,-1
237,-1,368,131,16,16,0.85,2,-1,-1
238,-1,367,129,17,16,0.83,2,-1,-1
239,-1,366,127,16,16,0.83,2,-1,-1
240,-1,365,126,16,16,0.82,2,-1,-1
241,-1,364,123,16,16,0.83,2,-1,-1
242,-1,364,121,15,16,0.83,2,-1,-1
243,-1,363,119,15,16,0.83,2,-1,-1
244,-1,362,118,15,16,0.83,2,-1,-1
245,-1,362,116,14,15,0.83,2,-1,-1
246,-1,361,116,15,14,0.81,2,-1,-1
247,-1,360,114,14,15,0.79,2,-1,-1
248,-1,360,113,14,14,0.79,2,-1,-1
249,-1,359,110,14,15,0.82,2,-1,-1
250,-1,359,109,14,16,0.83,2,-1,-1
251,-1,359,107,14,16,0.84,2,-1,-1
252,-1,358,108,14,14,0.82,2,-1,-1
253,-1,358,106,13,14,0.82,2,-1,-1
254,-1,358,106,13,14,0.80,2,-1,-1
255,-1,357,105,13,13,0.78,2,-1,-1
256,-1,357,105,13,12,0.81,2,-1,-1
257,-1,410,478,84,60,0.89,2,-1,-1
257,-1,356,103,12,12,0.80,2,-1,-1
258,-1,404,436,72,100,0.92,2,-1,-1
258,-1,356,102,13,13,0.80,2,-1,-1
259,-1,394,387,60,87,0.90,2,-1,-1
259,-1,356,100,13,13,0.78,2,-1,-1
260,-1,388,360,56,77,0.92,2,-1,-1
260,-1,356,100,12,13,0.76,2,-1,-1
261,-1,381,325,50,68,0.91,2,-1,-1
261,-1,355,99,12,12,0.79,2,-1,-1
262,-1,378,306,44,62,0.90,2,-1,-1
262,-1,355,98,12,12,0.77,2,-1,-1
263,-1,374,280,40,56,0.90,2,-1,-1
263,-1,354,97,12,12,0.73,2,-1,-1
264,-1,370,266,38,52,0.90,2,-1,-1
264,-1,354,97,12,12,0.75,2,-1,-1
265,-1,367,247,36,48,0.89,2,-1,-1
265,-1,354,96,12,12,0.75,2,-1,-1
266,-1,365,237,34,44,0.90,2,-1,-1
266,-1,354,96,12,12,0.74,2,-1,-1
267,-1,362,221,30,42,0.89,2,-1,-1
267,-1,353,94,12,12,0.72,2,-1,-1
268,-1,360,212,30,40,0.88,2,-1,-1
268,-1,353,94,12,12,0.74,2,-1,-1
269,-1,359,203,27,36,0.88,2,-1,-1
269,-1,353,94,11,11,0.76,2,-1,-1
270,-1,358,196,26,34,0.88,2,-1,-1
270,-1,353,92,12,11,0.73,2,-1,-1
271,-1,354,185,26,34,0.89,2,-1,-1
271,-1,353,92,12,11,0.73,2,-1,-1
272,-1,353,179,26,32,0.89,2,-1,-1
272,-1,352,92,11,10,0.69,2,-1,-1
273,-1,351,172,26,32,0.88,2,-1,-1
273,-1,352,92,11,9,0.63,2,-1,-1
274,-1,352,167,24,31,0.86,2,-1,-1
274,-1,353,90,10,10,0.63,2,-1,-1
275,-1,350,162,23,27,0.87,2,-1,-1
275,-1,353,90,10,10,0.63,2,-1,-1
276,-1,349,158,22,26,0.87,2,-1,-1
276,-1,352,90,10,10,0.66,2,-1,-1
277,-1,349,153,20,25,0.87,2,-1,-1
277,-1,352,89,10,10,0.64,2,-1,-1
278,-1,348,149,20,25,0.87,2,-1,-1
278,-1,352,88,10,10,0.56,2,-1,-1
279,-1,347,145,20,23,0.84,2,-1,-1
279,-1,352,87,10,10,0.59,2,-1,-1
280,-1,346,142,19,22,0.86,2,-1,-1
280,-1,352,87,10,10,0.59,2,-1,-1
281,-1,346,138,18,22,0.85,2,-1,-1
281,-1,352,86,9,10,0.46,2,-1,-1
282,-1,346,135,17,21,0.87,2,-1,-1
282,-1,352,86,9,10,0.47,2,-1,-1
283,-1,344,132,17,20,0.86,2,-1,-1
283,-1,352,85,10,10,0.47,2,-1,-1
284,-1,344,129,18,20,0.86,2,-1,-1
284,-1,352,84,10,10,0.42,2,-1,-1
285,-1,344,125,16,20,0.85,2,-1,-1
285,-1,352,84,10,10,0.43,2,-1,-1
286,-1,343,123,16,20,0.85,2,-1,-1
286,-1,352,84,10,10,0.39,2,-1,-1
287,-1,343,120,16,20,0.86,2,-1,-1
287,-1,351,83,10,10,0.42,2,-1,-1
288,-1,342,118,16,19,0.85,2,-1,-1
288,-1,352,83,10,10,0.44,2,-1,-1
289,-1,342,116,16,18,0.85,2,-1,-1
289,-1,351,82,10,10,0.47,2,-1,-1
290,-1,342,114,16,18,0.86,2,-1,-1
290,-1,352,82,9,9,0.48,2,-1,-1
291,-1,341,113,16,17,0.85,2,-1,-1
291,-1,351,82,10,10,0.48,2,-1,-1
292,-1,341,110,16,18,0.85,2,-1,-1
292,-1,352,82,9,9,0.48,2,-1,-1
293,-1,341,109,15,16,0.86,2,-1,-1
293,-1,352,81,9,10,0.43,2,-1,-1
294,-1,341,107,14,16,0.86,2,-1,-1
294,-1,353,80,8,8,0.43,2,-1,-1
295,-1,341,106,14,16,0.85,2,-1,-1
295,-1,353,80,8,8,0.43,2,-1,-1
296,-1,340,104,14,16,0.84,2,-1,-1
296,-1,353,81,8,8,0.31,2,-1,-1
297,-1,340,103,14,16,0.84,2,-1,-1
297,-1,352,79,9,8,0.33,2,-1,-1
298,-1,340,102,14,15,0.85,2,-1,-1
298,-1,352,79,9,8,0.34,2,-1,-1
299,-1,340,101,13,14,0.85,2,-1,-1
299,-1,353,78,8,8,0.25,2,-1,-1
300,-1,339,99,14,14,0.84,2,-1,-1
300,-1,353,78,8,8,0.26,2,-1,-1
301,-1,340,98,13,14,0.82,2,-1,-1
301,-1,354,78,8,8,0.25,2,-1,-1
302,-1,340,97,13,14,0.80,2,-1,-1
302,-1,354,78,9,8,0.21,2,-1,-1
303,-1,340,95,12,14,0.82,2,-1,-1
303,-1,355,77,8,8,0.12,2,-1,-1
304,-1,340,94,12,14,0.82,2,-1,-1
304,-1,355,77,8,8,0.12,2,-1,-1
305,-1,339,93,12,14,0.82,2,-1,-1
305,-1,355,77,8,8,0.11,2,-1,-1
306,-1,340,92,12,14,0.82,2,-1,-1
307,-1,339,91,12,13,0.77,2,-1,-1
308,-1,339,90,12,13,0.76,2,-1,-1
309,-1,339,89,11,13,0.74,2,-1,-1
310,-1,339,89,11,12,0.73,2,-1,-1
311,-1,340,88,10,13,0.76,2,-1,-1
312,-1,339,87,11,12,0.75,2,-1,-1
313,-1,339,86,11,12,0.73,2,-1,-1
314,-1,339,85,11,12,0.72,2,-1,-1
315,-1,339,84,10,12,0.69,2,-1,-1
316,-1,339,84,10,12,0.69,2,-1,-1
317,-1,339,83,10,12,0.69,2,-1,-1
318,-1,340,83,10,11,0.64,2,-1,-1
319,-1,340,83,10,11,0.64,2,-1,-1
320,-1,339,82,10,10,0.63,2,-1,-1
321,-1,340,82,10,10,0.63,2,-1,-1
322,-1,340,82,10,10,0.63,2,-1,-1
323,-1,340,80,9,10,0.65,2,-1,-1
324,-1,340,80,9,10,0.55,2,-1,-1
325,-1,341,80,9,10,0.54,2,-1,-1
326,-1,342,79,8,10,0.57,2,-1,-1
327,-1,342,78,8,10,0.50,2,-1,-1
328,-1,342,78,9,10,0.52,2,-1,-1
329,-1,343,78,8,9,0.49,2,-1,-1
330,-1,344,77,8,9,0.30,2,-1,-1
331,-1,344,77,8,8,0.15,2,-1,-1
332,-1,344,77,8,8,0.17,2,-1,-1
335,-1,333,59,11,14,0.24,7,-1,-1
335,-1,346,75,8,8,0.11,2,-1,-1
338,-1,331,59,12,14,0.15,7,-1,-1
341,-1,328,60,12,15,0.44,7,-1,-1
342,-1,327,61,12,14,0.35,7,-1,-1
343,-1,450,495,78,44,0.88,2,-1,-1
343,-1,328,60,11,15,0.49,7,-1,-1
344,-1,439,448,78,90,0.91,2,-1,-1
344,-1,326,60,12,15,0.52,7,-1,-1
345,-1,426,392,64,88,0.92,2,-1,-1
345,-1,325,60,12,16,0.34,7,-1,-1
346,-1,420,363,56,76,0.92,2,-1,-1
346,-1,325,60,12,16,0.54,7,-1,-1
347,-1,412,324,48,66,0.92,2,-1,-1
347,-1,324,61,12,16,0.65,7,-1,-1
348,-1,407,306,44,58,0.90,2,-1,-1
348,-1,324,61,12,16,0.64,7,-1,-1
349,-1,401,278,40,52,0.90,2,-1,-1
349,-1,323,62,12,16,0.48,7,-1,-1
350,-1,398,264,36,48,0.90,2,-1,-1
350,-1,322,61,12,17,0.62,7,-1,-1
351,-1,393,244,34,42,0.90,2,-1,-1
351,-1,321,62,12,17,0.61,7,-1,-1
352,-1,390,233,32,40,0.89,2,-1,-1
352,-1,320,62,13,17,0.67,7,-1,-1
353,-1,386,214,32,41,0.87,2,-1,-1
353,-1,319,61,14,18,0.70,7,-1,-1
354,-1,384,208,28,36,0.89,2,-1,-1
354,-1,320,63,13,16,0.72,7,-1,-1
355,-1,382,197,28,32,0.87,2,-1,-1
355,-1,318,62,13,18,0.75,7,-1,-1
356,-1,380,192,26,29,0.87,2,-1,-1
356,-1,319,62,12,18,0.76,7,-1,-1
357,-1,376,182,26,28,0.88,2,-1,-1
357,-1,318,63,13,18,0.74,7,-1,-1
358,-1,376,176,24,28,0.87,2,-1,-1
358,-1,317,63,13,18,0.69,7,-1,-1
359,-1,374,169,24,26,0.87,2,-1,-1
359,-1,316,64,14,18,0.73,7,-1,-1
360,-1,373,165,22,24,0.88,2,-1,-1
360,-1,315,64,14,18,0.74,7,-1,-1
361,-1,371,158,22,23,0.87,2,-1,-1
361,-1,314,64,14,18,0.77,7,-1,-1
362,-1,370,155,21,22,0.86,2,-1,-1
362,-1,314,64,14,18,0.77,7,-1,-1
363,-1,369,148,20,22,0.87,2,-1,-1
363,-1,313,64,14,18,0.71,7,-1,-1
364,-1,368,146,20,20,0.86,2,-1,-1
364,-1,314,64,13,18,0.71,7,-1,-1
365,-1,367,141,19,20,0.85,2,-1,-1
365,-1,313,64,13,19,0.77,7,-1,-1
366,-1,366,137,18,20,0.87,2,-1,-1
366,-1,312,65,14,19,0.79,7,-1,-1
367,-1,365,134,18,18,0.85,2,-1,-1
367,-1,311,66,14,19,0.81,7,-1,-1
368,-1,364,131,17,18,0.86,2,-1,-1
368,-1,311,66,14,19,0.81,7,-1,-1
369,-1,364,128,16,17,0.84,2,-1,-1
369,-1,312,67,13,18,0.81,7,-1,-1
370,-1,363,125,17,18,0.84,2,-1,-1
370,-1,311,66,13,20,0.80,7,-1,-1
371,-1,362,121,16,18,0.84,2,-1,-1
371,-1,310,66,14,20,0.82,7,-1,-1
372,-1,309,67,14,19,0.84,7,-1,-1
372,-1,361,118,16,18,0.83,2,-1,-1
373,-1,310,67,13,20,0.84,7,-1,-1
373,-1,360,117,16,16,0.83,2,-1,-1
374,-1,308,67,14,21,0.84,7,-1,-1
374,-1,359,115,15,16,0.83,2,-1,-1
375,-1,358,112,15,16,0.83,2,-1,-1
375,-1,308,68,14,20,0.82,7,-1,-1
376,-1,358,110,15,16,0.83,2,-1,-1
376,-1,308,68,14,20,0.79,7,-1,-1
377,-1,358,108,14,16,0.84,2,-1,-1
377,-1,307,68,14,21,0.82,7,-1,-1
378,-1,357,107,14,14,0.84,2,-1,-1
378,-1,306,69,14,21,0.82,7,-1,-1
379,-1,356,105,14,14,0.83,2,-1,-1
379,-1,306,69,14,22,0.80,7,-1,-1
380,-1,356,103,14,14,0.84,2,-1,-1
380,-1,306,70,14,21,0.80,7,-1,-1
381,-1,356,101,13,14,0.85,2,-1,-1
381,-1,305,70,14,22,0.79,7,-1,-1
382,-1,355,100,13,14,0.83,2,-1,-1
382,-1,305,70,14,22,0.80,7,-1,-1
383,-1,304,71,15,22,0.82,7,-1,-1
383,-1,354,98,13,14,0.81,2,-1,-1
384,-1,304,71,15,22,0.82,7,-1,-1
384,-1,354,97,13,14,0.80,2,-1,-1
385,-1,303,72,14,22,0.82,7,-1,-1
385,-1,354,96,12,13,0.80,2,-1,-1
386,-1,302,72,15,22,0.82,7,-1,-1
386,-1,354,95,12,13,0.78,2,-1,-1
387,-1,302,73,15,22,0.81,7,-1,-1
387,-1,353,94,12,12,0.78,2,-1,-1
388,-1,302,72,15,23,0.81,7,-1,-1
388,-1,352,93,12,12,0.80,2,-1,-1
389,-1,301,73,16,23,0.82,7,-1,-1
389,-1,352,92,12,12,0.78,2,-1,-1
390,-1,300,73,16,24,0.82,7,-1,-1
390,-1,352,91,12,12,0.77,2,-1,-1
391,-1,300,73,16,24,0.82,7,-1,-1
391,-1,352,90,11,11,0.72,2,-1,-1
392,-1,299,74,16,24,0.83,7,-1,-1
392,-1,352,89,11,12,0.73,2,-1,-1
393,-1,298,74,16,24,0.84,7,-1,-1
393,-1,352,88,10,11,0.74,2,-1,-1
394,-1,298,75,16,24,0.84,7,-1,-1
394,-1,352,87,10,11,0.72,2,-1,-1
395,-1,298,76,16,24,0.85,7,-1,-1
395,-1,352,85,10,12,0.71,2,-1,-1
396,-1,297,77,16,24,0.85,7,-1,-1
396,-1,352,84,10,11,0.69,2,-1,-1
397,-1,296,78,16,24,0.84,7,-1,-1
397,-1,352,84,11,10,0.66,2,-1,-1
398,-1,296,78,16,24,0.84,7,-1,-1
398,-1,352,84,10,10,0.65,2,-1,-1
399,-1,296,79,16,24,0.83,7,-1,-1
399,-1,352,83,10,10,0.58,2,-1,-1
400,-1,295,80,16,24,0.83,7,-1,-1
400,-1,352,82,10,10,0.63,2,-1,-1
401,-1,294,79,17,26,0.84,7,-1,-1
401,-1,352,82,10,10,0.64,2,-1,-1
402,-1,294,80,17,26,0.84,7,-1,-1
402,-1,352,81,10,10,0.64,2,-1,-1
403,-1,396,459,84,80,0.90,2,-1,-1
403,-1,293,80,18,26,0.84,7,-1,-1
403,-1,352,80,9,10,0.61,2,-1,-1
404,-1,390,423,76,112,0.93,2,-1,-1
404,-1,292,81,18,26,0.84,7,-1,-1
404,-1,352,80,10,10,0.58,2,-1,-1
405,-1,384,379,64,90,0.93,2,-1,-1
405,-1,292,81,18,27,0.84,7,-1,-1
405,-1,352,78,10,10,0.61,2,-1,-1
406,-1,380,354,58,80,0.91,2,-1,-1
406,-1,291,82,18,27,0.84,7,-1,-1
406,-1,352,78,10,10,0.61,2,-1,-1
407,-1,376,322,52,69,0.91,2,-1,-1
407,-1,290,82,18,28,0.84,7,-1,-1
407,-1,353,77,9,9,0.50,2,-1,-1
408,-1,372,304,48,64,0.91,2,-1,-1
408,-1,290,83,19,28,0.84,7,-1,-1
408,-1,353,77,9,9,0.50,2,-1,-1
409,-1,369,280,42,58,0.90,2,-1,-1
409,-1,289,83,19,30,0.85,7,-1,-1
409,-1,353,76,9,9,0.40,2,-1,-1
410,-1,366,268,40,53,0.90,2,-1,-1
410,-1,288,83,19,30,0.85,7,-1,-1
410,-1,353,76,9,9,0.40,2,-1,-1
411,-1,365,249,36,48,0.91,2,-1,-1
411,-1,288,84,19,31,0.86,7,-1,-1
411,-1,354,76,9,8,0.28,2,-1,-1
412,-1,362,238,36,46,0.89,2,-1,-1
412,-1,287,85,20,30,0.86,7,-1,-1
412,-1,354,75,8,8,0.26,2,-1,-1
413,-1,360,224,32,43,0.90,2,-1,-1
413,-1,286,87,20,30,0.86,7,-1,-1
413,-1,355,75,8,8,0.27,2,-1,-1
414,-1,359,213,31,44,0.89,2,-1,-1
414,-1,286,88,19,30,0.86,7,-1,-1
414,-1,355,75,8,8,0.27,2,-1,-1
415,-1,357,204,29,39,0.89,2,-1,-1
415,-1,285,89,20,30,0.85,7,-1,-1
415,-1,355,74,8,8,0.11,2,-1,-1
416,-1,355,198,29,36,0.89,2,-1,-1
416,-1,285,89,20,30,0.85,7,-1,-1
416,-1,355,74,8,8,0.10,2,-1,-1
417,-1,354,190,28,33,0.90,2,-1,-1
417,-1,284,90,20,32,0.85,7,-1,-1
417,-1,356,72,8,8,0.13,2,-1,-1
418,-1,353,184,26,32,0.89,2,-1,-1
418,-1,284,90,20,32,0.85,7,-1,-1
419,-1,350,176,26,31,0.87,2,-1,-1
419,-1,284,92,20,32,0.85,7,-1,-1
420,-1,350,171,26,31,0.88,2,-1,-1
420,-1,282,92,21,32,0.86,7,-1,-1
421,-1,349,165,24,28,0.88,2,-1,-1
421,-1,282,95,20,31,0.85,7,-1,-1
422,-1,348,160,22,28,0.88,2,-1,-1
422,-1,282,94,21,34,0.87,7,-1,-1
423,-1,348,156,20,26,0.88,2,-1,-1
423,-1,280,95,22,34,0.87,7,-1,-1
424,-1,280,96,22,34,0.86,7,-1,-1
424,-1,347,152,20,25,0.85,2,-1,-1
425,-1,279,96,22,36,0.88,7,-1,-1
425,-1,346,147,20,25,0.87,2,-1,-1
426,-1,278,97,23,36,0.88,7,-1,-1
426,-1,346,144,20,24,0.85,2,-1,-1
427,-1,344,140,19,23,0.88,2,-1,-1
427,-1,277,98,24,38,0.88,7,-1,-1
428,-1,276,98,24,39,0.88,7,-1,-1
428,-1,344,138,19,22,0.86,2,-1,-1
429,-1,275,99,24,40,0.88,7,-1,-1
429,-1,344,134,18,22,0.87,2,-1,-1
430,-1,274,100,25,40,0.89,7,-1,-1
430,-1,402,482,80,56,0.88,2,-1,-1
430,-1,343,131,18,22,0.86,2,-1,-1
431,-1,394,427,68,101,0.92,2,-1,-1
431,-1,273,101,25,42,0.88,7,-1,-1
431,-1,343,128,16,20,0.85,2,-1,-1
432,-1,390,396,60,88,0.91,2,-1,-1
432,-1,272,103,25,42,0.88,7,-1,-1
432,-1,343,126,16,20,0.85,2,-1,-1
433,-1,383,358,54,74,0.91,2,-1,-1
433,-1,271,104,26,44,0.88,7,-1,-1
433,-1,342,123,16,20,0.85,2,-1,-1
434,-1,380,337,50,66,0.91,2,-1,-1
434,-1,271,105,26,44,0.88,7,-1,-1
434,-1,342,121,16,20,0.86,2,-1,-1
435,-1,375,310,44,58,0.91,2,-1,-1
435,-1,270,107,27,44,0.89,7,-1,-1
435,-1,342,119,16,18,0.85,2,-1,-1
436,-1,372,293,40,54,0.91,2,-1,-1
436,-1,268,107,28,46,0.89,7,-1,-1
436,-1,341,117,16,18,0.85,2,-1,-1
437,-1,368,272,38,48,0.90,2,-1,-1
437,-1,267,109,28,46,0.89,7,-1,-1
437,-1,340,116,16,17,0.86,2,-1,-1
438,-1,366,260,36,46,0.90,2,-1,-1
438,-1,266,110,29,47,0.90,7,-1,-1
438,-1,340,113,16,18,0.85,2,-1,-1
439,-1,364,243,34,42,0.90,2,-1,-1
439,-1,264,112,29,48,0.89,7,-1,-1
439,-1,340,111,15,17,0.85,2,-1,-1
440,-1,263,112,30,50,0.90,7,-1,-1
440,-1,362,234,32,40,0.89,2,-1,-1
440,-1,340,109,15,17,0.86,2,-1,-1
441,-1,360,220,29,38,0.90,2,-1,-1
441,-1,262,115,30,51,0.90,7,-1,-1
441,-1,340,107,15,16,0.86,2,-1,-1
442,-1,260,116,32,52,0.90,7,-1,-1
442,-1,359,213,28,36,0.88,2,-1,-1
442,-1,340,106,14,16,0.85,2,-1,-1
443,-1,259,118,32,54,0.90,7,-1,-1
443,-1,357,203,27,32,0.88,2,-1,-1
443,-1,339,104,14,16,0.84,2,-1,-1
444,-1,257,119,33,55,0.89,7,-1,-1
444,-1,356,197,26,31,0.88,2,-1,-1
444,-1,339,103,14,16,0.84,2,-1,-1
445,-1,255,120,34,58,0.89,7,-1,-1
445,-1,353,188,26,30,0.89,2,-1,-1
445,-1,340,102,13,15,0.85,2,-1,-1
446,-1,254,123,34,58,0.90,7,-1,-1
446,-1,352,181,25,30,0.88,2,-1,-1
446,-1,340,101,13,14,0.85,2,-1,-1
447,-1,252,126,35,60,0.90,7,-1,-1
447,-1,352,174,24,29,0.87,2,-1,-1
447,-1,339,99,13,14,0.83,2,-1,-1
448,-1,251,127,36,61,0.90,7,-1,-1
448,-1,351,170,24,29,0.87,2,-1,-1
448,-1,339,98,13,14,0.82,2,-1,-1
449,-1,248,130,38,64,0.89,7,-1,-1
449,-1,350,164,22,26,0.88,2,-1,-1
449,-1,339,97,12,14,0.81,2,-1,-1
450,-1,246,130,39,66,0.90,7,-1,-1
450,-1,349,160,22,26,0.87,2,-1,-1
450,-1,339,95,12,15,0.82,2,-1,-1
451,-1,244,134,40,70,0.89,7,-1,-1
451,-1,349,156,20,24,0.88,2,-1,-1
451,-1,414,482,84,56,0.88,2,-1,-1
451,-1,339,94,12,14,0.82,2,-1,-1
452,-1,404,439,76,98,0.91,2,-1,-1
452,-1,242,136,40,70,0.89,7,-1,-1
452,-1,348,152,20,24,0.86,2,-1,-1
452,-1,339,93,12,14,0.83,2,-1,-1
453,-1,396,389,62,90,0.92,2,-1,-1
453,-1,240,139,41,72,0.90,7,-1,-1
453,-1,347,147,20,23,0.87,2,-1,-1
453,-1,338,92,12,14,0.81,2,-1,-1
454,-1,392,361,56,82,0.91,2,-1,-1
454,-1,238,141,42,74,0.90,7,-1,-1
454,-1,347,145,18,22,0.85,2,-1,-1
454,-1,338,91,12,14,0.79,2,-1,-1
455,-1,386,325,48,69,0.90,2,-1,-1
455,-1,234,144,45,78,0.89,7,-1,-1
455,-1,346,141,18,20,0.86,2,-1,-1
455,-1,338,89,12,14,0.78,2,-1,-1
456,-1,232,147,47,80,0.91,7,-1,-1
456,-1,382,307,44,62,0.89,2,-1,-1
456,-1,346,138,18,20,0.86,2,-1,-1
456,-1,338,89,12,14,0.76,2,-1,-1
457,-1,225,152,50,89,0.92,7,-1,-1
457,-1,375,268,36,50,0.90,2,-1,-1
457,-1,344,132,17,20,0.86,2,-1,-1
457,-1,338,88,12,13,0.74,2,-1,-1
458,-1,225,152,50,89,0.92,7,-1,-1
458,-1,375,268,36,50,0.90,2,-1,-1
458,-1,344,132,17,19,0.86,2,-1,-1
458,-1,338,87,12,14,0.76,2,-1,-1
459,-1,220,157,54,94,0.90,7,-1,-1
459,-1,370,248,36,46,0.89,2,-1,-1
459,-1,344,130,16,18,0.86,2,-1,-1
459,-1,338,86,12,13,0.73,2,-1,-1
460,-1,217,160,56,98,0.91,7,-1,-1
460,-1,370,238,32,42,0.90,2,-1,-1
460,-1,344,128,16,17,0.85,2,-1,-1
460,-1,338,86,12,12,0.74,2,-1,-1
461,-1,212,165,58,102,0.91,7,-1,-1
461,-1,366,222,30,40,0.89,2,-1,-1
461,-1,343,124,16,18,0.86,2,-1,-1
461,-1,339,84,10,12,0.67,2,-1,-1
462,-1,208,168,61,107,0.92,7,-1,-1
462,-1,363,212,30,40,0.89,2,-1,-1
462,-1,344,122,15,17,0.86,2,-1,-1
462,-1,338,84,11,12,0.69,2,-1,-1
463,-1,203,174,64,114,0.92,7,-1,-1
463,-1,362,202,27,35,0.89,2,-1,-1
463,-1,342,119,15,18,0.84,2,-1,-1
463,-1,338,84,10,12,0.65,2,-1,-1
464,-1,199,178,66,119,0.92,7,-1,-1
464,-1,361,195,26,34,0.88,2,-1,-1
464,-1,342,118,15,17,0.85,2,-1,-1
464,-1,339,83,10,12,0.66,2,-1,-1
465,-1,192,183,72,130,0.92,7,-1,-1
465,-1,358,186,26,32,0.88,2,-1,-1
465,-1,343,116,14,16,0.86,2,-1,-1
465,-1,338,82,10,12,0.62,2,-1,-1
466,-1,186,188,76,136,0.92,7,-1,-1
466,-1,357,179,26,32,0.89,2,-1,-1
466,-1,342,114,14,16,0.85,2,-1,-1
466,-1,566,503,72,36,0.81,7,-1,-1
466,-1,338,82,10,12,0.61,2,-1,-1
467,-1,178,195,80,146,0.92,7,-1,-1
467,-1,527,440,110,100,0.90,7,-1,-1
467,-1,355,173,24,30,0.88,2,-1,-1
467,-1,342,112,14,16,0.84,2,-1,-1
467,-1,339,82,10,11,0.62,2,-1,-1
468,-1,160,208,94,170,0.92,7,-1,-1
468,-1,490,368,144,171,0.92,7,-1,-1
468,-1,341,108,14,16,0.86,2,-1,-1
468,-1,353,161,22,28,0.86,2,-1,-1
468,-1,339,82,10,10,0.61,2,-1,-1
469,-1,160,208,94,170,0.92,7,-1,-1
469,-1,490,368,144,171,0.92,7,-1,-1
469,-1,341,108,14,16,0.86,2,-1,-1
469,-1,353,161,22,28,0.86,2,-1,-1
469,-1,339,81,10,10,0.60,2,-1,-1
470,-1,151,212,100,182,0.92,7,-1,-1
470,-1,478,348,156,191,0.92,7,-1,-1
470,-1,352,158,22,26,0.86,2,-1,-1
470,-1,341,107,14,15,0.85,2,-1,-1
470,-1,339,81,10,10,0.60,2,-1,-1
471,-1,464,317,170,222,0.93,7,-1,-1
471,-1,137,224,110,200,0.92,7,-1,-1
471,-1,351,153,21,24,0.87,2,-1,-1
471,-1,341,106,14,15,0.84,2,-1,-1
471,-1,340,80,10,10,0.57,2,-1,-1
472,-1,126,231,118,214,0.94,7,-1,-1
472,-1,457,300,178,240,0.94,7,-1,-1
472,-1,350,149,20,24,0.88,2,-1,-1
472,-1,341,104,13,15,0.83,2,-1,-1
472,-1,340,81,10,10,0.38,2,-1,-1
473,-1,106,240,133,248,0.94,7,-1,-1
473,-1,445,274,188,263,0.92,7,-1,-1
473,-1,349,144,20,24,0.86,2,-1,-1
473,-1,341,103,13,14,0.84,2,-1,-1
473,-1,340,80,10,10,0.35,2,-1,-1
474,-1,90,254,144,262,0.94,7,-1,-1
474,-1,439,267,194,270,0.94,7,-1,-1
474,-1,348,142,19,22,0.87,2,-1,-1
474,-1,341,102,13,14,0.85,2,-1,-1
474,-1,340,80,10,10,0.31,2,-1,-1
475,-1,430,252,184,280,0.96,7,-1,-1
475,-1,61,263,169,274,0.91,7,-1,-1
475,-1,348,138,18,21,0.86,2,-1,-1
475,-1,341,101,13,13,0.84,2,-1,-1
475,-1,341,78,8,10,0.18,2,-1,-1
476,-1,427,241,156,260,0.94,7,-1,-1
476,-1,38,275,186,262,0.92,7,-1,-1
476,-1,347,136,18,20,0.87,2,-1,-1
476,-1,340,101,13,12,0.82,2,-1,-1
476,-1,341,78,8,10,0.18,2,-1,-1
477,-1,420,228,140,231,0.93,7,-1,-1
477,-1,4,288,214,248,0.89,7,-1,-1
477,-1,347,132,17,20,0.86,2,-1,-1
477,-1,340,99,13,12,0.81,2,-1,-1
477,-1,341,78,8,9,0.20,2,-1,-1
478,-1,416,220,132,214,0.91,7,-1,-1
478,-1,7,307,205,231,0.90,7,-1,-1
478,-1,346,129,17,20,0.87,2,-1,-1
478,-1,341,98,12,12,0.78,2,-1,-1
478,-1,342,78,9,9,0.17,2,-1,-1
479,-1,412,209,116,193,0.92,7,-1,-1
479,-1,0,330,202,208,0.92,7,-1,-1
479,-1,346,126,16,19,0.85,2,-1,-1
479,-1,341,97,12,12,0.78,2,-1,-1
480,-1,405,197,98,162,0.93,7,-1,-1
480,-1,0,381,180,158,0.93,7,-1,-1
480,-1,344,121,16,18,0.87,2,-1,-1
480,-1,341,94,12,12,0.75,2,-1,-1
481,-1,405,197,98,162,0.93,7,-1,-1
481,-1,0,381,180,158,0.93,7,-1,-1
481,-1,344,121,16,18,0.87,2,-1,-1
481,-1,341,94,12,12,0.75,2,-1,-1
482,-1,401,191,94,152,0.93,7,-1,-1
482,-1,0,406,170,133,0.92,7,-1,-1
482,-1,344,119,15,18,0.86,2,-1,-1
482,-1,340,93,12,12,0.73,2,-1,-1
483,-1,398,182,86,141,0.92,7,-1,-1
483,-1,1,451,148,88,0.91,7,-1,-1
483,-1,343,117,16,18,0.85,2,-1,-1
483,-1,340,92,12,12,0.73,2,-1,-1
484,-1,395,178,82,133,0.92,7,-1,-1
484,-1,343,116,16,17,0.86,2,-1,-1
484,-1,1,488,133,52,0.85,7,-1,-1
484,-1,340,92,12,12,0.74,2,-1,-1
485,-1,392,172,76,124,0.92,7,-1,-1
485,-1,342,113,15,16,0.84,2,-1,-1
485,-1,340,90,12,12,0.70,2,-1,-1
486,-1,390,168,72,118,0.92,7,-1,-1
486,-1,342,111,15,16,0.85,2,-1,-1
486,-1,340,89,12,12,0.67,2,-1,-1
487,-1,388,162,68,110,0.92,7,-1,-1
487,-1,342,108,14,16,0.85,2,-1,-1
487,-1,340,88,11,12,0.68,2,-1,-1
488,-1,386,158,64,106,0.91,7,-1,-1
488,-1,342,107,14,16,0.84,2,-1,-1
488,-1,339,87,12,12,0.67,2,-1,-1
489,-1,384,155,60,96,0.92,7,-1,-1
489,-1,406,464,84,74,0.90,2,-1,-1
489,-1,341,105,14,16,0.83,2,-1,-1
489,-1,340,86,11,12,0.64,2,-1,-1
490,-1,400,423,72,102,0.93,2,-1,-1
490,-1,383,152,58,94,0.92,7,-1,-1
490,-1,341,104,13,16,0.81,2,-1,-1
490,-1,340,86,11,12,0.65,2,-1,-1
491,-1,391,373,60,82,0.92,2,-1,-1
491,-1,380,147,56,90,0.91,7,-1,-1
491,-1,340,102,14,16,0.82,2,-1,-1
491,-1,340,85,11,12,0.58,2,-1,-1
492,-1,386,346,54,72,0.92,2,-1,-1
492,-1,379,142,54,90,0.90,7,-1,-1
492,-1,340,100,14,16,0.82,2,-1,-1
492,-1,340,84,11,11,0.62,2,-1,-1
493,-1,380,311,48,65,0.91,2,-1,-1
493,-1,378,140,50,84,0.90,7,-1,-1
493,-1,340,100,13,14,0.82,2,-1,-1
493,-1,340,84,11,10,0.50,2,-1,-1
494,-1,376,138,50,80,0.92,7,-1,-1
494,-1,376,293,44,57,0.91,2,-1,-1
494,-1,340,98,12,14,0.79,2,-1,-1
494,-1,340,84,11,10,0.32,2,-1,-1
495,-1,374,135,48,76,0.92,7,-1,-1
495,-1,372,269,38,51,0.91,2,-1,-1
495,-1,340,96,12,14,0.76,2,-1,-1
495,-1,341,83,10,10,0.33,2,-1,-1
496,-1,374,132,44,74,0.91,7,-1,-1
496,-1,369,255,38,48,0.89,2,-1,-1
496,-1,340,94,12,15,0.77,2,-1,-1
496,-1,341,83,10,10,0.27,2,-1,-1
497,-1,372,131,44,70,0.92,7,-1,-1
497,-1,366,236,34,44,0.90,2,-1,-1
497,-1,339,94,12,14,0.80,2,-1,-1
497,-1,341,82,10,9,0.40,2,-1,-1
498,-1,372,129,42,69,0.92,7,-1,-1
498,-1,363,226,32,42,0.90,2,-1,-1
498,-1,339,93,12,14,0.80,2,-1,-1
498,-1,341,83,10,8,0.39,2,-1,-1
499,-1,370,126,40,66,0.90,7,-1,-1
499,-1,360,211,30,40,0.89,2,-1,-1
499,-1,339,92,12,14,0.78,2,-1,-1
499,-1,341,82,10,9,0.38,2,-1,-1
500,-1,370,124,38,64,0.90,7,-1,-1
500,-1,359,205,29,36,0.89,2,-1,-1
500,-1,339,91,12,14,0.76,2,-1,-1
500,-1,342,81,10,9,0.46,2,-1,-1
501,-1,368,121,38,62,0.90,7,-1,-1
501,-1,357,195,26,32,0.89,2,-1,-1
501,-1,339,90,12,14,0.74,2,-1,-1
501,-1,342,81,10,8,0.47,2,-1,-1
502,-1,368,119,36,61,0.90,7,-1,-1
502,-1,354,187,27,32,0.89,2,-1,-1
502,-1,339,88,12,14,0.72,2,-1,-1
502,-1,342,81,10,8,0.37,2,-1,-1
503,-1,366,118,36,58,0.90,7,-1,-1
503,-1,353,178,24,30,0.89,2,-1,-1
503,-1,339,87,12,14,0.68,2,-1,-1
503,-1,342,81,10,9,0.23,2,-1,-1
504,-1,367,117,34,56,0.90,7,-1,-1
504,-1,351,172,24,31,0.87,2,-1,-1
504,-1,339,88,11,12,0.66,2,-1,-1
504,-1,342,80,10,8,0.25,2,-1,-1
505,-1,365,115,34,54,0.90,7,-1,-1
505,-1,350,166,22,29,0.87,2,-1,-1
505,-1,339,86,11,12,0.64,2,-1,-1
505,-1,342,80,10,10,0.22,2,-1,-1
506,-1,365,113,32,54,0.90,7,-1,-1
506,-1,349,162,22,26,0.88,2,-1,-1
506,-1,339,86,11,12,0.63,2,-1,-1
506,-1,342,80,10,11,0.19,2,-1,-1
507,-1,365,112,30,50,0.90,7,-1,-1
507,-1,348,156,20,25,0.88,2,-1,-1
507,-1,339,84,10,12,0.65,2,-1,-1
508,-1,364,111,31,50,0.90,7,-1,-1
508,-1,348,152,20,24,0.86,2,-1,-1
508,-1,339,84,10,12,0.65,2,-1,-1
509,-1,363,109,30,48,0.90,7,-1,-1
509,-1,346,147,19,23,0.85,2,-1,-1
509,-1,339,84,10,12,0.64,2,-1,-1
510,-1,362,107,30,48,0.90,7,-1,-1
510,-1,346,144,19,22,0.87,2,-1,-1
510,-1,339,82,10,12,0.64,2,-1,-1
511,-1,362,106,28,46,0.89,7,-1,-1
511,-1,344,139,18,22,0.87,2,-1,-1
511,-1,340,82,10,12,0.65,2,-1,-1
512,-1,362,106,27,44,0.89,7,-1,-1
512,-1,344,135,18,22,0.88,2,-1,-1
512,-1,340,83,10,10,0.61,2,-1,-1
513,-1,361,105,26,42,0.89,7,-1,-1
513,-1,343,132,17,19,0.85,2,-1,-1
513,-1,340,82,10,10,0.63,2,-1,-1
514,-1,361,103,26,42,0.88,7,-1,-1
514,-1,343,130,16,19,0.85,2,-1,-1
514,-1,340,81,10,10,0.63,2,-1,-1
515,-1,360,101,25,42,0.88,7,-1,-1
515,-1,342,126,16,18,0.84,2,-1,-1
515,-1,341,80,9,11,0.62,2,-1,-1
516,-1,360,100,24,41,0.88,7,-1,-1
516,-1,342,124,16,18,0.85,2,-1,-1
516,-1,341,80,9,10,0.61,2,-1,-1
517,-1,359,98,24,41,0.87,7,-1,-1
517,-1,341,120,16,18,0.84,2,-1,-1
517,-1,342,80,9,10,0.61,2,-1,-1
518,-1,359,97,24,40,0.87,7,-1,-1
518,-1,341,118,14,17,0.85,2,-1,-1
518,-1,342,79,9,10,0.53,2,-1,-1
519,-1,358,96,23,39,0.87,7,-1,-1
519,-1,341,116,14,17,0.86,2,-1,-1
519,-1,342,78,8,10,0.48,2,-1,-1
520,-1,358,95,23,38,0.88,7,-1,-1
520,-1,340,115,14,16,0.85,2,-1,-1
520,-1,342,78,9,10,0.47,2,-1,-1
521,-1,358,94,22,37,0.88,7,-1,-1
521,-1,340,112,14,16,0.86,2,-1,-1
521,-1,342,78,9,9,0.35,2,-1,-1
522,-1,340,109,14,16,0.88,2,-1,-1
522,-1,358,94,22,37,0.88,7,-1,-1
522,-1,343,78,8,8,0.31,2,-1,-1
523,-1,339,107,14,16,0.87,2,-1,-1
523,-1,357,93,22,36,0.87,7,-1,-1
523,-1,344,77,8,8,0.37,2,-1,-1
523,-1,352,70,8,8,0.13,2,-1,-1
524,-1,356,92,22,35,0.87,7,-1,-1
524,-1,339,105,14,16,0.84,2,-1,-1
524,-1,344,77,8,8,0.12,2,-1,-1
525,-1,356,92,22,33,0.87,7,-1,-1
525,-1,340,104,12,15,0.84,2,-1,-1
526,-1,355,92,22,32,0.86,7,-1,-1
526,-1,339,104,13,14,0.82,2,-1,-1
527,-1,356,92,21,31,0.85,7,-1,-1
527,-1,339,102,12,14,0.79,2,-1,-1
528,-1,354,90,22,32,0.85,7,-1,-1
528,-1,339,101,12,13,0.78,2,-1,-1
529,-1,354,90,21,30,0.85,7,-1,-1
529,-1,339,98,12,14,0.76,2,-1,-1
530,-1,354,89,20,30,0.84,7,-1,-1
530,-1,339,97,12,14,0.72,2,-1,-1
531,-1,354,88,20,30,0.84,7,-1,-1
531,-1,339,95,12,14,0.76,2,-1,-1
532,-1,354,88,20,29,0.83,7,-1,-1
532,-1,339,95,12,12,0.75,2,-1,-1
533,-1,353,88,19,27,0.79,7,-1,-1
533,-1,340,94,11,12,0.74,2,-1,-1
534,-1,354,88,18,27,0.76,7,-1,-1
534,-1,340,93,11,12,0.72,2,-1,-1
535,-1,353,85,18,28,0.79,7,-1,-1
535,-1,339,91,12,12,0.69,2,-1,-1
536,-1,353,85,18,28,0.78,7,-1,-1
536,-1,339,88,12,14,0.66,2,-1,-1
537,-1,352,84,18,27,0.76,7,-1,-1
537,-1,340,88,11,12,0.67,2,-1,-1
538,-1,352,84,18,26,0.75,7,-1,-1
538,-1,340,88,10,12,0.68,2,-1,-1
539,-1,340,86,10,12,0.67,2,-1,-1
539,-1,351,83,18,26,0.60,7,-1,-1
540,-1,340,86,10,11,0.65,2,-1,-1
540,-1,351,84,18,24,0.59,2,-1,-1
541,-1,341,85,10,11,0.63,2,-1,-1
541,-1,352,83,16,24,0.51,2,-1,-1
542,-1,341,84,10,12,0.59,2,-1,-1
542,-1,352,82,16,24,0.55,2,-1,-1
543,-1,351,83,16,23,0.63,2,-1,-1
543,-1,342,83,10,11,0.57,2,-1,-1
544,-1,351,82,16,24,0.60,2,-1,-1
544,-1,342,82,10,12,0.51,2,-1,-1
545,-1,351,82,15,21,0.71,2,-1,-1
545,-1,342,82,10,10,0.36,2,-1,-1
546,-1,351,83,15,20,0.71,2,-1,-1
546,-1,342,82,10,10,0.42,2,-1,-1
547,-1,350,82,15,20,0.62,2,-1,-1
547,-1,343,82,10,10,0.33,2,-1,-1
548,-1,350,82,15,20,0.63,2,-1,-1
548,-1,344,82,9,9,0.27,2,-1,-1
549,-1,424,507,76,32,0.89,2,-1,-1
549,-1,350,81,16,20,0.71,2,-1,-1
549,-1,345,81,8,9,0.15,2,-1,-1
550,-1,414,464,80,76,0.90,2,-1,-1
550,-1,351,80,14,20,0.71,2,-1,-1
550,-1,345,80,8,9,0.14,2,-1,-1
551,-1,403,413,64,88,0.91,2,-1,-1
551,-1,350,80,14,19,0.73,2,-1,-1
552,-1,398,383,58,82,0.92,2,-1,-1
552,-1,350,80,14,19,0.71,2,-1,-1
553,-1,390,346,52,72,0.92,2,-1,-1
553,-1,350,76,14,21,0.68,2,-1,-1
554,-1,386,324,48,68,0.91,2,-1,-1
554,-1,350,77,14,20,0.70,2,-1,-1
555,-1,381,301,42,58,0.90,2,-1,-1
555,-1,351,78,12,18,0.74,2,-1,-1
556,-1,377,286,40,54,0.89,2,-1,-1
556,-1,350,78,13,18,0.73,2,-1,-1
557,-1,374,266,36,50,0.90,2,-1,-1
557,-1,351,78,12,17,0.74,2,-1,-1
558,-1,370,254,36,48,0.90,2,-1,-1
558,-1,351,78,12,17,0.75,2,-1,-1
559,-1,368,239,32,44,0.90,2,-1,-1
559,-1,350,78,12,16,0.77,2,-1,-1
560,-1,366,230,31,42,0.89,2,-1,-1
560,-1,350,78,12,16,0.78,2,-1,-1
561,-1,362,216,30,40,0.88,2,-1,-1
561,-1,350,77,12,16,0.79,2,-1,-1
562,-1,361,210,28,38,0.89,2,-1,-1
562,-1,350,78,12,15,0.80,2,-1,-1
563,-1,360,198,26,37,0.88,2,-1,-1
563,-1,350,76,12,15,0.80,2,-1,-1
564,-1,359,195,25,32,0.89,2,-1,-1
564,-1,350,76,12,16,0.80,2,-1,-1
565,-1,356,186,26,32,0.90,2,-1,-1
565,-1,350,75,12,16,0.80,2,-1,-1
566,-1,354,180,25,31,0.89,2,-1,-1
566,-1,350,75,12,16,0.80,2,-1,-1
567,-1,353,174,24,30,0.87,2,-1,-1
567,-1,350,75,12,15,0.78,2,-1,-1
568,-1,352,170,23,30,0.87,2,-1,-1
568,-1,350,75,12,14,0.78,2,-1,-1
569,-1,351,164,22,28,0.88,2,-1,-1
569,-1,350,74,11,14,0.75,2,-1,-1
570,-1,350,160,21,27,0.88,2,-1,-1
570,-1,350,74,12,14,0.75,2,-1,-1
571,-1,350,156,20,25,0.88,2,-1,-1
571,-1,350,74,12,14,0.73,2,-1,-1
572,-1,349,151,20,26,0.87,2,-1,-1
572,-1,351,74,11,13,0.70,2,-1,-1
573,-1,348,147,20,24,0.87,2,-1,-1
573,-1,351,74,11,12,0.68,2,-1,-1
574,-1,347,144,20,24,0.85,2,-1,-1
574,-1,352,74,10,12,0.67,2,-1,-1
575,-1,348,141,18,22,0.86,2,-1,-1
575,-1,352,73,10,13,0.64,2,-1,-1
576,-1,346,138,18,22,0.85,2,-1,-1
576,-1,352,72,11,14,0.67,2,-1,-1
577,-1,346,135,17,20,0.87,2,-1,-1
577,-1,353,71,10,14,0.71,2,-1,-1
578,-1,345,132,18,21,0.86,2,-1,-1
578,-1,352,70,11,14,0.73,2,-1,-1
579,-1,345,129,16,20,0.86,2,-1,-1
579,-1,352,70,11,14,0.74,2,-1,-1
580,-1,345,127,16,20,0.86,2,-1,-1
580,-1,352,70,11,14,0.71,2,-1,-1
581,-1,344,124,16,20,0.85,2,-1,-1
581,-1,353,69,11,14,0.69,2,-1,-1
582,-1,344,122,16,20,0.86,2,-1,-1
582,-1,353,69,11,14,0.67,2,-1,-1
583,-1,344,118,16,20,0.85,2,-1,-1
583,-1,354,68,11,14,0.64,2,-1,-1
584,-1,344,117,16,19,0.85,2,-1,-1
584,-1,354,68,11,14,0.62,2,-1,-1
585,-1,343,116,16,18,0.85,2,-1,-1
585,-1,354,68,11,14,0.62,2,-1,-1
586,-1,343,114,15,18,0.85,2,-1,-1
586,-1,354,68,12,14,0.57,2,-1,-1
587,-1,342,112,15,17,0.84,2,-1,-1
587,-1,354,67,11,14,0.54,2,-1,-1
588,-1,343,111,14,16,0.84,2,-1,-1
588,-1,354,67,11,14,0.54,2,-1,-1
589,-1,342,109,15,16,0.86,2,-1,-1
589,-1,355,66,11,14,0.62,2,-1,-1
590,-1,342,108,14,16,0.86,2,-1,-1
590,-1,356,66,10,13,0.57,2,-1,-1
591,-1,342,106,14,16,0.85,2,-1,-1
591,-1,357,66,10,13,0.46,2,-1,-1
592,-1,342,105,14,16,0.84,2,-1,-1
592,-1,356,65,11,14,0.40,2,-1,-1
593,-1,341,103,14,16,0.85,2,-1,-1
593,-1,358,65,10,14,0.40,2,-1,-1
594,-1,341,102,14,15,0.85,2,-1,-1
594,-1,358,66,10,13,0.38,2,-1,-1
595,-1,341,101,14,14,0.85,2,-1,-1
595,-1,358,66,10,12,0.42,2,-1,-1
596,-1,342,100,13,14,0.84,2,-1,-1
596,-1,359,66,10,12,0.41,2,-1,-1
597,-1,342,98,12,14,0.82,2,-1,-1
597,-1,360,65,10,12,0.32,2,-1,-1
598,-1,341,97,13,14,0.82,2,-1,-1
598,-1,360,65,10,12,0.31,2,-1,-1
599,-1,342,96,12,14,0.81,2,-1,-1
599,-1,360,65,10,12,0.23,2,-1,-1
600,-1,341,95,12,14,0.83,2,-1,-1
600,-1,361,64,10,12,0.24,2,-1,-1
601,-1,342,94,12,14,0.82,2,-1,-1
601,-1,361,64,10,12,0.19,2,-1,-1
602,-1,342,94,12,13,0.81,2,-1,-1
602,-1,362,63,10,12,0.10,2,-1,-1
603,-1,341,92,12,13,0.79,2,-1,-1
604,-1,341,92,12,12,0.78,2,-1,-1
605,-1,341,91,11,12,0.76,2,-1,-1
606,-1,341,90,11,12,0.74,2,-1,-1
607,-1,341,88,10,12,0.74,2,-1,-1
608,-1,341,88,10,12,0.74,2,-1,-1
609,-1,341,87,11,12,0.73,2,-1,-1
610,-1,341,86,10,12,0.70,2,-1,-1
611,-1,341,85,10,12,0.69,2,-1,-1
612,-1,341,84,10,12,0.70,2,-1,-1
613,-1,341,84,10,12,0.68,2,-1,-1
614,-1,341,84,10,11,0.69,2,-1,-1
615,-1,341,84,10,10,0.59,2,-1,-1
616,-1,341,84,10,10,0.59,2,-1,-1
617,-1,342,82,10,10,0.55,2,-1,-1
618,-1,341,82,10,10,0.55,2,-1,-1
619,-1,342,81,10,10,0.58,2,-1,-1
620,-1,342,80,10,10,0.59,2,-1,-1
621,-1,342,80,10,10,0.46,2,-1,-1
622,-1,342,80,10,10,0.46,2,-1,-1
623,-1,342,79,10,9,0.49,2,-1,-1
624,-1,343,78,9,9,0.42,2,-1,-1
625,-1,344,78,8,8,0.43,2,-1,-1
626,-1,344,78,8,9,0.41,2,-1,-1
627,-1,344,78,8,8,0.15,2,-1,-1
628,-1,344,77,8,8,0.14,2,-1,-1
651,-1,426,515,76,24,0.79,2,-1,-1
652,-1,416,466,84,72,0.90,2,-1,-1
653,-1,405,411,64,90,0.91,2,-1,-1
654,-1,398,380,58,80,0.92,2,-1,-1
655,-1,391,342,50,68,0.91,2,-1,-1
656,-1,386,321,48,60,0.91,2,-1,-1
657,-1,381,292,42,54,0.90,2,-1,-1
658,-1,378,276,38,50,0.90,2,-1,-1
659,-1,374,255,36,45,0.89,2,-1,-1
660,-1,372,243,34,42,0.90,2,-1,-1
661,-1,368,228,32,38,0.89,2,-1,-1
662,-1,368,218,28,37,0.88,2,-1,-1
663,-1,364,206,28,34,0.88,2,-1,-1
664,-1,363,199,26,32,0.89,2,-1,-1
665,-1,361,189,25,30,0.89,2,-1,-1
666,-1,360,182,25,30,0.88,2,-1,-1
667,-1,358,175,24,28,0.88,2,-1,-1
667,-1,335,57,12,14,0.31,7,-1,-1
668,-1,357,170,23,26,0.88,2,-1,-1
668,-1,335,57,12,14,0.33,7,-1,-1
669,-1,356,164,22,24,0.87,2,-1,-1
670,-1,355,160,21,24,0.85,2,-1,-1
671,-1,354,154,20,23,0.85,2,-1,-1
671,-1,333,58,11,14,0.12,7,-1,-1
672,-1,353,150,20,22,0.87,2,-1,-1
672,-1,332,58,12,14,0.13,7,-1,-1
673,-1,352,146,19,21,0.86,2,-1,-1
673,-1,331,58,12,14,0.21,7,-1,-1
674,-1,352,142,18,20,0.86,2,-1,-1
674,-1,331,58,12,14,0.27,7,-1,-1
675,-1,350,138,18,20,0.86,2,-1,-1
676,-1,350,135,18,20,0.85,2,-1,-1
677,-1,350,132,17,19,0.86,2,-1,-1
677,-1,328,58,12,16,0.23,7,-1,-1
678,-1,349,130,16,18,0.85,2,-1,-1
678,-1,328,59,12,16,0.41,7,-1,-1
679,-1,348,126,16,18,0.84,2,-1,-1
679,-1,328,58,12,16,0.46,7,-1,-1
680,-1,348,124,16,18,0.85,2,-1,-1
680,-1,327,59,12,16,0.62,7,-1,-1
681,-1,347,121,16,16,0.85,2,-1,-1
681,-1,326,59,12,16,0.40,7,-1,-1
682,-1,347,119,16,16,0.84,2,-1,-1
682,-1,326,59,12,16,0.56,7,-1,-1
683,-1,348,116,14,16,0.85,2,-1,-1
683,-1,324,60,13,17,0.54,7,-1,-1
684,-1,348,114,14,16,0.85,2,-1,-1
684,-1,324,59,13,18,0.60,7,-1,-1
685,-1,347,112,14,16,0.84,2,-1,-1
685,-1,322,60,13,17,0.72,7,-1,-1
686,-1,347,110,14,15,0.83,2,-1,-1
686,-1,322,60,13,18,0.72,7,-1,-1
687,-1,346,109,14,14,0.84,2,-1,-1
687,-1,321,60,14,18,0.68,7,-1,-1
688,-1,346,108,14,14,0.83,2,-1,-1
688,-1,322,60,13,18,0.67,7,-1,-1
689,-1,346,106,14,14,0.82,2,-1,-1
689,-1,320,60,14,18,0.73,7,-1,-1
690,-1,346,104,13,14,0.81,2,-1,-1
690,-1,319,61,14,18,0.73,7,-1,-1
691,-1,346,102,13,14,0.82,2,-1,-1
691,-1,320,61,13,18,0.70,7,-1,-1
692,-1,346,102,13,14,0.81,2,-1,-1
692,-1,319,61,13,18,0.75,7,-1,-1
693,-1,346,100,12,13,0.79,2,-1,-1
693,-1,318,62,13,18,0.76,7,-1,-1
694,-1,346,99,12,12,0.78,2,-1,-1
694,-1,318,62,13,18,0.77,7,-1,-1
695,-1,346,97,12,13,0.75,2,-1,-1
695,-1,316,62,14,18,0.75,7,-1,-1
696,-1,346,97,12,12,0.75,2,-1,-1
696,-1,316,62,14,18,0.72,7,-1,-1
697,-1,346,95,12,12,0.77,2,-1,-1
697,-1,316,63,14,18,0.72,7,-1,-1
698,-1,346,94,12,12,0.75,2,-1,-1
698,-1,315,62,14,19,0.75,7,-1,-1
699,-1,346,93,12,12,0.75,2,-1,-1
699,-1,314,63,14,18,0.74,7,-1,-1
700,-1,314,64,14,18,0.75,7,-1,-1
700,-1,346,92,12,12,0.71,2,-1,-1
701,-1,313,63,14,20,0.78,7,-1,-1
701,-1,346,91,11,12,0.71,2,-1,-1
702,-1,313,63,14,20,0.80,7,-1,-1
702,-1,346,90,11,11,0.65,2,-1,-1
703,-1,312,64,14,20,0.79,7,-1,-1
703,-1,346,88,12,12,0.66,2,-1,-1
704,-1,312,64,14,20,0.79,7,-1,-1
704,-1,346,88,11,11,0.68,2,-1,-1
705,-1,311,64,14,20,0.80,7,-1,-1
705,-1,346,86,11,11,0.64,2,-1,-1
706,-1,311,64,14,21,0.80,7,-1,-1
706,-1,347,86,10,11,0.62,2,-1,-1
707,-1,310,64,14,22,0.82,7,-1,-1
707,-1,348,85,10,10,0.65,2,-1,-1
708,-1,310,64,14,22,0.82,7,-1,-1
708,-1,348,85,10,10,0.65,2,-1,-1
709,-1,310,66,14,21,0.83,7,-1,-1
709,-1,348,84,10,11,0.63,2,-1,-1
710,-1,309,65,14,22,0.83,7,-1,-1
710,-1,348,84,10,10,0.63,2,-1,-1
711,-1,309,66,14,22,0.84,7,-1,-1
711,-1,348,82,10,10,0.59,2,-1,-1
712,-1,308,66,14,22,0.83,7,-1,-1
712,-1,348,82,10,10,0.58,2,-1,-1
713,-1,307,66,14,22,0.83,7,-1,-1
713,-1,349,82,10,10,0.57,2,-1,-1
714,-1,307,67,14,22,0.83,7,-1,-1
714,-1,349,80,10,10,0.63,2,-1,-1
715,-1,306,67,15,22,0.83,7,-1,-1
715,-1,349,80,10,10,0.59,2,-1,-1
716,-1,306,67,15,23,0.83,7,-1,-1
716,-1,349,80,10,10,0.59,2,-1,-1
717,-1,306,68,15,23,0.83,7,-1,-1
717,-1,350,79,9,9,0.63,2,-1,-1
718,-1,304,68,16,24,0.84,7,-1,-1
718,-1,350,78,9,10,0.56,2,-1,-1
719,-1,304,68,16,24,0.84,7,-1,-1
719,-1,351,77,8,10,0.55,2,-1,-1
720,-1,303,68,16,24,0.85,7,-1,-1
720,-1,351,77,9,9,0.53,2,-1,-1
721,-1,303,69,16,24,0.84,7,-1,-1
721,-1,352,76,9,9,0.48,2,-1,-1
722,-1,303,69,16,24,0.84,7,-1,-1
722,-1,352,76,9,8,0.38,2,-1,-1
723,-1,302,70,15,24,0.83,7,-1,-1
723,-1,352,76,9,8,0.33,2,-1,-1
724,-1,302,70,16,24,0.83,7,-1,-1
724,-1,353,76,8,8,0.24,2,-1,-1
725,-1,301,71,16,24,0.83,7,-1,-1
725,-1,354,74,8,8,0.32,2,-1,-1
726,-1,301,71,16,24,0.83,7,-1,-1
726,-1,354,74,8,8,0.32,2,-1,-1
727,-1,300,72,16,25,0.83,7,-1,-1
727,-1,354,74,8,8,0.23,2,-1,-1
728,-1,300,71,16,26,0.83,7,-1,-1
728,-1,355,73,8,8,0.15,2,-1,-1
729,-1,300,72,16,25,0.84,7,-1,-1
729,-1,355,73,8,8,0.15,2,-1,-1
730,-1,299,73,16,25,0.84,7,-1,-1
731,-1,298,73,16,26,0.84,7,-1,-1
732,-1,298,73,16,26,0.85,7,-1,-1
733,-1,297,74,17,26,0.86,7,-1,-1
734,-1,296,75,17,26,0.86,7,-1,-1
735,-1,296,75,18,27,0.86,7,-1,-1
736,-1,296,76,17,27,0.85,7,-1,-1
737,-1,296,77,17,26,0.85,7,-1,-1
738,-1,295,76,17,28,0.85,7,-1,-1
739,-1,294,78,18,28,0.85,7,-1,-1
740,-1,294,78,18,28,0.85,7,-1,-1
741,-1,293,78,18,28,0.85,7,-1,-1
742,-1,292,79,18,28,0.85,7,-1,-1
743,-1,292,79,18,30,0.85,7,-1,-1
744,-1,292,80,18,29,0.86,7,-1,-1
745,-1,290,81,19,30,0.85,7,-1,-1
746,-1,290,81,19,30,0.86,7,-1,-1
747,-1,289,81,20,32,0.86,7,-1,-1
748,-1,288,82,20,32,0.86,7,-1,-1
749,-1,288,82,20,32,0.88,7,-1,-1
750,-1,287,83,20,33,0.88,7,-1,-1
751,-1,287,84,20,34,0.88,7,-1,-1
752,-1,286,84,20,34,0.87,7,-1,-1
753,-1,284,86,22,34,0.87,7,-1,-1
754,-1,284,86,21,34,0.87,7,-1,-1
755,-1,283,87,22,35,0.88,7,-1,-1
756,-1,283,87,22,36,0.87,7,-1,-1
757,-1,282,88,22,36,0.87,7,-1,-1
758,-1,282,90,22,36,0.87,7,-1,-1
759,-1,281,91,22,36,0.86,7,-1,-1
760,-1,280,91,22,38,0.87,7,-1,-1
761,-1,279,92,23,38,0.88,7,-1,-1
762,-1,278,93,23,39,0.88,7,-1,-1
763,-1,277,94,24,40,0.89,7,-1,-1
764,-1,277,94,24,41,0.89,7,-1,-1
765,-1,276,95,24,42,0.90,7,-1,-1
766,-1,275,96,24,42,0.89,7,-1,-1
767,-1,273,97,26,44,0.89,7,-1,-1
768,-1,273,98,26,44,0.89,7,-1,-1
769,-1,272,99,26,46,0.89,7,-1,-1
770,-1,271,100,26,46,0.89,7,-1,-1
771,-1,270,102,26,46,0.88,7,-1,-1
772,-1,270,103,26,48,0.89,7,-1,-1
773,-1,268,105,28,48,0.89,7,-1,-1
774,-1,267,106,28,49,0.89,7,-1,-1
775,-1,266,108,28,51,0.90,7,-1,-1
776,-1,264,108,29,52,0.90,7,-1,-1
777,-1,263,111,30,52,0.90,7,-1,-1
778,-1,262,112,30,54,0.90,7,-1,-1
779,-1,260,113,31,56,0.89,7,-1,-1
780,-1,259,114,32,57,0.89,7,-1,-1
781,-1,258,116,33,59,0.89,7,-1,-1
782,-1,256,118,34,60,0.89,7,-1,-1
783,-1,255,120,34,62,0.89,7,-1,-1
784,-1,420,484,76,54,0.91,2,-1,-1
784,-1,253,121,36,64,0.89,7,-1,-1
785,-1,408,424,68,94,0.92,2,-1,-1
785,-1,251,124,36,66,0.90,7,-1,-1
786,-1,401,392,60,81,0.92,2,-1,-1
786,-1,250,126,37,68,0.90,7,-1,-1
787,-1,392,351,52,68,0.92,2,-1,-1
787,-1,248,128,38,70,0.90,7,-1,-1
788,-1,389,328,48,62,0.91,2,-1,-1
788,-1,245,131,40,72,0.90,7,-1,-1
789,-1,383,300,42,54,0.90,2,-1,-1
789,-1,243,132,41,76,0.90,7,-1,-1
789,-1,321,80,9,8,0.14,2,-1,-1
790,-1,379,282,40,50,0.91,2,-1,-1
790,-1,241,134,42,78,0.90,7,-1,-1
790,-1,321,80,9,8,0.13,2,-1,-1
791,-1,238,138,44,80,0.91,7,-1,-1
791,-1,374,262,36,45,0.90,2,-1,-1
791,-1,320,80,9,9,0.12,2,-1,-1
792,-1,236,140,45,83,0.90,7,-1,-1
792,-1,373,247,34,44,0.90,2,-1,-1
792,-1,320,80,9,9,0.15,2,-1,-1
793,-1,232,144,48,88,0.91,7,-1,-1
793,-1,369,232,32,39,0.89,2,-1,-1
793,-1,319,82,9,8,0.13,2,-1,-1
794,-1,229,147,50,90,0.92,7,-1,-1
794,-1,367,222,30,37,0.89,2,-1,-1
794,-1,318,82,10,9,0.20,2,-1,-1
795,-1,225,150,52,95,0.92,7,-1,-1
795,-1,364,210,28,34,0.89,2,-1,-1
795,-1,318,82,10,9,0.19,2,-1,-1
796,-1,222,152,54,100,0.91,7,-1,-1
796,-1,363,204,26,32,0.89,2,-1,-1
796,-1,318,82,10,10,0.20,2,-1,-1
797,-1,216,157,58,105,0.91,7,-1,-1
797,-1,361,194,25,30,0.89,2,-1,-1
797,-1,317,83,10,10,0.25,2,-1,-1
798,-1,213,160,60,110,0.91,7,-1,-1
798,-1,359,188,25,28,0.89,2,-1,-1
798,-1,317,83,10,10,0.27,2,-1,-1
799,-1,208,166,63,116,0.92,7,-1,-1
799,-1,357,178,24,28,0.89,2,-1,-1
799,-1,316,84,10,10,0.34,2,-1,-1
800,-1,202,169,66,121,0.92,7,-1,-1
800,-1,356,173,23,28,0.88,2,-1,-1
800,-1,316,84,10,10,0.40,2,-1,-1
801,-1,196,176,70,128,0.91,7,-1,-1
801,-1,354,166,22,26,0.87,2,-1,-1
801,-1,316,85,10,10,0.44,2,-1,-1
802,-1,190,179,74,136,0.93,7,-1,-1
802,-1,352,163,22,24,0.85,2,-1,-1
802,-1,315,86,10,10,0.42,2,-1,-1
803,-1,182,185,80,146,0.92,7,-1,-1
803,-1,352,156,21,23,0.88,2,-1,-1
803,-1,315,87,10,10,0.41,2,-1,-1
804,-1,176,190,84,155,0.92,7,-1,-1
804,-1,351,153,20,22,0.87,2,-1,-1
804,-1,315,87,10,10,0.44,2,-1,-1
805,-1,165,198,91,169,0.92,7,-1,-1
805,-1,350,148,20,22,0.87,2,-1,-1
805,-1,314,88,10,10,0.55,2,-1,-1
806,-1,156,202,98,179,0.91,7,-1,-1
806,-1,350,145,19,21,0.87,2,-1,-1
806,-1,314,88,10,10,0.55,2,-1,-1
807,-1,142,212,108,198,0.92,7,-1,-1
807,-1,348,140,18,20,0.87,2,-1,-1
807,-1,313,89,11,11,0.62,2,-1,-1
808,-1,132,218,114,213,0.92,7,-1,-1
808,-1,348,138,18,20,0.87,2,-1,-1
808,-1,313,90,11,11,0.61,2,-1,-1
809,-1,113,224,128,245,0.94,7,-1,-1
809,-1,348,133,17,20,0.86,2,-1,-1
809,-1,313,91,10,10,0.62,2,-1,-1
810,-1,100,239,138,258,0.94,7,-1,-1
810,-1,348,132,16,18,0.86,2,-1,-1
810,-1,312,91,12,12,0.71,2,-1,-1
811,-1,70,252,163,284,0.93,7,-1,-1
811,-1,347,129,16,17,0.84,2,-1,-1
811,-1,312,92,12,12,0.74,2,-1,-1
812,-1,50,261,178,277,0.91,7,-1,-1
812,-1,346,127,16,16,0.83,2,-1,-1
812,-1,312,92,12,12,0.76,2,-1,-1
813,-1,7,276,212,261,0.92,7,-1,-1
813,-1,345,122,16,18,0.85,2,-1,-1
813,-1,311,93,12,12,0.77,2,-1,-1
814,-1,4,287,210,250,0.90,7,-1,-1
814,-1,345,121,15,16,0.83,2,-1,-1
814,-1,311,93,12,13,0.80,2,-1,-1
815,-1,344,118,15,16,0.84,2,-1,-1
815,-1,310,95,12,12,0.79,2,-1,-1
816,-1,343,117,16,16,0.84,2,-1,-1
816,-1,310,95,12,13,0.79,2,-1,-1
817,-1,0,355,184,184,0.93,7,-1,-1
817,-1,344,115,14,14,0.84,2,-1,-1
817,-1,310,96,12,13,0.77,2,-1,-1
818,-1,344,112,14,15,0.84,2,-1,-1
818,-1,309,97,12,13,0.76,2,-1,-1
819,-1,0,419,156,120,0.92,7,-1,-1
819,-1,343,110,14,15,0.85,2,-1,-1
819,-1,309,98,12,14,0.79,2,-1,-1
820,-1,0,450,142,88,0.91,7,-1,-1
820,-1,343,108,14,15,0.86,2,-1,-1
820,-1,308,98,12,14,0.80,2,-1,-1
821,-1,343,107,13,14,0.85,2,-1,-1
821,-1,308,99,13,14,0.80,2,-1,-1
822,-1,342,106,14,14,0.84,2,-1,-1
822,-1,306,101,14,14,0.82,2,-1,-1
823,-1,306,102,14,15,0.83,2,-1,-1
823,-1,342,104,13,14,0.82,2,-1,-1
824,-1,306,103,14,14,0.82,2,-1,-1
824,-1,342,103,12,14,0.82,2,-1,-1
825,-1,342,101,12,12,0.82,2,-1,-1
825,-1,306,105,13,14,0.80,2,-1,-1
826,-1,342,100,13,13,0.82,2,-1,-1
826,-1,306,106,13,14,0.80,2,-1,-1
827,-1,305,107,13,14,0.83,2,-1,-1
827,-1,342,99,12,12,0.80,2,-1,-1
828,-1,304,108,14,15,0.84,2,-1,-1
828,-1,342,96,12,14,0.77,2,-1,-1
829,-1,304,110,14,15,0.83,2,-1,-1
829,-1,342,96,12,13,0.79,2,-1,-1
830,-1,304,111,14,15,0.82,2,-1,-1
830,-1,342,94,12,14,0.79,2,-1,-1
831,-1,303,112,14,16,0.83,2,-1,-1
831,-1,342,94,12,13,0.79,2,-1,-1
831,-1,317,68,9,13,0.12,2,-1,-1
832,-1,303,114,14,16,0.84,2,-1,-1
832,-1,341,93,12,12,0.79,2,-1,-1
832,-1,317,68,9,13,0.10,2,-1,-1
833,-1,303,116,14,16,0.84,2,-1,-1
833,-1,341,91,11,12,0.77,2,-1,-1
834,-1,302,117,15,16,0.85,2,-1,-1
834,-1,342,90,11,12,0.75,2,-1,-1
835,-1,302,120,15,16,0.84,2,-1,-1
835,-1,341,89,11,12,0.69,2,-1,-1
836,-1,302,121,15,16,0.84,2,-1,-1
836,-1,341,89,11,11,0.68,2,-1,-1
837,-1,300,122,16,18,0.86,2,-1,-1
837,-1,341,87,11,12,0.69,2,-1,-1
837,-1,314,71,11,14,0.11,2,-1,-1
838,-1,300,124,16,18,0.87,2,-1,-1
838,-1,341,87,10,11,0.66,2,-1,-1
838,-1,317,76,10,10,0.12,2,-1,-1
839,-1,300,126,16,18,0.86,2,-1,-1
839,-1,341,86,10,11,0.63,2,-1,-1
839,-1,316,77,10,11,0.10,2,-1,-1
840,-1,300,128,16,18,0.87,2,-1,-1
840,-1,342,85,10,11,0.62,2,-1,-1
840,-1,315,76,11,12,0.15,2,-1,-1
841,-1,299,132,16,18,0.87,2,-1,-1
841,-1,342,85,10,10,0.63,2,-1,-1
841,-1,313,77,10,10,0.12,2,-1,-1
842,-1,299,133,16,18,0.86,2,-1,-1
842,-1,342,84,10,11,0.63,2,-1,-1
842,-1,312,77,10,11,0.11,2,-1,-1
843,-1,298,136,17,19,0.86,2,-1,-1
843,-1,341,84,10,10,0.59,2,-1,-1
843,-1,312,78,11,12,0.18,2,-1,-1
844,-1,298,139,17,18,0.86,2,-1,-1
844,-1,341,83,10,10,0.48,2,-1,-1
844,-1,312,77,12,14,0.39,2,-1,-1
845,-1,298,141,17,20,0.86,2,-1,-1
845,-1,341,83,10,10,0.48,2,-1,-1
845,-1,310,77,12,16,0.24,2,-1,-1
846,-1,296,143,18,20,0.87,2,-1,-1
846,-1,341,82,10,10,0.49,2,-1,-1
846,-1,312,81,10,12,0.37,2,-1,-1
847,-1,296,148,18,20,0.86,2,-1,-1
847,-1,342,81,10,10,0.58,2,-1,-1
847,-1,311,82,10,12,0.45,2,-1,-1
848,-1,296,150,18,21,0.86,2,-1,-1
848,-1,342,81,10,10,0.58,2,-1,-1
848,-1,311,83,10,12,0.44,2,-1,-1
849,-1,295,155,18,20,0.86,2,-1,-1
849,-1,343,80,9,9,0.53,2,-1,-1
849,-1,308,82,11,14,0.49,2,-1,-1
850,-1,294,156,18,22,0.86,2,-1,-1
850,-1,308,84,11,12,0.55,2,-1,-1
850,-1,343,80,9,8,0.53,2,-1,-1
851,-1,293,161,20,22,0.86,2,-1,-1
851,-1,307,84,11,13,0.52,2,-1,-1
851,-1,344,80,8,8,0.44,2,-1,-1
852,-1,292,163,20,24,0.88,2,-1,-1
852,-1,306,84,12,14,0.64,2,-1,-1
852,-1,344,79,8,8,0.47,2,-1,-1
853,-1,290,168,21,26,0.85,2,-1,-1
853,-1,305,84,12,16,0.65,2,-1,-1
853,-1,344,78,8,8,0.39,2,-1,-1
854,-1,290,172,22,26,0.87,2,-1,-1
854,-1,304,84,12,16,0.68,2,-1,-1
854,-1,345,78,8,8,0.19,2,-1,-1
855,-1,288,175,22,30,0.87,2,-1,-1
855,-1,304,85,12,17,0.70,2,-1,-1
855,-1,345,78,8,8,0.20,2,-1,-1
856,-1,288,178,23,30,0.88,2,-1,-1
856,-1,303,84,12,18,0.64,2,-1,-1
856,-1,346,77,8,8,0.20,2,-1,-1
857,-1,284,186,26,31,0.89,2,-1,-1
857,-1,302,90,12,14,0.56,2,-1,-1
858,-1,283,188,26,34,0.90,2,-1,-1
858,-1,301,88,12,17,0.61,2,-1,-1
859,-1,282,196,26,35,0.90,2,-1,-1
859,-1,300,95,12,12,0.66,2,-1,-1
859,-1,302,80,11,16,0.35,2,-1,-1
860,-1,280,200,26,38,0.89,2,-1,-1
860,-1,299,95,12,12,0.59,2,-1,-1
860,-1,302,82,11,15,0.46,2,-1,-1
861,-1,279,212,27,37,0.88,2,-1,-1
861,-1,302,81,10,16,0.65,2,-1,-1
861,-1,298,97,12,13,0.64,2,-1,-1
862,-1,277,216,28,40,0.89,2,-1,-1
862,-1,297,99,12,12,0.71,2,-1,-1
862,-1,301,81,12,17,0.64,2,-1,-1
863,-1,274,227,30,42,0.90,2,-1,-1
863,-1,296,100,13,13,0.77,2,-1,-1
863,-1,301,84,11,15,0.69,2,-1,-1
864,-1,272,233,31,46,0.90,2,-1,-1
864,-1,300,84,11,16,0.74,2,-1,-1
864,-1,295,102,12,12,0.73,2,-1,-1
865,-1,268,245,32,50,0.91,2,-1,-1
865,-1,293,104,12,12,0.76,2,-1,-1
865,-1,299,82,12,18,0.62,2,-1,-1
866,-1,265,254,34,52,0.91,2,-1,-1
866,-1,293,106,12,12,0.77,2,-1,-1
866,-1,299,83,12,18,0.65,2,-1,-1
867,-1,261,268,36,58,0.90,2,-1,-1
867,-1,291,106,14,14,0.79,2,-1,-1
867,-1,298,86,12,16,0.68,2,-1,-1
868,-1,257,280,38,61,0.89,2,-1,-1
868,-1,291,108,14,14,0.78,2,-1,-1
868,-1,298,83,13,20,0.66,2,-1,-1
869,-1,250,300,43,68,0.91,2,-1,-1
869,-1,290,109,14,14,0.78,2,-1,-1
869,-1,296,85,14,20,0.67,2,-1,-1
870,-1,246,314,46,74,0.91,2,-1,-1
870,-1,296,88,14,18,0.79,2,-1,-1
870,-1,289,111,14,14,0.77,2,-1,-1
871,-1,239,336,49,86,0.90,2,-1,-1
871,-1,288,113,14,14,0.79,2,-1,-1
871,-1,295,86,14,20,0.73,2,-1,-1
872,-1,232,356,54,94,0.90,2,-1,-1
872,-1,287,115,14,14,0.82,2,-1,-1
872,-1,294,87,14,20,0.80,2,-1,-1
873,-1,222,391,60,108,0.92,2,-1,-1
873,-1,285,116,16,16,0.83,2,-1,-1
873,-1,294,88,14,20,0.80,2,-1,-1
874,-1,213,418,66,118,0.92,2,-1,-1
874,-1,285,118,15,16,0.82,2,-1,-1
874,-1,293,89,14,20,0.78,2,-1,-1
875,-1,203,468,69,70,0.88,2,-1,-1
875,-1,293,92,14,18,0.84,2,-1,-1
875,-1,284,120,14,16,0.83,2,-1,-1
876,-1,191,510,70,28,0.84,2,-1,-1
876,-1,283,122,16,16,0.84,2,-1,-1
876,-1,292,91,14,20,0.82,2,-1,-1
877,-1,281,126,16,16,0.83,2,-1,-1
877,-1,291,92,14,21,0.79,2,-1,-1
878,-1,280,128,16,16,0.83,2,-1,-1
878,-1,291,92,14,21,0.79,2,-1,-1
879,-1,278,132,16,16,0.84,2,-1,-1
879,-1,289,93,16,22,0.83,2,-1,-1
880,-1,288,93,16,22,0.84,2,-1,-1
880,-1,278,134,16,16,0.83,2,-1,-1
881,-1,277,136,16,18,0.85,2,-1,-1
881,-1,288,94,16,22,0.83,2,-1,-1
882,-1,275,137,18,19,0.85,2,-1,-1
882,-1,287,95,16,22,0.78,2,-1,-1
883,-1,400,448,68,88,0.92,2,-1,-1
883,-1,274,143,17,17,0.84,2,-1,-1
883,-1,286,97,16,22,0.84,2,-1,-1
884,-1,394,404,60,86,0.92,2,-1,-1
884,-1,272,145,18,18,0.84,2,-1,-1
884,-1,286,97,16,24,0.84,2,-1,-1
885,-1,384,353,52,74,0.91,2,-1,-1
885,-1,271,147,18,20,0.85,2,-1,-1
885,-1,285,98,16,24,0.81,2,-1,-1
885,-1,511,482,88,56,0.57,7,-1,-1
886,-1,494,441,88,98,0.92,2,-1,-1
886,-1,380,326,46,66,0.90,2,-1,-1
886,-1,270,148,19,22,0.87,2,-1,-1
886,-1,284,98,17,25,0.84,2,-1,-1
887,-1,474,392,72,88,0.92,2,-1,-1
887,-1,375,293,40,58,0.90,2,-1,-1
887,-1,267,156,19,19,0.86,2,-1,-1
887,-1,283,101,17,24,0.84,2,-1,-1
888,-1,464,365,64,78,0.92,2,-1,-1
888,-1,371,275,38,52,0.90,2,-1,-1
888,-1,266,157,20,22,0.86,2,-1,-1
888,-1,282,101,17,26,0.83,2,-1,-1
889,-1,449,331,56,66,0.91,2,-1,-1
889,-1,367,252,34,46,0.90,2,-1,-1
889,-1,263,160,20,24,0.86,2,-1,-1
889,-1,281,102,18,26,0.84,2,-1,-1
890,-1,441,312,52,60,0.90,2,-1,-1
890,-1,365,238,32,44,0.90,2,-1,-1
890,-1,261,165,22,24,0.88,2,-1,-1
890,-1,280,103,17,26,0.81,2,-1,-1
891,-1,431,288,46,52,0.90,2,-1,-1
891,-1,362,222,29,40,0.89,2,-1,-1
891,-1,259,169,22,27,0.85,2,-1,-1
891,-1,280,104,18,28,0.69,2,-1,-1
892,-1,426,273,42,48,0.91,2,-1,-1
892,-1,360,212,28,38,0.89,2,-1,-1
892,-1,256,174,24,26,0.85,2,-1,-1
892,-1,278,105,18,28,0.80,2,-1,-1
893,-1,418,254,38,44,0.90,2,-1,-1
893,-1,358,202,26,32,0.88,2,-1,-1
893,-1,254,180,24,28,0.87,2,-1,-1
893,-1,278,105,18,30,0.68,2,-1,-1
894,-1,414,244,36,40,0.90,2,-1,-1
894,-1,357,192,26,33,0.89,2,-1,-1
894,-1,251,184,26,28,0.87,2,-1,-1
894,-1,277,108,18,28,0.81,2,-1,-1
895,-1,408,229,32,37,0.90,2,-1,-1
895,-1,354,181,25,31,0.88,2,-1,-1
895,-1,246,191,26,30,0.87,2,-1,-1
895,-1,275,109,19,30,0.66,2,-1,-1
896,-1,404,222,32,34,0.89,2,-1,-1
896,-1,244,196,26,31,0.88,2,-1,-1
896,-1,352,174,25,31,0.87,2,-1,-1
896,-1,275,110,18,30,0.78,2,-1,-1
897,-1,400,208,28,33,0.88,2,-1,-1
897,-1,240,204,28,34,0.88,2,-1,-1
897,-1,352,168,22,28,0.86,2,-1,-1
897,-1,273,113,19,30,0.85,2,-1,-1
898,-1,397,200,28,32,0.88,2,-1,-1
898,-1,238,210,28,35,0.88,2,-1,-1
898,-1,272,114,20,30,0.87,2,-1,-1
898,-1,350,162,23,28,0.86,2,-1,-1
899,-1,392,194,28,28,0.88,2,-1,-1
899,-1,271,116,20,32,0.87,2,-1,-1
899,-1,232,220,30,38,0.87,2,-1,-1
899,-1,350,156,21,26,0.87,2,-1,-1
900,-1,229,228,30,38,0.89,2,-1,-1
900,-1,391,187,26,28,0.88,2,-1,-1
900,-1,349,154,20,23,0.86,2,-1,-1
900,-1,270,116,20,33,0.86,2,-1,-1
