1,-1,401,189,23,21,0.89,2,-1,-1
1,-1,358,134,11,12,0.64,2,-1,-1
1,-1,322,145,12,13,0.61,2,-1,-1
2,-1,399,184,23,22,0.90,2,-1,-1
2,-1,321,144,13,16,0.84,2,-1,-1
2,-1,358,133,11,12,0.68,2,-1,-1
3,-1,398,183,21,21,0.90,2,-1,-1
3,-1,321,144,13,16,0.84,2,-1,-1
4,-1,396,178,22,21,0.89,2,-1,-1
4,-1,320,147,13,16,0.82,2,-1,-1
4,-1,356,130,11,12,0.52,2,-1,-1
5,-1,395,176,22,21,0.90,2,-1,-1
5,-1,320,148,14,16,0.83,2,-1,-1
5,-1,356,130,11,12,0.57,2,-1,-1
6,-1,392,174,23,20,0.90,2,-1,-1
6,-1,319,151,14,15,0.76,2,-1,-1
6,-1,356,130,10,12,0.39,2,-1,-1
7,-1,392,173,22,19,0.89,2,-1,-1
7,-1,318,152,14,15,0.81,2,-1,-1
7,-1,356,130,10,12,0.46,2,-1,-1
8,-1,391,171,20,18,0.89,2,-1,-1
8,-1,317,153,15,16,0.85,2,-1,-1
8,-1,356,129,10,12,0.42,2,-1,-1
9,-1,390,170,20,18,0.89,2,-1,-1
9,-1,317,155,15,16,0.84,2,-1,-1
10,-1,389,166,19,18,0.88,2,-1,-1
10,-1,317,156,14,16,0.86,2,-1,-1
10,-1,355,127,11,12,0.34,2,-1,-1
11,-1,389,165,18,18,0.89,2,-1,-1
11,-1,315,157,16,17,0.84,2,-1,-1
11,-1,355,127,11,12,0.35,2,-1,-1
12,-1,314,159,16,17,0.87,2,-1,-1
12,-1,387,163,17,17,0.86,2,-1,-1
12,-1,356,128,10,11,0.19,2,-1,-1
13,-1,385,160,18,18,0.87,2,-1,-1
13,-1,313,160,17,18,0.86,2,-1,-1
14,-1,386,158,18,18,0.88,2,-1,-1
14,-1,311,163,17,19,0.85,2,-1,-1
14,-1,356,126,10,11,0.14,2,-1,-1
15,-1,384,156,18,18,0.86,2,-1,-1
15,-1,310,165,18,18,0.86,2,-1,-1
16,-1,383,155,18,17,0.88,2,-1,-1
16,-1,309,169,18,18,0.84,2,-1,-1
17,-1,383,154,18,17,0.88,2,-1,-1
17,-1,309,171,18,19,0.85,2,-1,-1
18,-1,381,153,18,17,0.88,2,-1,-1
18,-1,307,175,19,18,0.86,2,-1,-1
19,-1,380,152,17,15,0.88,2,-1,-1
19,-1,305,178,19,19,0.86,2,-1,-1
20,-1,380,151,17,15,0.89,2,-1,-1
20,-1,303,179,20,21,0.88,2,-1,-1
21,-1,380,149,16,15,0.88,2,-1,-1
21,-1,302,182,20,20,0.87,2,-1,-1
22,-1,379,149,16,15,0.87,2,-1,-1
22,-1,301,184,21,23,0.86,2,-1,-1
23,-1,378,148,16,15,0.89,2,-1,-1
23,-1,300,189,21,22,0.84,2,-1,-1
24,-1,298,194,22,22,0.89,2,-1,-1
24,-1,377,145,14,15,0.73,2,-1,-1
25,-1,296,191,23,27,0.90,2,-1,-1
25,-1,377,145,14,15,0.66,2,-1,-1
26,-1,294,198,23,26,0.88,2,-1,-1
26,-1,376,144,15,14,0.85,2,-1,-1
27,-1,293,200,24,29,0.89,2,-1,-1
27,-1,376,144,15,14,0.85,2,-1,-1
28,-1,288,205,27,31,0.92,2,-1,-1
28,-1,376,142,14,14,0.86,2,-1,-1
29,-1,286,207,28,35,0.92,2,-1,-1
29,-1,376,141,13,14,0.88,2,-1,-1
30,-1,283,214,28,36,0.92,2,-1,-1
30,-1,375,140,13,14,0.86,2,-1,-1
31,-1,281,220,29,35,0.93,2,-1,-1
31,-1,375,140,13,14,0.86,2,-1,-1
32,-1,277,228,31,38,0.93,2,-1,-1
32,-1,374,139,14,13,0.86,2,-1,-1
33,-1,274,232,32,41,0.93,2,-1,-1
33,-1,373,138,13,13,0.80,2,-1,-1
34,-1,269,243,34,43,0.92,2,-1,-1
34,-1,373,136,12,13,0.83,2,-1,-1
35,-1,265,250,36,45,0.94,2,-1,-1
35,-1,373,136,12,13,0.83,2,-1,-1
36,-1,259,261,38,50,0.94,2,-1,-1
36,-1,372,135,12,13,0.83,2,-1,-1
37,-1,255,273,39,50,0.92,2,-1,-1
37,-1,372,135,12,13,0.84,2,-1,-1
38,-1,247,289,43,55,0.94,2,-1,-1
38,-1,372,135,12,13,0.84,2,-1,-1
38,-1,329,129,11,13,0.31,2,-1,-1
39,-1,241,302,46,58,0.94,2,-1,-1
39,-1,329,129,11,12,0.41,2,-1,-1
39,-1,371,134,12,13,0.13,2,-1,-1
40,-1,232,319,50,69,0.95,2,-1,-1
40,-1,329,130,11,13,0.22,2,-1,-1
40,-1,371,134,12,13,0.11,2,-1,-1
41,-1,223,336,54,75,0.95,2,-1,-1
41,-1,328,131,12,13,0.67,2,-1,-1
41,-1,370,133,11,12,0.67,2,-1,-1
42,-1,214,355,58,81,0.95,2,-1,-1
42,-1,370,132,11,12,0.66,2,-1,-1
42,-1,328,131,12,14,0.65,2,-1,-1
43,-1,199,388,65,95,0.94,2,-1,-1
43,-1,328,133,12,13,0.71,2,-1,-1
43,-1,370,131,11,12,0.56,2,-1,-1
44,-1,176,428,77,111,0.94,2,-1,-1
44,-1,328,133,12,14,0.67,2,-1,-1
44,-1,370,131,11,12,0.57,2,-1,-1
45,-1,163,462,81,77,0.93,2,-1,-1
45,-1,327,134,12,14,0.60,2,-1,-1
46,-1,161,501,67,38,0.88,2,-1,-1
46,-1,327,135,12,13,0.64,2,-1,-1
47,-1,326,137,12,13,0.73,2,-1,-1
47,-1,369,129,11,11,0.25,2,-1,-1
48,-1,326,137,11,12,0.69,2,-1,-1
49,-1,326,138,11,12,0.64,2,-1,-1
50,-1,325,140,12,12,0.77,2,-1,-1
50,-1,368,128,10,11,0.14,2,-1,-1
51,-1,324,141,13,13,0.80,2,-1,-1
51,-1,368,128,10,11,0.20,2,-1,-1
52,-1,324,142,13,13,0.82,2,-1,-1
53,-1,323,142,13,13,0.82,2,-1,-1
54,-1,323,143,13,13,0.81,2,-1,-1
55,-1,322,144,14,13,0.82,2,-1,-1
55,-1,612,499,27,40,0.24,7,-1,-1
56,-1,583,469,56,70,0.90,7,-1,-1
56,-1,321,146,14,13,0.83,2,-1,-1
57,-1,560,430,79,109,0.95,7,-1,-1
57,-1,321,146,14,14,0.86,2,-1,-1
58,-1,540,398,99,141,0.96,7,-1,-1
58,-1,320,148,15,14,0.84,2,-1,-1
59,-1,530,382,109,157,0.96,7,-1,-1
59,-1,319,149,15,13,0.84,2,-1,-1
60,-1,520,365,119,174,0.96,7,-1,-1
60,-1,319,151,15,14,0.84,2,-1,-1
61,-1,508,342,131,197,0.96,7,-1,-1
61,-1,318,152,15,14,0.85,2,-1,-1
62,-1,496,323,143,216,0.96,7,-1,-1
62,-1,318,154,15,14,0.84,2,-1,-1
63,-1,489,313,150,225,0.96,7,-1,-1
63,-1,317,155,15,15,0.85,2,-1,-1
64,-1,480,300,159,238,0.96,7,-1,-1
64,-1,318,157,15,15,0.86,2,-1,-1
65,-1,475,290,164,244,0.97,7,-1,-1
65,-1,316,157,16,16,0.87,2,-1,-1
66,-1,470,281,166,230,0.97,7,-1,-1
66,-1,315,158,16,16,0.87,2,-1,-1
67,-1,462,269,150,209,0.97,7,-1,-1
67,-1,314,160,17,17,0.86,2,-1,-1
68,-1,456,257,136,190,0.96,7,-1,-1
68,-1,313,163,17,17,0.86,2,-1,-1
69,-1,452,250,127,180,0.96,7,-1,-1
69,-1,312,165,17,17,0.88,2,-1,-1
70,-1,448,243,116,164,0.96,7,-1,-1
70,-1,310,167,18,17,0.85,2,-1,-1
71,-1,445,237,111,154,0.96,7,-1,-1
71,-1,310,169,18,18,0.84,2,-1,-1
71,-1,424,297,21,31,0.11,2,-1,-1
72,-1,441,232,105,148,0.96,7,-1,-1
72,-1,309,171,19,18,0.87,2,-1,-1
73,-1,438,225,97,137,0.97,7,-1,-1
73,-1,308,173,19,19,0.88,2,-1,-1
74,-1,434,218,90,129,0.97,7,-1,-1
74,-1,306,176,19,18,0.88,2,-1,-1
75,-1,432,214,85,124,0.96,7,-1,-1
75,-1,305,178,20,19,0.89,2,-1,-1
76,-1,429,208,81,117,0.96,7,-1,-1
76,-1,303,181,21,20,0.90,2,-1,-1
77,-1,426,205,77,112,0.97,7,-1,-1
77,-1,303,184,21,20,0.88,2,-1,-1
78,-1,423,200,73,106,0.96,7,-1,-1
78,-1,301,187,21,21,0.91,2,-1,-1
79,-1,423,197,70,103,0.96,7,-1,-1
79,-1,300,191,22,20,0.89,2,-1,-1
80,-1,419,193,67,97,0.96,7,-1,-1
80,-1,297,194,23,22,0.90,2,-1,-1
81,-1,417,190,65,94,0.95,7,-1,-1
81,-1,297,198,23,22,0.88,2,-1,-1
82,-1,416,186,61,89,0.96,7,-1,-1
82,-1,415,490,89,49,0.91,2,-1,-1
82,-1,294,203,23,23,0.91,2,-1,-1
83,-1,414,183,60,87,0.95,7,-1,-1
83,-1,412,458,78,79,0.93,2,-1,-1
83,-1,292,207,25,23,0.90,2,-1,-1
84,-1,413,182,57,84,0.95,7,-1,-1
84,-1,409,430,72,72,0.94,2,-1,-1
84,-1,291,210,25,25,0.91,2,-1,-1
85,-1,410,179,55,80,0.95,7,-1,-1
85,-1,402,391,63,64,0.94,2,-1,-1
85,-1,289,216,25,25,0.91,2,-1,-1
86,-1,396,361,58,57,0.94,2,-1,-1
86,-1,408,176,53,77,0.94,7,-1,-1
86,-1,286,223,26,27,0.91,2,-1,-1
86,-1,308,140,11,11,0.28,2,-1,-1
87,-1,407,174,52,75,0.94,7,-1,-1
87,-1,393,343,53,53,0.94,2,-1,-1
87,-1,283,228,27,28,0.91,2,-1,-1
88,-1,406,171,49,72,0.95,7,-1,-1
88,-1,389,320,50,47,0.93,2,-1,-1
88,-1,280,236,29,31,0.91,2,-1,-1
89,-1,405,169,47,70,0.94,7,-1,-1
89,-1,387,307,47,45,0.94,2,-1,-1
89,-1,277,242,31,31,0.92,2,-1,-1
89,-1,305,140,12,12,0.61,2,-1,-1
90,-1,403,167,47,68,0.94,7,-1,-1
90,-1,383,290,44,40,0.93,2,-1,-1
90,-1,271,252,34,33,0.92,2,-1,-1
90,-1,304,142,12,12,0.75,2,-1,-1
91,-1,402,165,46,66,0.94,7,-1,-1
91,-1,382,280,40,38,0.93,2,-1,-1
91,-1,267,259,36,35,0.93,2,-1,-1
91,-1,304,142,12,13,0.52,2,-1,-1
92,-1,400,162,45,64,0.94,7,-1,-1
92,-1,262,272,38,37,0.93,2,-1,-1
92,-1,380,265,38,36,0.91,2,-1,-1
92,-1,303,144,12,12,0.75,2,-1,-1
93,-1,399,161,44,63,0.94,7,-1,-1
93,-1,378,258,38,35,0.93,2,-1,-1
93,-1,259,280,38,40,0.93,2,-1,-1
94,-1,377,247,33,32,0.94,2,-1,-1
94,-1,398,158,42,61,0.94,7,-1,-1
94,-1,251,296,42,43,0.93,2,-1,-1
94,-1,301,146,13,13,0.56,2,-1,-1
95,-1,398,157,40,58,0.94,7,-1,-1
95,-1,245,307,45,47,0.94,2,-1,-1
95,-1,376,240,32,31,0.94,2,-1,-1
95,-1,300,146,13,13,0.60,2,-1,-1
96,-1,397,156,40,58,0.96,7,-1,-1
96,-1,240,320,46,50,0.94,2,-1,-1
96,-1,375,233,31,31,0.92,2,-1,-1
96,-1,300,147,13,13,0.81,2,-1,-1
97,-1,396,154,40,56,0.96,7,-1,-1
97,-1,229,342,51,57,0.95,2,-1,-1
97,-1,374,224,29,30,0.92,2,-1,-1
97,-1,298,149,13,14,0.41,2,-1,-1
98,-1,216,369,57,66,0.95,2,-1,-1
98,-1,395,153,39,54,0.93,7,-1,-1
98,-1,372,219,28,27,0.91,2,-1,-1
98,-1,297,150,14,15,0.73,2,-1,-1
99,-1,206,389,61,73,0.95,2,-1,-1
99,-1,393,152,40,54,0.94,7,-1,-1
99,-1,372,214,27,27,0.90,2,-1,-1
99,-1,297,150,14,15,0.69,2,-1,-1
100,-1,189,425,68,87,0.96,2,-1,-1
100,-1,392,150,36,52,0.93,7,-1,-1
100,-1,370,207,26,26,0.90,2,-1,-1
100,-1,295,152,14,15,0.28,2,-1,-1
101,-1,176,454,74,85,0.95,2,-1,-1
101,-1,393,149,35,51,0.93,7,-1,-1
101,-1,370,204,27,25,0.90,2,-1,-1
101,-1,294,153,15,14,0.79,2,-1,-1
102,-1,164,488,77,51,0.93,2,-1,-1
102,-1,393,147,34,51,0.93,7,-1,-1
102,-1,369,200,27,26,0.89,2,-1,-1
102,-1,293,154,15,15,0.82,2,-1,-1
103,-1,392,146,33,50,0.92,7,-1,-1
103,-1,368,194,26,25,0.89,2,-1,-1
103,-1,292,156,16,15,0.84,2,-1,-1
104,-1,390,145,33,49,0.92,7,-1,-1
104,-1,368,190,24,23,0.89,2,-1,-1
104,-1,291,158,16,15,0.85,2,-1,-1
105,-1,390,144,33,48,0.92,7,-1,-1
105,-1,367,188,24,23,0.89,2,-1,-1
105,-1,290,159,16,15,0.84,2,-1,-1
106,-1,389,143,32,47,0.94,7,-1,-1
106,-1,366,184,23,22,0.87,2,-1,-1
106,-1,289,160,16,15,0.85,2,-1,-1
107,-1,388,142,32,47,0.94,7,-1,-1
107,-1,365,181,22,22,0.86,2,-1,-1
107,-1,288,161,17,16,0.85,2,-1,-1
108,-1,387,140,32,46,0.95,7,-1,-1
108,-1,365,178,21,21,0.88,2,-1,-1
108,-1,286,163,17,17,0.84,2,-1,-1
109,-1,387,140,31,45,0.94,7,-1,-1
109,-1,364,177,21,20,0.86,2,-1,-1
109,-1,286,164,17,17,0.86,2,-1,-1
110,-1,386,139,30,44,0.93,7,-1,-1
110,-1,364,173,20,20,0.88,2,-1,-1
110,-1,284,166,18,17,0.87,2,-1,-1
111,-1,385,138,30,43,0.92,7,-1,-1
111,-1,364,171,20,20,0.88,2,-1,-1
111,-1,283,169,18,17,0.88,2,-1,-1
112,-1,385,137,30,42,0.92,7,-1,-1
112,-1,363,169,20,19,0.88,2,-1,-1
112,-1,281,170,19,18,0.88,2,-1,-1
113,-1,384,137,29,40,0.91,7,-1,-1
113,-1,280,172,19,17,0.90,2,-1,-1
113,-1,362,167,19,19,0.88,2,-1,-1
114,-1,384,136,29,39,0.91,7,-1,-1
114,-1,278,175,19,17,0.89,2,-1,-1
114,-1,362,164,19,19,0.88,2,-1,-1
115,-1,383,135,28,38,0.90,7,-1,-1
115,-1,277,176,19,17,0.88,2,-1,-1
115,-1,362,162,19,19,0.87,2,-1,-1
116,-1,274,179,20,18,0.90,2,-1,-1
116,-1,383,134,27,37,0.90,7,-1,-1
116,-1,362,160,18,17,0.88,2,-1,-1
117,-1,382,134,28,37,0.91,7,-1,-1
117,-1,273,182,20,17,0.90,2,-1,-1
117,-1,361,158,19,18,0.88,2,-1,-1
118,-1,382,132,27,35,0.90,7,-1,-1
118,-1,271,185,19,18,0.90,2,-1,-1
118,-1,361,157,18,18,0.88,2,-1,-1
119,-1,269,186,20,19,0.91,2,-1,-1
119,-1,381,132,26,36,0.90,7,-1,-1
119,-1,359,155,18,17,0.84,2,-1,-1
120,-1,267,188,21,19,0.91,2,-1,-1
120,-1,381,131,26,36,0.90,7,-1,-1
120,-1,360,154,18,17,0.85,2,-1,-1
121,-1,380,130,25,35,0.91,7,-1,-1
121,-1,265,191,22,21,0.91,2,-1,-1
121,-1,359,151,18,17,0.85,2,-1,-1
122,-1,262,195,21,20,0.92,2,-1,-1
122,-1,380,130,25,34,0.91,7,-1,-1
122,-1,359,149,18,18,0.79,2,-1,-1
123,-1,260,198,22,21,0.91,2,-1,-1
123,-1,379,130,24,34,0.91,7,-1,-1
123,-1,359,148,18,17,0.83,2,-1,-1
124,-1,379,128,24,33,0.92,7,-1,-1
124,-1,256,202,23,22,0.91,2,-1,-1
124,-1,359,145,17,18,0.47,2,-1,-1
125,-1,254,205,23,22,0.91,2,-1,-1
125,-1,379,128,23,32,0.90,7,-1,-1
125,-1,359,146,16,16,0.52,2,-1,-1
126,-1,251,209,24,23,0.92,2,-1,-1
126,-1,379,127,22,31,0.90,7,-1,-1
126,-1,359,145,15,15,0.77,2,-1,-1
127,-1,247,213,26,24,0.91,2,-1,-1
127,-1,379,127,21,31,0.89,7,-1,-1
127,-1,359,144,15,15,0.72,2,-1,-1
128,-1,243,218,27,25,0.92,2,-1,-1
128,-1,378,127,22,32,0.90,7,-1,-1
128,-1,359,143,14,15,0.68,2,-1,-1
129,-1,240,221,28,27,0.91,2,-1,-1
129,-1,377,127,22,32,0.91,7,-1,-1
129,-1,359,142,14,14,0.76,2,-1,-1
130,-1,234,228,29,27,0.94,2,-1,-1
130,-1,377,126,21,31,0.91,7,-1,-1
130,-1,359,141,13,14,0.77,2,-1,-1
131,-1,230,232,30,29,0.93,2,-1,-1
131,-1,376,126,21,30,0.91,7,-1,-1
131,-1,358,141,13,14,0.79,2,-1,-1
132,-1,227,237,32,30,0.92,2,-1,-1
132,-1,376,125,21,30,0.90,7,-1,-1
132,-1,358,141,13,14,0.80,2,-1,-1
133,-1,220,245,33,32,0.92,2,-1,-1
133,-1,376,125,20,29,0.91,7,-1,-1
133,-1,358,138,12,14,0.14,2,-1,-1
134,-1,213,253,37,34,0.95,2,-1,-1
134,-1,376,124,20,29,0.90,7,-1,-1
134,-1,357,138,12,12,0.69,2,-1,-1
135,-1,208,260,37,35,0.93,2,-1,-1
135,-1,376,124,20,28,0.89,7,-1,-1
135,-1,357,137,12,12,0.75,2,-1,-1
136,-1,204,265,38,38,0.95,2,-1,-1
136,-1,376,123,19,27,0.87,7,-1,-1
136,-1,357,137,12,12,0.76,2,-1,-1
137,-1,194,276,41,42,0.92,2,-1,-1
137,-1,375,122,19,27,0.83,7,-1,-1
137,-1,357,136,12,11,0.68,2,-1,-1
138,-1,188,284,42,44,0.93,2,-1,-1
138,-1,375,122,19,26,0.80,7,-1,-1
138,-1,357,136,12,11,0.68,2,-1,-1
139,-1,176,299,46,46,0.94,2,-1,-1
139,-1,375,122,19,25,0.84,7,-1,-1
139,-1,357,135,11,12,0.17,2,-1,-1
140,-1,168,308,49,51,0.94,2,-1,-1
140,-1,375,121,18,25,0.84,7,-1,-1
140,-1,358,135,11,12,0.20,2,-1,-1
141,-1,154,324,53,57,0.94,2,-1,-1
141,-1,374,121,18,25,0.85,7,-1,-1
141,-1,357,134,11,12,0.29,2,-1,-1
142,-1,137,346,57,61,0.94,2,-1,-1
142,-1,584,479,54,60,0.92,7,-1,-1
142,-1,374,121,17,24,0.84,7,-1,-1
143,-1,126,362,62,65,0.94,2,-1,-1
143,-1,566,450,73,89,0.92,7,-1,-1
143,-1,373,121,18,24,0.84,7,-1,-1
143,-1,356,132,11,11,0.44,2,-1,-1
144,-1,106,387,68,73,0.94,2,-1,-1
144,-1,545,414,94,125,0.94,7,-1,-1
144,-1,373,120,17,24,0.81,7,-1,-1
144,-1,356,131,10,11,0.19,2,-1,-1
145,-1,533,391,106,148,0.95,7,-1,-1
145,-1,87,409,75,78,0.94,2,-1,-1
145,-1,373,120,17,24,0.84,7,-1,-1
146,-1,517,366,122,173,0.96,7,-1,-1
146,-1,57,442,88,91,0.94,2,-1,-1
146,-1,373,120,17,24,0.78,7,-1,-1
147,-1,509,349,130,190,0.96,7,-1,-1
147,-1,41,469,89,70,0.94,2,-1,-1
147,-1,373,119,16,24,0.76,7,-1,-1
148,-1,496,328,143,211,0.96,7,-1,-1
148,-1,29,517,71,22,0.89,2,-1,-1
148,-1,373,118,16,22,0.68,7,-1,-1
149,-1,490,316,149,223,0.96,7,-1,-1
149,-1,372,119,16,24,0.78,7,-1,-1
150,-1,479,301,160,233,0.96,7,-1,-1
150,-1,371,118,17,23,0.82,7,-1,-1
151,-1,475,292,154,224,0.97,7,-1,-1
151,-1,371,117,17,25,0.86,7,-1,-1
152,-1,466,279,143,199,0.97,7,-1,-1
152,-1,371,117,16,24,0.82,7,-1,-1
153,-1,461,270,133,188,0.96,7,-1,-1
153,-1,370,117,16,24,0.71,7,-1,-1
154,-1,453,259,123,170,0.96,7,-1,-1
154,-1,370,117,16,25,0.72,7,-1,-1
155,-1,451,254,114,160,0.95,7,-1,-1
155,-1,370,116,16,22,0.65,7,-1,-1
156,-1,445,245,105,147,0.95,7,-1,-1
156,-1,369,116,16,23,0.65,7,-1,-1
156,-1,426,298,21,34,0.18,2,-1,-1
157,-1,442,241,100,139,0.96,7,-1,-1
157,-1,369,116,16,23,0.50,7,-1,-1
157,-1,425,297,19,32,0.11,2,-1,-1
158,-1,437,232,93,130,0.97,7,-1,-1
158,-1,369,115,16,22,0.39,7,-1,-1
159,-1,435,227,87,125,0.96,7,-1,-1
159,-1,369,115,16,22,0.39,7,-1,-1
160,-1,432,222,81,115,0.96,7,-1,-1
160,-1,369,115,16,21,0.17,7,-1,-1
161,-1,429,217,78,112,0.96,7,-1,-1
161,-1,368,115,15,21,0.12,7,-1,-1
162,-1,427,214,75,105,0.96,7,-1,-1
162,-1,368,115,15,20,0.11,7,-1,-1
163,-1,424,208,72,100,0.96,7,-1,-1
164,-1,421,203,65,95,0.96,7,-1,-1
165,-1,419,201,64,91,0.96,7,-1,-1
166,-1,417,197,61,85,0.94,7,-1,-1
167,-1,415,195,58,82,0.95,7,-1,-1
168,-1,412,191,57,79,0.95,7,-1,-1
169,-1,410,189,55,75,0.95,7,-1,-1
170,-1,407,185,53,73,0.94,7,-1,-1
171,-1,407,182,52,71,0.94,7,-1,-1
172,-1,405,179,48,69,0.93,7,-1,-1
173,-1,404,177,47,66,0.94,7,-1,-1
174,-1,402,175,48,63,0.93,7,-1,-1
175,-1,401,174,46,61,0.93,7,-1,-1
176,-1,400,171,43,58,0.93,7,-1,-1
177,-1,398,169,44,58,0.93,7,-1,-1
178,-1,397,167,42,57,0.93,7,-1,-1
179,-1,395,165,42,55,0.95,7,-1,-1
180,-1,393,164,40,52,0.94,7,-1,-1
181,-1,394,162,38,51,0.96,7,-1,-1
182,-1,393,160,37,50,0.96,7,-1,-1
183,-1,392,159,36,49,0.94,7,-1,-1
183,-1,361,110,13,19,0.11,7,-1,-1
184,-1,391,157,35,48,0.94,7,-1,-1
185,-1,391,156,35,47,0.95,7,-1,-1
186,-1,390,154,34,45,0.93,7,-1,-1
187,-1,388,153,34,45,0.94,7,-1,-1
188,-1,388,152,33,44,0.94,7,-1,-1
189,-1,387,150,32,44,0.94,7,-1,-1
190,-1,386,149,32,42,0.95,7,-1,-1
191,-1,385,148,32,41,0.95,7,-1,-1
192,-1,384,147,31,40,0.94,7,-1,-1
193,-1,384,146,31,39,0.94,7,-1,-1
194,-1,382,145,31,39,0.92,7,-1,-1
195,-1,382,144,31,39,0.94,7,-1,-1
196,-1,381,143,30,38,0.91,7,-1,-1
197,-1,381,142,29,38,0.92,7,-1,-1
198,-1,380,142,28,36,0.91,7,-1,-1
199,-1,380,140,28,35,0.90,7,-1,-1
200,-1,379,139,27,35,0.89,7,-1,-1
201,-1,379,139,27,35,0.88,7,-1,-1
202,-1,379,138,25,34,0.69,7,-1,-1
203,-1,378,138,25,32,0.59,2,-1,-1
204,-1,378,137,25,32,0.75,2,-1,-1
205,-1,378,135,25,32,0.80,2,-1,-1
206,-1,377,135,24,30,0.87,2,-1,-1
207,-1,377,134,23,29,0.86,2,-1,-1
208,-1,376,134,23,29,0.66,2,-1,-1
209,-1,376,133,23,30,0.70,7,-1,-1
210,-1,376,133,22,29,0.84,7,-1,-1
211,-1,376,132,22,30,0.89,7,-1,-1
212,-1,375,131,22,29,0.88,7,-1,-1
213,-1,375,131,21,28,0.87,7,-1,-1
214,-1,375,130,21,29,0.87,7,-1,-1
215,-1,375,130,21,29,0.88,7,-1,-1
216,-1,375,129,20,27,0.77,7,-1,-1
217,-1,374,128,20,28,0.83,7,-1,-1
218,-1,374,128,20,27,0.83,7,-1,-1
219,-1,373,128,20,27,0.83,7,-1,-1
220,-1,373,127,20,27,0.82,7,-1,-1
221,-1,373,127,19,25,0.74,7,-1,-1
222,-1,373,127,18,25,0.73,7,-1,-1
223,-1,372,126,19,25,0.77,7,-1,-1
224,-1,372,126,18,24,0.60,2,-1,-1
225,-1,372,125,18,24,0.59,7,-1,-1
226,-1,372,125,18,23,0.66,2,-1,-1
227,-1,371,125,18,23,0.80,2,-1,-1
228,-1,371,124,18,23,0.69,2,-1,-1
229,-1,371,124,18,24,0.67,2,-1,-1
230,-1,370,123,18,23,0.79,2,-1,-1
231,-1,370,123,17,23,0.80,2,-1,-1
232,-1,370,123,18,22,0.83,2,-1,-1
233,-1,369,122,17,22,0.80,2,-1,-1
234,-1,369,122,17,22,0.76,2,-1,-1
235,-1,369,121,17,21,0.80,2,-1,-1
236,-1,369,121,17,21,0.81,2,-1,-1
237,-1,368,121,18,22,0.82,2,-1,-1
238,-1,368,120,17,21,0.74,2,-1,-1
239,-1,368,120,17,22,0.76,2,-1,-1
240,-1,368,120,17,21,0.78,2,-1,-1
241,-1,368,119,17,21,0.77,2,-1,-1
242,-1,367,119,16,20,0.63,2,-1,-1
243,-1,367,118,15,20,0.62,2,-1,-1
244,-1,367,118,15,20,0.60,2,-1,-1
245,-1,367,118,15,20,0.48,2,-1,-1
246,-1,367,118,15,20,0.58,2,-1,-1
247,-1,366,118,15,19,0.48,2,-1,-1
252,-1,365,116,13,18,0.12,2,-1,-1
253,-1,365,116,13,18,0.12,2,-1,-1
335,-1,571,465,68,74,0.83,2,-1,-1
336,-1,549,427,90,112,0.93,7,-1,-1
337,-1,536,402,103,137,0.95,7,-1,-1
338,-1,519,377,120,162,0.96,7,-1,-1
339,-1,511,359,128,180,0.96,7,-1,-1
340,-1,498,338,140,201,0.96,7,-1,-1
340,-1,313,120,13,19,0.17,7,-1,-1
341,-1,491,323,148,216,0.96,7,-1,-1
341,-1,313,120,13,19,0.36,7,-1,-1
342,-1,480,308,159,231,0.97,7,-1,-1
342,-1,312,120,13,20,0.68,7,-1,-1
343,-1,476,299,163,240,0.97,7,-1,-1
343,-1,313,121,13,20,0.78,7,-1,-1
344,-1,467,284,172,245,0.96,7,-1,-1
344,-1,312,121,14,20,0.83,7,-1,-1
345,-1,462,277,168,233,0.97,7,-1,-1
345,-1,312,121,14,20,0.80,7,-1,-1
346,-1,455,263,152,211,0.97,7,-1,-1
346,-1,312,121,14,20,0.79,7,-1,-1
347,-1,451,257,143,199,0.97,7,-1,-1
347,-1,310,121,15,21,0.82,7,-1,-1
348,-1,446,248,132,182,0.97,7,-1,-1
348,-1,310,121,16,21,0.87,7,-1,-1
349,-1,443,243,123,170,0.96,7,-1,-1
349,-1,310,121,15,22,0.88,7,-1,-1
350,-1,437,236,115,155,0.96,7,-1,-1
350,-1,309,121,16,23,0.88,7,-1,-1
351,-1,435,231,109,149,0.96,7,-1,-1
351,-1,309,121,16,23,0.88,7,-1,-1
351,-1,413,292,24,27,0.23,2,-1,-1
352,-1,432,224,100,140,0.96,7,-1,-1
352,-1,308,121,17,25,0.88,7,-1,-1
353,-1,430,220,95,133,0.97,7,-1,-1
353,-1,308,121,17,25,0.88,7,-1,-1
354,-1,426,214,88,125,0.97,7,-1,-1
354,-1,308,121,18,25,0.87,7,-1,-1
355,-1,424,211,84,120,0.97,7,-1,-1
355,-1,308,122,17,25,0.87,7,-1,-1
356,-1,421,205,78,114,0.96,7,-1,-1
356,-1,307,121,19,26,0.89,7,-1,-1
357,-1,419,202,76,109,0.96,7,-1,-1
357,-1,306,121,19,27,0.89,7,-1,-1
358,-1,416,198,71,102,0.96,7,-1,-1
358,-1,306,121,19,28,0.88,7,-1,-1
359,-1,415,195,70,99,0.96,7,-1,-1
359,-1,306,121,19,29,0.88,7,-1,-1
360,-1,412,192,66,93,0.96,7,-1,-1
360,-1,306,121,19,29,0.84,7,-1,-1
361,-1,410,189,64,90,0.96,7,-1,-1
361,-1,306,121,18,29,0.80,7,-1,-1
362,-1,408,186,60,86,0.96,7,-1,-1
362,-1,304,121,19,31,0.86,7,-1,-1
363,-1,407,183,58,83,0.95,7,-1,-1
363,-1,304,123,18,30,0.78,7,-1,-1
364,-1,406,180,56,80,0.95,7,-1,-1
364,-1,304,123,19,30,0.80,7,-1,-1
365,-1,405,178,54,77,0.95,7,-1,-1
365,-1,303,124,19,30,0.84,7,-1,-1
366,-1,403,175,52,74,0.95,7,-1,-1
366,-1,302,126,19,29,0.75,7,-1,-1
367,-1,402,173,51,72,0.95,7,-1,-1
367,-1,301,126,20,30,0.84,7,-1,-1
368,-1,400,170,50,69,0.94,7,-1,-1
368,-1,301,127,20,29,0.85,7,-1,-1
369,-1,399,169,48,67,0.94,7,-1,-1
369,-1,300,127,20,30,0.75,7,-1,-1
370,-1,398,167,47,66,0.93,7,-1,-1
370,-1,299,128,21,29,0.85,7,-1,-1
371,-1,396,165,47,63,0.94,7,-1,-1
371,-1,299,128,21,29,0.85,7,-1,-1
372,-1,395,163,44,62,0.94,7,-1,-1
372,-1,298,131,20,28,0.87,7,-1,-1
373,-1,394,162,45,60,0.93,7,-1,-1
373,-1,297,132,21,28,0.88,7,-1,-1
374,-1,393,160,44,58,0.93,7,-1,-1
374,-1,297,132,21,29,0.89,7,-1,-1
374,-1,573,433,66,106,0.66,7,-1,-1
375,-1,393,158,41,56,0.96,7,-1,-1
375,-1,297,133,21,29,0.89,7,-1,-1
375,-1,562,414,77,125,0.37,7,-1,-1
376,-1,392,157,39,56,0.95,7,-1,-1
376,-1,549,393,90,146,0.93,7,-1,-1
376,-1,418,502,77,37,0.91,2,-1,-1
376,-1,295,133,21,29,0.88,7,-1,-1
377,-1,542,381,97,158,0.95,7,-1,-1
377,-1,391,155,39,55,0.95,7,-1,-1
377,-1,410,470,75,69,0.93,2,-1,-1
377,-1,295,134,21,29,0.88,7,-1,-1
378,-1,529,362,110,177,0.96,7,-1,-1
378,-1,390,154,38,54,0.96,7,-1,-1
378,-1,406,428,65,71,0.94,2,-1,-1
378,-1,294,136,21,29,0.88,7,-1,-1
379,-1,523,350,116,189,0.96,7,-1,-1
379,-1,389,153,38,52,0.95,7,-1,-1
379,-1,403,403,59,64,0.94,2,-1,-1
379,-1,294,136,21,29,0.89,7,-1,-1
380,-1,514,335,125,199,0.96,7,-1,-1
380,-1,397,373,54,59,0.95,2,-1,-1
380,-1,388,151,37,50,0.95,7,-1,-1
380,-1,292,136,22,30,0.91,7,-1,-1
381,-1,508,325,131,185,0.96,7,-1,-1
381,-1,386,151,37,49,0.95,7,-1,-1
381,-1,395,354,49,56,0.94,2,-1,-1
381,-1,291,137,23,31,0.90,7,-1,-1
382,-1,500,313,135,169,0.97,7,-1,-1
382,-1,386,149,35,49,0.95,7,-1,-1
382,-1,391,332,46,50,0.93,2,-1,-1
382,-1,291,138,23,31,0.91,7,-1,-1
383,-1,494,304,130,164,0.96,7,-1,-1
383,-1,386,148,35,47,0.94,7,-1,-1
383,-1,390,319,44,47,0.93,2,-1,-1
383,-1,291,139,23,31,0.92,7,-1,-1
384,-1,487,294,120,154,0.96,7,-1,-1
384,-1,385,300,42,44,0.94,2,-1,-1
384,-1,385,146,34,46,0.93,7,-1,-1
384,-1,289,140,24,31,0.90,7,-1,-1
385,-1,483,287,115,147,0.96,7,-1,-1
385,-1,384,146,35,45,0.94,7,-1,-1
385,-1,384,291,40,41,0.93,2,-1,-1
385,-1,289,140,24,32,0.91,7,-1,-1
386,-1,477,277,108,139,0.97,7,-1,-1
386,-1,384,145,34,44,0.93,7,-1,-1
386,-1,381,277,37,38,0.93,2,-1,-1
386,-1,289,141,24,32,0.91,7,-1,-1
387,-1,473,272,105,131,0.97,7,-1,-1
387,-1,380,268,36,37,0.93,2,-1,-1
387,-1,383,144,34,44,0.93,7,-1,-1
387,-1,288,141,25,33,0.92,7,-1,-1
388,-1,468,263,98,129,0.97,7,-1,-1
388,-1,377,258,34,34,0.93,2,-1,-1
388,-1,287,142,25,34,0.92,7,-1,-1
388,-1,382,142,34,44,0.92,7,-1,-1
389,-1,464,258,95,123,0.97,7,-1,-1
389,-1,377,251,33,33,0.92,2,-1,-1
389,-1,381,142,34,42,0.92,7,-1,-1
389,-1,287,144,25,33,0.92,7,-1,-1
390,-1,460,250,90,119,0.97,7,-1,-1
390,-1,381,141,33,41,0.93,7,-1,-1
390,-1,376,242,30,31,0.93,2,-1,-1
390,-1,285,144,25,34,0.92,7,-1,-1
391,-1,456,247,88,115,0.97,7,-1,-1
391,-1,380,140,32,41,0.93,7,-1,-1
391,-1,375,236,30,30,0.92,2,-1,-1
391,-1,285,145,25,35,0.91,7,-1,-1
392,-1,452,241,82,108,0.96,7,-1,-1
392,-1,380,138,31,40,0.92,7,-1,-1
392,-1,373,228,29,29,0.92,2,-1,-1
392,-1,284,146,26,35,0.90,7,-1,-1
393,-1,449,237,80,105,0.96,7,-1,-1
393,-1,379,138,31,39,0.91,7,-1,-1
393,-1,373,224,26,27,0.91,2,-1,-1
393,-1,283,147,26,35,0.90,7,-1,-1
394,-1,446,232,76,101,0.96,7,-1,-1
394,-1,282,149,26,36,0.94,7,-1,-1
394,-1,379,137,30,39,0.90,7,-1,-1
394,-1,371,217,26,26,0.89,2,-1,-1
395,-1,443,228,74,98,0.96,7,-1,-1
395,-1,281,149,27,37,0.93,7,-1,-1
395,-1,371,212,25,26,0.91,2,-1,-1
395,-1,379,136,30,39,0.91,7,-1,-1
396,-1,440,222,71,96,0.96,7,-1,-1
396,-1,280,151,27,36,0.93,7,-1,-1
396,-1,378,135,29,38,0.91,7,-1,-1
396,-1,370,207,25,25,0.90,2,-1,-1
397,-1,438,220,70,93,0.95,7,-1,-1
397,-1,279,152,27,37,0.93,7,-1,-1
397,-1,378,134,29,37,0.92,7,-1,-1
397,-1,369,204,24,24,0.89,2,-1,-1
398,-1,435,215,66,89,0.95,7,-1,-1
398,-1,277,153,27,38,0.93,7,-1,-1
398,-1,378,134,29,37,0.92,7,-1,-1
398,-1,368,198,23,24,0.90,2,-1,-1
399,-1,433,213,64,87,0.95,7,-1,-1
399,-1,276,155,28,38,0.94,7,-1,-1
399,-1,378,133,29,37,0.92,7,-1,-1
399,-1,368,195,23,24,0.89,2,-1,-1
400,-1,431,210,63,86,0.95,7,-1,-1
400,-1,377,133,28,36,0.93,7,-1,-1
400,-1,275,157,28,38,0.92,7,-1,-1
400,-1,368,191,24,24,0.88,2,-1,-1
401,-1,428,206,62,84,0.95,7,-1,-1
401,-1,273,157,29,40,0.93,7,-1,-1
401,-1,377,132,27,35,0.92,7,-1,-1
401,-1,367,188,22,23,0.88,2,-1,-1
402,-1,425,202,61,81,0.95,7,-1,-1
402,-1,271,159,30,41,0.92,7,-1,-1
402,-1,377,132,25,34,0.88,7,-1,-1
402,-1,366,185,23,21,0.87,2,-1,-1
403,-1,423,201,60,78,0.94,7,-1,-1
403,-1,270,161,30,41,0.92,7,-1,-1
403,-1,376,131,26,33,0.87,7,-1,-1
403,-1,365,182,22,22,0.86,2,-1,-1
404,-1,421,197,58,77,0.95,7,-1,-1
404,-1,268,162,32,43,0.93,7,-1,-1
404,-1,365,178,21,21,0.88,2,-1,-1
404,-1,377,130,24,33,0.87,7,-1,-1
405,-1,420,194,56,75,0.95,7,-1,-1
405,-1,267,163,32,43,0.94,7,-1,-1
405,-1,364,176,21,21,0.89,2,-1,-1
405,-1,376,129,25,33,0.88,7,-1,-1
406,-1,418,192,54,72,0.95,7,-1,-1
406,-1,265,165,32,45,0.93,7,-1,-1
406,-1,364,173,20,20,0.88,2,-1,-1
406,-1,376,129,24,33,0.86,7,-1,-1
407,-1,416,190,53,70,0.95,7,-1,-1
407,-1,264,166,32,45,0.92,7,-1,-1
407,-1,363,171,20,21,0.88,2,-1,-1
407,-1,376,129,24,33,0.86,7,-1,-1
408,-1,415,188,51,68,0.95,7,-1,-1
408,-1,261,169,33,45,0.93,7,-1,-1
408,-1,376,128,23,33,0.88,7,-1,-1
408,-1,363,168,19,21,0.88,2,-1,-1
409,-1,412,186,51,67,0.94,7,-1,-1
409,-1,259,171,33,45,0.93,7,-1,-1
409,-1,375,127,22,31,0.88,7,-1,-1
409,-1,363,166,19,19,0.86,2,-1,-1
410,-1,412,184,49,65,0.94,7,-1,-1
410,-1,257,173,34,47,0.93,7,-1,-1
410,-1,375,127,22,31,0.88,7,-1,-1
410,-1,363,164,19,19,0.88,2,-1,-1
411,-1,410,182,49,64,0.94,7,-1,-1
411,-1,256,174,35,48,0.93,7,-1,-1
411,-1,375,126,23,31,0.90,7,-1,-1
411,-1,362,163,19,19,0.85,2,-1,-1
412,-1,408,180,48,62,0.94,7,-1,-1
412,-1,253,176,36,50,0.94,7,-1,-1
412,-1,374,126,21,29,0.87,7,-1,-1
412,-1,361,161,17,18,0.85,2,-1,-1
413,-1,250,178,37,50,0.94,7,-1,-1
413,-1,407,178,48,62,0.94,7,-1,-1
413,-1,374,126,21,29,0.86,7,-1,-1
413,-1,362,160,17,18,0.85,2,-1,-1
414,-1,248,180,38,54,0.94,7,-1,-1
414,-1,406,176,46,59,0.94,7,-1,-1
414,-1,374,125,20,29,0.89,7,-1,-1
414,-1,362,158,17,17,0.85,2,-1,-1
415,-1,246,181,38,56,0.95,7,-1,-1
415,-1,406,175,44,58,0.93,7,-1,-1
415,-1,374,125,20,29,0.85,7,-1,-1
415,-1,361,156,17,18,0.60,2,-1,-1
416,-1,404,173,43,55,0.95,7,-1,-1
416,-1,243,184,40,58,0.92,7,-1,-1
416,-1,373,124,19,28,0.84,7,-1,-1
416,-1,361,155,17,17,0.81,2,-1,-1
417,-1,240,187,41,58,0.93,7,-1,-1
417,-1,403,172,43,54,0.93,7,-1,-1
417,-1,373,124,19,28,0.84,7,-1,-1
417,-1,360,154,17,16,0.82,2,-1,-1
418,-1,236,190,43,61,0.94,7,-1,-1
418,-1,402,170,41,54,0.92,7,-1,-1
418,-1,360,152,17,17,0.82,2,-1,-1
418,-1,373,124,19,27,0.62,7,-1,-1
419,-1,234,193,44,62,0.94,7,-1,-1
419,-1,401,169,41,54,0.92,7,-1,-1
419,-1,373,123,19,27,0.67,7,-1,-1
419,-1,360,151,16,18,0.63,2,-1,-1
420,-1,230,196,45,64,0.94,7,-1,-1
420,-1,399,167,40,54,0.92,7,-1,-1
420,-1,360,149,16,16,0.77,2,-1,-1
420,-1,372,123,19,27,0.70,7,-1,-1
421,-1,227,199,46,66,0.93,7,-1,-1
421,-1,399,166,40,52,0.92,7,-1,-1
421,-1,372,122,19,26,0.77,7,-1,-1
421,-1,360,148,16,16,0.74,2,-1,-1
422,-1,222,203,47,70,0.93,7,-1,-1
422,-1,398,166,38,50,0.92,7,-1,-1
422,-1,360,147,15,16,0.75,2,-1,-1
422,-1,372,122,19,26,0.75,7,-1,-1
423,-1,219,205,49,72,0.94,7,-1,-1
423,-1,397,164,39,50,0.90,7,-1,-1
423,-1,359,146,15,16,0.74,2,-1,-1
423,-1,372,122,19,26,0.72,7,-1,-1
424,-1,214,207,52,78,0.94,7,-1,-1
424,-1,396,162,37,49,0.82,7,-1,-1
424,-1,371,122,18,26,0.69,7,-1,-1
424,-1,359,144,14,15,0.39,2,-1,-1
425,-1,210,208,55,83,0.94,7,-1,-1
425,-1,395,161,36,49,0.92,7,-1,-1
425,-1,371,122,18,25,0.74,7,-1,-1
425,-1,359,144,14,15,0.68,2,-1,-1
426,-1,205,213,56,84,0.93,7,-1,-1
426,-1,395,161,36,48,0.93,7,-1,-1
426,-1,371,121,18,26,0.79,7,-1,-1
426,-1,358,143,14,15,0.72,2,-1,-1
427,-1,199,220,59,87,0.94,7,-1,-1
427,-1,395,160,35,47,0.91,7,-1,-1
427,-1,358,142,13,14,0.56,2,-1,-1
427,-1,370,120,18,25,0.48,7,-1,-1
428,-1,192,222,65,95,0.94,7,-1,-1
428,-1,393,158,35,46,0.91,7,-1,-1
428,-1,358,140,14,14,0.76,2,-1,-1
428,-1,370,120,17,24,0.30,7,-1,-1
429,-1,186,228,67,98,0.95,7,-1,-1
429,-1,393,157,35,46,0.89,7,-1,-1
429,-1,358,140,14,14,0.78,2,-1,-1
429,-1,370,120,17,25,0.62,7,-1,-1
430,-1,178,234,71,103,0.94,7,-1,-1
430,-1,391,156,34,45,0.90,7,-1,-1
430,-1,370,119,17,24,0.48,7,-1,-1
430,-1,358,138,12,13,0.15,2,-1,-1
431,-1,172,238,74,109,0.95,7,-1,-1
431,-1,391,154,34,45,0.93,7,-1,-1
431,-1,358,139,13,14,0.57,2,-1,-1
431,-1,370,119,17,24,0.38,7,-1,-1
432,-1,163,245,78,117,0.95,7,-1,-1
432,-1,390,154,33,44,0.92,7,-1,-1
432,-1,358,137,12,13,0.51,2,-1,-1
432,-1,370,118,17,24,0.28,7,-1,-1
433,-1,156,249,83,125,0.94,7,-1,-1
433,-1,389,153,33,44,0.92,7,-1,-1
433,-1,358,136,12,13,0.58,2,-1,-1
433,-1,370,118,17,24,0.43,7,-1,-1
434,-1,144,259,89,134,0.96,7,-1,-1
434,-1,388,151,33,43,0.91,7,-1,-1
434,-1,357,136,12,13,0.53,2,-1,-1
434,-1,369,118,16,23,0.31,7,-1,-1
435,-1,135,265,94,141,0.95,7,-1,-1
435,-1,388,151,33,43,0.91,7,-1,-1
435,-1,357,135,12,13,0.71,2,-1,-1
435,-1,370,118,16,22,0.25,7,-1,-1
436,-1,120,277,103,153,0.95,7,-1,-1
436,-1,388,150,32,42,0.93,7,-1,-1
436,-1,357,134,11,11,0.70,2,-1,-1
436,-1,369,117,15,22,0.17,7,-1,-1
437,-1,109,285,108,163,0.96,7,-1,-1
437,-1,388,150,31,41,0.94,7,-1,-1
437,-1,357,134,11,12,0.73,2,-1,-1
437,-1,369,117,15,22,0.18,7,-1,-1
438,-1,99,291,113,175,0.96,7,-1,-1
438,-1,387,149,31,41,0.94,7,-1,-1
438,-1,357,134,11,11,0.74,2,-1,-1
438,-1,369,117,15,22,0.27,7,-1,-1
439,-1,77,307,126,190,0.96,7,-1,-1
439,-1,386,148,32,41,0.94,7,-1,-1
439,-1,357,133,11,11,0.49,2,-1,-1
439,-1,368,116,16,22,0.31,7,-1,-1
440,-1,53,322,139,214,0.96,7,-1,-1
440,-1,385,147,31,40,0.92,7,-1,-1
440,-1,440,517,75,22,0.88,2,-1,-1
440,-1,357,133,10,11,0.41,2,-1,-1
440,-1,368,116,16,22,0.21,7,-1,-1
441,-1,36,334,148,205,0.97,7,-1,-1
441,-1,430,484,78,55,0.94,2,-1,-1
441,-1,385,147,31,40,0.92,7,-1,-1
441,-1,357,132,11,11,0.31,2,-1,-1
442,-1,8,353,163,186,0.95,7,-1,-1
442,-1,425,440,66,74,0.95,2,-1,-1
442,-1,385,145,29,39,0.87,7,-1,-1
443,-1,0,369,162,170,0.96,7,-1,-1
443,-1,417,417,64,68,0.94,2,-1,-1
443,-1,385,146,29,38,0.84,7,-1,-1
443,-1,357,131,10,10,0.13,2,-1,-1
444,-1,0,396,146,143,0.96,7,-1,-1
444,-1,412,385,56,58,0.94,2,-1,-1
444,-1,386,145,27,37,0.84,7,-1,-1
444,-1,357,131,10,10,0.17,2,-1,-1
445,-1,409,367,52,54,0.94,2,-1,-1
445,-1,0,417,132,122,0.94,7,-1,-1
445,-1,385,143,28,38,0.85,7,-1,-1
446,-1,403,343,48,48,0.94,2,-1,-1
446,-1,385,143,27,37,0.83,7,-1,-1
446,-1,0,456,108,83,0.56,7,-1,-1
447,-1,400,328,45,46,0.93,2,-1,-1
447,-1,384,143,27,36,0.65,7,-1,-1
448,-1,396,310,43,42,0.94,2,-1,-1
448,-1,383,142,26,35,0.88,2,-1,-1
449,-1,393,299,41,39,0.94,2,-1,-1
449,-1,383,142,26,34,0.87,2,-1,-1
450,-1,391,284,37,36,0.94,2,-1,-1
450,-1,382,141,26,34,0.74,7,-1,-1
451,-1,389,275,35,36,0.93,2,-1,-1
451,-1,382,140,25,33,0.71,7,-1,-1
452,-1,386,263,34,34,0.93,2,-1,-1
452,-1,382,139,25,34,0.87,7,-1,-1
453,-1,385,257,32,31,0.93,2,-1,-1
453,-1,382,139,24,33,0.87,7,-1,-1
454,-1,383,248,30,29,0.91,2,-1,-1
454,-1,381,139,23,33,0.78,2,-1,-1
455,-1,382,241,29,28,0.92,2,-1,-1
455,-1,381,138,23,33,0.81,7,-1,-1
456,-1,381,232,27,28,0.91,2,-1,-1
456,-1,381,137,23,33,0.86,7,-1,-1
457,-1,379,228,26,27,0.92,2,-1,-1
457,-1,380,136,24,33,0.81,7,-1,-1
458,-1,378,221,25,25,0.92,2,-1,-1
458,-1,380,136,23,33,0.82,7,-1,-1
459,-1,377,217,24,25,0.90,2,-1,-1
459,-1,379,135,24,33,0.88,7,-1,-1
460,-1,376,210,24,24,0.91,2,-1,-1
460,-1,379,135,22,31,0.60,7,-1,-1
461,-1,375,207,23,24,0.90,2,-1,-1
461,-1,380,136,22,30,0.46,2,-1,-1
462,-1,374,202,22,22,0.90,2,-1,-1
462,-1,379,134,23,30,0.57,7,-1,-1
463,-1,374,198,21,22,0.91,2,-1,-1
463,-1,378,134,23,30,0.59,7,-1,-1
464,-1,373,196,21,22,0.89,2,-1,-1
464,-1,379,139,20,25,0.54,2,-1,-1
465,-1,372,191,22,22,0.91,2,-1,-1
465,-1,379,143,18,20,0.48,2,-1,-1
466,-1,371,189,21,21,0.90,2,-1,-1
466,-1,379,142,19,22,0.49,2,-1,-1
467,-1,370,185,21,21,0.90,2,-1,-1
467,-1,380,138,18,25,0.56,2,-1,-1
468,-1,369,182,22,21,0.89,2,-1,-1
468,-1,380,140,17,22,0.72,2,-1,-1
469,-1,368,179,21,21,0.89,2,-1,-1
469,-1,380,141,16,20,0.36,2,-1,-1
470,-1,368,177,20,20,0.89,2,-1,-1
470,-1,380,139,16,21,0.37,2,-1,-1
471,-1,548,448,91,91,0.93,7,-1,-1
471,-1,367,173,20,20,0.89,2,-1,-1
471,-1,380,137,16,22,0.23,2,-1,-1
472,-1,540,429,99,110,0.95,7,-1,-1
472,-1,367,171,19,20,0.91,2,-1,-1
472,-1,379,135,16,22,0.29,2,-1,-1
473,-1,528,399,111,140,0.96,7,-1,-1
473,-1,366,169,20,19,0.89,2,-1,-1
473,-1,379,136,15,21,0.39,2,-1,-1
474,-1,516,385,123,151,0.96,7,-1,-1
474,-1,366,167,19,19,0.88,2,-1,-1
474,-1,379,135,16,22,0.63,2,-1,-1
474,-1,313,118,12,19,0.28,7,-1,-1
475,-1,505,364,122,145,0.96,7,-1,-1
475,-1,366,164,19,19,0.89,2,-1,-1
475,-1,379,133,16,24,0.63,2,-1,-1
475,-1,313,118,12,18,0.27,7,-1,-1
476,-1,497,351,115,140,0.96,7,-1,-1
476,-1,365,162,18,20,0.89,2,-1,-1
476,-1,312,118,14,19,0.70,7,-1,-1
476,-1,379,134,15,21,0.20,2,-1,-1
477,-1,488,333,105,127,0.96,7,-1,-1
477,-1,364,160,18,19,0.88,2,-1,-1
477,-1,312,118,14,19,0.72,7,-1,-1
477,-1,379,134,15,22,0.19,2,-1,-1
478,-1,482,322,101,121,0.96,7,-1,-1
478,-1,364,159,17,19,0.85,2,-1,-1
478,-1,312,119,14,20,0.66,7,-1,-1
478,-1,379,133,15,22,0.15,2,-1,-1
479,-1,474,309,95,111,0.96,7,-1,-1
479,-1,364,158,17,18,0.86,2,-1,-1
479,-1,311,119,14,20,0.65,7,-1,-1
480,-1,471,300,88,107,0.96,7,-1,-1
480,-1,363,156,17,18,0.88,2,-1,-1
480,-1,311,119,15,21,0.78,7,-1,-1
481,-1,463,288,84,102,0.95,7,-1,-1
481,-1,363,154,17,19,0.85,2,-1,-1
481,-1,311,119,15,21,0.75,7,-1,-1
481,-1,378,130,15,22,0.17,2,-1,-1
482,-1,459,281,80,99,0.96,7,-1,-1
482,-1,362,152,18,19,0.86,2,-1,-1
482,-1,310,119,16,21,0.84,7,-1,-1
483,-1,454,271,75,94,0.96,7,-1,-1
483,-1,362,151,16,17,0.86,2,-1,-1
483,-1,310,119,15,21,0.83,7,-1,-1
483,-1,377,129,16,23,0.28,2,-1,-1
484,-1,450,265,73,91,0.95,7,-1,-1
484,-1,363,150,16,17,0.85,2,-1,-1
484,-1,310,119,15,21,0.84,7,-1,-1
484,-1,377,128,16,23,0.29,2,-1,-1
485,-1,445,256,69,87,0.95,7,-1,-1
485,-1,362,149,15,16,0.87,2,-1,-1
485,-1,309,120,17,22,0.87,7,-1,-1
485,-1,377,128,16,23,0.21,2,-1,-1
486,-1,442,250,67,84,0.96,7,-1,-1
486,-1,309,120,17,22,0.87,7,-1,-1
486,-1,361,148,15,17,0.87,2,-1,-1
487,-1,439,244,63,80,0.95,7,-1,-1
487,-1,308,120,17,24,0.87,7,-1,-1
487,-1,360,147,15,17,0.82,2,-1,-1
488,-1,437,239,60,78,0.95,7,-1,-1
488,-1,308,120,18,24,0.87,7,-1,-1
488,-1,360,145,15,17,0.81,2,-1,-1
489,-1,433,233,58,74,0.95,7,-1,-1
489,-1,306,120,19,25,0.88,7,-1,-1
489,-1,360,145,14,16,0.81,2,-1,-1
490,-1,431,229,56,72,0.94,7,-1,-1
490,-1,306,120,19,25,0.87,7,-1,-1
490,-1,359,144,15,16,0.74,2,-1,-1
491,-1,427,223,54,70,0.95,7,-1,-1
491,-1,306,121,19,25,0.87,7,-1,-1
491,-1,359,143,15,15,0.73,2,-1,-1
492,-1,424,219,54,68,0.94,7,-1,-1
492,-1,306,121,19,26,0.87,7,-1,-1
492,-1,359,143,15,15,0.72,2,-1,-1
493,-1,421,214,52,66,0.95,7,-1,-1
493,-1,305,121,20,26,0.87,7,-1,-1
493,-1,359,141,14,15,0.70,2,-1,-1
494,-1,420,210,50,65,0.95,7,-1,-1
494,-1,305,121,19,26,0.86,7,-1,-1
494,-1,358,141,14,14,0.71,2,-1,-1
495,-1,419,206,47,64,0.94,7,-1,-1
495,-1,305,121,19,27,0.87,7,-1,-1
495,-1,359,140,13,13,0.71,2,-1,-1
496,-1,418,204,46,61,0.94,7,-1,-1
496,-1,304,123,19,26,0.87,7,-1,-1
496,-1,358,139,13,13,0.67,2,-1,-1
497,-1,415,201,45,58,0.94,7,-1,-1
497,-1,304,123,19,26,0.86,7,-1,-1
497,-1,358,138,12,13,0.63,2,-1,-1
498,-1,414,198,44,57,0.93,7,-1,-1
498,-1,304,124,19,26,0.86,7,-1,-1
498,-1,358,138,12,13,0.66,2,-1,-1
499,-1,410,194,44,55,0.93,7,-1,-1
499,-1,303,124,19,27,0.86,7,-1,-1
500,-1,410,192,43,53,0.95,7,-1,-1
500,-1,303,124,19,27,0.86,7,-1,-1
500,-1,358,136,11,12,0.33,2,-1,-1
501,-1,408,190,42,51,0.93,7,-1,-1
501,-1,302,125,19,28,0.86,7,-1,-1
501,-1,358,136,11,12,0.33,2,-1,-1
502,-1,407,188,40,50,0.92,7,-1,-1
502,-1,302,126,19,28,0.88,7,-1,-1
502,-1,358,135,11,12,0.36,2,-1,-1
503,-1,406,185,40,49,0.93,7,-1,-1
503,-1,301,127,19,28,0.86,7,-1,-1
503,-1,358,135,11,12,0.38,2,-1,-1
504,-1,405,183,39,47,0.91,7,-1,-1
504,-1,300,128,19,27,0.87,7,-1,-1
504,-1,358,135,11,12,0.16,2,-1,-1
505,-1,403,180,39,47,0.92,7,-1,-1
505,-1,299,129,20,28,0.87,7,-1,-1
505,-1,357,134,11,12,0.42,2,-1,-1
506,-1,402,178,38,46,0.93,7,-1,-1
506,-1,299,129,19,28,0.86,7,-1,-1
506,-1,357,133,11,12,0.36,2,-1,-1
507,-1,402,176,36,45,0.93,7,-1,-1
507,-1,299,130,19,28,0.86,7,-1,-1
507,-1,356,132,11,11,0.24,2,-1,-1
508,-1,401,174,35,45,0.92,7,-1,-1
508,-1,297,130,20,28,0.86,7,-1,-1
508,-1,356,131,11,12,0.40,2,-1,-1
509,-1,296,133,21,28,0.87,7,-1,-1
509,-1,399,172,35,42,0.82,7,-1,-1
509,-1,356,130,11,11,0.36,2,-1,-1
510,-1,296,133,21,28,0.89,7,-1,-1
510,-1,398,171,35,42,0.88,7,-1,-1
510,-1,356,130,11,11,0.35,2,-1,-1
511,-1,295,133,22,29,0.88,7,-1,-1
511,-1,397,169,35,41,0.87,7,-1,-1
511,-1,356,129,11,12,0.69,2,-1,-1
512,-1,294,134,22,29,0.88,7,-1,-1
512,-1,396,167,33,42,0.87,7,-1,-1
512,-1,356,128,11,12,0.20,2,-1,-1
513,-1,395,165,34,41,0.88,7,-1,-1
513,-1,294,135,23,29,0.88,7,-1,-1
513,-1,356,127,11,11,0.27,2,-1,-1
514,-1,423,505,83,34,0.92,2,-1,-1
514,-1,292,137,23,28,0.90,7,-1,-1
514,-1,393,164,35,40,0.86,7,-1,-1
514,-1,356,127,11,11,0.26,2,-1,-1
515,-1,416,474,80,65,0.94,2,-1,-1
515,-1,292,136,24,30,0.91,7,-1,-1
515,-1,391,162,35,40,0.83,7,-1,-1
515,-1,356,127,11,11,0.29,2,-1,-1
516,-1,412,432,69,73,0.94,2,-1,-1
516,-1,290,136,24,32,0.91,7,-1,-1
516,-1,393,161,31,39,0.89,7,-1,-1
517,-1,408,409,64,66,0.95,2,-1,-1
517,-1,393,160,30,39,0.90,7,-1,-1
517,-1,290,137,24,32,0.90,7,-1,-1
518,-1,402,378,59,59,0.94,2,-1,-1
518,-1,390,158,31,39,0.92,7,-1,-1
518,-1,288,138,25,32,0.90,7,-1,-1
519,-1,400,360,54,55,0.94,2,-1,-1
519,-1,287,138,26,33,0.90,7,-1,-1
519,-1,391,158,29,37,0.90,7,-1,-1
520,-1,395,337,51,50,0.94,2,-1,-1
520,-1,288,140,25,32,0.91,7,-1,-1
520,-1,389,156,30,37,0.88,7,-1,-1
521,-1,392,322,49,47,0.94,2,-1,-1
521,-1,287,140,26,33,0.92,7,-1,-1
521,-1,388,155,29,37,0.79,7,-1,-1
522,-1,285,141,27,35,0.93,7,-1,-1
522,-1,389,305,47,43,0.93,2,-1,-1
522,-1,388,153,29,37,0.88,7,-1,-1
523,-1,283,141,29,35,0.93,7,-1,-1
523,-1,388,295,43,40,0.92,2,-1,-1
523,-1,387,153,29,36,0.74,7,-1,-1
524,-1,385,281,39,38,0.93,2,-1,-1
524,-1,282,143,29,36,0.91,7,-1,-1
524,-1,387,152,28,35,0.62,7,-1,-1
525,-1,383,272,38,37,0.93,2,-1,-1
525,-1,281,144,29,36,0.91,7,-1,-1
525,-1,386,150,27,35,0.76,7,-1,-1
526,-1,382,259,37,36,0.93,2,-1,-1
526,-1,280,144,29,38,0.93,7,-1,-1
526,-1,385,150,28,34,0.89,7,-1,-1
527,-1,380,254,36,33,0.93,2,-1,-1
527,-1,280,145,29,39,0.93,7,-1,-1
527,-1,386,149,26,34,0.77,7,-1,-1
528,-1,278,146,30,39,0.93,7,-1,-1
528,-1,379,244,33,31,0.91,2,-1,-1
528,-1,384,148,27,33,0.69,2,-1,-1
529,-1,277,147,30,40,0.94,7,-1,-1
529,-1,378,238,32,31,0.92,2,-1,-1
529,-1,384,147,27,33,0.57,2,-1,-1
530,-1,275,148,31,41,0.95,7,-1,-1
530,-1,377,230,31,29,0.92,2,-1,-1
530,-1,426,518,83,21,0.86,2,-1,-1
530,-1,383,146,26,33,0.77,2,-1,-1
531,-1,275,149,31,42,0.95,7,-1,-1
531,-1,420,485,76,54,0.94,2,-1,-1
531,-1,376,226,31,28,0.92,2,-1,-1
531,-1,383,145,26,32,0.57,2,-1,-1
532,-1,415,443,66,72,0.95,2,-1,-1
532,-1,273,150,32,43,0.93,7,-1,-1
532,-1,375,219,29,27,0.90,2,-1,-1
532,-1,383,144,25,31,0.60,2,-1,-1
533,-1,410,417,61,68,0.94,2,-1,-1
533,-1,271,151,33,44,0.93,7,-1,-1
533,-1,374,213,29,29,0.91,2,-1,-1
533,-1,383,145,24,30,0.88,2,-1,-1
534,-1,269,154,33,45,0.95,7,-1,-1
534,-1,404,386,56,60,0.94,2,-1,-1
534,-1,373,208,28,26,0.90,2,-1,-1
534,-1,382,143,24,30,0.88,2,-1,-1
535,-1,402,367,51,56,0.95,2,-1,-1
535,-1,268,154,34,46,0.94,7,-1,-1
535,-1,372,205,27,25,0.90,2,-1,-1
535,-1,382,143,24,29,0.88,2,-1,-1
536,-1,398,342,48,52,0.94,2,-1,-1
536,-1,265,157,35,47,0.93,7,-1,-1
536,-1,371,200,27,24,0.88,2,-1,-1
536,-1,381,143,23,28,0.85,2,-1,-1
537,-1,395,329,45,48,0.94,2,-1,-1
537,-1,265,158,35,48,0.94,7,-1,-1
537,-1,371,196,25,25,0.90,2,-1,-1
537,-1,380,141,24,29,0.79,2,-1,-1
538,-1,391,311,42,43,0.94,2,-1,-1
538,-1,262,159,37,49,0.93,7,-1,-1
538,-1,370,192,25,24,0.88,2,-1,-1
538,-1,380,141,23,29,0.82,2,-1,-1
539,-1,260,161,36,49,0.93,7,-1,-1
539,-1,389,300,41,41,0.92,2,-1,-1
539,-1,369,190,25,23,0.89,2,-1,-1
539,-1,380,140,22,28,0.84,2,-1,-1
540,-1,387,285,38,38,0.94,2,-1,-1
540,-1,258,163,37,52,0.93,7,-1,-1
540,-1,368,186,25,22,0.87,2,-1,-1
540,-1,380,140,22,27,0.85,2,-1,-1
541,-1,255,164,39,53,0.94,7,-1,-1
541,-1,384,277,37,37,0.92,2,-1,-1
541,-1,368,184,24,21,0.86,2,-1,-1
541,-1,379,139,22,28,0.83,2,-1,-1
542,-1,253,167,39,54,0.95,7,-1,-1
542,-1,382,265,34,35,0.92,2,-1,-1
542,-1,367,182,23,20,0.86,2,-1,-1
542,-1,380,139,21,28,0.83,2,-1,-1
543,-1,251,168,40,55,0.96,7,-1,-1
543,-1,381,258,33,32,0.92,2,-1,-1
543,-1,367,179,22,20,0.86,2,-1,-1
543,-1,380,142,20,23,0.78,2,-1,-1
544,-1,248,171,42,57,0.94,7,-1,-1
544,-1,380,249,31,30,0.92,2,-1,-1
544,-1,366,176,22,19,0.85,2,-1,-1
544,-1,380,138,20,26,0.57,2,-1,-1
545,-1,246,173,43,58,0.94,7,-1,-1
545,-1,380,242,29,29,0.91,2,-1,-1
545,-1,366,174,21,19,0.85,2,-1,-1
545,-1,380,145,17,19,0.55,2,-1,-1
546,-1,244,174,44,60,0.94,7,-1,-1
546,-1,378,236,29,29,0.91,2,-1,-1
546,-1,366,173,21,19,0.86,2,-1,-1
546,-1,380,138,18,25,0.33,2,-1,-1
547,-1,239,177,46,63,0.94,7,-1,-1
547,-1,585,474,54,65,0.92,7,-1,-1
547,-1,376,228,28,28,0.91,2,-1,-1
547,-1,365,169,20,18,0.85,2,-1,-1
547,-1,380,142,18,21,0.29,2,-1,-1
548,-1,235,180,47,66,0.95,7,-1,-1
548,-1,565,435,74,104,0.94,7,-1,-1
548,-1,376,222,26,26,0.91,2,-1,-1
548,-1,364,167,20,18,0.84,2,-1,-1
549,-1,232,181,49,69,0.95,7,-1,-1
549,-1,554,414,85,125,0.95,7,-1,-1
549,-1,375,217,25,25,0.89,2,-1,-1
549,-1,364,165,19,18,0.84,2,-1,-1
549,-1,379,141,17,19,0.36,2,-1,-1
550,-1,538,385,101,154,0.95,7,-1,-1
550,-1,228,185,52,71,0.95,7,-1,-1
550,-1,374,211,25,25,0.90,2,-1,-1
550,-1,364,163,19,17,0.84,2,-1,-1
550,-1,422,520,89,19,0.79,2,-1,-1
550,-1,379,141,17,19,0.41,2,-1,-1
551,-1,527,370,112,169,0.96,7,-1,-1
551,-1,225,187,53,74,0.95,7,-1,-1
551,-1,415,483,82,56,0.90,2,-1,-1
551,-1,373,207,24,25,0.90,2,-1,-1
551,-1,364,162,18,17,0.83,2,-1,-1
551,-1,378,139,16,19,0.24,2,-1,-1
552,-1,520,355,119,184,0.96,7,-1,-1
552,-1,222,189,55,78,0.95,7,-1,-1
552,-1,413,455,71,79,0.95,2,-1,-1
552,-1,373,204,24,24,0.90,2,-1,-1
552,-1,364,160,18,17,0.82,2,-1,-1
552,-1,378,138,16,19,0.11,2,-1,-1
553,-1,509,335,130,204,0.96,7,-1,-1
553,-1,216,192,58,82,0.95,7,-1,-1
553,-1,407,415,63,68,0.94,2,-1,-1
553,-1,372,198,23,24,0.90,2,-1,-1
553,-1,363,159,17,15,0.81,2,-1,-1
553,-1,378,139,16,18,0.20,2,-1,-1
554,-1,498,319,141,219,0.96,7,-1,-1
554,-1,211,197,62,86,0.95,7,-1,-1
554,-1,401,382,57,61,0.94,2,-1,-1
554,-1,371,194,23,24,0.88,2,-1,-1
554,-1,363,157,18,16,0.77,2,-1,-1
554,-1,314,119,12,18,0.51,7,-1,-1
555,-1,493,309,146,230,0.96,7,-1,-1
555,-1,206,200,64,90,0.96,7,-1,-1
555,-1,398,363,53,55,0.94,2,-1,-1
555,-1,370,191,23,24,0.89,2,-1,-1
555,-1,363,156,16,15,0.79,2,-1,-1
555,-1,314,119,12,18,0.54,7,-1,-1
556,-1,487,300,152,239,0.96,7,-1,-1
556,-1,202,203,67,93,0.96,7,-1,-1
556,-1,396,345,50,53,0.94,2,-1,-1
556,-1,370,188,23,23,0.89,2,-1,-1
556,-1,363,155,16,15,0.80,2,-1,-1
556,-1,312,119,14,19,0.73,7,-1,-1
557,-1,479,288,160,249,0.96,7,-1,-1
557,-1,194,206,72,101,0.95,7,-1,-1
557,-1,392,322,48,48,0.93,2,-1,-1
557,-1,369,184,23,23,0.88,2,-1,-1
557,-1,313,119,14,19,0.81,7,-1,-1
557,-1,362,153,16,15,0.81,2,-1,-1
558,-1,473,275,157,225,0.96,7,-1,-1
558,-1,186,213,76,106,0.95,7,-1,-1
558,-1,388,304,44,43,0.92,2,-1,-1
558,-1,369,181,22,22,0.87,2,-1,-1
558,-1,312,119,14,19,0.81,7,-1,-1
558,-1,362,152,16,15,0.65,2,-1,-1
559,-1,468,268,148,212,0.96,7,-1,-1
559,-1,180,216,80,111,0.96,7,-1,-1
559,-1,387,293,42,41,0.93,2,-1,-1
559,-1,368,179,20,21,0.87,2,-1,-1
559,-1,312,119,14,19,0.79,7,-1,-1
559,-1,362,151,16,15,0.68,2,-1,-1
560,-1,462,257,138,195,0.96,7,-1,-1
560,-1,170,223,86,120,0.95,7,-1,-1
560,-1,383,278,39,38,0.93,2,-1,-1
560,-1,367,175,20,21,0.88,2,-1,-1
560,-1,312,119,14,20,0.75,7,-1,-1
560,-1,363,151,15,14,0.68,2,-1,-1
561,-1,458,253,131,182,0.96,7,-1,-1
561,-1,163,227,91,126,0.96,7,-1,-1
561,-1,382,268,37,37,0.94,2,-1,-1
561,-1,367,174,19,21,0.88,2,-1,-1
561,-1,312,119,14,20,0.72,7,-1,-1
561,-1,362,150,14,13,0.67,2,-1,-1
561,-1,375,137,14,15,0.20,2,-1,-1
562,-1,151,233,97,139,0.96,7,-1,-1
562,-1,452,244,122,169,0.96,7,-1,-1
562,-1,380,257,37,35,0.94,2,-1,-1
562,-1,366,171,19,20,0.88,2,-1,-1
562,-1,311,119,15,21,0.85,7,-1,-1
562,-1,362,148,14,14,0.49,2,-1,-1
563,-1,450,240,115,160,0.96,7,-1,-1
563,-1,143,238,102,147,0.95,7,-1,-1
563,-1,379,251,34,32,0.90,2,-1,-1
563,-1,366,169,18,20,0.86,2,-1,-1
563,-1,311,119,15,21,0.86,7,-1,-1
563,-1,362,147,13,13,0.17,2,-1,-1
564,-1,448,236,109,151,0.96,7,-1,-1
564,-1,134,243,108,156,0.96,7,-1,-1
564,-1,379,245,32,31,0.91,2,-1,-1
564,-1,311,119,15,21,0.86,7,-1,-1
564,-1,366,167,19,19,0.86,2,-1,-1
564,-1,362,146,13,13,0.29,2,-1,-1
565,-1,442,229,103,141,0.97,7,-1,-1
565,-1,119,251,119,173,0.96,7,-1,-1
565,-1,376,234,31,31,0.92,2,-1,-1
565,-1,309,119,16,22,0.85,7,-1,-1
565,-1,365,166,18,18,0.84,2,-1,-1
565,-1,362,145,13,13,0.24,2,-1,-1
566,-1,438,224,97,130,0.96,7,-1,-1
566,-1,100,261,131,192,0.96,7,-1,-1
566,-1,376,225,30,30,0.90,2,-1,-1
566,-1,309,119,16,22,0.84,7,-1,-1
566,-1,365,163,17,18,0.82,2,-1,-1
567,-1,436,219,92,126,0.96,7,-1,-1
567,-1,87,267,139,208,0.96,7,-1,-1
567,-1,375,222,30,28,0.90,2,-1,-1
567,-1,309,119,17,23,0.85,7,-1,-1
567,-1,364,161,16,18,0.80,2,-1,-1
567,-1,361,142,12,12,0.23,2,-1,-1
568,-1,65,279,155,232,0.96,7,-1,-1
568,-1,433,214,87,121,0.96,7,-1,-1
568,-1,375,215,27,26,0.89,2,-1,-1
568,-1,309,120,17,23,0.85,7,-1,-1
568,-1,364,159,17,19,0.79,2,-1,-1
568,-1,360,141,12,12,0.20,2,-1,-1
569,-1,47,285,167,253,0.95,7,-1,-1
569,-1,431,212,83,115,0.95,7,-1,-1
569,-1,375,211,25,26,0.90,2,-1,-1
569,-1,308,119,18,24,0.87,7,-1,-1
569,-1,363,158,17,18,0.80,2,-1,-1
570,-1,429,206,80,112,0.96,7,-1,-1
570,-1,28,295,181,244,0.96,7,-1,-1
570,-1,373,208,24,24,0.88,2,-1,-1
570,-1,308,119,18,24,0.86,7,-1,-1
570,-1,363,157,18,18,0.76,2,-1,-1
571,-1,0,312,199,227,0.95,7,-1,-1
571,-1,426,204,74,105,0.95,7,-1,-1
571,-1,307,119,18,25,0.88,7,-1,-1
571,-1,373,202,24,24,0.88,2,-1,-1
571,-1,363,156,17,17,0.78,2,-1,-1
572,-1,0,329,188,210,0.97,7,-1,-1
572,-1,424,199,71,101,0.95,7,-1,-1
572,-1,307,120,18,25,0.88,7,-1,-1
572,-1,371,195,24,24,0.87,2,-1,-1
572,-1,362,154,16,16,0.76,2,-1,-1
573,-1,0,344,180,195,0.95,7,-1,-1
573,-1,422,198,71,96,0.95,7,-1,-1
573,-1,307,120,19,26,0.88,7,-1,-1
573,-1,370,194,25,23,0.86,2,-1,-1
573,-1,362,152,16,16,0.81,2,-1,-1
574,-1,421,195,68,93,0.95,7,-1,-1
574,-1,0,359,170,180,0.95,7,-1,-1
574,-1,306,120,19,26,0.88,7,-1,-1
574,-1,370,191,24,23,0.87,2,-1,-1
574,-1,362,152,16,16,0.82,2,-1,-1
575,-1,418,192,65,89,0.95,7,-1,-1
575,-1,0,388,153,151,0.94,7,-1,-1
575,-1,369,187,24,22,0.84,2,-1,-1
575,-1,307,121,18,26,0.82,7,-1,-1
575,-1,361,149,16,16,0.80,2,-1,-1
576,-1,417,188,62,85,0.95,7,-1,-1
576,-1,0,419,135,120,0.94,7,-1,-1
576,-1,368,184,23,20,0.88,2,-1,-1
576,-1,305,122,18,26,0.85,7,-1,-1
576,-1,361,148,15,16,0.73,2,-1,-1
577,-1,415,186,60,83,0.95,7,-1,-1
577,-1,0,446,119,93,0.90,7,-1,-1
577,-1,367,182,23,20,0.87,2,-1,-1
577,-1,305,122,18,26,0.85,7,-1,-1
577,-1,362,147,15,16,0.70,2,-1,-1
578,-1,413,184,58,78,0.95,7,-1,-1
578,-1,367,178,22,21,0.85,2,-1,-1
578,-1,305,122,19,27,0.80,7,-1,-1
578,-1,0,495,90,44,0.78,7,-1,-1
578,-1,361,146,15,15,0.69,2,-1,-1
579,-1,411,181,56,77,0.95,7,-1,-1
579,-1,366,176,20,19,0.85,2,-1,-1
579,-1,305,122,19,27,0.80,7,-1,-1
579,-1,361,145,15,15,0.68,2,-1,-1
580,-1,409,179,54,73,0.94,7,-1,-1
580,-1,304,123,19,27,0.87,7,-1,-1
580,-1,365,172,20,20,0.86,2,-1,-1
580,-1,360,144,14,15,0.61,2,-1,-1
581,-1,408,176,53,73,0.95,7,-1,-1
581,-1,303,124,19,28,0.85,7,-1,-1
581,-1,365,171,20,19,0.84,2,-1,-1
581,-1,360,142,14,15,0.58,2,-1,-1
582,-1,407,175,51,70,0.95,7,-1,-1
582,-1,303,124,19,28,0.85,7,-1,-1
582,-1,364,169,19,18,0.83,2,-1,-1
582,-1,360,142,14,15,0.62,2,-1,-1
583,-1,407,175,48,64,0.94,7,-1,-1
583,-1,302,126,20,28,0.85,7,-1,-1
583,-1,364,166,20,19,0.84,2,-1,-1
583,-1,359,141,14,14,0.64,2,-1,-1
584,-1,405,174,48,61,0.93,7,-1,-1
584,-1,301,126,20,28,0.86,7,-1,-1
584,-1,364,163,19,19,0.85,2,-1,-1
584,-1,359,140,13,13,0.52,2,-1,-1
585,-1,404,173,48,60,0.93,7,-1,-1
585,-1,301,127,20,28,0.85,7,-1,-1
585,-1,363,161,18,18,0.81,2,-1,-1
585,-1,359,139,14,14,0.57,2,-1,-1
586,-1,402,171,45,57,0.93,7,-1,-1
586,-1,299,127,21,28,0.86,7,-1,-1
586,-1,362,159,19,18,0.82,2,-1,-1
586,-1,359,138,13,14,0.45,2,-1,-1
587,-1,401,170,44,55,0.93,7,-1,-1
587,-1,299,129,20,28,0.85,7,-1,-1
587,-1,363,158,18,17,0.83,2,-1,-1
587,-1,358,135,13,15,0.11,2,-1,-1
588,-1,400,168,45,54,0.92,7,-1,-1
588,-1,299,130,20,27,0.86,7,-1,-1
588,-1,363,156,17,16,0.83,2,-1,-1
588,-1,358,136,13,14,0.11,2,-1,-1
589,-1,399,166,44,54,0.93,7,-1,-1
589,-1,298,131,20,27,0.86,7,-1,-1
589,-1,363,155,17,16,0.82,2,-1,-1
589,-1,358,135,13,14,0.60,2,-1,-1
590,-1,397,163,43,52,0.93,7,-1,-1
590,-1,297,133,20,26,0.84,7,-1,-1
590,-1,363,154,17,16,0.84,2,-1,-1
590,-1,357,133,12,14,0.31,2,-1,-1
591,-1,396,162,41,52,0.94,7,-1,-1
591,-1,297,133,21,28,0.87,7,-1,-1
591,-1,362,152,16,15,0.84,2,-1,-1
591,-1,357,134,12,12,0.66,2,-1,-1
592,-1,395,161,41,51,0.95,7,-1,-1
592,-1,296,133,21,28,0.87,7,-1,-1
592,-1,362,152,16,15,0.82,2,-1,-1
592,-1,357,134,12,12,0.66,2,-1,-1
593,-1,394,161,40,48,0.95,7,-1,-1
593,-1,295,134,22,28,0.87,7,-1,-1
593,-1,362,150,14,15,0.77,2,-1,-1
593,-1,359,134,11,12,0.11,2,-1,-1
594,-1,394,159,39,47,0.95,7,-1,-1
594,-1,295,135,22,27,0.88,7,-1,-1
594,-1,362,149,15,14,0.79,2,-1,-1
594,-1,358,133,12,12,0.12,2,-1,-1
595,-1,393,157,38,47,0.94,7,-1,-1
595,-1,293,137,23,28,0.87,7,-1,-1
595,-1,361,147,14,14,0.81,2,-1,-1
595,-1,358,132,11,12,0.19,2,-1,-1
596,-1,392,156,36,46,0.94,7,-1,-1
596,-1,293,138,23,29,0.89,7,-1,-1
596,-1,361,146,14,14,0.74,2,-1,-1
597,-1,391,155,36,45,0.94,7,-1,-1
597,-1,291,138,24,31,0.90,7,-1,-1
597,-1,361,146,14,14,0.71,2,-1,-1
598,-1,391,153,35,44,0.93,7,-1,-1
598,-1,291,138,24,30,0.90,7,-1,-1
598,-1,361,144,14,14,0.72,2,-1,-1
599,-1,390,152,34,44,0.93,7,-1,-1
599,-1,290,139,24,30,0.90,7,-1,-1
599,-1,361,144,14,13,0.73,2,-1,-1
600,-1,389,152,34,43,0.92,7,-1,-1
600,-1,290,140,24,29,0.88,7,-1,-1
600,-1,361,143,13,13,0.68,2,-1,-1
601,-1,388,150,34,42,0.92,7,-1,-1
601,-1,289,141,24,31,0.89,7,-1,-1
601,-1,361,141,14,13,0.75,2,-1,-1
601,-1,327,133,10,11,0.23,2,-1,-1
602,-1,387,150,33,41,0.94,7,-1,-1
602,-1,288,142,25,31,0.90,7,-1,-1
602,-1,361,142,13,13,0.64,2,-1,-1
603,-1,386,149,32,39,0.94,7,-1,-1
603,-1,286,145,26,30,0.88,7,-1,-1
603,-1,361,140,12,12,0.32,2,-1,-1
604,-1,385,148,32,38,0.92,7,-1,-1
604,-1,285,143,27,34,0.90,7,-1,-1
604,-1,360,138,12,12,0.68,2,-1,-1
604,-1,326,135,10,11,0.23,2,-1,-1
605,-1,385,147,32,39,0.93,7,-1,-1
605,-1,284,145,28,34,0.90,7,-1,-1
605,-1,360,138,12,12,0.66,2,-1,-1
605,-1,326,136,10,11,0.26,2,-1,-1
606,-1,383,146,32,38,0.90,7,-1,-1
606,-1,282,146,29,35,0.90,7,-1,-1
606,-1,359,137,12,13,0.54,2,-1,-1
606,-1,326,137,10,11,0.11,2,-1,-1
607,-1,282,147,28,35,0.91,7,-1,-1
607,-1,382,146,31,37,0.89,7,-1,-1
607,-1,360,137,12,12,0.48,2,-1,-1
608,-1,281,148,29,36,0.92,7,-1,-1
608,-1,382,144,32,37,0.90,7,-1,-1
608,-1,431,518,84,21,0.85,2,-1,-1
608,-1,325,138,11,12,0.65,2,-1,-1
608,-1,358,136,13,12,0.59,2,-1,-1
609,-1,425,488,79,51,0.94,2,-1,-1
609,-1,280,149,29,36,0.93,7,-1,-1
609,-1,382,143,30,37,0.91,7,-1,-1
609,-1,358,135,12,12,0.53,2,-1,-1
609,-1,325,138,11,12,0.42,2,-1,-1
610,-1,420,448,69,77,0.95,2,-1,-1
610,-1,278,150,30,38,0.92,7,-1,-1
610,-1,382,142,28,35,0.92,7,-1,-1
610,-1,358,135,12,12,0.57,2,-1,-1
610,-1,325,138,11,12,0.44,2,-1,-1
611,-1,417,425,64,71,0.94,2,-1,-1
611,-1,277,150,30,38,0.93,7,-1,-1
611,-1,381,141,29,34,0.91,7,-1,-1
611,-1,325,139,11,12,0.70,2,-1,-1
611,-1,358,135,12,12,0.54,2,-1,-1
612,-1,412,404,60,65,0.95,2,-1,-1
612,-1,276,153,31,38,0.92,7,-1,-1
612,-1,381,141,29,34,0.91,7,-1,-1
612,-1,325,140,11,11,0.67,2,-1,-1
612,-1,359,134,10,11,0.26,2,-1,-1
613,-1,407,377,54,58,0.95,2,-1,-1
613,-1,274,153,32,40,0.92,7,-1,-1
613,-1,380,140,27,33,0.90,7,-1,-1
613,-1,324,142,12,11,0.73,2,-1,-1
613,-1,358,133,10,10,0.26,2,-1,-1
614,-1,403,354,50,52,0.94,2,-1,-1
614,-1,272,154,33,42,0.93,7,-1,-1
614,-1,380,139,27,33,0.88,7,-1,-1
614,-1,324,143,12,11,0.75,2,-1,-1
614,-1,358,133,10,10,0.20,2,-1,-1
615,-1,400,340,47,50,0.94,2,-1,-1
615,-1,271,157,34,41,0.93,7,-1,-1
615,-1,379,138,26,32,0.79,7,-1,-1
615,-1,324,143,12,12,0.79,2,-1,-1
616,-1,397,327,46,46,0.94,2,-1,-1
616,-1,270,157,33,42,0.94,7,-1,-1
616,-1,379,138,26,32,0.83,7,-1,-1
616,-1,323,144,12,12,0.78,2,-1,-1
617,-1,269,157,34,44,0.94,7,-1,-1
617,-1,394,311,42,43,0.94,2,-1,-1
617,-1,379,137,25,32,0.91,7,-1,-1
617,-1,322,145,13,12,0.82,2,-1,-1
617,-1,357,130,11,11,0.13,2,-1,-1
618,-1,392,300,41,41,0.95,2,-1,-1
618,-1,267,159,34,45,0.93,7,-1,-1
618,-1,378,137,25,32,0.91,7,-1,-1
618,-1,322,145,13,12,0.83,2,-1,-1
619,-1,266,161,35,45,0.94,7,-1,-1
619,-1,389,287,38,37,0.94,2,-1,-1
619,-1,378,136,24,29,0.91,7,-1,-1
619,-1,322,146,13,12,0.84,2,-1,-1
620,-1,386,275,36,36,0.93,2,-1,-1
620,-1,263,163,37,47,0.93,7,-1,-1
620,-1,378,135,24,29,0.91,7,-1,-1
620,-1,322,147,13,13,0.84,2,-1,-1
621,-1,384,267,35,34,0.93,2,-1,-1
621,-1,260,164,38,49,0.92,7,-1,-1
621,-1,377,134,24,29,0.91,7,-1,-1
621,-1,321,147,14,14,0.84,2,-1,-1
622,-1,383,258,34,31,0.94,2,-1,-1
622,-1,259,166,37,50,0.93,7,-1,-1
622,-1,377,133,23,29,0.91,7,-1,-1
622,-1,321,149,14,13,0.84,2,-1,-1
623,-1,258,167,38,51,0.94,7,-1,-1
623,-1,381,252,33,31,0.93,2,-1,-1
623,-1,376,133,23,29,0.91,7,-1,-1
623,-1,321,150,14,13,0.84,2,-1,-1
624,-1,256,169,39,52,0.93,7,-1,-1
624,-1,380,247,31,29,0.92,2,-1,-1
624,-1,376,133,23,29,0.91,7,-1,-1
624,-1,320,151,14,14,0.83,2,-1,-1
625,-1,253,171,40,54,0.95,7,-1,-1
625,-1,378,238,30,28,0.91,2,-1,-1
625,-1,376,132,22,29,0.90,7,-1,-1
625,-1,320,152,14,14,0.81,2,-1,-1
626,-1,251,173,41,55,0.95,7,-1,-1
626,-1,378,232,29,28,0.91,2,-1,-1
626,-1,376,132,22,30,0.90,7,-1,-1
626,-1,320,153,15,14,0.84,2,-1,-1
627,-1,247,175,43,58,0.93,7,-1,-1
627,-1,376,226,28,27,0.93,2,-1,-1
627,-1,376,131,20,27,0.87,7,-1,-1
627,-1,319,155,15,14,0.84,2,-1,-1
628,-1,244,177,44,58,0.93,7,-1,-1
628,-1,376,222,27,25,0.92,2,-1,-1
628,-1,376,131,20,27,0.88,7,-1,-1
628,-1,319,155,15,14,0.83,2,-1,-1
629,-1,241,181,45,60,0.94,7,-1,-1
629,-1,375,216,26,25,0.90,2,-1,-1
629,-1,375,130,20,27,0.89,7,-1,-1
629,-1,318,157,15,14,0.83,2,-1,-1
630,-1,237,184,47,63,0.94,7,-1,-1
630,-1,373,210,26,25,0.90,2,-1,-1
630,-1,375,130,19,24,0.87,7,-1,-1
630,-1,318,158,15,14,0.86,2,-1,-1
631,-1,234,186,49,64,0.94,7,-1,-1
631,-1,372,206,26,24,0.90,2,-1,-1
631,-1,375,130,19,24,0.86,7,-1,-1
631,-1,318,159,15,14,0.86,2,-1,-1
632,-1,229,189,51,68,0.95,7,-1,-1
632,-1,374,129,20,25,0.89,7,-1,-1
632,-1,371,202,25,23,0.89,2,-1,-1
632,-1,316,161,16,15,0.85,2,-1,-1
633,-1,227,191,52,71,0.95,7,-1,-1
633,-1,371,199,23,23,0.91,2,-1,-1
633,-1,374,129,20,25,0.89,7,-1,-1
633,-1,316,162,16,15,0.85,2,-1,-1
634,-1,222,194,56,74,0.94,7,-1,-1
634,-1,373,127,20,25,0.89,7,-1,-1
634,-1,370,194,23,23,0.89,2,-1,-1
634,-1,315,163,17,17,0.84,2,-1,-1
635,-1,217,198,57,75,0.95,7,-1,-1
635,-1,369,191,24,24,0.90,2,-1,-1
635,-1,373,128,19,25,0.89,7,-1,-1
635,-1,314,164,17,17,0.87,2,-1,-1
636,-1,214,201,59,78,0.94,7,-1,-1
636,-1,369,189,23,22,0.88,2,-1,-1
636,-1,313,165,18,17,0.87,2,-1,-1
636,-1,373,127,18,24,0.80,7,-1,-1
637,-1,207,205,64,84,0.95,7,-1,-1
637,-1,368,185,23,22,0.90,2,-1,-1
637,-1,312,168,17,16,0.86,2,-1,-1
637,-1,373,127,18,24,0.81,7,-1,-1
638,-1,201,210,66,88,0.95,7,-1,-1
638,-1,368,182,22,22,0.88,2,-1,-1
638,-1,311,170,18,16,0.84,2,-1,-1
638,-1,373,127,18,24,0.72,7,-1,-1
639,-1,196,214,68,91,0.95,7,-1,-1
639,-1,368,180,21,22,0.88,2,-1,-1
639,-1,311,172,18,16,0.87,2,-1,-1
639,-1,373,127,17,22,0.47,7,-1,-1
640,-1,190,217,73,96,0.95,7,-1,-1
640,-1,367,177,21,22,0.89,2,-1,-1
640,-1,310,174,18,17,0.86,2,-1,-1
640,-1,373,127,17,22,0.41,7,-1,-1
641,-1,181,223,78,103,0.95,7,-1,-1
641,-1,367,175,20,21,0.89,2,-1,-1
641,-1,308,176,20,18,0.87,2,-1,-1
641,-1,373,127,17,22,0.28,7,-1,-1
642,-1,174,229,81,107,0.95,7,-1,-1
642,-1,366,173,20,21,0.88,2,-1,-1
642,-1,307,178,20,18,0.87,2,-1,-1
642,-1,373,126,17,22,0.19,7,-1,-1
643,-1,164,233,87,117,0.96,7,-1,-1
643,-1,306,179,20,19,0.90,2,-1,-1
643,-1,366,171,19,19,0.88,2,-1,-1
643,-1,373,125,16,22,0.12,7,-1,-1
644,-1,153,241,94,128,0.95,7,-1,-1
644,-1,304,183,20,19,0.88,2,-1,-1
644,-1,365,168,19,19,0.87,2,-1,-1
645,-1,144,246,98,135,0.95,7,-1,-1
645,-1,303,185,20,18,0.88,2,-1,-1
645,-1,365,166,19,19,0.87,2,-1,-1
646,-1,130,253,108,149,0.96,7,-1,-1
646,-1,301,188,20,19,0.90,2,-1,-1
646,-1,365,164,17,19,0.87,2,-1,-1
647,-1,118,260,115,157,0.95,7,-1,-1
647,-1,300,190,21,21,0.89,2,-1,-1
647,-1,365,163,17,18,0.87,2,-1,-1
647,-1,372,124,16,21,0.14,7,-1,-1
648,-1,107,267,122,167,0.95,7,-1,-1
648,-1,299,192,22,21,0.91,2,-1,-1
648,-1,364,161,17,18,0.87,2,-1,-1
649,-1,87,277,134,188,0.95,7,-1,-1
649,-1,435,504,85,35,0.92,2,-1,-1
649,-1,297,197,22,20,0.90,2,-1,-1
649,-1,364,160,17,17,0.87,2,-1,-1
650,-1,66,289,148,210,0.96,7,-1,-1
650,-1,426,458,77,80,0.95,2,-1,-1
650,-1,295,202,23,20,0.90,2,-1,-1
650,-1,363,158,18,18,0.88,2,-1,-1
651,-1,48,297,161,227,0.96,7,-1,-1
651,-1,419,429,71,78,0.94,2,-1,-1
651,-1,295,205,22,21,0.89,2,-1,-1
651,-1,363,156,17,18,0.89,2,-1,-1
652,-1,32,309,169,230,0.96,7,-1,-1
652,-1,414,405,68,71,0.94,2,-1,-1
652,-1,293,207,24,22,0.89,2,-1,-1
652,-1,362,155,18,17,0.89,2,-1,-1
653,-1,2,326,190,213,0.95,7,-1,-1
653,-1,407,373,60,65,0.94,2,-1,-1
653,-1,362,153,17,17,0.89,2,-1,-1
653,-1,290,211,25,24,0.89,2,-1,-1
654,-1,0,344,180,195,0.96,7,-1,-1
654,-1,402,347,55,59,0.94,2,-1,-1
654,-1,289,217,24,23,0.91,2,-1,-1
654,-1,362,152,17,17,0.90,2,-1,-1
655,-1,0,358,170,181,0.96,7,-1,-1
655,-1,401,333,51,53,0.94,2,-1,-1
655,-1,286,219,26,26,0.91,2,-1,-1
655,-1,362,151,17,17,0.89,2,-1,-1
656,-1,0,383,153,156,0.95,7,-1,-1
656,-1,397,311,47,52,0.94,2,-1,-1
656,-1,284,227,26,25,0.90,2,-1,-1
656,-1,361,149,18,16,0.87,2,-1,-1
657,-1,0,405,142,134,0.95,7,-1,-1
657,-1,395,300,46,49,0.94,2,-1,-1
657,-1,282,231,28,26,0.89,2,-1,-1
657,-1,361,149,17,16,0.87,2,-1,-1
658,-1,391,286,43,43,0.93,2,-1,-1
658,-1,278,236,29,29,0.89,2,-1,-1
658,-1,361,147,17,16,0.88,2,-1,-1
658,-1,0,436,121,103,0.69,7,-1,-1
659,-1,389,277,40,41,0.92,2,-1,-1
659,-1,276,240,31,30,0.90,2,-1,-1
659,-1,361,146,16,16,0.87,2,-1,-1
659,-1,0,467,104,72,0.84,7,-1,-1
660,-1,386,263,38,41,0.93,2,-1,-1
660,-1,273,251,31,30,0.92,2,-1,-1
660,-1,360,145,16,16,0.84,2,-1,-1
661,-1,385,256,37,39,0.93,2,-1,-1
661,-1,270,255,33,32,0.93,2,-1,-1
661,-1,361,144,15,15,0.85,2,-1,-1
662,-1,383,247,35,36,0.93,2,-1,-1
662,-1,264,263,36,35,0.92,2,-1,-1
662,-1,361,143,15,15,0.84,2,-1,-1
663,-1,382,241,33,34,0.93,2,-1,-1
663,-1,262,270,37,36,0.92,2,-1,-1
663,-1,360,142,15,15,0.85,2,-1,-1
664,-1,380,233,31,32,0.93,2,-1,-1
664,-1,257,281,39,39,0.91,2,-1,-1
664,-1,360,141,14,14,0.85,2,-1,-1
665,-1,379,228,31,31,0.93,2,-1,-1
665,-1,253,289,42,41,0.92,2,-1,-1
665,-1,360,141,15,14,0.86,2,-1,-1
666,-1,246,302,45,46,0.94,2,-1,-1
666,-1,378,221,30,30,0.92,2,-1,-1
666,-1,359,140,14,14,0.85,2,-1,-1
667,-1,243,312,45,47,0.93,2,-1,-1
667,-1,377,217,29,29,0.92,2,-1,-1
667,-1,359,139,14,14,0.85,2,-1,-1
668,-1,236,329,48,51,0.94,2,-1,-1
668,-1,376,209,27,29,0.92,2,-1,-1
668,-1,359,139,14,14,0.84,2,-1,-1
669,-1,229,342,52,55,0.95,2,-1,-1
669,-1,375,205,27,29,0.92,2,-1,-1
669,-1,359,137,12,14,0.76,2,-1,-1
670,-1,224,356,54,59,0.95,2,-1,-1
670,-1,374,203,27,27,0.92,2,-1,-1
670,-1,359,137,13,14,0.79,2,-1,-1
671,-1,213,379,59,66,0.94,2,-1,-1
671,-1,374,198,26,26,0.91,2,-1,-1
671,-1,359,136,13,14,0.82,2,-1,-1
672,-1,203,398,63,72,0.94,2,-1,-1
672,-1,373,194,25,26,0.92,2,-1,-1
672,-1,359,135,12,13,0.79,2,-1,-1
673,-1,190,427,71,85,0.95,2,-1,-1
673,-1,372,190,26,26,0.90,2,-1,-1
673,-1,358,135,13,13,0.83,2,-1,-1
674,-1,174,461,77,78,0.94,2,-1,-1
674,-1,370,187,25,24,0.91,2,-1,-1
674,-1,358,135,13,13,0.82,2,-1,-1
675,-1,169,489,76,50,0.93,2,-1,-1
675,-1,370,186,24,23,0.91,2,-1,-1
675,-1,358,135,13,13,0.82,2,-1,-1
676,-1,370,184,23,21,0.90,2,-1,-1
676,-1,163,520,73,19,0.83,2,-1,-1
676,-1,358,134,13,13,0.82,2,-1,-1
677,-1,369,180,23,22,0.90,2,-1,-1
677,-1,358,133,12,13,0.80,2,-1,-1
678,-1,369,179,22,21,0.89,2,-1,-1
678,-1,358,133,12,13,0.80,2,-1,-1
679,-1,368,175,21,21,0.88,2,-1,-1
679,-1,358,132,11,13,0.41,2,-1,-1
680,-1,368,173,20,19,0.89,2,-1,-1
680,-1,357,130,12,13,0.54,2,-1,-1
681,-1,368,171,19,19,0.90,2,-1,-1
681,-1,357,130,12,13,0.48,2,-1,-1
682,-1,367,167,19,19,0.88,2,-1,-1
682,-1,357,129,11,12,0.59,2,-1,-1
683,-1,367,165,19,20,0.88,2,-1,-1
683,-1,357,129,11,12,0.60,2,-1,-1
684,-1,367,163,19,19,0.88,2,-1,-1
685,-1,366,161,19,19,0.88,2,-1,-1
686,-1,366,159,19,18,0.88,2,-1,-1
686,-1,356,126,10,11,0.15,2,-1,-1
687,-1,365,159,18,17,0.89,2,-1,-1
687,-1,356,127,9,10,0.10,2,-1,-1
688,-1,365,158,17,16,0.88,2,-1,-1
689,-1,364,156,17,16,0.89,2,-1,-1
690,-1,364,154,16,16,0.88,2,-1,-1
691,-1,363,154,17,15,0.90,2,-1,-1
692,-1,363,152,16,16,0.88,2,-1,-1
693,-1,364,151,14,14,0.86,2,-1,-1
694,-1,363,149,15,15,0.90,2,-1,-1
695,-1,363,149,15,14,0.89,2,-1,-1
696,-1,363,147,14,14,0.90,2,-1,-1
697,-1,362,146,14,14,0.88,2,-1,-1
698,-1,362,145,14,14,0.88,2,-1,-1
699,-1,362,144,13,14,0.83,2,-1,-1
700,-1,362,144,13,14,0.83,2,-1,-1
701,-1,361,142,14,14,0.88,2,-1,-1
702,-1,361,142,13,14,0.88,2,-1,-1
703,-1,362,140,12,13,0.84,2,-1,-1
704,-1,362,140,12,13,0.84,2,-1,-1
705,-1,362,138,12,13,0.84,2,-1,-1
706,-1,361,137,11,12,0.73,2,-1,-1
707,-1,361,137,11,12,0.76,2,-1,-1
708,-1,360,136,12,12,0.80,2,-1,-1
709,-1,360,135,12,13,0.81,2,-1,-1
710,-1,360,135,12,13,0.81,2,-1,-1
711,-1,360,134,11,12,0.82,2,-1,-1
712,-1,359,134,11,12,0.78,2,-1,-1
713,-1,359,133,11,11,0.81,2,-1,-1
714,-1,359,133,11,11,0.81,2,-1,-1
715,-1,359,133,11,11,0.81,2,-1,-1
716,-1,357,130,11,11,0.65,2,-1,-1
717,-1,357,130,11,11,0.65,2,-1,-1
718,-1,357,130,11,12,0.61,2,-1,-1
719,-1,357,130,11,12,0.61,2,-1,-1
720,-1,357,130,11,12,0.61,2,-1,-1
722,-1,356,128,10,11,0.13,2,-1,-1
723,-1,356,128,10,11,0.13,2,-1,-1
726,-1,355,125,11,10,0.21,2,-1,-1
727,-1,355,125,11,10,0.19,2,-1,-1
750,-1,316,115,13,18,0.11,7,-1,-1
756,-1,315,120,13,17,0.20,2,-1,-1
757,-1,315,120,13,17,0.22,2,-1,-1
758,-1,316,120,12,17,0.43,2,-1,-1
759,-1,315,119,14,18,0.47,2,-1,-1
760,-1,315,120,13,19,0.47,2,-1,-1
761,-1,314,119,14,19,0.44,2,-1,-1
762,-1,314,119,14,19,0.45,2,-1,-1
763,-1,314,120,14,19,0.46,2,-1,-1
764,-1,313,121,14,18,0.74,2,-1,-1
765,-1,313,121,14,18,0.73,2,-1,-1
766,-1,312,121,14,19,0.77,2,-1,-1
767,-1,312,121,15,19,0.58,2,-1,-1
768,-1,312,121,15,20,0.56,2,-1,-1
769,-1,312,122,14,19,0.60,2,-1,-1
770,-1,312,122,14,19,0.62,2,-1,-1
771,-1,312,123,14,19,0.60,2,-1,-1
772,-1,311,121,15,21,0.67,7,-1,-1
773,-1,311,121,15,22,0.71,7,-1,-1
774,-1,310,120,16,24,0.82,7,-1,-1
775,-1,309,120,16,24,0.82,7,-1,-1
776,-1,309,122,16,23,0.77,7,-1,-1
777,-1,309,123,16,22,0.66,7,-1,-1
778,-1,309,122,16,23,0.77,7,-1,-1
779,-1,308,122,16,23,0.82,7,-1,-1
780,-1,308,122,16,24,0.83,7,-1,-1
781,-1,307,123,16,24,0.77,7,-1,-1
782,-1,308,124,16,23,0.62,7,-1,-1
783,-1,306,123,17,24,0.56,2,-1,-1
784,-1,306,123,18,25,0.79,7,-1,-1
785,-1,306,122,18,26,0.83,7,-1,-1
786,-1,305,123,18,26,0.80,7,-1,-1
787,-1,304,125,17,24,0.63,7,-1,-1
788,-1,303,127,18,24,0.83,7,-1,-1
789,-1,303,127,18,24,0.78,7,-1,-1
790,-1,303,128,17,23,0.79,7,-1,-1
791,-1,302,129,17,23,0.80,7,-1,-1
792,-1,301,129,17,24,0.85,7,-1,-1
793,-1,301,130,17,24,0.85,7,-1,-1
794,-1,300,131,18,24,0.88,7,-1,-1
794,-1,313,121,12,23,0.14,7,-1,-1
795,-1,300,131,17,24,0.87,7,-1,-1
795,-1,313,120,12,21,0.16,7,-1,-1
796,-1,298,132,18,25,0.74,7,-1,-1
796,-1,313,120,13,20,0.15,7,-1,-1
797,-1,297,132,19,25,0.81,7,-1,-1
797,-1,313,120,13,20,0.28,7,-1,-1
798,-1,297,132,19,26,0.81,7,-1,-1
798,-1,312,120,14,20,0.30,7,-1,-1
799,-1,296,133,20,26,0.82,7,-1,-1
799,-1,312,121,14,19,0.25,7,-1,-1
800,-1,295,134,19,26,0.85,7,-1,-1
800,-1,311,121,14,19,0.21,2,-1,-1
801,-1,294,135,20,26,0.87,7,-1,-1
801,-1,311,121,15,19,0.39,2,-1,-1
802,-1,294,135,20,27,0.87,7,-1,-1
802,-1,311,120,14,21,0.55,7,-1,-1
803,-1,293,136,20,27,0.88,7,-1,-1
803,-1,310,120,14,21,0.49,7,-1,-1
804,-1,292,136,21,28,0.89,7,-1,-1
804,-1,310,121,15,22,0.70,7,-1,-1
805,-1,291,137,21,28,0.90,7,-1,-1
805,-1,310,121,15,22,0.70,7,-1,-1
806,-1,290,137,21,28,0.90,7,-1,-1
806,-1,310,121,14,21,0.46,7,-1,-1
807,-1,290,138,21,28,0.85,7,-1,-1
807,-1,310,121,14,22,0.37,7,-1,-1
808,-1,289,139,21,28,0.84,7,-1,-1
808,-1,309,119,16,23,0.48,7,-1,-1
809,-1,289,140,20,27,0.74,7,-1,-1
809,-1,308,120,16,23,0.60,7,-1,-1
810,-1,287,141,22,29,0.86,7,-1,-1
810,-1,308,120,16,23,0.68,7,-1,-1
811,-1,287,141,22,30,0.88,7,-1,-1
811,-1,308,121,16,23,0.72,7,-1,-1
812,-1,285,143,22,30,0.91,7,-1,-1
812,-1,307,122,16,22,0.55,7,-1,-1
813,-1,285,143,22,30,0.92,7,-1,-1
813,-1,307,122,16,22,0.53,7,-1,-1
814,-1,284,144,22,31,0.93,7,-1,-1
814,-1,306,124,16,22,0.43,7,-1,-1
815,-1,284,144,21,31,0.92,7,-1,-1
815,-1,306,124,16,23,0.47,7,-1,-1
816,-1,282,145,23,32,0.93,7,-1,-1
816,-1,306,124,15,23,0.54,7,-1,-1
817,-1,281,146,24,33,0.92,7,-1,-1
817,-1,305,124,15,22,0.64,7,-1,-1
818,-1,280,147,24,34,0.91,7,-1,-1
818,-1,305,125,15,23,0.63,7,-1,-1
819,-1,279,147,24,35,0.92,7,-1,-1
819,-1,304,126,15,21,0.47,7,-1,-1
820,-1,278,149,24,35,0.92,7,-1,-1
820,-1,303,128,16,22,0.74,7,-1,-1
821,-1,276,150,25,35,0.93,7,-1,-1
821,-1,303,128,16,22,0.75,7,-1,-1
822,-1,276,151,25,35,0.92,7,-1,-1
822,-1,302,128,17,24,0.83,7,-1,-1
823,-1,274,152,26,36,0.92,7,-1,-1
823,-1,302,129,17,24,0.83,7,-1,-1
824,-1,273,154,25,35,0.91,7,-1,-1
824,-1,301,130,17,24,0.83,7,-1,-1
825,-1,272,155,25,36,0.92,7,-1,-1
825,-1,300,130,17,24,0.83,7,-1,-1
826,-1,271,156,26,38,0.93,7,-1,-1
826,-1,300,131,17,24,0.76,7,-1,-1
827,-1,269,157,26,39,0.93,7,-1,-1
827,-1,299,132,18,25,0.81,7,-1,-1
828,-1,268,159,26,39,0.92,7,-1,-1
828,-1,299,132,18,25,0.86,7,-1,-1
829,-1,266,160,28,41,0.93,7,-1,-1
829,-1,298,133,18,25,0.86,7,-1,-1
830,-1,265,162,28,40,0.94,7,-1,-1
830,-1,297,134,18,25,0.88,7,-1,-1
831,-1,263,163,28,41,0.93,7,-1,-1
831,-1,297,134,19,26,0.89,7,-1,-1
832,-1,261,165,29,42,0.93,7,-1,-1
832,-1,296,134,19,27,0.90,7,-1,-1
833,-1,260,166,29,42,0.92,7,-1,-1
833,-1,295,134,19,27,0.89,7,-1,-1
834,-1,258,168,29,44,0.92,7,-1,-1
834,-1,294,136,19,27,0.88,7,-1,-1
835,-1,294,136,19,27,0.89,7,-1,-1
835,-1,256,170,30,45,0.84,7,-1,-1
836,-1,292,138,20,26,0.86,7,-1,-1
836,-1,253,172,31,46,0.85,7,-1,-1
837,-1,251,173,32,47,0.91,7,-1,-1
837,-1,291,138,20,28,0.89,7,-1,-1
838,-1,249,176,33,48,0.92,7,-1,-1
838,-1,291,139,21,28,0.90,7,-1,-1
839,-1,247,178,34,49,0.93,7,-1,-1
839,-1,290,140,21,28,0.90,7,-1,-1
840,-1,244,181,34,51,0.94,7,-1,-1
840,-1,289,141,21,29,0.90,7,-1,-1
841,-1,242,183,36,52,0.93,7,-1,-1
841,-1,288,141,21,29,0.90,7,-1,-1
842,-1,239,186,36,55,0.94,7,-1,-1
842,-1,287,142,21,30,0.90,7,-1,-1
843,-1,237,188,37,56,0.93,7,-1,-1
843,-1,287,143,22,29,0.90,7,-1,-1
844,-1,233,191,39,57,0.94,7,-1,-1
844,-1,286,144,22,31,0.92,7,-1,-1
845,-1,231,194,39,58,0.94,7,-1,-1
845,-1,285,144,22,32,0.92,7,-1,-1
846,-1,226,198,42,61,0.94,7,-1,-1
846,-1,283,146,23,31,0.91,7,-1,-1
847,-1,225,200,42,62,0.94,7,-1,-1
847,-1,282,147,23,32,0.91,7,-1,-1
848,-1,218,205,45,65,0.95,7,-1,-1
848,-1,281,147,23,33,0.91,7,-1,-1
849,-1,216,208,45,67,0.95,7,-1,-1
849,-1,281,148,24,33,0.91,7,-1,-1
850,-1,209,212,48,71,0.94,7,-1,-1
850,-1,279,149,24,34,0.93,7,-1,-1
851,-1,205,216,50,72,0.94,7,-1,-1
851,-1,278,150,25,35,0.93,7,-1,-1
852,-1,199,221,53,77,0.95,7,-1,-1
852,-1,277,151,25,35,0.92,7,-1,-1
853,-1,194,226,55,79,0.93,7,-1,-1
853,-1,276,153,25,35,0.91,7,-1,-1
854,-1,186,232,58,83,0.94,7,-1,-1
854,-1,274,154,26,36,0.91,7,-1,-1
855,-1,182,236,59,86,0.94,7,-1,-1
855,-1,274,155,26,37,0.93,7,-1,-1
856,-1,176,241,61,90,0.94,7,-1,-1
856,-1,272,156,27,38,0.93,7,-1,-1
857,-1,167,249,65,96,0.92,7,-1,-1
857,-1,271,158,26,39,0.90,7,-1,-1
858,-1,158,257,70,102,0.93,7,-1,-1
858,-1,269,159,28,39,0.91,7,-1,-1
859,-1,150,264,72,106,0.93,7,-1,-1
859,-1,268,160,28,40,0.92,7,-1,-1
860,-1,137,274,79,115,0.95,7,-1,-1
860,-1,267,162,29,41,0.82,7,-1,-1
861,-1,129,281,81,121,0.96,7,-1,-1
861,-1,265,164,29,41,0.87,7,-1,-1
862,-1,115,294,87,129,0.96,7,-1,-1
862,-1,264,166,29,42,0.90,7,-1,-1
863,-1,103,302,92,138,0.94,7,-1,-1
863,-1,262,166,30,44,0.88,7,-1,-1
864,-1,85,318,100,150,0.97,7,-1,-1
864,-1,259,169,31,44,0.69,2,-1,-1
865,-1,75,329,103,158,0.95,7,-1,-1
865,-1,258,171,32,45,0.82,7,-1,-1
866,-1,59,342,111,169,0.96,7,-1,-1
866,-1,256,173,31,46,0.85,7,-1,-1
867,-1,30,364,125,175,0.95,7,-1,-1
867,-1,254,175,32,47,0.72,2,-1,-1
868,-1,6,388,134,151,0.95,7,-1,-1
868,-1,250,177,34,48,0.85,2,-1,-1
869,-1,0,406,128,133,0.95,7,-1,-1
869,-1,248,179,35,50,0.75,2,-1,-1
870,-1,0,439,109,100,0.94,7,-1,-1
870,-1,245,182,37,52,0.84,7,-1,-1
871,-1,243,184,37,53,0.93,7,-1,-1
871,-1,0,464,95,75,0.93,7,-1,-1
872,-1,240,187,38,55,0.77,7,-1,-1
872,-1,0,512,67,27,0.66,7,-1,-1
873,-1,237,190,39,56,0.63,7,-1,-1
874,-1,234,192,40,57,0.86,7,-1,-1
875,-1,231,196,41,60,0.81,7,-1,-1
876,-1,226,200,44,62,0.67,7,-1,-1
877,-1,223,203,44,64,0.79,7,-1,-1
878,-1,221,205,45,66,0.81,7,-1,-1
879,-1,215,211,47,69,0.89,7,-1,-1
880,-1,210,216,49,72,0.69,7,-1,-1
881,-1,206,220,50,74,0.80,7,-1,-1
882,-1,201,223,52,77,0.93,7,-1,-1
883,-1,194,229,55,82,0.92,7,-1,-1
884,-1,187,235,58,87,0.93,7,-1,-1
885,-1,182,240,60,90,0.94,7,-1,-1
886,-1,177,245,62,93,0.94,7,-1,-1
887,-1,167,254,66,99,0.93,7,-1,-1
888,-1,157,263,71,106,0.94,7,-1,-1
889,-1,151,269,72,111,0.94,7,-1,-1
890,-1,137,280,79,120,0.96,7,-1,-1
891,-1,129,288,83,126,0.93,7,-1,-1
892,-1,113,301,90,137,0.95,7,-1,-1
893,-1,103,312,94,145,0.95,7,-1,-1
894,-1,87,328,100,159,0.96,7,-1,-1
895,-1,72,342,106,169,0.96,7,-1,-1
896,-1,51,363,115,175,0.96,7,-1,-1
897,-1,26,379,129,160,0.95,7,-1,-1
898,-1,18,396,127,143,0.95,7,-1,-1
899,-1,0,426,127,113,0.95,7,-1,-1
900,-1,0,461,105,78,0.94,7,-1,-1
