40,0,333,189,19,33,0.85,2
41,0,333,189,19,33,0.85,2
42,0,333,190,20,32,0.86,2
43,0,333,189,20,32,0.86,2
44,0,333,189,20,31,0.86,2
45,0,333,189,20,31,0.86,2
46,0,332,188,20,32,0.87,2
47,0,332,188,20,31,0.87,2
48,0,332,188,20,30,0.87,2
49,0,332,188,20,30,0.87,2
50,0,331,188,20,31,0.87,2
51,0,331,187,20,31,0.87,2
52,0,331,187,20,31,0.87,2
53,0,330,187,20,30,0.87,2
54,0,330,187,20,30,0.87,2
55,0,331,187,19,30,0.87,2
56,0,331,186,20,30,0.87,2
57,0,330,186,20,30,0.87,2
58,0,330,185,20,30,0.86,2
59,0,330,184,20,30,0.86,2
60,0,330,184,20,31,0.86,2
61,0,330,184,19,30,0.87,2
62,0,330,184,19,30,0.86,2
63,0,330,184,19,30,0.87,2
64,0,330,184,19,30,0.87,2
65,0,330,184,19,29,0.87,2
66,0,330,183,19,30,0.87,2
67,0,329,183,20,29,0.87,2
68,0,329,183,19,29,0.86,2
69,0,330,182,18,28,0.86,2
70,0,330,182,18,28,0.86,2
71,0,330,182,18,28,0.86,2
72,0,330,183,18,28,0.86,2
73,0,329,182,18,28,0.86,2
74,0,329,182,18,27,0.85,2
75,0,329,182,18,27,0.86,2
76,0,329,182,18,28,0.85,2
77,0,329,181,18,28,0.85,2
78,0,329,181,18,28,0.84,2
79,0,329,181,18,28,0.85,2
80,0,329,181,18,27,0.85,2
81,0,328,182,19,26,0.86,2
82,0,328,181,19,27,0.86,2
83,0,328,181,18,26,0.85,2
84,0,328,181,18,26,0.85,2
85,0,328,180,17,27,0.85,2
86,0,328,180,17,26,0.84,2
87,0,328,179,17,26,0.84,2
88,0,328,180,17,26,0.84,2
89,0,328,180,18,26,0.85,2
90,0,328,180,17,26,0.85,2
91,0,328,180,17,26,0.85,2
92,0,328,179,16,26,0.84,2
93,0,328,179,16,26,0.85,2
94,0,328,179,16,25,0.84,2
95,0,328,180,16,24,0.85,2
96,0,328,179,16,25,0.85,2
97,0,328,178,16,26,0.85,2
98,0,328,178,16,25,0.85,2
99,0,328,178,16,25,0.86,2
100,0,328,178,16,26,0.86,2
101,0,327,178,16,25,0.86,2
102,0,328,178,16,24,0.86,2
103,0,328,178,16,24,0.86,2
104,0,327,177,16,24,0.87,2
105,0,327,177,16,24,0.87,2
106,0,327,177,16,24,0.87,2
107,0,327,177,16,24,0.87,2
108,0,327,177,16,24,0.87,2
109,0,327,177,16,24,0.87,2
110,0,327,176,15,24,0.85,2
111,0,327,176,15,24,0.85,2
112,0,327,176,15,24,0.86,2
113,0,326,176,15,24,0.87,2
114,0,326,176,15,24,0.87,2
115,0,326,176,15,24,0.87,2
116,0,327,176,15,24,0.87,2
117,0,326,176,15,24,0.87,2
118,0,327,176,14,24,0.87,2
119,0,327,176,14,24,0.87,2
120,0,327,176,14,24,0.79,2
121,0,326,175,15,24,0.78,2
122,0,326,174,15,24,0.82,2
123,0,326,174,15,24,0.82,2
124,0,326,174,15,24,0.82,2
125,0,326,174,14,24,0.81,2
126,0,326,174,15,24,0.81,2
127,0,326,174,14,24,0.81,2
128,0,326,174,14,24,0.81,2
129,0,326,174,14,24,0.80,2
130,0,326,174,14,24,0.80,2
131,0,326,174,14,24,0.72,2
132,0,326,173,14,24,0.65,2
133,0,326,173,14,24,0.67,2
134,0,326,173,14,24,0.72,2
135,0,326,173,14,24,0.67,2
136,0,325,174,14,23,0.54,2
137,0,326,174,14,23,0.56,2
138,0,326,174,13,22,0.51,2
139,0,326,174,14,22,0.54,2
140,0,326,174,13,22,0.53,2
141,0,326,173,14,22,0.49,2
142,0,326,173,13,22,0.51,2
143,0,326,173,14,22,0.52,2
144,0,325,173,14,22,0.57,2
145,0,325,173,14,22,0.64,2
146,0,324,173,15,22,0.64,2
147,0,324,173,15,22,0.68,2
148,0,324,173,15,22,0.68,2
149,0,324,173,14,22,0.68,2
150,0,324,173,15,22,0.64,2
151,0,324,173,14,22,0.57,2
152,0,323,173,15,22,0.65,2
153,0,323,172,15,23,0.76,2
154,0,323,172,15,22,0.77,2
155,0,322,172,16,23,0.77,2
156,0,322,172,16,22,0.78,2
157,0,322,172,16,22,0.76,2
158,0,322,172,16,23,0.80,2
159,0,322,172,16,23,0.80,2
160,0,322,172,16,23,0.79,2
161,0,322,172,16,23,0.80,2
162,0,322,172,16,22,0.81,2
163,0,322,171,16,23,0.82,2
164,0,322,171,16,23,0.81,2
165,0,322,171,16,22,0.81,2
166,0,322,171,16,22,0.81,2
167,0,322,171,16,22,0.81,2
168,0,322,170,16,22,0.83,2
169,0,322,171,16,22,0.83,2
170,0,321,170,16,23,0.83,2
171,0,321,170,16,23,0.83,2
172,0,321,170,16,23,0.83,2
173,0,322,170,16,23,0.83,2
174,0,322,170,16,23,0.83,2
175,0,322,170,16,23,0.82,2
176,0,322,170,15,23,0.83,2
177,0,322,170,15,23,0.83,2
178,0,322,170,15,23,0.83,2
179,0,322,170,15,23,0.83,2
180,0,321,170,16,23,0.81,2
181,0,321,170,16,23,0.81,2
182,0,321,170,16,23,0.78,2
183,0,321,170,15,23,0.75,2
184,0,320,170,15,23,0.67,2
185,0,320,170,15,23,0.64,2
186,0,321,170,15,23,0.65,2
187,0,321,170,15,22,0.61,2
188,0,321,170,15,22,0.61,2
189,0,320,170,16,22,0.56,2
190,0,320,170,16,22,0.53,2
191,0,321,170,16,22,0.58,2
192,0,320,170,16,22,0.64,2
193,0,320,169,16,22,0.63,2
194,0,319,169,16,22,0.67,2
195,0,320,169,15,22,0.64,2
196,0,320,169,15,22,0.64,2
197,0,320,169,15,22,0.64,2
198,0,320,169,15,22,0.64,2
199,0,320,169,15,22,0.64,2
200,0,320,169,15,22,0.79,2
201,0,320,169,15,22,0.79,2
202,0,320,169,15,22,0.79,2
203,0,320,169,15,22,0.79,2
204,0,320,169,16,22,0.81,2
205,0,320,169,16,22,0.81,2
206,0,320,169,16,22,0.81,2
207,0,320,169,16,22,0.82,2
208,0,320,170,16,22,0.81,2
209,0,320,169,16,22,0.81,2
210,0,320,170,16,22,0.81,2
211,0,320,170,16,22,0.81,2
212,0,320,169,16,22,0.80,2
213,0,320,169,16,22,0.81,2
214,0,320,169,16,22,0.81,2
215,0,320,169,16,22,0.80,2
216,0,320,169,16,22,0.81,2
217,0,320,169,16,22,0.81,2
218,0,320,169,16,22,0.81,2
219,0,320,169,16,22,0.80,2
220,0,320,169,16,22,0.80,2
221,0,320,169,16,22,0.80,2
222,0,320,169,16,22,0.80,2
223,0,320,169,16,22,0.80,2
224,0,320,169,16,22,0.80,2
225,0,320,169,16,22,0.80,2
226,0,320,169,16,22,0.80,2
227,0,320,169,16,22,0.80,2
228,0,320,169,16,22,0.79,2
229,0,320,169,16,22,0.79,2
230,0,320,169,15,22,0.80,2
231,0,320,169,15,22,0.77,2
232,0,320,169,16,22,0.79,2
233,0,320,169,15,22,0.78,2
234,0,320,169,15,22,0.79,2
235,0,320,169,16,22,0.80,2
236,0,320,169,15,22,0.79,2
237,0,320,169,15,22,0.79,2
238,0,320,169,15,22,0.79,2
239,0,320,169,16,22,0.79,2
240,0,320,169,16,22,0.79,2
241,0,320,169,15,22,0.80,2
242,0,320,169,15,22,0.79,2
243,0,320,169,15,22,0.79,2
244,0,320,169,15,22,0.79,2
245,0,320,169,15,22,0.79,2
246,0,320,169,15,22,0.79,2
247,0,320,169,15,22,0.79,2
248,0,320,169,15,22,0.79,2
249,0,320,169,15,22,0.79,2
250,0,320,169,15,22,0.79,2
251,0,320,169,15,22,0.79,2
252,0,320,169,16,22,0.80,2
253,0,320,169,16,22,0.80,2
254,0,321,169,15,22,0.79,2
255,0,321,169,15,22,0.79,2
256,0,320,169,15,22,0.79,2
257,0,320,169,15,22,0.79,2
258,0,320,169,15,22,0.79,2
259,0,320,169,15,22,0.79,2
260,0,320,169,15,22,0.79,2
261,0,320,169,15,22,0.79,2
262,0,320,169,15,22,0.78,2
263,0,320,169,15,22,0.78,2
264,0,320,169,15,22,0.78,2
265,0,320,169,15,22,0.78,2
266,0,320,169,15,22,0.77,2
267,0,320,169,15,22,0.77,2
268,0,320,169,15,22,0.77,2
269,0,320,169,15,22,0.77,2
270,0,320,169,15,22,0.77,2
271,0,320,169,15,22,0.77,2
272,0,320,169,15,22,0.79,2
273,0,320,169,15,22,0.79,2
274,0,320,169,15,22,0.78,2
275,0,320,169,15,22,0.79,2
276,0,320,169,15,22,0.79,2
277,0,320,169,15,22,0.79,2
278,0,320,169,15,22,0.80,2
279,0,320,169,15,22,0.80,2
280,0,320,169,15,22,0.80,2
281,0,320,169,15,22,0.80,2
282,0,320,169,15,22,0.81,2
283,0,320,169,15,22,0.81,2
284,0,320,169,15,22,0.81,2
285,0,320,169,15,22,0.81,2
286,0,320,169,15,22,0.81,2
287,0,320,169,15,22,0.82,2
288,0,320,169,15,22,0.82,2
289,0,320,169,15,22,0.82,2
290,0,320,169,15,22,0.81,2
291,0,320,169,15,22,0.81,2
292,0,320,169,16,22,0.82,2
293,0,320,169,16,22,0.82,2
294,0,320,169,16,22,0.82,2
295,0,320,169,15,22,0.80,2
296,0,320,169,15,22,0.80,2
297,0,320,169,15,22,0.81,2
298,0,320,169,15,22,0.80,2
299,0,320,169,15,22,0.80,2
300,0,320,169,15,22,0.80,2
301,0,320,169,15,22,0.80,2
302,0,321,170,14,21,0.74,2
303,0,321,170,14,22,0.74,2
304,0,321,170,14,22,0.74,2
305,0,321,170,14,22,0.74,2
306,0,321,170,14,22,0.74,2
307,0,321,170,14,21,0.74,2
308,0,321,170,14,21,0.74,2
309,0,321,170,14,21,0.74,2
310,0,321,170,14,22,0.74,2
311,0,321,170,14,21,0.74,2
312,0,321,169,14,22,0.78,2
313,0,321,168,14,22,0.74,2
314,0,320,169,14,22,0.72,2
315,0,320,169,14,22,0.71,2
316,0,320,169,14,22,0.71,2
317,0,320,169,14,22,0.71,2
318,0,320,169,14,22,0.71,2
319,0,320,168,14,22,0.71,2
320,0,320,168,14,22,0.70,2
321,0,320,168,14,22,0.70,2
322,0,320,168,14,22,0.70,2
323,0,320,168,14,22,0.70,2
324,0,320,168,14,22,0.70,2
325,0,320,168,14,22,0.71,2
326,0,320,169,15,22,0.75,2
327,0,320,168,15,22,0.75,2
328,0,320,169,15,22,0.78,2
329,0,320,169,15,22,0.78,2
330,0,320,169,15,22,0.78,2
331,0,320,169,16,22,0.80,2
332,0,319,169,16,22,0.80,2
333,0,318,169,16,22,0.80,2
334,0,318,169,16,22,0.80,2
335,0,319,168,16,22,0.81,2
336,0,319,168,16,22,0.81,2
337,0,319,168,16,22,0.81,2
338,0,320,169,16,22,0.82,2
339,0,320,169,16,22,0.82,2
340,0,320,169,16,22,0.82,2
341,0,320,169,16,22,0.82,2
342,0,320,169,16,22,0.81,2
343,0,320,169,16,22,0.82,2
344,0,320,169,16,22,0.82,2
345,0,320,169,16,22,0.82,2
346,0,320,169,16,22,0.82,2
347,0,320,169,16,22,0.82,2
348,0,320,169,16,22,0.82,2
349,0,320,169,16,22,0.82,2
350,0,320,169,15,22,0.82,2
351,0,320,169,15,22,0.82,2
352,0,320,169,16,22,0.83,2
353,0,320,169,16,22,0.83,2
354,0,320,169,16,22,0.83,2
355,0,320,169,16,22,0.83,2
356,0,320,169,16,22,0.83,2
357,0,320,169,16,22,0.83,2
358,0,320,169,16,22,0.83,2
359,0,320,169,16,22,0.82,2
360,0,320,169,16,22,0.83,2
361,0,320,169,16,22,0.82,2
362,0,320,169,15,22,0.82,2
363,0,320,169,15,22,0.83,2
364,0,320,169,15,22,0.83,2
365,0,320,169,15,22,0.83,2
366,0,320,169,15,22,0.83,2
367,0,320,169,15,22,0.82,2
368,0,320,169,15,22,0.83,2
369,0,320,169,15,22,0.83,2
370,0,320,169,15,22,0.83,2
371,0,320,169,15,22,0.83,2
372,0,320,169,15,22,0.82,2
373,0,320,169,15,22,0.82,2
374,0,320,169,15,22,0.83,2
375,0,320,169,15,22,0.83,2
376,0,320,169,15,22,0.83,2
377,0,320,169,15,22,0.83,2
378,0,320,169,15,22,0.83,2
379,0,320,169,15,22,0.83,2
380,0,320,169,15,22,0.83,2
381,0,320,169,15,22,0.83,2
382,0,320,169,15,22,0.83,2
383,0,320,169,15,22,0.83,2
384,0,320,169,15,22,0.83,2
385,0,320,169,15,22,0.83,2
386,0,320,169,15,22,0.82,2
387,0,320,169,15,22,0.82,2
388,0,320,169,15,22,0.82,2
389,0,320,169,15,22,0.82,2
390,0,320,169,15,22,0.82,2
391,0,320,169,15,22,0.82,2
392,0,320,169,15,22,0.82,2
393,0,320,169,15,22,0.82,2
394,0,320,169,15,22,0.82,2
395,0,320,169,15,22,0.82,2
396,0,320,169,15,22,0.82,2
397,0,320,169,15,22,0.82,2
398,0,320,169,15,22,0.81,2
399,0,320,169,15,22,0.81,2
400,0,320,169,15,22,0.81,2
401,0,320,169,15,22,0.81,2
402,0,320,169,15,22,0.81,2
403,0,320,169,15,22,0.81,2
404,0,320,169,15,22,0.81,2
405,0,320,169,15,22,0.81,2
406,0,320,169,15,22,0.81,2
407,0,320,169,15,22,0.81,2
408,0,320,169,15,22,0.81,2
409,0,320,169,15,22,0.81,2
410,0,320,169,14,22,0.80,2
411,0,320,169,15,22,0.80,2
412,0,320,169,15,22,0.79,2
413,0,320,169,15,22,0.80,2
414,0,320,169,15,22,0.81,2
415,0,320,169,15,22,0.81,2
416,0,320,169,15,22,0.81,2
417,0,320,169,15,22,0.81,2
418,0,320,169,15,22,0.81,2
419,0,320,169,15,22,0.80,2
420,0,320,169,15,22,0.81,2
421,0,320,169,15,22,0.80,2
422,0,320,169,15,22,0.79,2
423,0,320,169,15,22,0.79,2
424,0,320,169,15,22,0.79,2
425,0,320,169,15,22,0.78,2
426,0,320,169,15,22,0.78,2
427,0,320,169,15,22,0.78,2
428,0,320,169,15,22,0.78,2
429,0,320,169,15,22,0.78,2
430,0,320,169,15,22,0.78,2
431,0,320,169,15,21,0.75,2
432,0,320,169,15,22,0.75,2
433,0,320,169,15,22,0.74,2
434,0,320,169,15,22,0.81,2
435,0,320,169,15,22,0.81,2
436,0,320,169,15,22,0.80,2
437,0,320,169,15,22,0.81,2
438,0,320,169,15,22,0.81,2
439,0,320,169,15,22,0.81,2
440,0,320,169,15,22,0.81,2
441,0,320,169,15,22,0.81,2
442,0,320,169,15,22,0.81,2
443,0,320,169,15,22,0.81,2
444,0,320,169,16,22,0.82,2
445,0,320,169,16,22,0.82,2
446,0,320,168,16,22,0.82,2
447,0,320,169,16,22,0.81,2
448,0,320,169,16,22,0.82,2
449,0,320,169,16,22,0.81,2
450,0,320,169,16,22,0.82,2
451,0,320,169,16,22,0.82,2
452,0,320,169,15,22,0.79,2
453,0,320,169,15,22,0.81,2
454,0,320,169,15,22,0.81,2
455,0,320,169,15,22,0.81,2
456,0,320,169,15,22,0.81,2
457,0,320,169,15,22,0.81,2
458,0,320,169,15,22,0.78,2
459,0,320,169,15,22,0.78,2
460,0,320,169,15,22,0.78,2
461,0,320,169,15,22,0.78,2
462,0,320,169,15,22,0.78,2
463,0,320,169,15,22,0.79,2
464,0,320,169,15,22,0.79,2
465,0,320,169,15,22,0.80,2
466,0,320,169,15,22,0.80,2
467,0,320,169,15,22,0.81,2
468,0,320,169,15,22,0.81,2
469,0,320,169,15,22,0.81,2
470,0,320,169,15,22,0.83,2
471,0,320,169,15,22,0.83,2
472,0,320,169,14,22,0.81,2
473,0,320,169,15,22,0.81,2
474,0,320,169,15,22,0.82,2
475,0,320,169,15,22,0.81,2
476,0,320,169,15,22,0.81,2
477,0,320,169,15,22,0.82,2
478,0,320,169,15,22,0.82,2
479,0,320,169,15,22,0.82,2
480,0,320,169,15,22,0.83,2
481,0,320,169,15,22,0.83,2
482,0,320,169,16,22,0.82,2
483,0,320,169,16,22,0.82,2
484,0,320,169,16,22,0.82,2
485,0,320,169,16,22,0.82,2
486,0,320,169,16,22,0.82,2
487,0,320,169,15,22,0.82,2
488,0,320,169,15,22,0.82,2
489,0,320,169,15,22,0.82,2
490,0,320,169,15,22,0.82,2
491,0,320,169,15,22,0.82,2
492,0,320,168,16,22,0.82,2
493,0,321,169,15,22,0.82,2
494,0,320,168,15,22,0.83,2
495,0,320,168,15,22,0.83,2
496,0,320,168,15,22,0.83,2
497,0,320,168,15,22,0.84,2
498,0,320,168,15,22,0.83,2
499,0,320,168,15,22,0.83,2
500,0,320,168,15,22,0.83,2
501,0,320,168,15,22,0.83,2
502,0,320,169,15,22,0.83,2
503,0,320,169,15,22,0.83,2
504,0,320,168,15,22,0.83,2
505,0,320,168,15,22,0.83,2
506,0,320,168,15,22,0.83,2
507,0,320,168,16,22,0.82,2
508,0,320,168,16,22,0.82,2
509,0,320,168,16,22,0.82,2
510,0,320,168,16,22,0.82,2
511,0,320,168,15,22,0.80,2
512,0,320,168,16,23,0.80,2
513,0,320,168,16,23,0.79,2
514,0,320,168,16,23,0.79,2
515,0,320,168,15,23,0.78,2
516,0,320,168,15,22,0.78,2
517,0,321,168,14,22,0.76,2
518,0,320,169,15,22,0.76,2
519,0,320,169,15,22,0.76,2
520,0,320,169,15,22,0.76,2
521,0,320,169,15,22,0.77,2
522,0,320,168,15,22,0.77,2
523,0,320,168,15,22,0.77,2
524,0,320,168,15,22,0.77,2
525,0,320,168,15,22,0.77,2
526,0,320,168,15,22,0.78,2
527,0,320,168,15,22,0.78,2
528,0,320,168,15,22,0.78,2
529,0,320,168,15,22,0.78,2
530,0,321,169,14,22,0.73,2
531,0,322,169,14,22,0.72,2
532,0,322,168,14,22,0.71,2
533,0,322,168,14,22,0.71,2
534,0,322,168,14,22,0.70,2
535,0,322,168,14,22,0.73,2
536,0,322,169,14,22,0.69,2
537,0,322,169,14,22,0.69,2
538,0,323,169,13,22,0.72,2
539,0,323,169,13,22,0.71,2
540,0,323,169,13,22,0.70,2
541,0,322,169,14,22,0.70,2
542,0,322,169,14,22,0.76,2
543,0,322,169,14,22,0.77,2
544,0,322,169,14,22,0.77,2
545,0,322,169,14,22,0.77,2
546,0,322,169,14,22,0.77,2
547,0,322,169,14,22,0.78,2
548,0,322,169,14,22,0.78,2
549,0,322,169,14,22,0.78,2
550,0,322,169,14,22,0.78,2
551,0,322,169,14,22,0.78,2
552,0,320,169,15,22,0.82,2
553,0,320,168,16,22,0.82,2
554,0,320,169,15,22,0.81,2
555,0,320,169,15,22,0.80,2
556,0,320,169,15,22,0.81,2
557,0,320,169,15,22,0.81,2
558,0,320,169,16,22,0.80,2
559,0,320,169,16,22,0.81,2
560,0,320,169,15,22,0.80,2
561,0,320,169,15,22,0.80,2
562,0,320,169,15,22,0.80,2
563,0,320,169,15,22,0.80,2
564,0,320,169,15,22,0.80,2
565,0,320,169,15,22,0.79,2
566,0,320,169,15,22,0.82,2
567,0,320,169,15,22,0.82,2
568,0,320,169,15,22,0.81,2
569,0,320,168,16,22,0.82,2
570,0,320,168,16,22,0.82,2
571,0,320,168,16,22,0.82,2
572,0,320,168,16,22,0.82,2
573,0,320,168,16,22,0.82,2
574,0,320,169,15,22,0.81,2
575,0,320,169,15,22,0.82,2
576,0,320,168,16,22,0.82,2
577,0,320,168,16,22,0.82,2
578,0,320,169,15,22,0.82,2
579,0,320,169,15,22,0.82,2
580,0,320,169,15,22,0.82,2
581,0,320,169,15,22,0.82,2
582,0,320,169,15,22,0.82,2
583,0,320,169,15,22,0.82,2
584,0,320,169,15,22,0.82,2
585,0,320,169,15,22,0.83,2
586,0,320,169,15,22,0.83,2
587,0,320,169,15,22,0.83,2
588,0,320,169,15,22,0.83,2
589,0,320,169,15,22,0.83,2
590,0,320,169,15,22,0.82,2
591,0,320,169,15,22,0.82,2
592,0,320,169,16,22,0.82,2
593,0,320,169,16,22,0.82,2
594,0,320,169,16,22,0.82,2
595,0,320,168,16,22,0.82,2
596,0,320,168,16,22,0.81,2
597,0,320,168,15,22,0.81,2
598,0,320,168,15,22,0.81,2
599,0,320,168,15,22,0.81,2
600,0,320,168,15,22,0.81,2
601,0,320,168,16,22,0.81,2
602,0,320,168,16,22,0.83,2
603,0,320,168,16,22,0.83,2
604,0,320,169,16,22,0.83,2
605,0,320,169,16,22,0.83,2
606,0,320,169,16,22,0.83,2
607,0,320,169,16,22,0.83,2
608,0,320,169,16,22,0.83,2
609,0,320,169,16,22,0.83,2
610,0,320,169,16,22,0.83,2
611,0,320,169,16,22,0.82,2
612,0,320,169,15,22,0.82,2
613,0,320,169,15,22,0.82,2
614,0,321,170,14,21,0.80,2
615,0,321,170,14,21,0.80,2
616,0,321,170,14,21,0.80,2
617,0,321,170,14,21,0.80,2
618,0,321,170,14,21,0.80,2
619,0,321,170,14,21,0.79,2
620,0,321,170,14,21,0.79,2
621,0,321,170,14,21,0.79,2
622,0,321,170,14,21,0.79,2
623,0,321,170,14,21,0.79,2
624,0,321,170,14,21,0.79,2
625,0,321,170,14,21,0.79,2
626,0,321,170,14,21,0.78,2
627,0,321,170,14,21,0.78,2
628,0,321,170,14,21,0.79,2
629,0,320,170,14,21,0.79,2
630,0,320,170,14,22,0.80,2
631,0,320,169,15,22,0.80,2
632,0,320,169,15,22,0.80,2
633,0,320,169,15,22,0.81,2
634,0,320,169,15,22,0.80,2
635,0,320,169,15,22,0.81,2
636,0,320,169,15,22,0.81,2
637,0,320,169,15,22,0.81,2
638,0,320,169,15,22,0.80,2
639,0,320,169,15,22,0.80,2
640,0,320,169,15,22,0.80,2
641,0,321,169,14,22,0.80,2
642,0,321,169,14,22,0.80,2
643,0,320,169,15,22,0.80,2
644,0,320,169,15,22,0.80,2
645,0,320,169,15,22,0.80,2
646,0,320,169,15,22,0.79,2
647,0,320,169,15,22,0.78,2
648,0,320,169,15,22,0.78,2
649,0,320,169,15,22,0.81,2
650,0,320,169,14,22,0.77,2
651,0,320,169,14,22,0.77,2
652,0,320,170,14,22,0.78,2
653,0,320,169,15,22,0.80,2
654,0,320,169,14,22,0.75,2
655,0,320,169,14,22,0.76,2
656,0,320,169,15,22,0.77,2
657,0,320,169,14,22,0.78,2
658,0,320,169,14,22,0.77,2
659,0,320,169,14,22,0.78,2
660,0,320,169,14,22,0.78,2
661,0,321,169,14,22,0.77,2
662,0,320,169,15,22,0.80,2
663,0,320,169,15,22,0.81,2
664,0,320,169,15,22,0.82,2
665,0,320,169,15,22,0.82,2
666,0,320,169,15,22,0.82,2
667,0,320,169,15,22,0.81,2
668,0,320,168,15,22,0.81,2
669,0,320,169,15,22,0.82,2
670,0,320,169,15,22,0.82,2
671,0,320,169,15,22,0.82,2
672,0,320,169,15,22,0.82,2
673,0,320,168,15,22,0.82,2
674,0,320,168,15,22,0.80,2
675,0,320,168,15,22,0.80,2
676,0,320,168,15,22,0.79,2
677,0,320,168,15,22,0.78,2
678,0,320,168,15,22,0.80,2
679,0,320,168,15,22,0.79,2
680,0,320,168,15,22,0.77,2
681,0,320,168,15,22,0.79,2
682,0,320,168,15,22,0.79,2
683,0,320,168,15,22,0.80,2
684,0,320,168,15,23,0.77,2
685,0,320,168,15,23,0.78,2
686,0,321,168,14,22,0.73,2
687,0,320,168,14,22,0.76,2
688,0,320,168,14,22,0.77,2
689,0,320,168,14,22,0.75,2
690,0,320,168,14,22,0.76,2
691,0,320,168,14,22,0.77,2
692,0,322,169,12,22,0.64,2
693,0,322,169,12,22,0.66,2
694,0,322,169,12,22,0.69,2
695,0,323,170,12,22,0.65,2
696,0,323,170,12,22,0.68,2
697,0,322,169,12,22,0.72,2
698,0,322,169,13,22,0.75,2
699,0,322,169,13,22,0.72,2
700,0,322,170,13,22,0.70,2
701,0,322,170,12,22,0.66,2
702,0,322,169,13,22,0.69,2
703,0,322,169,13,22,0.70,2
704,0,322,170,13,22,0.69,2
705,0,322,170,13,22,0.70,2
706,0,321,169,14,22,0.73,2
707,0,322,170,13,22,0.69,2
708,0,322,169,13,22,0.62,2
709,0,322,169,13,22,0.62,2
710,0,322,169,13,22,0.68,2
711,0,322,170,13,22,0.65,2
712,0,320,169,15,22,0.78,2
713,0,320,168,15,22,0.81,2
714,0,320,169,15,22,0.77,2
715,0,321,169,14,22,0.76,2
716,0,321,169,14,22,0.76,2
717,0,320,169,15,22,0.76,2
718,0,320,168,15,22,0.78,2
719,0,320,168,15,22,0.73,2
720,0,320,168,15,22,0.74,2
721,0,320,168,15,22,0.75,2
722,0,321,168,14,22,0.79,2
723,0,320,169,15,22,0.81,2
724,0,320,168,15,22,0.81,2
725,0,320,169,15,22,0.82,2
726,0,320,169,15,22,0.82,2
727,0,320,169,15,22,0.82,2
728,0,320,168,15,22,0.83,2
729,0,320,168,15,22,0.83,2
730,0,320,168,15,22,0.83,2
731,0,321,169,14,22,0.81,2
732,0,321,169,14,22,0.78,2
733,0,321,169,14,22,0.78,2
734,0,321,170,14,21,0.78,2
735,0,321,170,14,21,0.78,2
736,0,321,170,14,21,0.78,2
737,0,321,170,14,21,0.78,2
738,0,321,170,14,21,0.79,2
739,0,321,170,14,21,0.80,2
740,0,321,170,14,21,0.80,2
741,0,321,170,14,21,0.81,2
742,0,321,170,14,21,0.81,2
743,0,321,170,14,21,0.81,2
744,0,320,169,15,22,0.82,2
745,0,321,169,14,22,0.82,2
746,0,320,169,14,22,0.82,2
747,0,320,169,14,22,0.82,2
748,0,320,169,14,22,0.83,2
749,0,320,169,14,22,0.83,2
750,0,320,169,14,22,0.83,2
751,0,320,169,14,22,0.83,2
752,0,320,169,15,22,0.82,2
753,0,320,168,15,22,0.83,2
754,0,320,168,15,22,0.83,2
755,0,320,168,15,22,0.83,2
756,0,320,168,15,22,0.83,2
757,0,320,168,15,22,0.83,2
758,0,320,168,15,22,0.81,2
759,0,320,168,15,22,0.81,2
760,0,320,168,15,22,0.81,2
761,0,320,168,15,22,0.80,2
762,0,320,168,15,22,0.81,2
763,0,320,168,15,22,0.81,2
764,0,320,168,15,22,0.80,2
765,0,320,169,15,22,0.80,2
766,0,320,169,15,22,0.80,2
767,0,320,169,15,22,0.79,2
768,0,320,169,15,22,0.79,2
769,0,320,169,14,22,0.78,2
770,0,320,169,14,22,0.78,2
771,0,320,169,15,22,0.77,2
772,0,320,169,15,22,0.77,2
773,0,320,169,15,22,0.77,2
774,0,320,169,15,22,0.74,2
775,0,320,169,15,22,0.74,2
776,0,320,169,15,22,0.75,2
777,0,320,169,15,22,0.75,2
778,0,320,169,15,22,0.75,2
779,0,320,169,15,22,0.75,2
780,0,320,169,15,22,0.75,2
781,0,320,169,15,22,0.75,2
782,0,320,169,14,22,0.79,2
783,0,321,169,14,22,0.79,2
784,0,321,169,14,22,0.79,2
785,0,321,169,14,22,0.79,2
786,0,321,169,14,22,0.79,2
787,0,321,169,14,22,0.79,2
788,0,321,169,14,22,0.78,2
789,0,321,169,14,22,0.78,2
790,0,321,169,14,22,0.78,2
791,0,321,169,14,22,0.78,2
792,0,320,169,15,22,0.80,2
793,0,320,169,15,22,0.80,2
794,0,320,169,15,22,0.80,2
795,0,320,169,15,22,0.80,2
796,0,320,169,15,22,0.80,2
797,0,320,169,15,22,0.80,2
798,0,320,169,15,22,0.80,2
799,0,320,169,15,22,0.80,2
800,0,320,169,15,22,0.80,2
801,0,320,169,15,22,0.80,2
802,0,320,169,15,22,0.80,2
803,0,320,169,15,22,0.80,2
804,0,320,169,15,22,0.80,2
805,0,320,169,15,22,0.80,2
806,0,320,168,16,22,0.82,2
807,0,320,169,16,22,0.81,2
808,0,320,169,16,22,0.81,2
809,0,320,169,16,22,0.81,2
810,0,320,168,16,22,0.81,2
811,0,320,168,16,22,0.81,2
812,0,320,168,16,22,0.83,2
813,0,320,168,16,22,0.82,2
814,0,320,168,16,22,0.82,2
815,0,320,168,16,22,0.82,2
816,0,320,168,16,22,0.82,2
817,0,320,168,16,22,0.82,2
818,0,320,168,16,22,0.83,2
819,0,320,168,16,22,0.83,2
820,0,320,168,16,22,0.83,2
821,0,320,168,16,22,0.82,2
822,0,320,168,16,22,0.82,2
823,0,320,168,16,22,0.82,2
824,0,320,168,16,22,0.82,2
825,0,320,168,16,22,0.82,2
826,0,320,168,16,22,0.83,2
827,0,320,168,16,22,0.83,2
828,0,320,168,16,22,0.83,2
829,0,320,168,16,22,0.83,2
830,0,320,169,15,22,0.82,2
831,0,320,169,14,22,0.75,2
832,0,321,169,14,22,0.75,2
833,0,321,169,14,22,0.74,2
834,0,321,169,14,22,0.74,2
835,0,320,169,15,22,0.77,2
836,0,320,169,15,22,0.77,2
837,0,320,169,15,22,0.77,2
838,0,320,169,15,22,0.77,2
839,0,320,169,15,22,0.78,2
840,0,320,169,15,22,0.78,2
841,0,320,169,15,22,0.77,2
842,0,320,169,16,22,0.81,2
843,0,320,169,16,22,0.81,2
844,0,320,169,16,22,0.81,2
845,0,320,169,16,22,0.81,2
846,0,320,169,16,22,0.81,2
847,0,320,169,15,22,0.81,2
848,0,320,169,15,22,0.81,2
849,0,320,169,15,22,0.81,2
850,0,320,169,15,22,0.81,2
851,0,320,169,15,22,0.80,2
852,0,320,169,15,22,0.81,2
853,0,320,169,15,22,0.82,2
854,0,320,169,16,22,0.84,2
855,0,320,169,16,22,0.84,2
856,0,320,169,16,22,0.84,2
857,0,320,169,16,22,0.84,2
858,0,320,169,16,22,0.84,2
859,0,320,169,16,22,0.84,2
860,0,320,169,16,22,0.84,2
861,0,320,169,16,22,0.85,2
862,0,320,169,16,22,0.85,2
863,0,320,169,16,22,0.85,2
864,0,320,169,16,22,0.85,2
865,0,320,169,16,22,0.85,2
866,0,320,169,15,22,0.82,2
867,0,320,169,15,22,0.83,2
868,0,320,169,15,22,0.82,2
869,0,320,169,15,22,0.82,2
870,0,320,169,15,22,0.83,2
871,0,320,169,15,22,0.82,2
872,0,320,168,15,22,0.82,2
873,0,320,168,16,22,0.82,2
874,0,320,168,16,22,0.82,2
875,0,320,168,15,22,0.82,2
876,0,320,168,16,22,0.82,2
877,0,320,168,16,22,0.83,2
878,0,320,169,15,22,0.82,2
879,0,319,169,16,22,0.82,2
880,0,319,168,16,22,0.82,2
881,0,319,168,16,22,0.83,2
882,0,320,168,15,22,0.82,2
883,0,320,168,15,22,0.81,2
884,0,320,168,15,22,0.82,2
885,0,320,168,15,22,0.81,2
886,0,320,168,15,22,0.82,2
887,0,320,168,15,22,0.81,2
888,0,320,169,15,22,0.82,2
889,0,320,169,15,22,0.82,2
890,0,320,169,15,22,0.81,2
891,0,320,169,15,22,0.82,2
892,0,320,168,15,22,0.82,2
893,0,320,168,16,22,0.82,2
894,0,320,168,15,22,0.82,2
895,0,320,169,15,22,0.82,2
896,0,320,168,15,22,0.83,2
897,0,320,168,15,22,0.83,2
898,0,320,168,15,22,0.83,2
899,0,320,168,15,22,0.82,2
900,0,320,168,15,22,0.82,2
901,0,320,168,15,22,0.82,2
902,0,320,169,15,22,0.82,2
41,1,318,169,10,13,0.75,2
42,1,318,169,10,13,0.75,2
43,1,318,169,10,14,0.76,2
44,1,318,169,10,14,0.76,2
45,1,318,169,11,14,0.77,2
46,1,318,169,10,14,0.78,2
47,1,318,169,11,14,0.79,2
48,1,318,169,11,14,0.79,2
49,1,318,169,11,14,0.79,2
50,1,318,169,11,14,0.77,2
51,1,318,168,11,14,0.77,2
52,1,318,168,10,14,0.74,2
53,1,318,168,10,14,0.75,2
54,1,318,168,10,14,0.74,2
55,1,318,168,10,14,0.74,2
56,1,318,168,10,14,0.75,2
57,1,318,168,10,14,0.75,2
58,1,318,168,10,14,0.73,2
59,1,318,168,10,14,0.73,2
60,1,318,168,10,14,0.72,2
61,1,318,168,10,14,0.72,2
62,1,319,169,10,14,0.73,2
63,1,319,169,10,14,0.73,2
64,1,319,169,10,14,0.73,2
65,1,319,169,10,14,0.72,2
66,1,319,169,10,14,0.70,2
67,1,319,169,10,14,0.70,2
68,1,319,169,10,14,0.69,2
69,1,319,169,10,14,0.68,2
70,1,319,169,10,14,0.68,2
71,1,319,169,10,14,0.68,2
72,1,319,169,10,14,0.65,2
73,1,318,169,10,14,0.64,2
74,1,319,169,10,14,0.67,2
75,1,319,169,10,14,0.67,2
76,1,319,169,10,14,0.67,2
77,1,319,169,10,14,0.67,2
78,1,318,169,10,14,0.67,2
79,1,318,169,10,14,0.67,2
80,1,319,169,10,14,0.67,2
81,1,319,169,10,14,0.66,2
82,1,318,168,10,14,0.63,2
83,1,318,169,10,14,0.64,2
84,1,318,169,10,14,0.64,2
85,1,318,168,10,14,0.61,2
86,1,318,169,10,14,0.65,2
87,1,318,169,10,14,0.65,2
88,1,318,169,10,14,0.65,2
89,1,318,169,10,14,0.67,2
90,1,318,169,10,14,0.67,2
91,1,318,169,10,14,0.66,2
92,1,318,169,10,14,0.67,2
93,1,318,169,10,14,0.67,2
94,1,318,169,10,14,0.64,2
95,1,318,169,10,14,0.64,2
96,1,318,169,10,14,0.63,2
97,1,318,169,10,14,0.60,2
98,1,318,169,10,13,0.59,2
99,1,318,169,10,13,0.59,2
100,1,318,169,10,14,0.60,2
101,1,318,169,10,14,0.59,2
102,1,318,169,10,13,0.60,2
103,1,318,169,10,14,0.59,2
104,1,318,170,10,13,0.56,2
105,1,318,170,10,13,0.57,2
106,1,318,170,10,13,0.57,2
107,1,318,170,10,13,0.57,2
108,1,318,170,10,13,0.55,2
109,1,318,170,10,13,0.56,2
110,1,318,170,10,13,0.59,2
111,1,318,170,10,13,0.60,2
112,1,318,170,10,13,0.54,2
113,1,319,170,10,13,0.57,2
114,1,319,170,10,13,0.58,2
115,1,319,170,10,12,0.60,2
116,1,319,170,10,12,0.62,2
117,1,319,171,10,12,0.64,2
118,1,319,172,9,12,0.62,2
119,1,319,172,9,12,0.61,2
120,1,319,171,9,12,0.54,2
121,1,319,171,9,12,0.58,2
122,1,319,171,9,12,0.54,2
123,1,320,171,8,12,0.50,2
124,1,320,171,8,12,0.50,2
125,1,319,171,9,12,0.51,2
126,1,319,171,9,12,0.50,2
127,1,320,171,8,12,0.45,2
128,1,319,170,9,12,0.47,2
129,1,319,170,9,12,0.48,2
130,1,319,170,9,12,0.48,2
131,1,319,170,9,12,0.39,2
132,1,319,170,9,12,0.34,2
133,1,319,170,9,12,0.32,2
134,1,320,170,8,11,0.28,2
135,1,320,171,8,11,0.33,2
136,1,319,171,9,11,0.40,2
137,1,319,170,9,12,0.47,2
138,1,319,171,9,10,0.38,2
139,1,319,171,9,11,0.35,2
140,1,319,171,9,11,0.35,2
141,1,319,170,9,12,0.22,2
142,1,319,170,9,12,0.26,2
143,1,319,170,9,12,0.28,2
144,1,319,170,9,12,0.27,2
145,1,320,171,8,12,0.23,2
41,2,304,155,8,10,0.13,2
42,2,304,155,8,10,0.13,2
43,2,304,155,8,10,0.13,2
44,2,304,155,8,10,0.13,2
45,2,304,155,8,10,0.13,2
46,2,304,155,8,10,0.13,2
47,2,304,155,8,10,0.13,2
48,2,304,155,8,10,0.13,2
49,2,304,155,8,10,0.13,2
50,2,304,155,8,10,0.13,2
51,2,304,155,8,10,0.13,2
52,2,304,155,8,10,0.13,2
53,2,304,155,8,10,0.13,2
54,2,304,155,8,10,0.13,2
55,2,304,155,8,10,0.13,2
56,2,304,155,8,10,0.13,2
57,2,304,155,8,10,0.13,2
58,2,304,155,8,10,0.13,2
59,2,304,155,8,10,0.13,2
60,2,304,155,8,10,0.13,2
61,2,304,155,8,10,0.13,2
62,2,304,155,8,10,0.13,2
63,2,304,155,8,10,0.13,2
64,2,304,155,8,10,0.13,2
65,2,304,155,8,10,0.13,2
66,2,304,155,8,10,0.13,2
67,2,304,155,8,10,0.13,2
68,2,304,155,8,10,0.13,2
69,2,304,155,8,10,0.13,2
70,2,304,155,8,10,0.13,2
71,2,304,155,8,10,0.13,2
72,2,304,155,8,10,0.13,2
73,2,304,155,8,10,0.13,2
74,2,304,155,8,10,0.13,2
75,2,304,155,8,10,0.13,2
76,2,304,155,8,10,0.13,2
77,2,304,155,8,10,0.13,2
78,2,304,155,8,10,0.13,2
79,2,304,155,8,10,0.13,2
80,2,304,155,8,10,0.13,2
81,2,304,155,8,10,0.13,2
82,2,304,155,8,10,0.13,2
83,2,304,155,8,10,0.13,2
84,2,304,155,8,10,0.13,2
85,2,304,155,8,10,0.13,2
86,2,304,155,8,10,0.13,2
87,2,304,155,8,10,0.13,2
88,2,304,155,8,10,0.13,2
89,2,304,155,8,10,0.13,2
90,2,304,155,8,10,0.13,2
91,2,304,155,8,10,0.13,2
92,2,304,155,8,10,0.13,2
93,2,304,155,8,10,0.13,2
94,2,304,155,8,10,0.13,2
95,2,304,155,8,10,0.13,2
96,2,304,155,8,10,0.13,2
97,2,304,155,8,10,0.13,2
98,2,304,155,8,10,0.13,2
99,2,304,155,8,10,0.13,2
100,2,304,155,8,10,0.13,2
101,2,304,155,8,10,0.13,2
102,2,304,155,8,10,0.13,2
103,2,304,155,8,10,0.13,2
104,2,304,155,8,10,0.13,2
105,2,304,155,8,10,0.13,2
106,2,304,155,8,10,0.13,2
107,2,304,155,8,10,0.13,2
108,2,304,155,8,10,0.13,2
109,2,304,155,8,10,0.13,2
110,2,304,155,8,10,0.13,2
111,2,304,155,8,10,0.13,2
112,2,304,155,8,10,0.13,2
113,2,304,155,8,10,0.13,2
114,2,304,155,8,10,0.13,2
115,2,304,155,8,10,0.13,2
116,2,304,155,8,10,0.13,2
117,2,304,155,8,10,0.13,2
118,2,304,155,8,10,0.13,2
119,2,304,155,8,10,0.13,2
120,2,304,155,8,10,0.13,2
121,2,304,155,8,10,0.13,2
122,2,304,155,8,10,0.13,2
123,2,304,155,8,10,0.13,2
124,2,304,155,8,10,0.13,2
125,2,304,155,8,10,0.13,2
126,2,304,155,8,10,0.13,2
127,2,304,155,8,10,0.13,2
128,2,304,155,8,10,0.13,2
129,2,304,155,8,10,0.13,2
130,2,304,155,8,10,0.13,2
131,2,304,155,8,10,0.13,2
132,2,304,155,8,10,0.13,2
133,2,304,155,8,10,0.13,2
134,2,304,155,8,10,0.13,2
135,2,304,155,8,10,0.13,2
136,2,304,155,8,10,0.13,2
137,2,304,155,8,10,0.13,2
138,2,304,155,8,10,0.13,2
139,2,304,155,8,10,0.13,2
140,2,304,155,8,10,0.13,2
141,2,304,155,8,10,0.13,2
142,2,304,155,8,10,0.13,2
143,2,304,155,8,10,0.13,2
144,2,304,155,8,10,0.13,2
145,2,304,155,8,10,0.13,2
146,2,304,155,8,10,0.13,2
147,2,304,155,8,10,0.13,2
148,2,304,155,8,10,0.13,2
149,2,304,155,8,10,0.13,2
150,2,304,155,8,10,0.13,2
151,2,304,155,8,10,0.13,2
152,2,304,155,8,10,0.13,2
153,2,304,155,8,10,0.13,2
154,2,304,155,8,10,0.13,2
155,2,304,155,8,10,0.13,2
156,2,304,155,8,10,0.13,2
157,2,304,155,8,10,0.13,2
158,2,304,155,8,10,0.13,2
159,2,304,155,8,10,0.13,2
160,2,304,155,8,10,0.13,2
161,2,304,155,8,10,0.13,2
162,2,304,155,8,10,0.13,2
163,2,304,155,8,10,0.13,2
164,2,304,155,8,10,0.13,2
165,2,304,155,8,10,0.13,2
166,2,304,155,8,10,0.13,2
167,2,304,155,8,10,0.13,2
168,2,304,155,8,10,0.13,2
169,2,304,155,8,10,0.13,2
170,2,304,155,8,10,0.13,2
171,2,304,155,8,10,0.13,2
172,2,304,155,8,10,0.13,2
173,2,304,155,8,10,0.13,2
174,2,304,155,8,10,0.13,2
175,2,304,155,8,10,0.13,2
176,2,304,155,8,10,0.13,2
177,2,304,155,8,10,0.13,2
178,2,304,155,8,10,0.13,2
179,2,304,155,8,10,0.13,2
180,2,304,155,8,10,0.13,2
181,2,304,155,8,10,0.13,2
182,2,304,155,8,10,0.13,2
183,2,304,155,8,10,0.13,2
184,2,304,155,8,10,0.13,2
185,2,304,155,8,10,0.13,2
186,2,304,155,8,10,0.13,2
187,2,304,155,8,10,0.13,2
188,2,304,155,8,10,0.13,2
189,2,304,155,8,10,0.13,2
190,2,304,155,8,10,0.13,2
191,2,304,155,8,10,0.13,2
192,2,304,155,8,10,0.13,2
193,2,304,155,8,10,0.13,2
194,2,304,155,8,10,0.13,2
195,2,304,155,8,10,0.13,2
196,2,304,155,8,10,0.13,2
197,2,304,155,8,10,0.13,2
198,2,304,155,8,10,0.13,2
199,2,304,155,8,10,0.13,2
200,2,304,155,8,10,0.13,2
201,2,304,155,8,10,0.13,2
202,2,304,155,8,10,0.13,2
203,2,304,155,8,10,0.13,2
204,2,304,155,8,10,0.13,2
205,2,304,155,8,10,0.13,2
206,2,304,155,8,10,0.13,2
207,2,304,155,8,10,0.13,2
208,2,304,155,8,10,0.13,2
209,2,304,155,8,10,0.13,2
210,2,304,155,8,10,0.13,2
211,2,304,155,8,10,0.13,2
212,2,304,155,8,10,0.13,2
213,2,304,155,8,10,0.13,2
214,2,304,155,8,10,0.13,2
215,2,304,155,8,10,0.13,2
216,2,304,155,8,10,0.13,2
217,2,304,155,8,10,0.13,2
218,2,304,155,8,10,0.13,2
219,2,304,155,8,10,0.13,2
220,2,304,155,8,10,0.13,2
221,2,304,155,8,10,0.13,2
222,2,304,155,8,10,0.13,2
223,2,304,155,8,10,0.13,2
224,2,304,155,8,10,0.13,2
225,2,304,155,8,10,0.13,2
226,2,304,155,8,10,0.13,2
227,2,304,155,8,10,0.13,2
228,2,304,155,8,10,0.13,2
229,2,304,155,8,10,0.13,2
230,2,304,155,8,10,0.13,2
231,2,304,155,8,10,0.13,2
232,2,304,155,8,10,0.13,2
233,2,304,155,8,10,0.13,2
234,2,304,155,8,10,0.13,2
235,2,304,155,8,10,0.13,2
236,2,304,155,8,10,0.13,2
237,2,304,155,8,10,0.13,2
238,2,304,155,8,10,0.13,2
239,2,304,155,8,10,0.13,2
240,2,304,155,8,10,0.13,2
241,2,304,155,8,10,0.13,2
242,2,304,155,8,10,0.13,2
243,2,304,155,8,10,0.13,2
244,2,304,155,8,10,0.13,2
245,2,304,155,8,10,0.13,2
246,2,304,155,8,10,0.13,2
247,2,304,155,8,10,0.13,2
248,2,304,155,8,10,0.13,2
249,2,304,155,8,10,0.13,2
250,2,304,155,8,10,0.13,2
251,2,304,155,8,10,0.13,2
252,2,304,155,8,10,0.13,2
253,2,304,155,8,10,0.13,2
254,2,304,155,8,10,0.13,2
255,2,304,155,8,10,0.13,2
256,2,304,155,8,10,0.13,2
257,2,304,155,8,10,0.13,2
258,2,304,155,8,10,0.13,2
259,2,304,155,8,10,0.13,2
260,2,304,155,8,10,0.13,2
261,2,304,155,8,10,0.13,2
262,2,304,155,8,10,0.13,2
263,2,304,155,8,10,0.13,2
264,2,304,155,8,10,0.13,2
265,2,304,155,8,10,0.13,2
266,2,304,155,8,10,0.13,2
267,2,304,155,8,10,0.13,2
268,2,304,155,8,10,0.13,2
269,2,304,155,8,10,0.13,2
270,2,304,155,8,10,0.13,2
271,2,304,155,8,10,0.13,2
272,2,304,155,8,10,0.13,2
273,2,304,156,8,10,0.10,2
274,2,303,156,8,9,0.15,2
275,2,303,156,8,9,0.14,2
276,2,303,156,8,9,0.15,2
277,2,303,156,8,9,0.15,2
278,2,303,156,8,9,0.28,2
279,2,304,156,8,9,0.29,2
280,2,304,156,8,9,0.29,2
281,2,304,156,8,9,0.30,2
282,2,304,156,8,9,0.30,2
283,2,304,156,8,9,0.32,2
284,2,304,156,8,9,0.32,2
285,2,304,156,8,9,0.32,2
286,2,304,156,8,9,0.33,2
287,2,304,156,8,9,0.35,2
288,2,304,156,8,9,0.36,2
289,2,304,156,8,9,0.36,2
290,2,304,156,8,9,0.44,2
291,2,304,156,8,9,0.44,2
292,2,304,156,8,9,0.44,2
293,2,304,156,8,9,0.41,2
294,2,304,156,8,9,0.42,2
295,2,304,156,8,9,0.39,2
296,2,304,156,8,9,0.40,2
297,2,304,156,8,9,0.39,2
298,2,304,156,8,9,0.38,2
299,2,304,156,8,9,0.38,2
300,2,304,156,8,9,0.37,2
301,2,304,156,8,9,0.37,2
302,2,303,156,8,9,0.20,2
303,2,303,156,8,9,0.19,2
304,2,303,156,8,10,0.19,2
305,2,303,156,8,10,0.19,2
306,2,303,156,8,10,0.18,2
307,2,303,156,8,10,0.13,2
308,2,303,156,8,10,0.13,2
309,2,303,156,8,10,0.13,2
310,2,303,156,8,10,0.13,2
311,2,303,156,8,10,0.13,2
312,2,303,156,8,10,0.13,2
313,2,303,156,8,10,0.13,2
314,2,303,155,8,10,0.11,2
315,2,303,155,8,10,0.11,2
316,2,303,155,8,10,0.11,2
317,2,303,155,8,10,0.11,2
318,2,303,155,8,10,0.11,2
319,2,303,155,8,10,0.11,2
320,2,303,155,8,10,0.11,2
321,2,303,155,8,10,0.11,2
322,2,303,155,8,10,0.11,2
323,2,303,155,8,10,0.11,2
324,2,303,155,8,10,0.11,2
325,2,303,155,8,10,0.11,2
326,2,303,155,8,10,0.12,2
327,2,303,155,8,10,0.12,2
328,2,303,155,8,10,0.17,2
329,2,303,155,8,10,0.15,2
330,2,303,155,8,10,0.15,2
331,2,303,156,8,10,0.15,2
332,2,303,156,8,10,0.15,2
333,2,303,156,8,10,0.11,2
334,2,303,156,8,10,0.10,2
335,2,303,156,8,10,0.10,2
336,2,303,156,8,10,0.15,2
337,2,303,156,8,10,0.15,2
338,2,303,156,8,10,0.15,2
339,2,303,156,8,10,0.15,2
340,2,303,156,8,10,0.15,2
341,2,303,156,8,10,0.15,2
342,2,303,156,8,10,0.15,2
343,2,303,156,8,10,0.15,2
344,2,303,156,8,10,0.15,2
345,2,303,156,8,10,0.15,2
346,2,303,156,8,10,0.15,2
347,2,303,156,8,10,0.15,2
348,2,303,156,8,10,0.15,2
349,2,303,156,8,10,0.15,2
350,2,303,156,8,10,0.15,2
351,2,303,156,8,10,0.15,2
352,2,303,156,8,10,0.15,2
353,2,303,156,8,10,0.15,2
354,2,303,156,8,10,0.15,2
355,2,303,156,8,10,0.15,2
356,2,303,155,8,10,0.10,2
357,2,303,155,8,10,0.12,2
358,2,303,155,8,10,0.12,2
359,2,303,155,8,10,0.12,2
360,2,303,155,8,10,0.12,2
361,2,303,155,8,10,0.12,2
362,2,303,156,8,10,0.24,2
363,2,303,156,8,10,0.22,2
364,2,303,156,8,10,0.22,2
365,2,303,156,8,10,0.25,2
366,2,303,156,8,10,0.21,2
367,2,303,156,8,10,0.21,2
368,2,303,156,8,10,0.22,2
369,2,303,156,8,10,0.23,2
370,2,303,156,8,10,0.23,2
371,2,303,156,8,10,0.23,2
372,2,303,156,8,10,0.19,2
373,2,303,156,8,10,0.19,2
374,2,302,156,8,10,0.21,2
375,2,302,156,8,10,0.21,2
376,2,302,156,8,10,0.21,2
377,2,302,156,8,10,0.21,2
378,2,302,156,8,10,0.21,2
379,2,302,156,8,10,0.21,2
380,2,302,156,8,10,0.21,2
381,2,302,156,8,10,0.21,2
382,2,302,156,8,10,0.21,2
383,2,302,156,8,10,0.21,2
384,2,302,156,8,10,0.21,2
385,2,302,156,8,10,0.21,2
386,2,303,156,8,10,0.29,2
387,2,303,156,8,10,0.29,2
388,2,303,156,8,10,0.29,2
389,2,303,156,8,10,0.29,2
390,2,303,156,8,10,0.29,2
391,2,303,156,8,10,0.29,2
392,2,303,156,8,10,0.30,2
393,2,303,156,8,10,0.31,2
394,2,303,156,8,10,0.31,2
395,2,303,156,8,10,0.35,2
396,2,303,156,8,10,0.36,2
397,2,303,156,8,10,0.36,2
398,2,304,155,8,10,0.33,2
399,2,304,155,8,10,0.34,2
400,2,304,155,8,10,0.33,2
401,2,304,155,8,10,0.34,2
402,2,304,155,8,10,0.34,2
403,2,304,155,8,10,0.34,2
404,2,304,155,8,10,0.34,2
405,2,304,155,8,10,0.34,2
406,2,304,155,8,10,0.34,2
407,2,304,155,8,10,0.32,2
408,2,304,155,8,10,0.32,2
409,2,304,155,8,10,0.32,2
410,2,303,155,8,10,0.24,2
411,2,303,155,8,10,0.24,2
412,2,303,155,8,10,0.20,2
413,2,303,155,8,10,0.20,2
414,2,303,155,8,10,0.21,2
415,2,303,155,8,10,0.21,2
416,2,303,155,8,10,0.21,2
417,2,303,155,8,10,0.21,2
418,2,303,155,8,10,0.21,2
419,2,303,155,8,10,0.21,2
420,2,303,155,8,10,0.21,2
421,2,303,155,8,10,0.20,2
422,2,304,156,8,10,0.17,2
423,2,304,156,8,10,0.18,2
424,2,304,156,8,10,0.18,2
425,2,304,156,8,10,0.17,2
426,2,304,156,8,10,0.17,2
427,2,304,156,8,10,0.16,2
428,2,304,156,8,10,0.16,2
429,2,304,155,8,10,0.13,2
430,2,304,155,8,10,0.13,2
431,2,304,156,8,10,0.12,2
432,2,303,156,8,10,0.15,2
433,2,303,156,8,10,0.15,2
434,2,303,156,8,10,0.15,2
435,2,303,156,8,10,0.18,2
436,2,303,156,8,10,0.18,2
437,2,303,156,8,10,0.18,2
438,2,303,156,8,10,0.20,2
439,2,303,156,8,10,0.20,2
440,2,303,156,8,10,0.20,2
441,2,303,156,8,10,0.20,2
442,2,303,156,8,10,0.20,2
443,2,303,156,8,10,0.20,2
444,2,303,156,8,10,0.17,2
445,2,303,156,8,10,0.17,2
446,2,304,156,8,10,0.11,2
447,2,304,156,8,10,0.11,2
448,2,304,156,8,10,0.11,2
449,2,304,156,8,10,0.11,2
450,2,304,156,8,10,0.11,2
451,2,304,156,8,10,0.11,2
452,2,304,156,8,10,0.11,2
453,2,303,156,8,10,0.13,2
454,2,303,156,8,10,0.13,2
455,2,303,156,8,10,0.13,2
456,2,303,155,8,10,0.13,2
457,2,303,155,8,10,0.13,2
