1,-1,390,168,18,18,0.87,2,-1,-1
2,-1,388,166,19,18,0.88,2,-1,-1
3,-1,388,164,18,18,0.87,2,-1,-1
4,-1,387,163,17,18,0.88,2,-1,-1
5,-1,386,161,17,18,0.87,2,-1,-1
6,-1,386,160,17,17,0.87,2,-1,-1
7,-1,384,158,16,17,0.85,2,-1,-1
8,-1,384,156,16,17,0.85,2,-1,-1
9,-1,383,155,16,16,0.86,2,-1,-1
10,-1,382,154,16,16,0.87,2,-1,-1
11,-1,382,152,15,16,0.88,2,-1,-1
12,-1,381,151,15,16,0.87,2,-1,-1
13,-1,379,150,16,16,0.85,2,-1,-1
14,-1,379,148,16,16,0.87,2,-1,-1
15,-1,379,148,15,16,0.86,2,-1,-1
16,-1,378,146,16,16,0.84,2,-1,-1
17,-1,421,457,73,77,0.92,2,-1,-1
17,-1,377,144,15,15,0.84,2,-1,-1
18,-1,416,431,67,74,0.91,2,-1,-1
18,-1,376,144,15,15,0.84,2,-1,-1
19,-1,410,398,61,65,0.92,2,-1,-1
19,-1,375,142,15,14,0.84,2,-1,-1
20,-1,407,378,56,60,0.92,2,-1,-1
20,-1,376,142,14,14,0.85,2,-1,-1
21,-1,401,352,51,54,0.91,2,-1,-1
21,-1,375,141,13,14,0.86,2,-1,-1
22,-1,399,338,47,50,0.92,2,-1,-1
22,-1,375,140,14,14,0.87,2,-1,-1
23,-1,394,319,44,45,0.91,2,-1,-1
23,-1,374,139,14,14,0.85,2,-1,-1
24,-1,392,306,42,44,0.90,2,-1,-1
24,-1,374,138,14,14,0.86,2,-1,-1
25,-1,389,290,39,40,0.90,2,-1,-1
25,-1,375,138,12,13,0.86,2,-1,-1
26,-1,387,282,38,38,0.90,2,-1,-1
26,-1,375,137,13,14,0.86,2,-1,-1
27,-1,384,270,35,34,0.89,2,-1,-1
27,-1,374,136,13,14,0.84,2,-1,-1
28,-1,383,262,33,33,0.88,2,-1,-1
28,-1,374,135,12,14,0.85,2,-1,-1
29,-1,380,251,32,32,0.89,2,-1,-1
29,-1,373,134,12,13,0.85,2,-1,-1
30,-1,380,245,30,31,0.89,2,-1,-1
30,-1,374,134,12,13,0.85,2,-1,-1
31,-1,378,237,28,28,0.89,2,-1,-1
31,-1,372,133,12,13,0.84,2,-1,-1
32,-1,376,231,28,28,0.89,2,-1,-1
32,-1,372,132,12,13,0.84,2,-1,-1
33,-1,375,224,27,26,0.88,2,-1,-1
33,-1,372,131,12,14,0.82,2,-1,-1
34,-1,374,219,25,26,0.87,2,-1,-1
34,-1,371,131,13,13,0.83,2,-1,-1
35,-1,373,213,24,24,0.87,2,-1,-1
35,-1,371,130,12,12,0.82,2,-1,-1
36,-1,372,209,24,24,0.91,2,-1,-1
36,-1,370,129,12,12,0.80,2,-1,-1
37,-1,371,204,22,23,0.89,2,-1,-1
37,-1,370,129,13,12,0.78,2,-1,-1
38,-1,370,200,23,22,0.87,2,-1,-1
38,-1,370,128,12,12,0.79,2,-1,-1
39,-1,370,195,22,22,0.88,2,-1,-1
39,-1,370,128,12,12,0.78,2,-1,-1
40,-1,370,192,22,22,0.86,2,-1,-1
40,-1,370,127,12,12,0.76,2,-1,-1
41,-1,369,188,21,22,0.87,2,-1,-1
41,-1,369,126,12,12,0.79,2,-1,-1
42,-1,368,186,21,21,0.87,2,-1,-1
42,-1,369,126,12,12,0.74,2,-1,-1
43,-1,368,182,20,20,0.87,2,-1,-1
43,-1,368,126,12,12,0.73,2,-1,-1
44,-1,368,179,20,21,0.87,2,-1,-1
44,-1,368,125,11,12,0.77,2,-1,-1
45,-1,367,175,20,21,0.85,2,-1,-1
45,-1,368,125,11,12,0.73,2,-1,-1
46,-1,366,174,19,20,0.87,2,-1,-1
46,-1,368,124,11,12,0.76,2,-1,-1
47,-1,366,171,19,20,0.85,2,-1,-1
47,-1,368,123,10,12,0.75,2,-1,-1
48,-1,366,169,19,19,0.85,2,-1,-1
48,-1,368,123,10,11,0.74,2,-1,-1
49,-1,365,166,19,19,0.86,2,-1,-1
49,-1,368,123,10,11,0.72,2,-1,-1
50,-1,365,164,18,19,0.86,2,-1,-1
50,-1,368,123,10,11,0.71,2,-1,-1
51,-1,364,162,18,18,0.85,2,-1,-1
51,-1,367,122,10,11,0.63,2,-1,-1
52,-1,364,160,18,18,0.88,2,-1,-1
52,-1,367,122,10,10,0.54,2,-1,-1
53,-1,364,159,17,18,0.87,2,-1,-1
53,-1,367,122,10,11,0.48,2,-1,-1
54,-1,364,157,17,18,0.87,2,-1,-1
54,-1,367,121,10,10,0.32,2,-1,-1
55,-1,363,155,18,18,0.86,2,-1,-1
55,-1,366,120,10,11,0.44,2,-1,-1
56,-1,363,154,17,18,0.87,2,-1,-1
56,-1,366,120,10,11,0.27,2,-1,-1
57,-1,363,152,17,17,0.87,2,-1,-1
57,-1,366,119,10,10,0.52,2,-1,-1
58,-1,363,151,16,16,0.87,2,-1,-1
58,-1,366,119,10,10,0.34,2,-1,-1
59,-1,513,356,122,180,0.93,7,-1,-1
59,-1,362,149,16,16,0.85,2,-1,-1
59,-1,365,119,10,10,0.39,2,-1,-1
60,-1,505,344,130,191,0.93,7,-1,-1
60,-1,362,148,16,16,0.85,2,-1,-1
60,-1,363,118,11,10,0.26,2,-1,-1
61,-1,495,330,140,205,0.92,7,-1,-1
61,-1,362,146,16,16,0.85,2,-1,-1
61,-1,362,117,11,10,0.46,2,-1,-1
61,-1,316,112,12,18,0.10,7,-1,-1
62,-1,490,316,144,218,0.91,7,-1,-1
62,-1,362,145,16,16,0.84,2,-1,-1
62,-1,362,117,11,10,0.47,2,-1,-1
63,-1,482,304,152,230,0.91,7,-1,-1
63,-1,362,145,15,15,0.84,2,-1,-1
63,-1,362,117,10,10,0.43,2,-1,-1
64,-1,476,294,159,239,0.90,7,-1,-1
64,-1,361,143,15,14,0.83,2,-1,-1
64,-1,362,116,10,10,0.37,2,-1,-1
65,-1,473,286,162,246,0.90,7,-1,-1
65,-1,362,142,15,15,0.83,2,-1,-1
65,-1,362,117,10,10,0.30,2,-1,-1
66,-1,468,279,161,230,0.91,7,-1,-1
66,-1,360,141,16,15,0.83,2,-1,-1
66,-1,362,117,10,10,0.19,2,-1,-1
66,-1,316,113,12,17,0.13,7,-1,-1
67,-1,463,272,152,215,0.92,7,-1,-1
67,-1,361,141,15,15,0.83,2,-1,-1
67,-1,361,116,10,10,0.32,2,-1,-1
67,-1,316,113,12,17,0.20,7,-1,-1
68,-1,458,264,142,199,0.93,7,-1,-1
68,-1,360,140,15,14,0.83,2,-1,-1
68,-1,316,113,12,17,0.22,7,-1,-1
68,-1,360,116,10,10,0.18,2,-1,-1
69,-1,456,258,134,188,0.93,7,-1,-1
69,-1,360,138,15,14,0.83,2,-1,-1
69,-1,316,113,12,19,0.47,7,-1,-1
70,-1,451,252,123,174,0.92,7,-1,-1
70,-1,360,137,15,14,0.83,2,-1,-1
70,-1,316,113,12,18,0.60,7,-1,-1
71,-1,448,246,118,167,0.92,7,-1,-1
71,-1,360,136,14,14,0.83,2,-1,-1
71,-1,316,113,12,18,0.60,7,-1,-1
72,-1,444,239,110,156,0.92,7,-1,-1
72,-1,360,135,13,14,0.82,2,-1,-1
72,-1,316,113,12,20,0.70,7,-1,-1
73,-1,442,234,106,149,0.93,7,-1,-1
73,-1,359,134,13,14,0.84,2,-1,-1
73,-1,316,112,12,20,0.80,7,-1,-1
74,-1,438,230,100,140,0.93,7,-1,-1
74,-1,359,134,13,14,0.85,2,-1,-1
74,-1,314,111,13,21,0.80,7,-1,-1
75,-1,436,225,96,134,0.93,7,-1,-1
75,-1,359,133,13,13,0.84,2,-1,-1
75,-1,315,112,12,20,0.79,7,-1,-1
76,-1,432,219,91,128,0.92,7,-1,-1
76,-1,358,133,13,13,0.84,2,-1,-1
76,-1,314,112,13,20,0.82,7,-1,-1
77,-1,432,217,87,122,0.93,7,-1,-1
77,-1,314,112,13,20,0.82,7,-1,-1
77,-1,359,132,13,13,0.81,2,-1,-1
78,-1,429,213,82,115,0.93,7,-1,-1
78,-1,314,113,14,21,0.84,7,-1,-1
78,-1,358,132,13,13,0.80,2,-1,-1
79,-1,428,210,79,111,0.92,7,-1,-1
79,-1,314,113,14,21,0.84,7,-1,-1
79,-1,358,131,12,13,0.80,2,-1,-1
80,-1,424,205,76,106,0.92,7,-1,-1
80,-1,314,112,14,21,0.85,7,-1,-1
80,-1,358,130,12,12,0.82,2,-1,-1
81,-1,423,204,74,102,0.92,7,-1,-1
81,-1,314,113,14,21,0.84,7,-1,-1
81,-1,358,129,12,12,0.82,2,-1,-1
82,-1,421,199,70,98,0.92,7,-1,-1
82,-1,313,113,14,22,0.83,7,-1,-1
82,-1,358,128,12,12,0.82,2,-1,-1
83,-1,419,196,68,95,0.93,7,-1,-1
83,-1,313,113,14,22,0.83,7,-1,-1
83,-1,358,128,12,12,0.80,2,-1,-1
84,-1,417,193,65,92,0.92,7,-1,-1
84,-1,312,113,15,22,0.84,7,-1,-1
84,-1,358,127,12,12,0.80,2,-1,-1
85,-1,416,191,63,88,0.91,7,-1,-1
85,-1,312,113,14,23,0.80,7,-1,-1
85,-1,358,126,12,12,0.75,2,-1,-1
85,-1,331,116,8,11,0.21,2,-1,-1
86,-1,414,188,60,85,0.91,7,-1,-1
86,-1,312,114,15,24,0.82,7,-1,-1
86,-1,357,126,12,12,0.72,2,-1,-1
86,-1,331,116,8,11,0.24,2,-1,-1
87,-1,414,186,58,82,0.91,7,-1,-1
87,-1,312,114,14,24,0.80,7,-1,-1
87,-1,357,126,12,12,0.72,2,-1,-1
87,-1,330,117,9,12,0.14,2,-1,-1
88,-1,412,184,56,79,0.91,7,-1,-1
88,-1,312,114,15,23,0.82,7,-1,-1
88,-1,358,126,11,12,0.75,2,-1,-1
88,-1,330,117,9,12,0.24,2,-1,-1
89,-1,411,182,55,78,0.91,7,-1,-1
89,-1,311,115,15,23,0.82,7,-1,-1
89,-1,357,126,11,10,0.73,2,-1,-1
89,-1,330,117,9,11,0.24,2,-1,-1
90,-1,409,179,53,74,0.90,7,-1,-1
90,-1,311,115,16,24,0.83,7,-1,-1
90,-1,356,125,11,10,0.68,2,-1,-1
90,-1,331,118,9,12,0.11,2,-1,-1
91,-1,408,176,51,74,0.91,7,-1,-1
91,-1,310,115,16,24,0.82,7,-1,-1
91,-1,356,125,11,10,0.66,2,-1,-1
91,-1,331,118,9,12,0.28,2,-1,-1
92,-1,408,174,50,71,0.92,7,-1,-1
92,-1,310,115,16,24,0.84,7,-1,-1
92,-1,356,124,11,10,0.59,2,-1,-1
92,-1,330,118,10,12,0.52,2,-1,-1
93,-1,406,174,48,68,0.92,7,-1,-1
93,-1,310,115,16,24,0.84,7,-1,-1
93,-1,356,124,11,10,0.59,2,-1,-1
93,-1,330,118,10,12,0.55,2,-1,-1
94,-1,405,172,47,66,0.92,7,-1,-1
94,-1,309,115,17,26,0.83,7,-1,-1
94,-1,355,122,10,9,0.47,2,-1,-1
94,-1,330,118,10,12,0.39,2,-1,-1
95,-1,404,170,46,65,0.91,7,-1,-1
95,-1,309,115,16,26,0.83,7,-1,-1
95,-1,330,118,10,12,0.42,2,-1,-1
95,-1,356,122,10,9,0.39,2,-1,-1
96,-1,403,168,44,62,0.91,7,-1,-1
96,-1,308,115,16,26,0.83,7,-1,-1
96,-1,331,118,10,11,0.49,2,-1,-1
96,-1,356,122,10,9,0.40,2,-1,-1
97,-1,402,167,44,60,0.92,7,-1,-1
97,-1,308,115,17,26,0.82,7,-1,-1
97,-1,330,120,10,10,0.48,2,-1,-1
97,-1,356,122,10,9,0.36,2,-1,-1
98,-1,401,164,43,60,0.91,7,-1,-1
98,-1,308,115,16,27,0.82,7,-1,-1
98,-1,330,120,10,11,0.35,2,-1,-1
98,-1,356,120,9,10,0.10,2,-1,-1
99,-1,400,164,42,58,0.90,7,-1,-1
99,-1,307,116,17,27,0.81,7,-1,-1
99,-1,330,121,10,10,0.26,2,-1,-1
100,-1,400,161,40,58,0.91,7,-1,-1
100,-1,306,116,17,27,0.82,7,-1,-1
100,-1,330,122,10,10,0.41,2,-1,-1
100,-1,355,120,10,10,0.17,2,-1,-1
101,-1,398,160,40,56,0.90,7,-1,-1
101,-1,306,117,17,27,0.83,7,-1,-1
101,-1,330,122,10,10,0.42,2,-1,-1
101,-1,355,120,10,10,0.17,2,-1,-1
102,-1,398,161,38,52,0.91,7,-1,-1
102,-1,306,117,18,28,0.83,7,-1,-1
102,-1,330,122,10,11,0.27,2,-1,-1
103,-1,398,158,37,53,0.91,7,-1,-1
103,-1,306,117,18,28,0.83,7,-1,-1
103,-1,330,123,10,11,0.30,2,-1,-1
104,-1,396,159,36,49,0.91,7,-1,-1
104,-1,304,118,18,27,0.83,7,-1,-1
104,-1,329,124,10,12,0.24,2,-1,-1
105,-1,396,158,35,49,0.90,7,-1,-1
105,-1,304,118,18,27,0.83,7,-1,-1
105,-1,328,125,11,12,0.60,2,-1,-1
106,-1,394,157,35,48,0.90,7,-1,-1
106,-1,304,118,18,28,0.83,7,-1,-1
106,-1,328,124,11,12,0.75,2,-1,-1
107,-1,394,155,34,48,0.90,7,-1,-1
107,-1,304,119,18,29,0.84,7,-1,-1
107,-1,328,125,11,11,0.69,2,-1,-1
108,-1,393,154,34,46,0.90,7,-1,-1
108,-1,302,120,19,29,0.84,7,-1,-1
108,-1,328,126,12,12,0.75,2,-1,-1
109,-1,393,154,33,44,0.89,7,-1,-1
109,-1,302,121,18,29,0.85,7,-1,-1
109,-1,328,126,11,11,0.79,2,-1,-1
110,-1,392,152,32,44,0.90,7,-1,-1
110,-1,302,120,20,29,0.85,7,-1,-1
110,-1,328,128,11,10,0.51,2,-1,-1
111,-1,392,151,32,44,0.90,7,-1,-1
111,-1,302,121,19,30,0.85,7,-1,-1
111,-1,328,127,11,12,0.80,2,-1,-1
112,-1,390,150,32,43,0.89,7,-1,-1
112,-1,300,121,19,30,0.86,7,-1,-1
112,-1,327,130,12,12,0.59,2,-1,-1
113,-1,390,148,32,44,0.89,7,-1,-1
113,-1,300,122,19,30,0.86,7,-1,-1
113,-1,326,129,12,12,0.72,2,-1,-1
114,-1,388,146,31,43,0.89,7,-1,-1
114,-1,300,122,20,30,0.86,7,-1,-1
114,-1,326,130,12,12,0.77,2,-1,-1
115,-1,388,147,31,42,0.89,7,-1,-1
115,-1,299,123,20,31,0.86,7,-1,-1
115,-1,327,131,11,12,0.74,2,-1,-1
116,-1,388,146,31,40,0.90,7,-1,-1
116,-1,298,123,20,31,0.86,7,-1,-1
116,-1,326,132,12,12,0.60,2,-1,-1
117,-1,387,145,31,41,0.89,7,-1,-1
117,-1,298,123,20,31,0.85,7,-1,-1
117,-1,326,132,12,12,0.77,2,-1,-1
118,-1,386,144,30,40,0.89,7,-1,-1
118,-1,296,124,21,32,0.85,7,-1,-1
118,-1,326,134,12,12,0.77,2,-1,-1
119,-1,386,143,30,39,0.89,7,-1,-1
119,-1,296,125,21,31,0.86,7,-1,-1
119,-1,326,134,12,13,0.83,2,-1,-1
120,-1,386,143,29,38,0.90,7,-1,-1
120,-1,296,126,21,32,0.86,7,-1,-1
120,-1,326,135,12,13,0.82,2,-1,-1
121,-1,385,143,28,36,0.89,7,-1,-1
121,-1,296,127,21,31,0.86,7,-1,-1
121,-1,325,136,12,13,0.81,2,-1,-1
122,-1,384,142,28,36,0.88,7,-1,-1
122,-1,294,128,22,32,0.86,7,-1,-1
122,-1,324,136,12,13,0.80,2,-1,-1
123,-1,384,141,28,36,0.88,7,-1,-1
123,-1,294,128,22,32,0.86,7,-1,-1
123,-1,324,137,13,14,0.85,2,-1,-1
123,-1,318,112,10,15,0.12,7,-1,-1
124,-1,384,141,28,36,0.88,7,-1,-1
124,-1,293,128,22,32,0.87,7,-1,-1
124,-1,322,138,14,14,0.82,2,-1,-1
125,-1,383,140,27,34,0.89,7,-1,-1
125,-1,292,129,22,34,0.88,7,-1,-1
125,-1,322,140,14,14,0.82,2,-1,-1
126,-1,382,139,27,35,0.88,7,-1,-1
126,-1,292,129,22,34,0.88,7,-1,-1
126,-1,322,141,14,14,0.82,2,-1,-1
127,-1,382,138,27,34,0.88,7,-1,-1
127,-1,291,130,22,34,0.88,7,-1,-1
127,-1,322,142,14,14,0.80,2,-1,-1
128,-1,382,137,27,34,0.89,7,-1,-1
128,-1,290,130,23,35,0.87,7,-1,-1
128,-1,321,143,14,16,0.82,2,-1,-1
129,-1,380,137,27,33,0.89,7,-1,-1
129,-1,289,132,24,35,0.86,7,-1,-1
129,-1,320,144,14,16,0.84,2,-1,-1
130,-1,380,136,26,33,0.88,7,-1,-1
130,-1,289,132,23,35,0.86,7,-1,-1
130,-1,320,146,15,16,0.85,2,-1,-1
131,-1,381,136,25,32,0.88,7,-1,-1
131,-1,288,134,24,36,0.86,7,-1,-1
131,-1,319,148,15,16,0.83,2,-1,-1
132,-1,380,135,24,32,0.89,7,-1,-1
132,-1,287,134,24,36,0.86,7,-1,-1
132,-1,318,148,15,16,0.84,2,-1,-1
132,-1,316,112,11,17,0.11,7,-1,-1
133,-1,380,134,24,31,0.88,7,-1,-1
133,-1,287,135,24,37,0.86,7,-1,-1
133,-1,318,151,15,16,0.85,2,-1,-1
134,-1,380,135,24,30,0.88,7,-1,-1
134,-1,286,135,24,38,0.86,7,-1,-1
134,-1,318,152,15,16,0.86,2,-1,-1
135,-1,379,134,24,30,0.89,7,-1,-1
135,-1,284,136,26,38,0.88,7,-1,-1
135,-1,316,155,16,16,0.86,2,-1,-1
136,-1,284,136,25,39,0.89,7,-1,-1
136,-1,379,133,23,30,0.88,7,-1,-1
136,-1,316,156,16,17,0.85,2,-1,-1
137,-1,510,429,72,70,0.92,2,-1,-1
137,-1,282,138,26,40,0.88,7,-1,-1
137,-1,379,132,23,30,0.88,7,-1,-1
137,-1,314,158,17,18,0.85,2,-1,-1
138,-1,502,410,67,65,0.93,2,-1,-1
138,-1,282,138,26,40,0.88,7,-1,-1
138,-1,378,132,23,29,0.87,7,-1,-1
138,-1,314,160,17,18,0.85,2,-1,-1
138,-1,316,113,11,18,0.29,7,-1,-1
138,-1,330,126,9,9,0.23,2,-1,-1
139,-1,491,385,61,58,0.92,2,-1,-1
139,-1,280,139,27,41,0.88,7,-1,-1
139,-1,378,131,22,30,0.87,7,-1,-1
139,-1,312,162,18,19,0.85,2,-1,-1
139,-1,316,114,11,18,0.28,7,-1,-1
139,-1,329,127,9,9,0.20,2,-1,-1
140,-1,484,370,58,55,0.91,2,-1,-1
140,-1,280,140,28,40,0.88,7,-1,-1
140,-1,377,130,23,30,0.87,7,-1,-1
140,-1,312,165,18,19,0.86,2,-1,-1
140,-1,314,114,12,18,0.54,7,-1,-1
140,-1,329,127,9,9,0.20,2,-1,-1
141,-1,476,350,53,50,0.90,2,-1,-1
141,-1,278,141,28,42,0.88,7,-1,-1
141,-1,377,130,23,30,0.87,7,-1,-1
141,-1,311,168,18,20,0.84,2,-1,-1
141,-1,329,127,10,9,0.72,2,-1,-1
141,-1,314,114,12,18,0.61,7,-1,-1
142,-1,470,337,50,48,0.91,2,-1,-1
142,-1,277,142,29,42,0.88,7,-1,-1
142,-1,376,129,22,29,0.87,7,-1,-1
142,-1,310,170,18,20,0.85,2,-1,-1
142,-1,329,127,10,10,0.66,2,-1,-1
142,-1,314,114,12,19,0.57,7,-1,-1
143,-1,464,320,46,45,0.91,2,-1,-1
143,-1,275,143,30,44,0.88,7,-1,-1
143,-1,308,174,18,20,0.87,2,-1,-1
143,-1,377,129,22,29,0.87,7,-1,-1
143,-1,313,114,13,20,0.76,7,-1,-1
143,-1,328,129,9,8,0.32,2,-1,-1
144,-1,458,312,44,42,0.90,2,-1,-1
144,-1,274,143,31,45,0.88,7,-1,-1
144,-1,376,128,22,29,0.87,7,-1,-1
144,-1,307,176,20,21,0.86,2,-1,-1
144,-1,314,113,13,20,0.76,7,-1,-1
144,-1,329,129,9,8,0.28,2,-1,-1
145,-1,452,297,42,40,0.91,2,-1,-1
145,-1,273,145,30,45,0.89,7,-1,-1
145,-1,376,129,22,26,0.88,7,-1,-1
145,-1,306,180,20,22,0.87,2,-1,-1
145,-1,312,113,14,21,0.77,7,-1,-1
145,-1,328,128,9,8,0.11,2,-1,-1
146,-1,449,290,39,38,0.90,2,-1,-1
146,-1,272,146,31,45,0.89,7,-1,-1
146,-1,376,129,22,26,0.88,7,-1,-1
146,-1,305,182,20,23,0.85,2,-1,-1
146,-1,313,112,14,22,0.81,7,-1,-1
147,-1,270,147,32,46,0.89,7,-1,-1
147,-1,443,278,37,36,0.89,2,-1,-1
147,-1,303,187,22,24,0.89,2,-1,-1
147,-1,375,128,21,26,0.88,7,-1,-1
147,-1,312,113,14,22,0.83,7,-1,-1
147,-1,328,132,10,10,0.61,2,-1,-1
148,-1,268,148,34,47,0.90,7,-1,-1
148,-1,440,272,36,34,0.90,2,-1,-1
148,-1,301,190,22,24,0.88,2,-1,-1
148,-1,375,128,21,26,0.88,7,-1,-1
148,-1,312,113,15,23,0.83,7,-1,-1
148,-1,328,132,9,10,0.39,2,-1,-1
149,-1,266,150,34,48,0.89,7,-1,-1
149,-1,434,262,35,33,0.89,2,-1,-1
149,-1,299,196,23,25,0.88,2,-1,-1
149,-1,375,127,20,25,0.87,7,-1,-1
149,-1,311,113,16,23,0.84,7,-1,-1
149,-1,328,132,10,11,0.23,2,-1,-1
150,-1,266,150,34,49,0.90,7,-1,-1
150,-1,433,256,32,31,0.89,2,-1,-1
150,-1,375,127,20,25,0.87,7,-1,-1
150,-1,297,199,24,27,0.87,2,-1,-1
150,-1,310,113,16,23,0.86,7,-1,-1
150,-1,328,132,10,12,0.46,2,-1,-1
151,-1,264,152,35,50,0.90,7,-1,-1
151,-1,429,248,31,30,0.88,2,-1,-1
151,-1,294,206,25,28,0.87,2,-1,-1
151,-1,375,126,20,25,0.86,7,-1,-1
151,-1,310,112,16,24,0.84,7,-1,-1
151,-1,327,133,10,11,0.83,2,-1,-1
152,-1,262,153,36,51,0.90,7,-1,-1
152,-1,292,210,26,29,0.89,2,-1,-1
152,-1,426,243,30,29,0.89,2,-1,-1
152,-1,375,126,20,25,0.86,7,-1,-1
152,-1,310,112,16,25,0.84,7,-1,-1
152,-1,327,133,10,12,0.77,2,-1,-1
153,-1,260,154,37,52,0.90,7,-1,-1
153,-1,288,218,27,30,0.89,2,-1,-1
153,-1,423,236,29,28,0.89,2,-1,-1
153,-1,375,125,19,24,0.87,7,-1,-1
153,-1,310,113,16,25,0.85,7,-1,-1
153,-1,326,135,10,10,0.79,2,-1,-1
154,-1,258,155,38,54,0.90,7,-1,-1
154,-1,420,232,28,26,0.89,2,-1,-1
154,-1,286,224,28,32,0.88,2,-1,-1
154,-1,374,125,19,24,0.86,7,-1,-1
154,-1,309,113,17,25,0.86,7,-1,-1
154,-1,325,136,12,13,0.79,2,-1,-1
155,-1,256,158,40,54,0.90,7,-1,-1
155,-1,418,226,27,26,0.89,2,-1,-1
155,-1,281,232,30,35,0.88,2,-1,-1
155,-1,374,124,19,24,0.86,7,-1,-1
155,-1,308,113,17,25,0.85,7,-1,-1
155,-1,325,136,12,12,0.76,2,-1,-1
156,-1,255,158,40,56,0.90,7,-1,-1
156,-1,278,238,32,38,0.89,2,-1,-1
156,-1,416,222,26,24,0.87,2,-1,-1
156,-1,374,124,19,24,0.87,7,-1,-1
156,-1,308,113,17,26,0.85,7,-1,-1
156,-1,324,136,12,13,0.76,2,-1,-1
157,-1,252,160,40,58,0.92,7,-1,-1
157,-1,272,247,34,42,0.90,2,-1,-1
157,-1,414,217,25,24,0.88,2,-1,-1
157,-1,374,124,19,24,0.88,7,-1,-1
157,-1,308,113,18,27,0.83,7,-1,-1
157,-1,324,137,13,14,0.69,2,-1,-1
158,-1,250,162,42,59,0.92,7,-1,-1
158,-1,269,256,36,44,0.90,2,-1,-1
158,-1,412,214,24,24,0.88,2,-1,-1
158,-1,373,123,19,24,0.87,7,-1,-1
158,-1,307,114,18,27,0.84,7,-1,-1
158,-1,324,139,12,12,0.79,2,-1,-1
159,-1,247,165,43,60,0.91,7,-1,-1
159,-1,262,270,39,50,0.91,2,-1,-1
159,-1,408,209,25,22,0.87,2,-1,-1
159,-1,373,123,19,23,0.87,7,-1,-1
159,-1,306,114,18,28,0.83,7,-1,-1
159,-1,324,140,12,12,0.80,2,-1,-1
160,-1,245,166,44,62,0.91,7,-1,-1
160,-1,256,280,42,53,0.91,2,-1,-1
160,-1,372,123,19,24,0.88,7,-1,-1
160,-1,407,206,24,22,0.86,2,-1,-1
160,-1,306,114,18,28,0.83,7,-1,-1
160,-1,323,141,12,12,0.80,2,-1,-1
161,-1,245,298,48,60,0.92,2,-1,-1
161,-1,241,168,46,65,0.91,7,-1,-1
161,-1,406,201,22,22,0.89,2,-1,-1
161,-1,373,122,18,24,0.89,7,-1,-1
161,-1,306,114,18,28,0.82,7,-1,-1
161,-1,322,142,12,13,0.82,2,-1,-1
162,-1,239,312,50,66,0.92,2,-1,-1
162,-1,240,169,47,66,0.92,7,-1,-1
162,-1,372,122,18,24,0.89,7,-1,-1
162,-1,406,199,21,21,0.88,2,-1,-1
162,-1,306,115,18,28,0.84,7,-1,-1
162,-1,322,142,13,13,0.81,2,-1,-1
163,-1,236,172,50,68,0.92,7,-1,-1
163,-1,225,336,57,77,0.92,2,-1,-1
163,-1,372,122,18,24,0.89,7,-1,-1
163,-1,403,195,21,20,0.88,2,-1,-1
163,-1,305,114,19,29,0.84,7,-1,-1
163,-1,321,144,13,13,0.82,2,-1,-1
164,-1,234,173,50,72,0.92,7,-1,-1
164,-1,216,356,61,85,0.92,2,-1,-1
164,-1,372,121,18,24,0.88,7,-1,-1
164,-1,402,192,20,20,0.87,2,-1,-1
164,-1,304,114,20,30,0.84,7,-1,-1
164,-1,321,144,14,14,0.82,2,-1,-1
165,-1,196,391,72,101,0.92,2,-1,-1
165,-1,230,176,52,74,0.91,7,-1,-1
165,-1,400,190,20,20,0.88,2,-1,-1
165,-1,372,121,18,22,0.87,7,-1,-1
165,-1,304,114,20,31,0.84,7,-1,-1
165,-1,320,146,14,14,0.83,2,-1,-1
166,-1,184,420,76,111,0.93,2,-1,-1
166,-1,226,177,54,76,0.92,7,-1,-1
166,-1,399,187,20,20,0.88,2,-1,-1
166,-1,372,121,18,23,0.87,7,-1,-1
166,-1,304,114,20,31,0.84,7,-1,-1
166,-1,320,146,14,14,0.83,2,-1,-1
167,-1,222,180,56,80,0.91,7,-1,-1
167,-1,398,184,20,19,0.87,2,-1,-1
167,-1,371,120,19,23,0.86,7,-1,-1
167,-1,303,114,20,32,0.85,7,-1,-1
167,-1,319,149,14,14,0.82,2,-1,-1
168,-1,219,182,59,82,0.92,7,-1,-1
168,-1,398,182,19,18,0.87,2,-1,-1
168,-1,371,120,18,22,0.84,7,-1,-1
168,-1,302,116,20,32,0.84,7,-1,-1
168,-1,319,150,14,14,0.83,2,-1,-1
169,-1,214,186,60,86,0.92,7,-1,-1
169,-1,396,180,19,18,0.88,2,-1,-1
169,-1,302,117,20,32,0.85,7,-1,-1
169,-1,317,152,15,15,0.84,2,-1,-1
169,-1,370,120,18,22,0.81,7,-1,-1
170,-1,210,188,63,88,0.92,7,-1,-1
170,-1,395,178,19,18,0.88,2,-1,-1
170,-1,302,117,20,32,0.86,7,-1,-1
170,-1,317,152,15,16,0.84,2,-1,-1
170,-1,370,119,18,22,0.82,7,-1,-1
171,-1,206,192,66,92,0.91,7,-1,-1
171,-1,394,176,18,17,0.88,2,-1,-1
171,-1,300,118,21,32,0.86,7,-1,-1
171,-1,316,153,16,16,0.85,2,-1,-1
171,-1,370,119,18,22,0.82,7,-1,-1
172,-1,201,194,70,96,0.92,7,-1,-1
172,-1,394,174,18,17,0.87,2,-1,-1
172,-1,300,118,21,33,0.87,7,-1,-1
172,-1,315,155,16,16,0.84,2,-1,-1
172,-1,370,118,18,22,0.76,7,-1,-1
173,-1,194,198,73,101,0.93,7,-1,-1
173,-1,392,171,17,17,0.87,2,-1,-1
173,-1,298,119,21,33,0.86,7,-1,-1
173,-1,314,157,17,16,0.83,2,-1,-1
173,-1,370,118,17,21,0.65,7,-1,-1
174,-1,190,202,75,104,0.92,7,-1,-1
174,-1,392,169,17,18,0.87,2,-1,-1
174,-1,298,119,21,34,0.86,7,-1,-1
174,-1,313,158,18,18,0.84,2,-1,-1
174,-1,370,118,17,22,0.70,7,-1,-1
175,-1,183,206,78,110,0.93,7,-1,-1
175,-1,390,167,17,17,0.87,2,-1,-1
175,-1,297,120,22,34,0.85,7,-1,-1
175,-1,312,162,17,16,0.84,2,-1,-1
175,-1,369,117,16,21,0.60,7,-1,-1
176,-1,177,209,82,114,0.93,7,-1,-1
176,-1,390,166,16,17,0.86,2,-1,-1
176,-1,296,120,22,35,0.85,7,-1,-1
176,-1,312,163,17,16,0.84,2,-1,-1
176,-1,369,117,16,21,0.54,7,-1,-1
177,-1,168,214,87,122,0.93,7,-1,-1
177,-1,390,164,16,16,0.87,2,-1,-1
177,-1,295,121,23,35,0.86,7,-1,-1
177,-1,310,166,18,17,0.84,2,-1,-1
177,-1,369,117,16,21,0.70,7,-1,-1
178,-1,162,219,92,126,0.93,7,-1,-1
178,-1,389,162,16,17,0.88,2,-1,-1
178,-1,295,121,23,35,0.87,7,-1,-1
178,-1,310,167,18,18,0.86,2,-1,-1
178,-1,369,117,16,20,0.64,7,-1,-1
178,-1,313,101,12,18,0.11,7,-1,-1
179,-1,152,223,98,137,0.93,7,-1,-1
179,-1,388,160,16,16,0.88,2,-1,-1
179,-1,294,122,24,35,0.87,7,-1,-1
179,-1,309,170,18,18,0.85,2,-1,-1
179,-1,369,116,16,20,0.73,7,-1,-1
180,-1,144,228,103,142,0.93,7,-1,-1
180,-1,294,122,23,36,0.88,7,-1,-1
180,-1,388,160,16,16,0.87,2,-1,-1
180,-1,308,171,20,18,0.84,2,-1,-1
180,-1,368,116,16,20,0.65,7,-1,-1
181,-1,133,235,110,153,0.93,7,-1,-1
181,-1,292,122,24,38,0.88,7,-1,-1
181,-1,386,159,15,14,0.87,2,-1,-1
181,-1,306,175,19,18,0.85,2,-1,-1
181,-1,368,117,16,20,0.59,7,-1,-1
182,-1,124,240,115,162,0.93,7,-1,-1
182,-1,292,124,24,37,0.88,7,-1,-1
182,-1,386,158,16,15,0.85,2,-1,-1
182,-1,306,177,19,19,0.84,2,-1,-1
182,-1,368,116,16,20,0.49,2,-1,-1
183,-1,109,246,125,177,0.93,7,-1,-1
183,-1,291,124,24,38,0.88,7,-1,-1
183,-1,385,155,15,15,0.86,2,-1,-1
183,-1,304,180,20,20,0.86,2,-1,-1
183,-1,368,116,16,20,0.56,7,-1,-1
184,-1,99,253,131,186,0.93,7,-1,-1
184,-1,290,125,25,39,0.87,7,-1,-1
184,-1,384,155,16,14,0.86,2,-1,-1
184,-1,303,181,20,22,0.86,2,-1,-1
184,-1,368,115,15,20,0.80,7,-1,-1
185,-1,79,261,144,206,0.92,7,-1,-1
185,-1,289,125,26,40,0.87,7,-1,-1
185,-1,384,153,15,14,0.87,2,-1,-1
185,-1,302,183,21,24,0.84,2,-1,-1
185,-1,368,115,15,20,0.81,7,-1,-1
186,-1,67,270,154,217,0.92,7,-1,-1
186,-1,288,125,27,41,0.87,7,-1,-1
186,-1,300,186,22,24,0.87,2,-1,-1
186,-1,383,151,15,15,0.86,2,-1,-1
186,-1,368,115,15,20,0.80,7,-1,-1
187,-1,47,280,166,245,0.89,7,-1,-1
187,-1,287,126,28,42,0.87,7,-1,-1
187,-1,382,150,15,14,0.86,2,-1,-1
187,-1,298,192,23,23,0.84,2,-1,-1
187,-1,368,115,15,20,0.80,7,-1,-1
188,-1,31,284,176,250,0.92,7,-1,-1
188,-1,382,150,14,14,0.87,2,-1,-1
188,-1,286,127,28,42,0.87,7,-1,-1
188,-1,297,196,23,22,0.85,2,-1,-1
188,-1,368,115,15,20,0.81,7,-1,-1
189,-1,284,128,30,44,0.88,7,-1,-1
189,-1,382,148,14,16,0.88,2,-1,-1
189,-1,8,300,194,235,0.87,7,-1,-1
189,-1,295,201,24,24,0.86,2,-1,-1
189,-1,368,115,15,18,0.64,7,-1,-1
190,-1,6,310,185,222,0.89,7,-1,-1
190,-1,283,128,30,45,0.88,7,-1,-1
190,-1,382,148,14,16,0.88,2,-1,-1
190,-1,293,205,25,24,0.85,2,-1,-1
190,-1,368,115,15,18,0.62,7,-1,-1
191,-1,8,325,174,208,0.91,7,-1,-1
191,-1,282,129,30,45,0.88,7,-1,-1
191,-1,291,211,25,25,0.88,2,-1,-1
191,-1,380,146,14,17,0.86,2,-1,-1
191,-1,367,114,14,18,0.48,2,-1,-1
192,-1,9,338,166,194,0.92,7,-1,-1
192,-1,281,130,31,46,0.89,7,-1,-1
192,-1,290,214,26,26,0.87,2,-1,-1
192,-1,379,146,14,18,0.84,2,-1,-1
192,-1,367,114,14,18,0.49,2,-1,-1
193,-1,10,358,154,175,0.92,7,-1,-1
193,-1,280,131,31,47,0.89,7,-1,-1
193,-1,286,220,28,26,0.86,2,-1,-1
193,-1,378,145,14,15,0.82,2,-1,-1
193,-1,367,114,14,16,0.59,2,-1,-1
194,-1,6,373,147,162,0.93,7,-1,-1
194,-1,278,132,32,48,0.89,7,-1,-1
194,-1,284,227,28,27,0.87,2,-1,-1
194,-1,378,144,14,14,0.79,2,-1,-1
194,-1,366,113,14,17,0.42,7,-1,-1
195,-1,277,132,32,49,0.88,7,-1,-1
195,-1,281,234,30,29,0.87,2,-1,-1
195,-1,377,142,14,14,0.80,2,-1,-1
195,-1,366,113,14,17,0.43,7,-1,-1
196,-1,276,132,33,50,0.88,7,-1,-1
196,-1,279,238,31,32,0.88,2,-1,-1
196,-1,376,142,13,12,0.79,2,-1,-1
196,-1,366,113,14,17,0.41,7,-1,-1
197,-1,6,452,98,83,0.89,7,-1,-1
197,-1,274,134,34,52,0.89,7,-1,-1
197,-1,275,246,33,34,0.88,2,-1,-1
197,-1,376,141,13,13,0.79,2,-1,-1
197,-1,366,113,14,17,0.45,7,-1,-1
198,-1,273,135,33,53,0.89,7,-1,-1
198,-1,272,254,34,34,0.88,2,-1,-1
198,-1,375,140,13,13,0.85,2,-1,-1
198,-1,366,112,12,17,0.54,7,-1,-1
199,-1,271,136,34,54,0.89,7,-1,-1
199,-1,268,265,36,37,0.89,2,-1,-1
199,-1,375,140,12,12,0.83,2,-1,-1
199,-1,366,112,12,17,0.56,7,-1,-1
200,-1,270,137,35,54,0.90,7,-1,-1
200,-1,264,272,38,40,0.89,2,-1,-1
200,-1,374,138,12,13,0.81,2,-1,-1
200,-1,366,112,13,17,0.59,7,-1,-1
201,-1,268,138,36,56,0.90,7,-1,-1
201,-1,258,286,42,43,0.90,2,-1,-1
201,-1,373,138,12,12,0.80,2,-1,-1
201,-1,365,112,13,17,0.58,7,-1,-1
202,-1,266,139,37,56,0.90,7,-1,-1
202,-1,254,296,44,46,0.89,2,-1,-1
202,-1,372,137,13,13,0.83,2,-1,-1
202,-1,365,112,13,17,0.61,7,-1,-1
203,-1,245,312,48,52,0.91,2,-1,-1
203,-1,264,141,38,58,0.90,7,-1,-1
203,-1,372,136,13,13,0.79,2,-1,-1
203,-1,364,112,13,16,0.60,7,-1,-1
204,-1,241,324,49,56,0.90,2,-1,-1
204,-1,262,142,39,60,0.90,7,-1,-1
204,-1,371,135,13,13,0.65,2,-1,-1
204,-1,364,112,13,16,0.59,7,-1,-1
205,-1,230,347,55,63,0.92,2,-1,-1
205,-1,260,143,40,62,0.91,7,-1,-1
205,-1,364,111,12,17,0.75,7,-1,-1
205,-1,370,134,14,13,0.71,2,-1,-1
206,-1,224,364,58,69,0.92,2,-1,-1
206,-1,258,144,41,63,0.91,7,-1,-1
206,-1,370,133,14,13,0.70,2,-1,-1
206,-1,363,111,13,16,0.66,7,-1,-1
207,-1,210,392,64,80,0.92,2,-1,-1
207,-1,255,146,43,66,0.92,7,-1,-1
207,-1,369,133,13,12,0.68,2,-1,-1
207,-1,363,111,13,16,0.61,7,-1,-1
207,-1,316,107,13,21,0.15,7,-1,-1
208,-1,199,414,70,89,0.92,2,-1,-1
208,-1,254,146,44,66,0.92,7,-1,-1
208,-1,369,133,13,12,0.69,2,-1,-1
208,-1,363,111,13,16,0.62,7,-1,-1
208,-1,316,107,13,21,0.15,7,-1,-1
209,-1,251,149,45,69,0.92,7,-1,-1
209,-1,369,132,12,12,0.70,2,-1,-1
209,-1,362,111,13,16,0.62,7,-1,-1
209,-1,316,108,13,20,0.41,7,-1,-1
210,-1,249,149,46,71,0.92,7,-1,-1
210,-1,368,131,12,12,0.77,2,-1,-1
210,-1,362,111,12,16,0.56,7,-1,-1
210,-1,316,108,13,20,0.51,7,-1,-1
211,-1,246,151,48,74,0.91,7,-1,-1
211,-1,368,130,12,12,0.78,2,-1,-1
211,-1,362,111,12,16,0.55,7,-1,-1
211,-1,316,109,13,19,0.45,7,-1,-1
212,-1,243,152,48,76,0.91,7,-1,-1
212,-1,368,130,12,12,0.75,2,-1,-1
212,-1,362,111,12,16,0.54,7,-1,-1
212,-1,316,110,13,18,0.26,7,-1,-1
213,-1,240,155,51,78,0.90,7,-1,-1
213,-1,368,129,11,12,0.77,2,-1,-1
213,-1,362,110,12,15,0.61,7,-1,-1
213,-1,316,109,13,20,0.41,7,-1,-1
214,-1,237,156,53,81,0.91,7,-1,-1
214,-1,368,129,11,12,0.72,2,-1,-1
214,-1,362,110,12,15,0.64,7,-1,-1
214,-1,315,110,12,19,0.60,7,-1,-1
215,-1,233,158,55,85,0.92,7,-1,-1
215,-1,367,128,11,12,0.67,2,-1,-1
215,-1,314,110,13,19,0.66,7,-1,-1
215,-1,361,110,12,15,0.53,7,-1,-1
216,-1,230,159,57,88,0.92,7,-1,-1
216,-1,314,110,13,20,0.79,7,-1,-1
216,-1,366,128,11,11,0.70,2,-1,-1
216,-1,361,110,11,15,0.48,7,-1,-1
217,-1,225,162,61,92,0.92,7,-1,-1
217,-1,314,110,14,20,0.79,7,-1,-1
217,-1,366,128,10,12,0.60,2,-1,-1
217,-1,360,109,12,15,0.53,7,-1,-1
218,-1,222,164,61,94,0.92,7,-1,-1
218,-1,314,109,14,22,0.77,7,-1,-1
218,-1,366,127,11,12,0.55,2,-1,-1
218,-1,360,109,12,15,0.39,7,-1,-1
219,-1,217,167,64,100,0.93,7,-1,-1
219,-1,313,110,14,22,0.50,7,-1,-1
219,-1,366,127,10,11,0.49,2,-1,-1
219,-1,360,109,12,15,0.42,7,-1,-1
220,-1,214,168,66,104,0.94,7,-1,-1
220,-1,365,126,11,12,0.52,2,-1,-1
220,-1,313,110,15,22,0.51,7,-1,-1
220,-1,360,108,12,15,0.43,7,-1,-1
221,-1,208,172,68,108,0.92,7,-1,-1
221,-1,312,110,15,22,0.61,7,-1,-1
221,-1,364,125,11,11,0.46,2,-1,-1
221,-1,360,108,12,15,0.31,7,-1,-1
222,-1,204,175,72,112,0.93,7,-1,-1
222,-1,312,110,15,22,0.68,7,-1,-1
222,-1,364,124,11,12,0.64,2,-1,-1
222,-1,360,109,12,14,0.23,2,-1,-1
223,-1,196,178,76,120,0.93,7,-1,-1
223,-1,312,110,16,23,0.76,7,-1,-1
223,-1,364,125,11,11,0.63,2,-1,-1
223,-1,359,109,12,14,0.21,7,-1,-1
224,-1,192,181,80,123,0.92,7,-1,-1
224,-1,312,110,16,24,0.78,7,-1,-1
224,-1,364,124,11,11,0.45,2,-1,-1
224,-1,358,108,12,14,0.20,2,-1,-1
225,-1,184,184,86,132,0.93,7,-1,-1
225,-1,311,110,16,24,0.79,7,-1,-1
225,-1,363,123,11,11,0.67,2,-1,-1
225,-1,359,108,12,14,0.15,7,-1,-1
226,-1,176,188,92,138,0.92,7,-1,-1
226,-1,310,110,16,24,0.82,7,-1,-1
226,-1,363,123,11,11,0.67,2,-1,-1
226,-1,358,108,12,14,0.16,2,-1,-1
227,-1,167,192,98,149,0.94,7,-1,-1
227,-1,310,110,16,24,0.81,7,-1,-1
227,-1,362,123,11,11,0.51,2,-1,-1
227,-1,358,108,11,14,0.17,7,-1,-1
228,-1,159,195,102,156,0.93,7,-1,-1
228,-1,310,110,17,25,0.82,7,-1,-1
228,-1,362,122,12,11,0.51,2,-1,-1
228,-1,358,108,11,14,0.17,7,-1,-1
229,-1,149,201,108,168,0.93,7,-1,-1
229,-1,309,111,18,25,0.83,7,-1,-1
229,-1,358,107,11,14,0.33,7,-1,-1
229,-1,362,122,11,10,0.25,2,-1,-1
230,-1,140,204,114,177,0.92,7,-1,-1
230,-1,310,111,17,24,0.82,7,-1,-1
230,-1,357,107,12,14,0.35,7,-1,-1
230,-1,361,122,11,10,0.22,2,-1,-1
231,-1,125,210,124,195,0.93,7,-1,-1
231,-1,309,112,18,25,0.85,7,-1,-1
231,-1,357,107,12,14,0.39,7,-1,-1
231,-1,361,122,11,10,0.13,2,-1,-1
232,-1,114,215,131,206,0.93,7,-1,-1
232,-1,309,112,18,26,0.86,7,-1,-1
232,-1,357,107,12,14,0.35,7,-1,-1
232,-1,360,122,11,10,0.11,2,-1,-1
232,-1,359,118,11,11,0.10,2,-1,-1
233,-1,94,222,146,229,0.91,7,-1,-1
233,-1,308,111,18,26,0.84,7,-1,-1
233,-1,360,120,10,9,0.20,2,-1,-1
234,-1,80,228,156,242,0.90,7,-1,-1
234,-1,308,111,18,26,0.85,7,-1,-1
234,-1,360,120,10,9,0.20,2,-1,-1
235,-1,59,236,173,273,0.93,7,-1,-1
235,-1,308,112,19,27,0.83,7,-1,-1
235,-1,360,120,10,10,0.19,2,-1,-1
235,-1,356,108,11,13,0.10,2,-1,-1
236,-1,45,240,181,288,0.92,7,-1,-1
236,-1,307,112,19,28,0.84,7,-1,-1
236,-1,360,120,10,9,0.19,2,-1,-1
236,-1,356,108,11,13,0.10,2,-1,-1
237,-1,15,251,200,280,0.91,7,-1,-1
237,-1,307,112,19,28,0.84,7,-1,-1
237,-1,360,120,9,9,0.12,2,-1,-1
238,-1,11,262,200,268,0.90,7,-1,-1
238,-1,306,112,19,27,0.85,7,-1,-1
239,-1,7,274,197,261,0.91,7,-1,-1
239,-1,306,112,20,29,0.84,7,-1,-1
240,-1,305,112,20,30,0.84,7,-1,-1
241,-1,7,302,176,234,0.90,7,-1,-1
241,-1,305,113,20,30,0.84,7,-1,-1
242,-1,7,316,168,218,0.92,7,-1,-1
242,-1,305,113,20,30,0.84,7,-1,-1
243,-1,7,340,151,195,0.93,7,-1,-1
243,-1,304,113,21,30,0.85,7,-1,-1
244,-1,304,113,21,31,0.85,7,-1,-1
245,-1,302,114,22,31,0.86,7,-1,-1
246,-1,302,114,22,31,0.86,7,-1,-1
247,-1,302,114,22,32,0.87,7,-1,-1
248,-1,300,114,23,33,0.88,7,-1,-1
249,-1,300,115,22,34,0.88,7,-1,-1
250,-1,300,116,22,34,0.88,7,-1,-1
251,-1,300,116,22,34,0.87,7,-1,-1
252,-1,299,116,22,34,0.87,7,-1,-1
253,-1,298,117,22,34,0.86,7,-1,-1
254,-1,298,117,22,35,0.87,7,-1,-1
255,-1,296,117,24,36,0.87,7,-1,-1
256,-1,296,118,23,36,0.87,7,-1,-1
257,-1,295,118,24,37,0.87,7,-1,-1
258,-1,294,118,24,38,0.87,7,-1,-1
259,-1,294,119,24,37,0.87,7,-1,-1
260,-1,293,120,25,38,0.88,7,-1,-1
261,-1,292,120,26,39,0.89,7,-1,-1
262,-1,291,121,26,40,0.88,7,-1,-1
263,-1,290,121,26,40,0.88,7,-1,-1
264,-1,290,122,26,41,0.88,7,-1,-1
265,-1,289,122,27,42,0.88,7,-1,-1
266,-1,288,122,27,42,0.88,7,-1,-1
267,-1,286,124,28,44,0.88,7,-1,-1
268,-1,286,124,28,44,0.88,7,-1,-1
269,-1,284,124,30,46,0.88,7,-1,-1
270,-1,283,125,30,46,0.89,7,-1,-1
271,-1,282,126,30,47,0.88,7,-1,-1
272,-1,281,126,30,47,0.89,7,-1,-1
273,-1,280,128,31,48,0.89,7,-1,-1
274,-1,278,128,32,49,0.89,7,-1,-1
275,-1,278,129,32,50,0.90,7,-1,-1
276,-1,276,130,33,52,0.90,7,-1,-1
277,-1,274,130,34,53,0.90,7,-1,-1
278,-1,273,130,34,54,0.91,7,-1,-1
279,-1,271,132,35,56,0.90,7,-1,-1
280,-1,270,133,36,56,0.90,7,-1,-1
281,-1,268,134,37,58,0.90,7,-1,-1
282,-1,266,134,38,60,0.90,7,-1,-1
283,-1,264,136,38,61,0.92,7,-1,-1
284,-1,263,137,40,61,0.91,7,-1,-1
285,-1,260,138,41,63,0.91,7,-1,-1
286,-1,259,140,41,64,0.92,7,-1,-1
287,-1,256,141,43,66,0.91,7,-1,-1
288,-1,254,142,44,68,0.92,7,-1,-1
289,-1,251,143,46,70,0.93,7,-1,-1
290,-1,249,144,47,72,0.92,7,-1,-1
291,-1,246,146,48,74,0.92,7,-1,-1
292,-1,244,148,50,76,0.92,7,-1,-1
293,-1,240,149,52,80,0.91,7,-1,-1
294,-1,238,150,52,82,0.92,7,-1,-1
295,-1,234,152,54,85,0.92,7,-1,-1
296,-1,231,154,56,88,0.93,7,-1,-1
297,-1,227,156,58,92,0.92,7,-1,-1
298,-1,223,157,61,95,0.91,7,-1,-1
299,-1,219,160,63,100,0.92,7,-1,-1
300,-1,216,162,65,102,0.93,7,-1,-1
301,-1,210,164,68,108,0.93,7,-1,-1
302,-1,205,166,70,112,0.93,7,-1,-1
303,-1,200,170,74,117,0.93,7,-1,-1
303,-1,509,331,126,204,0.92,7,-1,-1
304,-1,194,173,78,122,0.93,7,-1,-1
305,-1,187,176,82,130,0.93,7,-1,-1
305,-1,492,303,142,231,0.90,7,-1,-1
306,-1,182,178,84,136,0.93,7,-1,-1
306,-1,487,296,148,235,0.91,7,-1,-1
307,-1,172,182,92,146,0.94,7,-1,-1
307,-1,480,284,155,242,0.90,7,-1,-1
308,-1,164,185,96,152,0.93,7,-1,-1
308,-1,410,449,69,83,0.92,2,-1,-1
308,-1,476,277,156,224,0.90,7,-1,-1
308,-1,330,118,10,12,0.33,2,-1,-1
309,-1,153,189,104,164,0.93,7,-1,-1
309,-1,471,268,144,205,0.92,7,-1,-1
309,-1,405,411,61,70,0.91,2,-1,-1
309,-1,330,118,10,11,0.13,2,-1,-1
310,-1,401,388,57,66,0.93,2,-1,-1
310,-1,146,192,110,173,0.93,7,-1,-1
310,-1,466,260,138,194,0.92,7,-1,-1
311,-1,133,197,118,188,0.94,7,-1,-1
311,-1,462,254,127,179,0.92,7,-1,-1
311,-1,397,361,50,56,0.91,2,-1,-1
312,-1,124,202,124,199,0.93,7,-1,-1
312,-1,458,248,122,170,0.92,7,-1,-1
312,-1,394,344,47,53,0.90,2,-1,-1
313,-1,452,241,114,156,0.93,7,-1,-1
313,-1,108,208,135,218,0.91,7,-1,-1
313,-1,391,322,43,48,0.90,2,-1,-1
314,-1,449,237,110,149,0.92,7,-1,-1
314,-1,95,212,144,238,0.90,7,-1,-1
314,-1,389,310,40,44,0.89,2,-1,-1
315,-1,445,231,103,139,0.92,7,-1,-1
315,-1,73,220,162,259,0.91,7,-1,-1
315,-1,386,293,38,42,0.88,2,-1,-1
316,-1,442,227,99,133,0.93,7,-1,-1
316,-1,59,224,172,276,0.92,7,-1,-1
316,-1,384,285,36,38,0.90,2,-1,-1
316,-1,330,122,10,11,0.20,2,-1,-1
317,-1,438,220,93,126,0.92,7,-1,-1
317,-1,34,234,187,296,0.91,7,-1,-1
317,-1,381,271,34,35,0.88,2,-1,-1
317,-1,330,122,10,11,0.20,2,-1,-1
318,-1,15,239,200,292,0.94,7,-1,-1
318,-1,437,218,88,121,0.93,7,-1,-1
318,-1,380,264,32,33,0.88,2,-1,-1
318,-1,329,124,9,11,0.40,2,-1,-1
319,-1,434,215,84,112,0.93,7,-1,-1
319,-1,10,250,198,275,0.92,7,-1,-1
319,-1,379,252,31,32,0.88,2,-1,-1
319,-1,328,125,9,11,0.63,2,-1,-1
320,-1,432,212,80,108,0.92,7,-1,-1
320,-1,9,263,194,268,0.90,7,-1,-1
320,-1,378,246,29,31,0.88,2,-1,-1
320,-1,328,125,9,11,0.63,2,-1,-1
321,-1,430,206,74,102,0.93,7,-1,-1
321,-1,7,274,187,260,0.92,7,-1,-1
321,-1,377,237,26,28,0.88,2,-1,-1
321,-1,328,126,10,12,0.67,2,-1,-1
322,-1,428,203,72,100,0.92,7,-1,-1
322,-1,7,286,177,247,0.89,7,-1,-1
322,-1,376,232,26,26,0.87,2,-1,-1
322,-1,327,126,11,11,0.69,2,-1,-1
323,-1,424,198,70,96,0.92,7,-1,-1
323,-1,7,306,164,228,0.90,7,-1,-1
323,-1,375,224,24,25,0.86,2,-1,-1
323,-1,327,126,11,12,0.63,2,-1,-1
324,-1,8,319,154,214,0.93,7,-1,-1
324,-1,424,195,67,93,0.92,7,-1,-1
324,-1,374,220,22,24,0.87,2,-1,-1
324,-1,327,127,11,11,0.46,2,-1,-1
325,-1,7,346,139,190,0.93,7,-1,-1
325,-1,420,192,65,89,0.92,7,-1,-1
325,-1,374,214,22,23,0.87,2,-1,-1
325,-1,326,128,12,12,0.54,2,-1,-1
326,-1,419,190,62,86,0.92,7,-1,-1
326,-1,372,209,22,22,0.87,2,-1,-1
326,-1,326,129,12,12,0.62,2,-1,-1
327,-1,417,189,60,80,0.91,7,-1,-1
327,-1,371,203,22,23,0.87,2,-1,-1
327,-1,326,130,12,12,0.53,2,-1,-1
328,-1,416,189,58,76,0.91,7,-1,-1
328,-1,370,200,22,22,0.84,2,-1,-1
328,-1,324,130,12,12,0.76,2,-1,-1
329,-1,414,184,55,75,0.91,7,-1,-1
329,-1,369,194,21,22,0.86,2,-1,-1
329,-1,325,131,12,12,0.72,2,-1,-1
330,-1,414,182,53,74,0.91,7,-1,-1
330,-1,368,191,21,21,0.85,2,-1,-1
330,-1,324,132,12,12,0.78,2,-1,-1
331,-1,412,180,51,70,0.91,7,-1,-1
331,-1,368,187,20,21,0.86,2,-1,-1
331,-1,324,133,12,12,0.78,2,-1,-1
332,-1,410,178,50,68,0.92,7,-1,-1
332,-1,367,184,20,20,0.85,2,-1,-1
332,-1,323,134,12,12,0.77,2,-1,-1
333,-1,408,175,48,66,0.92,7,-1,-1
333,-1,366,180,18,20,0.86,2,-1,-1
333,-1,322,135,12,12,0.74,2,-1,-1
334,-1,408,175,47,64,0.91,7,-1,-1
334,-1,366,178,18,19,0.84,2,-1,-1
334,-1,321,135,13,14,0.74,2,-1,-1
335,-1,414,439,72,84,0.93,2,-1,-1
335,-1,406,172,46,63,0.91,7,-1,-1
335,-1,366,175,18,18,0.86,2,-1,-1
335,-1,321,137,13,13,0.78,2,-1,-1
336,-1,410,414,67,74,0.92,2,-1,-1
336,-1,405,170,44,61,0.91,7,-1,-1
336,-1,366,174,18,18,0.85,2,-1,-1
336,-1,320,138,13,14,0.82,2,-1,-1
337,-1,404,379,59,64,0.93,2,-1,-1
337,-1,404,167,44,61,0.91,7,-1,-1
337,-1,365,170,17,18,0.86,2,-1,-1
337,-1,320,139,13,14,0.78,2,-1,-1
338,-1,401,360,55,59,0.93,2,-1,-1
338,-1,403,166,42,58,0.91,7,-1,-1
338,-1,365,168,17,17,0.87,2,-1,-1
338,-1,320,140,13,14,0.79,2,-1,-1
339,-1,397,334,49,52,0.92,2,-1,-1
339,-1,402,163,41,58,0.91,7,-1,-1
339,-1,365,166,17,16,0.85,2,-1,-1
339,-1,320,142,13,14,0.80,2,-1,-1
340,-1,400,162,41,56,0.91,7,-1,-1
340,-1,395,319,46,50,0.91,2,-1,-1
340,-1,364,164,17,17,0.86,2,-1,-1
340,-1,319,143,13,14,0.78,2,-1,-1
341,-1,392,301,44,44,0.90,2,-1,-1
341,-1,400,161,38,54,0.90,7,-1,-1
341,-1,364,161,16,16,0.87,2,-1,-1
341,-1,318,144,14,14,0.79,2,-1,-1
342,-1,400,161,37,52,0.91,7,-1,-1
342,-1,390,290,42,42,0.89,2,-1,-1
342,-1,364,160,16,16,0.86,2,-1,-1
342,-1,318,146,14,14,0.83,2,-1,-1
343,-1,398,159,36,51,0.91,7,-1,-1
343,-1,386,275,39,38,0.89,2,-1,-1
343,-1,364,158,16,16,0.84,2,-1,-1
343,-1,317,148,14,15,0.82,2,-1,-1
344,-1,397,158,36,50,0.90,7,-1,-1
344,-1,385,266,36,36,0.89,2,-1,-1
344,-1,362,157,16,15,0.86,2,-1,-1
344,-1,316,148,14,15,0.84,2,-1,-1
345,-1,396,156,35,49,0.90,7,-1,-1
345,-1,382,254,34,34,0.88,2,-1,-1
345,-1,362,156,16,14,0.85,2,-1,-1
345,-1,315,151,15,16,0.84,2,-1,-1
346,-1,394,156,35,48,0.90,7,-1,-1
346,-1,382,247,34,32,0.87,2,-1,-1
346,-1,362,154,15,14,0.85,2,-1,-1
346,-1,314,152,15,17,0.84,2,-1,-1
347,-1,394,154,34,47,0.90,7,-1,-1
347,-1,380,238,31,30,0.88,2,-1,-1
347,-1,363,152,14,14,0.84,2,-1,-1
347,-1,313,154,16,17,0.83,2,-1,-1
348,-1,393,154,34,45,0.90,7,-1,-1
348,-1,378,230,30,31,0.87,2,-1,-1
348,-1,312,155,16,18,0.84,2,-1,-1
348,-1,362,150,14,14,0.82,2,-1,-1
349,-1,393,153,32,44,0.90,7,-1,-1
349,-1,378,223,27,28,0.88,2,-1,-1
349,-1,311,159,16,17,0.84,2,-1,-1
349,-1,362,149,13,13,0.82,2,-1,-1
350,-1,392,151,32,44,0.90,7,-1,-1
350,-1,377,217,27,28,0.87,2,-1,-1
350,-1,310,160,17,18,0.85,2,-1,-1
350,-1,362,148,13,13,0.82,2,-1,-1
351,-1,391,150,31,42,0.89,7,-1,-1
351,-1,375,210,27,27,0.86,2,-1,-1
351,-1,310,162,17,18,0.85,2,-1,-1
351,-1,362,146,13,13,0.82,2,-1,-1
352,-1,390,149,31,42,0.90,7,-1,-1
352,-1,308,164,17,19,0.86,2,-1,-1
352,-1,374,207,25,25,0.85,2,-1,-1
352,-1,361,146,13,12,0.83,2,-1,-1
353,-1,390,147,30,42,0.89,7,-1,-1
353,-1,372,201,24,24,0.88,2,-1,-1
353,-1,306,168,18,19,0.85,2,-1,-1
353,-1,360,144,14,13,0.81,2,-1,-1
354,-1,389,147,30,41,0.90,7,-1,-1
354,-1,372,197,24,24,0.87,2,-1,-1
354,-1,306,170,18,20,0.86,2,-1,-1
354,-1,361,144,13,13,0.81,2,-1,-1
355,-1,388,145,30,41,0.90,7,-1,-1
355,-1,371,193,23,23,0.87,2,-1,-1
355,-1,304,172,19,22,0.86,2,-1,-1
355,-1,360,142,13,12,0.84,2,-1,-1
356,-1,421,462,76,72,0.92,2,-1,-1
356,-1,388,145,29,40,0.89,7,-1,-1
356,-1,370,189,22,22,0.86,2,-1,-1
356,-1,360,141,12,12,0.84,2,-1,-1
356,-1,304,174,19,23,0.83,2,-1,-1
357,-1,414,421,68,71,0.92,2,-1,-1
357,-1,387,144,29,39,0.89,7,-1,-1
357,-1,302,178,20,24,0.87,2,-1,-1
357,-1,370,186,21,21,0.86,2,-1,-1
357,-1,360,141,12,11,0.82,2,-1,-1
358,-1,410,397,62,66,0.92,2,-1,-1
358,-1,386,143,28,39,0.88,7,-1,-1
358,-1,369,183,20,20,0.86,2,-1,-1
358,-1,300,183,21,23,0.85,2,-1,-1
358,-1,360,140,12,12,0.81,2,-1,-1
359,-1,404,366,56,58,0.90,2,-1,-1
359,-1,386,142,28,38,0.89,7,-1,-1
359,-1,368,178,20,20,0.86,2,-1,-1
359,-1,298,187,22,24,0.86,2,-1,-1
359,-1,360,138,12,12,0.80,2,-1,-1
360,-1,401,348,52,55,0.92,2,-1,-1
360,-1,385,142,28,36,0.89,7,-1,-1
360,-1,368,177,20,19,0.86,2,-1,-1
360,-1,296,189,22,26,0.86,2,-1,-1
360,-1,360,138,13,12,0.75,2,-1,-1
361,-1,397,325,47,48,0.91,2,-1,-1
361,-1,384,140,27,37,0.89,7,-1,-1
361,-1,293,196,25,28,0.88,2,-1,-1
361,-1,367,174,20,18,0.87,2,-1,-1
361,-1,359,136,12,12,0.80,2,-1,-1
362,-1,394,312,45,46,0.91,2,-1,-1
362,-1,292,201,24,28,0.89,2,-1,-1
362,-1,384,140,27,36,0.89,7,-1,-1
362,-1,366,172,20,18,0.85,2,-1,-1
362,-1,359,136,12,12,0.80,2,-1,-1
363,-1,391,294,42,42,0.89,2,-1,-1
363,-1,384,140,26,35,0.89,7,-1,-1
363,-1,290,207,26,30,0.88,2,-1,-1
363,-1,366,169,18,17,0.85,2,-1,-1
363,-1,359,134,12,12,0.81,2,-1,-1
364,-1,389,282,40,41,0.90,2,-1,-1
364,-1,383,139,26,34,0.89,7,-1,-1
364,-1,288,213,26,30,0.88,2,-1,-1
364,-1,366,167,18,17,0.84,2,-1,-1
364,-1,359,134,11,12,0.80,2,-1,-1
365,-1,382,138,26,34,0.89,7,-1,-1
365,-1,386,272,37,35,0.89,2,-1,-1
365,-1,283,220,29,34,0.88,2,-1,-1
365,-1,366,165,17,16,0.85,2,-1,-1
365,-1,358,132,11,12,0.81,2,-1,-1
366,-1,382,137,26,35,0.89,7,-1,-1
366,-1,280,226,31,36,0.89,2,-1,-1
366,-1,384,264,35,33,0.88,2,-1,-1
366,-1,364,162,17,17,0.87,2,-1,-1
366,-1,358,132,11,12,0.78,2,-1,-1
367,-1,276,236,32,40,0.90,2,-1,-1
367,-1,382,137,25,33,0.88,7,-1,-1
367,-1,382,252,34,32,0.88,2,-1,-1
367,-1,364,159,16,16,0.85,2,-1,-1
367,-1,358,130,11,12,0.76,2,-1,-1
368,-1,273,241,34,44,0.90,2,-1,-1
368,-1,381,136,25,33,0.88,7,-1,-1
368,-1,382,245,32,30,0.88,2,-1,-1
368,-1,364,158,16,16,0.86,2,-1,-1
368,-1,358,130,11,12,0.55,2,-1,-1
369,-1,267,255,38,48,0.90,2,-1,-1
369,-1,380,135,25,32,0.89,7,-1,-1
369,-1,379,235,30,29,0.88,2,-1,-1
369,-1,363,156,15,16,0.86,2,-1,-1
369,-1,358,130,11,12,0.56,2,-1,-1
370,-1,263,263,40,53,0.90,2,-1,-1
370,-1,380,135,25,32,0.89,7,-1,-1
370,-1,378,230,29,28,0.87,2,-1,-1
370,-1,362,155,15,15,0.86,2,-1,-1
370,-1,358,129,11,12,0.58,2,-1,-1
371,-1,255,279,43,60,0.91,2,-1,-1
371,-1,380,134,24,31,0.88,7,-1,-1
371,-1,377,223,28,26,0.87,2,-1,-1
371,-1,362,153,15,15,0.85,2,-1,-1
372,-1,249,291,47,66,0.93,2,-1,-1
372,-1,379,133,24,31,0.89,7,-1,-1
372,-1,376,217,28,26,0.88,2,-1,-1
372,-1,362,152,15,15,0.84,2,-1,-1
373,-1,239,314,52,76,0.92,2,-1,-1
373,-1,378,132,24,32,0.88,7,-1,-1
373,-1,374,210,26,25,0.88,2,-1,-1
373,-1,360,149,14,14,0.83,2,-1,-1
374,-1,230,332,56,85,0.92,2,-1,-1
374,-1,378,132,24,31,0.88,7,-1,-1
374,-1,374,206,25,24,0.86,2,-1,-1
374,-1,360,149,15,14,0.83,2,-1,-1
375,-1,214,365,64,102,0.92,2,-1,-1
375,-1,372,200,24,23,0.89,2,-1,-1
375,-1,378,131,23,30,0.88,7,-1,-1
375,-1,360,146,15,16,0.80,2,-1,-1
375,-1,358,127,10,10,0.54,2,-1,-1
376,-1,204,392,69,115,0.92,2,-1,-1
376,-1,371,198,24,22,0.88,2,-1,-1
376,-1,378,131,22,30,0.87,7,-1,-1
376,-1,360,145,14,14,0.79,2,-1,-1
376,-1,358,127,10,10,0.51,2,-1,-1
377,-1,182,443,78,91,0.90,2,-1,-1
377,-1,378,130,22,30,0.87,7,-1,-1
377,-1,370,192,24,22,0.86,2,-1,-1
377,-1,360,144,14,14,0.77,2,-1,-1
377,-1,357,126,11,10,0.37,2,-1,-1
378,-1,174,487,76,47,0.88,2,-1,-1
378,-1,378,130,22,28,0.87,7,-1,-1
378,-1,370,189,22,22,0.86,2,-1,-1
378,-1,360,142,14,14,0.78,2,-1,-1
378,-1,356,126,11,10,0.22,2,-1,-1
379,-1,377,129,22,28,0.87,7,-1,-1
379,-1,368,185,22,20,0.85,2,-1,-1
379,-1,360,141,14,14,0.72,2,-1,-1
379,-1,356,125,10,9,0.12,2,-1,-1
380,-1,377,129,22,28,0.87,7,-1,-1
380,-1,369,181,21,21,0.86,2,-1,-1
380,-1,360,140,14,14,0.74,2,-1,-1
381,-1,376,128,21,28,0.87,7,-1,-1
381,-1,368,178,21,20,0.87,2,-1,-1
381,-1,359,139,13,13,0.67,2,-1,-1
382,-1,376,128,22,28,0.87,7,-1,-1
382,-1,368,176,19,19,0.85,2,-1,-1
382,-1,358,138,13,13,0.69,2,-1,-1
383,-1,376,128,21,28,0.87,7,-1,-1
383,-1,367,173,20,19,0.85,2,-1,-1
383,-1,358,137,13,13,0.56,2,-1,-1
384,-1,375,127,21,27,0.86,7,-1,-1
384,-1,366,170,20,20,0.85,2,-1,-1
384,-1,358,136,13,14,0.61,2,-1,-1
385,-1,375,126,20,27,0.88,7,-1,-1
385,-1,365,168,19,18,0.86,2,-1,-1
385,-1,358,135,13,13,0.63,2,-1,-1
386,-1,375,126,20,27,0.86,7,-1,-1
386,-1,365,166,19,18,0.85,2,-1,-1
386,-1,358,134,12,13,0.43,2,-1,-1
387,-1,365,163,19,18,0.85,2,-1,-1
387,-1,374,126,20,26,0.84,7,-1,-1
387,-1,358,132,12,12,0.64,2,-1,-1
388,-1,364,161,18,18,0.87,2,-1,-1
388,-1,375,126,19,25,0.83,7,-1,-1
388,-1,358,132,12,12,0.56,2,-1,-1
389,-1,364,159,18,17,0.86,2,-1,-1
389,-1,374,125,20,25,0.82,7,-1,-1
389,-1,358,132,12,12,0.73,2,-1,-1
390,-1,363,158,18,16,0.85,2,-1,-1
390,-1,374,124,19,25,0.78,7,-1,-1
390,-1,358,131,12,12,0.74,2,-1,-1
391,-1,363,156,16,16,0.86,2,-1,-1
391,-1,356,129,12,13,0.70,2,-1,-1
391,-1,374,124,19,25,0.66,7,-1,-1
392,-1,362,154,16,16,0.87,2,-1,-1
392,-1,356,129,12,12,0.65,2,-1,-1
392,-1,374,124,19,24,0.59,2,-1,-1
393,-1,362,152,16,16,0.86,2,-1,-1
393,-1,356,128,12,12,0.65,2,-1,-1
393,-1,374,123,18,24,0.52,7,-1,-1
394,-1,362,150,16,15,0.86,2,-1,-1
394,-1,356,127,12,12,0.57,2,-1,-1
394,-1,373,122,18,25,0.56,7,-1,-1
395,-1,361,148,16,15,0.86,2,-1,-1
395,-1,373,122,19,25,0.58,7,-1,-1
395,-1,356,126,12,12,0.23,2,-1,-1
396,-1,361,147,16,16,0.85,2,-1,-1
396,-1,373,122,18,24,0.45,2,-1,-1
396,-1,356,126,12,12,0.29,2,-1,-1
397,-1,360,145,15,15,0.84,2,-1,-1
397,-1,372,122,18,24,0.50,7,-1,-1
398,-1,360,144,15,15,0.82,2,-1,-1
398,-1,372,121,18,24,0.52,2,-1,-1
398,-1,329,107,13,20,0.12,7,-1,-1
399,-1,360,142,14,15,0.82,2,-1,-1
399,-1,373,121,18,24,0.50,2,-1,-1
399,-1,328,107,14,20,0.11,7,-1,-1
400,-1,360,142,14,14,0.82,2,-1,-1
400,-1,372,121,18,24,0.48,2,-1,-1
401,-1,360,141,14,14,0.84,2,-1,-1
401,-1,372,120,18,23,0.59,7,-1,-1
401,-1,329,108,14,20,0.17,7,-1,-1
402,-1,358,140,14,14,0.85,2,-1,-1
402,-1,372,120,17,23,0.48,7,-1,-1
402,-1,330,106,14,22,0.38,7,-1,-1
403,-1,359,138,13,14,0.82,2,-1,-1
403,-1,372,120,18,23,0.47,2,-1,-1
403,-1,329,106,14,22,0.36,7,-1,-1
404,-1,358,138,13,13,0.82,2,-1,-1
404,-1,372,120,17,23,0.57,2,-1,-1
404,-1,329,106,14,21,0.31,7,-1,-1
405,-1,358,137,13,14,0.81,2,-1,-1
405,-1,371,119,17,22,0.58,2,-1,-1
405,-1,329,108,14,21,0.21,7,-1,-1
406,-1,358,137,12,13,0.80,2,-1,-1
406,-1,370,119,17,22,0.59,2,-1,-1
406,-1,329,108,14,21,0.10,7,-1,-1
407,-1,358,134,12,13,0.82,2,-1,-1
407,-1,370,118,17,22,0.68,2,-1,-1
408,-1,358,134,12,12,0.81,2,-1,-1
408,-1,370,118,17,22,0.71,2,-1,-1
408,-1,328,108,14,22,0.23,7,-1,-1
409,-1,357,132,12,12,0.83,2,-1,-1
409,-1,370,118,16,21,0.74,2,-1,-1
409,-1,328,111,14,19,0.13,7,-1,-1
410,-1,357,132,12,13,0.82,2,-1,-1
410,-1,370,118,16,20,0.77,2,-1,-1
410,-1,329,111,14,19,0.13,7,-1,-1
411,-1,357,130,12,13,0.82,2,-1,-1
411,-1,370,117,16,20,0.76,2,-1,-1
412,-1,357,130,11,12,0.80,2,-1,-1
412,-1,370,117,15,20,0.75,2,-1,-1
413,-1,356,129,12,12,0.77,2,-1,-1
413,-1,369,116,15,20,0.74,2,-1,-1
414,-1,357,129,11,12,0.75,2,-1,-1
414,-1,369,116,15,20,0.74,2,-1,-1
415,-1,369,116,14,20,0.73,2,-1,-1
415,-1,356,127,12,12,0.73,2,-1,-1
416,-1,356,128,11,12,0.74,2,-1,-1
416,-1,369,116,14,20,0.72,2,-1,-1
416,-1,314,112,13,18,0.13,7,-1,-1
417,-1,503,328,132,206,0.93,7,-1,-1
417,-1,356,126,11,12,0.77,2,-1,-1
417,-1,369,116,14,19,0.67,2,-1,-1
417,-1,329,112,12,21,0.28,7,-1,-1
417,-1,314,112,13,19,0.24,7,-1,-1
418,-1,495,316,139,219,0.92,7,-1,-1
418,-1,356,126,11,12,0.76,2,-1,-1
418,-1,368,116,14,20,0.46,2,-1,-1
418,-1,329,114,12,20,0.17,7,-1,-1
419,-1,486,301,149,234,0.91,7,-1,-1
419,-1,356,126,11,12,0.77,2,-1,-1
419,-1,368,115,14,20,0.48,7,-1,-1
419,-1,328,113,12,21,0.22,7,-1,-1
420,-1,481,292,154,240,0.90,7,-1,-1
420,-1,356,125,11,12,0.75,2,-1,-1
420,-1,368,115,14,19,0.44,7,-1,-1
420,-1,328,113,13,21,0.28,7,-1,-1
421,-1,474,274,161,242,0.91,7,-1,-1
421,-1,356,125,11,12,0.71,2,-1,-1
421,-1,368,114,14,20,0.52,7,-1,-1
421,-1,328,112,13,22,0.43,7,-1,-1
421,-1,312,114,13,19,0.30,7,-1,-1
422,-1,469,272,160,222,0.92,7,-1,-1
422,-1,355,124,11,12,0.71,2,-1,-1
422,-1,368,114,14,20,0.58,7,-1,-1
422,-1,328,112,12,22,0.20,7,-1,-1
422,-1,312,114,14,19,0.18,7,-1,-1
423,-1,462,261,146,203,0.93,7,-1,-1
423,-1,355,124,11,12,0.71,2,-1,-1
423,-1,368,114,14,20,0.62,7,-1,-1
423,-1,312,114,14,19,0.18,7,-1,-1
423,-1,328,112,12,21,0.16,7,-1,-1
424,-1,457,255,140,192,0.93,7,-1,-1
424,-1,354,123,11,12,0.71,2,-1,-1
424,-1,368,114,14,20,0.59,7,-1,-1
424,-1,312,114,14,19,0.32,7,-1,-1
424,-1,328,113,13,22,0.20,7,-1,-1
425,-1,453,247,126,174,0.93,7,-1,-1
425,-1,354,122,11,12,0.62,2,-1,-1
425,-1,327,113,13,23,0.51,7,-1,-1
425,-1,367,113,14,19,0.50,7,-1,-1
425,-1,312,114,13,19,0.39,7,-1,-1
426,-1,449,242,120,166,0.93,7,-1,-1
426,-1,354,122,11,12,0.61,2,-1,-1
426,-1,367,113,14,19,0.50,7,-1,-1
426,-1,327,114,13,23,0.37,7,-1,-1
426,-1,312,114,14,20,0.31,7,-1,-1
427,-1,444,235,110,153,0.93,7,-1,-1
427,-1,354,122,10,11,0.51,2,-1,-1
427,-1,327,113,13,24,0.47,7,-1,-1
427,-1,366,113,14,18,0.46,2,-1,-1
427,-1,312,113,14,20,0.41,7,-1,-1
428,-1,441,231,107,145,0.92,7,-1,-1
428,-1,326,112,14,26,0.68,7,-1,-1
428,-1,366,112,14,18,0.53,2,-1,-1
428,-1,354,121,10,10,0.49,2,-1,-1
428,-1,311,114,14,20,0.36,7,-1,-1
429,-1,438,224,100,134,0.93,7,-1,-1
429,-1,326,113,15,26,0.75,7,-1,-1
429,-1,366,112,14,18,0.54,7,-1,-1
429,-1,354,120,10,10,0.51,2,-1,-1
429,-1,311,114,13,20,0.40,7,-1,-1
430,-1,435,220,96,130,0.92,7,-1,-1
430,-1,326,113,15,26,0.76,7,-1,-1
430,-1,354,120,10,10,0.51,2,-1,-1
430,-1,311,114,13,20,0.50,7,-1,-1
430,-1,366,112,14,18,0.46,2,-1,-1
431,-1,432,216,89,119,0.93,7,-1,-1
431,-1,326,113,15,27,0.72,7,-1,-1
431,-1,354,120,10,10,0.57,2,-1,-1
431,-1,311,115,13,20,0.51,7,-1,-1
431,-1,366,112,14,17,0.48,2,-1,-1
432,-1,430,214,85,113,0.93,7,-1,-1
432,-1,326,114,15,27,0.73,7,-1,-1
432,-1,311,116,13,20,0.69,7,-1,-1
432,-1,354,119,9,10,0.68,2,-1,-1
432,-1,366,112,14,17,0.51,2,-1,-1
433,-1,427,207,81,108,0.92,7,-1,-1
433,-1,326,114,15,28,0.79,7,-1,-1
433,-1,310,115,14,21,0.68,7,-1,-1
433,-1,353,118,8,10,0.61,2,-1,-1
433,-1,366,112,13,17,0.46,7,-1,-1
434,-1,425,205,78,103,0.93,7,-1,-1
434,-1,326,113,16,28,0.79,7,-1,-1
434,-1,310,115,14,21,0.66,7,-1,-1
434,-1,353,118,9,10,0.48,2,-1,-1
434,-1,365,112,14,17,0.45,7,-1,-1
435,-1,422,200,73,98,0.93,7,-1,-1
435,-1,325,113,16,30,0.79,7,-1,-1
435,-1,310,115,14,22,0.60,7,-1,-1
435,-1,352,118,9,10,0.59,2,-1,-1
435,-1,364,111,13,17,0.55,7,-1,-1
436,-1,420,197,70,96,0.92,7,-1,-1
436,-1,325,113,16,30,0.77,7,-1,-1
436,-1,364,111,13,17,0.65,7,-1,-1
436,-1,310,114,14,23,0.46,7,-1,-1
436,-1,352,117,8,10,0.45,2,-1,-1
437,-1,418,193,67,91,0.92,7,-1,-1
437,-1,324,113,17,30,0.78,7,-1,-1
437,-1,364,111,13,17,0.67,7,-1,-1
437,-1,310,115,15,23,0.63,7,-1,-1
437,-1,352,117,8,10,0.44,2,-1,-1
438,-1,416,192,65,87,0.92,7,-1,-1
438,-1,364,111,13,17,0.80,7,-1,-1
438,-1,324,113,16,31,0.79,7,-1,-1
438,-1,310,114,15,24,0.75,7,-1,-1
438,-1,352,117,8,10,0.19,2,-1,-1
439,-1,415,189,61,82,0.91,7,-1,-1
439,-1,324,113,16,31,0.79,7,-1,-1
439,-1,364,110,13,17,0.77,7,-1,-1
439,-1,310,114,16,24,0.75,7,-1,-1
439,-1,352,116,8,10,0.35,2,-1,-1
440,-1,414,188,58,78,0.91,7,-1,-1
440,-1,324,114,17,32,0.80,7,-1,-1
440,-1,364,110,12,16,0.76,7,-1,-1
440,-1,309,114,16,24,0.73,7,-1,-1
440,-1,352,117,8,9,0.56,2,-1,-1
441,-1,412,186,56,74,0.91,7,-1,-1
441,-1,324,115,17,31,0.82,7,-1,-1
441,-1,364,110,12,16,0.76,7,-1,-1
441,-1,308,115,16,24,0.74,7,-1,-1
441,-1,352,116,8,9,0.42,2,-1,-1
442,-1,505,332,130,202,0.92,7,-1,-1
442,-1,411,182,54,73,0.91,7,-1,-1
442,-1,323,114,18,33,0.79,7,-1,-1
442,-1,308,115,16,24,0.72,7,-1,-1
442,-1,363,110,12,16,0.65,7,-1,-1
442,-1,351,116,8,9,0.17,2,-1,-1
443,-1,410,179,52,70,0.92,7,-1,-1
443,-1,494,316,141,219,0.91,7,-1,-1
443,-1,323,116,18,32,0.82,7,-1,-1
443,-1,308,116,15,24,0.71,7,-1,-1
443,-1,363,110,13,16,0.66,7,-1,-1
443,-1,351,116,8,9,0.23,2,-1,-1
444,-1,408,178,50,68,0.92,7,-1,-1
444,-1,488,304,147,230,0.90,7,-1,-1
444,-1,322,116,20,34,0.82,7,-1,-1
444,-1,363,110,13,16,0.67,7,-1,-1
444,-1,307,118,14,23,0.52,7,-1,-1
444,-1,352,116,8,9,0.19,2,-1,-1
445,-1,408,176,48,64,0.92,7,-1,-1
445,-1,321,116,20,34,0.80,7,-1,-1
445,-1,362,109,13,17,0.74,7,-1,-1
445,-1,308,118,13,23,0.22,7,-1,-1
446,-1,406,175,48,62,0.92,7,-1,-1
446,-1,475,282,160,242,0.90,7,-1,-1
446,-1,321,117,20,35,0.82,7,-1,-1
446,-1,362,109,13,16,0.72,7,-1,-1
446,-1,306,117,15,24,0.37,7,-1,-1
447,-1,470,272,154,218,0.92,7,-1,-1
447,-1,404,172,45,60,0.91,7,-1,-1
447,-1,320,117,20,36,0.82,7,-1,-1
447,-1,361,109,13,16,0.71,7,-1,-1
447,-1,306,117,15,25,0.46,7,-1,-1
448,-1,465,264,146,206,0.92,7,-1,-1
448,-1,404,170,44,58,0.92,7,-1,-1
448,-1,320,117,20,36,0.82,7,-1,-1
448,-1,361,109,13,17,0.73,7,-1,-1
448,-1,305,118,16,24,0.60,7,-1,-1
449,-1,458,256,134,189,0.93,7,-1,-1
449,-1,402,168,43,56,0.91,7,-1,-1
449,-1,320,118,20,36,0.80,7,-1,-1
449,-1,361,108,13,16,0.73,7,-1,-1
449,-1,305,118,16,24,0.69,7,-1,-1
450,-1,455,252,127,177,0.92,7,-1,-1
450,-1,402,167,42,55,0.91,7,-1,-1
450,-1,320,118,20,36,0.81,7,-1,-1
450,-1,304,119,17,25,0.72,7,-1,-1
450,-1,361,108,12,16,0.68,7,-1,-1
451,-1,450,243,116,164,0.94,7,-1,-1
451,-1,400,163,40,55,0.91,7,-1,-1
451,-1,320,120,20,36,0.80,7,-1,-1
451,-1,304,119,17,24,0.76,7,-1,-1
451,-1,361,108,12,16,0.58,7,-1,-1
452,-1,447,239,110,156,0.92,7,-1,-1
452,-1,399,162,40,54,0.90,7,-1,-1
452,-1,319,120,20,36,0.80,7,-1,-1
452,-1,304,119,17,25,0.77,7,-1,-1
452,-1,360,108,12,16,0.60,7,-1,-1
453,-1,443,232,102,146,0.92,7,-1,-1
453,-1,398,160,39,52,0.91,7,-1,-1
453,-1,318,120,21,37,0.80,7,-1,-1
453,-1,303,120,18,25,0.78,7,-1,-1
453,-1,360,108,13,16,0.71,7,-1,-1
454,-1,440,227,98,140,0.93,7,-1,-1
454,-1,398,160,38,51,0.91,7,-1,-1
454,-1,318,121,21,38,0.83,7,-1,-1
454,-1,302,120,18,25,0.76,7,-1,-1
454,-1,359,107,13,16,0.66,7,-1,-1
455,-1,437,220,92,131,0.92,7,-1,-1
455,-1,396,158,36,48,0.91,7,-1,-1
455,-1,317,121,22,40,0.84,7,-1,-1
455,-1,302,120,18,26,0.76,7,-1,-1
455,-1,359,108,12,16,0.67,7,-1,-1
456,-1,434,217,89,125,0.93,7,-1,-1
456,-1,395,156,36,48,0.90,7,-1,-1
456,-1,317,122,22,39,0.83,7,-1,-1
456,-1,301,120,19,26,0.76,7,-1,-1
456,-1,359,107,12,16,0.71,7,-1,-1
457,-1,432,214,83,115,0.93,7,-1,-1
457,-1,394,155,35,46,0.90,7,-1,-1
457,-1,316,122,22,40,0.84,7,-1,-1
457,-1,302,121,18,27,0.81,7,-1,-1
457,-1,358,107,13,16,0.79,7,-1,-1
458,-1,430,210,80,111,0.92,7,-1,-1
458,-1,393,154,34,46,0.90,7,-1,-1
458,-1,316,123,22,40,0.84,7,-1,-1
458,-1,358,107,12,16,0.83,7,-1,-1
458,-1,300,121,19,28,0.81,7,-1,-1
459,-1,428,205,75,105,0.93,7,-1,-1
459,-1,392,153,33,44,0.90,7,-1,-1
459,-1,316,124,22,40,0.83,7,-1,-1
459,-1,358,108,12,15,0.82,7,-1,-1
459,-1,300,121,18,29,0.79,7,-1,-1
460,-1,425,203,73,100,0.92,7,-1,-1
460,-1,392,152,33,44,0.90,7,-1,-1
460,-1,316,125,22,41,0.83,7,-1,-1
460,-1,358,108,12,15,0.82,7,-1,-1
460,-1,300,122,19,28,0.79,7,-1,-1
461,-1,423,199,70,96,0.93,7,-1,-1
461,-1,391,150,32,43,0.89,7,-1,-1
461,-1,314,126,22,40,0.82,7,-1,-1
461,-1,358,107,12,15,0.81,7,-1,-1
461,-1,300,123,18,28,0.77,7,-1,-1
462,-1,422,196,67,92,0.92,7,-1,-1
462,-1,390,149,31,42,0.89,7,-1,-1
462,-1,314,128,23,40,0.82,7,-1,-1
462,-1,358,107,12,15,0.81,7,-1,-1
462,-1,299,123,18,28,0.71,7,-1,-1
463,-1,418,192,64,88,0.92,7,-1,-1
463,-1,389,148,30,40,0.89,7,-1,-1
463,-1,314,132,22,39,0.83,7,-1,-1
463,-1,357,107,12,15,0.79,7,-1,-1
463,-1,298,123,18,28,0.79,7,-1,-1
464,-1,416,189,61,84,0.91,7,-1,-1
464,-1,389,147,30,40,0.90,7,-1,-1
464,-1,312,131,24,41,0.83,7,-1,-1
464,-1,297,123,20,31,0.78,7,-1,-1
464,-1,357,107,12,15,0.78,7,-1,-1
465,-1,416,186,59,82,0.91,7,-1,-1
465,-1,388,146,30,40,0.90,7,-1,-1
465,-1,311,131,25,42,0.82,7,-1,-1
465,-1,297,124,20,30,0.80,7,-1,-1
465,-1,356,106,12,15,0.76,7,-1,-1
466,-1,415,186,56,78,0.90,7,-1,-1
466,-1,388,145,30,40,0.89,7,-1,-1
466,-1,311,134,25,40,0.82,7,-1,-1
466,-1,296,124,20,30,0.80,7,-1,-1
466,-1,356,106,12,15,0.77,7,-1,-1
467,-1,414,183,54,76,0.91,7,-1,-1
467,-1,387,144,29,38,0.89,7,-1,-1
467,-1,311,132,25,44,0.80,7,-1,-1
467,-1,296,125,20,29,0.79,7,-1,-1
467,-1,356,106,12,15,0.76,7,-1,-1
468,-1,412,180,53,74,0.90,7,-1,-1
468,-1,386,144,28,37,0.89,7,-1,-1
468,-1,294,126,20,30,0.81,7,-1,-1
468,-1,310,138,25,40,0.79,7,-1,-1
468,-1,356,106,12,15,0.71,7,-1,-1
469,-1,410,177,52,73,0.91,7,-1,-1
469,-1,386,143,28,36,0.89,7,-1,-1
469,-1,294,126,20,30,0.81,7,-1,-1
469,-1,308,134,26,46,0.79,7,-1,-1
469,-1,356,106,12,15,0.77,7,-1,-1
470,-1,408,175,50,70,0.92,7,-1,-1
470,-1,384,141,28,36,0.88,7,-1,-1
470,-1,294,127,20,30,0.82,7,-1,-1
470,-1,308,135,28,46,0.79,7,-1,-1
470,-1,354,105,12,15,0.70,7,-1,-1
470,-1,328,115,12,16,0.22,7,-1,-1
471,-1,408,174,48,67,0.91,7,-1,-1
471,-1,385,141,27,36,0.88,7,-1,-1
471,-1,294,127,20,30,0.79,7,-1,-1
471,-1,306,136,28,47,0.77,7,-1,-1
471,-1,354,105,12,15,0.70,7,-1,-1
471,-1,328,115,12,17,0.29,7,-1,-1
472,-1,407,172,46,64,0.91,7,-1,-1
472,-1,384,140,27,35,0.89,7,-1,-1
472,-1,292,128,20,30,0.80,7,-1,-1
472,-1,306,138,28,48,0.74,7,-1,-1
472,-1,354,105,11,15,0.60,7,-1,-1
472,-1,328,115,11,18,0.16,7,-1,-1
473,-1,406,172,44,62,0.91,7,-1,-1
473,-1,384,139,26,34,0.88,7,-1,-1
473,-1,292,128,20,31,0.80,7,-1,-1
473,-1,305,138,29,49,0.77,7,-1,-1
473,-1,354,105,11,15,0.61,7,-1,-1
474,-1,404,170,43,58,0.92,7,-1,-1
474,-1,383,138,26,33,0.89,7,-1,-1
474,-1,292,129,20,31,0.83,7,-1,-1
474,-1,304,147,28,42,0.81,7,-1,-1
474,-1,354,105,12,15,0.61,7,-1,-1
475,-1,404,168,42,58,0.91,7,-1,-1
475,-1,382,138,26,33,0.89,7,-1,-1
475,-1,291,130,20,32,0.82,7,-1,-1
475,-1,304,137,30,55,0.81,7,-1,-1
475,-1,354,105,11,14,0.53,7,-1,-1
476,-1,402,164,41,58,0.90,7,-1,-1
476,-1,382,137,26,32,0.88,7,-1,-1
476,-1,290,131,20,32,0.82,7,-1,-1
476,-1,302,140,31,54,0.80,7,-1,-1
476,-1,354,105,10,14,0.35,7,-1,-1
476,-1,314,126,10,10,0.24,2,-1,-1
477,-1,401,164,41,56,0.91,7,-1,-1
477,-1,381,136,26,32,0.88,7,-1,-1
477,-1,289,131,20,32,0.84,7,-1,-1
477,-1,302,146,32,50,0.81,7,-1,-1
477,-1,314,126,10,10,0.66,2,-1,-1
477,-1,352,104,11,14,0.33,7,-1,-1
478,-1,400,162,39,54,0.90,7,-1,-1
478,-1,380,135,26,31,0.88,7,-1,-1
478,-1,288,132,20,32,0.84,7,-1,-1
478,-1,300,146,32,52,0.81,7,-1,-1
478,-1,352,105,10,13,0.50,7,-1,-1
478,-1,314,128,10,10,0.41,2,-1,-1
479,-1,399,162,38,52,0.91,7,-1,-1
479,-1,380,134,25,32,0.88,7,-1,-1
479,-1,298,139,34,62,0.81,7,-1,-1
479,-1,287,132,21,34,0.80,7,-1,-1
479,-1,352,105,10,14,0.51,7,-1,-1
480,-1,399,161,37,50,0.91,7,-1,-1
480,-1,380,134,24,30,0.89,7,-1,-1
480,-1,298,142,35,62,0.81,7,-1,-1
480,-1,287,132,21,34,0.80,7,-1,-1
480,-1,352,105,10,14,0.57,7,-1,-1
481,-1,398,159,36,50,0.91,7,-1,-1
481,-1,379,133,25,30,0.88,7,-1,-1
481,-1,286,133,21,34,0.82,7,-1,-1
481,-1,296,146,36,60,0.80,7,-1,-1
481,-1,312,128,11,11,0.51,2,-1,-1
481,-1,352,106,10,13,0.49,7,-1,-1
481,-1,326,131,9,11,0.13,2,-1,-1
482,-1,397,158,35,48,0.90,7,-1,-1
482,-1,379,132,24,30,0.88,7,-1,-1
482,-1,295,151,37,58,0.81,7,-1,-1
482,-1,286,133,22,36,0.80,7,-1,-1
482,-1,352,106,10,13,0.47,7,-1,-1
482,-1,326,133,9,10,0.30,2,-1,-1
482,-1,312,130,10,11,0.24,2,-1,-1
483,-1,396,156,34,46,0.90,7,-1,-1
483,-1,379,132,24,29,0.87,7,-1,-1
483,-1,294,144,39,68,0.86,7,-1,-1
483,-1,285,134,23,36,0.80,7,-1,-1
483,-1,352,106,10,13,0.49,7,-1,-1
483,-1,326,133,9,10,0.33,2,-1,-1
483,-1,312,130,11,12,0.27,2,-1,-1
484,-1,395,155,33,46,0.90,7,-1,-1
484,-1,378,131,23,28,0.86,7,-1,-1
484,-1,292,144,41,72,0.85,7,-1,-1
484,-1,284,134,23,36,0.79,7,-1,-1
484,-1,311,130,11,13,0.38,2,-1,-1
484,-1,352,106,10,13,0.34,7,-1,-1
484,-1,325,135,9,10,0.32,2,-1,-1
485,-1,394,154,33,44,0.90,7,-1,-1
485,-1,378,130,22,28,0.86,7,-1,-1
485,-1,290,146,42,74,0.85,7,-1,-1
485,-1,283,134,24,38,0.77,7,-1,-1
485,-1,325,135,10,10,0.60,2,-1,-1
485,-1,311,130,11,13,0.40,2,-1,-1
485,-1,351,106,9,12,0.12,7,-1,-1
486,-1,394,153,32,43,0.90,7,-1,-1
486,-1,378,130,22,28,0.87,7,-1,-1
486,-1,288,145,43,79,0.85,7,-1,-1
486,-1,282,136,24,38,0.70,7,-1,-1
486,-1,324,136,10,11,0.60,2,-1,-1
486,-1,310,131,12,14,0.33,2,-1,-1
486,-1,330,124,8,10,0.13,2,-1,-1
486,-1,351,106,9,12,0.13,7,-1,-1
487,-1,393,152,31,43,0.90,7,-1,-1
487,-1,377,130,22,27,0.87,7,-1,-1
487,-1,288,150,43,78,0.86,7,-1,-1
487,-1,282,135,22,40,0.76,7,-1,-1
487,-1,324,136,10,11,0.47,2,-1,-1
487,-1,310,132,12,14,0.38,2,-1,-1
487,-1,350,106,10,12,0.12,7,-1,-1
488,-1,392,150,30,42,0.89,7,-1,-1
488,-1,284,150,46,82,0.87,7,-1,-1
488,-1,376,129,22,27,0.87,7,-1,-1
488,-1,324,138,10,10,0.51,2,-1,-1
488,-1,280,136,27,41,0.46,7,-1,-1
488,-1,330,126,8,9,0.13,2,-1,-1
488,-1,350,106,9,12,0.11,7,-1,-1
489,-1,391,149,30,42,0.89,7,-1,-1
489,-1,283,151,47,84,0.88,7,-1,-1
489,-1,376,128,22,28,0.87,7,-1,-1
489,-1,280,138,24,40,0.72,7,-1,-1
489,-1,324,138,10,10,0.60,2,-1,-1
489,-1,308,134,13,16,0.20,2,-1,-1
489,-1,350,106,9,12,0.11,7,-1,-1
490,-1,390,148,30,40,0.89,7,-1,-1
490,-1,280,150,49,90,0.89,7,-1,-1
490,-1,376,128,21,26,0.88,7,-1,-1
490,-1,278,139,23,40,0.68,7,-1,-1
490,-1,324,138,10,10,0.41,2,-1,-1
490,-1,308,134,13,17,0.36,2,-1,-1
491,-1,278,150,52,95,0.89,7,-1,-1
491,-1,390,147,30,40,0.89,7,-1,-1
491,-1,376,127,22,26,0.88,7,-1,-1
491,-1,323,137,11,12,0.73,2,-1,-1
491,-1,278,140,24,42,0.64,7,-1,-1
491,-1,306,134,14,17,0.38,2,-1,-1
492,-1,388,145,29,40,0.89,7,-1,-1
492,-1,375,127,21,26,0.88,7,-1,-1
492,-1,276,175,52,78,0.79,7,-1,-1
492,-1,324,139,10,11,0.72,2,-1,-1
492,-1,276,141,25,44,0.53,7,-1,-1
492,-1,306,136,13,19,0.51,7,-1,-1
493,-1,388,145,28,39,0.88,7,-1,-1
493,-1,376,126,20,24,0.87,7,-1,-1
493,-1,273,155,55,101,0.87,7,-1,-1
493,-1,323,139,11,12,0.69,2,-1,-1
493,-1,274,142,26,42,0.42,7,-1,-1
493,-1,306,136,13,18,0.23,2,-1,-1
494,-1,387,143,28,39,0.88,7,-1,-1
494,-1,376,126,19,25,0.87,7,-1,-1
494,-1,269,154,58,110,0.87,7,-1,-1
494,-1,323,139,11,12,0.67,2,-1,-1
494,-1,273,141,32,46,0.26,7,-1,-1
494,-1,306,136,13,18,0.26,7,-1,-1
494,-1,314,111,13,19,0.22,7,-1,-1
494,-1,273,140,46,65,0.12,7,-1,-1
495,-1,386,143,28,38,0.89,7,-1,-1
495,-1,375,126,19,24,0.87,7,-1,-1
495,-1,267,157,60,112,0.85,7,-1,-1
495,-1,323,140,11,12,0.79,2,-1,-1
495,-1,304,137,14,18,0.42,7,-1,-1
495,-1,314,111,13,19,0.38,7,-1,-1
495,-1,272,142,28,48,0.30,7,-1,-1
496,-1,386,141,28,38,0.89,7,-1,-1
496,-1,262,154,64,124,0.89,7,-1,-1
496,-1,375,125,18,24,0.86,7,-1,-1
496,-1,322,141,11,11,0.75,2,-1,-1
496,-1,315,111,12,19,0.49,7,-1,-1
496,-1,271,143,30,38,0.30,7,-1,-1
496,-1,304,138,14,12,0.16,7,-1,-1
497,-1,260,160,66,124,0.89,7,-1,-1
497,-1,385,140,28,37,0.88,7,-1,-1
497,-1,375,125,18,24,0.85,7,-1,-1
497,-1,322,142,12,12,0.76,2,-1,-1
497,-1,316,112,12,17,0.71,7,-1,-1
497,-1,304,137,13,12,0.56,2,-1,-1
497,-1,270,143,30,46,0.40,7,-1,-1
498,-1,254,166,71,128,0.90,7,-1,-1
498,-1,385,139,27,37,0.88,7,-1,-1
498,-1,374,124,19,24,0.86,7,-1,-1
498,-1,315,112,12,18,0.77,7,-1,-1
498,-1,322,143,12,12,0.73,2,-1,-1
498,-1,304,138,13,11,0.56,2,-1,-1
498,-1,269,143,36,37,0.42,7,-1,-1
498,-1,287,144,22,28,0.26,7,-1,-1
499,-1,251,170,74,131,0.90,7,-1,-1
499,-1,384,139,26,36,0.88,7,-1,-1
499,-1,374,123,19,24,0.87,7,-1,-1
499,-1,315,112,12,18,0.77,7,-1,-1
499,-1,321,144,12,12,0.69,2,-1,-1
499,-1,268,144,36,38,0.48,7,-1,-1
499,-1,284,146,24,29,0.22,7,-1,-1
499,-1,305,140,12,10,0.15,2,-1,-1
500,-1,245,172,77,140,0.90,7,-1,-1
500,-1,384,138,26,34,0.88,7,-1,-1
500,-1,374,123,18,23,0.87,7,-1,-1
500,-1,321,144,12,13,0.79,2,-1,-1
500,-1,314,113,12,18,0.71,7,-1,-1
500,-1,302,140,14,12,0.62,2,-1,-1
500,-1,266,146,39,38,0.46,7,-1,-1
500,-1,284,146,24,30,0.29,7,-1,-1
501,-1,384,138,26,34,0.88,7,-1,-1
501,-1,374,122,18,24,0.88,7,-1,-1
501,-1,240,152,80,171,0.87,7,-1,-1
501,-1,320,144,13,13,0.80,2,-1,-1
501,-1,314,112,12,18,0.68,7,-1,-1
501,-1,302,140,14,12,0.50,2,-1,-1
501,-1,264,148,42,38,0.29,7,-1,-1
502,-1,384,137,25,35,0.88,7,-1,-1
502,-1,232,148,87,188,0.87,7,-1,-1
502,-1,373,122,18,24,0.87,7,-1,-1
502,-1,320,146,13,12,0.80,2,-1,-1
502,-1,302,142,12,11,0.76,2,-1,-1
502,-1,263,148,43,36,0.73,7,-1,-1
502,-1,314,112,13,19,0.43,7,-1,-1
503,-1,228,150,90,196,0.89,7,-1,-1
503,-1,383,136,25,34,0.87,7,-1,-1
503,-1,373,122,18,24,0.86,7,-1,-1
503,-1,320,146,13,13,0.79,2,-1,-1
503,-1,302,142,12,11,0.79,2,-1,-1
503,-1,262,149,44,38,0.73,7,-1,-1
503,-1,313,112,14,19,0.42,7,-1,-1
504,-1,218,188,100,176,0.88,7,-1,-1
504,-1,382,134,25,35,0.86,7,-1,-1
504,-1,373,122,18,24,0.83,7,-1,-1
504,-1,320,147,13,13,0.81,2,-1,-1
504,-1,260,149,47,44,0.80,7,-1,-1
504,-1,301,143,13,12,0.79,2,-1,-1
504,-1,326,133,9,10,0.47,2,-1,-1
504,-1,313,112,13,20,0.40,7,-1,-1
505,-1,213,189,104,188,0.91,7,-1,-1
505,-1,381,134,24,32,0.86,7,-1,-1
505,-1,374,121,17,23,0.83,7,-1,-1
505,-1,320,148,13,13,0.82,2,-1,-1
505,-1,258,150,46,44,0.77,7,-1,-1
505,-1,300,144,14,12,0.73,2,-1,-1
505,-1,312,111,14,20,0.13,7,-1,-1
506,-1,381,133,24,32,0.86,7,-1,-1
506,-1,256,152,48,50,0.83,7,-1,-1
506,-1,373,120,16,23,0.82,7,-1,-1
506,-1,319,150,13,13,0.81,2,-1,-1
506,-1,203,179,112,220,0.76,7,-1,-1
506,-1,298,145,15,12,0.59,2,-1,-1
506,-1,327,135,9,10,0.58,2,-1,-1
506,-1,312,111,14,21,0.23,7,-1,-1
507,-1,196,197,118,220,0.90,7,-1,-1
507,-1,254,153,48,51,0.86,7,-1,-1
507,-1,380,132,24,32,0.85,7,-1,-1
507,-1,319,150,13,13,0.80,2,-1,-1
507,-1,298,146,14,12,0.78,2,-1,-1
507,-1,373,121,16,22,0.77,7,-1,-1
507,-1,312,113,14,20,0.41,7,-1,-1
508,-1,252,155,48,55,0.90,7,-1,-1
508,-1,182,204,130,240,0.89,7,-1,-1
508,-1,380,131,24,33,0.86,7,-1,-1
508,-1,297,146,15,13,0.78,2,-1,-1
508,-1,319,152,12,13,0.71,2,-1,-1
508,-1,373,120,15,22,0.68,7,-1,-1
508,-1,312,113,14,21,0.36,7,-1,-1
509,-1,251,156,50,57,0.90,7,-1,-1
509,-1,172,207,139,258,0.88,7,-1,-1
509,-1,379,131,24,33,0.86,7,-1,-1
509,-1,318,153,13,13,0.77,2,-1,-1
509,-1,373,120,15,21,0.70,7,-1,-1
509,-1,296,146,16,16,0.69,2,-1,-1
509,-1,312,114,14,21,0.50,7,-1,-1
510,-1,153,216,152,282,0.92,7,-1,-1
510,-1,248,158,51,61,0.90,7,-1,-1
510,-1,318,154,12,13,0.85,2,-1,-1
510,-1,378,130,24,33,0.85,7,-1,-1
510,-1,295,148,16,13,0.83,2,-1,-1
510,-1,311,114,14,21,0.67,7,-1,-1
510,-1,372,119,15,20,0.65,7,-1,-1
511,-1,142,222,162,304,0.92,7,-1,-1
511,-1,246,160,52,64,0.90,7,-1,-1
511,-1,318,155,12,13,0.84,2,-1,-1
511,-1,377,129,24,32,0.84,7,-1,-1
511,-1,295,148,16,14,0.83,2,-1,-1
511,-1,310,114,15,22,0.73,7,-1,-1
511,-1,373,119,14,18,0.61,7,-1,-1
512,-1,116,226,186,304,0.91,7,-1,-1
512,-1,244,162,54,67,0.90,7,-1,-1
512,-1,316,156,13,14,0.85,2,-1,-1
512,-1,377,129,24,31,0.85,7,-1,-1
512,-1,295,149,15,13,0.84,2,-1,-1
512,-1,310,113,15,22,0.73,7,-1,-1
512,-1,373,118,14,17,0.57,7,-1,-1
513,-1,106,236,194,296,0.92,7,-1,-1
513,-1,241,163,56,68,0.90,7,-1,-1
513,-1,378,129,22,30,0.86,7,-1,-1
513,-1,316,157,14,14,0.83,2,-1,-1
513,-1,294,151,16,14,0.80,2,-1,-1
513,-1,372,117,13,16,0.62,7,-1,-1
513,-1,310,113,14,24,0.44,7,-1,-1
514,-1,87,242,208,290,0.91,7,-1,-1
514,-1,239,163,58,72,0.90,7,-1,-1
514,-1,377,128,22,30,0.84,7,-1,-1
514,-1,293,151,16,14,0.84,2,-1,-1
514,-1,316,158,14,14,0.82,2,-1,-1
514,-1,372,117,14,18,0.63,7,-1,-1
514,-1,310,113,14,23,0.30,7,-1,-1
515,-1,236,166,59,72,0.91,7,-1,-1
515,-1,102,260,191,271,0.88,7,-1,-1
515,-1,293,152,15,13,0.86,2,-1,-1
515,-1,377,128,21,29,0.83,7,-1,-1
515,-1,314,158,15,16,0.80,2,-1,-1
515,-1,371,116,14,18,0.71,7,-1,-1
515,-1,310,113,14,22,0.53,7,-1,-1
516,-1,234,167,60,73,0.91,7,-1,-1
516,-1,94,266,192,264,0.90,7,-1,-1
516,-1,292,152,15,14,0.85,2,-1,-1
516,-1,314,159,15,16,0.84,2,-1,-1
516,-1,377,128,21,29,0.83,7,-1,-1
516,-1,310,113,15,24,0.71,7,-1,-1
516,-1,371,116,14,18,0.70,7,-1,-1
516,-1,324,140,10,12,0.61,2,-1,-1
517,-1,231,169,62,76,0.91,7,-1,-1
517,-1,86,280,192,253,0.89,7,-1,-1
517,-1,314,161,15,16,0.85,2,-1,-1
517,-1,291,154,16,13,0.85,2,-1,-1
517,-1,376,127,22,29,0.84,7,-1,-1
517,-1,309,114,15,24,0.71,7,-1,-1
517,-1,324,140,10,12,0.69,2,-1,-1
517,-1,371,116,14,18,0.65,7,-1,-1
517,-1,328,127,9,10,0.11,2,-1,-1
518,-1,229,171,60,78,0.91,7,-1,-1
518,-1,374,126,22,28,0.85,7,-1,-1
518,-1,68,294,207,240,0.85,7,-1,-1
518,-1,313,162,16,16,0.84,2,-1,-1
518,-1,308,113,16,26,0.82,7,-1,-1
518,-1,290,156,15,13,0.82,2,-1,-1
518,-1,323,141,12,12,0.79,2,-1,-1
518,-1,370,116,14,19,0.54,7,-1,-1
519,-1,224,174,66,80,0.91,7,-1,-1
519,-1,375,125,21,28,0.86,7,-1,-1
519,-1,290,157,16,13,0.83,2,-1,-1
519,-1,27,315,242,218,0.83,7,-1,-1
519,-1,312,164,16,16,0.83,2,-1,-1
519,-1,307,113,17,26,0.80,7,-1,-1
519,-1,322,142,12,12,0.78,2,-1,-1
519,-1,370,116,14,18,0.42,7,-1,-1
520,-1,222,174,67,83,0.92,7,-1,-1
520,-1,13,330,249,202,0.90,7,-1,-1
520,-1,375,125,21,28,0.85,7,-1,-1
520,-1,289,158,16,14,0.83,2,-1,-1
520,-1,307,114,17,26,0.82,7,-1,-1
520,-1,312,165,16,16,0.82,2,-1,-1
520,-1,322,142,12,12,0.78,2,-1,-1
520,-1,370,116,15,19,0.54,7,-1,-1
521,-1,217,178,70,86,0.92,7,-1,-1
521,-1,11,358,248,176,0.91,7,-1,-1
521,-1,375,125,20,28,0.85,7,-1,-1
521,-1,288,160,16,14,0.83,2,-1,-1
521,-1,311,168,16,17,0.83,2,-1,-1
521,-1,306,114,17,26,0.83,7,-1,-1
521,-1,322,142,12,13,0.76,2,-1,-1
521,-1,370,116,14,18,0.41,7,-1,-1
522,-1,214,180,71,88,0.92,7,-1,-1
522,-1,10,382,235,153,0.91,7,-1,-1
522,-1,374,125,20,27,0.85,7,-1,-1
522,-1,310,168,16,18,0.84,2,-1,-1
522,-1,287,161,16,14,0.84,2,-1,-1
522,-1,306,114,18,26,0.83,7,-1,-1
522,-1,322,143,12,13,0.74,2,-1,-1
522,-1,370,115,14,19,0.47,7,-1,-1
523,-1,209,182,74,92,0.92,7,-1,-1
523,-1,8,422,222,112,0.90,7,-1,-1
523,-1,286,161,16,15,0.86,2,-1,-1
523,-1,375,125,20,27,0.85,7,-1,-1
523,-1,309,170,17,18,0.84,2,-1,-1
523,-1,306,114,18,26,0.83,7,-1,-1
523,-1,322,144,13,13,0.72,2,-1,-1
523,-1,370,115,14,18,0.47,7,-1,-1
524,-1,206,183,77,97,0.92,7,-1,-1
524,-1,284,163,17,14,0.86,2,-1,-1
524,-1,308,171,18,20,0.85,2,-1,-1
524,-1,374,124,19,26,0.85,7,-1,-1
524,-1,306,114,18,27,0.81,7,-1,-1
524,-1,322,144,12,14,0.66,2,-1,-1
524,-1,370,115,14,18,0.37,7,-1,-1
525,-1,200,189,80,98,0.93,7,-1,-1
525,-1,284,166,17,15,0.85,2,-1,-1
525,-1,308,173,18,19,0.85,2,-1,-1
525,-1,374,123,19,27,0.84,7,-1,-1
525,-1,306,116,17,25,0.80,7,-1,-1
525,-1,321,145,13,14,0.78,2,-1,-1
525,-1,370,114,13,18,0.36,7,-1,-1
526,-1,196,190,82,102,0.92,7,-1,-1
526,-1,282,166,18,15,0.85,2,-1,-1
526,-1,374,123,18,26,0.85,7,-1,-1
526,-1,307,174,18,20,0.84,2,-1,-1
526,-1,305,117,17,26,0.81,7,-1,-1
526,-1,321,145,13,14,0.79,2,-1,-1
526,-1,370,114,13,18,0.30,7,-1,-1
527,-1,190,195,85,107,0.92,7,-1,-1
527,-1,281,168,18,16,0.85,2,-1,-1
527,-1,306,177,18,20,0.85,2,-1,-1
527,-1,374,122,18,26,0.84,7,-1,-1
527,-1,320,148,13,14,0.83,2,-1,-1
527,-1,304,118,17,26,0.82,7,-1,-1
527,-1,369,114,12,17,0.19,7,-1,-1
528,-1,185,197,88,112,0.92,7,-1,-1
528,-1,372,120,19,27,0.85,7,-1,-1
528,-1,280,169,18,16,0.85,2,-1,-1
528,-1,306,180,18,19,0.84,2,-1,-1
528,-1,320,150,13,13,0.82,2,-1,-1
528,-1,304,117,17,26,0.80,7,-1,-1
528,-1,370,114,13,17,0.12,7,-1,-1
529,-1,177,202,95,116,0.92,7,-1,-1
529,-1,372,120,19,26,0.86,7,-1,-1
529,-1,278,170,19,17,0.85,2,-1,-1
529,-1,304,118,18,26,0.84,7,-1,-1
529,-1,304,180,19,22,0.84,2,-1,-1
529,-1,320,150,13,13,0.75,2,-1,-1
529,-1,369,114,12,17,0.21,7,-1,-1
530,-1,172,205,99,120,0.92,7,-1,-1
530,-1,372,120,19,26,0.87,7,-1,-1
530,-1,278,172,18,17,0.85,2,-1,-1
530,-1,303,182,20,23,0.83,2,-1,-1
530,-1,303,118,18,26,0.83,7,-1,-1
530,-1,320,151,13,14,0.80,2,-1,-1
530,-1,369,114,12,16,0.12,7,-1,-1
531,-1,164,210,102,127,0.92,7,-1,-1
531,-1,372,120,19,26,0.87,7,-1,-1
531,-1,276,176,20,16,0.84,2,-1,-1
531,-1,302,118,19,27,0.84,7,-1,-1
531,-1,302,182,21,25,0.84,2,-1,-1
531,-1,517,410,81,100,0.79,7,-1,-1
531,-1,320,152,13,14,0.77,2,-1,-1
531,-1,369,114,12,16,0.17,7,-1,-1
532,-1,158,212,106,134,0.93,7,-1,-1
532,-1,510,394,76,95,0.90,2,-1,-1
532,-1,300,184,22,26,0.88,2,-1,-1
532,-1,372,120,18,25,0.86,7,-1,-1
532,-1,276,176,19,17,0.86,2,-1,-1
532,-1,302,119,18,29,0.85,7,-1,-1
532,-1,319,152,14,14,0.77,2,-1,-1
532,-1,369,113,12,16,0.15,7,-1,-1
533,-1,149,217,110,143,0.92,7,-1,-1
533,-1,500,374,71,86,0.92,2,-1,-1
533,-1,274,178,19,17,0.87,2,-1,-1
533,-1,372,119,18,26,0.85,7,-1,-1
533,-1,302,118,18,29,0.84,7,-1,-1
533,-1,298,188,22,26,0.84,2,-1,-1
533,-1,319,154,14,14,0.82,2,-1,-1
533,-1,324,140,10,10,0.12,2,-1,-1
533,-1,368,112,12,17,0.11,7,-1,-1
534,-1,142,220,115,150,0.92,7,-1,-1
534,-1,493,361,68,81,0.91,2,-1,-1
534,-1,272,181,20,17,0.86,2,-1,-1
534,-1,300,118,19,31,0.85,7,-1,-1
534,-1,372,119,18,25,0.85,7,-1,-1
534,-1,298,190,23,26,0.84,2,-1,-1
534,-1,318,155,14,14,0.83,2,-1,-1
534,-1,368,112,13,17,0.11,7,-1,-1
535,-1,486,343,63,76,0.93,2,-1,-1
535,-1,132,229,120,157,0.92,7,-1,-1
535,-1,271,183,20,18,0.87,2,-1,-1
535,-1,300,118,19,31,0.86,7,-1,-1
535,-1,296,194,23,26,0.84,2,-1,-1
535,-1,372,118,18,24,0.83,7,-1,-1
535,-1,318,156,13,14,0.79,2,-1,-1
535,-1,323,139,11,11,0.41,2,-1,-1
535,-1,196,219,22,20,0.15,2,-1,-1
536,-1,124,231,127,168,0.91,7,-1,-1
536,-1,480,332,60,74,0.91,2,-1,-1
536,-1,300,119,19,31,0.86,7,-1,-1
536,-1,270,184,21,20,0.86,2,-1,-1
536,-1,372,118,18,24,0.84,7,-1,-1
536,-1,295,196,23,27,0.83,2,-1,-1
536,-1,318,157,13,15,0.76,2,-1,-1
536,-1,323,139,11,12,0.39,2,-1,-1
536,-1,368,112,12,17,0.27,7,-1,-1
536,-1,368,114,15,26,0.10,7,-1,-1
537,-1,110,238,136,181,0.92,7,-1,-1
537,-1,474,318,55,68,0.91,2,-1,-1
537,-1,292,200,24,28,0.88,2,-1,-1
537,-1,268,186,21,20,0.86,2,-1,-1
537,-1,298,119,20,32,0.84,7,-1,-1
537,-1,371,118,17,24,0.84,7,-1,-1
537,-1,317,160,14,14,0.81,2,-1,-1
537,-1,324,140,11,11,0.52,2,-1,-1
537,-1,367,112,13,18,0.24,7,-1,-1
538,-1,99,241,142,191,0.92,7,-1,-1
538,-1,470,308,53,66,0.92,2,-1,-1
538,-1,291,203,25,28,0.87,2,-1,-1
538,-1,266,189,22,20,0.86,2,-1,-1
538,-1,298,120,21,32,0.85,7,-1,-1
538,-1,316,159,15,16,0.83,2,-1,-1
538,-1,370,118,18,23,0.80,7,-1,-1
538,-1,322,141,12,11,0.34,2,-1,-1
538,-1,366,112,14,18,0.22,7,-1,-1
539,-1,464,298,50,60,0.91,2,-1,-1
539,-1,83,250,155,207,0.91,7,-1,-1
539,-1,289,206,26,31,0.87,2,-1,-1
539,-1,297,120,21,33,0.85,7,-1,-1
539,-1,315,161,15,16,0.84,2,-1,-1
539,-1,264,191,22,21,0.84,2,-1,-1
539,-1,370,118,18,23,0.79,7,-1,-1
539,-1,322,141,12,12,0.34,2,-1,-1
540,-1,461,288,47,59,0.92,2,-1,-1
540,-1,70,254,163,226,0.90,7,-1,-1
540,-1,288,210,26,30,0.88,2,-1,-1
540,-1,263,194,22,21,0.88,2,-1,-1
540,-1,297,120,21,34,0.85,7,-1,-1
540,-1,316,163,13,14,0.83,2,-1,-1
540,-1,370,118,17,22,0.79,7,-1,-1
540,-1,366,112,13,18,0.12,7,-1,-1
541,-1,456,280,44,54,0.91,2,-1,-1
541,-1,262,197,22,21,0.89,2,-1,-1
541,-1,52,267,174,241,0.89,7,-1,-1
541,-1,286,214,28,32,0.86,2,-1,-1
541,-1,296,121,21,34,0.86,7,-1,-1
541,-1,314,164,15,15,0.83,2,-1,-1
541,-1,370,117,17,22,0.83,7,-1,-1
541,-1,322,141,12,12,0.28,2,-1,-1
542,-1,452,273,44,53,0.90,2,-1,-1
542,-1,40,270,180,256,0.90,7,-1,-1
542,-1,283,217,28,32,0.87,2,-1,-1
542,-1,296,121,21,34,0.86,7,-1,-1
542,-1,260,199,23,22,0.86,2,-1,-1
542,-1,370,117,17,23,0.83,7,-1,-1
542,-1,313,166,16,16,0.81,2,-1,-1
542,-1,321,143,13,12,0.55,2,-1,-1
543,-1,15,278,196,254,0.91,7,-1,-1
543,-1,448,264,41,51,0.90,2,-1,-1
543,-1,257,203,24,22,0.88,2,-1,-1
543,-1,280,223,30,33,0.87,2,-1,-1
543,-1,294,122,22,34,0.87,7,-1,-1
543,-1,370,117,17,23,0.84,7,-1,-1
543,-1,312,168,16,16,0.83,2,-1,-1
543,-1,322,145,13,11,0.56,2,-1,-1
544,-1,444,259,41,49,0.90,2,-1,-1
544,-1,278,227,31,34,0.88,2,-1,-1
544,-1,294,122,22,35,0.87,7,-1,-1
544,-1,256,205,24,24,0.85,2,-1,-1
544,-1,370,117,17,23,0.84,7,-1,-1
544,-1,312,168,16,16,0.83,2,-1,-1
544,-1,322,145,13,12,0.57,2,-1,-1
545,-1,440,251,40,47,0.90,2,-1,-1
545,-1,253,209,24,24,0.89,2,-1,-1
545,-1,276,232,32,37,0.88,2,-1,-1
545,-1,6,304,193,230,0.88,7,-1,-1
545,-1,293,123,23,36,0.87,7,-1,-1
545,-1,311,170,16,16,0.83,2,-1,-1
545,-1,370,116,15,21,0.80,7,-1,-1
545,-1,321,146,13,12,0.59,2,-1,-1
546,-1,438,247,38,45,0.90,2,-1,-1
546,-1,292,123,23,37,0.88,7,-1,-1
546,-1,273,237,34,37,0.87,2,-1,-1
546,-1,252,212,25,25,0.87,2,-1,-1
546,-1,6,314,187,220,0.86,7,-1,-1
546,-1,310,172,17,17,0.83,2,-1,-1
546,-1,369,116,16,21,0.81,7,-1,-1
546,-1,320,146,14,13,0.69,2,-1,-1
547,-1,435,240,36,44,0.90,2,-1,-1
547,-1,249,217,26,26,0.89,2,-1,-1
547,-1,12,332,168,204,0.89,7,-1,-1
547,-1,270,244,34,38,0.88,2,-1,-1
547,-1,292,124,23,38,0.87,7,-1,-1
547,-1,310,173,16,18,0.83,2,-1,-1
547,-1,369,116,15,21,0.82,7,-1,-1
547,-1,320,146,13,13,0.69,2,-1,-1
548,-1,434,236,34,42,0.89,2,-1,-1
548,-1,267,249,36,40,0.89,2,-1,-1
548,-1,247,220,27,27,0.87,2,-1,-1
548,-1,290,124,24,38,0.87,7,-1,-1
548,-1,308,175,17,18,0.84,2,-1,-1
548,-1,369,116,15,21,0.81,7,-1,-1
548,-1,320,146,13,13,0.73,2,-1,-1
549,-1,7,366,154,166,0.91,7,-1,-1
549,-1,263,254,38,45,0.89,2,-1,-1
549,-1,430,231,33,40,0.89,2,-1,-1
549,-1,244,225,28,28,0.87,2,-1,-1
549,-1,290,125,24,38,0.87,7,-1,-1
549,-1,308,176,18,18,0.84,2,-1,-1
549,-1,369,116,15,21,0.81,7,-1,-1
549,-1,320,148,13,13,0.70,2,-1,-1
550,-1,260,261,39,46,0.90,2,-1,-1
550,-1,429,227,32,38,0.88,2,-1,-1
550,-1,242,230,29,28,0.88,2,-1,-1
550,-1,289,125,25,39,0.87,7,-1,-1
550,-1,307,177,18,18,0.83,2,-1,-1
550,-1,368,115,15,21,0.78,7,-1,-1
550,-1,320,148,13,13,0.73,2,-1,-1
550,-1,362,109,10,14,0.12,2,-1,-1
551,-1,255,270,41,48,0.89,2,-1,-1
551,-1,239,235,30,30,0.88,2,-1,-1
551,-1,426,221,30,38,0.88,2,-1,-1
551,-1,287,125,26,40,0.86,7,-1,-1
551,-1,306,181,18,19,0.84,2,-1,-1
551,-1,368,115,15,22,0.80,7,-1,-1
551,-1,318,150,14,14,0.72,2,-1,-1
552,-1,251,276,43,52,0.90,2,-1,-1
552,-1,424,219,31,36,0.88,2,-1,-1
552,-1,236,240,30,30,0.88,2,-1,-1
552,-1,286,126,26,41,0.86,7,-1,-1
552,-1,305,182,18,20,0.84,2,-1,-1
552,-1,368,114,15,22,0.81,7,-1,-1
552,-1,318,152,13,12,0.49,2,-1,-1
553,-1,244,286,46,57,0.90,2,-1,-1
553,-1,233,246,31,33,0.88,2,-1,-1
553,-1,285,127,26,42,0.87,7,-1,-1
553,-1,422,217,29,32,0.86,2,-1,-1
553,-1,368,115,15,22,0.84,7,-1,-1
553,-1,304,185,19,20,0.84,2,-1,-1
553,-1,318,152,14,14,0.77,2,-1,-1
554,-1,240,293,48,60,0.90,2,-1,-1
554,-1,230,251,32,34,0.89,2,-1,-1
554,-1,420,211,28,34,0.89,2,-1,-1
554,-1,284,127,27,43,0.88,7,-1,-1
554,-1,303,186,20,21,0.85,2,-1,-1
554,-1,368,114,14,22,0.81,7,-1,-1
554,-1,318,153,14,14,0.78,2,-1,-1
554,-1,362,109,9,13,0.11,2,-1,-1
555,-1,233,306,52,64,0.93,2,-1,-1
555,-1,226,258,34,36,0.89,2,-1,-1
555,-1,284,128,27,44,0.89,7,-1,-1
555,-1,418,207,28,33,0.88,2,-1,-1
555,-1,302,189,20,22,0.85,2,-1,-1
555,-1,316,154,14,14,0.84,2,-1,-1
555,-1,368,114,14,20,0.71,7,-1,-1
556,-1,228,315,54,68,0.92,2,-1,-1
556,-1,223,264,35,37,0.88,2,-1,-1
556,-1,282,128,28,45,0.88,7,-1,-1
556,-1,416,205,27,31,0.88,2,-1,-1
556,-1,301,192,20,21,0.84,2,-1,-1
556,-1,316,154,14,15,0.84,2,-1,-1
556,-1,367,113,14,19,0.65,7,-1,-1
557,-1,218,332,60,75,0.92,2,-1,-1
557,-1,218,274,37,39,0.89,2,-1,-1
557,-1,280,129,29,45,0.88,7,-1,-1
557,-1,415,201,26,31,0.88,2,-1,-1
557,-1,299,194,22,22,0.87,2,-1,-1
557,-1,316,155,15,17,0.84,2,-1,-1
557,-1,366,113,14,19,0.63,7,-1,-1
557,-1,360,109,9,12,0.12,2,-1,-1
558,-1,212,342,61,80,0.92,2,-1,-1
558,-1,214,279,39,42,0.89,2,-1,-1
558,-1,280,130,30,46,0.88,7,-1,-1
558,-1,414,199,26,29,0.86,2,-1,-1
558,-1,298,197,22,24,0.85,2,-1,-1
558,-1,314,156,16,16,0.82,2,-1,-1
558,-1,367,113,14,18,0.74,7,-1,-1
558,-1,360,108,9,13,0.21,2,-1,-1
559,-1,201,360,67,90,0.92,2,-1,-1
559,-1,208,289,42,46,0.89,2,-1,-1
559,-1,278,131,30,48,0.88,7,-1,-1
559,-1,411,197,25,28,0.88,2,-1,-1
559,-1,296,200,23,23,0.85,2,-1,-1
559,-1,314,157,16,17,0.82,2,-1,-1
559,-1,367,112,14,18,0.68,7,-1,-1
559,-1,359,108,10,13,0.23,2,-1,-1
560,-1,179,400,77,108,0.93,2,-1,-1
560,-1,198,308,45,52,0.90,2,-1,-1
560,-1,276,132,32,50,0.88,7,-1,-1
560,-1,408,191,24,27,0.86,2,-1,-1
560,-1,294,207,24,24,0.85,2,-1,-1
560,-1,314,159,16,17,0.82,2,-1,-1
560,-1,366,112,14,17,0.70,7,-1,-1
560,-1,358,107,10,13,0.15,2,-1,-1
561,-1,179,400,77,108,0.93,2,-1,-1
561,-1,198,308,45,52,0.90,2,-1,-1
561,-1,276,131,32,50,0.88,7,-1,-1
561,-1,408,190,24,27,0.86,2,-1,-1
561,-1,294,206,24,24,0.85,2,-1,-1
561,-1,314,159,16,17,0.82,2,-1,-1
561,-1,366,112,14,17,0.70,7,-1,-1
561,-1,358,107,10,13,0.16,2,-1,-1
562,-1,168,418,82,116,0.93,2,-1,-1
562,-1,193,318,47,54,0.89,2,-1,-1
562,-1,293,209,24,26,0.88,2,-1,-1
562,-1,274,132,32,50,0.88,7,-1,-1
562,-1,407,189,24,26,0.86,2,-1,-1
562,-1,312,161,17,16,0.82,2,-1,-1
562,-1,366,112,14,17,0.63,7,-1,-1
562,-1,358,107,10,13,0.13,2,-1,-1
563,-1,185,333,50,58,0.90,2,-1,-1
563,-1,272,134,34,52,0.89,7,-1,-1
563,-1,406,188,24,24,0.88,2,-1,-1
563,-1,292,214,24,26,0.86,2,-1,-1
563,-1,312,164,17,16,0.82,2,-1,-1
563,-1,366,112,14,17,0.66,7,-1,-1
563,-1,358,107,10,13,0.12,2,-1,-1
564,-1,179,343,52,63,0.91,2,-1,-1
564,-1,270,135,35,52,0.89,7,-1,-1
564,-1,405,186,21,23,0.88,2,-1,-1
564,-1,290,217,26,26,0.86,2,-1,-1
564,-1,311,165,17,16,0.81,2,-1,-1
564,-1,366,111,14,18,0.73,7,-1,-1
564,-1,357,107,10,14,0.23,7,-1,-1
565,-1,169,362,57,67,0.92,2,-1,-1
565,-1,269,136,35,53,0.89,7,-1,-1
565,-1,404,184,20,22,0.86,2,-1,-1
565,-1,287,220,27,29,0.86,2,-1,-1
565,-1,310,165,18,18,0.84,2,-1,-1
565,-1,366,111,13,18,0.79,7,-1,-1
565,-1,356,106,10,14,0.27,7,-1,-1
566,-1,162,375,59,74,0.92,2,-1,-1
566,-1,268,137,36,54,0.90,7,-1,-1
566,-1,286,225,28,29,0.86,2,-1,-1
566,-1,402,182,20,22,0.85,2,-1,-1
566,-1,310,167,18,18,0.85,2,-1,-1
566,-1,366,110,13,18,0.77,7,-1,-1
566,-1,356,106,10,13,0.25,7,-1,-1
567,-1,150,398,64,80,0.92,2,-1,-1
567,-1,266,138,36,56,0.91,7,-1,-1
567,-1,283,230,29,30,0.87,2,-1,-1
567,-1,400,179,20,22,0.87,2,-1,-1
567,-1,309,169,18,19,0.85,2,-1,-1
567,-1,364,110,13,18,0.78,7,-1,-1
567,-1,356,108,10,14,0.10,7,-1,-1
568,-1,142,414,68,86,0.92,2,-1,-1
568,-1,265,139,36,57,0.90,7,-1,-1
568,-1,281,235,30,30,0.87,2,-1,-1
568,-1,400,178,20,22,0.86,2,-1,-1
568,-1,309,170,18,20,0.85,2,-1,-1
568,-1,364,110,13,18,0.77,7,-1,-1
568,-1,356,108,10,14,0.10,7,-1,-1
569,-1,126,441,75,94,0.91,2,-1,-1
569,-1,262,140,38,59,0.90,7,-1,-1
569,-1,278,241,32,33,0.88,2,-1,-1
569,-1,399,176,19,20,0.86,2,-1,-1
569,-1,308,173,19,20,0.85,2,-1,-1
569,-1,364,110,12,17,0.76,7,-1,-1
570,-1,116,463,80,72,0.91,2,-1,-1
570,-1,260,141,39,60,0.91,7,-1,-1
570,-1,276,246,32,33,0.87,2,-1,-1
570,-1,398,174,19,21,0.86,2,-1,-1
570,-1,307,174,19,19,0.85,2,-1,-1
570,-1,364,110,12,16,0.77,7,-1,-1
571,-1,258,142,40,63,0.90,7,-1,-1
571,-1,398,172,19,22,0.87,2,-1,-1
571,-1,274,251,33,36,0.87,2,-1,-1
571,-1,306,176,20,20,0.84,2,-1,-1
571,-1,364,110,12,16,0.75,7,-1,-1
572,-1,256,143,41,64,0.90,7,-1,-1
572,-1,271,256,34,38,0.88,2,-1,-1
572,-1,397,171,19,20,0.87,2,-1,-1
572,-1,305,178,20,20,0.86,2,-1,-1
572,-1,364,110,12,16,0.75,7,-1,-1
573,-1,253,145,42,66,0.91,7,-1,-1
573,-1,267,266,37,39,0.89,2,-1,-1
573,-1,304,178,20,22,0.86,2,-1,-1
573,-1,395,168,19,21,0.86,2,-1,-1
573,-1,364,110,12,16,0.75,7,-1,-1
574,-1,252,146,43,67,0.92,7,-1,-1
574,-1,265,271,38,41,0.89,2,-1,-1
574,-1,394,167,19,21,0.86,2,-1,-1
574,-1,303,182,20,22,0.85,2,-1,-1
574,-1,363,110,12,16,0.73,7,-1,-1
575,-1,248,147,44,70,0.91,7,-1,-1
575,-1,261,281,40,43,0.90,2,-1,-1
575,-1,393,164,20,22,0.87,2,-1,-1
575,-1,302,185,21,22,0.85,2,-1,-1
575,-1,363,109,12,16,0.69,7,-1,-1
576,-1,246,148,46,72,0.91,7,-1,-1
576,-1,258,287,41,46,0.89,2,-1,-1
576,-1,392,162,20,22,0.87,2,-1,-1
576,-1,301,186,21,23,0.87,2,-1,-1
576,-1,363,109,12,16,0.69,7,-1,-1
577,-1,243,150,48,74,0.91,7,-1,-1
577,-1,252,298,44,48,0.90,2,-1,-1
577,-1,391,161,19,20,0.86,2,-1,-1
577,-1,300,190,22,22,0.85,2,-1,-1
577,-1,362,108,12,16,0.70,7,-1,-1
577,-1,352,106,9,12,0.13,2,-1,-1
578,-1,240,151,49,77,0.91,7,-1,-1
578,-1,249,306,46,52,0.90,2,-1,-1
578,-1,390,160,19,20,0.86,2,-1,-1
578,-1,299,193,22,22,0.86,2,-1,-1
578,-1,362,108,12,16,0.70,7,-1,-1
578,-1,352,106,9,12,0.20,2,-1,-1
579,-1,236,153,51,80,0.91,7,-1,-1
579,-1,242,320,48,56,0.91,2,-1,-1
579,-1,298,196,23,23,0.86,2,-1,-1
579,-1,390,160,18,19,0.86,2,-1,-1
579,-1,362,108,12,16,0.65,7,-1,-1
579,-1,352,106,9,12,0.12,2,-1,-1
580,-1,234,154,52,82,0.91,7,-1,-1
580,-1,238,329,50,59,0.91,2,-1,-1
580,-1,390,159,19,19,0.86,2,-1,-1
580,-1,296,198,24,24,0.84,2,-1,-1
580,-1,362,107,12,16,0.65,7,-1,-1
581,-1,229,157,55,84,0.92,7,-1,-1
581,-1,230,346,54,64,0.91,2,-1,-1
581,-1,294,202,24,25,0.86,2,-1,-1
581,-1,388,158,18,18,0.85,2,-1,-1
581,-1,361,108,12,16,0.64,7,-1,-1
582,-1,226,158,58,88,0.92,7,-1,-1
582,-1,225,358,57,69,0.91,2,-1,-1
582,-1,294,205,25,25,0.84,2,-1,-1
582,-1,388,158,18,18,0.84,2,-1,-1
582,-1,361,108,12,16,0.64,7,-1,-1
583,-1,215,378,63,76,0.92,2,-1,-1
583,-1,222,160,60,92,0.91,7,-1,-1
583,-1,291,208,26,26,0.89,2,-1,-1
583,-1,387,155,18,18,0.85,2,-1,-1
583,-1,361,107,12,17,0.67,7,-1,-1
584,-1,209,393,66,82,0.92,2,-1,-1
584,-1,218,162,63,95,0.92,7,-1,-1
584,-1,290,212,26,26,0.87,2,-1,-1
584,-1,386,155,18,18,0.84,2,-1,-1
584,-1,360,107,12,16,0.61,7,-1,-1
585,-1,215,163,65,99,0.93,7,-1,-1
585,-1,201,409,70,88,0.92,2,-1,-1
585,-1,289,215,27,26,0.87,2,-1,-1
585,-1,386,154,18,18,0.85,2,-1,-1
585,-1,360,107,12,16,0.62,7,-1,-1
586,-1,208,166,70,104,0.92,7,-1,-1
586,-1,188,436,76,98,0.92,2,-1,-1
586,-1,286,220,28,27,0.86,2,-1,-1
586,-1,386,153,17,17,0.84,2,-1,-1
586,-1,360,107,12,16,0.59,7,-1,-1
587,-1,202,169,73,110,0.92,7,-1,-1
587,-1,284,225,29,30,0.86,2,-1,-1
587,-1,385,152,17,17,0.82,2,-1,-1
587,-1,359,107,12,15,0.54,7,-1,-1
588,-1,197,172,76,113,0.93,7,-1,-1
588,-1,282,229,30,30,0.87,2,-1,-1
588,-1,385,152,17,17,0.82,2,-1,-1
588,-1,359,107,12,15,0.54,7,-1,-1
589,-1,190,175,81,120,0.92,7,-1,-1
589,-1,279,236,32,31,0.88,2,-1,-1
589,-1,384,149,17,18,0.82,2,-1,-1
589,-1,359,107,12,16,0.61,7,-1,-1
590,-1,186,178,84,124,0.92,7,-1,-1
590,-1,277,240,32,32,0.88,2,-1,-1
590,-1,384,148,16,16,0.78,2,-1,-1
590,-1,358,107,12,15,0.54,7,-1,-1
591,-1,178,180,89,130,0.93,7,-1,-1
591,-1,275,244,33,34,0.88,2,-1,-1
591,-1,384,149,16,16,0.79,2,-1,-1
591,-1,358,106,12,15,0.40,7,-1,-1
592,-1,170,182,94,140,0.93,7,-1,-1
592,-1,272,251,35,37,0.89,2,-1,-1
592,-1,382,148,16,16,0.82,2,-1,-1
592,-1,358,106,11,15,0.43,7,-1,-1
593,-1,158,187,102,148,0.93,7,-1,-1
593,-1,268,260,37,37,0.88,2,-1,-1
593,-1,382,147,15,15,0.83,2,-1,-1
593,-1,358,106,12,15,0.45,7,-1,-1
594,-1,152,191,106,156,0.92,7,-1,-1
594,-1,264,267,39,37,0.88,2,-1,-1
594,-1,382,147,16,15,0.81,2,-1,-1
594,-1,358,106,12,15,0.38,7,-1,-1
595,-1,140,195,114,168,0.92,7,-1,-1
595,-1,261,276,40,40,0.90,2,-1,-1
595,-1,382,147,15,15,0.71,2,-1,-1
595,-1,357,106,12,15,0.37,7,-1,-1
596,-1,132,198,118,178,0.94,7,-1,-1
596,-1,258,283,42,42,0.90,2,-1,-1
596,-1,380,147,16,16,0.67,2,-1,-1
596,-1,356,106,12,14,0.41,7,-1,-1
597,-1,117,204,129,194,0.93,7,-1,-1
597,-1,253,293,44,46,0.90,2,-1,-1
597,-1,380,144,15,14,0.69,2,-1,-1
597,-1,356,106,12,14,0.40,7,-1,-1
598,-1,105,207,138,206,0.92,7,-1,-1
598,-1,249,302,46,48,0.90,2,-1,-1
598,-1,380,143,14,14,0.79,2,-1,-1
598,-1,356,106,11,14,0.52,7,-1,-1
599,-1,242,315,50,52,0.90,2,-1,-1
599,-1,86,213,152,228,0.90,7,-1,-1
599,-1,380,143,14,14,0.78,2,-1,-1
599,-1,356,106,11,14,0.51,7,-1,-1
600,-1,238,326,52,54,0.90,2,-1,-1
600,-1,70,216,165,243,0.89,7,-1,-1
600,-1,379,140,14,14,0.81,2,-1,-1
600,-1,355,106,11,14,0.46,7,-1,-1
601,-1,49,224,178,270,0.92,7,-1,-1
601,-1,230,342,56,60,0.90,2,-1,-1
601,-1,378,140,16,16,0.82,2,-1,-1
601,-1,355,105,11,14,0.54,7,-1,-1
602,-1,224,355,60,63,0.92,2,-1,-1
602,-1,27,232,192,289,0.92,7,-1,-1
602,-1,378,138,15,16,0.82,2,-1,-1
602,-1,355,105,11,14,0.49,7,-1,-1
603,-1,214,375,64,70,0.92,2,-1,-1
603,-1,8,238,205,293,0.90,7,-1,-1
603,-1,377,136,16,16,0.83,2,-1,-1
603,-1,354,105,11,14,0.58,7,-1,-1
604,-1,208,390,68,76,0.92,2,-1,-1
604,-1,9,245,198,287,0.90,7,-1,-1
604,-1,377,136,16,16,0.83,2,-1,-1
604,-1,354,105,11,14,0.54,7,-1,-1
605,-1,196,416,73,87,0.92,2,-1,-1
605,-1,11,261,191,270,0.91,7,-1,-1
605,-1,376,136,16,16,0.80,2,-1,-1
605,-1,354,105,11,14,0.53,7,-1,-1
606,-1,188,434,77,95,0.92,2,-1,-1
606,-1,9,268,184,264,0.90,7,-1,-1
606,-1,376,136,16,16,0.80,2,-1,-1
606,-1,354,105,11,14,0.54,7,-1,-1
607,-1,8,281,172,254,0.90,7,-1,-1
607,-1,176,468,82,66,0.89,2,-1,-1
607,-1,376,136,14,14,0.79,2,-1,-1
607,-1,352,105,11,14,0.36,7,-1,-1
608,-1,7,295,166,237,0.90,7,-1,-1
608,-1,376,136,14,14,0.79,2,-1,-1
608,-1,352,105,11,14,0.36,7,-1,-1
609,-1,8,314,154,220,0.92,7,-1,-1
609,-1,376,135,14,14,0.76,2,-1,-1
609,-1,352,105,11,14,0.33,7,-1,-1
610,-1,7,330,144,204,0.93,7,-1,-1
610,-1,376,135,14,14,0.74,2,-1,-1
610,-1,352,105,11,13,0.33,7,-1,-1
611,-1,7,356,131,179,0.92,7,-1,-1
611,-1,376,134,14,14,0.77,2,-1,-1
611,-1,352,105,11,13,0.33,7,-1,-1
612,-1,376,133,14,14,0.80,2,-1,-1
612,-1,352,105,11,13,0.32,7,-1,-1
613,-1,376,134,13,14,0.81,2,-1,-1
613,-1,352,105,11,13,0.32,7,-1,-1
614,-1,376,134,13,14,0.81,2,-1,-1
614,-1,350,105,10,13,0.12,7,-1,-1
615,-1,375,133,14,14,0.79,2,-1,-1
616,-1,375,133,14,14,0.79,2,-1,-1
617,-1,374,132,13,13,0.74,2,-1,-1
618,-1,372,130,13,12,0.73,2,-1,-1
619,-1,372,130,13,13,0.73,2,-1,-1
620,-1,372,130,13,13,0.73,2,-1,-1
621,-1,372,129,12,12,0.61,2,-1,-1
622,-1,372,129,12,12,0.61,2,-1,-1
623,-1,372,129,12,12,0.61,2,-1,-1
624,-1,372,128,12,12,0.59,2,-1,-1
625,-1,371,127,14,14,0.46,2,-1,-1
626,-1,371,127,14,14,0.46,2,-1,-1
627,-1,370,126,14,14,0.23,2,-1,-1
628,-1,370,126,13,12,0.30,2,-1,-1
629,-1,370,126,13,12,0.28,2,-1,-1
630,-1,-1,-1,-1,-1,-1,-1,-1,-1
631,-1,369,125,11,11,0.16,2,-1,-1
632,-1,369,125,11,11,0.15,2,-1,-1
633,-1,368,124,10,11,0.18,2,-1,-1
634,-1,368,124,10,10,0.15,2,-1,-1
635,-1,368,123,10,11,0.15,2,-1,-1
636,-1,368,123,10,11,0.15,2,-1,-1
637,-1,-1,-1,-1,-1,-1,-1,-1,-1
638,-1,-1,-1,-1,-1,-1,-1,-1,-1
639,-1,-1,-1,-1,-1,-1,-1,-1,-1
640,-1,-1,-1,-1,-1,-1,-1,-1,-1
641,-1,-1,-1,-1,-1,-1,-1,-1,-1
642,-1,-1,-1,-1,-1,-1,-1,-1,-1
643,-1,-1,-1,-1,-1,-1,-1,-1,-1
644,-1,-1,-1,-1,-1,-1,-1,-1,-1
645,-1,-1,-1,-1,-1,-1,-1,-1,-1
646,-1,-1,-1,-1,-1,-1,-1,-1,-1
647,-1,-1,-1,-1,-1,-1,-1,-1,-1
648,-1,-1,-1,-1,-1,-1,-1,-1,-1
649,-1,-1,-1,-1,-1,-1,-1,-1,-1
650,-1,-1,-1,-1,-1,-1,-1,-1,-1
651,-1,-1,-1,-1,-1,-1,-1,-1,-1
652,-1,-1,-1,-1,-1,-1,-1,-1,-1
653,-1,-1,-1,-1,-1,-1,-1,-1,-1
654,-1,-1,-1,-1,-1,-1,-1,-1,-1
655,-1,-1,-1,-1,-1,-1,-1,-1,-1
656,-1,-1,-1,-1,-1,-1,-1,-1,-1
657,-1,-1,-1,-1,-1,-1,-1,-1,-1
658,-1,-1,-1,-1,-1,-1,-1,-1,-1
659,-1,-1,-1,-1,-1,-1,-1,-1,-1
660,-1,-1,-1,-1,-1,-1,-1,-1,-1
661,-1,-1,-1,-1,-1,-1,-1,-1,-1
662,-1,-1,-1,-1,-1,-1,-1,-1,-1
663,-1,-1,-1,-1,-1,-1,-1,-1,-1
664,-1,-1,-1,-1,-1,-1,-1,-1,-1
665,-1,-1,-1,-1,-1,-1,-1,-1,-1
666,-1,-1,-1,-1,-1,-1,-1,-1,-1
667,-1,-1,-1,-1,-1,-1,-1,-1,-1
668,-1,-1,-1,-1,-1,-1,-1,-1,-1
669,-1,-1,-1,-1,-1,-1,-1,-1,-1
670,-1,-1,-1,-1,-1,-1,-1,-1,-1
671,-1,-1,-1,-1,-1,-1,-1,-1,-1
672,-1,-1,-1,-1,-1,-1,-1,-1,-1
673,-1,-1,-1,-1,-1,-1,-1,-1,-1
674,-1,-1,-1,-1,-1,-1,-1,-1,-1
675,-1,-1,-1,-1,-1,-1,-1,-1,-1
676,-1,-1,-1,-1,-1,-1,-1,-1,-1
677,-1,-1,-1,-1,-1,-1,-1,-1,-1
678,-1,-1,-1,-1,-1,-1,-1,-1,-1
679,-1,-1,-1,-1,-1,-1,-1,-1,-1
680,-1,-1,-1,-1,-1,-1,-1,-1,-1
681,-1,-1,-1,-1,-1,-1,-1,-1,-1
682,-1,-1,-1,-1,-1,-1,-1,-1,-1
683,-1,-1,-1,-1,-1,-1,-1,-1,-1
684,-1,-1,-1,-1,-1,-1,-1,-1,-1
685,-1,-1,-1,-1,-1,-1,-1,-1,-1
686,-1,-1,-1,-1,-1,-1,-1,-1,-1
687,-1,-1,-1,-1,-1,-1,-1,-1,-1
688,-1,-1,-1,-1,-1,-1,-1,-1,-1
689,-1,-1,-1,-1,-1,-1,-1,-1,-1
690,-1,-1,-1,-1,-1,-1,-1,-1,-1
691,-1,-1,-1,-1,-1,-1,-1,-1,-1
692,-1,-1,-1,-1,-1,-1,-1,-1,-1
693,-1,328,120,10,16,0.24,2,-1,-1
694,-1,328,120,10,16,0.11,2,-1,-1
695,-1,-1,-1,-1,-1,-1,-1,-1,-1
696,-1,-1,-1,-1,-1,-1,-1,-1,-1
697,-1,-1,-1,-1,-1,-1,-1,-1,-1
698,-1,328,126,10,13,0.35,2,-1,-1
699,-1,328,126,10,13,0.40,2,-1,-1
700,-1,327,127,10,13,0.30,2,-1,-1
701,-1,327,127,10,13,0.55,2,-1,-1
702,-1,326,128,11,13,0.61,2,-1,-1
703,-1,-1,-1,-1,-1,-1,-1,-1,-1
704,-1,-1,-1,-1,-1,-1,-1,-1,-1
705,-1,324,130,12,14,0.57,2,-1,-1
706,-1,324,131,12,14,0.56,2,-1,-1
707,-1,323,132,12,14,0.70,2,-1,-1
708,-1,323,132,12,14,0.68,2,-1,-1
709,-1,322,134,12,15,0.67,2,-1,-1
710,-1,322,134,12,14,0.62,2,-1,-1
711,-1,322,136,12,14,0.74,2,-1,-1
712,-1,321,136,12,14,0.78,2,-1,-1
713,-1,321,136,13,15,0.80,2,-1,-1
714,-1,320,137,13,15,0.84,2,-1,-1
715,-1,320,139,13,16,0.81,2,-1,-1
716,-1,320,140,13,15,0.81,2,-1,-1
717,-1,319,142,13,15,0.77,2,-1,-1
718,-1,319,142,13,15,0.77,2,-1,-1
719,-1,318,144,14,16,0.82,2,-1,-1
720,-1,318,144,14,16,0.82,2,-1,-1
721,-1,317,144,14,17,0.73,2,-1,-1
722,-1,317,145,15,16,0.83,2,-1,-1
723,-1,316,148,15,16,0.84,2,-1,-1
724,-1,316,148,15,16,0.83,2,-1,-1
725,-1,314,150,16,16,0.81,2,-1,-1
726,-1,314,151,16,17,0.84,2,-1,-1
727,-1,313,153,16,17,0.85,2,-1,-1
728,-1,313,153,16,18,0.84,2,-1,-1
729,-1,491,311,132,174,0.93,7,-1,-1
729,-1,312,154,16,19,0.84,2,-1,-1
730,-1,485,300,124,166,0.92,7,-1,-1
730,-1,312,156,17,19,0.84,2,-1,-1
731,-1,476,288,115,151,0.92,7,-1,-1
731,-1,310,158,18,19,0.84,2,-1,-1
732,-1,472,278,108,142,0.93,7,-1,-1
732,-1,310,159,18,20,0.85,2,-1,-1
733,-1,465,265,100,134,0.92,7,-1,-1
733,-1,308,162,18,20,0.86,2,-1,-1
734,-1,460,259,94,128,0.93,7,-1,-1
734,-1,307,164,19,20,0.85,2,-1,-1
735,-1,454,249,88,120,0.93,7,-1,-1
735,-1,306,166,20,20,0.85,2,-1,-1
736,-1,450,243,85,114,0.94,7,-1,-1
736,-1,306,167,20,21,0.84,2,-1,-1
737,-1,442,231,76,103,0.94,7,-1,-1
737,-1,304,172,20,21,0.85,2,-1,-1
738,-1,442,231,76,103,0.94,7,-1,-1
738,-1,304,172,20,21,0.85,2,-1,-1
739,-1,438,224,73,98,0.92,7,-1,-1
739,-1,303,175,20,22,0.84,2,-1,-1
740,-1,435,218,70,96,0.93,7,-1,-1
740,-1,302,178,20,22,0.85,2,-1,-1
741,-1,432,213,66,90,0.92,7,-1,-1
741,-1,300,182,22,22,0.84,2,-1,-1
742,-1,430,210,64,88,0.91,7,-1,-1
742,-1,298,182,22,24,0.84,2,-1,-1
743,-1,427,205,60,83,0.91,7,-1,-1
743,-1,297,185,23,24,0.85,2,-1,-1
744,-1,425,202,58,80,0.92,7,-1,-1
744,-1,296,188,23,24,0.84,2,-1,-1
745,-1,422,196,56,78,0.92,7,-1,-1
745,-1,294,191,24,26,0.85,2,-1,-1
746,-1,420,193,54,76,0.92,7,-1,-1
746,-1,293,193,25,28,0.86,2,-1,-1
747,-1,417,190,53,72,0.91,7,-1,-1
747,-1,290,199,26,28,0.88,2,-1,-1
748,-1,416,187,51,70,0.91,7,-1,-1
748,-1,290,202,26,28,0.87,2,-1,-1
749,-1,415,185,48,68,0.92,7,-1,-1
749,-1,288,206,26,28,0.86,2,-1,-1
750,-1,412,182,48,66,0.91,7,-1,-1
750,-1,286,210,27,30,0.86,2,-1,-1
751,-1,412,178,45,64,0.92,7,-1,-1
751,-1,282,217,29,30,0.87,2,-1,-1
752,-1,410,176,45,63,0.91,7,-1,-1
752,-1,280,221,31,32,0.87,2,-1,-1
753,-1,408,173,44,61,0.91,7,-1,-1
753,-1,278,228,32,32,0.88,2,-1,-1
754,-1,407,171,42,60,0.90,7,-1,-1
754,-1,276,232,31,35,0.89,2,-1,-1
755,-1,404,168,40,56,0.91,7,-1,-1
755,-1,270,246,34,38,0.89,2,-1,-1
756,-1,404,168,40,56,0.91,7,-1,-1
756,-1,270,246,34,38,0.89,2,-1,-1
757,-1,403,165,38,55,0.91,7,-1,-1
757,-1,264,255,37,40,0.90,2,-1,-1
758,-1,402,163,38,54,0.91,7,-1,-1
758,-1,262,262,38,42,0.89,2,-1,-1
759,-1,401,161,37,52,0.90,7,-1,-1
759,-1,256,272,40,46,0.89,2,-1,-1
760,-1,252,280,42,48,0.90,2,-1,-1
760,-1,400,160,37,52,0.90,7,-1,-1
761,-1,244,293,46,52,0.91,2,-1,-1
761,-1,399,157,36,50,0.90,7,-1,-1
762,-1,398,156,34,50,0.90,7,-1,-1
762,-1,240,302,48,56,0.89,2,-1,-1
763,-1,232,318,52,63,0.91,2,-1,-1
763,-1,396,154,34,48,0.90,7,-1,-1
764,-1,225,330,55,68,0.94,2,-1,-1
764,-1,396,154,34,48,0.91,7,-1,-1
765,-1,214,350,60,77,0.92,2,-1,-1
765,-1,395,152,34,46,0.90,7,-1,-1
766,-1,205,366,65,84,0.92,2,-1,-1
766,-1,394,151,32,45,0.90,7,-1,-1
767,-1,190,394,72,94,0.93,2,-1,-1
767,-1,394,149,32,44,0.89,7,-1,-1
768,-1,178,416,78,104,0.93,2,-1,-1
768,-1,393,148,32,44,0.89,7,-1,-1
769,-1,392,146,30,43,0.89,7,-1,-1
770,-1,392,146,30,42,0.89,7,-1,-1
771,-1,390,144,30,42,0.89,7,-1,-1
772,-1,389,143,30,42,0.88,7,-1,-1
773,-1,388,142,29,40,0.89,7,-1,-1
774,-1,388,142,29,40,0.88,7,-1,-1
775,-1,387,140,29,40,0.88,7,-1,-1
776,-1,386,140,28,38,0.89,7,-1,-1
777,-1,386,138,28,38,0.89,7,-1,-1
778,-1,385,138,28,37,0.89,7,-1,-1
779,-1,384,136,28,38,0.88,7,-1,-1
780,-1,384,136,27,37,0.88,7,-1,-1
781,-1,384,135,26,38,0.88,7,-1,-1
782,-1,383,134,26,36,0.87,7,-1,-1
783,-1,382,134,26,36,0.87,7,-1,-1
784,-1,382,133,26,36,0.87,7,-1,-1
785,-1,382,132,26,34,0.88,7,-1,-1
786,-1,381,131,26,34,0.89,7,-1,-1
787,-1,380,130,26,34,0.89,7,-1,-1
788,-1,380,130,24,34,0.89,7,-1,-1
789,-1,380,130,24,32,0.90,7,-1,-1
790,-1,379,129,24,32,0.88,7,-1,-1
791,-1,378,128,23,32,0.87,7,-1,-1
792,-1,378,128,24,32,0.86,7,-1,-1
793,-1,378,127,24,32,0.86,7,-1,-1
794,-1,378,126,23,32,0.87,7,-1,-1
795,-1,377,125,22,31,0.87,7,-1,-1
796,-1,377,125,22,31,0.87,7,-1,-1
797,-1,376,125,22,30,0.87,7,-1,-1
798,-1,376,124,21,30,0.88,7,-1,-1
799,-1,376,123,21,30,0.88,7,-1,-1
800,-1,376,123,20,29,0.87,7,-1,-1
801,-1,375,122,20,29,0.87,7,-1,-1
802,-1,374,122,20,29,0.87,7,-1,-1
803,-1,374,121,20,28,0.87,7,-1,-1
804,-1,374,121,20,28,0.87,7,-1,-1
805,-1,374,121,19,27,0.87,7,-1,-1
806,-1,374,121,19,27,0.87,7,-1,-1
807,-1,373,120,19,27,0.88,7,-1,-1
808,-1,372,120,19,27,0.88,7,-1,-1
809,-1,372,120,19,26,0.88,7,-1,-1
810,-1,372,120,18,26,0.88,7,-1,-1
811,-1,372,119,18,26,0.88,7,-1,-1
812,-1,372,118,18,26,0.88,7,-1,-1
813,-1,372,118,18,26,0.88,7,-1,-1
814,-1,371,118,18,26,0.88,7,-1,-1
815,-1,371,118,18,25,0.87,7,-1,-1
816,-1,371,117,18,26,0.87,7,-1,-1
817,-1,370,117,18,26,0.86,7,-1,-1
818,-1,370,117,17,25,0.86,7,-1,-1
819,-1,370,117,17,24,0.86,7,-1,-1
820,-1,370,116,17,25,0.86,7,-1,-1
821,-1,370,116,17,25,0.86,7,-1,-1
822,-1,370,116,17,25,0.87,7,-1,-1
823,-1,370,115,16,24,0.87,7,-1,-1
824,-1,369,115,16,24,0.87,7,-1,-1
825,-1,369,115,16,23,0.84,7,-1,-1
826,-1,369,114,16,24,0.85,7,-1,-1
827,-1,368,114,16,24,0.84,7,-1,-1
828,-1,368,114,15,23,0.84,7,-1,-1
829,-1,368,113,15,22,0.85,7,-1,-1
830,-1,368,113,14,22,0.85,7,-1,-1
831,-1,368,113,14,22,0.85,7,-1,-1
832,-1,368,113,14,21,0.85,7,-1,-1
833,-1,368,112,14,21,0.82,7,-1,-1
834,-1,368,112,14,21,0.82,7,-1,-1
835,-1,367,112,14,20,0.82,7,-1,-1
836,-1,367,112,14,20,0.82,7,-1,-1
837,-1,367,111,13,20,0.86,7,-1,-1
838,-1,366,111,13,20,0.87,7,-1,-1
839,-1,366,111,13,19,0.84,7,-1,-1
840,-1,366,111,13,19,0.84,7,-1,-1
841,-1,366,111,13,19,0.79,7,-1,-1
842,-1,366,110,13,19,0.73,7,-1,-1
843,-1,366,110,12,19,0.73,7,-1,-1
844,-1,365,110,12,19,0.78,7,-1,-1
845,-1,365,110,12,19,0.76,7,-1,-1
846,-1,365,109,12,19,0.79,7,-1,-1
847,-1,364,109,12,19,0.81,7,-1,-1
848,-1,364,109,12,19,0.81,7,-1,-1
849,-1,363,109,12,18,0.68,7,-1,-1
850,-1,363,109,12,18,0.69,7,-1,-1
850,-1,306,136,12,13,0.37,2,-1,-1
851,-1,364,109,12,18,0.61,7,-1,-1
852,-1,363,109,12,18,0.58,7,-1,-1
853,-1,362,108,12,18,0.63,7,-1,-1
853,-1,303,140,12,13,0.36,2,-1,-1
854,-1,362,108,12,18,0.64,7,-1,-1
854,-1,302,141,12,13,0.33,2,-1,-1
855,-1,362,108,12,18,0.70,7,-1,-1
856,-1,300,142,14,14,0.79,2,-1,-1
856,-1,362,108,12,18,0.70,7,-1,-1
857,-1,362,108,12,18,0.70,7,-1,-1
857,-1,299,144,14,14,0.55,2,-1,-1
858,-1,298,145,15,14,0.76,2,-1,-1
858,-1,361,108,12,18,0.71,7,-1,-1
859,-1,297,145,15,16,0.83,2,-1,-1
859,-1,360,107,12,18,0.74,7,-1,-1
860,-1,360,107,12,18,0.74,7,-1,-1
861,-1,294,149,15,15,0.72,2,-1,-1
861,-1,360,107,12,17,0.67,7,-1,-1
862,-1,360,107,12,18,0.76,7,-1,-1
862,-1,294,150,14,15,0.66,2,-1,-1
863,-1,360,107,12,18,0.77,7,-1,-1
863,-1,292,152,15,16,0.64,2,-1,-1
864,-1,535,448,76,72,0.93,2,-1,-1
864,-1,291,153,16,16,0.84,2,-1,-1
864,-1,359,106,12,18,0.79,7,-1,-1
865,-1,518,411,68,64,0.91,2,-1,-1
865,-1,290,154,17,17,0.84,2,-1,-1
865,-1,359,106,11,18,0.83,7,-1,-1
866,-1,509,390,63,59,0.90,2,-1,-1
866,-1,359,106,11,18,0.84,7,-1,-1
866,-1,289,155,18,18,0.84,2,-1,-1
867,-1,499,372,60,55,0.90,2,-1,-1
867,-1,288,156,18,18,0.84,2,-1,-1
867,-1,359,106,11,18,0.84,7,-1,-1
868,-1,488,346,54,51,0.91,2,-1,-1
868,-1,286,158,18,20,0.85,2,-1,-1
868,-1,358,106,12,17,0.82,7,-1,-1
869,-1,482,334,50,47,0.90,2,-1,-1
869,-1,284,160,18,20,0.85,2,-1,-1
869,-1,358,106,12,17,0.78,7,-1,-1
870,-1,472,314,47,44,0.90,2,-1,-1
870,-1,283,162,18,20,0.86,2,-1,-1
870,-1,358,106,12,17,0.78,7,-1,-1
871,-1,466,304,45,41,0.89,2,-1,-1
871,-1,282,165,19,19,0.86,2,-1,-1
871,-1,357,106,11,16,0.77,7,-1,-1
872,-1,460,289,41,38,0.90,2,-1,-1
872,-1,279,167,20,21,0.85,2,-1,-1
872,-1,356,106,11,16,0.64,7,-1,-1
873,-1,455,280,39,36,0.89,2,-1,-1
873,-1,278,169,20,21,0.85,2,-1,-1
873,-1,356,106,11,16,0.68,7,-1,-1
874,-1,449,269,37,33,0.89,2,-1,-1
874,-1,276,172,21,20,0.86,2,-1,-1
874,-1,355,105,10,16,0.44,7,-1,-1
875,-1,445,262,36,31,0.89,2,-1,-1
875,-1,274,174,22,21,0.84,2,-1,-1
875,-1,354,105,11,16,0.39,7,-1,-1
876,-1,440,251,33,30,0.88,2,-1,-1
876,-1,271,178,20,21,0.86,2,-1,-1
876,-1,354,105,10,15,0.25,7,-1,-1
877,-1,436,246,32,28,0.88,2,-1,-1
877,-1,270,181,21,21,0.86,2,-1,-1
878,-1,432,238,30,26,0.87,2,-1,-1
878,-1,266,184,22,23,0.86,2,-1,-1
878,-1,353,104,11,15,0.18,7,-1,-1
879,-1,430,233,29,25,0.88,2,-1,-1
879,-1,264,186,24,24,0.86,2,-1,-1
879,-1,353,104,11,15,0.19,7,-1,-1
880,-1,426,226,28,24,0.88,2,-1,-1
880,-1,261,191,24,24,0.86,2,-1,-1
880,-1,353,104,11,15,0.24,7,-1,-1
881,-1,258,194,24,24,0.88,2,-1,-1
881,-1,424,222,28,23,0.87,2,-1,-1
881,-1,352,104,11,15,0.24,7,-1,-1
882,-1,422,216,26,22,0.86,2,-1,-1
882,-1,255,199,25,25,0.85,2,-1,-1
882,-1,352,104,11,15,0.25,7,-1,-1
883,-1,252,202,24,27,0.88,2,-1,-1
883,-1,420,212,25,22,0.88,2,-1,-1
883,-1,352,104,10,15,0.28,7,-1,-1
884,-1,248,208,26,27,0.87,2,-1,-1
884,-1,417,207,24,20,0.86,2,-1,-1
884,-1,351,104,11,15,0.45,7,-1,-1
885,-1,416,203,23,20,0.86,2,-1,-1
885,-1,244,212,28,29,0.86,2,-1,-1
885,-1,351,104,11,15,0.45,7,-1,-1
886,-1,412,197,22,20,0.88,2,-1,-1
886,-1,240,219,28,30,0.87,2,-1,-1
886,-1,351,104,10,15,0.48,7,-1,-1
886,-1,318,117,10,12,0.35,2,-1,-1
887,-1,410,195,22,20,0.87,2,-1,-1
887,-1,235,224,30,31,0.86,2,-1,-1
887,-1,351,104,10,15,0.52,7,-1,-1
887,-1,318,117,10,12,0.34,2,-1,-1
888,-1,229,230,32,34,0.88,2,-1,-1
888,-1,409,192,21,18,0.86,2,-1,-1
888,-1,350,104,10,14,0.51,7,-1,-1
888,-1,318,118,10,12,0.34,2,-1,-1
889,-1,225,238,32,33,0.87,2,-1,-1
889,-1,407,190,22,17,0.86,2,-1,-1
889,-1,350,104,10,15,0.42,7,-1,-1
889,-1,318,118,10,12,0.21,2,-1,-1
890,-1,217,246,35,38,0.89,2,-1,-1
890,-1,404,186,21,17,0.88,2,-1,-1
890,-1,318,118,10,11,0.41,2,-1,-1
890,-1,349,104,10,14,0.29,7,-1,-1
891,-1,211,252,36,40,0.89,2,-1,-1
891,-1,404,184,20,16,0.87,2,-1,-1
891,-1,317,118,10,10,0.65,2,-1,-1
891,-1,349,103,10,14,0.18,7,-1,-1
892,-1,202,264,38,42,0.89,2,-1,-1
892,-1,402,180,20,16,0.86,2,-1,-1
892,-1,317,118,10,10,0.64,2,-1,-1
893,-1,194,273,41,45,0.89,2,-1,-1
893,-1,400,178,20,16,0.87,2,-1,-1
893,-1,317,118,10,11,0.47,2,-1,-1
894,-1,183,284,44,52,0.90,2,-1,-1
894,-1,399,176,18,16,0.86,2,-1,-1
895,-1,175,295,46,55,0.89,2,-1,-1
895,-1,398,174,18,15,0.86,2,-1,-1
895,-1,316,118,10,11,0.59,2,-1,-1
896,-1,160,311,51,62,0.90,2,-1,-1
896,-1,396,171,19,15,0.88,2,-1,-1
896,-1,316,119,10,11,0.41,2,-1,-1
897,-1,148,325,56,68,0.91,2,-1,-1
897,-1,395,169,19,15,0.87,2,-1,-1
897,-1,316,118,10,12,0.27,2,-1,-1
898,-1,128,350,63,75,0.91,2,-1,-1
898,-1,393,166,19,15,0.86,2,-1,-1
898,-1,316,119,10,12,0.19,2,-1,-1
899,-1,113,370,67,82,0.92,2,-1,-1
899,-1,392,165,18,15,0.86,2,-1,-1
899,-1,316,118,11,13,0.19,2,-1,-1
900,-1,86,402,76,94,0.93,2,-1,-1
900,-1,390,163,17,14,0.86,2,-1,-1
900,-1,315,119,11,13,0.52,2,-1,-1
900,-1,330,117,8,10,0.10,2,-1,-1
