7,-1,267,162,10,12,0.24,2,-1,-1
8,-1,267,161,10,13,0.25,2,-1,-1
9,-1,267,163,10,13,0.30,2,-1,-1
10,-1,267,163,10,13,0.30,2,-1,-1
11,-1,266,160,11,16,0.51,2,-1,-1
12,-1,267,162,11,14,0.50,2,-1,-1
13,-1,267,162,11,14,0.52,2,-1,-1
14,-1,267,163,11,13,0.54,2,-1,-1
15,-1,267,163,11,15,0.50,2,-1,-1
16,-1,266,160,12,17,0.62,2,-1,-1
17,-1,266,161,11,17,0.64,2,-1,-1
18,-1,267,162,11,16,0.48,2,-1,-1
19,-1,266,162,11,17,0.52,2,-1,-1
20,-1,266,164,11,15,0.62,2,-1,-1
21,-1,266,164,11,15,0.64,2,-1,-1
22,-1,266,164,11,16,0.68,2,-1,-1
23,-1,266,164,12,17,0.70,2,-1,-1
23,-1,431,526,86,13,0.64,2,-1,-1
24,-1,427,490,76,49,0.94,2,-1,-1
24,-1,266,165,12,17,0.70,2,-1,-1
25,-1,408,447,69,88,0.95,2,-1,-1
25,-1,266,168,11,14,0.68,2,-1,-1
26,-1,399,422,61,77,0.95,2,-1,-1
26,-1,266,168,11,15,0.68,2,-1,-1
27,-1,386,390,52,67,0.95,2,-1,-1
27,-1,266,165,12,18,0.68,2,-1,-1
28,-1,380,373,47,62,0.95,2,-1,-1
28,-1,265,165,12,19,0.71,2,-1,-1
29,-1,372,350,41,54,0.94,2,-1,-1
29,-1,265,164,12,20,0.69,2,-1,-1
30,-1,366,337,38,50,0.94,2,-1,-1
30,-1,265,163,13,21,0.74,2,-1,-1
31,-1,360,321,35,45,0.94,2,-1,-1
31,-1,264,165,13,20,0.76,2,-1,-1
32,-1,356,311,33,42,0.94,2,-1,-1
32,-1,265,165,13,20,0.74,2,-1,-1
33,-1,351,298,31,39,0.94,2,-1,-1
33,-1,264,166,13,20,0.70,2,-1,-1
34,-1,348,291,28,37,0.93,2,-1,-1
34,-1,264,167,13,19,0.69,2,-1,-1
35,-1,346,280,26,34,0.93,2,-1,-1
35,-1,264,167,13,20,0.71,2,-1,-1
36,-1,343,274,24,32,0.92,2,-1,-1
36,-1,264,170,13,18,0.73,2,-1,-1
37,-1,340,266,24,30,0.93,2,-1,-1
37,-1,264,171,13,17,0.74,2,-1,-1
38,-1,338,260,24,30,0.92,2,-1,-1
38,-1,264,170,13,18,0.71,2,-1,-1
39,-1,336,253,21,27,0.91,2,-1,-1
39,-1,263,169,14,21,0.42,2,-1,-1
40,-1,334,249,21,27,0.92,2,-1,-1
40,-1,263,169,14,21,0.54,7,-1,-1
41,-1,333,244,20,25,0.89,2,-1,-1
41,-1,262,169,15,22,0.65,7,-1,-1
42,-1,332,240,20,24,0.89,2,-1,-1
42,-1,262,170,14,21,0.64,7,-1,-1
43,-1,330,235,19,22,0.88,2,-1,-1
43,-1,262,170,15,22,0.68,7,-1,-1
44,-1,330,231,19,22,0.88,2,-1,-1
44,-1,262,170,15,22,0.76,7,-1,-1
45,-1,329,227,18,21,0.88,2,-1,-1
45,-1,262,170,14,23,0.73,7,-1,-1
46,-1,328,224,18,21,0.86,2,-1,-1
46,-1,262,172,14,22,0.66,7,-1,-1
47,-1,327,220,18,20,0.87,2,-1,-1
47,-1,262,172,14,23,0.74,7,-1,-1
48,-1,326,217,19,20,0.87,2,-1,-1
48,-1,261,171,15,25,0.80,7,-1,-1
49,-1,326,215,17,19,0.87,2,-1,-1
49,-1,261,171,15,25,0.82,7,-1,-1
50,-1,326,213,17,19,0.86,2,-1,-1
50,-1,261,171,16,26,0.82,7,-1,-1
51,-1,326,209,16,18,0.83,2,-1,-1
51,-1,260,172,16,26,0.78,7,-1,-1
51,-1,276,166,10,9,0.14,2,-1,-1
52,-1,325,207,16,19,0.83,2,-1,-1
52,-1,260,172,16,27,0.82,7,-1,-1
53,-1,325,205,15,18,0.84,2,-1,-1
53,-1,259,173,17,26,0.79,7,-1,-1
54,-1,325,203,15,17,0.84,2,-1,-1
54,-1,259,174,16,26,0.66,7,-1,-1
54,-1,277,166,10,11,0.14,2,-1,-1
55,-1,324,201,14,17,0.86,2,-1,-1
55,-1,258,174,17,27,0.75,7,-1,-1
55,-1,277,168,9,9,0.11,2,-1,-1
56,-1,324,200,15,17,0.85,2,-1,-1
56,-1,258,174,17,27,0.80,7,-1,-1
56,-1,277,168,9,10,0.10,2,-1,-1
57,-1,323,198,14,16,0.89,2,-1,-1
57,-1,258,179,17,24,0.83,2,-1,-1
58,-1,323,196,15,16,0.89,2,-1,-1
58,-1,257,177,17,27,0.85,2,-1,-1
58,-1,277,165,10,13,0.18,2,-1,-1
59,-1,322,194,15,16,0.89,2,-1,-1
59,-1,257,177,17,28,0.82,2,-1,-1
59,-1,278,170,9,9,0.53,2,-1,-1
60,-1,321,194,14,15,0.88,2,-1,-1
60,-1,257,178,18,27,0.82,2,-1,-1
60,-1,278,170,9,9,0.53,2,-1,-1
61,-1,321,192,14,15,0.86,2,-1,-1
61,-1,256,182,18,26,0.82,2,-1,-1
61,-1,278,171,9,9,0.43,2,-1,-1
62,-1,320,190,14,15,0.85,2,-1,-1
62,-1,256,184,17,24,0.79,2,-1,-1
62,-1,278,172,9,9,0.46,2,-1,-1
63,-1,320,191,13,13,0.80,2,-1,-1
63,-1,255,185,18,25,0.74,2,-1,-1
63,-1,278,173,9,9,0.56,2,-1,-1
64,-1,320,189,13,12,0.84,2,-1,-1
64,-1,255,186,18,25,0.62,2,-1,-1
64,-1,278,174,9,9,0.41,2,-1,-1
65,-1,319,187,12,13,0.82,2,-1,-1
65,-1,254,185,19,27,0.68,2,-1,-1
65,-1,278,174,9,10,0.55,2,-1,-1
66,-1,318,185,11,13,0.82,2,-1,-1
66,-1,253,185,19,28,0.73,7,-1,-1
66,-1,278,175,10,10,0.51,2,-1,-1
67,-1,319,184,11,13,0.84,2,-1,-1
67,-1,253,184,19,30,0.78,7,-1,-1
67,-1,278,173,10,12,0.60,2,-1,-1
68,-1,318,183,12,14,0.83,2,-1,-1
68,-1,252,185,19,30,0.77,7,-1,-1
68,-1,278,174,10,12,0.60,2,-1,-1
69,-1,318,184,11,12,0.82,2,-1,-1
69,-1,251,186,21,31,0.79,7,-1,-1
69,-1,277,171,11,16,0.68,2,-1,-1
70,-1,317,181,11,13,0.83,2,-1,-1
70,-1,251,186,21,31,0.75,7,-1,-1
70,-1,277,170,12,18,0.69,2,-1,-1
71,-1,316,181,11,12,0.80,2,-1,-1
71,-1,249,189,21,31,0.76,7,-1,-1
71,-1,277,171,12,17,0.74,2,-1,-1
72,-1,248,189,21,33,0.82,7,-1,-1
72,-1,317,181,11,12,0.81,2,-1,-1
72,-1,277,174,12,15,0.76,2,-1,-1
73,-1,247,186,23,37,0.89,7,-1,-1
73,-1,315,179,10,11,0.81,2,-1,-1
73,-1,277,173,12,17,0.76,2,-1,-1
74,-1,247,185,23,39,0.88,7,-1,-1
74,-1,315,178,10,11,0.79,2,-1,-1
74,-1,277,173,12,17,0.77,2,-1,-1
75,-1,245,187,24,39,0.88,7,-1,-1
75,-1,276,177,13,15,0.74,2,-1,-1
75,-1,314,177,10,11,0.71,2,-1,-1
76,-1,244,190,24,37,0.89,7,-1,-1
76,-1,277,176,13,16,0.72,2,-1,-1
76,-1,314,177,10,10,0.66,2,-1,-1
76,-1,267,164,10,13,0.25,2,-1,-1
77,-1,243,190,24,39,0.89,7,-1,-1
77,-1,276,176,13,18,0.74,2,-1,-1
77,-1,314,176,9,10,0.67,2,-1,-1
77,-1,267,164,10,13,0.18,2,-1,-1
78,-1,243,191,24,38,0.86,7,-1,-1
78,-1,276,176,13,18,0.74,2,-1,-1
78,-1,313,176,9,10,0.69,2,-1,-1
78,-1,267,164,9,14,0.11,2,-1,-1
79,-1,241,189,24,44,0.88,7,-1,-1
79,-1,275,174,14,21,0.75,2,-1,-1
79,-1,312,173,10,11,0.74,2,-1,-1
80,-1,241,189,25,45,0.88,7,-1,-1
80,-1,275,177,13,19,0.80,2,-1,-1
80,-1,312,173,10,11,0.75,2,-1,-1
81,-1,239,188,28,49,0.91,7,-1,-1
81,-1,275,178,14,20,0.81,2,-1,-1
81,-1,312,173,9,10,0.51,2,-1,-1
81,-1,267,164,10,12,0.12,2,-1,-1
82,-1,238,187,29,51,0.92,7,-1,-1
82,-1,275,178,14,20,0.80,2,-1,-1
82,-1,310,171,10,11,0.71,2,-1,-1
83,-1,237,188,30,51,0.93,7,-1,-1
83,-1,275,180,15,20,0.82,2,-1,-1
83,-1,310,171,9,9,0.59,2,-1,-1
83,-1,267,165,10,12,0.13,2,-1,-1
84,-1,236,189,30,53,0.90,7,-1,-1
84,-1,274,180,15,21,0.79,2,-1,-1
84,-1,310,172,9,9,0.35,2,-1,-1
85,-1,235,189,30,55,0.89,7,-1,-1
85,-1,274,180,16,22,0.78,2,-1,-1
85,-1,309,170,9,9,0.58,2,-1,-1
85,-1,266,166,11,15,0.19,2,-1,-1
86,-1,234,190,31,56,0.88,7,-1,-1
86,-1,274,183,15,20,0.76,2,-1,-1
86,-1,308,170,10,9,0.60,2,-1,-1
86,-1,266,166,10,15,0.21,2,-1,-1
87,-1,232,193,30,55,0.90,7,-1,-1
87,-1,273,183,16,22,0.81,2,-1,-1
87,-1,266,167,10,14,0.15,2,-1,-1
88,-1,231,194,31,57,0.90,7,-1,-1
88,-1,273,184,16,22,0.82,2,-1,-1
88,-1,266,166,10,15,0.42,2,-1,-1
88,-1,308,169,9,9,0.11,2,-1,-1
89,-1,229,194,33,60,0.93,7,-1,-1
89,-1,272,183,17,24,0.82,2,-1,-1
89,-1,266,167,10,14,0.27,2,-1,-1
89,-1,307,169,9,8,0.18,2,-1,-1
90,-1,228,195,34,61,0.92,7,-1,-1
90,-1,272,185,17,24,0.82,2,-1,-1
90,-1,266,167,11,15,0.26,2,-1,-1
91,-1,226,196,36,64,0.94,7,-1,-1
91,-1,271,185,17,25,0.84,2,-1,-1
92,-1,224,197,37,65,0.94,7,-1,-1
92,-1,271,185,18,26,0.76,2,-1,-1
93,-1,222,199,37,67,0.94,7,-1,-1
93,-1,270,187,18,26,0.84,2,-1,-1
93,-1,266,168,12,18,0.25,7,-1,-1
94,-1,220,199,40,69,0.94,7,-1,-1
94,-1,270,190,18,25,0.84,2,-1,-1
94,-1,265,168,12,18,0.54,7,-1,-1
95,-1,218,201,40,72,0.94,7,-1,-1
95,-1,270,192,18,25,0.82,2,-1,-1
95,-1,265,169,12,18,0.17,7,-1,-1
96,-1,216,201,42,74,0.94,7,-1,-1
96,-1,268,190,20,29,0.63,7,-1,-1
96,-1,265,170,12,19,0.25,7,-1,-1
97,-1,213,203,44,77,0.94,7,-1,-1
97,-1,267,192,21,29,0.70,7,-1,-1
97,-1,265,170,12,18,0.27,7,-1,-1
98,-1,212,204,45,79,0.95,7,-1,-1
98,-1,267,193,21,30,0.62,7,-1,-1
98,-1,265,170,13,18,0.32,7,-1,-1
99,-1,209,206,46,82,0.95,7,-1,-1
99,-1,266,195,22,30,0.89,7,-1,-1
99,-1,265,171,12,19,0.42,7,-1,-1
100,-1,207,207,47,84,0.95,7,-1,-1
100,-1,265,195,22,32,0.88,7,-1,-1
100,-1,264,171,13,20,0.68,7,-1,-1
101,-1,203,209,50,88,0.95,7,-1,-1
101,-1,265,197,22,32,0.81,7,-1,-1
101,-1,264,172,13,19,0.72,7,-1,-1
102,-1,201,211,53,90,0.95,7,-1,-1
102,-1,264,200,23,32,0.79,7,-1,-1
102,-1,265,173,11,19,0.31,7,-1,-1
103,-1,197,213,56,95,0.95,7,-1,-1
103,-1,263,200,23,34,0.89,7,-1,-1
103,-1,264,173,12,19,0.23,7,-1,-1
104,-1,195,215,58,97,0.95,7,-1,-1
104,-1,262,201,23,35,0.90,7,-1,-1
105,-1,190,217,59,102,0.95,7,-1,-1
105,-1,261,203,24,36,0.90,7,-1,-1
105,-1,264,174,11,19,0.10,7,-1,-1
106,-1,188,219,60,105,0.95,7,-1,-1
106,-1,261,205,24,37,0.92,7,-1,-1
106,-1,263,178,11,17,0.24,2,-1,-1
107,-1,183,222,63,110,0.95,7,-1,-1
107,-1,259,206,27,40,0.90,7,-1,-1
107,-1,263,177,12,18,0.47,2,-1,-1
108,-1,178,225,66,114,0.95,7,-1,-1
108,-1,258,209,26,40,0.89,7,-1,-1
108,-1,263,177,12,19,0.63,2,-1,-1
109,-1,174,228,70,119,0.96,7,-1,-1
109,-1,257,210,27,43,0.92,7,-1,-1
109,-1,262,177,13,20,0.75,2,-1,-1
110,-1,169,230,72,126,0.96,7,-1,-1
110,-1,256,212,28,44,0.93,7,-1,-1
110,-1,261,177,14,20,0.73,2,-1,-1
111,-1,164,234,75,134,0.96,7,-1,-1
111,-1,254,214,29,47,0.93,7,-1,-1
111,-1,261,177,13,20,0.69,2,-1,-1
112,-1,159,236,79,140,0.95,7,-1,-1
112,-1,253,217,29,47,0.92,7,-1,-1
112,-1,260,178,14,21,0.61,2,-1,-1
113,-1,151,240,84,150,0.95,7,-1,-1
113,-1,251,219,31,52,0.91,7,-1,-1
113,-1,260,178,15,21,0.53,7,-1,-1
114,-1,145,242,87,158,0.95,7,-1,-1
114,-1,250,224,32,51,0.93,7,-1,-1
114,-1,259,179,15,22,0.70,7,-1,-1
115,-1,136,247,94,171,0.95,7,-1,-1
115,-1,247,225,34,56,0.91,7,-1,-1
115,-1,259,180,15,21,0.60,7,-1,-1
116,-1,129,250,99,179,0.95,7,-1,-1
116,-1,246,225,35,60,0.92,7,-1,-1
116,-1,259,181,15,21,0.70,2,-1,-1
117,-1,118,255,106,198,0.95,7,-1,-1
117,-1,244,233,36,60,0.93,7,-1,-1
117,-1,258,181,15,22,0.74,2,-1,-1
118,-1,109,258,114,212,0.95,7,-1,-1
118,-1,242,231,38,67,0.93,7,-1,-1
118,-1,258,182,14,22,0.81,2,-1,-1
119,-1,239,233,41,74,0.94,7,-1,-1
119,-1,95,263,125,233,0.94,7,-1,-1
119,-1,258,183,15,22,0.82,2,-1,-1
120,-1,81,267,136,251,0.95,7,-1,-1
120,-1,236,242,43,72,0.94,7,-1,-1
120,-1,257,183,16,23,0.76,2,-1,-1
121,-1,233,240,46,84,0.94,7,-1,-1
121,-1,63,274,150,265,0.93,7,-1,-1
121,-1,256,184,16,24,0.64,2,-1,-1
122,-1,231,245,46,87,0.94,7,-1,-1
122,-1,48,278,163,260,0.94,7,-1,-1
122,-1,256,184,16,25,0.65,7,-1,-1
123,-1,22,288,182,249,0.95,7,-1,-1
123,-1,227,262,48,84,0.93,7,-1,-1
123,-1,255,185,16,25,0.84,7,-1,-1
123,-1,254,243,22,26,0.78,2,-1,-1
124,-1,1,293,201,246,0.96,7,-1,-1
124,-1,224,262,51,93,0.94,7,-1,-1
124,-1,255,185,16,25,0.72,7,-1,-1
124,-1,253,246,22,28,0.63,2,-1,-1
125,-1,1,304,197,235,0.96,7,-1,-1
125,-1,219,277,53,94,0.95,7,-1,-1
125,-1,249,252,25,29,0.87,2,-1,-1
125,-1,254,187,16,25,0.79,7,-1,-1
126,-1,1,310,193,229,0.95,7,-1,-1
126,-1,216,285,54,98,0.94,7,-1,-1
126,-1,249,256,23,29,0.92,2,-1,-1
126,-1,253,187,16,25,0.74,7,-1,-1
127,-1,210,296,58,108,0.95,7,-1,-1
127,-1,0,320,187,219,0.95,7,-1,-1
127,-1,247,261,24,32,0.92,2,-1,-1
127,-1,253,188,17,26,0.72,7,-1,-1
127,-1,279,168,7,8,0.13,2,-1,-1
128,-1,206,303,59,118,0.95,7,-1,-1
128,-1,0,331,184,208,0.95,7,-1,-1
128,-1,245,265,24,33,0.92,2,-1,-1
128,-1,252,188,17,26,0.71,7,-1,-1
129,-1,0,348,176,191,0.95,7,-1,-1
129,-1,198,315,65,135,0.95,7,-1,-1
129,-1,243,271,25,35,0.92,2,-1,-1
129,-1,251,190,17,26,0.58,7,-1,-1
129,-1,280,168,7,9,0.11,2,-1,-1
130,-1,0,359,168,180,0.95,7,-1,-1
130,-1,192,323,70,149,0.95,7,-1,-1
130,-1,241,276,26,37,0.94,2,-1,-1
130,-1,250,191,17,26,0.67,2,-1,-1
131,-1,180,340,78,171,0.94,7,-1,-1
131,-1,0,380,159,159,0.94,7,-1,-1
131,-1,238,284,28,39,0.94,2,-1,-1
131,-1,249,192,17,27,0.76,7,-1,-1
131,-1,279,169,8,9,0.26,2,-1,-1
131,-1,268,162,9,15,0.12,2,-1,-1
132,-1,172,350,85,188,0.95,7,-1,-1
132,-1,0,393,151,146,0.93,7,-1,-1
132,-1,236,289,29,41,0.92,2,-1,-1
132,-1,248,193,18,28,0.58,7,-1,-1
132,-1,279,170,8,8,0.20,2,-1,-1
132,-1,268,164,9,14,0.11,2,-1,-1
133,-1,157,372,95,167,0.95,7,-1,-1
133,-1,0,421,138,118,0.95,7,-1,-1
133,-1,232,298,30,46,0.94,2,-1,-1
133,-1,360,504,59,35,0.90,2,-1,-1
133,-1,247,195,19,28,0.52,7,-1,-1
133,-1,279,170,8,8,0.30,2,-1,-1
133,-1,268,167,9,12,0.13,2,-1,-1
134,-1,146,386,104,152,0.94,7,-1,-1
134,-1,353,470,64,69,0.94,2,-1,-1
134,-1,0,433,129,106,0.94,7,-1,-1
134,-1,229,306,31,47,0.93,2,-1,-1
134,-1,246,195,19,29,0.62,7,-1,-1
134,-1,280,172,8,9,0.30,2,-1,-1
135,-1,347,431,50,76,0.94,2,-1,-1
135,-1,226,316,32,53,0.93,2,-1,-1
135,-1,0,479,109,60,0.93,7,-1,-1
135,-1,136,413,109,126,0.91,7,-1,-1
135,-1,245,197,19,29,0.85,7,-1,-1
135,-1,280,172,8,8,0.40,2,-1,-1
135,-1,268,166,9,13,0.16,2,-1,-1
136,-1,222,324,35,56,0.95,2,-1,-1
136,-1,342,408,47,70,0.94,2,-1,-1
136,-1,244,197,20,31,0.89,7,-1,-1
136,-1,167,435,74,104,0.84,2,-1,-1
136,-1,280,173,8,8,0.42,2,-1,-1
136,-1,268,167,9,12,0.30,2,-1,-1
137,-1,217,339,37,61,0.95,2,-1,-1
137,-1,336,379,42,62,0.94,2,-1,-1
137,-1,243,198,21,32,0.91,7,-1,-1
137,-1,155,475,81,64,0.89,2,-1,-1
137,-1,280,173,8,8,0.47,2,-1,-1
137,-1,268,167,9,12,0.37,2,-1,-1
138,-1,333,363,40,57,0.94,2,-1,-1
138,-1,213,350,39,65,0.94,2,-1,-1
138,-1,242,199,21,32,0.90,7,-1,-1
138,-1,157,509,76,30,0.86,2,-1,-1
138,-1,280,173,8,8,0.51,2,-1,-1
138,-1,268,168,9,13,0.45,2,-1,-1
139,-1,207,367,43,74,0.94,2,-1,-1
139,-1,329,342,36,52,0.93,2,-1,-1
139,-1,436,494,72,45,0.92,2,-1,-1
139,-1,241,201,21,33,0.65,7,-1,-1
139,-1,268,168,10,14,0.49,2,-1,-1
139,-1,280,175,8,8,0.30,2,-1,-1
140,-1,201,381,46,80,0.94,2,-1,-1
140,-1,327,327,34,52,0.94,2,-1,-1
140,-1,424,464,74,75,0.94,2,-1,-1
140,-1,239,202,22,34,0.86,7,-1,-1
140,-1,268,167,10,15,0.59,2,-1,-1
140,-1,280,175,8,9,0.53,2,-1,-1
141,-1,192,405,51,93,0.95,2,-1,-1
141,-1,409,427,58,73,0.94,2,-1,-1
141,-1,323,313,32,46,0.93,2,-1,-1
141,-1,239,203,22,33,0.84,7,-1,-1
141,-1,280,175,8,9,0.54,2,-1,-1
141,-1,268,167,10,16,0.53,2,-1,-1
142,-1,401,405,51,65,0.94,2,-1,-1
142,-1,184,425,56,101,0.94,2,-1,-1
142,-1,321,303,32,44,0.93,2,-1,-1
142,-1,237,204,21,34,0.90,7,-1,-1
142,-1,268,168,10,16,0.52,2,-1,-1
142,-1,280,176,8,9,0.38,2,-1,-1
143,-1,320,294,29,39,0.95,2,-1,-1
143,-1,390,378,44,56,0.95,2,-1,-1
143,-1,236,206,22,35,0.93,7,-1,-1
143,-1,168,457,67,82,0.92,2,-1,-1
143,-1,268,169,10,15,0.54,2,-1,-1
143,-1,280,177,8,10,0.42,2,-1,-1
144,-1,319,286,29,38,0.94,2,-1,-1
144,-1,384,363,41,51,0.94,2,-1,-1
144,-1,163,483,67,56,0.91,2,-1,-1
144,-1,235,207,23,36,0.91,7,-1,-1
144,-1,280,178,8,9,0.61,2,-1,-1
144,-1,268,169,10,15,0.53,2,-1,-1
145,-1,377,342,37,46,0.93,2,-1,-1
145,-1,317,275,25,35,0.92,2,-1,-1
145,-1,234,209,23,37,0.92,7,-1,-1
145,-1,280,179,8,9,0.65,2,-1,-1
145,-1,267,170,11,16,0.54,2,-1,-1
146,-1,372,330,35,43,0.94,2,-1,-1
146,-1,317,270,25,33,0.93,2,-1,-1
146,-1,232,210,24,37,0.92,7,-1,-1
146,-1,279,179,10,10,0.78,2,-1,-1
146,-1,267,170,10,16,0.50,2,-1,-1
147,-1,366,314,32,40,0.94,2,-1,-1
147,-1,230,213,24,37,0.92,7,-1,-1
147,-1,316,263,23,30,0.92,2,-1,-1
147,-1,279,180,9,10,0.67,2,-1,-1
147,-1,267,171,11,15,0.63,2,-1,-1
148,-1,362,306,30,37,0.93,2,-1,-1
148,-1,314,258,23,29,0.92,2,-1,-1
148,-1,229,213,25,39,0.90,7,-1,-1
148,-1,279,180,10,11,0.77,2,-1,-1
148,-1,267,171,11,16,0.58,2,-1,-1
149,-1,357,294,28,34,0.93,2,-1,-1
149,-1,227,215,25,41,0.92,7,-1,-1
149,-1,314,251,22,28,0.91,2,-1,-1
149,-1,279,182,10,10,0.73,2,-1,-1
149,-1,266,170,12,17,0.40,7,-1,-1
150,-1,355,287,26,32,0.94,2,-1,-1
150,-1,226,216,26,42,0.93,7,-1,-1
150,-1,313,247,22,27,0.89,2,-1,-1
150,-1,279,182,10,11,0.72,2,-1,-1
150,-1,266,171,12,17,0.37,2,-1,-1
151,-1,350,276,26,31,0.92,2,-1,-1
151,-1,223,220,27,42,0.92,7,-1,-1
151,-1,312,241,21,25,0.90,2,-1,-1
151,-1,279,182,10,11,0.73,2,-1,-1
151,-1,265,171,12,17,0.41,7,-1,-1
152,-1,348,271,24,29,0.93,2,-1,-1
152,-1,223,222,26,43,0.90,7,-1,-1
152,-1,312,238,19,25,0.90,2,-1,-1
152,-1,279,184,10,11,0.62,2,-1,-1
152,-1,265,171,13,18,0.55,7,-1,-1
153,-1,311,231,20,25,0.91,2,-1,-1
153,-1,345,263,22,27,0.91,2,-1,-1
153,-1,220,225,27,43,0.91,7,-1,-1
153,-1,279,185,10,10,0.82,2,-1,-1
153,-1,265,171,13,20,0.78,7,-1,-1
154,-1,344,258,22,26,0.91,2,-1,-1
154,-1,219,227,27,44,0.90,7,-1,-1
154,-1,310,229,20,24,0.90,2,-1,-1
154,-1,279,185,10,11,0.82,2,-1,-1
154,-1,265,172,13,19,0.66,7,-1,-1
155,-1,340,251,21,25,0.91,2,-1,-1
155,-1,216,229,28,46,0.91,7,-1,-1
155,-1,310,225,19,22,0.91,2,-1,-1
155,-1,278,186,10,11,0.85,2,-1,-1
155,-1,265,173,13,19,0.68,7,-1,-1
156,-1,339,247,21,24,0.92,2,-1,-1
156,-1,214,233,29,46,0.90,7,-1,-1
156,-1,310,221,18,23,0.89,2,-1,-1
156,-1,278,187,11,11,0.87,2,-1,-1
156,-1,265,172,13,19,0.76,7,-1,-1
157,-1,309,218,18,22,0.91,2,-1,-1
157,-1,336,241,20,23,0.90,2,-1,-1
157,-1,211,236,30,48,0.89,7,-1,-1
157,-1,277,188,11,11,0.85,2,-1,-1
157,-1,265,173,13,20,0.80,7,-1,-1
158,-1,209,237,30,51,0.92,7,-1,-1
158,-1,335,238,20,22,0.90,2,-1,-1
158,-1,309,216,17,21,0.90,2,-1,-1
158,-1,276,189,11,12,0.82,2,-1,-1
158,-1,264,173,13,21,0.78,7,-1,-1
159,-1,333,232,20,22,0.91,2,-1,-1
159,-1,309,213,17,20,0.90,2,-1,-1
159,-1,207,241,32,52,0.85,7,-1,-1
159,-1,276,191,12,12,0.80,2,-1,-1
159,-1,264,175,13,20,0.79,7,-1,-1
160,-1,332,229,19,21,0.90,2,-1,-1
160,-1,203,244,34,53,0.89,7,-1,-1
160,-1,309,212,15,19,0.88,2,-1,-1
160,-1,276,191,12,12,0.80,2,-1,-1
160,-1,264,175,14,20,0.80,7,-1,-1
161,-1,200,248,35,55,0.92,7,-1,-1
161,-1,331,225,18,20,0.88,2,-1,-1
161,-1,309,208,15,19,0.86,2,-1,-1
161,-1,275,193,12,12,0.85,2,-1,-1
161,-1,263,175,14,21,0.76,7,-1,-1
162,-1,197,251,36,57,0.92,7,-1,-1
162,-1,308,206,15,19,0.88,2,-1,-1
162,-1,330,222,18,20,0.87,2,-1,-1
162,-1,275,194,12,12,0.82,2,-1,-1
162,-1,262,176,15,21,0.79,7,-1,-1
163,-1,328,218,18,19,0.89,2,-1,-1
163,-1,308,204,15,17,0.87,2,-1,-1
163,-1,194,254,37,60,0.84,7,-1,-1
163,-1,274,195,13,12,0.82,2,-1,-1
163,-1,262,177,14,21,0.78,7,-1,-1
164,-1,191,258,38,61,0.94,7,-1,-1
164,-1,307,204,14,16,0.88,2,-1,-1
164,-1,327,216,18,19,0.88,2,-1,-1
164,-1,274,196,13,13,0.82,2,-1,-1
164,-1,262,177,14,20,0.56,7,-1,-1
165,-1,186,261,40,67,0.94,7,-1,-1
165,-1,326,213,16,19,0.88,2,-1,-1
165,-1,307,202,14,16,0.87,2,-1,-1
165,-1,274,198,13,13,0.83,2,-1,-1
165,-1,261,178,14,21,0.72,7,-1,-1
166,-1,183,265,41,68,0.93,7,-1,-1
166,-1,326,211,16,18,0.86,2,-1,-1
166,-1,307,199,13,16,0.86,2,-1,-1
166,-1,274,199,13,13,0.82,2,-1,-1
166,-1,261,180,15,21,0.78,7,-1,-1
167,-1,178,271,43,72,0.94,7,-1,-1
167,-1,307,198,13,16,0.88,2,-1,-1
167,-1,325,209,15,16,0.86,2,-1,-1
167,-1,273,200,13,13,0.82,2,-1,-1
167,-1,261,180,15,22,0.78,7,-1,-1
168,-1,174,273,45,76,0.94,7,-1,-1
168,-1,306,196,13,15,0.88,2,-1,-1
168,-1,324,207,15,16,0.86,2,-1,-1
168,-1,260,179,15,23,0.83,7,-1,-1
168,-1,272,201,14,14,0.81,2,-1,-1
169,-1,169,281,47,80,0.94,7,-1,-1
169,-1,324,205,14,16,0.88,2,-1,-1
169,-1,259,180,16,24,0.86,7,-1,-1
169,-1,306,195,12,14,0.86,2,-1,-1
169,-1,271,202,13,15,0.84,2,-1,-1
170,-1,163,286,50,84,0.95,7,-1,-1
170,-1,322,203,14,15,0.88,2,-1,-1
170,-1,259,181,16,24,0.86,7,-1,-1
170,-1,271,204,14,15,0.85,2,-1,-1
170,-1,306,193,12,15,0.84,2,-1,-1
171,-1,157,292,52,91,0.95,7,-1,-1
171,-1,322,201,14,15,0.88,2,-1,-1
171,-1,270,206,15,15,0.86,2,-1,-1
171,-1,259,181,16,25,0.84,7,-1,-1
171,-1,306,192,12,14,0.82,2,-1,-1
171,-1,267,161,10,13,0.29,2,-1,-1
172,-1,152,298,55,96,0.95,7,-1,-1
172,-1,322,199,14,15,0.88,2,-1,-1
172,-1,259,182,16,24,0.86,7,-1,-1
172,-1,270,208,14,15,0.86,2,-1,-1
172,-1,306,192,12,13,0.82,2,-1,-1
172,-1,267,161,10,13,0.35,2,-1,-1
173,-1,144,305,58,105,0.96,7,-1,-1
173,-1,258,182,17,26,0.88,7,-1,-1
173,-1,321,197,14,15,0.87,2,-1,-1
173,-1,269,209,14,16,0.86,2,-1,-1
173,-1,305,190,11,12,0.84,2,-1,-1
173,-1,267,161,9,14,0.20,2,-1,-1
174,-1,137,308,62,115,0.95,7,-1,-1
174,-1,257,182,17,27,0.89,7,-1,-1
174,-1,268,211,14,16,0.86,2,-1,-1
174,-1,320,196,14,15,0.85,2,-1,-1
174,-1,305,189,11,12,0.84,2,-1,-1
174,-1,268,162,9,14,0.13,7,-1,-1
175,-1,127,318,66,126,0.95,7,-1,-1
175,-1,256,182,18,28,0.89,7,-1,-1
175,-1,267,214,15,16,0.87,2,-1,-1
175,-1,320,194,13,14,0.84,2,-1,-1
175,-1,305,188,11,12,0.78,2,-1,-1
175,-1,268,162,9,14,0.26,7,-1,-1
176,-1,116,330,73,129,0.95,7,-1,-1
176,-1,256,183,18,27,0.88,7,-1,-1
176,-1,266,216,16,16,0.85,2,-1,-1
176,-1,319,194,13,13,0.82,2,-1,-1
176,-1,305,186,10,12,0.75,2,-1,-1
176,-1,267,161,10,15,0.36,7,-1,-1
177,-1,105,346,78,141,0.95,7,-1,-1
177,-1,255,183,19,29,0.89,7,-1,-1
177,-1,265,218,17,17,0.86,2,-1,-1
177,-1,318,191,13,13,0.82,2,-1,-1
177,-1,305,186,10,11,0.74,2,-1,-1
177,-1,267,162,9,15,0.25,7,-1,-1
178,-1,94,359,83,149,0.95,7,-1,-1
178,-1,265,220,17,17,0.89,2,-1,-1
178,-1,254,185,19,29,0.88,7,-1,-1
178,-1,318,191,13,13,0.82,2,-1,-1
178,-1,305,185,10,11,0.73,2,-1,-1
178,-1,267,163,9,14,0.12,7,-1,-1
179,-1,76,370,94,169,0.94,7,-1,-1
179,-1,254,184,19,31,0.90,7,-1,-1
179,-1,264,224,17,17,0.87,2,-1,-1
179,-1,318,189,12,13,0.83,2,-1,-1
179,-1,305,184,9,10,0.59,2,-1,-1
179,-1,267,162,10,15,0.21,7,-1,-1
180,-1,62,386,100,153,0.94,7,-1,-1
180,-1,253,184,19,31,0.89,7,-1,-1
180,-1,263,226,17,17,0.86,2,-1,-1
180,-1,317,188,12,12,0.78,2,-1,-1
180,-1,305,183,9,10,0.64,2,-1,-1
180,-1,267,163,10,15,0.24,7,-1,-1
181,-1,41,408,112,131,0.94,7,-1,-1
181,-1,252,185,21,32,0.89,7,-1,-1
181,-1,263,230,17,17,0.87,2,-1,-1
181,-1,317,186,12,12,0.75,2,-1,-1
181,-1,304,181,9,11,0.62,2,-1,-1
181,-1,267,164,9,15,0.15,7,-1,-1
182,-1,250,186,21,32,0.91,7,-1,-1
182,-1,20,428,125,111,0.91,7,-1,-1
182,-1,486,509,95,30,0.89,7,-1,-1
182,-1,261,230,19,20,0.87,2,-1,-1
182,-1,317,185,11,11,0.76,2,-1,-1
182,-1,303,180,10,10,0.65,2,-1,-1
182,-1,267,164,10,15,0.19,7,-1,-1
183,-1,249,187,21,33,0.91,7,-1,-1
183,-1,6,459,124,80,0.91,7,-1,-1
183,-1,261,234,18,20,0.89,2,-1,-1
183,-1,449,457,176,82,0.87,7,-1,-1
183,-1,317,184,11,12,0.73,2,-1,-1
183,-1,303,179,9,10,0.63,2,-1,-1
183,-1,267,165,9,14,0.22,7,-1,-1
184,-1,435,435,184,104,0.94,7,-1,-1
184,-1,249,188,21,33,0.91,7,-1,-1
184,-1,4,485,111,54,0.91,7,-1,-1
184,-1,260,235,18,22,0.89,2,-1,-1
184,-1,303,178,9,10,0.64,2,-1,-1
184,-1,316,183,11,12,0.63,2,-1,-1
184,-1,268,166,9,14,0.35,7,-1,-1
185,-1,418,399,198,140,0.94,7,-1,-1
185,-1,248,189,22,35,0.92,7,-1,-1
185,-1,259,242,19,21,0.88,2,-1,-1
185,-1,303,178,9,10,0.59,2,-1,-1
185,-1,316,182,10,12,0.56,2,-1,-1
185,-1,268,167,9,14,0.35,7,-1,-1
186,-1,408,380,206,159,0.94,7,-1,-1
186,-1,247,189,22,36,0.92,7,-1,-1
186,-1,258,245,19,21,0.87,2,-1,-1
186,-1,315,181,10,12,0.63,2,-1,-1
186,-1,267,166,10,15,0.49,7,-1,-1
186,-1,303,177,9,9,0.47,2,-1,-1
187,-1,396,355,216,184,0.95,7,-1,-1
187,-1,246,190,23,36,0.93,7,-1,-1
187,-1,257,248,20,24,0.87,2,-1,-1
187,-1,314,180,10,11,0.66,2,-1,-1
187,-1,267,166,10,15,0.49,7,-1,-1
187,-1,302,176,8,10,0.49,2,-1,-1
188,-1,391,342,226,197,0.96,7,-1,-1
188,-1,245,192,23,36,0.92,7,-1,-1
188,-1,257,251,19,24,0.88,2,-1,-1
188,-1,314,179,10,11,0.74,2,-1,-1
188,-1,302,175,8,9,0.52,2,-1,-1
188,-1,267,167,10,16,0.51,7,-1,-1
189,-1,381,323,233,216,0.96,7,-1,-1
189,-1,243,192,24,38,0.92,7,-1,-1
189,-1,254,256,20,25,0.89,2,-1,-1
189,-1,314,179,9,10,0.79,2,-1,-1
189,-1,267,167,11,16,0.57,7,-1,-1
189,-1,302,174,8,9,0.46,2,-1,-1
190,-1,376,311,218,228,0.96,7,-1,-1
190,-1,243,194,24,38,0.93,7,-1,-1
190,-1,253,260,20,26,0.90,2,-1,-1
190,-1,313,178,9,10,0.71,2,-1,-1
190,-1,267,168,11,17,0.64,7,-1,-1
190,-1,302,173,8,9,0.46,2,-1,-1
191,-1,370,299,178,240,0.96,7,-1,-1
191,-1,241,194,25,40,0.93,7,-1,-1
191,-1,251,266,22,28,0.90,2,-1,-1
191,-1,313,177,9,10,0.64,2,-1,-1
191,-1,267,167,11,18,0.63,7,-1,-1
191,-1,302,173,8,9,0.23,2,-1,-1
192,-1,367,292,157,247,0.96,7,-1,-1
192,-1,241,195,25,40,0.93,7,-1,-1
192,-1,250,270,23,29,0.89,2,-1,-1
192,-1,267,167,12,18,0.72,7,-1,-1
192,-1,312,176,9,10,0.52,2,-1,-1
192,-1,301,172,8,9,0.20,2,-1,-1
193,-1,360,281,138,232,0.96,7,-1,-1
193,-1,240,196,26,41,0.94,7,-1,-1
193,-1,247,277,24,31,0.91,2,-1,-1
193,-1,266,168,12,18,0.76,7,-1,-1
193,-1,312,175,9,10,0.49,2,-1,-1
194,-1,357,275,126,211,0.96,7,-1,-1
194,-1,239,197,26,41,0.94,7,-1,-1
194,-1,246,282,24,32,0.92,2,-1,-1
194,-1,266,167,13,19,0.79,7,-1,-1
194,-1,311,174,9,10,0.41,2,-1,-1
195,-1,355,266,109,187,0.96,7,-1,-1
195,-1,243,291,25,35,0.94,2,-1,-1
195,-1,237,199,27,42,0.94,7,-1,-1
195,-1,265,168,13,19,0.79,7,-1,-1
195,-1,310,172,10,10,0.31,2,-1,-1
196,-1,352,263,99,169,0.95,7,-1,-1
196,-1,240,297,27,38,0.93,2,-1,-1
196,-1,236,199,27,44,0.92,7,-1,-1
196,-1,265,168,14,20,0.82,7,-1,-1
196,-1,310,172,10,10,0.40,2,-1,-1
197,-1,349,254,89,155,0.95,7,-1,-1
197,-1,237,308,28,40,0.94,2,-1,-1
197,-1,235,201,27,45,0.91,7,-1,-1
197,-1,265,169,14,19,0.83,7,-1,-1
197,-1,310,171,9,9,0.57,2,-1,-1
198,-1,347,250,83,144,0.97,7,-1,-1
198,-1,234,315,30,43,0.95,2,-1,-1
198,-1,233,202,28,46,0.93,7,-1,-1
198,-1,264,169,14,20,0.85,7,-1,-1
198,-1,309,171,9,9,0.62,2,-1,-1
199,-1,346,244,73,130,0.95,7,-1,-1
199,-1,231,204,30,47,0.93,7,-1,-1
199,-1,230,328,33,48,0.93,2,-1,-1
199,-1,264,169,14,20,0.85,7,-1,-1
199,-1,309,170,8,9,0.58,2,-1,-1
200,-1,343,240,70,124,0.96,7,-1,-1
200,-1,230,205,31,49,0.94,7,-1,-1
200,-1,227,339,34,50,0.94,2,-1,-1
200,-1,264,169,14,21,0.86,7,-1,-1
200,-1,308,169,9,9,0.36,2,-1,-1
201,-1,342,234,64,114,0.96,7,-1,-1
201,-1,222,356,37,55,0.94,2,-1,-1
201,-1,228,206,32,52,0.94,7,-1,-1
201,-1,264,170,14,21,0.87,7,-1,-1
201,-1,308,168,9,10,0.28,2,-1,-1
202,-1,340,231,63,110,0.95,7,-1,-1
202,-1,217,367,39,62,0.95,2,-1,-1
202,-1,226,208,33,53,0.93,7,-1,-1
202,-1,264,169,14,22,0.85,7,-1,-1
202,-1,307,168,9,9,0.16,2,-1,-1
203,-1,338,227,57,102,0.95,7,-1,-1
203,-1,210,388,44,72,0.94,2,-1,-1
203,-1,224,210,34,54,0.93,7,-1,-1
203,-1,263,170,15,22,0.87,7,-1,-1
203,-1,306,167,9,9,0.24,2,-1,-1
204,-1,336,221,55,100,0.96,7,-1,-1
204,-1,205,404,47,80,0.95,2,-1,-1
204,-1,223,211,35,56,0.93,7,-1,-1
204,-1,263,170,15,23,0.88,7,-1,-1
204,-1,306,167,8,8,0.17,2,-1,-1
205,-1,194,434,53,94,0.95,2,-1,-1
205,-1,335,219,51,93,0.95,7,-1,-1
205,-1,220,213,36,59,0.94,7,-1,-1
205,-1,263,171,15,23,0.88,7,-1,-1
205,-1,305,166,8,8,0.20,2,-1,-1
206,-1,334,217,49,88,0.94,7,-1,-1
206,-1,185,457,58,82,0.94,2,-1,-1
206,-1,219,214,36,59,0.94,7,-1,-1
206,-1,262,171,16,24,0.89,7,-1,-1
206,-1,305,166,8,8,0.18,2,-1,-1
207,-1,333,214,46,82,0.95,7,-1,-1
207,-1,216,216,38,62,0.94,7,-1,-1
207,-1,262,171,16,24,0.89,7,-1,-1
207,-1,161,498,77,41,0.87,2,-1,-1
208,-1,333,211,44,81,0.96,7,-1,-1
208,-1,214,218,39,64,0.93,7,-1,-1
208,-1,262,171,16,24,0.89,7,-1,-1
208,-1,146,532,88,7,0.14,2,-1,-1
209,-1,332,209,42,75,0.94,7,-1,-1
209,-1,211,221,40,66,0.93,7,-1,-1
209,-1,261,172,16,24,0.88,7,-1,-1
210,-1,209,223,41,68,0.95,7,-1,-1
210,-1,331,206,41,75,0.94,7,-1,-1
210,-1,261,173,16,24,0.88,7,-1,-1
211,-1,206,226,43,70,0.96,7,-1,-1
211,-1,330,203,39,72,0.94,7,-1,-1
211,-1,261,174,16,24,0.89,7,-1,-1
212,-1,203,228,45,73,0.95,7,-1,-1
212,-1,330,203,37,68,0.93,7,-1,-1
212,-1,260,174,17,25,0.89,7,-1,-1
213,-1,199,232,46,75,0.95,7,-1,-1
213,-1,329,200,35,65,0.94,7,-1,-1
213,-1,260,175,16,25,0.90,7,-1,-1
214,-1,197,235,47,77,0.95,7,-1,-1
214,-1,329,199,32,61,0.93,7,-1,-1
214,-1,260,176,17,25,0.90,7,-1,-1
215,-1,193,237,49,82,0.95,7,-1,-1
215,-1,328,197,32,59,0.95,7,-1,-1
215,-1,259,176,17,26,0.91,7,-1,-1
216,-1,190,239,50,84,0.95,7,-1,-1
216,-1,327,196,31,56,0.95,7,-1,-1
216,-1,259,177,17,26,0.91,7,-1,-1
217,-1,185,243,53,90,0.95,7,-1,-1
217,-1,326,194,30,55,0.93,7,-1,-1
217,-1,259,178,17,27,0.91,7,-1,-1
218,-1,181,246,55,94,0.96,7,-1,-1
218,-1,326,193,30,54,0.95,7,-1,-1
218,-1,258,178,17,27,0.90,7,-1,-1
218,-1,268,162,10,17,0.12,7,-1,-1
219,-1,176,251,59,99,0.95,7,-1,-1
219,-1,326,192,29,50,0.94,7,-1,-1
219,-1,258,179,17,27,0.90,7,-1,-1
219,-1,269,162,10,17,0.19,7,-1,-1
220,-1,171,253,62,103,0.95,7,-1,-1
220,-1,326,191,29,49,0.95,7,-1,-1
220,-1,257,180,18,27,0.91,7,-1,-1
220,-1,268,162,10,18,0.34,7,-1,-1
221,-1,165,259,66,111,0.95,7,-1,-1
221,-1,324,190,28,48,0.93,7,-1,-1
221,-1,256,181,18,29,0.90,7,-1,-1
221,-1,268,163,10,18,0.50,7,-1,-1
222,-1,161,261,68,118,0.97,7,-1,-1
222,-1,324,188,27,48,0.91,7,-1,-1
222,-1,256,181,18,28,0.90,7,-1,-1
222,-1,268,164,11,17,0.47,7,-1,-1
223,-1,153,267,73,127,0.96,7,-1,-1
223,-1,323,187,25,46,0.92,7,-1,-1
223,-1,255,182,19,29,0.91,7,-1,-1
223,-1,267,165,11,18,0.68,7,-1,-1
224,-1,146,269,78,136,0.96,7,-1,-1
224,-1,323,185,25,44,0.91,7,-1,-1
224,-1,255,182,19,29,0.91,7,-1,-1
224,-1,268,165,11,18,0.70,7,-1,-1
225,-1,138,277,83,148,0.96,7,-1,-1
225,-1,321,183,24,44,0.92,7,-1,-1
225,-1,254,184,19,29,0.90,7,-1,-1
225,-1,268,165,12,19,0.76,7,-1,-1
226,-1,130,281,88,157,0.95,7,-1,-1
226,-1,321,183,24,42,0.92,7,-1,-1
226,-1,253,184,20,30,0.90,7,-1,-1
226,-1,267,165,12,19,0.75,7,-1,-1
227,-1,118,288,96,175,0.95,7,-1,-1
227,-1,321,181,24,42,0.92,7,-1,-1
227,-1,252,184,20,32,0.91,7,-1,-1
227,-1,267,166,12,19,0.76,7,-1,-1
228,-1,109,291,103,189,0.96,7,-1,-1
228,-1,320,181,23,42,0.92,7,-1,-1
228,-1,251,185,21,32,0.91,7,-1,-1
228,-1,268,166,12,19,0.75,7,-1,-1
229,-1,94,302,113,210,0.96,7,-1,-1
229,-1,320,179,23,40,0.93,7,-1,-1
229,-1,250,187,21,32,0.91,7,-1,-1
229,-1,267,166,12,19,0.72,7,-1,-1
230,-1,81,307,124,228,0.96,7,-1,-1
230,-1,319,179,22,39,0.91,7,-1,-1
230,-1,249,187,22,33,0.91,7,-1,-1
230,-1,267,167,12,19,0.71,7,-1,-1
231,-1,59,317,140,222,0.95,7,-1,-1
231,-1,248,188,22,33,0.92,7,-1,-1
231,-1,319,177,21,38,0.90,7,-1,-1
231,-1,267,168,12,19,0.79,7,-1,-1
232,-1,42,325,152,213,0.95,7,-1,-1
232,-1,247,188,23,35,0.93,7,-1,-1
232,-1,318,177,21,37,0.90,7,-1,-1
232,-1,266,168,13,18,0.77,7,-1,-1
233,-1,10,338,180,201,0.95,7,-1,-1
233,-1,246,190,23,35,0.94,7,-1,-1
233,-1,318,176,20,36,0.90,7,-1,-1
233,-1,266,168,13,20,0.81,7,-1,-1
234,-1,2,347,183,192,0.95,7,-1,-1
234,-1,245,191,23,36,0.93,7,-1,-1
234,-1,318,176,20,35,0.91,7,-1,-1
234,-1,266,168,13,21,0.83,7,-1,-1
235,-1,9,363,168,176,0.96,7,-1,-1
235,-1,243,192,24,37,0.94,7,-1,-1
235,-1,317,174,20,35,0.92,7,-1,-1
235,-1,265,168,13,20,0.84,7,-1,-1
236,-1,3,377,167,162,0.95,7,-1,-1
236,-1,242,193,25,38,0.94,7,-1,-1
236,-1,316,173,20,36,0.92,7,-1,-1
236,-1,265,168,13,21,0.85,7,-1,-1
237,-1,2,396,158,143,0.95,7,-1,-1
237,-1,241,194,25,39,0.93,7,-1,-1
237,-1,316,172,20,34,0.93,7,-1,-1
237,-1,265,168,13,21,0.87,7,-1,-1
238,-1,1,410,150,129,0.95,7,-1,-1
238,-1,240,195,26,40,0.93,7,-1,-1
238,-1,316,172,20,33,0.92,7,-1,-1
238,-1,265,169,13,22,0.87,7,-1,-1
239,-1,239,196,27,41,0.94,7,-1,-1
239,-1,2,439,136,100,0.94,7,-1,-1
239,-1,316,172,19,32,0.90,7,-1,-1
239,-1,265,170,14,22,0.88,7,-1,-1
240,-1,3,471,123,68,0.96,7,-1,-1
240,-1,238,197,27,42,0.95,7,-1,-1
240,-1,315,170,20,33,0.90,7,-1,-1
240,-1,265,170,14,22,0.88,7,-1,-1
241,-1,236,199,28,42,0.94,7,-1,-1
241,-1,315,169,19,32,0.91,7,-1,-1
241,-1,264,171,14,22,0.89,7,-1,-1
241,-1,0,502,108,37,0.19,7,-1,-1
242,-1,235,199,28,44,0.92,7,-1,-1
242,-1,315,169,19,31,0.91,7,-1,-1
242,-1,264,170,15,23,0.89,7,-1,-1
243,-1,234,200,29,46,0.93,7,-1,-1
243,-1,314,168,18,30,0.91,7,-1,-1
243,-1,264,171,15,23,0.89,7,-1,-1
244,-1,233,202,29,46,0.93,7,-1,-1
244,-1,314,167,18,31,0.92,7,-1,-1
244,-1,263,171,15,24,0.88,7,-1,-1
245,-1,231,204,30,47,0.94,7,-1,-1
245,-1,314,166,18,30,0.91,7,-1,-1
245,-1,263,170,15,25,0.89,7,-1,-1
246,-1,230,205,30,48,0.95,7,-1,-1
246,-1,313,166,18,30,0.90,7,-1,-1
246,-1,263,170,15,26,0.89,7,-1,-1
247,-1,227,207,32,50,0.95,7,-1,-1
247,-1,313,165,17,29,0.90,7,-1,-1
247,-1,263,171,16,26,0.88,7,-1,-1
248,-1,226,207,32,52,0.94,7,-1,-1
248,-1,312,165,17,29,0.90,7,-1,-1
248,-1,262,170,16,27,0.88,7,-1,-1
249,-1,224,209,34,54,0.93,7,-1,-1
249,-1,312,164,18,28,0.91,7,-1,-1
249,-1,261,172,16,27,0.89,7,-1,-1
250,-1,223,211,34,54,0.94,7,-1,-1
250,-1,312,164,18,28,0.91,7,-1,-1
250,-1,262,174,16,25,0.88,7,-1,-1
251,-1,219,212,36,58,0.95,7,-1,-1
251,-1,312,163,17,28,0.91,7,-1,-1
251,-1,261,175,16,25,0.88,7,-1,-1
252,-1,218,213,37,59,0.93,7,-1,-1
252,-1,311,163,17,27,0.90,7,-1,-1
252,-1,260,176,17,25,0.88,7,-1,-1
253,-1,216,215,37,62,0.93,7,-1,-1
253,-1,311,163,16,26,0.90,7,-1,-1
253,-1,260,177,17,25,0.90,7,-1,-1
254,-1,214,217,38,64,0.93,7,-1,-1
254,-1,260,179,17,24,0.90,7,-1,-1
254,-1,311,162,16,26,0.90,7,-1,-1
255,-1,211,221,39,65,0.93,7,-1,-1
255,-1,258,178,18,26,0.90,7,-1,-1
255,-1,311,162,16,25,0.90,7,-1,-1
256,-1,209,223,40,67,0.94,7,-1,-1
256,-1,259,179,18,26,0.90,7,-1,-1
256,-1,311,161,15,25,0.90,7,-1,-1
257,-1,206,227,42,69,0.95,7,-1,-1
257,-1,310,161,15,25,0.90,7,-1,-1
257,-1,258,180,18,27,0.90,7,-1,-1
258,-1,203,228,44,72,0.95,7,-1,-1
258,-1,310,161,15,25,0.90,7,-1,-1
258,-1,258,181,18,27,0.90,7,-1,-1
259,-1,200,231,46,74,0.95,7,-1,-1
259,-1,309,160,15,24,0.90,7,-1,-1
259,-1,257,181,19,28,0.90,7,-1,-1
260,-1,197,233,47,76,0.95,7,-1,-1
260,-1,309,160,15,23,0.90,7,-1,-1
260,-1,257,181,18,28,0.90,7,-1,-1
261,-1,193,236,49,81,0.95,7,-1,-1
261,-1,309,159,15,23,0.90,7,-1,-1
261,-1,257,182,18,28,0.89,7,-1,-1
261,-1,269,168,11,16,0.30,7,-1,-1
262,-1,190,238,51,83,0.95,7,-1,-1
262,-1,308,159,14,22,0.89,7,-1,-1
262,-1,256,183,18,28,0.88,7,-1,-1
262,-1,269,170,10,15,0.29,7,-1,-1
263,-1,186,242,53,88,0.95,7,-1,-1
263,-1,255,183,19,29,0.91,7,-1,-1
263,-1,308,159,14,22,0.88,7,-1,-1
263,-1,269,172,10,14,0.19,7,-1,-1
264,-1,182,245,56,92,0.96,7,-1,-1
264,-1,255,183,19,30,0.92,7,-1,-1
264,-1,307,159,14,22,0.88,7,-1,-1
264,-1,268,171,11,15,0.27,7,-1,-1
265,-1,176,249,60,98,0.96,7,-1,-1
265,-1,254,184,19,30,0.91,7,-1,-1
265,-1,307,158,14,22,0.88,7,-1,-1
265,-1,268,172,11,15,0.35,7,-1,-1
266,-1,172,253,62,102,0.96,7,-1,-1
266,-1,253,184,20,32,0.92,7,-1,-1
266,-1,306,158,14,21,0.87,7,-1,-1
266,-1,268,172,11,15,0.37,7,-1,-1
267,-1,166,259,65,108,0.96,7,-1,-1
267,-1,252,186,21,32,0.91,7,-1,-1
267,-1,306,158,14,20,0.88,7,-1,-1
267,-1,268,172,11,16,0.55,7,-1,-1
268,-1,161,261,68,114,0.96,7,-1,-1
268,-1,252,187,21,32,0.92,7,-1,-1
268,-1,306,157,14,21,0.88,7,-1,-1
268,-1,267,173,11,15,0.62,7,-1,-1
269,-1,153,267,73,122,0.96,7,-1,-1
269,-1,250,188,22,33,0.91,7,-1,-1
269,-1,305,156,14,21,0.89,7,-1,-1
269,-1,266,171,12,18,0.73,7,-1,-1
270,-1,147,269,77,132,0.96,7,-1,-1
270,-1,250,188,22,33,0.90,7,-1,-1
270,-1,305,156,14,21,0.89,7,-1,-1
270,-1,266,170,13,20,0.74,7,-1,-1
271,-1,138,276,82,143,0.96,7,-1,-1
271,-1,248,188,23,35,0.92,7,-1,-1
271,-1,304,155,14,21,0.90,7,-1,-1
271,-1,266,170,13,20,0.77,7,-1,-1
272,-1,130,280,89,152,0.96,7,-1,-1
272,-1,248,189,23,36,0.92,7,-1,-1
272,-1,304,155,14,20,0.89,7,-1,-1
272,-1,264,171,14,21,0.80,7,-1,-1
273,-1,120,287,95,167,0.96,7,-1,-1
273,-1,247,190,23,36,0.92,7,-1,-1
273,-1,303,154,13,19,0.89,7,-1,-1
273,-1,264,171,14,21,0.83,7,-1,-1
274,-1,109,292,103,182,0.96,7,-1,-1
274,-1,246,191,24,37,0.93,7,-1,-1
274,-1,303,154,13,19,0.89,7,-1,-1
274,-1,264,171,14,21,0.83,7,-1,-1
275,-1,94,301,113,202,0.96,7,-1,-1
275,-1,245,191,25,38,0.92,7,-1,-1
275,-1,303,154,13,19,0.88,7,-1,-1
275,-1,264,171,15,22,0.88,7,-1,-1
276,-1,82,306,123,220,0.96,7,-1,-1
276,-1,244,192,25,39,0.92,7,-1,-1
276,-1,302,153,13,19,0.88,7,-1,-1
276,-1,264,172,15,22,0.88,7,-1,-1
277,-1,60,316,137,223,0.95,7,-1,-1
277,-1,243,194,25,40,0.92,7,-1,-1
277,-1,302,153,13,19,0.89,7,-1,-1
277,-1,263,172,16,23,0.88,7,-1,-1
278,-1,43,322,151,217,0.95,7,-1,-1
278,-1,242,194,26,40,0.93,7,-1,-1
278,-1,263,172,15,23,0.89,7,-1,-1
278,-1,301,153,13,19,0.88,7,-1,-1
279,-1,15,339,173,200,0.95,7,-1,-1
279,-1,241,195,27,42,0.94,7,-1,-1
279,-1,263,173,15,23,0.88,7,-1,-1
279,-1,301,153,13,18,0.87,7,-1,-1
280,-1,240,196,27,43,0.95,7,-1,-1
280,-1,2,349,182,190,0.95,7,-1,-1
280,-1,263,174,16,23,0.87,7,-1,-1
280,-1,300,153,13,18,0.87,7,-1,-1
281,-1,1,366,174,173,0.95,7,-1,-1
281,-1,238,197,28,44,0.94,7,-1,-1
281,-1,262,173,16,24,0.86,7,-1,-1
281,-1,299,152,13,18,0.85,7,-1,-1
282,-1,1,378,168,161,0.95,7,-1,-1
282,-1,237,198,28,46,0.94,7,-1,-1
282,-1,262,174,16,24,0.86,7,-1,-1
282,-1,299,152,13,18,0.85,7,-1,-1
283,-1,0,400,158,139,0.94,7,-1,-1
283,-1,236,199,29,47,0.93,7,-1,-1
283,-1,262,175,16,24,0.85,7,-1,-1
283,-1,299,152,13,18,0.81,7,-1,-1
284,-1,0,419,150,120,0.94,7,-1,-1
284,-1,235,201,30,47,0.92,7,-1,-1
284,-1,261,175,16,25,0.85,7,-1,-1
284,-1,298,152,13,18,0.80,7,-1,-1
285,-1,0,440,136,99,0.93,7,-1,-1
285,-1,233,203,31,49,0.92,7,-1,-1
285,-1,260,175,17,27,0.85,7,-1,-1
285,-1,297,151,13,18,0.80,7,-1,-1
286,-1,232,204,31,50,0.93,7,-1,-1
286,-1,0,473,128,66,0.91,7,-1,-1
286,-1,259,175,18,28,0.85,7,-1,-1
286,-1,297,151,13,19,0.81,7,-1,-1
287,-1,230,206,32,52,0.94,7,-1,-1
287,-1,259,175,18,28,0.87,7,-1,-1
287,-1,297,151,13,18,0.80,7,-1,-1
288,-1,229,207,33,53,0.94,7,-1,-1
288,-1,259,176,18,29,0.86,7,-1,-1
288,-1,297,151,13,17,0.81,7,-1,-1
289,-1,227,208,34,55,0.93,7,-1,-1
289,-1,258,175,19,30,0.86,7,-1,-1
289,-1,296,151,12,17,0.78,7,-1,-1
290,-1,225,210,34,56,0.92,7,-1,-1
290,-1,257,176,20,31,0.87,7,-1,-1
290,-1,295,150,12,17,0.73,7,-1,-1
291,-1,223,211,35,59,0.93,7,-1,-1
291,-1,257,179,19,29,0.89,7,-1,-1
291,-1,294,150,12,17,0.76,7,-1,-1
292,-1,222,213,37,60,0.93,7,-1,-1
292,-1,257,180,19,29,0.89,7,-1,-1
292,-1,294,149,12,17,0.78,7,-1,-1
293,-1,218,215,39,62,0.94,7,-1,-1
293,-1,256,181,19,30,0.88,7,-1,-1
293,-1,293,149,12,17,0.76,7,-1,-1
294,-1,217,216,39,64,0.93,7,-1,-1
294,-1,255,182,19,29,0.88,7,-1,-1
294,-1,293,149,12,17,0.76,7,-1,-1
295,-1,214,219,40,66,0.94,7,-1,-1
295,-1,254,183,19,30,0.89,7,-1,-1
295,-1,293,149,11,16,0.74,7,-1,-1
296,-1,212,221,41,67,0.94,7,-1,-1
296,-1,254,184,19,30,0.88,7,-1,-1
296,-1,292,149,11,16,0.58,7,-1,-1
297,-1,210,223,42,71,0.94,7,-1,-1
297,-1,252,184,21,32,0.89,7,-1,-1
297,-1,291,148,10,15,0.55,7,-1,-1
298,-1,207,226,44,72,0.95,7,-1,-1
298,-1,252,185,21,33,0.89,7,-1,-1
298,-1,291,149,10,15,0.51,7,-1,-1
299,-1,203,229,46,75,0.96,7,-1,-1
299,-1,251,186,22,33,0.90,7,-1,-1
299,-1,290,148,10,15,0.54,7,-1,-1
300,-1,201,231,47,77,0.96,7,-1,-1
300,-1,250,187,22,33,0.89,7,-1,-1
300,-1,291,148,10,15,0.51,7,-1,-1
301,-1,197,234,51,81,0.95,7,-1,-1
301,-1,249,188,22,33,0.90,7,-1,-1
301,-1,290,148,10,15,0.61,7,-1,-1
302,-1,193,233,53,87,0.95,7,-1,-1
302,-1,247,188,24,36,0.92,7,-1,-1
303,-1,189,239,54,90,0.96,7,-1,-1
303,-1,247,190,23,36,0.92,7,-1,-1
303,-1,259,173,17,26,0.60,7,-1,-1
304,-1,186,243,57,92,0.96,7,-1,-1
304,-1,246,191,23,36,0.92,7,-1,-1
304,-1,259,174,17,25,0.59,7,-1,-1
305,-1,180,246,61,99,0.96,7,-1,-1
305,-1,245,192,23,37,0.91,7,-1,-1
305,-1,258,176,17,26,0.69,7,-1,-1
306,-1,177,249,63,102,0.96,7,-1,-1
306,-1,244,193,24,38,0.92,7,-1,-1
306,-1,258,175,18,27,0.73,7,-1,-1
307,-1,170,254,68,108,0.96,7,-1,-1
307,-1,243,194,24,39,0.93,7,-1,-1
307,-1,258,176,18,28,0.62,7,-1,-1
308,-1,166,257,70,115,0.97,7,-1,-1
308,-1,242,194,25,40,0.93,7,-1,-1
308,-1,258,175,18,28,0.62,7,-1,-1
309,-1,158,263,75,123,0.97,7,-1,-1
309,-1,241,196,25,40,0.93,7,-1,-1
309,-1,256,177,18,28,0.74,7,-1,-1
310,-1,152,266,78,130,0.97,7,-1,-1
310,-1,239,196,27,41,0.93,7,-1,-1
310,-1,256,178,18,28,0.73,7,-1,-1
311,-1,142,271,85,142,0.96,7,-1,-1
311,-1,238,198,27,42,0.94,7,-1,-1
311,-1,255,178,18,29,0.72,7,-1,-1
312,-1,136,275,89,151,0.96,7,-1,-1
312,-1,237,199,28,43,0.94,7,-1,-1
312,-1,255,178,19,30,0.79,7,-1,-1
313,-1,126,282,95,166,0.95,7,-1,-1
313,-1,235,200,29,45,0.92,7,-1,-1
313,-1,254,177,20,31,0.82,7,-1,-1
314,-1,117,286,102,180,0.95,7,-1,-1
314,-1,234,202,29,46,0.91,7,-1,-1
314,-1,254,179,19,31,0.86,7,-1,-1
315,-1,101,295,114,198,0.96,7,-1,-1
315,-1,232,203,30,47,0.93,7,-1,-1
315,-1,253,180,20,33,0.89,7,-1,-1
316,-1,91,300,121,215,0.97,7,-1,-1
316,-1,230,205,31,49,0.93,7,-1,-1
316,-1,254,179,19,34,0.85,7,-1,-1
317,-1,69,308,139,231,0.96,7,-1,-1
317,-1,229,206,32,51,0.94,7,-1,-1
317,-1,252,181,20,34,0.85,7,-1,-1
318,-1,56,314,149,225,0.95,7,-1,-1
318,-1,228,207,32,52,0.93,7,-1,-1
318,-1,252,182,20,34,0.85,7,-1,-1
319,-1,26,324,173,215,0.95,7,-1,-1
319,-1,225,209,34,55,0.92,7,-1,-1
319,-1,250,185,20,34,0.85,7,-1,-1
320,-1,8,332,188,207,0.95,7,-1,-1
320,-1,223,210,35,56,0.92,7,-1,-1
320,-1,249,186,21,34,0.88,7,-1,-1
321,-1,3,350,187,189,0.94,7,-1,-1
321,-1,220,212,36,58,0.93,7,-1,-1
321,-1,248,186,22,37,0.89,7,-1,-1
321,-1,267,162,10,15,0.14,2,-1,-1
322,-1,7,359,177,180,0.95,7,-1,-1
322,-1,218,213,38,60,0.93,7,-1,-1
322,-1,246,187,23,37,0.91,7,-1,-1
322,-1,267,163,10,15,0.20,2,-1,-1
323,-1,3,380,173,159,0.95,7,-1,-1
323,-1,216,215,39,63,0.93,7,-1,-1
323,-1,245,187,25,40,0.89,7,-1,-1
323,-1,267,163,10,15,0.16,2,-1,-1
324,-1,2,392,167,147,0.96,7,-1,-1
324,-1,215,217,39,65,0.93,7,-1,-1
324,-1,243,187,26,40,0.88,7,-1,-1
324,-1,267,164,10,15,0.23,2,-1,-1
325,-1,2,417,154,122,0.94,7,-1,-1
325,-1,211,219,41,67,0.93,7,-1,-1
325,-1,242,187,26,44,0.92,7,-1,-1
325,-1,267,165,10,14,0.30,2,-1,-1
326,-1,210,220,42,69,0.94,7,-1,-1
326,-1,0,431,148,108,0.94,7,-1,-1
326,-1,242,186,26,46,0.92,7,-1,-1
326,-1,267,166,10,14,0.37,2,-1,-1
327,-1,207,223,43,73,0.95,7,-1,-1
327,-1,241,186,28,48,0.92,7,-1,-1
327,-1,2,469,132,70,0.90,7,-1,-1
327,-1,266,164,11,15,0.30,2,-1,-1
328,-1,204,226,44,74,0.96,7,-1,-1
328,-1,9,494,114,45,0.93,7,-1,-1
328,-1,240,187,28,48,0.93,7,-1,-1
328,-1,266,165,11,15,0.23,2,-1,-1
329,-1,201,229,46,77,0.95,7,-1,-1
329,-1,238,188,30,50,0.92,7,-1,-1
329,-1,266,166,12,16,0.49,2,-1,-1
330,-1,198,232,48,79,0.95,7,-1,-1
330,-1,237,189,30,51,0.93,7,-1,-1
330,-1,265,166,13,17,0.65,2,-1,-1
331,-1,194,235,50,83,0.95,7,-1,-1
331,-1,236,190,31,53,0.93,7,-1,-1
331,-1,265,166,13,17,0.76,2,-1,-1
332,-1,191,238,52,85,0.95,7,-1,-1
332,-1,234,190,32,55,0.93,7,-1,-1
332,-1,265,166,12,17,0.76,2,-1,-1
333,-1,186,242,54,90,0.96,7,-1,-1
333,-1,232,192,32,56,0.92,7,-1,-1
333,-1,265,166,13,18,0.77,2,-1,-1
334,-1,183,244,56,94,0.95,7,-1,-1
334,-1,231,192,33,58,0.92,7,-1,-1
334,-1,265,167,13,17,0.81,2,-1,-1
335,-1,177,249,60,99,0.96,7,-1,-1
335,-1,229,194,34,59,0.93,7,-1,-1
335,-1,265,167,13,18,0.81,2,-1,-1
336,-1,174,252,62,104,0.95,7,-1,-1
336,-1,228,194,35,62,0.93,7,-1,-1
336,-1,264,167,13,18,0.82,2,-1,-1
337,-1,169,256,64,112,0.96,7,-1,-1
337,-1,226,195,36,65,0.94,7,-1,-1
337,-1,264,167,14,19,0.84,2,-1,-1
338,-1,163,260,68,116,0.97,7,-1,-1
338,-1,224,197,37,65,0.95,7,-1,-1
338,-1,264,167,13,19,0.85,2,-1,-1
339,-1,156,265,73,127,0.96,7,-1,-1
339,-1,221,199,39,68,0.94,7,-1,-1
339,-1,265,169,12,18,0.76,2,-1,-1
340,-1,149,269,77,134,0.96,7,-1,-1
340,-1,220,199,40,70,0.95,7,-1,-1
340,-1,265,169,12,18,0.79,2,-1,-1
341,-1,141,275,83,147,0.96,7,-1,-1
341,-1,217,201,41,72,0.95,7,-1,-1
341,-1,265,170,13,18,0.82,2,-1,-1
342,-1,134,279,87,156,0.96,7,-1,-1
342,-1,216,203,42,74,0.95,7,-1,-1
342,-1,264,169,13,20,0.77,2,-1,-1
343,-1,213,203,44,79,0.95,7,-1,-1
343,-1,123,286,94,175,0.95,7,-1,-1
343,-1,264,170,14,20,0.83,2,-1,-1
344,-1,114,291,101,187,0.95,7,-1,-1
344,-1,211,204,45,81,0.95,7,-1,-1
344,-1,264,170,14,20,0.81,2,-1,-1
345,-1,100,299,113,209,0.96,7,-1,-1
345,-1,207,206,47,85,0.95,7,-1,-1
345,-1,262,170,15,22,0.70,2,-1,-1
346,-1,87,306,123,224,0.96,7,-1,-1
346,-1,205,208,49,87,0.95,7,-1,-1
346,-1,262,170,15,22,0.68,7,-1,-1
347,-1,66,316,139,223,0.96,7,-1,-1
347,-1,202,210,50,91,0.96,7,-1,-1
347,-1,262,172,15,22,0.59,2,-1,-1
348,-1,199,212,52,93,0.96,7,-1,-1
348,-1,53,323,149,216,0.95,7,-1,-1
348,-1,261,172,16,23,0.73,7,-1,-1
349,-1,195,214,55,99,0.96,7,-1,-1
349,-1,31,334,165,205,0.95,7,-1,-1
349,-1,261,172,16,23,0.68,7,-1,-1
350,-1,193,216,56,102,0.96,7,-1,-1
350,-1,12,344,181,195,0.95,7,-1,-1
350,-1,262,172,16,23,0.69,7,-1,-1
351,-1,188,219,59,106,0.96,7,-1,-1
351,-1,25,359,161,180,0.95,7,-1,-1
351,-1,261,174,16,23,0.70,2,-1,-1
352,-1,184,220,61,111,0.96,7,-1,-1
352,-1,15,370,166,169,0.94,7,-1,-1
352,-1,261,174,16,24,0.61,2,-1,-1
353,-1,179,224,65,117,0.95,7,-1,-1
353,-1,17,391,156,148,0.94,7,-1,-1
353,-1,260,175,16,24,0.68,7,-1,-1
354,-1,176,227,66,120,0.96,7,-1,-1
354,-1,14,403,154,136,0.94,7,-1,-1
354,-1,260,176,16,23,0.63,7,-1,-1
355,-1,171,229,70,129,0.96,7,-1,-1
355,-1,14,429,143,110,0.93,7,-1,-1
355,-1,260,175,17,25,0.83,7,-1,-1
356,-1,167,231,73,135,0.96,7,-1,-1
356,-1,22,449,126,90,0.90,7,-1,-1
356,-1,260,176,17,25,0.66,7,-1,-1
357,-1,159,236,77,145,0.96,7,-1,-1
357,-1,25,486,110,53,0.92,7,-1,-1
357,-1,259,178,17,25,0.80,2,-1,-1
358,-1,154,239,81,150,0.96,7,-1,-1
358,-1,259,178,17,25,0.85,2,-1,-1
358,-1,21,516,110,23,0.68,7,-1,-1
359,-1,146,244,87,162,0.95,7,-1,-1
359,-1,258,179,17,26,0.56,7,-1,-1
360,-1,140,246,92,172,0.96,7,-1,-1
360,-1,257,179,17,26,0.85,2,-1,-1
361,-1,131,248,98,190,0.95,7,-1,-1
361,-1,257,179,18,28,0.65,7,-1,-1
362,-1,124,251,104,202,0.96,7,-1,-1
362,-1,257,180,18,28,0.86,7,-1,-1
363,-1,110,257,115,222,0.96,7,-1,-1
363,-1,255,180,19,30,0.58,2,-1,-1
364,-1,100,262,123,236,0.96,7,-1,-1
364,-1,255,182,19,29,0.71,2,-1,-1
365,-1,83,269,136,261,0.95,7,-1,-1
365,-1,254,181,20,30,0.79,2,-1,-1
366,-1,70,273,148,264,0.95,7,-1,-1
366,-1,253,182,20,31,0.61,7,-1,-1
367,-1,50,280,164,259,0.95,7,-1,-1
367,-1,252,183,20,31,0.89,7,-1,-1
368,-1,38,287,175,252,0.95,7,-1,-1
368,-1,252,184,20,32,0.91,7,-1,-1
369,-1,20,297,187,242,0.95,7,-1,-1
369,-1,251,185,21,33,0.90,7,-1,-1
370,-1,1,303,203,236,0.96,7,-1,-1
370,-1,250,185,22,34,0.90,7,-1,-1
371,-1,0,313,198,226,0.95,7,-1,-1
371,-1,249,186,22,35,0.90,7,-1,-1
372,-1,0,320,194,219,0.95,7,-1,-1
372,-1,248,186,22,36,0.91,7,-1,-1
373,-1,0,333,188,206,0.95,7,-1,-1
373,-1,247,187,23,37,0.93,7,-1,-1
374,-1,0,344,183,195,0.95,7,-1,-1
374,-1,246,186,24,38,0.92,7,-1,-1
375,-1,0,363,174,176,0.96,7,-1,-1
375,-1,245,188,24,38,0.92,7,-1,-1
376,-1,0,379,165,160,0.96,7,-1,-1
376,-1,244,188,25,40,0.92,7,-1,-1
377,-1,0,399,155,140,0.96,7,-1,-1
377,-1,243,190,25,40,0.91,7,-1,-1
378,-1,0,418,146,121,0.94,7,-1,-1
378,-1,243,192,25,40,0.90,7,-1,-1
379,-1,0,451,127,88,0.92,7,-1,-1
379,-1,241,191,28,44,0.92,7,-1,-1
380,-1,0,483,115,56,0.92,7,-1,-1
380,-1,240,191,28,46,0.92,7,-1,-1
381,-1,239,194,28,45,0.93,7,-1,-1
382,-1,238,195,29,45,0.93,7,-1,-1
383,-1,237,196,30,48,0.89,7,-1,-1
384,-1,236,195,30,50,0.89,7,-1,-1
385,-1,233,196,31,53,0.89,7,-1,-1
386,-1,232,197,33,54,0.90,7,-1,-1
387,-1,230,199,34,56,0.93,7,-1,-1
388,-1,229,200,34,57,0.93,7,-1,-1
389,-1,226,201,35,60,0.93,7,-1,-1
390,-1,225,203,37,61,0.94,7,-1,-1
391,-1,222,204,39,64,0.94,7,-1,-1
392,-1,220,206,40,65,0.94,7,-1,-1
393,-1,218,208,41,68,0.94,7,-1,-1
394,-1,216,209,43,70,0.94,7,-1,-1
395,-1,213,211,44,72,0.94,7,-1,-1
396,-1,211,212,45,76,0.94,7,-1,-1
397,-1,207,214,48,79,0.95,7,-1,-1
398,-1,204,216,49,82,0.94,7,-1,-1
399,-1,200,219,52,86,0.95,7,-1,-1
400,-1,197,221,54,88,0.95,7,-1,-1
401,-1,193,224,57,93,0.95,7,-1,-1
402,-1,189,227,58,96,0.95,7,-1,-1
403,-1,184,231,62,100,0.95,7,-1,-1
404,-1,180,234,65,105,0.95,7,-1,-1
405,-1,174,236,69,112,0.96,7,-1,-1
406,-1,169,240,72,117,0.96,7,-1,-1
406,-1,409,527,81,12,0.64,2,-1,-1
407,-1,163,243,74,127,0.96,7,-1,-1
407,-1,399,476,72,63,0.94,2,-1,-1
408,-1,159,246,77,134,0.96,7,-1,-1
408,-1,392,448,63,82,0.96,2,-1,-1
409,-1,150,251,82,144,0.96,7,-1,-1
409,-1,379,413,55,68,0.95,2,-1,-1
410,-1,143,253,89,154,0.95,7,-1,-1
410,-1,373,394,50,60,0.95,2,-1,-1
411,-1,133,259,95,168,0.95,7,-1,-1
411,-1,364,369,45,53,0.94,2,-1,-1
412,-1,125,263,99,179,0.96,7,-1,-1
412,-1,361,355,41,49,0.95,2,-1,-1
412,-1,267,161,9,13,0.11,2,-1,-1
413,-1,112,270,109,197,0.95,7,-1,-1
413,-1,354,336,39,44,0.95,2,-1,-1
414,-1,101,275,117,211,0.96,7,-1,-1
414,-1,351,325,36,41,0.94,2,-1,-1
414,-1,268,163,9,14,0.15,2,-1,-1
415,-1,84,283,130,237,0.96,7,-1,-1
415,-1,346,310,32,40,0.94,2,-1,-1
415,-1,268,163,9,14,0.16,2,-1,-1
416,-1,69,288,143,250,0.96,7,-1,-1
416,-1,344,301,30,37,0.94,2,-1,-1
416,-1,268,163,9,13,0.48,2,-1,-1
417,-1,46,299,160,240,0.94,7,-1,-1
417,-1,341,290,27,35,0.93,2,-1,-1
417,-1,268,163,9,13,0.37,2,-1,-1
418,-1,25,305,177,233,0.95,7,-1,-1
418,-1,338,283,27,33,0.93,2,-1,-1
418,-1,268,164,9,13,0.47,2,-1,-1
419,-1,0,315,197,224,0.95,7,-1,-1
419,-1,335,274,25,30,0.92,2,-1,-1
419,-1,268,165,9,13,0.40,2,-1,-1
420,-1,1,323,193,216,0.94,7,-1,-1
420,-1,334,269,24,29,0.91,2,-1,-1
420,-1,268,165,9,13,0.38,2,-1,-1
421,-1,0,338,186,201,0.94,7,-1,-1
421,-1,331,261,22,27,0.92,2,-1,-1
421,-1,269,166,9,12,0.20,2,-1,-1
422,-1,0,349,181,190,0.95,7,-1,-1
422,-1,330,256,22,26,0.90,2,-1,-1
422,-1,269,167,9,12,0.18,2,-1,-1
423,-1,0,369,171,170,0.95,7,-1,-1
423,-1,328,250,21,25,0.90,2,-1,-1
423,-1,269,168,9,11,0.47,2,-1,-1
424,-1,0,385,163,154,0.95,7,-1,-1
424,-1,326,246,21,23,0.91,2,-1,-1
424,-1,269,168,9,11,0.51,2,-1,-1
425,-1,0,408,149,131,0.94,7,-1,-1
425,-1,325,241,20,22,0.89,2,-1,-1
425,-1,268,168,10,12,0.43,2,-1,-1
426,-1,0,430,138,109,0.96,7,-1,-1
426,-1,323,237,20,22,0.90,2,-1,-1
426,-1,268,168,10,12,0.35,2,-1,-1
427,-1,0,473,120,66,0.90,7,-1,-1
427,-1,321,232,20,22,0.89,2,-1,-1
427,-1,268,168,10,14,0.21,2,-1,-1
428,-1,321,228,20,21,0.89,2,-1,-1
428,-1,0,496,103,43,0.84,7,-1,-1
428,-1,268,168,10,14,0.25,2,-1,-1
429,-1,320,225,19,20,0.88,2,-1,-1
429,-1,268,168,10,15,0.50,2,-1,-1
430,-1,319,222,18,20,0.88,2,-1,-1
430,-1,268,168,10,16,0.45,2,-1,-1
431,-1,318,218,18,20,0.86,2,-1,-1
431,-1,267,169,11,16,0.55,7,-1,-1
432,-1,317,216,18,19,0.87,2,-1,-1
432,-1,267,169,11,16,0.58,7,-1,-1
433,-1,316,213,17,18,0.87,2,-1,-1
433,-1,266,168,11,17,0.73,7,-1,-1
434,-1,316,211,16,18,0.88,2,-1,-1
434,-1,266,169,11,16,0.54,7,-1,-1
435,-1,314,208,17,18,0.89,2,-1,-1
435,-1,265,168,12,18,0.84,7,-1,-1
436,-1,314,206,17,18,0.87,2,-1,-1
436,-1,265,168,12,19,0.84,7,-1,-1
437,-1,313,205,17,16,0.88,2,-1,-1
437,-1,265,168,12,19,0.84,7,-1,-1
438,-1,312,203,17,17,0.88,2,-1,-1
438,-1,265,168,12,20,0.83,7,-1,-1
439,-1,351,482,69,57,0.92,2,-1,-1
439,-1,311,200,17,17,0.88,2,-1,-1
439,-1,264,169,13,19,0.83,7,-1,-1
440,-1,348,453,67,86,0.94,2,-1,-1
440,-1,311,198,16,17,0.88,2,-1,-1
440,-1,264,170,13,19,0.79,7,-1,-1
441,-1,342,418,53,87,0.94,2,-1,-1
441,-1,311,196,15,16,0.88,2,-1,-1
441,-1,264,170,13,20,0.81,7,-1,-1
442,-1,337,399,50,78,0.94,2,-1,-1
442,-1,311,196,15,15,0.88,2,-1,-1
442,-1,263,170,13,21,0.76,7,-1,-1
443,-1,333,373,46,69,0.94,2,-1,-1
443,-1,311,195,14,14,0.88,2,-1,-1
443,-1,263,170,13,20,0.75,7,-1,-1
444,-1,331,360,44,63,0.95,2,-1,-1
444,-1,443,497,77,42,0.92,2,-1,-1
444,-1,310,193,14,15,0.85,2,-1,-1
444,-1,263,171,14,21,0.80,7,-1,-1
445,-1,327,340,39,57,0.94,2,-1,-1
445,-1,426,455,74,84,0.94,2,-1,-1
445,-1,263,172,14,21,0.86,7,-1,-1
445,-1,310,191,13,15,0.83,2,-1,-1
446,-1,416,432,64,82,0.95,2,-1,-1
446,-1,324,330,37,53,0.94,2,-1,-1
446,-1,262,172,14,21,0.85,7,-1,-1
446,-1,310,191,13,14,0.85,2,-1,-1
447,-1,404,401,55,69,0.96,2,-1,-1
447,-1,322,315,35,49,0.94,2,-1,-1
447,-1,263,172,14,22,0.88,7,-1,-1
447,-1,309,190,13,13,0.83,2,-1,-1
448,-1,397,384,50,64,0.94,2,-1,-1
448,-1,320,306,34,46,0.94,2,-1,-1
448,-1,262,172,15,22,0.87,7,-1,-1
448,-1,309,188,12,13,0.83,2,-1,-1
449,-1,388,360,44,57,0.94,2,-1,-1
449,-1,319,295,32,42,0.93,2,-1,-1
449,-1,262,173,14,22,0.87,7,-1,-1
449,-1,309,187,12,13,0.80,2,-1,-1
450,-1,382,347,42,53,0.94,2,-1,-1
450,-1,318,288,30,40,0.93,2,-1,-1
450,-1,262,173,15,23,0.86,7,-1,-1
450,-1,309,187,12,12,0.78,2,-1,-1
451,-1,317,279,28,38,0.93,2,-1,-1
451,-1,376,330,38,49,0.92,2,-1,-1
451,-1,262,174,15,23,0.87,7,-1,-1
451,-1,308,184,12,12,0.82,2,-1,-1
452,-1,372,321,35,44,0.92,2,-1,-1
452,-1,316,273,28,37,0.92,2,-1,-1
452,-1,261,175,16,23,0.87,7,-1,-1
452,-1,308,182,12,13,0.83,2,-1,-1
453,-1,366,307,32,41,0.94,2,-1,-1
453,-1,315,266,26,33,0.92,2,-1,-1
453,-1,261,176,15,22,0.86,7,-1,-1
453,-1,307,183,12,12,0.79,2,-1,-1
454,-1,363,299,30,39,0.94,2,-1,-1
454,-1,314,260,25,33,0.92,2,-1,-1
454,-1,261,176,15,23,0.87,7,-1,-1
454,-1,307,183,11,11,0.79,2,-1,-1
455,-1,359,289,28,36,0.93,2,-1,-1
455,-1,313,253,25,32,0.91,2,-1,-1
455,-1,260,178,16,23,0.87,7,-1,-1
455,-1,307,181,12,12,0.82,2,-1,-1
456,-1,356,282,27,35,0.93,2,-1,-1
456,-1,313,250,23,30,0.91,2,-1,-1
456,-1,260,177,16,24,0.87,7,-1,-1
456,-1,307,180,11,11,0.79,2,-1,-1
457,-1,353,274,25,31,0.93,2,-1,-1
457,-1,312,244,22,28,0.91,2,-1,-1
457,-1,260,177,16,25,0.88,7,-1,-1
457,-1,306,180,11,10,0.71,2,-1,-1
458,-1,351,268,24,31,0.92,2,-1,-1
458,-1,312,240,22,28,0.91,2,-1,-1
458,-1,259,178,17,26,0.87,7,-1,-1
458,-1,305,179,11,10,0.68,2,-1,-1
459,-1,348,261,23,29,0.92,2,-1,-1
459,-1,311,236,21,26,0.89,2,-1,-1
459,-1,259,178,17,25,0.87,7,-1,-1
459,-1,305,177,11,11,0.69,2,-1,-1
460,-1,346,256,22,28,0.92,2,-1,-1
460,-1,310,232,21,27,0.89,2,-1,-1
460,-1,258,179,17,26,0.89,7,-1,-1
460,-1,305,177,10,10,0.46,2,-1,-1
461,-1,344,250,21,27,0.91,2,-1,-1
461,-1,258,180,18,26,0.89,7,-1,-1
461,-1,310,228,20,25,0.88,2,-1,-1
461,-1,304,176,11,10,0.67,2,-1,-1
462,-1,343,247,21,26,0.92,2,-1,-1
462,-1,257,180,18,27,0.90,7,-1,-1
462,-1,309,226,20,24,0.88,2,-1,-1
462,-1,304,175,10,10,0.63,2,-1,-1
463,-1,340,240,20,25,0.90,2,-1,-1
463,-1,257,180,18,29,0.90,7,-1,-1
463,-1,309,221,19,24,0.88,2,-1,-1
463,-1,304,176,10,8,0.14,2,-1,-1
464,-1,256,180,18,30,0.91,7,-1,-1
464,-1,339,238,19,24,0.91,2,-1,-1
464,-1,308,219,19,23,0.88,2,-1,-1
464,-1,304,175,10,10,0.66,2,-1,-1
465,-1,337,232,19,24,0.91,2,-1,-1
465,-1,256,181,18,30,0.90,7,-1,-1
465,-1,308,216,18,23,0.88,2,-1,-1
465,-1,303,173,9,9,0.64,2,-1,-1
466,-1,255,182,19,29,0.90,7,-1,-1
466,-1,336,229,18,22,0.88,2,-1,-1
466,-1,308,214,18,22,0.87,2,-1,-1
466,-1,303,173,9,8,0.16,2,-1,-1
467,-1,255,183,18,30,0.90,7,-1,-1
467,-1,334,225,18,22,0.88,2,-1,-1
467,-1,307,212,18,21,0.87,2,-1,-1
467,-1,303,172,9,8,0.62,2,-1,-1
468,-1,254,183,19,31,0.91,7,-1,-1
468,-1,333,222,18,23,0.88,2,-1,-1
468,-1,307,210,17,21,0.87,2,-1,-1
468,-1,302,172,9,8,0.65,2,-1,-1
469,-1,254,184,19,32,0.90,7,-1,-1
469,-1,332,218,17,22,0.88,2,-1,-1
469,-1,306,206,17,21,0.87,2,-1,-1
469,-1,302,171,9,9,0.69,2,-1,-1
470,-1,253,184,19,33,0.91,7,-1,-1
470,-1,331,217,17,20,0.88,2,-1,-1
470,-1,306,204,17,21,0.88,2,-1,-1
470,-1,302,170,8,8,0.69,2,-1,-1
471,-1,252,185,20,33,0.91,7,-1,-1
471,-1,306,203,16,20,0.86,2,-1,-1
471,-1,330,214,16,20,0.86,2,-1,-1
471,-1,301,170,9,8,0.59,2,-1,-1
472,-1,251,186,20,33,0.91,7,-1,-1
472,-1,306,202,16,19,0.87,2,-1,-1
472,-1,329,212,17,19,0.87,2,-1,-1
472,-1,301,169,8,8,0.38,2,-1,-1
473,-1,249,187,22,34,0.90,7,-1,-1
473,-1,305,200,15,17,0.87,2,-1,-1
473,-1,327,208,17,20,0.87,2,-1,-1
473,-1,301,168,8,8,0.55,2,-1,-1
474,-1,249,187,22,35,0.92,7,-1,-1
474,-1,327,206,16,20,0.87,2,-1,-1
474,-1,305,198,15,18,0.85,2,-1,-1
474,-1,301,168,8,8,0.40,2,-1,-1
475,-1,248,189,22,36,0.93,7,-1,-1
475,-1,326,205,15,19,0.85,2,-1,-1
475,-1,305,195,15,18,0.84,2,-1,-1
476,-1,247,191,22,35,0.93,7,-1,-1
476,-1,326,203,15,18,0.85,2,-1,-1
476,-1,305,196,15,16,0.84,2,-1,-1
476,-1,299,167,8,7,0.11,2,-1,-1
477,-1,246,192,23,36,0.93,7,-1,-1
477,-1,324,202,15,17,0.86,2,-1,-1
477,-1,305,193,14,17,0.83,2,-1,-1
477,-1,299,167,8,8,0.16,2,-1,-1
478,-1,245,192,23,36,0.93,7,-1,-1
478,-1,324,200,15,17,0.84,2,-1,-1
478,-1,305,193,14,17,0.83,2,-1,-1
479,-1,244,193,25,39,0.94,7,-1,-1
479,-1,322,199,14,16,0.86,2,-1,-1
479,-1,305,193,13,15,0.78,2,-1,-1
480,-1,242,194,25,38,0.93,7,-1,-1
480,-1,322,196,15,16,0.85,2,-1,-1
480,-1,304,190,13,16,0.81,2,-1,-1
481,-1,242,195,26,39,0.93,7,-1,-1
481,-1,321,194,14,16,0.84,2,-1,-1
481,-1,305,190,12,14,0.79,2,-1,-1
482,-1,240,196,26,40,0.93,7,-1,-1
482,-1,320,193,14,16,0.82,2,-1,-1
482,-1,304,190,12,13,0.79,2,-1,-1
483,-1,239,197,27,41,0.94,7,-1,-1
483,-1,320,192,13,16,0.81,2,-1,-1
483,-1,304,187,12,15,0.80,2,-1,-1
484,-1,238,198,28,42,0.94,7,-1,-1
484,-1,320,191,13,15,0.82,2,-1,-1
484,-1,304,186,12,14,0.78,2,-1,-1
485,-1,237,199,28,44,0.92,7,-1,-1
485,-1,319,190,13,14,0.80,2,-1,-1
485,-1,303,184,13,16,0.78,2,-1,-1
486,-1,236,200,29,45,0.93,7,-1,-1
486,-1,318,189,12,14,0.81,2,-1,-1
486,-1,304,185,12,13,0.71,2,-1,-1
487,-1,234,202,28,46,0.92,7,-1,-1
487,-1,318,186,12,15,0.81,2,-1,-1
487,-1,303,182,12,15,0.77,2,-1,-1
488,-1,232,204,29,46,0.92,7,-1,-1
488,-1,318,186,12,14,0.78,2,-1,-1
488,-1,304,183,11,13,0.71,2,-1,-1
489,-1,231,206,30,47,0.94,7,-1,-1
489,-1,317,184,12,14,0.79,2,-1,-1
489,-1,304,183,10,12,0.59,2,-1,-1
490,-1,229,208,30,47,0.94,7,-1,-1
490,-1,317,184,12,13,0.77,2,-1,-1
490,-1,304,182,10,12,0.64,2,-1,-1
491,-1,227,210,31,49,0.93,7,-1,-1
491,-1,317,183,11,13,0.77,2,-1,-1
491,-1,304,182,10,11,0.59,2,-1,-1
492,-1,226,212,32,50,0.94,7,-1,-1
492,-1,316,183,10,12,0.74,2,-1,-1
492,-1,303,180,10,11,0.64,2,-1,-1
492,-1,266,158,12,18,0.17,7,-1,-1
493,-1,224,214,32,51,0.94,7,-1,-1
493,-1,363,509,59,30,0.89,2,-1,-1
493,-1,316,182,10,12,0.67,2,-1,-1
493,-1,303,180,9,11,0.60,2,-1,-1
494,-1,222,216,33,52,0.94,7,-1,-1
494,-1,357,476,59,63,0.94,2,-1,-1
494,-1,315,181,10,12,0.76,2,-1,-1
494,-1,303,179,10,10,0.56,2,-1,-1
495,-1,348,436,49,69,0.95,2,-1,-1
495,-1,220,218,34,55,0.93,7,-1,-1
495,-1,315,180,10,11,0.69,2,-1,-1
495,-1,303,178,10,10,0.55,2,-1,-1
496,-1,344,413,46,61,0.94,2,-1,-1
496,-1,218,220,34,55,0.93,7,-1,-1
496,-1,315,180,10,11,0.63,2,-1,-1
496,-1,303,178,9,10,0.54,2,-1,-1
497,-1,338,384,41,54,0.94,2,-1,-1
497,-1,215,224,35,56,0.93,7,-1,-1
497,-1,314,179,9,11,0.66,2,-1,-1
497,-1,303,177,9,9,0.34,2,-1,-1
498,-1,335,366,39,51,0.95,2,-1,-1
498,-1,213,226,36,58,0.94,7,-1,-1
498,-1,313,178,9,11,0.72,2,-1,-1
498,-1,303,176,9,9,0.43,2,-1,-1
499,-1,210,229,38,60,0.94,7,-1,-1
499,-1,332,345,34,47,0.94,2,-1,-1
499,-1,313,177,9,10,0.65,2,-1,-1
499,-1,304,176,8,9,0.35,2,-1,-1
499,-1,268,170,9,10,0.10,2,-1,-1
500,-1,209,230,39,61,0.94,7,-1,-1
500,-1,329,333,32,44,0.94,2,-1,-1
500,-1,313,176,9,10,0.55,2,-1,-1
500,-1,303,176,8,9,0.41,2,-1,-1
500,-1,269,170,9,11,0.15,2,-1,-1
501,-1,205,234,41,63,0.94,7,-1,-1
501,-1,327,316,30,40,0.93,2,-1,-1
501,-1,313,175,9,10,0.63,2,-1,-1
501,-1,303,175,8,9,0.22,2,-1,-1
501,-1,268,160,11,19,0.19,7,-1,-1
501,-1,277,157,13,20,0.13,7,-1,-1
502,-1,202,236,43,66,0.94,7,-1,-1
502,-1,323,307,30,39,0.92,2,-1,-1
502,-1,312,176,8,9,0.28,2,-1,-1
502,-1,268,159,11,19,0.11,7,-1,-1
503,-1,198,242,44,66,0.95,7,-1,-1
503,-1,322,295,28,34,0.93,2,-1,-1
503,-1,312,174,9,9,0.41,2,-1,-1
503,-1,277,160,12,18,0.13,7,-1,-1
503,-1,268,166,11,17,0.11,2,-1,-1
504,-1,195,244,45,70,0.95,7,-1,-1
504,-1,320,289,27,33,0.93,2,-1,-1
504,-1,312,174,9,9,0.39,2,-1,-1
504,-1,277,157,12,20,0.24,7,-1,-1
504,-1,267,163,11,21,0.18,7,-1,-1
505,-1,192,248,47,73,0.95,7,-1,-1
505,-1,320,277,24,31,0.91,2,-1,-1
505,-1,311,173,9,8,0.34,2,-1,-1
505,-1,267,164,11,20,0.26,7,-1,-1
505,-1,277,160,11,18,0.15,7,-1,-1
506,-1,189,252,49,75,0.94,7,-1,-1
506,-1,319,271,24,31,0.90,2,-1,-1
506,-1,266,164,12,20,0.50,7,-1,-1
506,-1,311,173,9,8,0.40,2,-1,-1
506,-1,277,160,11,18,0.24,7,-1,-1
507,-1,183,256,52,79,0.95,7,-1,-1
507,-1,316,265,23,27,0.91,2,-1,-1
507,-1,310,172,8,8,0.45,2,-1,-1
507,-1,268,165,11,20,0.26,7,-1,-1
508,-1,179,259,54,83,0.96,7,-1,-1
508,-1,316,259,22,27,0.90,2,-1,-1
508,-1,266,165,13,21,0.73,7,-1,-1
508,-1,310,172,8,8,0.45,2,-1,-1
508,-1,277,160,12,19,0.15,7,-1,-1
509,-1,174,265,57,87,0.95,7,-1,-1
509,-1,315,252,21,26,0.90,2,-1,-1
509,-1,265,166,13,20,0.76,7,-1,-1
509,-1,277,161,12,19,0.21,7,-1,-1
509,-1,310,171,8,8,0.18,2,-1,-1
510,-1,170,268,59,91,0.96,7,-1,-1
510,-1,315,248,20,25,0.89,2,-1,-1
510,-1,266,167,13,20,0.71,7,-1,-1
510,-1,309,171,8,8,0.39,2,-1,-1
510,-1,277,160,12,20,0.30,7,-1,-1
511,-1,164,275,62,98,0.95,7,-1,-1
511,-1,314,242,19,23,0.89,2,-1,-1
511,-1,265,167,13,20,0.79,7,-1,-1
511,-1,309,170,8,8,0.28,2,-1,-1
511,-1,277,160,12,21,0.24,7,-1,-1
512,-1,157,279,67,103,0.95,7,-1,-1
512,-1,313,240,19,22,0.88,2,-1,-1
512,-1,265,167,14,21,0.79,7,-1,-1
512,-1,277,161,12,19,0.24,7,-1,-1
513,-1,150,286,71,111,0.96,7,-1,-1
513,-1,312,233,18,23,0.90,2,-1,-1
513,-1,265,167,14,22,0.80,7,-1,-1
513,-1,277,161,12,21,0.34,7,-1,-1
513,-1,307,169,8,8,0.22,2,-1,-1
514,-1,143,291,75,118,0.96,7,-1,-1
514,-1,312,229,18,22,0.90,2,-1,-1
514,-1,265,167,14,22,0.72,7,-1,-1
514,-1,276,161,13,21,0.24,7,-1,-1
514,-1,307,168,8,8,0.10,2,-1,-1
515,-1,133,298,83,130,0.97,7,-1,-1
515,-1,311,226,17,21,0.88,2,-1,-1
515,-1,265,167,14,23,0.71,7,-1,-1
515,-1,276,161,13,22,0.54,7,-1,-1
516,-1,126,304,85,139,0.96,7,-1,-1
516,-1,311,223,17,21,0.89,2,-1,-1
516,-1,264,168,14,24,0.82,7,-1,-1
516,-1,276,160,13,24,0.78,7,-1,-1
516,-1,306,167,7,7,0.38,2,-1,-1
517,-1,113,310,96,156,0.96,7,-1,-1
517,-1,310,219,16,21,0.89,2,-1,-1
517,-1,264,167,15,25,0.84,7,-1,-1
517,-1,276,160,13,24,0.80,7,-1,-1
517,-1,306,166,7,7,0.47,2,-1,-1
518,-1,103,319,103,167,0.96,7,-1,-1
518,-1,310,217,16,21,0.89,2,-1,-1
518,-1,264,168,15,25,0.84,7,-1,-1
518,-1,276,160,13,25,0.76,7,-1,-1
518,-1,305,166,7,7,0.22,2,-1,-1
519,-1,86,330,112,187,0.96,7,-1,-1
519,-1,309,214,16,20,0.88,2,-1,-1
519,-1,263,169,15,25,0.87,7,-1,-1
519,-1,277,161,13,25,0.76,7,-1,-1
519,-1,304,165,7,8,0.34,2,-1,-1
520,-1,71,342,123,197,0.96,7,-1,-1
520,-1,309,212,16,19,0.89,2,-1,-1
520,-1,263,169,15,26,0.86,7,-1,-1
520,-1,277,161,13,26,0.76,7,-1,-1
520,-1,304,165,7,8,0.31,2,-1,-1
521,-1,48,357,140,182,0.95,7,-1,-1
521,-1,309,210,15,17,0.87,2,-1,-1
521,-1,262,168,16,27,0.83,7,-1,-1
521,-1,277,161,13,26,0.77,7,-1,-1
521,-1,303,164,7,8,0.21,2,-1,-1
522,-1,33,367,150,172,0.96,7,-1,-1
522,-1,308,207,17,18,0.87,2,-1,-1
522,-1,262,169,15,27,0.74,7,-1,-1
522,-1,277,166,12,23,0.51,7,-1,-1
522,-1,302,163,7,8,0.16,2,-1,-1
523,-1,1,385,174,154,0.95,7,-1,-1
523,-1,308,205,16,18,0.86,2,-1,-1
523,-1,261,169,16,27,0.77,7,-1,-1
523,-1,277,167,13,22,0.54,7,-1,-1
524,-1,0,396,168,143,0.95,7,-1,-1
524,-1,308,204,15,17,0.86,2,-1,-1
524,-1,260,170,16,27,0.74,7,-1,-1
524,-1,277,164,13,26,0.64,7,-1,-1
525,-1,0,421,160,118,0.94,7,-1,-1
525,-1,308,202,14,16,0.87,2,-1,-1
525,-1,262,187,14,12,0.69,2,-1,-1
525,-1,277,167,13,25,0.59,7,-1,-1
526,-1,12,434,141,105,0.94,7,-1,-1
526,-1,308,200,14,16,0.86,2,-1,-1
526,-1,261,177,15,23,0.70,2,-1,-1
526,-1,277,167,13,25,0.61,7,-1,-1
527,-1,24,467,120,72,0.91,7,-1,-1
527,-1,308,198,13,15,0.90,2,-1,-1
527,-1,259,173,18,28,0.82,7,-1,-1
527,-1,277,166,13,27,0.70,7,-1,-1
528,-1,25,490,107,49,0.92,7,-1,-1
528,-1,307,197,13,15,0.90,2,-1,-1
528,-1,259,174,18,29,0.81,7,-1,-1
528,-1,277,168,14,26,0.67,7,-1,-1
529,-1,307,195,12,15,0.89,2,-1,-1
529,-1,259,175,16,29,0.82,2,-1,-1
529,-1,276,170,14,26,0.69,7,-1,-1
530,-1,307,195,12,14,0.88,2,-1,-1
530,-1,258,175,18,30,0.80,7,-1,-1
530,-1,276,169,14,28,0.69,7,-1,-1
531,-1,257,176,18,30,0.84,7,-1,-1
531,-1,307,193,12,14,0.83,2,-1,-1
531,-1,276,170,14,28,0.64,7,-1,-1
532,-1,306,191,13,15,0.85,2,-1,-1
532,-1,257,176,17,31,0.83,7,-1,-1
532,-1,275,173,15,25,0.62,7,-1,-1
533,-1,256,177,19,32,0.89,7,-1,-1
533,-1,307,191,11,12,0.81,2,-1,-1
533,-1,275,175,15,24,0.66,7,-1,-1
534,-1,255,178,19,32,0.88,7,-1,-1
534,-1,307,190,11,12,0.82,2,-1,-1
534,-1,275,174,15,26,0.67,7,-1,-1
535,-1,253,178,19,34,0.91,7,-1,-1
535,-1,306,188,11,12,0.82,2,-1,-1
535,-1,275,177,15,25,0.67,7,-1,-1
536,-1,253,179,20,33,0.91,7,-1,-1
536,-1,306,186,11,13,0.80,2,-1,-1
536,-1,274,177,16,26,0.64,7,-1,-1
537,-1,252,181,20,34,0.87,7,-1,-1
537,-1,305,184,11,13,0.76,2,-1,-1
537,-1,274,178,16,25,0.65,7,-1,-1
538,-1,251,181,20,35,0.88,7,-1,-1
538,-1,305,184,11,12,0.76,2,-1,-1
538,-1,274,179,16,26,0.70,7,-1,-1
539,-1,250,182,22,36,0.90,7,-1,-1
539,-1,305,183,11,12,0.74,2,-1,-1
539,-1,274,177,17,29,0.73,7,-1,-1
540,-1,249,183,22,36,0.89,7,-1,-1
540,-1,272,172,18,35,0.80,7,-1,-1
540,-1,305,183,11,12,0.73,2,-1,-1
541,-1,248,184,22,37,0.90,7,-1,-1
541,-1,272,172,19,37,0.84,7,-1,-1
541,-1,305,182,10,11,0.75,2,-1,-1
542,-1,247,184,22,39,0.91,7,-1,-1
542,-1,272,173,19,37,0.84,7,-1,-1
542,-1,304,181,10,11,0.77,2,-1,-1
543,-1,245,186,23,39,0.92,7,-1,-1
543,-1,271,173,20,39,0.87,7,-1,-1
543,-1,303,180,11,11,0.76,2,-1,-1
544,-1,244,186,23,41,0.92,7,-1,-1
544,-1,271,174,20,39,0.88,7,-1,-1
544,-1,303,179,11,11,0.76,2,-1,-1
545,-1,243,188,24,42,0.92,7,-1,-1
545,-1,270,176,20,39,0.82,7,-1,-1
545,-1,303,178,10,10,0.73,2,-1,-1
546,-1,242,188,24,42,0.93,7,-1,-1
546,-1,269,175,21,41,0.85,7,-1,-1
546,-1,303,178,10,10,0.73,2,-1,-1
547,-1,241,190,25,43,0.91,7,-1,-1
547,-1,268,177,22,42,0.86,7,-1,-1
547,-1,303,177,10,10,0.61,2,-1,-1
548,-1,240,191,26,44,0.93,7,-1,-1
548,-1,268,177,23,43,0.87,7,-1,-1
548,-1,303,176,10,10,0.60,2,-1,-1
549,-1,238,192,26,45,0.93,7,-1,-1
549,-1,266,178,24,43,0.88,7,-1,-1
549,-1,303,174,10,10,0.51,2,-1,-1
550,-1,237,194,26,46,0.93,7,-1,-1
550,-1,266,179,24,44,0.87,7,-1,-1
550,-1,303,174,9,10,0.50,2,-1,-1
551,-1,235,196,26,47,0.92,7,-1,-1
551,-1,265,180,24,45,0.89,7,-1,-1
552,-1,234,197,27,48,0.93,7,-1,-1
552,-1,265,181,24,46,0.88,7,-1,-1
552,-1,303,172,9,10,0.41,2,-1,-1
553,-1,232,199,28,50,0.94,7,-1,-1
553,-1,264,182,25,47,0.90,7,-1,-1
553,-1,302,172,9,9,0.39,2,-1,-1
554,-1,230,200,29,52,0.94,7,-1,-1
554,-1,264,183,25,48,0.90,7,-1,-1
554,-1,302,172,8,9,0.50,2,-1,-1
555,-1,228,202,30,54,0.95,7,-1,-1
555,-1,263,184,25,49,0.90,7,-1,-1
555,-1,302,172,8,9,0.44,2,-1,-1
556,-1,227,203,30,55,0.94,7,-1,-1
556,-1,262,185,26,50,0.90,7,-1,-1
556,-1,301,170,8,9,0.58,2,-1,-1
557,-1,224,206,32,56,0.95,7,-1,-1
557,-1,261,186,27,52,0.90,7,-1,-1
557,-1,301,170,8,9,0.20,2,-1,-1
558,-1,222,208,32,57,0.94,7,-1,-1
558,-1,260,187,27,53,0.91,7,-1,-1
558,-1,277,181,13,16,0.21,2,-1,-1
558,-1,301,170,8,9,0.11,2,-1,-1
559,-1,219,210,34,61,0.95,7,-1,-1
559,-1,259,189,27,55,0.91,7,-1,-1
559,-1,278,180,12,17,0.37,2,-1,-1
560,-1,217,212,35,62,0.93,7,-1,-1
560,-1,258,190,28,56,0.90,7,-1,-1
560,-1,277,180,13,17,0.41,2,-1,-1
561,-1,213,215,37,65,0.94,7,-1,-1
561,-1,256,192,29,57,0.91,7,-1,-1
561,-1,277,181,13,17,0.65,2,-1,-1
562,-1,212,216,37,68,0.94,7,-1,-1
562,-1,255,193,30,59,0.90,7,-1,-1
562,-1,277,182,13,17,0.60,2,-1,-1
563,-1,208,220,39,71,0.95,7,-1,-1
563,-1,255,195,30,61,0.92,7,-1,-1
563,-1,277,183,13,18,0.50,2,-1,-1
564,-1,205,222,40,73,0.95,7,-1,-1
564,-1,254,196,30,62,0.93,7,-1,-1
564,-1,277,183,13,18,0.43,2,-1,-1
565,-1,201,226,42,78,0.95,7,-1,-1
565,-1,252,198,32,65,0.92,7,-1,-1
565,-1,276,183,14,20,0.39,2,-1,-1
566,-1,197,229,44,80,0.95,7,-1,-1
566,-1,252,198,32,68,0.91,7,-1,-1
566,-1,276,187,14,17,0.46,2,-1,-1
567,-1,192,233,46,84,0.94,7,-1,-1
567,-1,250,200,33,69,0.91,7,-1,-1
567,-1,276,188,13,17,0.64,2,-1,-1
568,-1,189,237,48,87,0.95,7,-1,-1
568,-1,249,202,33,72,0.92,7,-1,-1
568,-1,276,191,14,16,0.50,2,-1,-1
569,-1,183,241,51,93,0.95,7,-1,-1
569,-1,247,205,36,75,0.93,7,-1,-1
569,-1,275,191,14,17,0.33,2,-1,-1
570,-1,178,244,54,98,0.95,7,-1,-1
570,-1,246,207,37,76,0.94,7,-1,-1
570,-1,276,187,13,18,0.47,2,-1,-1
571,-1,171,250,58,105,0.95,7,-1,-1
571,-1,243,209,39,81,0.95,7,-1,-1
571,-1,275,190,14,19,0.48,2,-1,-1
572,-1,166,254,61,112,0.95,7,-1,-1
572,-1,241,210,40,84,0.95,7,-1,-1
572,-1,275,192,14,19,0.72,2,-1,-1
572,-1,273,210,13,17,0.31,2,-1,-1
573,-1,157,260,65,123,0.96,7,-1,-1
573,-1,240,215,41,86,0.95,7,-1,-1
573,-1,274,193,15,19,0.79,2,-1,-1
573,-1,272,213,14,16,0.27,2,-1,-1
574,-1,151,265,69,131,0.96,7,-1,-1
574,-1,238,217,42,90,0.95,7,-1,-1
574,-1,274,194,14,19,0.83,2,-1,-1
575,-1,140,273,76,145,0.96,7,-1,-1
575,-1,234,219,45,97,0.95,7,-1,-1
575,-1,274,197,14,18,0.84,2,-1,-1
575,-1,272,219,12,14,0.57,2,-1,-1
576,-1,130,279,81,155,0.95,7,-1,-1
576,-1,232,221,47,101,0.94,7,-1,-1
576,-1,273,196,15,20,0.83,2,-1,-1
576,-1,270,219,13,15,0.64,2,-1,-1
576,-1,266,158,12,17,0.21,7,-1,-1
577,-1,229,225,49,107,0.95,7,-1,-1
577,-1,116,290,90,173,0.94,7,-1,-1
577,-1,458,487,110,52,0.89,2,-1,-1
577,-1,273,197,15,21,0.83,2,-1,-1
577,-1,268,220,15,17,0.80,2,-1,-1
577,-1,266,158,12,18,0.15,7,-1,-1
578,-1,104,297,99,188,0.96,7,-1,-1
578,-1,227,228,51,111,0.95,7,-1,-1
578,-1,272,199,15,20,0.85,2,-1,-1
578,-1,267,222,15,17,0.83,2,-1,-1
578,-1,445,456,97,83,0.72,7,-1,-1
579,-1,83,309,112,216,0.96,7,-1,-1
579,-1,222,232,53,120,0.96,7,-1,-1
579,-1,426,426,134,113,0.93,7,-1,-1
579,-1,266,225,16,17,0.87,2,-1,-1
579,-1,272,200,16,20,0.82,2,-1,-1
580,-1,66,318,123,218,0.96,7,-1,-1
580,-1,219,235,55,127,0.95,7,-1,-1
580,-1,416,403,148,136,0.94,7,-1,-1
580,-1,265,227,17,17,0.84,2,-1,-1
580,-1,271,202,16,21,0.83,2,-1,-1
581,-1,36,335,145,204,0.96,7,-1,-1
581,-1,405,379,156,160,0.95,7,-1,-1
581,-1,214,239,60,139,0.95,7,-1,-1
581,-1,265,230,16,19,0.87,2,-1,-1
581,-1,271,208,15,17,0.81,2,-1,-1
582,-1,9,348,165,191,0.95,7,-1,-1
582,-1,210,243,62,146,0.95,7,-1,-1
582,-1,398,361,165,178,0.95,7,-1,-1
582,-1,264,232,17,19,0.89,2,-1,-1
582,-1,270,210,15,16,0.80,2,-1,-1
582,-1,273,200,14,12,0.76,2,-1,-1
583,-1,390,342,174,197,0.95,7,-1,-1
583,-1,204,248,67,159,0.95,7,-1,-1
583,-1,1,372,162,167,0.94,7,-1,-1
583,-1,263,235,17,20,0.89,2,-1,-1
583,-1,273,200,13,13,0.82,2,-1,-1
583,-1,270,213,14,16,0.81,2,-1,-1
584,-1,385,334,177,205,0.96,7,-1,-1
584,-1,200,251,70,170,0.95,7,-1,-1
584,-1,0,390,153,149,0.95,7,-1,-1
584,-1,262,237,18,20,0.91,2,-1,-1
584,-1,269,215,15,16,0.85,2,-1,-1
584,-1,273,200,13,14,0.76,2,-1,-1
585,-1,380,321,162,218,0.95,7,-1,-1
585,-1,0,422,137,117,0.95,7,-1,-1
585,-1,192,259,77,188,0.95,7,-1,-1
585,-1,260,241,18,20,0.89,2,-1,-1
585,-1,268,217,14,16,0.87,2,-1,-1
585,-1,272,202,13,14,0.77,2,-1,-1
586,-1,376,309,140,230,0.96,7,-1,-1
586,-1,186,264,82,199,0.95,7,-1,-1
586,-1,0,447,122,92,0.94,7,-1,-1
586,-1,259,243,19,23,0.91,2,-1,-1
586,-1,268,218,15,17,0.85,2,-1,-1
586,-1,272,203,14,14,0.79,2,-1,-1
587,-1,370,301,123,215,0.95,7,-1,-1
587,-1,176,272,91,226,0.94,7,-1,-1
587,-1,258,246,20,23,0.90,2,-1,-1
587,-1,0,500,96,39,0.88,7,-1,-1
587,-1,266,222,16,16,0.86,2,-1,-1
587,-1,271,205,14,14,0.82,2,-1,-1
588,-1,366,294,113,197,0.95,7,-1,-1
588,-1,170,279,96,247,0.95,7,-1,-1
588,-1,257,250,19,23,0.91,2,-1,-1
588,-1,265,223,16,18,0.87,2,-1,-1
588,-1,271,206,13,15,0.85,2,-1,-1
589,-1,363,285,100,175,0.95,7,-1,-1
589,-1,160,288,105,250,0.95,7,-1,-1
589,-1,255,254,20,24,0.91,2,-1,-1
589,-1,264,225,17,18,0.86,2,-1,-1
589,-1,270,208,14,15,0.79,2,-1,-1
590,-1,153,296,110,242,0.96,7,-1,-1
590,-1,361,280,92,162,0.95,7,-1,-1
590,-1,254,258,21,24,0.91,2,-1,-1
590,-1,262,224,19,21,0.90,2,-1,-1
590,-1,269,211,14,14,0.81,2,-1,-1
590,-1,268,169,11,13,0.23,2,-1,-1
591,-1,143,308,117,229,0.96,7,-1,-1
591,-1,357,272,84,147,0.95,7,-1,-1
591,-1,252,261,21,27,0.91,2,-1,-1
591,-1,262,225,18,24,0.88,2,-1,-1
591,-1,269,214,14,13,0.83,2,-1,-1
591,-1,268,169,12,14,0.29,2,-1,-1
592,-1,133,317,124,222,0.96,7,-1,-1
592,-1,354,268,79,137,0.95,7,-1,-1
592,-1,251,265,21,28,0.90,2,-1,-1
592,-1,261,228,18,24,0.88,2,-1,-1
592,-1,268,214,14,14,0.84,2,-1,-1
592,-1,268,169,12,14,0.34,2,-1,-1
593,-1,112,331,144,207,0.97,7,-1,-1
593,-1,352,261,72,126,0.96,7,-1,-1
593,-1,249,270,23,29,0.91,2,-1,-1
593,-1,260,232,19,23,0.89,2,-1,-1
593,-1,267,217,14,14,0.84,2,-1,-1
594,-1,99,343,155,196,0.96,7,-1,-1
594,-1,350,256,68,119,0.95,7,-1,-1
594,-1,248,274,23,31,0.92,2,-1,-1
594,-1,259,236,19,22,0.88,2,-1,-1
594,-1,267,220,14,13,0.84,2,-1,-1
594,-1,267,170,13,15,0.32,2,-1,-1
595,-1,348,250,63,111,0.96,7,-1,-1
595,-1,97,363,154,176,0.95,7,-1,-1
595,-1,245,281,24,32,0.93,2,-1,-1
595,-1,258,237,19,25,0.88,2,-1,-1
595,-1,266,223,15,14,0.83,2,-1,-1
595,-1,266,169,14,17,0.66,2,-1,-1
596,-1,346,246,60,105,0.95,7,-1,-1
596,-1,101,377,148,162,0.95,7,-1,-1
596,-1,243,285,25,34,0.94,2,-1,-1
596,-1,256,242,20,24,0.91,2,-1,-1
596,-1,264,223,16,16,0.88,2,-1,-1
596,-1,266,169,14,18,0.46,2,-1,-1
597,-1,103,406,143,133,0.95,7,-1,-1
597,-1,241,293,26,36,0.95,2,-1,-1
597,-1,344,242,56,98,0.95,7,-1,-1
597,-1,262,224,17,17,0.90,2,-1,-1
597,-1,254,246,20,25,0.89,2,-1,-1
597,-1,265,170,14,18,0.48,2,-1,-1
598,-1,117,427,125,112,0.95,7,-1,-1
598,-1,343,238,55,95,0.94,7,-1,-1
598,-1,239,298,27,37,0.94,2,-1,-1
598,-1,253,250,21,25,0.89,2,-1,-1
598,-1,262,225,17,19,0.89,2,-1,-1
598,-1,265,170,14,18,0.45,2,-1,-1
599,-1,115,467,118,72,0.96,7,-1,-1
599,-1,341,234,51,90,0.95,7,-1,-1
599,-1,237,307,28,39,0.94,2,-1,-1
599,-1,251,252,22,28,0.88,2,-1,-1
599,-1,261,229,17,19,0.88,2,-1,-1
599,-1,265,170,15,19,0.63,7,-1,-1
600,-1,340,232,49,86,0.95,7,-1,-1
600,-1,125,501,101,38,0.94,7,-1,-1
600,-1,235,313,29,42,0.92,2,-1,-1
600,-1,260,230,17,19,0.90,2,-1,-1
600,-1,250,256,22,28,0.89,2,-1,-1
600,-1,265,171,15,19,0.62,7,-1,-1
601,-1,231,323,31,46,0.95,2,-1,-1
601,-1,338,229,46,80,0.94,7,-1,-1
601,-1,248,262,23,28,0.90,2,-1,-1
601,-1,259,234,17,20,0.88,2,-1,-1
601,-1,264,173,15,18,0.55,2,-1,-1
602,-1,229,332,33,48,0.95,2,-1,-1
602,-1,337,224,46,80,0.94,7,-1,-1
602,-1,247,267,23,28,0.90,2,-1,-1
602,-1,258,235,19,21,0.86,2,-1,-1
602,-1,265,176,15,16,0.63,2,-1,-1
603,-1,224,345,36,52,0.94,2,-1,-1
603,-1,335,220,43,77,0.93,7,-1,-1
603,-1,257,239,19,22,0.90,2,-1,-1
603,-1,245,270,24,31,0.90,2,-1,-1
603,-1,263,173,16,20,0.46,2,-1,-1
604,-1,222,355,36,55,0.95,2,-1,-1
604,-1,335,218,42,75,0.94,7,-1,-1
604,-1,244,275,24,32,0.90,2,-1,-1
604,-1,256,241,19,23,0.90,2,-1,-1
604,-1,263,171,16,21,0.49,7,-1,-1
605,-1,216,372,40,61,0.95,2,-1,-1
605,-1,334,217,39,69,0.93,7,-1,-1
605,-1,241,282,25,34,0.92,2,-1,-1
605,-1,255,245,19,24,0.89,2,-1,-1
605,-1,263,172,16,22,0.67,7,-1,-1
606,-1,212,384,42,66,0.95,2,-1,-1
606,-1,239,285,26,36,0.93,2,-1,-1
606,-1,333,214,38,68,0.93,7,-1,-1
606,-1,254,248,19,24,0.88,2,-1,-1
606,-1,262,172,17,23,0.47,7,-1,-1
607,-1,206,405,46,76,0.95,2,-1,-1
607,-1,237,293,27,38,0.93,2,-1,-1
607,-1,332,212,38,65,0.93,7,-1,-1
607,-1,252,254,20,24,0.88,2,-1,-1
607,-1,262,174,16,21,0.64,2,-1,-1
608,-1,201,420,49,83,0.95,2,-1,-1
608,-1,234,299,29,39,0.94,2,-1,-1
608,-1,331,209,37,64,0.93,7,-1,-1
608,-1,250,256,21,26,0.88,2,-1,-1
608,-1,262,174,17,22,0.61,2,-1,-1
609,-1,231,307,30,43,0.94,2,-1,-1
609,-1,191,448,54,89,0.94,2,-1,-1
609,-1,330,208,35,60,0.92,7,-1,-1
609,-1,249,261,21,27,0.90,2,-1,-1
609,-1,260,173,18,24,0.55,2,-1,-1
610,-1,229,314,31,45,0.95,2,-1,-1
610,-1,185,469,59,70,0.93,2,-1,-1
610,-1,330,206,34,59,0.92,7,-1,-1
610,-1,249,265,21,27,0.91,2,-1,-1
610,-1,260,174,18,24,0.81,2,-1,-1
611,-1,225,324,34,48,0.94,2,-1,-1
611,-1,329,204,33,56,0.92,7,-1,-1
611,-1,246,270,22,29,0.91,2,-1,-1
611,-1,180,507,58,32,0.90,2,-1,-1
611,-1,260,174,18,26,0.72,2,-1,-1
612,-1,223,332,35,51,0.95,2,-1,-1
612,-1,328,203,32,55,0.93,7,-1,-1
612,-1,245,275,22,30,0.92,2,-1,-1
612,-1,259,175,18,25,0.76,2,-1,-1
613,-1,328,200,30,53,0.94,7,-1,-1
613,-1,218,346,38,55,0.94,2,-1,-1
613,-1,242,282,23,31,0.92,2,-1,-1
613,-1,258,176,19,26,0.69,2,-1,-1
614,-1,215,355,39,59,0.95,2,-1,-1
614,-1,240,286,24,33,0.93,2,-1,-1
614,-1,327,199,30,52,0.93,7,-1,-1
614,-1,258,175,19,27,0.78,2,-1,-1
615,-1,209,371,43,65,0.95,2,-1,-1
615,-1,326,198,29,49,0.94,7,-1,-1
615,-1,238,294,25,35,0.93,2,-1,-1
615,-1,257,174,19,29,0.77,2,-1,-1
616,-1,205,383,45,70,0.95,2,-1,-1
616,-1,326,196,28,48,0.94,7,-1,-1
616,-1,236,299,27,37,0.94,2,-1,-1
616,-1,256,172,21,32,0.78,7,-1,-1
617,-1,197,401,50,81,0.95,2,-1,-1
617,-1,233,308,27,40,0.93,2,-1,-1
617,-1,325,196,28,46,0.93,7,-1,-1
617,-1,257,173,20,33,0.71,7,-1,-1
618,-1,230,315,28,41,0.94,2,-1,-1
618,-1,192,416,52,89,0.94,2,-1,-1
618,-1,325,195,27,45,0.93,7,-1,-1
618,-1,256,176,20,31,0.71,2,-1,-1
619,-1,181,441,58,98,0.94,2,-1,-1
619,-1,226,325,31,45,0.93,2,-1,-1
619,-1,323,194,26,43,0.91,7,-1,-1
619,-1,255,173,21,35,0.82,7,-1,-1
620,-1,223,333,32,47,0.94,2,-1,-1
620,-1,174,461,62,78,0.93,2,-1,-1
620,-1,323,193,26,43,0.91,7,-1,-1
620,-1,254,177,21,33,0.70,2,-1,-1
621,-1,218,347,34,51,0.94,2,-1,-1
621,-1,322,191,25,42,0.91,7,-1,-1
621,-1,164,493,67,46,0.91,2,-1,-1
621,-1,254,175,21,36,0.69,7,-1,-1
622,-1,216,357,36,54,0.94,2,-1,-1
622,-1,322,190,25,41,0.92,7,-1,-1
622,-1,158,523,70,16,0.82,2,-1,-1
622,-1,253,180,20,32,0.78,2,-1,-1
623,-1,210,373,39,60,0.93,2,-1,-1
623,-1,321,188,24,40,0.92,7,-1,-1
623,-1,253,188,19,25,0.86,2,-1,-1
624,-1,206,385,42,64,0.95,2,-1,-1
624,-1,321,188,24,39,0.92,7,-1,-1
624,-1,252,178,21,36,0.81,7,-1,-1
625,-1,199,405,45,73,0.95,2,-1,-1
625,-1,320,186,23,39,0.92,7,-1,-1
625,-1,251,177,23,39,0.84,7,-1,-1
626,-1,193,421,48,79,0.94,2,-1,-1
626,-1,320,186,22,38,0.92,7,-1,-1
626,-1,250,178,23,39,0.87,7,-1,-1
627,-1,184,447,52,90,0.94,2,-1,-1
627,-1,319,185,22,37,0.91,7,-1,-1
627,-1,250,178,23,41,0.90,7,-1,-1
628,-1,178,468,56,71,0.93,2,-1,-1
628,-1,319,184,22,35,0.91,7,-1,-1
628,-1,249,179,24,42,0.87,7,-1,-1
629,-1,318,183,21,35,0.91,7,-1,-1
629,-1,159,503,68,36,0.90,2,-1,-1
629,-1,247,179,25,44,0.89,7,-1,-1
630,-1,246,180,26,44,0.90,7,-1,-1
630,-1,318,183,21,34,0.90,7,-1,-1
631,-1,245,181,26,45,0.89,7,-1,-1
631,-1,317,182,20,33,0.89,7,-1,-1
632,-1,244,181,27,46,0.90,7,-1,-1
632,-1,317,181,20,32,0.88,7,-1,-1
633,-1,243,182,28,47,0.91,7,-1,-1
633,-1,317,180,20,31,0.87,7,-1,-1
634,-1,242,182,29,49,0.90,7,-1,-1
634,-1,317,180,19,31,0.88,7,-1,-1
635,-1,316,179,19,30,0.91,7,-1,-1
635,-1,241,183,30,51,0.91,7,-1,-1
636,-1,240,183,31,53,0.90,7,-1,-1
636,-1,316,178,19,30,0.88,7,-1,-1
637,-1,239,184,31,54,0.89,7,-1,-1
637,-1,316,177,18,30,0.88,7,-1,-1
638,-1,238,184,32,55,0.91,7,-1,-1
638,-1,315,176,18,30,0.88,7,-1,-1
639,-1,237,185,33,57,0.90,7,-1,-1
639,-1,315,176,17,29,0.88,7,-1,-1
640,-1,236,186,33,58,0.91,7,-1,-1
640,-1,315,176,17,28,0.80,7,-1,-1
641,-1,234,188,35,59,0.91,7,-1,-1
641,-1,315,174,17,28,0.84,7,-1,-1
642,-1,232,189,35,60,0.91,7,-1,-1
642,-1,315,174,16,27,0.83,7,-1,-1
643,-1,230,190,37,62,0.92,7,-1,-1
643,-1,315,173,16,26,0.86,7,-1,-1
644,-1,230,191,38,64,0.92,7,-1,-1
644,-1,314,173,16,26,0.81,7,-1,-1
645,-1,227,193,39,67,0.94,7,-1,-1
645,-1,313,172,16,25,0.69,7,-1,-1
646,-1,226,194,40,67,0.95,7,-1,-1
646,-1,313,172,16,24,0.64,7,-1,-1
647,-1,224,195,41,70,0.95,7,-1,-1
647,-1,313,171,15,24,0.83,7,-1,-1
648,-1,222,196,42,73,0.96,7,-1,-1
648,-1,313,171,15,25,0.85,7,-1,-1
649,-1,219,198,44,75,0.95,7,-1,-1
649,-1,312,170,15,24,0.87,7,-1,-1
650,-1,217,198,45,78,0.94,7,-1,-1
650,-1,312,169,15,24,0.86,7,-1,-1
651,-1,214,200,47,82,0.94,7,-1,-1
651,-1,312,169,14,23,0.86,7,-1,-1
652,-1,212,202,48,84,0.94,7,-1,-1
652,-1,312,169,14,23,0.86,7,-1,-1
653,-1,209,203,50,88,0.95,7,-1,-1
653,-1,312,168,14,22,0.86,7,-1,-1
654,-1,206,205,52,90,0.95,7,-1,-1
654,-1,312,167,13,22,0.85,7,-1,-1
655,-1,202,207,55,96,0.95,7,-1,-1
655,-1,311,167,14,21,0.87,7,-1,-1
656,-1,200,208,57,99,0.95,7,-1,-1
656,-1,311,167,14,21,0.88,7,-1,-1
657,-1,196,211,60,104,0.95,7,-1,-1
657,-1,311,166,13,20,0.82,7,-1,-1
658,-1,192,212,63,107,0.95,7,-1,-1
658,-1,311,166,13,20,0.83,7,-1,-1
659,-1,188,214,65,115,0.95,7,-1,-1
659,-1,310,166,13,20,0.84,7,-1,-1
660,-1,184,216,68,119,0.96,7,-1,-1
660,-1,310,165,13,20,0.81,7,-1,-1
661,-1,177,220,73,125,0.95,7,-1,-1
661,-1,310,164,12,19,0.84,7,-1,-1
662,-1,173,223,76,131,0.96,7,-1,-1
662,-1,310,164,12,19,0.84,7,-1,-1
663,-1,167,226,80,141,0.96,7,-1,-1
663,-1,309,164,12,19,0.83,7,-1,-1
664,-1,162,229,84,148,0.95,7,-1,-1
664,-1,309,164,12,19,0.81,7,-1,-1
665,-1,153,232,91,159,0.95,7,-1,-1
665,-1,308,163,12,18,0.79,7,-1,-1
666,-1,147,235,94,169,0.95,7,-1,-1
666,-1,308,162,12,18,0.80,7,-1,-1
667,-1,138,236,103,187,0.95,7,-1,-1
667,-1,308,162,12,18,0.77,7,-1,-1
668,-1,130,240,109,199,0.95,7,-1,-1
668,-1,307,162,12,17,0.72,7,-1,-1
669,-1,117,245,118,219,0.95,7,-1,-1
669,-1,307,161,12,17,0.70,7,-1,-1
670,-1,107,249,126,234,0.96,7,-1,-1
670,-1,307,161,12,17,0.72,7,-1,-1
671,-1,88,255,141,263,0.95,7,-1,-1
671,-1,307,160,11,17,0.78,7,-1,-1
672,-1,75,257,152,282,0.95,7,-1,-1
672,-1,306,160,11,17,0.78,7,-1,-1
673,-1,51,263,174,276,0.94,7,-1,-1
673,-1,306,160,11,16,0.71,7,-1,-1
674,-1,35,268,188,271,0.92,7,-1,-1
674,-1,306,159,11,17,0.74,7,-1,-1
675,-1,6,276,213,261,0.92,7,-1,-1
675,-1,306,159,11,16,0.72,7,-1,-1
676,-1,1,286,215,253,0.92,7,-1,-1
676,-1,305,158,12,17,0.78,7,-1,-1
677,-1,1,292,211,247,0.92,7,-1,-1
677,-1,305,159,11,16,0.76,7,-1,-1
678,-1,0,302,209,237,0.89,7,-1,-1
678,-1,305,158,11,16,0.76,7,-1,-1
679,-1,0,308,204,231,0.93,7,-1,-1
679,-1,304,157,11,16,0.80,7,-1,-1
680,-1,9,316,189,223,0.94,7,-1,-1
680,-1,304,157,11,16,0.81,7,-1,-1
681,-1,0,330,191,209,0.94,7,-1,-1
681,-1,303,156,11,16,0.84,7,-1,-1
682,-1,0,344,187,195,0.92,7,-1,-1
682,-1,303,156,11,16,0.85,7,-1,-1
683,-1,1,349,178,190,0.92,7,-1,-1
683,-1,302,156,11,16,0.85,7,-1,-1
684,-1,0,366,173,173,0.94,7,-1,-1
684,-1,301,155,11,15,0.86,7,-1,-1
685,-1,0,380,163,159,0.92,7,-1,-1
685,-1,301,155,11,16,0.86,7,-1,-1
686,-1,1,391,155,148,0.93,7,-1,-1
686,-1,301,155,11,16,0.87,7,-1,-1
687,-1,0,419,140,120,0.88,7,-1,-1
687,-1,300,155,11,16,0.85,7,-1,-1
688,-1,299,154,11,16,0.85,7,-1,-1
688,-1,0,447,131,92,0.19,7,-1,-1
689,-1,298,153,11,16,0.85,7,-1,-1
690,-1,298,153,12,17,0.84,7,-1,-1
691,-1,297,153,12,16,0.83,7,-1,-1
692,-1,297,152,12,17,0.82,7,-1,-1
693,-1,296,152,11,17,0.83,7,-1,-1
694,-1,296,151,11,16,0.83,7,-1,-1
695,-1,296,152,10,15,0.84,7,-1,-1
696,-1,295,152,10,15,0.81,7,-1,-1
697,-1,295,152,10,14,0.74,7,-1,-1
698,-1,294,152,10,14,0.72,7,-1,-1
699,-1,293,151,10,14,0.65,7,-1,-1
700,-1,293,151,10,14,0.66,7,-1,-1
701,-1,293,151,9,14,0.64,7,-1,-1
702,-1,292,150,9,14,0.56,7,-1,-1
703,-1,292,150,10,14,0.58,7,-1,-1
704,-1,291,150,10,13,0.51,7,-1,-1
705,-1,290,149,10,14,0.35,7,-1,-1
706,-1,289,149,10,14,0.23,7,-1,-1
707,-1,288,148,10,14,0.37,7,-1,-1
708,-1,288,148,10,13,0.37,7,-1,-1
709,-1,287,148,11,13,0.18,7,-1,-1
710,-1,287,148,11,13,0.17,7,-1,-1
711,-1,287,148,10,13,0.12,7,-1,-1
714,-1,285,148,9,12,0.10,7,-1,-1
716,-1,284,148,9,13,0.10,7,-1,-1
