1,-1,366,165,18,19,0.85,2,-1,-1
1,-1,372,127,16,20,0.58,2,-1,-1
2,-1,365,163,19,18,0.85,2,-1,-1
2,-1,370,126,16,20,0.49,2,-1,-1
3,-1,364,161,19,18,0.85,2,-1,-1
3,-1,370,127,16,20,0.41,2,-1,-1
4,-1,364,159,18,18,0.85,2,-1,-1
4,-1,370,126,16,20,0.27,2,-1,-1
5,-1,364,158,18,18,0.84,2,-1,-1
5,-1,370,125,16,20,0.16,2,-1,-1
6,-1,364,157,17,17,0.83,2,-1,-1
6,-1,370,124,16,20,0.31,2,-1,-1
7,-1,364,156,16,16,0.84,2,-1,-1
7,-1,370,124,16,20,0.33,2,-1,-1
8,-1,364,154,17,16,0.85,2,-1,-1
8,-1,370,124,15,20,0.43,2,-1,-1
9,-1,363,152,16,16,0.83,2,-1,-1
9,-1,370,124,15,19,0.36,2,-1,-1
10,-1,362,150,16,16,0.81,2,-1,-1
10,-1,370,123,14,19,0.11,2,-1,-1
11,-1,414,440,67,80,0.92,2,-1,-1
11,-1,362,149,16,16,0.81,2,-1,-1
11,-1,370,123,14,19,0.10,2,-1,-1
12,-1,408,416,64,72,0.92,2,-1,-1
12,-1,361,148,16,15,0.78,2,-1,-1
12,-1,370,122,14,18,0.15,2,-1,-1
13,-1,406,394,58,65,0.93,2,-1,-1
13,-1,361,148,16,15,0.73,2,-1,-1
13,-1,369,123,15,18,0.30,2,-1,-1
14,-1,401,366,52,56,0.92,2,-1,-1
14,-1,360,146,16,15,0.77,2,-1,-1
14,-1,370,122,14,17,0.39,2,-1,-1
15,-1,398,342,47,51,0.91,2,-1,-1
15,-1,361,143,15,15,0.75,2,-1,-1
15,-1,368,121,14,18,0.30,2,-1,-1
16,-1,396,328,45,47,0.91,2,-1,-1
16,-1,360,144,15,14,0.75,2,-1,-1
16,-1,368,121,14,18,0.24,2,-1,-1
17,-1,392,308,42,44,0.90,2,-1,-1
17,-1,360,142,16,15,0.73,2,-1,-1
18,-1,388,298,42,40,0.91,2,-1,-1
18,-1,360,141,15,14,0.75,2,-1,-1
19,-1,387,283,37,38,0.90,2,-1,-1
19,-1,360,140,15,15,0.79,2,-1,-1
20,-1,385,274,34,36,0.90,2,-1,-1
20,-1,359,139,15,14,0.79,2,-1,-1
21,-1,383,263,33,34,0.88,2,-1,-1
21,-1,358,138,14,14,0.74,2,-1,-1
22,-1,382,256,32,33,0.89,2,-1,-1
22,-1,358,138,14,14,0.73,2,-1,-1
23,-1,380,246,30,30,0.88,2,-1,-1
23,-1,358,138,14,13,0.65,2,-1,-1
24,-1,379,240,28,30,0.88,2,-1,-1
24,-1,358,136,13,13,0.62,2,-1,-1
25,-1,377,231,28,28,0.89,2,-1,-1
25,-1,359,136,12,12,0.50,2,-1,-1
26,-1,376,226,26,27,0.89,2,-1,-1
26,-1,358,136,12,12,0.42,2,-1,-1
27,-1,375,219,26,26,0.88,2,-1,-1
27,-1,358,136,12,12,0.45,2,-1,-1
28,-1,374,215,25,26,0.87,2,-1,-1
28,-1,358,134,12,12,0.46,2,-1,-1
29,-1,372,209,24,25,0.90,2,-1,-1
29,-1,358,134,11,12,0.38,2,-1,-1
30,-1,372,204,25,26,0.87,2,-1,-1
30,-1,358,133,11,11,0.20,2,-1,-1
31,-1,370,198,25,26,0.85,2,-1,-1
32,-1,370,195,24,26,0.86,2,-1,-1
33,-1,368,192,24,24,0.85,2,-1,-1
34,-1,368,189,23,24,0.86,2,-1,-1
35,-1,368,185,23,23,0.86,2,-1,-1
36,-1,367,182,22,22,0.85,2,-1,-1
37,-1,366,179,21,22,0.86,2,-1,-1
38,-1,366,177,21,22,0.86,2,-1,-1
39,-1,366,175,19,20,0.86,2,-1,-1
40,-1,365,172,19,20,0.87,2,-1,-1
41,-1,364,170,19,20,0.87,2,-1,-1
41,-1,328,122,12,17,0.17,7,-1,-1
42,-1,364,168,18,18,0.87,2,-1,-1
42,-1,328,122,12,17,0.11,7,-1,-1
43,-1,362,166,19,19,0.86,2,-1,-1
43,-1,328,122,12,17,0.11,7,-1,-1
44,-1,363,165,18,18,0.85,2,-1,-1
44,-1,312,123,11,17,0.12,7,-1,-1
45,-1,362,162,18,18,0.86,2,-1,-1
45,-1,310,120,12,20,0.54,7,-1,-1
46,-1,362,160,17,18,0.87,2,-1,-1
46,-1,310,118,13,22,0.66,7,-1,-1
47,-1,428,416,69,78,0.92,2,-1,-1
47,-1,362,159,17,17,0.86,2,-1,-1
47,-1,309,117,14,24,0.74,7,-1,-1
48,-1,424,395,65,72,0.92,2,-1,-1
48,-1,361,157,18,17,0.84,2,-1,-1
48,-1,309,117,14,25,0.74,7,-1,-1
49,-1,417,366,58,64,0.92,2,-1,-1
49,-1,360,155,18,17,0.84,2,-1,-1
49,-1,308,116,14,26,0.71,7,-1,-1
49,-1,330,125,10,12,0.34,2,-1,-1
50,-1,413,348,54,60,0.91,2,-1,-1
50,-1,360,154,18,17,0.85,2,-1,-1
50,-1,310,118,13,26,0.77,7,-1,-1
50,-1,330,125,10,11,0.56,2,-1,-1
51,-1,408,326,51,56,0.91,2,-1,-1
51,-1,360,152,17,17,0.84,2,-1,-1
51,-1,308,117,15,26,0.76,7,-1,-1
51,-1,330,126,10,11,0.48,2,-1,-1
52,-1,406,313,48,53,0.92,2,-1,-1
52,-1,360,152,16,16,0.82,2,-1,-1
52,-1,308,118,15,26,0.80,7,-1,-1
52,-1,330,126,10,12,0.41,2,-1,-1
53,-1,402,297,46,48,0.91,2,-1,-1
53,-1,360,150,16,16,0.82,2,-1,-1
53,-1,308,119,16,26,0.81,7,-1,-1
53,-1,330,126,10,12,0.47,2,-1,-1
54,-1,400,286,44,46,0.90,2,-1,-1
54,-1,360,149,16,15,0.83,2,-1,-1
54,-1,308,117,16,28,0.82,7,-1,-1
54,-1,330,126,11,12,0.52,2,-1,-1
55,-1,396,273,40,44,0.90,2,-1,-1
55,-1,359,147,15,14,0.84,2,-1,-1
55,-1,308,117,15,28,0.81,7,-1,-1
55,-1,329,127,11,11,0.51,2,-1,-1
56,-1,394,265,38,41,0.89,2,-1,-1
56,-1,359,147,15,14,0.84,2,-1,-1
56,-1,308,117,15,29,0.79,7,-1,-1
56,-1,329,127,11,11,0.52,2,-1,-1
57,-1,392,256,36,37,0.90,2,-1,-1
57,-1,359,146,15,14,0.82,2,-1,-1
57,-1,308,118,15,28,0.70,7,-1,-1
57,-1,329,128,11,12,0.40,2,-1,-1
58,-1,391,249,35,36,0.89,2,-1,-1
58,-1,359,144,14,14,0.80,2,-1,-1
58,-1,308,118,15,29,0.70,7,-1,-1
58,-1,329,128,11,12,0.40,2,-1,-1
59,-1,388,240,34,34,0.90,2,-1,-1
59,-1,359,144,13,14,0.80,2,-1,-1
59,-1,306,124,15,24,0.61,7,-1,-1
59,-1,329,128,11,11,0.47,2,-1,-1
60,-1,386,234,32,34,0.89,2,-1,-1
60,-1,359,143,13,14,0.78,2,-1,-1
60,-1,306,127,15,23,0.61,7,-1,-1
60,-1,328,130,11,12,0.57,2,-1,-1
61,-1,384,226,31,32,0.89,2,-1,-1
61,-1,359,142,13,13,0.80,2,-1,-1
61,-1,328,130,11,12,0.70,2,-1,-1
61,-1,305,128,15,22,0.56,7,-1,-1
62,-1,384,221,30,31,0.89,2,-1,-1
62,-1,359,141,12,12,0.80,2,-1,-1
62,-1,328,131,10,11,0.73,2,-1,-1
62,-1,305,128,15,22,0.57,7,-1,-1
63,-1,382,215,29,29,0.89,2,-1,-1
63,-1,358,140,12,13,0.76,2,-1,-1
63,-1,328,132,11,11,0.76,2,-1,-1
63,-1,304,129,15,24,0.65,7,-1,-1
64,-1,381,211,28,29,0.88,2,-1,-1
64,-1,328,132,11,11,0.80,2,-1,-1
64,-1,358,139,12,13,0.78,2,-1,-1
64,-1,304,130,14,22,0.58,7,-1,-1
65,-1,380,206,26,27,0.88,2,-1,-1
65,-1,303,130,15,24,0.81,7,-1,-1
65,-1,328,133,11,11,0.79,2,-1,-1
65,-1,358,138,12,12,0.65,2,-1,-1
66,-1,379,203,26,26,0.89,2,-1,-1
66,-1,328,134,11,11,0.80,2,-1,-1
66,-1,303,130,15,24,0.78,7,-1,-1
66,-1,358,137,12,12,0.60,2,-1,-1
67,-1,378,197,26,26,0.87,2,-1,-1
67,-1,302,130,17,25,0.82,7,-1,-1
67,-1,327,134,11,12,0.80,2,-1,-1
67,-1,358,136,12,12,0.58,2,-1,-1
68,-1,377,194,25,26,0.88,2,-1,-1
68,-1,302,130,16,26,0.85,7,-1,-1
68,-1,326,135,11,11,0.80,2,-1,-1
68,-1,358,136,12,12,0.57,2,-1,-1
69,-1,376,190,24,24,0.86,2,-1,-1
69,-1,300,130,18,26,0.85,7,-1,-1
69,-1,326,135,12,12,0.80,2,-1,-1
69,-1,357,134,12,12,0.56,2,-1,-1
70,-1,375,188,24,24,0.86,2,-1,-1
70,-1,300,130,18,27,0.86,7,-1,-1
70,-1,326,136,12,12,0.77,2,-1,-1
70,-1,358,134,12,12,0.58,2,-1,-1
71,-1,299,131,18,27,0.86,7,-1,-1
71,-1,374,184,24,24,0.86,2,-1,-1
71,-1,326,136,12,12,0.79,2,-1,-1
71,-1,358,134,12,12,0.37,2,-1,-1
72,-1,298,131,18,28,0.86,7,-1,-1
72,-1,374,181,24,24,0.86,2,-1,-1
72,-1,325,137,12,12,0.80,2,-1,-1
72,-1,356,133,12,12,0.31,2,-1,-1
73,-1,372,178,22,23,0.89,2,-1,-1
73,-1,296,131,20,28,0.87,7,-1,-1
73,-1,324,138,13,12,0.81,2,-1,-1
73,-1,358,134,11,12,0.21,2,-1,-1
74,-1,372,176,22,22,0.86,2,-1,-1
74,-1,296,132,20,28,0.86,7,-1,-1
74,-1,324,139,13,13,0.82,2,-1,-1
74,-1,358,133,11,12,0.13,2,-1,-1
75,-1,372,174,21,21,0.87,2,-1,-1
75,-1,295,132,20,30,0.87,7,-1,-1
75,-1,324,139,13,14,0.82,2,-1,-1
75,-1,357,131,11,11,0.25,2,-1,-1
76,-1,371,171,21,22,0.87,2,-1,-1
76,-1,294,133,20,30,0.86,7,-1,-1
76,-1,324,141,13,13,0.81,2,-1,-1
76,-1,357,131,11,11,0.22,2,-1,-1
77,-1,294,134,20,30,0.86,7,-1,-1
77,-1,370,168,21,22,0.84,2,-1,-1
77,-1,323,142,14,13,0.81,2,-1,-1
77,-1,357,131,11,11,0.19,2,-1,-1
78,-1,294,135,20,30,0.86,7,-1,-1
78,-1,368,166,21,22,0.85,2,-1,-1
78,-1,322,142,14,14,0.80,2,-1,-1
79,-1,368,164,20,20,0.87,2,-1,-1
79,-1,292,136,21,30,0.87,7,-1,-1
79,-1,321,143,14,14,0.78,2,-1,-1
80,-1,292,136,20,31,0.87,7,-1,-1
80,-1,368,162,20,20,0.86,2,-1,-1
80,-1,320,144,15,14,0.80,2,-1,-1
81,-1,291,136,22,32,0.86,7,-1,-1
81,-1,368,160,19,20,0.85,2,-1,-1
81,-1,320,146,14,14,0.83,2,-1,-1
81,-1,315,117,12,19,0.15,7,-1,-1
82,-1,290,136,22,34,0.86,7,-1,-1
82,-1,367,159,19,20,0.86,2,-1,-1
82,-1,320,146,15,14,0.83,2,-1,-1
82,-1,315,117,12,18,0.22,7,-1,-1
83,-1,289,137,23,34,0.87,7,-1,-1
83,-1,366,157,19,19,0.86,2,-1,-1
83,-1,319,148,14,14,0.84,2,-1,-1
83,-1,314,117,13,17,0.22,7,-1,-1
84,-1,288,137,24,35,0.87,7,-1,-1
84,-1,366,156,19,19,0.86,2,-1,-1
84,-1,319,149,14,14,0.84,2,-1,-1
84,-1,315,116,12,16,0.21,7,-1,-1
85,-1,287,138,23,36,0.88,7,-1,-1
85,-1,318,150,15,15,0.86,2,-1,-1
85,-1,366,154,19,19,0.85,2,-1,-1
86,-1,285,138,24,37,0.90,7,-1,-1
86,-1,364,153,19,18,0.87,2,-1,-1
86,-1,318,151,15,15,0.85,2,-1,-1
87,-1,284,140,25,38,0.89,7,-1,-1
87,-1,365,152,18,18,0.87,2,-1,-1
87,-1,316,153,16,16,0.85,2,-1,-1
88,-1,283,141,25,37,0.89,7,-1,-1
88,-1,316,154,16,16,0.86,2,-1,-1
88,-1,364,151,18,18,0.86,2,-1,-1
88,-1,316,116,11,13,0.10,7,-1,-1
89,-1,282,142,25,38,0.89,7,-1,-1
89,-1,365,149,16,17,0.85,2,-1,-1
89,-1,315,156,16,16,0.84,2,-1,-1
90,-1,281,142,25,39,0.88,7,-1,-1
90,-1,365,149,15,16,0.85,2,-1,-1
90,-1,314,157,17,16,0.84,2,-1,-1
91,-1,279,144,26,40,0.88,7,-1,-1
91,-1,364,146,16,16,0.86,2,-1,-1
91,-1,313,158,17,16,0.84,2,-1,-1
92,-1,278,144,26,41,0.88,7,-1,-1
92,-1,364,146,16,16,0.86,2,-1,-1
92,-1,313,160,17,16,0.84,2,-1,-1
93,-1,276,144,27,43,0.89,7,-1,-1
93,-1,311,162,18,18,0.85,2,-1,-1
93,-1,364,145,16,16,0.85,2,-1,-1
94,-1,275,145,28,43,0.89,7,-1,-1
94,-1,311,162,18,18,0.85,2,-1,-1
94,-1,363,144,16,16,0.83,2,-1,-1
95,-1,273,146,28,45,0.89,7,-1,-1
95,-1,310,166,18,18,0.84,2,-1,-1
95,-1,362,143,16,16,0.81,2,-1,-1
95,-1,316,117,11,13,0.22,7,-1,-1
96,-1,272,147,29,46,0.89,7,-1,-1
96,-1,308,168,19,18,0.86,2,-1,-1
96,-1,362,142,16,15,0.81,2,-1,-1
96,-1,316,117,11,13,0.23,7,-1,-1
97,-1,270,148,30,47,0.89,7,-1,-1
97,-1,307,170,19,18,0.85,2,-1,-1
97,-1,361,140,16,16,0.83,2,-1,-1
98,-1,269,150,30,48,0.89,7,-1,-1
98,-1,306,172,19,18,0.85,2,-1,-1
98,-1,361,140,16,16,0.81,2,-1,-1
99,-1,266,151,31,49,0.89,7,-1,-1
99,-1,306,174,19,20,0.85,2,-1,-1
99,-1,360,139,15,15,0.77,2,-1,-1
100,-1,265,153,32,49,0.90,7,-1,-1
100,-1,305,175,20,20,0.85,2,-1,-1
100,-1,360,138,16,15,0.78,2,-1,-1
100,-1,317,117,11,12,0.30,2,-1,-1
101,-1,263,155,33,50,0.90,7,-1,-1
101,-1,303,178,20,20,0.87,2,-1,-1
101,-1,361,138,14,14,0.76,2,-1,-1
101,-1,317,118,10,11,0.33,2,-1,-1
102,-1,262,156,34,51,0.90,7,-1,-1
102,-1,302,180,21,21,0.87,2,-1,-1
102,-1,360,136,14,14,0.74,2,-1,-1
102,-1,316,118,11,12,0.30,2,-1,-1
103,-1,259,157,35,54,0.90,7,-1,-1
103,-1,302,184,20,21,0.86,2,-1,-1
103,-1,360,136,14,14,0.68,2,-1,-1
103,-1,316,118,11,11,0.41,2,-1,-1
104,-1,257,158,36,54,0.90,7,-1,-1
104,-1,300,186,21,22,0.88,2,-1,-1
104,-1,359,135,14,14,0.66,2,-1,-1
104,-1,317,118,11,11,0.39,2,-1,-1
105,-1,254,160,37,56,0.91,7,-1,-1
105,-1,298,190,22,23,0.86,2,-1,-1
105,-1,359,134,14,13,0.70,2,-1,-1
105,-1,317,118,11,11,0.35,2,-1,-1
106,-1,253,160,38,59,0.92,7,-1,-1
106,-1,297,192,23,24,0.85,2,-1,-1
106,-1,359,134,14,12,0.58,2,-1,-1
106,-1,317,118,11,11,0.29,2,-1,-1
107,-1,250,162,40,61,0.91,7,-1,-1
107,-1,295,196,23,25,0.86,2,-1,-1
107,-1,359,134,14,13,0.61,2,-1,-1
107,-1,316,118,11,12,0.16,7,-1,-1
108,-1,471,289,158,220,0.92,7,-1,-1
108,-1,248,164,40,62,0.91,7,-1,-1
108,-1,294,199,24,26,0.86,2,-1,-1
108,-1,360,133,13,12,0.62,2,-1,-1
108,-1,316,118,11,12,0.16,7,-1,-1
109,-1,464,280,148,200,0.93,7,-1,-1
109,-1,244,167,41,63,0.92,7,-1,-1
109,-1,292,203,24,27,0.89,2,-1,-1
109,-1,359,132,13,13,0.37,2,-1,-1
109,-1,316,119,11,12,0.19,7,-1,-1
110,-1,460,272,139,191,0.94,7,-1,-1
110,-1,242,168,41,65,0.92,7,-1,-1
110,-1,290,207,26,28,0.88,2,-1,-1
110,-1,359,132,12,12,0.21,2,-1,-1
110,-1,316,119,11,12,0.19,7,-1,-1
111,-1,455,262,128,175,0.94,7,-1,-1
111,-1,239,171,43,68,0.91,7,-1,-1
111,-1,416,462,66,70,0.90,2,-1,-1
111,-1,288,212,26,29,0.88,2,-1,-1
111,-1,359,131,12,12,0.64,2,-1,-1
111,-1,317,120,10,11,0.17,2,-1,-1
112,-1,452,258,120,165,0.93,7,-1,-1
112,-1,237,172,44,71,0.93,7,-1,-1
112,-1,412,436,61,66,0.91,2,-1,-1
112,-1,286,217,27,29,0.87,2,-1,-1
112,-1,358,131,12,12,0.55,2,-1,-1
112,-1,316,120,12,12,0.20,2,-1,-1
113,-1,447,251,113,152,0.93,7,-1,-1
113,-1,406,403,53,59,0.92,2,-1,-1
113,-1,233,174,46,74,0.91,7,-1,-1
113,-1,283,223,28,30,0.87,2,-1,-1
113,-1,316,120,11,11,0.39,2,-1,-1
113,-1,358,130,12,12,0.39,2,-1,-1
114,-1,444,246,109,146,0.94,7,-1,-1
114,-1,403,384,51,56,0.92,2,-1,-1
114,-1,230,176,46,76,0.91,7,-1,-1
114,-1,281,228,29,32,0.88,2,-1,-1
114,-1,316,120,12,11,0.39,2,-1,-1
114,-1,358,130,12,12,0.38,2,-1,-1
115,-1,439,238,102,135,0.93,7,-1,-1
115,-1,400,359,46,51,0.92,2,-1,-1
115,-1,224,180,48,79,0.91,7,-1,-1
115,-1,278,234,30,34,0.90,2,-1,-1
115,-1,358,129,12,12,0.40,2,-1,-1
115,-1,315,120,12,12,0.25,2,-1,-1
116,-1,437,235,98,130,0.94,7,-1,-1
116,-1,220,183,52,80,0.92,7,-1,-1
116,-1,396,344,44,49,0.91,2,-1,-1
116,-1,276,241,32,35,0.90,2,-1,-1
116,-1,358,129,12,12,0.36,2,-1,-1
116,-1,315,120,12,12,0.25,2,-1,-1
117,-1,433,230,92,121,0.93,7,-1,-1
117,-1,215,186,54,85,0.92,7,-1,-1
117,-1,393,326,42,45,0.90,2,-1,-1
117,-1,272,248,33,38,0.89,2,-1,-1
117,-1,358,129,12,12,0.35,2,-1,-1
117,-1,315,120,12,12,0.26,2,-1,-1
118,-1,432,225,88,116,0.93,7,-1,-1
118,-1,212,189,55,87,0.92,7,-1,-1
118,-1,391,314,40,43,0.91,2,-1,-1
118,-1,270,256,34,40,0.89,2,-1,-1
118,-1,314,120,12,14,0.28,7,-1,-1
118,-1,358,129,12,11,0.16,2,-1,-1
119,-1,430,222,82,108,0.92,7,-1,-1
119,-1,206,193,58,92,0.92,7,-1,-1
119,-1,389,299,37,40,0.90,2,-1,-1
119,-1,264,266,37,44,0.90,2,-1,-1
119,-1,314,120,12,14,0.26,7,-1,-1
119,-1,358,128,12,11,0.11,2,-1,-1
120,-1,428,217,79,106,0.93,7,-1,-1
120,-1,202,196,60,95,0.93,7,-1,-1
120,-1,261,274,38,46,0.90,2,-1,-1
120,-1,387,290,36,38,0.90,2,-1,-1
120,-1,314,120,12,14,0.31,7,-1,-1
121,-1,194,199,65,102,0.93,7,-1,-1
121,-1,424,213,75,100,0.93,7,-1,-1
121,-1,255,287,41,50,0.90,2,-1,-1
121,-1,385,278,34,36,0.89,2,-1,-1
121,-1,315,122,12,12,0.45,2,-1,-1
122,-1,422,210,73,96,0.92,7,-1,-1
122,-1,188,204,68,105,0.92,7,-1,-1
122,-1,250,296,43,53,0.91,2,-1,-1
122,-1,384,271,33,34,0.88,2,-1,-1
122,-1,315,123,11,11,0.35,2,-1,-1
123,-1,181,209,71,112,0.93,7,-1,-1
123,-1,242,313,48,59,0.93,2,-1,-1
123,-1,421,206,69,92,0.92,7,-1,-1
123,-1,382,260,31,32,0.89,2,-1,-1
123,-1,315,123,11,12,0.34,2,-1,-1
124,-1,174,213,75,116,0.94,7,-1,-1
124,-1,419,204,67,88,0.92,7,-1,-1
124,-1,236,326,50,63,0.92,2,-1,-1
124,-1,381,254,30,31,0.88,2,-1,-1
124,-1,316,123,11,12,0.24,2,-1,-1
125,-1,166,219,79,124,0.93,7,-1,-1
125,-1,225,348,56,71,0.92,2,-1,-1
125,-1,417,200,64,85,0.92,7,-1,-1
125,-1,380,246,28,30,0.88,2,-1,-1
125,-1,316,123,11,11,0.20,2,-1,-1
126,-1,159,223,82,131,0.92,7,-1,-1
126,-1,217,364,58,78,0.92,2,-1,-1
126,-1,415,197,62,82,0.91,7,-1,-1
126,-1,379,240,28,29,0.88,2,-1,-1
126,-1,316,124,11,11,0.24,2,-1,-1
127,-1,149,230,87,141,0.94,7,-1,-1
127,-1,202,394,66,90,0.92,2,-1,-1
127,-1,414,193,59,78,0.91,7,-1,-1
127,-1,378,232,26,28,0.88,2,-1,-1
127,-1,315,124,11,12,0.18,2,-1,-1
128,-1,142,236,91,147,0.94,7,-1,-1
128,-1,192,416,72,99,0.92,2,-1,-1
128,-1,412,191,58,77,0.91,7,-1,-1
128,-1,377,228,26,28,0.88,2,-1,-1
128,-1,314,124,12,12,0.29,2,-1,-1
129,-1,126,244,100,161,0.94,7,-1,-1
129,-1,410,188,56,74,0.91,7,-1,-1
129,-1,376,222,24,26,0.85,2,-1,-1
129,-1,314,124,12,12,0.28,2,-1,-1
130,-1,116,251,105,171,0.94,7,-1,-1
130,-1,409,187,54,72,0.91,7,-1,-1
130,-1,376,218,24,26,0.87,2,-1,-1
130,-1,314,124,12,12,0.21,2,-1,-1
131,-1,97,261,117,187,0.94,7,-1,-1
131,-1,408,183,52,70,0.92,7,-1,-1
131,-1,374,212,23,25,0.86,2,-1,-1
131,-1,314,124,12,12,0.30,2,-1,-1
132,-1,86,268,123,200,0.93,7,-1,-1
132,-1,406,182,50,68,0.92,7,-1,-1
132,-1,374,209,23,24,0.89,2,-1,-1
132,-1,315,124,12,12,0.42,2,-1,-1
133,-1,66,282,133,222,0.92,7,-1,-1
133,-1,405,178,48,66,0.92,7,-1,-1
133,-1,372,204,22,23,0.88,2,-1,-1
133,-1,316,125,11,11,0.41,2,-1,-1
134,-1,404,177,48,65,0.91,7,-1,-1
134,-1,47,290,145,242,0.90,7,-1,-1
134,-1,372,201,22,24,0.88,2,-1,-1
134,-1,315,124,12,12,0.38,2,-1,-1
135,-1,402,175,46,62,0.91,7,-1,-1
135,-1,370,197,22,24,0.87,2,-1,-1
135,-1,315,124,12,12,0.36,2,-1,-1
136,-1,402,174,46,61,0.91,7,-1,-1
136,-1,370,194,22,24,0.87,2,-1,-1
136,-1,316,125,11,12,0.35,2,-1,-1
137,-1,401,172,44,60,0.91,7,-1,-1
137,-1,370,190,22,22,0.85,2,-1,-1
137,-1,316,125,11,12,0.38,2,-1,-1
138,-1,421,445,70,76,0.92,2,-1,-1
138,-1,400,171,44,59,0.91,7,-1,-1
138,-1,368,188,22,22,0.86,2,-1,-1
138,-1,316,125,12,12,0.38,2,-1,-1
139,-1,415,412,63,66,0.92,2,-1,-1
139,-1,398,170,42,57,0.91,7,-1,-1
139,-1,368,184,21,22,0.86,2,-1,-1
139,-1,316,125,11,12,0.43,2,-1,-1
140,-1,412,393,58,60,0.91,2,-1,-1
140,-1,398,168,41,54,0.91,7,-1,-1
140,-1,368,182,20,22,0.86,2,-1,-1
140,-1,314,124,12,13,0.43,2,-1,-1
141,-1,408,368,52,52,0.91,2,-1,-1
141,-1,397,167,40,52,0.91,7,-1,-1
141,-1,367,179,19,20,0.87,2,-1,-1
141,-1,313,124,12,13,0.44,2,-1,-1
142,-1,404,353,50,50,0.92,2,-1,-1
142,-1,396,166,39,52,0.91,7,-1,-1
142,-1,367,177,19,21,0.86,2,-1,-1
142,-1,314,125,12,13,0.30,2,-1,-1
143,-1,401,334,46,45,0.91,2,-1,-1
143,-1,395,164,39,50,0.91,7,-1,-1
143,-1,366,175,18,19,0.87,2,-1,-1
143,-1,313,125,12,13,0.20,2,-1,-1
144,-1,398,322,44,43,0.91,2,-1,-1
144,-1,394,162,38,49,0.90,7,-1,-1
144,-1,366,173,18,19,0.87,2,-1,-1
144,-1,313,125,12,13,0.24,2,-1,-1
145,-1,393,161,37,48,0.90,7,-1,-1
145,-1,394,305,42,40,0.90,2,-1,-1
145,-1,364,170,19,20,0.87,2,-1,-1
145,-1,312,123,13,16,0.30,2,-1,-1
146,-1,393,160,36,48,0.90,7,-1,-1
146,-1,392,296,40,38,0.90,2,-1,-1
146,-1,364,169,19,20,0.87,2,-1,-1
146,-1,312,123,13,16,0.31,2,-1,-1
147,-1,392,158,36,47,0.91,7,-1,-1
147,-1,390,283,36,36,0.90,2,-1,-1
147,-1,363,166,18,19,0.87,2,-1,-1
147,-1,311,120,15,20,0.41,7,-1,-1
148,-1,392,158,34,45,0.90,7,-1,-1
148,-1,388,275,36,35,0.90,2,-1,-1
148,-1,363,165,18,19,0.87,2,-1,-1
148,-1,311,120,15,20,0.39,7,-1,-1
149,-1,392,157,33,44,0.90,7,-1,-1
149,-1,386,264,34,33,0.89,2,-1,-1
149,-1,362,163,17,18,0.86,2,-1,-1
149,-1,311,122,14,19,0.57,7,-1,-1
150,-1,390,156,33,43,0.90,7,-1,-1
150,-1,386,258,32,31,0.89,2,-1,-1
150,-1,362,162,18,18,0.86,2,-1,-1
150,-1,310,121,15,20,0.66,7,-1,-1
151,-1,390,154,32,42,0.90,7,-1,-1
151,-1,384,249,30,30,0.89,2,-1,-1
151,-1,362,160,16,17,0.87,2,-1,-1
151,-1,310,122,15,20,0.70,7,-1,-1
152,-1,389,153,32,42,0.90,7,-1,-1
152,-1,382,243,30,29,0.88,2,-1,-1
152,-1,361,159,17,17,0.86,2,-1,-1
152,-1,310,122,15,20,0.67,7,-1,-1
153,-1,388,152,31,41,0.90,7,-1,-1
153,-1,381,236,27,27,0.88,2,-1,-1
153,-1,360,158,17,17,0.86,2,-1,-1
153,-1,310,122,16,21,0.69,7,-1,-1
154,-1,387,151,32,41,0.89,7,-1,-1
154,-1,380,232,26,26,0.89,2,-1,-1
154,-1,362,156,16,16,0.86,2,-1,-1
154,-1,310,122,15,20,0.68,7,-1,-1
155,-1,378,224,27,26,0.90,2,-1,-1
155,-1,386,150,31,40,0.89,7,-1,-1
155,-1,360,155,16,16,0.86,2,-1,-1
155,-1,309,121,16,21,0.78,7,-1,-1
156,-1,386,149,31,40,0.88,7,-1,-1
156,-1,378,221,26,25,0.88,2,-1,-1
156,-1,361,154,16,16,0.86,2,-1,-1
156,-1,309,121,16,21,0.78,7,-1,-1
157,-1,385,148,30,39,0.89,7,-1,-1
157,-1,376,216,24,24,0.87,2,-1,-1
157,-1,360,152,16,16,0.86,2,-1,-1
157,-1,308,121,16,22,0.82,7,-1,-1
158,-1,384,147,30,38,0.89,7,-1,-1
158,-1,376,212,23,24,0.88,2,-1,-1
158,-1,308,121,16,23,0.85,7,-1,-1
158,-1,360,152,16,16,0.84,2,-1,-1
159,-1,384,146,29,38,0.89,7,-1,-1
159,-1,374,207,23,22,0.87,2,-1,-1
159,-1,308,121,17,23,0.84,7,-1,-1
159,-1,360,151,16,15,0.83,2,-1,-1
160,-1,374,203,22,22,0.90,2,-1,-1
160,-1,384,146,29,36,0.89,7,-1,-1
160,-1,359,149,16,14,0.85,2,-1,-1
160,-1,308,122,17,23,0.85,7,-1,-1
161,-1,383,145,29,36,0.89,7,-1,-1
161,-1,372,198,22,22,0.88,2,-1,-1
161,-1,359,148,16,14,0.85,2,-1,-1
161,-1,308,121,17,24,0.85,7,-1,-1
162,-1,372,196,22,22,0.89,2,-1,-1
162,-1,382,144,29,36,0.88,7,-1,-1
162,-1,359,147,16,15,0.85,2,-1,-1
162,-1,308,122,17,23,0.80,7,-1,-1
163,-1,381,143,29,35,0.88,7,-1,-1
163,-1,371,192,21,21,0.86,2,-1,-1
163,-1,359,146,14,14,0.85,2,-1,-1
163,-1,308,122,17,24,0.81,7,-1,-1
164,-1,370,189,22,22,0.87,2,-1,-1
164,-1,382,142,28,35,0.87,7,-1,-1
164,-1,359,145,14,14,0.85,2,-1,-1
164,-1,308,121,17,24,0.83,7,-1,-1
165,-1,381,141,27,34,0.88,7,-1,-1
165,-1,370,186,21,21,0.86,2,-1,-1
165,-1,306,120,18,26,0.85,7,-1,-1
165,-1,359,144,14,14,0.84,2,-1,-1
166,-1,381,141,26,33,0.88,7,-1,-1
166,-1,368,183,21,21,0.86,2,-1,-1
166,-1,306,120,18,26,0.85,7,-1,-1
166,-1,358,144,14,14,0.82,2,-1,-1
167,-1,380,140,27,33,0.88,7,-1,-1
167,-1,368,180,21,21,0.88,2,-1,-1
167,-1,306,122,18,25,0.85,7,-1,-1
167,-1,358,142,14,14,0.83,2,-1,-1
168,-1,368,178,20,20,0.87,2,-1,-1
168,-1,380,139,26,32,0.87,7,-1,-1
168,-1,306,122,18,26,0.86,7,-1,-1
168,-1,358,142,13,13,0.83,2,-1,-1
169,-1,367,176,18,19,0.87,2,-1,-1
169,-1,306,122,19,26,0.85,7,-1,-1
169,-1,379,139,25,31,0.84,7,-1,-1
169,-1,360,142,12,12,0.80,2,-1,-1
170,-1,367,174,18,19,0.88,2,-1,-1
170,-1,306,122,19,27,0.85,7,-1,-1
170,-1,359,142,12,12,0.80,2,-1,-1
170,-1,378,138,25,30,0.79,7,-1,-1
171,-1,366,172,18,18,0.87,2,-1,-1
171,-1,304,122,20,27,0.85,7,-1,-1
171,-1,379,137,24,30,0.84,7,-1,-1
171,-1,358,141,12,12,0.75,2,-1,-1
172,-1,366,170,18,18,0.86,2,-1,-1
172,-1,304,122,20,28,0.85,7,-1,-1
172,-1,378,136,24,30,0.84,7,-1,-1
172,-1,358,140,12,12,0.45,2,-1,-1
173,-1,365,167,18,18,0.88,2,-1,-1
173,-1,378,136,24,30,0.86,7,-1,-1
173,-1,304,123,20,28,0.84,7,-1,-1
173,-1,360,140,11,11,0.61,2,-1,-1
174,-1,364,166,18,18,0.88,2,-1,-1
174,-1,378,135,23,30,0.87,7,-1,-1
174,-1,304,122,20,28,0.84,7,-1,-1
174,-1,359,138,11,12,0.66,2,-1,-1
175,-1,364,164,17,18,0.88,2,-1,-1
175,-1,377,134,23,30,0.86,7,-1,-1
175,-1,303,123,20,28,0.84,7,-1,-1
175,-1,360,138,11,10,0.30,2,-1,-1
176,-1,364,163,16,16,0.88,2,-1,-1
176,-1,303,123,20,29,0.85,7,-1,-1
176,-1,377,134,22,29,0.85,7,-1,-1
176,-1,360,138,11,11,0.54,2,-1,-1
177,-1,364,161,16,16,0.88,2,-1,-1
177,-1,302,123,21,29,0.86,7,-1,-1
177,-1,377,134,22,29,0.81,7,-1,-1
177,-1,358,137,12,10,0.49,2,-1,-1
178,-1,363,159,16,17,0.87,2,-1,-1
178,-1,302,123,21,30,0.86,7,-1,-1
178,-1,376,133,22,28,0.73,7,-1,-1
178,-1,359,136,11,10,0.29,2,-1,-1
179,-1,362,157,16,17,0.87,2,-1,-1
179,-1,302,123,22,30,0.86,7,-1,-1
179,-1,376,132,22,28,0.81,7,-1,-1
179,-1,359,135,10,10,0.41,2,-1,-1
180,-1,362,156,16,17,0.87,2,-1,-1
180,-1,301,122,22,31,0.87,7,-1,-1
180,-1,376,131,21,28,0.82,7,-1,-1
180,-1,360,135,10,10,0.23,2,-1,-1
181,-1,362,154,17,17,0.86,2,-1,-1
181,-1,301,124,22,30,0.86,7,-1,-1
181,-1,376,130,20,28,0.79,7,-1,-1
181,-1,360,134,10,10,0.50,2,-1,-1
182,-1,301,124,21,30,0.86,7,-1,-1
182,-1,362,153,16,16,0.85,2,-1,-1
182,-1,376,130,20,27,0.72,7,-1,-1
182,-1,360,133,10,10,0.26,2,-1,-1
183,-1,300,125,22,30,0.86,7,-1,-1
183,-1,360,151,16,16,0.83,2,-1,-1
183,-1,376,129,20,27,0.67,7,-1,-1
183,-1,360,133,10,10,0.19,2,-1,-1
184,-1,300,126,22,30,0.85,7,-1,-1
184,-1,360,150,15,16,0.81,2,-1,-1
184,-1,375,130,20,26,0.48,7,-1,-1
185,-1,300,125,22,30,0.85,7,-1,-1
185,-1,360,149,15,15,0.82,2,-1,-1
185,-1,375,130,20,26,0.45,7,-1,-1
186,-1,299,126,22,31,0.84,7,-1,-1
186,-1,360,148,15,15,0.83,2,-1,-1
186,-1,374,129,20,26,0.47,2,-1,-1
187,-1,298,127,21,31,0.84,7,-1,-1
187,-1,360,146,15,15,0.81,2,-1,-1
187,-1,374,128,20,26,0.61,2,-1,-1
188,-1,298,126,22,32,0.84,7,-1,-1
188,-1,360,146,15,15,0.81,2,-1,-1
188,-1,374,128,20,26,0.66,2,-1,-1
189,-1,298,127,22,32,0.84,7,-1,-1
189,-1,359,145,15,15,0.81,2,-1,-1
189,-1,374,128,19,25,0.58,2,-1,-1
190,-1,297,128,22,32,0.84,7,-1,-1
190,-1,359,144,14,14,0.80,2,-1,-1
190,-1,374,128,19,24,0.59,2,-1,-1
191,-1,296,128,23,33,0.84,7,-1,-1
191,-1,359,143,14,14,0.78,2,-1,-1
191,-1,373,127,19,24,0.52,2,-1,-1
192,-1,296,129,23,32,0.85,7,-1,-1
192,-1,359,142,14,14,0.81,2,-1,-1
192,-1,374,127,18,23,0.45,2,-1,-1
193,-1,295,130,23,32,0.86,7,-1,-1
193,-1,359,141,13,14,0.83,2,-1,-1
193,-1,373,127,18,22,0.66,2,-1,-1
193,-1,310,122,14,22,0.22,7,-1,-1
194,-1,295,130,23,32,0.86,7,-1,-1
194,-1,358,141,13,14,0.83,2,-1,-1
194,-1,372,126,18,22,0.61,2,-1,-1
194,-1,310,121,15,23,0.28,7,-1,-1
195,-1,294,131,24,32,0.86,7,-1,-1
195,-1,359,140,12,13,0.82,2,-1,-1
195,-1,372,126,18,22,0.52,2,-1,-1
195,-1,310,121,15,23,0.37,7,-1,-1
196,-1,293,131,24,32,0.87,7,-1,-1
196,-1,358,139,12,14,0.75,2,-1,-1
196,-1,372,126,19,21,0.58,2,-1,-1
196,-1,310,120,15,23,0.46,7,-1,-1
197,-1,292,132,24,34,0.87,7,-1,-1
197,-1,358,138,12,13,0.74,2,-1,-1
197,-1,372,125,18,21,0.57,2,-1,-1
197,-1,310,120,16,23,0.49,7,-1,-1
198,-1,292,132,24,34,0.88,7,-1,-1
198,-1,358,138,12,13,0.72,2,-1,-1
198,-1,371,125,18,21,0.47,2,-1,-1
198,-1,310,120,16,24,0.40,7,-1,-1
199,-1,292,132,25,34,0.87,7,-1,-1
199,-1,358,136,12,13,0.68,2,-1,-1
199,-1,310,121,15,23,0.46,7,-1,-1
199,-1,372,124,18,21,0.45,7,-1,-1
200,-1,291,133,25,34,0.87,7,-1,-1
200,-1,358,135,12,13,0.72,2,-1,-1
200,-1,310,121,15,23,0.54,7,-1,-1
200,-1,372,124,16,20,0.41,2,-1,-1
201,-1,290,133,26,35,0.87,7,-1,-1
201,-1,358,135,12,12,0.71,2,-1,-1
201,-1,310,121,15,24,0.51,7,-1,-1
201,-1,372,123,17,21,0.45,7,-1,-1
202,-1,290,133,26,36,0.88,7,-1,-1
202,-1,358,134,12,13,0.70,2,-1,-1
202,-1,310,122,15,23,0.48,7,-1,-1
202,-1,371,123,17,21,0.47,7,-1,-1
203,-1,289,134,26,36,0.88,7,-1,-1
203,-1,357,133,12,13,0.70,2,-1,-1
203,-1,370,122,17,21,0.40,7,-1,-1
203,-1,310,122,15,24,0.36,7,-1,-1
204,-1,289,134,26,37,0.88,7,-1,-1
204,-1,357,133,12,13,0.70,2,-1,-1
204,-1,309,122,15,24,0.43,7,-1,-1
204,-1,370,122,18,21,0.40,7,-1,-1
205,-1,288,135,27,37,0.87,7,-1,-1
205,-1,357,132,12,13,0.68,2,-1,-1
205,-1,370,121,17,22,0.62,7,-1,-1
205,-1,308,122,15,24,0.54,7,-1,-1
206,-1,288,135,27,38,0.87,7,-1,-1
206,-1,369,121,18,22,0.70,7,-1,-1
206,-1,356,132,11,12,0.54,2,-1,-1
206,-1,308,123,15,24,0.45,7,-1,-1
207,-1,286,135,28,39,0.86,7,-1,-1
207,-1,369,121,17,21,0.58,7,-1,-1
207,-1,356,132,11,12,0.57,2,-1,-1
207,-1,308,123,15,25,0.32,7,-1,-1
208,-1,286,136,27,38,0.86,7,-1,-1
208,-1,369,121,17,21,0.63,7,-1,-1
208,-1,356,131,10,12,0.48,2,-1,-1
208,-1,308,123,15,25,0.40,7,-1,-1
209,-1,286,136,28,40,0.86,7,-1,-1
209,-1,368,121,18,20,0.59,7,-1,-1
209,-1,356,130,10,12,0.38,2,-1,-1
209,-1,308,124,15,24,0.37,7,-1,-1
210,-1,285,136,28,40,0.87,7,-1,-1
210,-1,369,121,17,21,0.64,7,-1,-1
210,-1,307,124,16,24,0.56,7,-1,-1
210,-1,356,129,10,12,0.37,2,-1,-1
211,-1,284,137,29,41,0.87,7,-1,-1
211,-1,368,121,17,20,0.61,7,-1,-1
211,-1,305,124,16,26,0.57,7,-1,-1
211,-1,356,128,10,12,0.39,2,-1,-1
212,-1,284,138,30,41,0.88,7,-1,-1
212,-1,368,120,17,20,0.56,7,-1,-1
212,-1,305,124,16,25,0.53,7,-1,-1
212,-1,356,129,10,12,0.37,2,-1,-1
213,-1,283,138,30,42,0.88,7,-1,-1
213,-1,368,120,17,20,0.58,7,-1,-1
213,-1,304,126,16,25,0.42,7,-1,-1
213,-1,356,128,10,12,0.31,2,-1,-1
214,-1,282,139,30,42,0.88,7,-1,-1
214,-1,303,126,17,26,0.66,7,-1,-1
214,-1,368,120,16,20,0.63,7,-1,-1
214,-1,355,127,10,12,0.28,2,-1,-1
215,-1,282,139,30,43,0.88,7,-1,-1
215,-1,303,126,17,26,0.68,7,-1,-1
215,-1,368,119,16,20,0.64,7,-1,-1
215,-1,355,126,10,12,0.17,2,-1,-1
216,-1,281,140,31,43,0.88,7,-1,-1
216,-1,302,126,17,26,0.77,7,-1,-1
216,-1,368,119,16,19,0.65,7,-1,-1
216,-1,354,126,10,12,0.13,2,-1,-1
217,-1,432,445,67,71,0.91,2,-1,-1
217,-1,279,140,32,44,0.88,7,-1,-1
217,-1,368,119,15,20,0.71,7,-1,-1
217,-1,303,127,16,26,0.63,7,-1,-1
217,-1,356,126,10,11,0.32,2,-1,-1
218,-1,424,410,59,63,0.91,2,-1,-1
218,-1,278,141,33,45,0.87,7,-1,-1
218,-1,302,127,17,27,0.72,7,-1,-1
218,-1,368,119,15,20,0.65,7,-1,-1
218,-1,355,125,10,11,0.21,2,-1,-1
219,-1,417,380,54,55,0.91,2,-1,-1
219,-1,277,142,34,46,0.88,7,-1,-1
219,-1,301,127,18,27,0.75,7,-1,-1
219,-1,368,119,15,20,0.67,7,-1,-1
219,-1,354,126,10,11,0.22,2,-1,-1
220,-1,414,364,50,52,0.91,2,-1,-1
220,-1,276,142,34,46,0.88,7,-1,-1
220,-1,300,127,18,28,0.75,7,-1,-1
220,-1,367,118,15,20,0.67,7,-1,-1
220,-1,354,125,10,11,0.20,2,-1,-1
221,-1,410,348,48,49,0.91,2,-1,-1
221,-1,276,142,34,48,0.88,7,-1,-1
221,-1,300,128,19,28,0.77,7,-1,-1
221,-1,367,118,15,20,0.67,7,-1,-1
221,-1,354,124,10,11,0.20,2,-1,-1
222,-1,405,328,44,45,0.90,2,-1,-1
222,-1,275,143,34,48,0.88,7,-1,-1
222,-1,300,128,19,28,0.79,7,-1,-1
222,-1,367,118,15,19,0.62,7,-1,-1
222,-1,354,124,10,11,0.17,2,-1,-1
223,-1,401,310,41,42,0.90,2,-1,-1
223,-1,274,144,34,49,0.88,7,-1,-1
223,-1,300,128,18,28,0.81,7,-1,-1
223,-1,368,118,14,18,0.57,7,-1,-1
223,-1,354,124,10,10,0.19,2,-1,-1
224,-1,399,300,41,39,0.90,2,-1,-1
224,-1,274,145,35,50,0.88,7,-1,-1
224,-1,300,129,18,28,0.80,7,-1,-1
224,-1,368,118,14,18,0.54,7,-1,-1
224,-1,354,123,10,10,0.19,2,-1,-1
225,-1,395,286,38,37,0.90,2,-1,-1
225,-1,272,146,37,50,0.88,7,-1,-1
225,-1,299,130,18,28,0.80,7,-1,-1
225,-1,367,117,14,18,0.52,7,-1,-1
225,-1,354,123,9,10,0.15,2,-1,-1
226,-1,394,278,35,35,0.89,2,-1,-1
226,-1,272,147,36,51,0.89,7,-1,-1
226,-1,299,130,18,28,0.79,7,-1,-1
226,-1,366,117,14,18,0.49,7,-1,-1
226,-1,353,123,9,10,0.23,2,-1,-1
227,-1,391,266,33,34,0.89,2,-1,-1
227,-1,270,148,37,52,0.89,7,-1,-1
227,-1,298,130,19,29,0.80,7,-1,-1
227,-1,366,117,14,18,0.52,7,-1,-1
227,-1,352,122,10,10,0.12,2,-1,-1
228,-1,390,259,32,33,0.89,2,-1,-1
228,-1,269,148,38,53,0.89,7,-1,-1
228,-1,296,130,21,30,0.81,7,-1,-1
228,-1,366,117,14,18,0.52,7,-1,-1
228,-1,352,122,10,10,0.11,2,-1,-1
229,-1,388,250,32,30,0.89,2,-1,-1
229,-1,267,149,39,54,0.89,7,-1,-1
229,-1,296,131,20,30,0.83,7,-1,-1
229,-1,366,116,13,18,0.76,7,-1,-1
229,-1,352,122,9,10,0.25,2,-1,-1
230,-1,266,150,39,54,0.88,7,-1,-1
230,-1,386,245,29,28,0.88,2,-1,-1
230,-1,296,132,20,30,0.84,7,-1,-1
230,-1,365,115,14,18,0.76,7,-1,-1
230,-1,352,122,9,10,0.12,2,-1,-1
231,-1,266,152,39,56,0.88,7,-1,-1
231,-1,384,236,27,28,0.88,2,-1,-1
231,-1,294,132,21,30,0.84,7,-1,-1
231,-1,366,115,14,18,0.73,7,-1,-1
231,-1,352,120,9,10,0.18,2,-1,-1
232,-1,264,152,40,56,0.88,7,-1,-1
232,-1,384,232,27,26,0.88,2,-1,-1
232,-1,294,132,22,30,0.84,7,-1,-1
232,-1,365,115,13,18,0.72,7,-1,-1
232,-1,352,121,9,10,0.15,2,-1,-1
233,-1,262,154,41,58,0.90,7,-1,-1
233,-1,382,225,26,26,0.88,2,-1,-1
233,-1,293,133,22,30,0.84,7,-1,-1
233,-1,365,115,13,17,0.61,7,-1,-1
234,-1,261,154,41,58,0.90,7,-1,-1
234,-1,381,222,26,26,0.87,2,-1,-1
234,-1,292,133,23,31,0.86,7,-1,-1
234,-1,365,115,13,17,0.61,7,-1,-1
235,-1,260,156,41,60,0.90,7,-1,-1
235,-1,380,216,24,24,0.89,2,-1,-1
235,-1,292,133,23,32,0.86,7,-1,-1
235,-1,364,114,12,16,0.57,7,-1,-1
235,-1,351,120,9,10,0.13,2,-1,-1
236,-1,258,156,42,60,0.91,7,-1,-1
236,-1,380,212,22,24,0.89,2,-1,-1
236,-1,292,134,23,32,0.86,7,-1,-1
236,-1,364,114,12,16,0.65,7,-1,-1
237,-1,256,157,43,63,0.90,7,-1,-1
237,-1,378,207,23,23,0.87,2,-1,-1
237,-1,291,134,23,34,0.87,7,-1,-1
237,-1,364,114,12,16,0.64,7,-1,-1
238,-1,254,158,44,64,0.89,7,-1,-1
238,-1,378,204,22,22,0.88,2,-1,-1
238,-1,290,134,24,34,0.86,7,-1,-1
238,-1,364,114,12,16,0.64,7,-1,-1
239,-1,252,160,44,66,0.91,7,-1,-1
239,-1,376,198,23,23,0.86,2,-1,-1
239,-1,290,135,24,34,0.86,7,-1,-1
239,-1,364,114,12,16,0.54,7,-1,-1
240,-1,252,161,45,66,0.91,7,-1,-1
240,-1,376,196,22,23,0.88,2,-1,-1
240,-1,289,136,25,35,0.87,7,-1,-1
240,-1,363,114,12,16,0.43,7,-1,-1
241,-1,250,163,46,67,0.91,7,-1,-1
241,-1,288,136,26,35,0.87,7,-1,-1
241,-1,375,191,22,22,0.87,2,-1,-1
241,-1,362,114,13,16,0.60,7,-1,-1
242,-1,249,164,46,68,0.91,7,-1,-1
242,-1,374,189,21,21,0.88,2,-1,-1
242,-1,288,137,25,35,0.87,7,-1,-1
242,-1,362,114,13,16,0.51,7,-1,-1
243,-1,246,166,48,70,0.91,7,-1,-1
243,-1,372,186,21,22,0.88,2,-1,-1
243,-1,286,137,26,35,0.86,7,-1,-1
243,-1,362,114,13,16,0.50,7,-1,-1
244,-1,243,166,50,72,0.91,7,-1,-1
244,-1,372,183,21,22,0.87,2,-1,-1
244,-1,286,138,27,36,0.87,7,-1,-1
244,-1,361,113,13,16,0.57,7,-1,-1
245,-1,240,168,52,75,0.90,7,-1,-1
245,-1,371,180,22,22,0.88,2,-1,-1
245,-1,284,138,27,37,0.87,7,-1,-1
245,-1,361,113,13,16,0.54,7,-1,-1
246,-1,239,169,53,76,0.90,7,-1,-1
246,-1,284,139,27,37,0.88,7,-1,-1
246,-1,370,178,21,22,0.87,2,-1,-1
246,-1,360,113,13,16,0.62,7,-1,-1
247,-1,236,171,54,78,0.90,7,-1,-1
247,-1,284,140,27,37,0.88,7,-1,-1
247,-1,370,175,20,20,0.86,2,-1,-1
247,-1,360,113,13,16,0.63,7,-1,-1
248,-1,234,173,54,80,0.90,7,-1,-1
248,-1,283,140,27,38,0.88,7,-1,-1
248,-1,369,174,20,19,0.87,2,-1,-1
248,-1,360,113,12,15,0.58,7,-1,-1
249,-1,231,175,57,82,0.91,7,-1,-1
249,-1,282,141,28,39,0.88,7,-1,-1
249,-1,368,171,20,20,0.88,2,-1,-1
249,-1,360,113,12,15,0.57,7,-1,-1
250,-1,229,176,58,84,0.92,7,-1,-1
250,-1,280,141,29,39,0.89,7,-1,-1
250,-1,368,169,20,20,0.87,2,-1,-1
250,-1,360,113,12,16,0.60,7,-1,-1
251,-1,224,178,62,88,0.91,7,-1,-1
251,-1,279,142,30,39,0.88,7,-1,-1
251,-1,368,168,18,18,0.87,2,-1,-1
251,-1,360,112,12,15,0.72,7,-1,-1
252,-1,222,180,63,89,0.91,7,-1,-1
252,-1,278,142,30,40,0.88,7,-1,-1
252,-1,367,166,18,18,0.87,2,-1,-1
252,-1,360,112,12,15,0.72,7,-1,-1
253,-1,219,182,64,92,0.92,7,-1,-1
253,-1,276,144,30,40,0.89,7,-1,-1
253,-1,367,164,18,18,0.86,2,-1,-1
253,-1,360,113,12,15,0.78,7,-1,-1
254,-1,216,184,66,94,0.93,7,-1,-1
254,-1,276,144,30,41,0.89,7,-1,-1
254,-1,366,162,18,18,0.87,2,-1,-1
254,-1,359,112,12,15,0.74,7,-1,-1
255,-1,211,187,69,98,0.92,7,-1,-1
255,-1,275,145,32,42,0.90,7,-1,-1
255,-1,366,160,18,18,0.86,2,-1,-1
255,-1,359,112,12,15,0.72,7,-1,-1
256,-1,208,189,71,102,0.92,7,-1,-1
256,-1,274,146,32,42,0.90,7,-1,-1
256,-1,366,159,18,18,0.87,2,-1,-1
256,-1,358,112,12,16,0.75,7,-1,-1
257,-1,204,192,74,106,0.93,7,-1,-1
257,-1,272,146,33,44,0.90,7,-1,-1
257,-1,365,157,18,18,0.87,2,-1,-1
257,-1,358,112,12,15,0.72,7,-1,-1
258,-1,200,194,75,108,0.93,7,-1,-1
258,-1,272,147,33,44,0.90,7,-1,-1
258,-1,364,157,17,17,0.87,2,-1,-1
258,-1,358,112,12,15,0.69,7,-1,-1
259,-1,194,198,80,113,0.93,7,-1,-1
259,-1,271,148,33,44,0.90,7,-1,-1
259,-1,364,156,17,16,0.88,2,-1,-1
259,-1,357,112,12,15,0.72,7,-1,-1
260,-1,191,200,81,116,0.92,7,-1,-1
260,-1,270,149,35,45,0.90,7,-1,-1
260,-1,364,154,16,17,0.88,2,-1,-1
260,-1,356,111,12,16,0.73,7,-1,-1
261,-1,184,204,84,122,0.93,7,-1,-1
261,-1,268,149,35,46,0.90,7,-1,-1
261,-1,364,153,16,16,0.87,2,-1,-1
261,-1,356,111,12,15,0.74,7,-1,-1
262,-1,178,206,90,124,0.92,7,-1,-1
262,-1,267,150,35,47,0.89,7,-1,-1
262,-1,363,152,16,16,0.86,2,-1,-1
262,-1,356,111,12,15,0.71,7,-1,-1
263,-1,172,210,94,132,0.92,7,-1,-1
263,-1,266,152,36,48,0.89,7,-1,-1
263,-1,362,151,17,16,0.85,2,-1,-1
263,-1,356,110,12,15,0.63,7,-1,-1
264,-1,169,213,94,136,0.93,7,-1,-1
264,-1,265,152,36,49,0.89,7,-1,-1
264,-1,362,149,16,16,0.86,2,-1,-1
264,-1,355,110,12,15,0.53,7,-1,-1
265,-1,160,218,98,144,0.92,7,-1,-1
265,-1,262,154,37,50,0.90,7,-1,-1
265,-1,360,147,17,16,0.85,2,-1,-1
265,-1,354,110,13,16,0.65,7,-1,-1
266,-1,157,221,100,149,0.93,7,-1,-1
266,-1,261,154,37,50,0.91,7,-1,-1
266,-1,361,147,16,16,0.84,2,-1,-1
266,-1,354,110,12,15,0.52,7,-1,-1
267,-1,148,226,106,158,0.93,7,-1,-1
267,-1,260,155,38,51,0.91,7,-1,-1
267,-1,360,146,16,16,0.85,2,-1,-1
267,-1,354,110,12,15,0.51,7,-1,-1
268,-1,138,229,113,164,0.92,7,-1,-1
268,-1,258,156,40,52,0.91,7,-1,-1
268,-1,360,145,16,15,0.83,2,-1,-1
268,-1,354,110,12,15,0.52,7,-1,-1
269,-1,128,236,120,175,0.92,7,-1,-1
269,-1,256,157,41,54,0.91,7,-1,-1
269,-1,360,144,16,14,0.81,2,-1,-1
269,-1,354,110,12,15,0.50,7,-1,-1
270,-1,121,238,124,185,0.92,7,-1,-1
270,-1,255,158,42,54,0.90,7,-1,-1
270,-1,360,142,15,14,0.81,2,-1,-1
270,-1,353,110,11,14,0.28,7,-1,-1
271,-1,108,244,132,199,0.92,7,-1,-1
271,-1,253,159,42,56,0.90,7,-1,-1
271,-1,360,142,15,14,0.82,2,-1,-1
271,-1,352,110,11,14,0.25,7,-1,-1
272,-1,99,250,138,207,0.92,7,-1,-1
272,-1,252,160,42,57,0.91,7,-1,-1
272,-1,360,141,14,14,0.82,2,-1,-1
272,-1,352,110,11,14,0.25,7,-1,-1
273,-1,250,162,44,58,0.92,7,-1,-1
273,-1,81,257,152,226,0.89,7,-1,-1
273,-1,359,140,14,13,0.82,2,-1,-1
273,-1,352,109,11,14,0.22,7,-1,-1
274,-1,248,163,45,59,0.91,7,-1,-1
274,-1,70,262,157,238,0.89,7,-1,-1
274,-1,359,140,14,13,0.83,2,-1,-1
274,-1,351,109,11,14,0.27,7,-1,-1
275,-1,246,165,47,59,0.92,7,-1,-1
275,-1,54,270,167,259,0.91,7,-1,-1
275,-1,359,140,14,13,0.80,2,-1,-1
276,-1,244,166,47,60,0.92,7,-1,-1
276,-1,359,138,13,13,0.78,2,-1,-1
277,-1,242,167,48,62,0.92,7,-1,-1
277,-1,358,137,14,14,0.75,2,-1,-1
278,-1,240,168,48,63,0.91,7,-1,-1
278,-1,358,137,14,14,0.74,2,-1,-1
279,-1,238,170,50,66,0.93,7,-1,-1
279,-1,358,136,13,13,0.72,2,-1,-1
280,-1,237,171,50,67,0.92,7,-1,-1
280,-1,358,136,13,13,0.72,2,-1,-1
281,-1,234,173,52,69,0.91,7,-1,-1
281,-1,358,135,14,13,0.74,2,-1,-1
282,-1,232,174,53,70,0.92,7,-1,-1
282,-1,358,134,13,13,0.76,2,-1,-1
283,-1,230,176,54,72,0.91,7,-1,-1
283,-1,358,134,13,13,0.76,2,-1,-1
284,-1,227,178,56,74,0.92,7,-1,-1
284,-1,358,134,13,13,0.76,2,-1,-1
285,-1,223,180,58,76,0.91,7,-1,-1
285,-1,358,132,12,12,0.74,2,-1,-1
286,-1,221,182,59,78,0.91,7,-1,-1
286,-1,357,132,13,12,0.74,2,-1,-1
287,-1,218,184,62,80,0.92,7,-1,-1
287,-1,357,132,13,12,0.74,2,-1,-1
288,-1,214,186,63,82,0.93,7,-1,-1
288,-1,358,130,12,12,0.69,2,-1,-1
289,-1,212,189,64,86,0.92,7,-1,-1
289,-1,358,130,11,12,0.73,2,-1,-1
290,-1,208,191,66,87,0.91,7,-1,-1
290,-1,358,130,11,12,0.73,2,-1,-1
291,-1,204,194,68,90,0.92,7,-1,-1
291,-1,358,129,11,12,0.69,2,-1,-1
292,-1,202,196,70,92,0.92,7,-1,-1
292,-1,358,129,11,12,0.69,2,-1,-1
293,-1,197,198,72,97,0.93,7,-1,-1
293,-1,356,129,11,11,0.66,2,-1,-1
294,-1,193,201,74,100,0.92,7,-1,-1
294,-1,357,128,11,12,0.58,2,-1,-1
295,-1,188,205,76,103,0.93,7,-1,-1
295,-1,358,128,10,11,0.54,2,-1,-1
296,-1,184,208,79,105,0.94,7,-1,-1
296,-1,357,127,10,11,0.49,2,-1,-1
297,-1,179,211,82,110,0.94,7,-1,-1
297,-1,357,127,10,11,0.49,2,-1,-1
298,-1,174,214,85,114,0.94,7,-1,-1
298,-1,357,127,10,11,0.52,2,-1,-1
299,-1,167,218,89,118,0.93,7,-1,-1
299,-1,356,126,10,11,0.47,2,-1,-1
300,-1,162,222,92,123,0.93,7,-1,-1
300,-1,356,126,10,11,0.47,2,-1,-1
301,-1,155,226,96,130,0.93,7,-1,-1
301,-1,356,125,10,10,0.19,2,-1,-1
302,-1,149,230,100,135,0.94,7,-1,-1
302,-1,328,129,10,11,0.12,2,-1,-1
303,-1,140,235,106,142,0.93,7,-1,-1
304,-1,133,238,110,148,0.94,7,-1,-1
305,-1,126,242,115,154,0.93,7,-1,-1
305,-1,328,129,10,12,0.21,2,-1,-1
306,-1,120,247,118,160,0.93,7,-1,-1
306,-1,328,130,10,12,0.20,2,-1,-1
307,-1,110,254,124,170,0.93,7,-1,-1
307,-1,328,130,10,13,0.20,2,-1,-1
308,-1,102,258,130,180,0.94,7,-1,-1
308,-1,328,129,11,14,0.47,2,-1,-1
309,-1,88,266,138,192,0.93,7,-1,-1
309,-1,327,130,12,14,0.15,2,-1,-1
310,-1,78,271,146,202,0.92,7,-1,-1
310,-1,327,130,12,15,0.67,2,-1,-1
311,-1,62,280,160,218,0.91,7,-1,-1
311,-1,327,131,12,14,0.63,2,-1,-1
312,-1,53,287,163,229,0.91,7,-1,-1
312,-1,326,132,12,14,0.67,2,-1,-1
313,-1,326,131,13,14,0.73,2,-1,-1
313,-1,352,121,9,9,0.10,2,-1,-1
314,-1,326,131,13,14,0.73,2,-1,-1
314,-1,352,121,9,9,0.11,2,-1,-1
315,-1,325,129,15,20,0.45,2,-1,-1
316,-1,325,129,15,19,0.54,2,-1,-1
317,-1,325,129,15,19,0.54,2,-1,-1
318,-1,324,128,15,22,0.75,7,-1,-1
319,-1,325,128,15,21,0.74,7,-1,-1
320,-1,325,128,15,21,0.66,7,-1,-1
321,-1,324,129,16,23,0.71,7,-1,-1
322,-1,324,129,15,24,0.72,7,-1,-1
323,-1,323,128,17,26,0.76,7,-1,-1
324,-1,323,127,17,26,0.77,7,-1,-1
325,-1,322,126,18,28,0.81,7,-1,-1
326,-1,322,126,18,28,0.81,7,-1,-1
327,-1,322,126,18,30,0.73,7,-1,-1
328,-1,322,127,18,30,0.68,7,-1,-1
329,-1,321,125,18,33,0.65,7,-1,-1
330,-1,320,130,19,30,0.65,7,-1,-1
331,-1,319,131,20,30,0.84,7,-1,-1
332,-1,318,132,20,30,0.84,7,-1,-1
333,-1,318,133,20,29,0.84,7,-1,-1
334,-1,318,134,20,30,0.84,7,-1,-1
335,-1,318,136,20,29,0.84,7,-1,-1
336,-1,318,137,20,29,0.83,7,-1,-1
337,-1,317,137,22,31,0.85,7,-1,-1
337,-1,308,124,14,20,0.39,7,-1,-1
338,-1,316,137,22,32,0.85,7,-1,-1
338,-1,308,125,14,20,0.26,7,-1,-1
339,-1,316,136,23,34,0.86,7,-1,-1
340,-1,316,137,23,34,0.87,7,-1,-1
341,-1,314,138,24,34,0.87,7,-1,-1
342,-1,314,140,23,33,0.87,7,-1,-1
343,-1,313,141,24,34,0.85,7,-1,-1
344,-1,312,143,23,34,0.85,7,-1,-1
345,-1,312,143,24,36,0.86,7,-1,-1
346,-1,312,144,24,36,0.87,7,-1,-1
347,-1,310,146,25,37,0.87,7,-1,-1
347,-1,303,134,13,18,0.12,2,-1,-1
348,-1,308,146,26,38,0.88,7,-1,-1
349,-1,307,147,28,39,0.89,7,-1,-1
349,-1,303,131,16,20,0.22,7,-1,-1
350,-1,306,148,28,39,0.89,7,-1,-1
350,-1,303,133,15,19,0.18,2,-1,-1
351,-1,306,150,28,41,0.89,7,-1,-1
351,-1,302,135,14,18,0.30,2,-1,-1
352,-1,305,150,29,42,0.88,7,-1,-1
352,-1,302,134,16,20,0.17,7,-1,-1
353,-1,304,151,29,44,0.87,7,-1,-1
353,-1,324,145,12,12,0.11,2,-1,-1
354,-1,304,152,30,44,0.89,7,-1,-1
355,-1,302,154,30,45,0.89,7,-1,-1
355,-1,300,136,16,19,0.45,2,-1,-1
355,-1,322,146,12,12,0.29,2,-1,-1
356,-1,302,155,31,46,0.88,7,-1,-1
356,-1,300,137,16,20,0.37,2,-1,-1
357,-1,300,157,32,48,0.88,7,-1,-1
357,-1,299,138,17,21,0.37,7,-1,-1
358,-1,298,158,33,49,0.88,7,-1,-1
358,-1,298,136,18,22,0.60,7,-1,-1
359,-1,297,162,34,49,0.89,7,-1,-1
359,-1,297,137,19,22,0.60,7,-1,-1
360,-1,296,163,34,50,0.89,7,-1,-1
360,-1,296,138,19,24,0.55,7,-1,-1
361,-1,294,164,35,53,0.90,7,-1,-1
361,-1,296,138,20,25,0.62,7,-1,-1
362,-1,292,166,36,54,0.90,7,-1,-1
362,-1,296,138,19,25,0.56,7,-1,-1
363,-1,416,448,66,76,0.91,2,-1,-1
363,-1,290,169,37,55,0.90,7,-1,-1
363,-1,296,140,19,25,0.57,7,-1,-1
364,-1,412,425,61,69,0.94,2,-1,-1
364,-1,289,170,38,57,0.91,7,-1,-1
364,-1,296,140,19,23,0.60,7,-1,-1
364,-1,319,155,14,12,0.29,2,-1,-1
365,-1,407,396,55,59,0.92,2,-1,-1
365,-1,287,173,38,58,0.89,7,-1,-1
365,-1,294,141,20,23,0.65,7,-1,-1
365,-1,318,155,15,13,0.51,2,-1,-1
366,-1,286,176,39,59,0.91,7,-1,-1
366,-1,404,378,52,55,0.91,2,-1,-1
366,-1,317,156,15,14,0.76,2,-1,-1
366,-1,294,140,20,24,0.73,7,-1,-1
367,-1,400,354,47,50,0.91,2,-1,-1
367,-1,282,178,42,62,0.91,7,-1,-1
367,-1,293,141,21,24,0.79,7,-1,-1
367,-1,317,158,15,12,0.75,2,-1,-1
368,-1,280,181,43,64,0.91,7,-1,-1
368,-1,398,341,44,46,0.91,2,-1,-1
368,-1,292,142,21,23,0.79,7,-1,-1
368,-1,316,158,16,13,0.78,2,-1,-1
369,-1,278,185,45,67,0.92,7,-1,-1
369,-1,395,322,42,44,0.91,2,-1,-1
369,-1,316,160,16,14,0.81,2,-1,-1
369,-1,291,144,22,23,0.77,7,-1,-1
370,-1,275,187,47,69,0.91,7,-1,-1
370,-1,393,312,40,41,0.90,2,-1,-1
370,-1,314,162,16,13,0.83,2,-1,-1
370,-1,290,143,21,24,0.78,7,-1,-1
371,-1,272,191,48,72,0.91,7,-1,-1
371,-1,390,297,38,38,0.90,2,-1,-1
371,-1,314,164,16,13,0.83,2,-1,-1
371,-1,290,145,22,24,0.81,7,-1,-1
372,-1,428,443,74,84,0.92,2,-1,-1
372,-1,270,193,50,76,0.90,7,-1,-1
372,-1,388,288,36,36,0.89,2,-1,-1
372,-1,289,145,22,24,0.82,7,-1,-1
372,-1,314,165,15,13,0.82,2,-1,-1
373,-1,422,410,65,74,0.92,2,-1,-1
373,-1,266,196,52,81,0.91,7,-1,-1
373,-1,386,276,34,34,0.90,2,-1,-1
373,-1,312,167,16,14,0.84,2,-1,-1
373,-1,288,144,23,26,0.83,7,-1,-1
374,-1,417,392,62,67,0.92,2,-1,-1
374,-1,264,200,52,82,0.92,7,-1,-1
374,-1,386,269,32,32,0.88,2,-1,-1
374,-1,311,168,17,14,0.85,2,-1,-1
374,-1,288,145,22,26,0.84,7,-1,-1
375,-1,259,206,54,86,0.92,7,-1,-1
375,-1,412,368,56,60,0.92,2,-1,-1
375,-1,384,259,32,31,0.89,2,-1,-1
375,-1,310,170,18,14,0.85,2,-1,-1
375,-1,287,145,23,28,0.82,7,-1,-1
375,-1,299,192,20,16,0.54,2,-1,-1
376,-1,408,352,54,57,0.91,2,-1,-1
376,-1,256,210,56,89,0.91,7,-1,-1
376,-1,383,252,30,30,0.89,2,-1,-1
376,-1,309,172,18,14,0.83,2,-1,-1
376,-1,286,145,24,28,0.81,7,-1,-1
376,-1,299,193,19,16,0.69,2,-1,-1
377,-1,251,218,59,94,0.92,7,-1,-1
377,-1,405,330,48,53,0.92,2,-1,-1
377,-1,382,244,28,28,0.88,2,-1,-1
377,-1,296,197,21,16,0.82,2,-1,-1
377,-1,286,145,24,30,0.82,7,-1,-1
377,-1,308,173,19,16,0.82,2,-1,-1
378,-1,248,222,61,97,0.92,7,-1,-1
378,-1,402,319,46,50,0.90,2,-1,-1
378,-1,380,240,27,27,0.89,2,-1,-1
378,-1,294,196,21,19,0.86,2,-1,-1
378,-1,308,176,18,15,0.83,2,-1,-1
378,-1,285,147,24,29,0.81,7,-1,-1
379,-1,241,227,64,106,0.92,7,-1,-1
379,-1,379,232,26,26,0.90,2,-1,-1
379,-1,399,302,45,48,0.90,2,-1,-1
379,-1,305,178,19,16,0.84,2,-1,-1
379,-1,293,202,21,18,0.82,2,-1,-1
379,-1,284,142,25,36,0.81,7,-1,-1
380,-1,236,232,67,112,0.92,7,-1,-1
380,-1,398,294,44,44,0.89,2,-1,-1
380,-1,378,227,26,26,0.89,2,-1,-1
380,-1,304,178,19,16,0.84,2,-1,-1
380,-1,292,204,22,18,0.82,2,-1,-1
380,-1,282,143,26,35,0.78,7,-1,-1
381,-1,229,240,72,121,0.93,7,-1,-1
381,-1,395,281,40,41,0.89,2,-1,-1
381,-1,378,222,25,24,0.87,2,-1,-1
381,-1,302,183,19,16,0.84,2,-1,-1
381,-1,290,209,22,18,0.83,2,-1,-1
381,-1,282,146,26,34,0.75,7,-1,-1
382,-1,225,246,74,128,0.93,7,-1,-1
382,-1,393,272,37,40,0.89,2,-1,-1
382,-1,376,218,24,24,0.88,2,-1,-1
382,-1,302,185,19,16,0.85,2,-1,-1
382,-1,288,209,23,22,0.83,2,-1,-1
382,-1,281,151,26,30,0.76,7,-1,-1
383,-1,215,256,81,140,0.93,7,-1,-1
383,-1,391,262,35,39,0.89,2,-1,-1
383,-1,376,212,23,24,0.88,2,-1,-1
383,-1,300,188,19,16,0.84,2,-1,-1
383,-1,287,212,24,24,0.84,2,-1,-1
383,-1,279,148,27,34,0.74,7,-1,-1
384,-1,210,262,85,150,0.93,7,-1,-1
384,-1,390,256,34,37,0.88,2,-1,-1
384,-1,375,209,23,23,0.88,2,-1,-1
384,-1,298,190,20,16,0.82,2,-1,-1
384,-1,284,211,26,28,0.82,2,-1,-1
384,-1,278,155,27,29,0.68,7,-1,-1
385,-1,197,275,92,164,0.94,7,-1,-1
385,-1,387,249,34,33,0.89,2,-1,-1
385,-1,374,204,22,22,0.88,2,-1,-1
385,-1,282,219,26,26,0.86,2,-1,-1
385,-1,297,192,21,17,0.85,2,-1,-1
385,-1,276,140,30,46,0.80,7,-1,-1
386,-1,189,284,98,176,0.92,7,-1,-1
386,-1,374,201,21,22,0.90,2,-1,-1
386,-1,386,242,32,32,0.89,2,-1,-1
386,-1,280,225,27,24,0.85,2,-1,-1
386,-1,296,196,21,17,0.84,2,-1,-1
386,-1,276,145,30,42,0.74,7,-1,-1
387,-1,175,300,108,197,0.93,7,-1,-1
387,-1,372,197,21,22,0.88,2,-1,-1
387,-1,385,234,30,32,0.88,2,-1,-1
387,-1,294,198,22,19,0.86,2,-1,-1
387,-1,278,229,27,26,0.82,2,-1,-1
387,-1,274,140,32,50,0.59,7,-1,-1
387,-1,276,162,28,27,0.36,7,-1,-1
388,-1,163,313,116,213,0.92,7,-1,-1
388,-1,372,194,21,21,0.89,2,-1,-1
388,-1,384,230,30,31,0.89,2,-1,-1
388,-1,292,202,22,18,0.85,2,-1,-1
388,-1,274,229,29,32,0.84,2,-1,-1
388,-1,274,141,32,50,0.82,7,-1,-1
389,-1,384,224,28,29,0.88,2,-1,-1
389,-1,371,191,21,20,0.86,2,-1,-1
389,-1,272,237,29,30,0.84,2,-1,-1
389,-1,289,206,23,18,0.84,2,-1,-1
389,-1,272,141,33,51,0.84,7,-1,-1
390,-1,371,188,20,20,0.88,2,-1,-1
390,-1,383,222,27,27,0.87,2,-1,-1
390,-1,288,209,23,18,0.85,2,-1,-1
390,-1,272,142,33,51,0.83,7,-1,-1
390,-1,270,246,30,28,0.77,2,-1,-1
391,-1,382,215,25,27,0.87,2,-1,-1
391,-1,370,184,20,21,0.86,2,-1,-1
391,-1,267,248,30,33,0.86,2,-1,-1
391,-1,286,212,24,20,0.84,2,-1,-1
391,-1,270,143,34,52,0.83,7,-1,-1
392,-1,382,211,25,27,0.88,2,-1,-1
392,-1,369,182,20,20,0.87,2,-1,-1
392,-1,269,145,34,52,0.86,7,-1,-1
392,-1,264,252,33,36,0.85,2,-1,-1
392,-1,284,213,25,24,0.83,2,-1,-1
393,-1,381,206,22,26,0.88,2,-1,-1
393,-1,368,179,19,19,0.88,2,-1,-1
393,-1,260,259,33,39,0.87,2,-1,-1
393,-1,267,146,35,53,0.87,7,-1,-1
393,-1,281,221,26,22,0.83,2,-1,-1
394,-1,380,203,24,26,0.89,2,-1,-1
394,-1,256,264,35,40,0.88,2,-1,-1
394,-1,368,178,19,19,0.88,2,-1,-1
394,-1,266,147,36,54,0.86,7,-1,-1
394,-1,280,221,26,25,0.84,2,-1,-1
395,-1,264,148,36,55,0.90,7,-1,-1
395,-1,254,274,34,42,0.88,2,-1,-1
395,-1,380,199,22,25,0.87,2,-1,-1
395,-1,368,175,18,18,0.87,2,-1,-1
395,-1,276,226,28,28,0.86,2,-1,-1
395,-1,329,120,9,10,0.13,2,-1,-1
396,-1,263,149,36,56,0.89,7,-1,-1
396,-1,249,282,38,43,0.89,2,-1,-1
396,-1,380,195,22,26,0.88,2,-1,-1
396,-1,367,172,19,19,0.87,2,-1,-1
396,-1,274,231,29,28,0.87,2,-1,-1
397,-1,243,292,41,47,0.90,2,-1,-1
397,-1,261,151,37,56,0.88,7,-1,-1
397,-1,380,193,23,22,0.88,2,-1,-1
397,-1,271,234,30,32,0.87,2,-1,-1
397,-1,367,170,18,18,0.86,2,-1,-1
398,-1,260,151,38,58,0.89,7,-1,-1
398,-1,239,298,42,51,0.89,2,-1,-1
398,-1,380,191,22,22,0.86,2,-1,-1
398,-1,367,168,18,19,0.86,2,-1,-1
398,-1,268,236,31,35,0.83,2,-1,-1
399,-1,257,152,39,60,0.90,7,-1,-1
399,-1,232,314,45,52,0.90,2,-1,-1
399,-1,380,187,22,23,0.87,2,-1,-1
399,-1,366,165,18,19,0.87,2,-1,-1
399,-1,266,246,32,34,0.82,2,-1,-1
399,-1,328,121,10,12,0.33,2,-1,-1
400,-1,521,400,112,133,0.93,7,-1,-1
400,-1,228,322,46,56,0.91,2,-1,-1
400,-1,256,153,40,61,0.89,7,-1,-1
400,-1,262,251,34,36,0.87,2,-1,-1
400,-1,366,165,17,18,0.87,2,-1,-1
400,-1,378,184,22,24,0.85,2,-1,-1
400,-1,328,121,10,11,0.28,2,-1,-1
401,-1,506,375,104,116,0.91,7,-1,-1
401,-1,416,432,70,78,0.91,2,-1,-1
401,-1,220,340,50,59,0.90,2,-1,-1
401,-1,253,155,41,62,0.90,7,-1,-1
401,-1,259,260,35,38,0.88,2,-1,-1
401,-1,364,162,18,18,0.87,2,-1,-1
401,-1,379,181,22,25,0.84,2,-1,-1
401,-1,328,121,10,12,0.26,2,-1,-1
402,-1,498,359,98,108,0.92,7,-1,-1
402,-1,412,407,65,72,0.91,2,-1,-1
402,-1,215,352,52,64,0.91,2,-1,-1
402,-1,252,156,42,63,0.90,7,-1,-1
402,-1,255,265,37,40,0.89,2,-1,-1
402,-1,364,161,19,18,0.86,2,-1,-1
402,-1,379,179,21,23,0.86,2,-1,-1
402,-1,329,122,10,11,0.22,2,-1,-1
403,-1,487,340,88,96,0.92,7,-1,-1
403,-1,204,373,58,71,0.91,2,-1,-1
403,-1,408,376,58,64,0.91,2,-1,-1
403,-1,250,156,44,66,0.90,7,-1,-1
403,-1,251,276,38,41,0.88,2,-1,-1
403,-1,364,160,18,17,0.88,2,-1,-1
403,-1,379,176,20,22,0.85,2,-1,-1
403,-1,328,122,10,12,0.18,2,-1,-1
404,-1,196,390,61,75,0.92,2,-1,-1
404,-1,480,327,84,91,0.91,7,-1,-1
404,-1,404,356,54,61,0.90,2,-1,-1
404,-1,248,157,45,67,0.89,7,-1,-1
404,-1,246,286,40,41,0.88,2,-1,-1
404,-1,363,159,18,16,0.86,2,-1,-1
404,-1,379,175,20,20,0.85,2,-1,-1
404,-1,328,122,10,12,0.27,2,-1,-1
405,-1,472,311,78,83,0.92,7,-1,-1
405,-1,184,416,69,84,0.92,2,-1,-1
405,-1,245,158,46,69,0.91,7,-1,-1
405,-1,400,332,50,56,0.90,2,-1,-1
405,-1,240,295,44,47,0.89,2,-1,-1
405,-1,363,157,18,16,0.83,2,-1,-1
405,-1,379,173,20,22,0.77,2,-1,-1
405,-1,328,122,11,13,0.58,2,-1,-1
406,-1,175,436,72,90,0.92,2,-1,-1
406,-1,468,300,73,80,0.91,7,-1,-1
406,-1,243,160,46,72,0.90,7,-1,-1
406,-1,397,318,47,53,0.90,2,-1,-1
406,-1,238,304,44,50,0.89,2,-1,-1
406,-1,362,156,18,17,0.84,2,-1,-1
406,-1,379,171,20,21,0.82,2,-1,-1
406,-1,328,123,10,12,0.53,2,-1,-1
407,-1,460,288,68,74,0.91,7,-1,-1
407,-1,394,302,44,48,0.90,2,-1,-1
407,-1,232,320,47,51,0.90,2,-1,-1
407,-1,241,161,48,74,0.89,7,-1,-1
407,-1,362,154,18,16,0.86,2,-1,-1
407,-1,380,169,19,20,0.83,2,-1,-1
407,-1,328,123,11,13,0.32,2,-1,-1
407,-1,370,161,21,17,0.10,2,-1,-1
408,-1,456,280,63,69,0.91,7,-1,-1
408,-1,228,330,48,55,0.91,2,-1,-1
408,-1,392,292,42,46,0.90,2,-1,-1
408,-1,239,162,49,76,0.90,7,-1,-1
408,-1,362,153,18,16,0.84,2,-1,-1
408,-1,380,168,20,20,0.73,2,-1,-1
408,-1,327,124,11,13,0.62,2,-1,-1
409,-1,219,350,52,59,0.91,2,-1,-1
409,-1,237,164,49,78,0.91,7,-1,-1
409,-1,388,278,38,42,0.90,2,-1,-1
409,-1,450,268,60,65,0.89,7,-1,-1
409,-1,361,152,17,16,0.84,2,-1,-1
409,-1,382,165,16,18,0.84,2,-1,-1
409,-1,327,124,12,14,0.46,2,-1,-1
410,-1,212,364,55,63,0.91,2,-1,-1
410,-1,234,164,50,80,0.91,7,-1,-1
410,-1,386,268,37,43,0.89,2,-1,-1
410,-1,447,262,57,62,0.88,7,-1,-1
410,-1,381,163,17,18,0.83,2,-1,-1
410,-1,360,150,17,16,0.82,2,-1,-1
410,-1,327,124,11,14,0.48,2,-1,-1
411,-1,231,167,53,84,0.92,7,-1,-1
411,-1,202,386,61,70,0.92,2,-1,-1
411,-1,384,258,36,40,0.89,2,-1,-1
411,-1,442,252,54,59,0.86,7,-1,-1
411,-1,360,149,17,16,0.83,2,-1,-1
411,-1,380,160,18,19,0.79,2,-1,-1
411,-1,327,124,12,14,0.49,2,-1,-1
412,-1,228,167,54,86,0.92,7,-1,-1
412,-1,194,402,64,78,0.92,2,-1,-1
412,-1,383,252,36,37,0.89,2,-1,-1
412,-1,438,247,52,57,0.86,7,-1,-1
412,-1,380,160,18,18,0.85,2,-1,-1
412,-1,360,148,16,16,0.85,2,-1,-1
412,-1,326,124,12,14,0.41,2,-1,-1
413,-1,180,432,72,87,0.92,2,-1,-1
413,-1,223,169,58,90,0.91,7,-1,-1
413,-1,381,242,32,35,0.89,2,-1,-1
413,-1,360,146,16,16,0.84,2,-1,-1
413,-1,433,239,50,54,0.84,7,-1,-1
413,-1,380,158,17,18,0.83,2,-1,-1
413,-1,326,126,12,15,0.54,2,-1,-1
414,-1,221,171,58,92,0.92,7,-1,-1
414,-1,380,237,31,34,0.88,2,-1,-1
414,-1,431,234,48,52,0.87,7,-1,-1
414,-1,360,146,16,15,0.83,2,-1,-1
414,-1,381,158,16,17,0.81,2,-1,-1
414,-1,326,126,12,15,0.54,2,-1,-1
415,-1,217,174,62,94,0.92,7,-1,-1
415,-1,378,229,30,33,0.88,2,-1,-1
415,-1,380,157,17,16,0.82,2,-1,-1
415,-1,428,226,45,50,0.81,7,-1,-1
415,-1,360,144,15,15,0.81,2,-1,-1
415,-1,326,126,12,14,0.68,2,-1,-1
416,-1,214,176,63,97,0.93,7,-1,-1
416,-1,378,224,29,32,0.89,2,-1,-1
416,-1,425,223,44,48,0.83,7,-1,-1
416,-1,379,155,18,17,0.82,2,-1,-1
416,-1,360,144,16,15,0.80,2,-1,-1
416,-1,326,126,12,15,0.63,2,-1,-1
417,-1,209,179,65,101,0.92,7,-1,-1
417,-1,377,218,28,30,0.88,2,-1,-1
417,-1,378,153,17,18,0.84,2,-1,-1
417,-1,360,142,15,15,0.80,2,-1,-1
417,-1,422,217,42,46,0.78,7,-1,-1
417,-1,326,127,12,15,0.75,2,-1,-1
418,-1,206,181,67,104,0.92,7,-1,-1
418,-1,376,214,26,28,0.87,2,-1,-1
418,-1,360,142,14,14,0.82,2,-1,-1
418,-1,378,152,17,17,0.82,2,-1,-1
418,-1,326,127,12,14,0.75,2,-1,-1
418,-1,420,214,41,44,0.73,2,-1,-1
419,-1,201,184,70,109,0.92,7,-1,-1
419,-1,374,208,26,28,0.87,2,-1,-1
419,-1,360,141,14,14,0.82,2,-1,-1
419,-1,326,127,12,16,0.76,2,-1,-1
419,-1,378,152,16,15,0.72,2,-1,-1
419,-1,418,208,39,44,0.64,2,-1,-1
420,-1,196,186,73,112,0.92,7,-1,-1
420,-1,373,204,27,28,0.87,2,-1,-1
420,-1,360,141,15,14,0.83,2,-1,-1
420,-1,326,128,12,14,0.78,2,-1,-1
420,-1,378,151,16,15,0.71,2,-1,-1
420,-1,416,205,38,42,0.66,7,-1,-1
421,-1,192,189,75,118,0.92,7,-1,-1
421,-1,372,199,26,28,0.89,2,-1,-1
421,-1,360,140,14,13,0.79,2,-1,-1
421,-1,326,129,12,14,0.79,2,-1,-1
421,-1,312,120,12,20,0.67,7,-1,-1
421,-1,414,200,36,41,0.66,7,-1,-1
422,-1,188,191,78,122,0.93,7,-1,-1
422,-1,372,196,24,26,0.88,2,-1,-1
422,-1,360,139,13,13,0.76,2,-1,-1
422,-1,326,129,12,16,0.75,2,-1,-1
422,-1,311,120,13,20,0.74,7,-1,-1
422,-1,412,197,36,41,0.67,7,-1,-1
422,-1,380,150,14,13,0.22,2,-1,-1
423,-1,179,194,83,129,0.93,7,-1,-1
423,-1,370,192,25,26,0.86,2,-1,-1
423,-1,325,131,12,14,0.81,2,-1,-1
423,-1,310,120,13,20,0.76,7,-1,-1
423,-1,360,138,13,13,0.74,2,-1,-1
423,-1,409,193,35,39,0.64,2,-1,-1
423,-1,378,149,14,13,0.12,2,-1,-1
424,-1,176,196,84,132,0.93,7,-1,-1
424,-1,370,190,26,25,0.85,2,-1,-1
424,-1,325,131,12,15,0.81,2,-1,-1
424,-1,310,120,14,21,0.75,7,-1,-1
424,-1,360,138,13,13,0.75,2,-1,-1
424,-1,408,191,35,38,0.53,2,-1,-1
424,-1,378,148,14,13,0.36,2,-1,-1
425,-1,167,201,90,140,0.93,7,-1,-1
425,-1,368,186,23,24,0.86,2,-1,-1
425,-1,324,132,12,14,0.80,2,-1,-1
425,-1,310,120,14,22,0.79,7,-1,-1
425,-1,359,137,13,13,0.71,2,-1,-1
425,-1,406,187,33,38,0.62,7,-1,-1
425,-1,377,148,14,12,0.13,2,-1,-1
426,-1,161,204,94,144,0.92,7,-1,-1
426,-1,368,184,23,23,0.83,2,-1,-1
426,-1,324,133,13,14,0.80,2,-1,-1
426,-1,310,120,14,22,0.77,7,-1,-1
426,-1,359,136,13,13,0.73,2,-1,-1
426,-1,405,185,32,36,0.62,7,-1,-1
426,-1,378,145,12,12,0.15,2,-1,-1
427,-1,154,208,97,154,0.93,7,-1,-1
427,-1,368,180,22,23,0.85,2,-1,-1
427,-1,324,133,14,16,0.79,2,-1,-1
427,-1,310,121,14,22,0.76,7,-1,-1
427,-1,358,135,12,13,0.75,2,-1,-1
427,-1,403,182,32,36,0.49,7,-1,-1
428,-1,148,211,101,162,0.94,7,-1,-1
428,-1,367,178,22,22,0.86,2,-1,-1
428,-1,323,133,14,17,0.78,2,-1,-1
428,-1,402,180,31,34,0.78,2,-1,-1
428,-1,310,121,14,21,0.76,7,-1,-1
428,-1,358,135,12,12,0.73,2,-1,-1
428,-1,374,144,12,11,0.35,2,-1,-1
429,-1,136,216,108,172,0.94,7,-1,-1
429,-1,366,176,21,20,0.85,2,-1,-1
429,-1,400,177,30,33,0.84,2,-1,-1
429,-1,323,135,13,16,0.80,2,-1,-1
429,-1,309,122,14,22,0.78,7,-1,-1
429,-1,358,134,12,12,0.75,2,-1,-1
429,-1,375,143,12,12,0.52,2,-1,-1
430,-1,129,220,113,181,0.93,7,-1,-1
430,-1,366,174,20,20,0.86,2,-1,-1
430,-1,323,136,13,16,0.80,2,-1,-1
430,-1,358,134,12,12,0.74,2,-1,-1
430,-1,309,122,14,22,0.68,7,-1,-1
430,-1,399,175,30,33,0.62,2,-1,-1
430,-1,374,142,12,12,0.45,2,-1,-1
431,-1,117,225,121,196,0.93,7,-1,-1
431,-1,365,172,20,20,0.86,2,-1,-1
431,-1,398,172,29,32,0.84,2,-1,-1
431,-1,322,137,14,16,0.82,2,-1,-1
431,-1,309,122,14,23,0.72,7,-1,-1
431,-1,358,133,12,12,0.69,2,-1,-1
431,-1,374,141,12,12,0.50,2,-1,-1
432,-1,108,229,127,206,0.92,7,-1,-1
432,-1,397,171,28,31,0.86,2,-1,-1
432,-1,365,170,20,20,0.86,2,-1,-1
432,-1,322,137,14,16,0.82,2,-1,-1
432,-1,308,122,14,23,0.80,7,-1,-1
432,-1,358,133,12,13,0.65,2,-1,-1
432,-1,374,141,12,12,0.32,2,-1,-1
433,-1,92,236,136,221,0.92,7,-1,-1
433,-1,395,169,28,30,0.87,2,-1,-1
433,-1,365,167,20,20,0.87,2,-1,-1
433,-1,308,123,14,22,0.81,7,-1,-1
433,-1,322,138,14,17,0.81,2,-1,-1
433,-1,358,132,11,12,0.74,2,-1,-1
433,-1,374,141,11,11,0.55,2,-1,-1
434,-1,83,240,142,236,0.90,7,-1,-1
434,-1,394,167,26,30,0.87,2,-1,-1
434,-1,365,165,19,20,0.86,2,-1,-1
434,-1,321,139,14,17,0.81,2,-1,-1
434,-1,308,123,14,23,0.81,7,-1,-1
434,-1,358,131,11,12,0.69,2,-1,-1
434,-1,374,140,11,10,0.28,2,-1,-1
435,-1,394,165,26,29,0.88,2,-1,-1
435,-1,67,248,152,252,0.88,7,-1,-1
435,-1,364,162,19,20,0.86,2,-1,-1
435,-1,321,141,14,17,0.82,2,-1,-1
435,-1,307,123,15,23,0.79,7,-1,-1
435,-1,358,130,11,12,0.66,2,-1,-1
436,-1,51,252,162,272,0.91,7,-1,-1
436,-1,393,164,25,28,0.88,2,-1,-1
436,-1,364,161,20,20,0.85,2,-1,-1
436,-1,320,142,15,17,0.83,2,-1,-1
436,-1,307,123,14,23,0.76,7,-1,-1
436,-1,358,130,12,12,0.64,2,-1,-1
437,-1,391,162,26,28,0.87,2,-1,-1
437,-1,364,160,18,18,0.86,2,-1,-1
437,-1,320,143,15,17,0.84,2,-1,-1
437,-1,306,124,14,23,0.72,7,-1,-1
437,-1,357,129,12,12,0.52,2,-1,-1
438,-1,390,161,25,28,0.87,2,-1,-1
438,-1,320,144,15,18,0.85,2,-1,-1
438,-1,364,159,18,18,0.84,2,-1,-1
438,-1,306,124,14,23,0.71,7,-1,-1
438,-1,357,129,12,12,0.51,2,-1,-1
439,-1,390,159,24,26,0.87,2,-1,-1
439,-1,319,144,16,18,0.85,2,-1,-1
439,-1,363,158,18,17,0.81,2,-1,-1
439,-1,306,123,14,24,0.67,7,-1,-1
439,-1,357,129,12,12,0.52,2,-1,-1
440,-1,390,158,24,27,0.87,2,-1,-1
440,-1,318,145,16,18,0.85,2,-1,-1
440,-1,364,156,17,17,0.81,2,-1,-1
440,-1,306,124,14,24,0.64,7,-1,-1
440,-1,356,128,11,12,0.45,2,-1,-1
441,-1,388,156,24,25,0.89,2,-1,-1
441,-1,318,146,16,19,0.86,2,-1,-1
441,-1,363,155,17,16,0.84,2,-1,-1
441,-1,305,125,16,24,0.75,7,-1,-1
441,-1,356,127,11,12,0.38,2,-1,-1
442,-1,386,155,24,26,0.88,2,-1,-1
442,-1,318,148,16,19,0.86,2,-1,-1
442,-1,363,153,16,15,0.81,2,-1,-1
442,-1,304,126,16,26,0.75,7,-1,-1
442,-1,356,127,11,12,0.33,2,-1,-1
443,-1,385,154,24,25,0.87,2,-1,-1
443,-1,317,149,16,19,0.85,2,-1,-1
443,-1,362,153,16,14,0.84,2,-1,-1
443,-1,304,126,17,26,0.78,7,-1,-1
443,-1,356,127,11,12,0.34,2,-1,-1
444,-1,385,152,23,24,0.86,2,-1,-1
444,-1,315,150,18,20,0.86,2,-1,-1
444,-1,362,152,16,15,0.79,2,-1,-1
444,-1,303,127,17,26,0.78,7,-1,-1
444,-1,356,126,11,12,0.28,2,-1,-1
445,-1,384,151,23,26,0.85,2,-1,-1
445,-1,315,152,17,20,0.85,2,-1,-1
445,-1,303,128,16,25,0.81,7,-1,-1
445,-1,362,150,15,14,0.60,2,-1,-1
445,-1,356,126,10,12,0.20,2,-1,-1
446,-1,314,152,18,21,0.84,2,-1,-1
446,-1,384,150,22,25,0.84,2,-1,-1
446,-1,302,129,17,25,0.78,7,-1,-1
446,-1,362,150,16,14,0.67,2,-1,-1
446,-1,356,126,10,12,0.17,2,-1,-1
447,-1,383,149,22,24,0.86,2,-1,-1
447,-1,314,154,18,21,0.86,2,-1,-1
447,-1,302,129,17,26,0.79,7,-1,-1
447,-1,362,148,15,14,0.29,2,-1,-1
448,-1,382,147,21,24,0.88,2,-1,-1
448,-1,313,156,18,22,0.86,2,-1,-1
448,-1,301,129,18,26,0.83,7,-1,-1
448,-1,362,146,14,14,0.23,2,-1,-1
449,-1,382,146,21,24,0.88,2,-1,-1
449,-1,300,130,18,26,0.85,7,-1,-1
449,-1,312,158,18,22,0.85,2,-1,-1
450,-1,381,146,20,23,0.88,2,-1,-1
450,-1,300,130,18,26,0.85,7,-1,-1
450,-1,311,158,19,23,0.84,2,-1,-1
451,-1,380,144,20,23,0.87,2,-1,-1
451,-1,310,161,19,24,0.86,2,-1,-1
451,-1,298,131,18,26,0.85,7,-1,-1
452,-1,309,162,20,24,0.88,2,-1,-1
452,-1,298,132,18,28,0.85,7,-1,-1
452,-1,380,144,20,23,0.85,2,-1,-1
452,-1,362,144,12,13,0.15,2,-1,-1
453,-1,297,132,20,28,0.85,7,-1,-1
453,-1,380,143,19,20,0.85,2,-1,-1
453,-1,308,165,20,24,0.85,2,-1,-1
453,-1,363,142,12,12,0.17,2,-1,-1
454,-1,297,133,20,28,0.86,7,-1,-1
454,-1,380,142,19,22,0.84,2,-1,-1
454,-1,307,167,20,24,0.84,2,-1,-1
454,-1,362,141,12,12,0.15,2,-1,-1
455,-1,420,420,76,91,0.92,2,-1,-1
455,-1,296,133,20,28,0.87,7,-1,-1
455,-1,306,168,21,27,0.85,2,-1,-1
455,-1,378,141,19,20,0.84,2,-1,-1
455,-1,362,140,12,12,0.54,2,-1,-1
456,-1,415,396,68,83,0.92,2,-1,-1
456,-1,296,134,20,28,0.88,7,-1,-1
456,-1,305,171,21,27,0.85,2,-1,-1
456,-1,378,141,19,20,0.84,2,-1,-1
456,-1,362,139,12,12,0.51,2,-1,-1
457,-1,409,366,60,74,0.92,2,-1,-1
457,-1,294,134,21,29,0.88,7,-1,-1
457,-1,303,174,22,27,0.87,2,-1,-1
457,-1,376,139,19,20,0.85,2,-1,-1
458,-1,408,348,54,68,0.92,2,-1,-1
458,-1,302,176,22,28,0.88,2,-1,-1
458,-1,294,135,22,30,0.88,7,-1,-1
458,-1,376,138,19,21,0.85,2,-1,-1
459,-1,401,326,50,61,0.92,2,-1,-1
459,-1,301,179,23,28,0.89,2,-1,-1
459,-1,292,136,22,30,0.88,7,-1,-1
459,-1,376,137,18,20,0.83,2,-1,-1
460,-1,398,312,48,58,0.92,2,-1,-1
460,-1,300,181,23,29,0.88,2,-1,-1
460,-1,292,136,22,30,0.88,7,-1,-1
460,-1,376,137,18,20,0.82,2,-1,-1
461,-1,396,296,45,52,0.91,2,-1,-1
461,-1,291,138,22,30,0.88,7,-1,-1
461,-1,298,185,24,31,0.87,2,-1,-1
461,-1,376,136,18,20,0.82,2,-1,-1
462,-1,392,285,44,50,0.91,2,-1,-1
462,-1,296,188,25,31,0.88,2,-1,-1
462,-1,290,138,23,31,0.88,7,-1,-1
462,-1,376,136,18,20,0.83,2,-1,-1
463,-1,390,272,38,46,0.91,2,-1,-1
463,-1,290,138,22,32,0.88,7,-1,-1
463,-1,293,191,26,33,0.87,2,-1,-1
463,-1,376,134,16,20,0.82,2,-1,-1
464,-1,388,263,37,44,0.90,2,-1,-1
464,-1,292,194,27,34,0.89,2,-1,-1
464,-1,290,139,22,32,0.88,7,-1,-1
464,-1,376,134,17,20,0.82,2,-1,-1
465,-1,385,252,36,41,0.90,2,-1,-1
465,-1,288,198,29,36,0.89,2,-1,-1
465,-1,289,140,22,32,0.88,7,-1,-1
465,-1,375,133,16,19,0.82,2,-1,-1
466,-1,287,201,29,38,0.90,2,-1,-1
466,-1,384,246,34,40,0.89,2,-1,-1
466,-1,288,140,23,33,0.88,7,-1,-1
466,-1,375,132,16,18,0.82,2,-1,-1
467,-1,284,207,30,40,0.89,2,-1,-1
467,-1,382,236,31,37,0.89,2,-1,-1
467,-1,287,141,24,34,0.87,7,-1,-1
467,-1,374,132,16,18,0.83,2,-1,-1
468,-1,382,231,30,36,0.90,2,-1,-1
468,-1,282,211,31,41,0.88,2,-1,-1
468,-1,286,142,24,35,0.87,7,-1,-1
468,-1,374,131,16,18,0.83,2,-1,-1
469,-1,278,216,33,45,0.90,2,-1,-1
469,-1,285,143,24,34,0.88,7,-1,-1
469,-1,380,224,29,34,0.88,2,-1,-1
469,-1,374,130,16,18,0.83,2,-1,-1
470,-1,379,219,29,33,0.90,2,-1,-1
470,-1,275,221,34,46,0.90,2,-1,-1
470,-1,284,144,25,34,0.89,7,-1,-1
470,-1,373,130,17,18,0.83,2,-1,-1
471,-1,270,229,37,49,0.90,2,-1,-1
471,-1,378,212,27,32,0.90,2,-1,-1
471,-1,283,145,25,36,0.89,7,-1,-1
471,-1,372,129,17,18,0.83,2,-1,-1
472,-1,268,234,37,52,0.90,2,-1,-1
472,-1,282,146,26,36,0.89,7,-1,-1
472,-1,377,208,25,31,0.88,2,-1,-1
472,-1,372,129,17,18,0.82,2,-1,-1
473,-1,262,243,40,56,0.91,2,-1,-1
473,-1,280,147,27,37,0.89,7,-1,-1
473,-1,376,203,24,29,0.88,2,-1,-1
473,-1,372,128,17,18,0.81,2,-1,-1
474,-1,258,249,42,59,0.91,2,-1,-1
474,-1,280,148,27,38,0.88,7,-1,-1
474,-1,374,199,25,29,0.87,2,-1,-1
474,-1,372,128,16,17,0.79,2,-1,-1
475,-1,251,261,46,62,0.92,2,-1,-1
475,-1,373,194,25,29,0.89,2,-1,-1
475,-1,278,150,28,37,0.88,7,-1,-1
475,-1,372,128,16,16,0.79,2,-1,-1
476,-1,246,268,48,68,0.92,2,-1,-1
476,-1,372,191,24,28,0.89,2,-1,-1
476,-1,277,150,28,38,0.89,7,-1,-1
476,-1,372,128,16,16,0.78,2,-1,-1
477,-1,238,282,54,75,0.91,2,-1,-1
477,-1,372,188,23,26,0.88,2,-1,-1
477,-1,276,152,28,38,0.88,7,-1,-1
477,-1,372,127,16,16,0.78,2,-1,-1
478,-1,231,292,57,80,0.93,2,-1,-1
478,-1,275,153,28,40,0.89,7,-1,-1
478,-1,371,185,22,26,0.88,2,-1,-1
478,-1,371,127,16,16,0.78,2,-1,-1
479,-1,220,309,62,89,0.92,2,-1,-1
479,-1,273,154,30,40,0.89,7,-1,-1
479,-1,370,181,21,25,0.86,2,-1,-1
479,-1,372,127,15,16,0.79,2,-1,-1
480,-1,213,323,65,96,0.92,2,-1,-1
480,-1,272,154,30,42,0.89,7,-1,-1
480,-1,369,179,22,24,0.87,2,-1,-1
480,-1,370,126,15,16,0.77,2,-1,-1
481,-1,201,348,71,108,0.92,2,-1,-1
481,-1,270,156,30,42,0.89,7,-1,-1
481,-1,368,176,21,23,0.87,2,-1,-1
481,-1,370,125,15,16,0.79,2,-1,-1
482,-1,190,366,76,119,0.92,2,-1,-1
482,-1,269,156,31,44,0.89,7,-1,-1
482,-1,368,174,21,23,0.85,2,-1,-1
482,-1,370,125,15,16,0.79,2,-1,-1
483,-1,267,158,32,45,0.89,7,-1,-1
483,-1,368,171,20,23,0.88,2,-1,-1
483,-1,370,124,14,16,0.79,2,-1,-1
484,-1,266,159,33,46,0.89,7,-1,-1
484,-1,368,170,18,22,0.87,2,-1,-1
484,-1,369,124,14,16,0.77,2,-1,-1
485,-1,263,160,34,48,0.90,7,-1,-1
485,-1,367,167,18,22,0.85,2,-1,-1
485,-1,369,123,14,15,0.78,2,-1,-1
486,-1,262,161,36,48,0.90,7,-1,-1
486,-1,367,165,18,21,0.87,2,-1,-1
486,-1,368,123,15,16,0.79,2,-1,-1
487,-1,259,163,37,49,0.90,7,-1,-1
487,-1,366,163,18,20,0.87,2,-1,-1
487,-1,368,122,14,15,0.77,2,-1,-1
488,-1,258,163,38,51,0.90,7,-1,-1
488,-1,366,162,18,20,0.86,2,-1,-1
488,-1,369,122,14,15,0.79,2,-1,-1
489,-1,254,165,40,53,0.90,7,-1,-1
489,-1,366,159,18,19,0.87,2,-1,-1
489,-1,368,122,14,14,0.78,2,-1,-1
490,-1,253,166,40,54,0.91,7,-1,-1
490,-1,366,158,17,20,0.86,2,-1,-1
490,-1,368,121,14,14,0.76,2,-1,-1
491,-1,250,168,41,56,0.91,7,-1,-1
491,-1,365,156,18,20,0.87,2,-1,-1
491,-1,368,121,13,13,0.74,2,-1,-1
491,-1,312,129,10,11,0.26,2,-1,-1
492,-1,248,168,42,58,0.91,7,-1,-1
492,-1,365,155,17,18,0.86,2,-1,-1
492,-1,368,121,13,13,0.75,2,-1,-1
492,-1,312,129,10,12,0.51,2,-1,-1
493,-1,246,172,43,59,0.90,7,-1,-1
493,-1,364,154,17,18,0.87,2,-1,-1
493,-1,368,120,12,12,0.75,2,-1,-1
493,-1,312,129,11,12,0.69,2,-1,-1
494,-1,244,172,44,62,0.90,7,-1,-1
494,-1,363,152,18,18,0.86,2,-1,-1
494,-1,367,120,12,13,0.77,2,-1,-1
494,-1,312,129,11,12,0.73,2,-1,-1
495,-1,241,174,46,64,0.91,7,-1,-1
495,-1,364,151,18,18,0.86,2,-1,-1
495,-1,311,130,12,13,0.79,2,-1,-1
495,-1,367,120,12,12,0.77,2,-1,-1
496,-1,238,176,47,66,0.91,7,-1,-1
496,-1,364,149,17,18,0.85,2,-1,-1
496,-1,312,131,11,12,0.81,2,-1,-1
496,-1,367,119,11,12,0.77,2,-1,-1
497,-1,234,178,50,70,0.91,7,-1,-1
497,-1,363,148,16,17,0.85,2,-1,-1
497,-1,311,132,12,12,0.82,2,-1,-1
497,-1,366,119,12,13,0.77,2,-1,-1
498,-1,232,179,50,72,0.92,7,-1,-1
498,-1,363,147,15,16,0.85,2,-1,-1
498,-1,310,134,11,12,0.82,2,-1,-1
498,-1,366,119,12,13,0.77,2,-1,-1
499,-1,228,183,53,74,0.92,7,-1,-1
499,-1,362,145,15,16,0.82,2,-1,-1
499,-1,310,135,11,11,0.81,2,-1,-1
499,-1,366,118,12,12,0.75,2,-1,-1
500,-1,226,184,54,76,0.92,7,-1,-1
500,-1,308,135,12,12,0.82,2,-1,-1
500,-1,362,145,15,15,0.82,2,-1,-1
500,-1,366,118,12,12,0.75,2,-1,-1
501,-1,221,188,56,80,0.91,7,-1,-1
501,-1,362,144,16,16,0.80,2,-1,-1
501,-1,308,136,12,12,0.79,2,-1,-1
501,-1,365,118,11,12,0.72,2,-1,-1
502,-1,217,190,59,82,0.91,7,-1,-1
502,-1,308,137,12,12,0.81,2,-1,-1
502,-1,362,144,15,15,0.76,2,-1,-1
502,-1,364,118,12,12,0.72,2,-1,-1
503,-1,213,192,60,88,0.92,7,-1,-1
503,-1,307,138,12,12,0.80,2,-1,-1
503,-1,361,142,16,14,0.74,2,-1,-1
503,-1,364,117,12,12,0.71,2,-1,-1
504,-1,208,195,64,90,0.92,7,-1,-1
504,-1,306,138,13,13,0.82,2,-1,-1
504,-1,361,142,15,14,0.75,2,-1,-1
504,-1,363,117,12,13,0.68,2,-1,-1
505,-1,203,200,66,94,0.92,7,-1,-1
505,-1,305,140,13,14,0.82,2,-1,-1
505,-1,361,141,14,13,0.74,2,-1,-1
505,-1,362,116,14,13,0.53,2,-1,-1
506,-1,198,202,70,99,0.92,7,-1,-1
506,-1,305,140,13,13,0.83,2,-1,-1
506,-1,361,141,14,13,0.71,2,-1,-1
506,-1,361,115,13,13,0.50,2,-1,-1
507,-1,191,207,74,103,0.93,7,-1,-1
507,-1,304,142,14,14,0.84,2,-1,-1
507,-1,361,140,14,13,0.69,2,-1,-1
507,-1,361,115,12,13,0.62,2,-1,-1
508,-1,186,210,76,107,0.93,7,-1,-1
508,-1,303,142,14,14,0.83,2,-1,-1
508,-1,361,140,14,12,0.67,2,-1,-1
508,-1,361,115,13,13,0.66,2,-1,-1
509,-1,176,214,82,114,0.93,7,-1,-1
509,-1,302,143,14,14,0.84,2,-1,-1
509,-1,361,115,12,12,0.63,2,-1,-1
509,-1,360,138,13,12,0.51,2,-1,-1
510,-1,172,218,86,120,0.92,7,-1,-1
510,-1,300,146,14,14,0.85,2,-1,-1
510,-1,361,115,12,12,0.63,2,-1,-1
510,-1,360,138,13,12,0.55,2,-1,-1
511,-1,160,223,94,129,0.92,7,-1,-1
511,-1,300,146,14,14,0.86,2,-1,-1
511,-1,360,137,13,12,0.67,2,-1,-1
511,-1,361,115,12,12,0.59,2,-1,-1
512,-1,154,227,96,135,0.93,7,-1,-1
512,-1,299,147,14,14,0.85,2,-1,-1
512,-1,360,136,12,12,0.66,2,-1,-1
512,-1,360,115,11,12,0.61,2,-1,-1
513,-1,142,233,103,146,0.92,7,-1,-1
513,-1,298,149,15,14,0.84,2,-1,-1
513,-1,360,136,12,12,0.58,2,-1,-1
513,-1,360,115,12,12,0.54,2,-1,-1
514,-1,134,238,109,155,0.93,7,-1,-1
514,-1,296,151,16,14,0.83,2,-1,-1
514,-1,359,134,12,12,0.65,2,-1,-1
514,-1,359,114,11,12,0.53,2,-1,-1
515,-1,121,245,117,170,0.92,7,-1,-1
515,-1,295,152,16,14,0.84,2,-1,-1
515,-1,359,134,12,12,0.62,2,-1,-1
515,-1,358,114,11,12,0.39,2,-1,-1
516,-1,112,250,122,180,0.93,7,-1,-1
516,-1,294,154,16,14,0.86,2,-1,-1
516,-1,359,134,12,12,0.63,2,-1,-1
516,-1,358,114,11,12,0.39,2,-1,-1
517,-1,94,259,134,196,0.92,7,-1,-1
517,-1,292,156,17,15,0.86,2,-1,-1
517,-1,359,132,11,12,0.64,2,-1,-1
517,-1,328,122,12,15,0.60,2,-1,-1
517,-1,358,114,10,12,0.47,2,-1,-1
518,-1,80,266,144,214,0.92,7,-1,-1
518,-1,291,157,18,15,0.85,2,-1,-1
518,-1,358,132,12,12,0.66,2,-1,-1
518,-1,358,114,10,12,0.50,2,-1,-1
518,-1,328,122,12,15,0.39,2,-1,-1
519,-1,60,271,158,240,0.88,7,-1,-1
519,-1,290,159,16,14,0.85,2,-1,-1
519,-1,358,132,12,12,0.51,2,-1,-1
519,-1,328,122,12,15,0.37,2,-1,-1
519,-1,358,114,10,12,0.36,2,-1,-1
520,-1,289,160,17,16,0.84,2,-1,-1
520,-1,358,131,12,11,0.48,2,-1,-1
520,-1,357,114,10,12,0.40,2,-1,-1
520,-1,328,123,12,16,0.18,2,-1,-1
521,-1,288,163,17,16,0.85,2,-1,-1
521,-1,357,130,12,12,0.46,2,-1,-1
521,-1,356,114,11,11,0.38,2,-1,-1
521,-1,328,124,12,15,0.35,2,-1,-1
522,-1,287,164,17,16,0.85,2,-1,-1
522,-1,357,129,12,12,0.45,2,-1,-1
522,-1,356,114,11,11,0.37,2,-1,-1
522,-1,328,125,12,15,0.32,2,-1,-1
523,-1,284,164,19,18,0.86,2,-1,-1
523,-1,328,124,12,16,0.49,2,-1,-1
523,-1,356,126,12,13,0.35,2,-1,-1
523,-1,356,114,11,12,0.21,2,-1,-1
524,-1,282,166,19,19,0.86,2,-1,-1
524,-1,328,124,12,16,0.34,2,-1,-1
524,-1,356,127,12,12,0.34,2,-1,-1
524,-1,355,114,10,11,0.16,2,-1,-1
525,-1,281,172,18,16,0.85,2,-1,-1
525,-1,328,126,12,16,0.76,2,-1,-1
525,-1,356,127,11,12,0.35,2,-1,-1
525,-1,354,114,10,10,0.18,2,-1,-1
526,-1,280,174,19,16,0.85,2,-1,-1
526,-1,328,125,13,17,0.79,2,-1,-1
526,-1,357,127,11,12,0.35,2,-1,-1
526,-1,354,114,10,10,0.17,2,-1,-1
527,-1,278,177,20,17,0.86,2,-1,-1
527,-1,326,126,14,18,0.80,2,-1,-1
527,-1,356,126,11,12,0.29,2,-1,-1
528,-1,276,177,20,20,0.85,2,-1,-1
528,-1,326,126,13,18,0.80,2,-1,-1
528,-1,356,126,12,12,0.26,2,-1,-1
529,-1,274,178,22,23,0.85,2,-1,-1
529,-1,326,127,14,20,0.73,2,-1,-1
529,-1,356,126,11,11,0.25,2,-1,-1
530,-1,272,181,22,22,0.84,2,-1,-1
530,-1,325,127,15,20,0.76,2,-1,-1
530,-1,355,125,11,11,0.15,2,-1,-1
531,-1,270,186,22,23,0.86,2,-1,-1
531,-1,324,127,15,20,0.83,2,-1,-1
531,-1,355,126,11,10,0.12,2,-1,-1
532,-1,268,187,23,24,0.89,2,-1,-1
532,-1,324,127,15,22,0.66,2,-1,-1
533,-1,266,192,23,25,0.86,2,-1,-1
533,-1,324,128,15,22,0.62,2,-1,-1
534,-1,264,196,23,26,0.85,2,-1,-1
534,-1,323,128,16,22,0.71,2,-1,-1
535,-1,262,200,25,28,0.87,2,-1,-1
535,-1,323,129,15,22,0.81,2,-1,-1
536,-1,260,204,25,28,0.87,2,-1,-1
536,-1,323,130,16,22,0.83,2,-1,-1
537,-1,257,211,27,29,0.88,2,-1,-1
537,-1,322,131,16,22,0.85,2,-1,-1
538,-1,255,216,28,30,0.87,2,-1,-1
538,-1,322,131,16,24,0.84,2,-1,-1
539,-1,251,222,30,31,0.86,2,-1,-1
539,-1,322,132,16,24,0.84,2,-1,-1
539,-1,346,113,14,18,0.13,7,-1,-1
540,-1,248,227,30,34,0.89,2,-1,-1
540,-1,321,132,16,24,0.80,2,-1,-1
541,-1,244,235,34,37,0.89,2,-1,-1
541,-1,321,135,16,23,0.76,2,-1,-1
542,-1,240,241,36,38,0.88,2,-1,-1
542,-1,320,135,16,24,0.77,2,-1,-1
543,-1,235,252,38,41,0.87,2,-1,-1
543,-1,320,136,16,24,0.80,2,-1,-1
544,-1,231,257,39,46,0.89,2,-1,-1
544,-1,320,137,17,25,0.81,2,-1,-1
545,-1,224,271,42,49,0.88,2,-1,-1
545,-1,319,137,17,26,0.83,2,-1,-1
546,-1,218,282,43,51,0.89,2,-1,-1
546,-1,319,138,17,27,0.80,2,-1,-1
547,-1,209,298,46,57,0.89,2,-1,-1
547,-1,318,138,17,28,0.76,2,-1,-1
548,-1,202,308,50,65,0.90,2,-1,-1
548,-1,318,140,18,28,0.79,2,-1,-1
549,-1,190,330,54,70,0.89,2,-1,-1
549,-1,317,143,18,26,0.80,2,-1,-1
550,-1,181,344,59,80,0.91,2,-1,-1
550,-1,316,146,18,25,0.75,2,-1,-1
551,-1,162,374,68,93,0.92,2,-1,-1
551,-1,316,146,18,26,0.74,2,-1,-1
552,-1,149,398,74,104,0.92,2,-1,-1
552,-1,318,144,14,16,0.68,2,-1,-1
552,-1,314,158,18,17,0.64,2,-1,-1
553,-1,316,145,17,20,0.58,2,-1,-1
553,-1,314,156,18,21,0.56,2,-1,-1
554,-1,316,146,16,18,0.67,2,-1,-1
554,-1,313,162,19,17,0.64,2,-1,-1
554,-1,314,148,17,30,0.20,2,-1,-1
555,-1,312,158,19,23,0.72,2,-1,-1
555,-1,314,147,17,20,0.62,2,-1,-1
556,-1,310,149,20,34,0.76,2,-1,-1
557,-1,310,151,21,35,0.74,2,-1,-1
558,-1,309,163,20,24,0.64,2,-1,-1
558,-1,311,151,18,26,0.56,2,-1,-1
559,-1,312,152,18,20,0.73,2,-1,-1
559,-1,307,169,21,22,0.61,2,-1,-1
560,-1,312,154,18,19,0.76,2,-1,-1
560,-1,306,172,22,21,0.61,2,-1,-1
561,-1,309,156,19,20,0.65,2,-1,-1
561,-1,306,169,22,27,0.60,2,-1,-1
562,-1,308,158,19,20,0.81,2,-1,-1
562,-1,304,180,21,18,0.76,2,-1,-1
563,-1,306,159,20,22,0.79,2,-1,-1
563,-1,303,180,23,21,0.71,2,-1,-1
564,-1,306,161,20,22,0.84,2,-1,-1
564,-1,302,188,22,17,0.62,2,-1,-1
565,-1,305,163,20,23,0.85,2,-1,-1
565,-1,301,190,22,20,0.79,2,-1,-1
566,-1,304,165,20,23,0.85,2,-1,-1
566,-1,300,192,22,20,0.77,2,-1,-1
567,-1,302,167,21,24,0.87,2,-1,-1
567,-1,297,197,24,19,0.80,2,-1,-1
568,-1,300,168,22,26,0.83,2,-1,-1
568,-1,296,196,24,23,0.74,2,-1,-1
569,-1,297,171,22,27,0.80,2,-1,-1
569,-1,295,202,25,22,0.71,2,-1,-1
570,-1,296,174,22,27,0.85,2,-1,-1
570,-1,294,208,25,21,0.70,2,-1,-1
571,-1,293,177,23,28,0.89,2,-1,-1
571,-1,290,213,28,22,0.75,2,-1,-1
572,-1,291,180,24,28,0.87,2,-1,-1
572,-1,289,213,27,26,0.60,2,-1,-1
573,-1,288,183,25,31,0.86,2,-1,-1
573,-1,287,220,28,26,0.66,2,-1,-1
574,-1,285,185,25,32,0.88,2,-1,-1
574,-1,286,224,28,27,0.77,2,-1,-1
575,-1,281,190,27,32,0.88,2,-1,-1
575,-1,281,227,30,32,0.78,2,-1,-1
576,-1,278,193,28,34,0.88,2,-1,-1
576,-1,280,231,30,35,0.78,2,-1,-1
577,-1,273,197,29,36,0.88,2,-1,-1
577,-1,276,238,33,38,0.87,2,-1,-1
578,-1,270,201,30,38,0.89,2,-1,-1
578,-1,273,242,34,39,0.88,2,-1,-1
579,-1,265,207,32,40,0.89,2,-1,-1
579,-1,268,251,36,44,0.87,2,-1,-1
580,-1,261,211,33,42,0.90,2,-1,-1
580,-1,264,258,38,46,0.88,2,-1,-1
581,-1,254,218,36,44,0.90,2,-1,-1
581,-1,260,268,40,48,0.90,2,-1,-1
582,-1,255,276,42,51,0.90,2,-1,-1
582,-1,249,224,37,45,0.89,2,-1,-1
583,-1,248,291,45,54,0.90,2,-1,-1
583,-1,241,232,40,49,0.90,2,-1,-1
584,-1,235,238,42,52,0.91,2,-1,-1
584,-1,243,300,48,59,0.91,2,-1,-1
585,-1,234,316,52,65,0.92,2,-1,-1
585,-1,225,248,46,56,0.90,2,-1,-1
586,-1,228,328,54,70,0.93,2,-1,-1
586,-1,218,256,48,60,0.91,2,-1,-1
587,-1,215,352,61,78,0.92,2,-1,-1
587,-1,206,268,53,68,0.90,2,-1,-1
588,-1,196,277,56,72,0.92,2,-1,-1
588,-1,206,368,65,84,0.92,2,-1,-1
589,-1,180,293,61,79,0.93,2,-1,-1
589,-1,190,399,74,98,0.92,2,-1,-1
590,-1,178,421,79,106,0.93,2,-1,-1
590,-1,168,304,65,88,0.92,2,-1,-1
591,-1,147,326,72,98,0.92,2,-1,-1
592,-1,132,342,76,108,0.93,2,-1,-1
593,-1,103,372,88,122,0.94,2,-1,-1
594,-1,82,396,96,133,0.93,2,-1,-1
595,-1,-1,-1,-1,-1,-1,-1,-1,-1
596,-1,-1,-1,-1,-1,-1,-1,-1,-1
597,-1,-1,-1,-1,-1,-1,-1,-1,-1
598,-1,-1,-1,-1,-1,-1,-1,-1,-1
599,-1,-1,-1,-1,-1,-1,-1,-1,-1
600,-1,-1,-1,-1,-1,-1,-1,-1,-1
601,-1,-1,-1,-1,-1,-1,-1,-1,-1
602,-1,-1,-1,-1,-1,-1,-1,-1,-1
603,-1,-1,-1,-1,-1,-1,-1,-1,-1
604,-1,-1,-1,-1,-1,-1,-1,-1,-1
605,-1,-1,-1,-1,-1,-1,-1,-1,-1
606,-1,-1,-1,-1,-1,-1,-1,-1,-1
607,-1,-1,-1,-1,-1,-1,-1,-1,-1
608,-1,-1,-1,-1,-1,-1,-1,-1,-1
609,-1,-1,-1,-1,-1,-1,-1,-1,-1
610,-1,-1,-1,-1,-1,-1,-1,-1,-1
611,-1,-1,-1,-1,-1,-1,-1,-1,-1
612,-1,-1,-1,-1,-1,-1,-1,-1,-1
613,-1,-1,-1,-1,-1,-1,-1,-1,-1
614,-1,-1,-1,-1,-1,-1,-1,-1,-1
615,-1,-1,-1,-1,-1,-1,-1,-1,-1
616,-1,-1,-1,-1,-1,-1,-1,-1,-1
617,-1,-1,-1,-1,-1,-1,-1,-1,-1
618,-1,-1,-1,-1,-1,-1,-1,-1,-1
619,-1,-1,-1,-1,-1,-1,-1,-1,-1
620,-1,-1,-1,-1,-1,-1,-1,-1,-1
621,-1,-1,-1,-1,-1,-1,-1,-1,-1
622,-1,-1,-1,-1,-1,-1,-1,-1,-1
623,-1,-1,-1,-1,-1,-1,-1,-1,-1
624,-1,-1,-1,-1,-1,-1,-1,-1,-1
625,-1,-1,-1,-1,-1,-1,-1,-1,-1
626,-1,-1,-1,-1,-1,-1,-1,-1,-1
627,-1,-1,-1,-1,-1,-1,-1,-1,-1
628,-1,-1,-1,-1,-1,-1,-1,-1,-1
629,-1,-1,-1,-1,-1,-1,-1,-1,-1
630,-1,-1,-1,-1,-1,-1,-1,-1,-1
631,-1,-1,-1,-1,-1,-1,-1,-1,-1
632,-1,-1,-1,-1,-1,-1,-1,-1,-1
633,-1,-1,-1,-1,-1,-1,-1,-1,-1
634,-1,-1,-1,-1,-1,-1,-1,-1,-1
635,-1,-1,-1,-1,-1,-1,-1,-1,-1
636,-1,-1,-1,-1,-1,-1,-1,-1,-1
637,-1,-1,-1,-1,-1,-1,-1,-1,-1
638,-1,-1,-1,-1,-1,-1,-1,-1,-1
639,-1,-1,-1,-1,-1,-1,-1,-1,-1
640,-1,-1,-1,-1,-1,-1,-1,-1,-1
641,-1,-1,-1,-1,-1,-1,-1,-1,-1
642,-1,-1,-1,-1,-1,-1,-1,-1,-1
643,-1,-1,-1,-1,-1,-1,-1,-1,-1
644,-1,-1,-1,-1,-1,-1,-1,-1,-1
645,-1,-1,-1,-1,-1,-1,-1,-1,-1
646,-1,-1,-1,-1,-1,-1,-1,-1,-1
647,-1,-1,-1,-1,-1,-1,-1,-1,-1
648,-1,-1,-1,-1,-1,-1,-1,-1,-1
649,-1,-1,-1,-1,-1,-1,-1,-1,-1
650,-1,-1,-1,-1,-1,-1,-1,-1,-1
651,-1,-1,-1,-1,-1,-1,-1,-1,-1
652,-1,-1,-1,-1,-1,-1,-1,-1,-1
653,-1,-1,-1,-1,-1,-1,-1,-1,-1
654,-1,-1,-1,-1,-1,-1,-1,-1,-1
655,-1,-1,-1,-1,-1,-1,-1,-1,-1
656,-1,-1,-1,-1,-1,-1,-1,-1,-1
657,-1,521,434,75,74,0.92,2,-1,-1
658,-1,512,414,70,66,0.91,2,-1,-1
659,-1,498,387,63,58,0.91,2,-1,-1
660,-1,491,370,59,54,0.91,2,-1,-1
661,-1,482,348,53,49,0.92,2,-1,-1
662,-1,476,335,50,46,0.92,2,-1,-1
663,-1,467,318,46,42,0.90,2,-1,-1
664,-1,463,307,42,40,0.91,2,-1,-1
665,-1,455,293,40,38,0.90,2,-1,-1
666,-1,450,284,40,36,0.90,2,-1,-1
667,-1,446,273,36,34,0.90,2,-1,-1
668,-1,442,266,35,33,0.90,2,-1,-1
669,-1,436,256,34,30,0.89,2,-1,-1
670,-1,434,250,32,30,0.89,2,-1,-1
671,-1,430,242,30,29,0.89,2,-1,-1
672,-1,428,236,28,28,0.88,2,-1,-1
673,-1,424,230,27,26,0.88,2,-1,-1
674,-1,422,226,26,25,0.88,2,-1,-1
675,-1,419,220,25,24,0.89,2,-1,-1
676,-1,416,216,25,24,0.88,2,-1,-1
676,-1,328,126,11,12,0.19,2,-1,-1
677,-1,415,210,23,23,0.89,2,-1,-1
677,-1,328,126,11,12,0.19,2,-1,-1
678,-1,412,208,23,22,0.88,2,-1,-1
679,-1,410,203,23,22,0.89,2,-1,-1
680,-1,409,200,22,22,0.87,2,-1,-1
680,-1,328,127,12,12,0.16,2,-1,-1
681,-1,407,195,21,21,0.90,2,-1,-1
681,-1,328,127,12,12,0.16,2,-1,-1
682,-1,405,193,21,21,0.89,2,-1,-1
682,-1,327,128,12,12,0.13,2,-1,-1
683,-1,402,190,21,20,0.88,2,-1,-1
683,-1,327,128,12,12,0.21,2,-1,-1
684,-1,401,187,21,20,0.88,2,-1,-1
684,-1,327,129,12,12,0.24,2,-1,-1
685,-1,400,183,19,20,0.88,2,-1,-1
685,-1,328,130,11,12,0.13,2,-1,-1
686,-1,399,182,19,20,0.88,2,-1,-1
686,-1,327,131,11,12,0.44,2,-1,-1
687,-1,397,179,20,20,0.88,2,-1,-1
687,-1,327,131,11,11,0.65,2,-1,-1
688,-1,396,177,19,20,0.88,2,-1,-1
688,-1,327,132,11,12,0.72,2,-1,-1
689,-1,395,174,18,18,0.88,2,-1,-1
689,-1,327,133,11,11,0.78,2,-1,-1
690,-1,394,172,19,18,0.89,2,-1,-1
690,-1,326,133,11,12,0.75,2,-1,-1
691,-1,392,170,19,19,0.88,2,-1,-1
691,-1,326,134,11,12,0.78,2,-1,-1
692,-1,392,168,18,18,0.87,2,-1,-1
692,-1,326,134,11,12,0.77,2,-1,-1
693,-1,390,166,18,18,0.88,2,-1,-1
693,-1,325,135,12,12,0.76,2,-1,-1
694,-1,389,165,18,18,0.88,2,-1,-1
694,-1,325,136,12,12,0.76,2,-1,-1
695,-1,389,163,17,17,0.88,2,-1,-1
695,-1,324,137,12,12,0.77,2,-1,-1
696,-1,388,161,18,18,0.88,2,-1,-1
696,-1,324,137,12,12,0.77,2,-1,-1
697,-1,386,160,18,17,0.87,2,-1,-1
697,-1,323,138,13,14,0.81,2,-1,-1
698,-1,387,159,16,16,0.88,2,-1,-1
698,-1,323,138,13,14,0.82,2,-1,-1
699,-1,385,157,17,16,0.86,2,-1,-1
699,-1,323,140,12,14,0.81,2,-1,-1
700,-1,384,155,17,17,0.87,2,-1,-1
700,-1,323,140,13,13,0.80,2,-1,-1
701,-1,384,154,17,16,0.87,2,-1,-1
701,-1,322,142,14,14,0.81,2,-1,-1
702,-1,384,153,17,16,0.87,2,-1,-1
702,-1,321,143,14,14,0.79,2,-1,-1
703,-1,382,152,16,16,0.87,2,-1,-1
703,-1,320,144,14,15,0.82,2,-1,-1
704,-1,382,151,16,16,0.86,2,-1,-1
704,-1,320,145,14,15,0.83,2,-1,-1
705,-1,382,149,16,16,0.86,2,-1,-1
705,-1,320,146,14,15,0.84,2,-1,-1
706,-1,382,149,16,16,0.86,2,-1,-1
706,-1,320,147,14,14,0.84,2,-1,-1
707,-1,382,148,15,14,0.87,2,-1,-1
707,-1,319,148,14,14,0.84,2,-1,-1
708,-1,381,146,15,15,0.87,2,-1,-1
708,-1,318,150,14,14,0.84,2,-1,-1
709,-1,380,146,14,16,0.85,2,-1,-1
709,-1,318,152,14,14,0.84,2,-1,-1
710,-1,318,153,14,15,0.85,2,-1,-1
710,-1,379,144,15,16,0.83,2,-1,-1
711,-1,316,155,16,15,0.86,2,-1,-1
711,-1,378,143,16,16,0.83,2,-1,-1
712,-1,316,156,15,15,0.85,2,-1,-1
712,-1,377,142,15,15,0.82,2,-1,-1
713,-1,317,158,14,15,0.84,2,-1,-1
713,-1,376,141,15,16,0.82,2,-1,-1
714,-1,314,159,16,16,0.85,2,-1,-1
714,-1,376,140,15,16,0.84,2,-1,-1
715,-1,313,161,17,16,0.85,2,-1,-1
715,-1,376,140,14,14,0.82,2,-1,-1
716,-1,312,162,17,18,0.85,2,-1,-1
716,-1,376,140,14,14,0.82,2,-1,-1
717,-1,311,164,18,18,0.85,2,-1,-1
717,-1,375,139,14,14,0.84,2,-1,-1
718,-1,310,166,18,18,0.86,2,-1,-1
718,-1,375,138,14,14,0.84,2,-1,-1
718,-1,316,120,12,18,0.37,7,-1,-1
719,-1,309,169,18,18,0.86,2,-1,-1
719,-1,374,137,14,14,0.82,2,-1,-1
719,-1,316,120,12,18,0.37,7,-1,-1
720,-1,308,171,18,18,0.85,2,-1,-1
720,-1,374,136,14,14,0.81,2,-1,-1
720,-1,314,120,13,18,0.38,7,-1,-1
721,-1,307,173,19,18,0.86,2,-1,-1
721,-1,374,136,14,14,0.76,2,-1,-1
721,-1,314,122,13,17,0.15,7,-1,-1
722,-1,306,174,19,20,0.86,2,-1,-1
722,-1,374,135,13,14,0.79,2,-1,-1
722,-1,314,122,13,17,0.15,7,-1,-1
723,-1,305,178,20,20,0.86,2,-1,-1
723,-1,373,135,14,14,0.80,2,-1,-1
723,-1,313,122,14,18,0.27,7,-1,-1
724,-1,304,180,20,20,0.86,2,-1,-1
724,-1,372,134,14,14,0.79,2,-1,-1
724,-1,313,122,14,18,0.27,7,-1,-1
725,-1,303,184,20,21,0.85,2,-1,-1
725,-1,372,133,14,13,0.79,2,-1,-1
725,-1,310,121,15,20,0.56,7,-1,-1
726,-1,302,186,21,22,0.87,2,-1,-1
726,-1,372,133,14,13,0.80,2,-1,-1
726,-1,311,122,14,19,0.44,7,-1,-1
727,-1,300,190,21,21,0.88,2,-1,-1
727,-1,370,132,14,14,0.76,2,-1,-1
727,-1,311,122,14,19,0.46,7,-1,-1
728,-1,298,193,22,23,0.87,2,-1,-1
728,-1,370,131,14,14,0.74,2,-1,-1
728,-1,310,122,14,19,0.40,7,-1,-1
729,-1,296,198,23,24,0.86,2,-1,-1
729,-1,370,131,14,13,0.73,2,-1,-1
729,-1,309,123,14,20,0.44,7,-1,-1
730,-1,295,201,24,25,0.87,2,-1,-1
730,-1,370,130,14,14,0.73,2,-1,-1
730,-1,309,123,15,21,0.67,7,-1,-1
731,-1,292,206,25,26,0.87,2,-1,-1
731,-1,308,122,17,23,0.84,7,-1,-1
731,-1,370,129,13,13,0.71,2,-1,-1
732,-1,291,209,25,27,0.89,2,-1,-1
732,-1,308,121,18,24,0.79,7,-1,-1
732,-1,369,129,13,13,0.70,2,-1,-1
733,-1,288,216,26,28,0.88,2,-1,-1
733,-1,308,121,18,25,0.84,7,-1,-1
733,-1,368,128,13,12,0.66,2,-1,-1
734,-1,286,221,27,28,0.88,2,-1,-1
734,-1,308,121,18,25,0.85,7,-1,-1
734,-1,369,128,12,12,0.65,2,-1,-1
735,-1,283,228,28,30,0.88,2,-1,-1
735,-1,307,121,18,26,0.85,7,-1,-1
735,-1,368,128,12,12,0.64,2,-1,-1
736,-1,280,233,29,32,0.89,2,-1,-1
736,-1,307,121,18,26,0.85,7,-1,-1
736,-1,368,128,12,12,0.66,2,-1,-1
737,-1,276,241,31,34,0.90,2,-1,-1
737,-1,306,122,19,27,0.84,7,-1,-1
737,-1,368,127,11,12,0.69,2,-1,-1
738,-1,273,248,32,36,0.89,2,-1,-1
738,-1,306,122,19,27,0.84,7,-1,-1
738,-1,368,127,12,12,0.66,2,-1,-1
739,-1,268,258,35,38,0.90,2,-1,-1
739,-1,306,123,19,27,0.83,7,-1,-1
739,-1,367,126,12,12,0.65,2,-1,-1
740,-1,264,266,36,41,0.91,2,-1,-1
740,-1,304,123,19,28,0.83,7,-1,-1
740,-1,367,126,11,12,0.65,2,-1,-1
741,-1,258,278,39,46,0.90,2,-1,-1
741,-1,304,122,20,30,0.84,7,-1,-1
741,-1,367,125,11,12,0.59,2,-1,-1
742,-1,252,288,42,48,0.91,2,-1,-1
742,-1,304,123,20,29,0.85,7,-1,-1
742,-1,367,125,11,12,0.57,2,-1,-1
743,-1,244,304,45,54,0.91,2,-1,-1
743,-1,302,123,21,30,0.85,7,-1,-1
743,-1,366,125,11,12,0.55,2,-1,-1
744,-1,238,316,48,58,0.90,2,-1,-1
744,-1,302,124,22,30,0.85,7,-1,-1
744,-1,366,125,11,12,0.55,2,-1,-1
745,-1,227,338,52,65,0.93,2,-1,-1
745,-1,302,126,21,29,0.85,7,-1,-1
745,-1,366,124,10,11,0.30,2,-1,-1
746,-1,220,355,56,72,0.93,2,-1,-1
746,-1,301,127,20,28,0.85,7,-1,-1
746,-1,365,123,10,11,0.24,2,-1,-1
747,-1,206,384,62,84,0.92,2,-1,-1
747,-1,300,128,21,28,0.84,7,-1,-1
747,-1,365,123,10,11,0.33,2,-1,-1
748,-1,192,408,70,92,0.93,2,-1,-1
748,-1,300,128,22,30,0.83,7,-1,-1
748,-1,365,123,10,11,0.29,2,-1,-1
749,-1,298,129,21,30,0.80,7,-1,-1
749,-1,310,122,15,23,0.30,7,-1,-1
749,-1,364,123,11,11,0.16,2,-1,-1
750,-1,298,130,21,30,0.82,7,-1,-1
750,-1,310,122,15,23,0.31,7,-1,-1
750,-1,364,122,10,11,0.21,2,-1,-1
751,-1,297,130,22,31,0.83,7,-1,-1
751,-1,363,122,10,10,0.13,2,-1,-1
752,-1,296,129,23,32,0.82,7,-1,-1
752,-1,363,122,10,10,0.13,2,-1,-1
753,-1,295,131,24,32,0.84,7,-1,-1
753,-1,308,123,16,22,0.42,7,-1,-1
753,-1,362,121,10,10,0.14,2,-1,-1
754,-1,295,132,23,31,0.84,7,-1,-1
754,-1,308,122,16,23,0.64,7,-1,-1
754,-1,362,121,10,10,0.14,2,-1,-1
755,-1,293,134,24,32,0.85,7,-1,-1
755,-1,307,124,16,23,0.59,7,-1,-1
755,-1,360,120,10,10,0.26,2,-1,-1
756,-1,292,134,24,32,0.85,7,-1,-1
756,-1,306,124,16,23,0.57,7,-1,-1
756,-1,360,120,10,10,0.27,2,-1,-1
757,-1,292,134,25,34,0.85,7,-1,-1
757,-1,305,126,16,22,0.31,7,-1,-1
757,-1,360,120,9,10,0.12,2,-1,-1
758,-1,292,134,25,34,0.85,7,-1,-1
758,-1,305,126,16,22,0.27,7,-1,-1
759,-1,290,136,26,35,0.84,7,-1,-1
759,-1,305,126,16,23,0.59,7,-1,-1
760,-1,289,136,26,36,0.85,7,-1,-1
760,-1,304,126,16,24,0.69,7,-1,-1
761,-1,288,137,26,36,0.85,7,-1,-1
761,-1,303,128,17,25,0.71,7,-1,-1
762,-1,287,138,26,37,0.85,7,-1,-1
762,-1,303,128,16,24,0.71,7,-1,-1
763,-1,286,139,27,38,0.85,7,-1,-1
763,-1,302,129,16,24,0.73,7,-1,-1
764,-1,285,140,27,38,0.86,7,-1,-1
764,-1,302,130,16,24,0.75,7,-1,-1
765,-1,284,141,28,38,0.87,7,-1,-1
765,-1,300,130,18,24,0.73,7,-1,-1
766,-1,284,141,28,40,0.87,7,-1,-1
766,-1,300,131,17,24,0.72,7,-1,-1
767,-1,281,141,30,42,0.87,7,-1,-1
767,-1,298,133,18,25,0.69,7,-1,-1
768,-1,280,143,31,42,0.85,7,-1,-1
768,-1,298,133,19,26,0.79,7,-1,-1
769,-1,278,144,32,42,0.86,7,-1,-1
769,-1,296,133,20,28,0.82,7,-1,-1
770,-1,276,145,32,43,0.87,7,-1,-1
770,-1,296,133,20,28,0.83,7,-1,-1
771,-1,275,146,33,45,0.87,7,-1,-1
771,-1,294,134,20,28,0.83,7,-1,-1
772,-1,273,148,35,46,0.87,7,-1,-1
772,-1,294,135,20,28,0.84,7,-1,-1
773,-1,272,150,34,46,0.87,7,-1,-1
773,-1,293,136,21,28,0.84,7,-1,-1
774,-1,270,151,34,46,0.88,7,-1,-1
774,-1,292,136,21,29,0.85,7,-1,-1
775,-1,268,153,34,48,0.88,7,-1,-1
775,-1,291,137,22,31,0.85,7,-1,-1
776,-1,266,154,36,49,0.88,7,-1,-1
776,-1,290,138,22,31,0.86,7,-1,-1
777,-1,263,155,36,51,0.89,7,-1,-1
777,-1,290,138,22,32,0.87,7,-1,-1
778,-1,262,156,38,52,0.89,7,-1,-1
778,-1,290,139,22,32,0.87,7,-1,-1
779,-1,259,159,40,54,0.90,7,-1,-1
779,-1,288,140,23,32,0.87,7,-1,-1
780,-1,257,160,40,55,0.90,7,-1,-1
780,-1,287,141,24,34,0.87,7,-1,-1
781,-1,254,162,41,58,0.92,7,-1,-1
781,-1,286,142,24,34,0.87,7,-1,-1
782,-1,252,163,42,59,0.91,7,-1,-1
782,-1,284,144,24,34,0.87,7,-1,-1
783,-1,248,166,43,60,0.91,7,-1,-1
783,-1,284,145,24,34,0.87,7,-1,-1
784,-1,245,168,44,62,0.91,7,-1,-1
784,-1,283,145,25,36,0.88,7,-1,-1
785,-1,243,170,46,63,0.91,7,-1,-1
785,-1,282,146,25,36,0.87,7,-1,-1
786,-1,239,172,48,66,0.90,7,-1,-1
786,-1,280,148,26,38,0.88,7,-1,-1
787,-1,236,175,48,68,0.92,7,-1,-1
787,-1,278,149,27,38,0.88,7,-1,-1
788,-1,232,178,51,70,0.91,7,-1,-1
788,-1,276,150,28,39,0.88,7,-1,-1
789,-1,228,180,52,73,0.92,7,-1,-1
789,-1,275,152,28,39,0.87,7,-1,-1
790,-1,223,184,56,77,0.91,7,-1,-1
790,-1,274,153,29,41,0.89,7,-1,-1
791,-1,220,186,57,79,0.91,7,-1,-1
791,-1,272,153,30,42,0.89,7,-1,-1
792,-1,214,190,59,84,0.92,7,-1,-1
792,-1,270,154,32,44,0.89,7,-1,-1
793,-1,209,193,62,87,0.92,7,-1,-1
793,-1,268,154,32,46,0.89,7,-1,-1
794,-1,200,198,68,92,0.92,7,-1,-1
794,-1,266,157,33,46,0.90,7,-1,-1
795,-1,196,200,69,98,0.93,7,-1,-1
795,-1,264,157,36,48,0.89,7,-1,-1
796,-1,188,206,74,104,0.93,7,-1,-1
796,-1,262,159,36,50,0.90,7,-1,-1
797,-1,182,209,78,108,0.93,7,-1,-1
797,-1,260,161,37,50,0.90,7,-1,-1
798,-1,172,215,83,116,0.93,7,-1,-1
798,-1,256,163,39,52,0.90,7,-1,-1
799,-1,164,220,88,123,0.93,7,-1,-1
799,-1,254,165,40,54,0.91,7,-1,-1
800,-1,152,226,95,134,0.93,7,-1,-1
800,-1,252,166,41,56,0.90,7,-1,-1
801,-1,142,231,101,142,0.93,7,-1,-1
801,-1,249,168,43,58,0.90,7,-1,-1
802,-1,127,240,110,155,0.92,7,-1,-1
802,-1,246,171,44,59,0.90,7,-1,-1
803,-1,117,245,116,165,0.93,7,-1,-1
803,-1,243,172,45,62,0.91,7,-1,-1
804,-1,98,255,128,186,0.93,7,-1,-1
804,-1,240,175,47,64,0.90,7,-1,-1
805,-1,83,262,139,199,0.92,7,-1,-1
805,-1,237,178,49,65,0.91,7,-1,-1
806,-1,232,180,52,69,0.91,7,-1,-1
806,-1,58,274,155,226,0.90,7,-1,-1
807,-1,230,183,54,70,0.92,7,-1,-1
807,-1,38,282,168,248,0.90,7,-1,-1
808,-1,224,186,57,76,0.91,7,-1,-1
809,-1,221,189,58,76,0.91,7,-1,-1
810,-1,216,191,60,83,0.92,7,-1,-1
811,-1,212,194,62,86,0.92,7,-1,-1
812,-1,204,198,67,90,0.92,7,-1,-1
813,-1,200,201,70,94,0.92,7,-1,-1
814,-1,192,206,74,100,0.91,7,-1,-1
815,-1,186,209,77,104,0.93,7,-1,-1
816,-1,178,214,82,112,0.93,7,-1,-1
817,-1,172,218,84,118,0.92,7,-1,-1
818,-1,159,225,93,128,0.92,7,-1,-1
819,-1,152,229,98,135,0.93,7,-1,-1
820,-1,139,238,106,146,0.93,7,-1,-1
821,-1,129,242,112,157,0.92,7,-1,-1
822,-1,114,251,122,172,0.92,7,-1,-1
823,-1,101,258,131,184,0.93,7,-1,-1
824,-1,80,270,143,206,0.92,7,-1,-1
825,-1,62,276,157,224,0.89,7,-1,-1
826,-1,-1,-1,-1,-1,-1,-1,-1,-1
827,-1,-1,-1,-1,-1,-1,-1,-1,-1
828,-1,-1,-1,-1,-1,-1,-1,-1,-1
829,-1,-1,-1,-1,-1,-1,-1,-1,-1
830,-1,-1,-1,-1,-1,-1,-1,-1,-1
831,-1,-1,-1,-1,-1,-1,-1,-1,-1
832,-1,-1,-1,-1,-1,-1,-1,-1,-1
833,-1,-1,-1,-1,-1,-1,-1,-1,-1
834,-1,-1,-1,-1,-1,-1,-1,-1,-1
835,-1,-1,-1,-1,-1,-1,-1,-1,-1
836,-1,-1,-1,-1,-1,-1,-1,-1,-1
837,-1,-1,-1,-1,-1,-1,-1,-1,-1
838,-1,-1,-1,-1,-1,-1,-1,-1,-1
839,-1,-1,-1,-1,-1,-1,-1,-1,-1
840,-1,-1,-1,-1,-1,-1,-1,-1,-1
841,-1,-1,-1,-1,-1,-1,-1,-1,-1
842,-1,-1,-1,-1,-1,-1,-1,-1,-1
843,-1,-1,-1,-1,-1,-1,-1,-1,-1
844,-1,-1,-1,-1,-1,-1,-1,-1,-1
845,-1,-1,-1,-1,-1,-1,-1,-1,-1
846,-1,-1,-1,-1,-1,-1,-1,-1,-1
847,-1,-1,-1,-1,-1,-1,-1,-1,-1
848,-1,-1,-1,-1,-1,-1,-1,-1,-1
849,-1,-1,-1,-1,-1,-1,-1,-1,-1
850,-1,-1,-1,-1,-1,-1,-1,-1,-1
851,-1,-1,-1,-1,-1,-1,-1,-1,-1
852,-1,-1,-1,-1,-1,-1,-1,-1,-1
853,-1,-1,-1,-1,-1,-1,-1,-1,-1
854,-1,-1,-1,-1,-1,-1,-1,-1,-1
855,-1,-1,-1,-1,-1,-1,-1,-1,-1
856,-1,-1,-1,-1,-1,-1,-1,-1,-1
857,-1,-1,-1,-1,-1,-1,-1,-1,-1
858,-1,-1,-1,-1,-1,-1,-1,-1,-1
859,-1,-1,-1,-1,-1,-1,-1,-1,-1
860,-1,-1,-1,-1,-1,-1,-1,-1,-1
861,-1,-1,-1,-1,-1,-1,-1,-1,-1
862,-1,-1,-1,-1,-1,-1,-1,-1,-1
863,-1,-1,-1,-1,-1,-1,-1,-1,-1
864,-1,-1,-1,-1,-1,-1,-1,-1,-1
865,-1,-1,-1,-1,-1,-1,-1,-1,-1
866,-1,-1,-1,-1,-1,-1,-1,-1,-1
867,-1,-1,-1,-1,-1,-1,-1,-1,-1
868,-1,-1,-1,-1,-1,-1,-1,-1,-1
869,-1,-1,-1,-1,-1,-1,-1,-1,-1
870,-1,-1,-1,-1,-1,-1,-1,-1,-1
871,-1,-1,-1,-1,-1,-1,-1,-1,-1
872,-1,-1,-1,-1,-1,-1,-1,-1,-1
873,-1,-1,-1,-1,-1,-1,-1,-1,-1
874,-1,-1,-1,-1,-1,-1,-1,-1,-1
875,-1,-1,-1,-1,-1,-1,-1,-1,-1
876,-1,-1,-1,-1,-1,-1,-1,-1,-1
877,-1,-1,-1,-1,-1,-1,-1,-1,-1
878,-1,-1,-1,-1,-1,-1,-1,-1,-1
879,-1,-1,-1,-1,-1,-1,-1,-1,-1
880,-1,-1,-1,-1,-1,-1,-1,-1,-1
881,-1,-1,-1,-1,-1,-1,-1,-1,-1
882,-1,-1,-1,-1,-1,-1,-1,-1,-1
883,-1,-1,-1,-1,-1,-1,-1,-1,-1
884,-1,-1,-1,-1,-1,-1,-1,-1,-1
885,-1,-1,-1,-1,-1,-1,-1,-1,-1
886,-1,-1,-1,-1,-1,-1,-1,-1,-1
887,-1,-1,-1,-1,-1,-1,-1,-1,-1
888,-1,-1,-1,-1,-1,-1,-1,-1,-1
889,-1,-1,-1,-1,-1,-1,-1,-1,-1
890,-1,-1,-1,-1,-1,-1,-1,-1,-1
891,-1,-1,-1,-1,-1,-1,-1,-1,-1
892,-1,-1,-1,-1,-1,-1,-1,-1,-1
893,-1,-1,-1,-1,-1,-1,-1,-1,-1
894,-1,-1,-1,-1,-1,-1,-1,-1,-1
895,-1,-1,-1,-1,-1,-1,-1,-1,-1
896,-1,-1,-1,-1,-1,-1,-1,-1,-1
897,-1,-1,-1,-1,-1,-1,-1,-1,-1
898,-1,-1,-1,-1,-1,-1,-1,-1,-1
899,-1,-1,-1,-1,-1,-1,-1,-1,-1
900,-1,-1,-1,-1,-1,-1,-1,-1,-1
