44,0,500,412,92,106,0.93,2,1,264,3478,0,-200,1
45,0,482,368,76,87,0.92,2,2,264,3443,2,-349,1
46,0,472,344,68,77,0.92,2,3,264,3416,4,-305,1
47,0,458,312,60,68,0.91,2,4,264,3384,2,-310,1
48,0,451,294,54,62,0.91,2,5,264,3356,2,-302,1
48,1,420,428,76,102,0.92,2,1,234,3484,0,-200,1
49,0,443,270,48,58,0.90,2,6,264,3326,3,-303,1
49,1,411,380,62,84,0.92,2,2,234,3449,-1,-350,1
50,0,438,258,44,52,0.90,2,7,264,3297,3,-300,1
50,1,406,356,56,74,0.91,2,3,234,3423,1,-301,1
51,0,430,240,40,48,0.90,2,8,264,3266,3,-301,1
51,1,399,322,50,64,0.91,2,4,234,3391,1,-309,1
52,0,427,236,40,46,0.90,2,9,265,3241,3,-294,1
52,1,398,314,48,61,0.91,2,5,234,3370,2,-282,1
53,0,418,217,36,42,0.88,2,10,265,3211,2,-296,1
53,1,390,280,40,52,0.90,2,6,234,3338,1,-291,1
54,0,416,209,34,40,0.89,2,11,265,3182,2,-295,1
54,1,385,267,40,48,0.90,2,7,234,3308,-0,-292,1
55,0,411,197,32,38,0.88,2,12,265,3151,2,-296,1
55,1,382,248,36,44,0.90,2,8,234,3277,-1,-295,1
56,0,408,191,30,36,0.88,2,13,265,3122,1,-296,1
56,1,380,238,36,41,0.90,2,9,234,3248,-0,-295,1
57,0,404,184,28,32,0.87,2,14,265,3092,1,-296,1
57,1,375,222,34,39,0.89,2,10,234,3217,-1,-296,1
58,0,402,178,28,32,0.87,2,15,265,3063,1,-296,1
58,1,374,215,32,36,0.89,2,11,234,3188,-1,-296,1
59,0,399,170,26,30,0.86,2,16,265,3033,1,-296,1
59,1,372,202,28,34,0.89,2,12,234,3157,-1,-297,1
60,0,396,166,26,28,0.87,2,17,265,3003,1,-296,1
60,1,370,196,28,33,0.89,2,13,234,3128,-1,-297,1
61,0,393,159,24,28,0.87,2,18,265,2973,1,-296,1
61,1,368,186,27,31,0.88,2,14,233,3097,-1,-297,1
62,0,391,156,24,27,0.87,2,19,265,2944,1,-296,1
62,1,367,180,25,30,0.87,2,15,233,3067,-1,-297,1
63,0,388,150,24,26,0.87,2,20,265,2915,1,-296,1
63,1,365,172,24,28,0.88,2,16,233,3037,-1,-298,1
64,0,388,150,24,26,0.87,2,21,265,2887,1,-295,1
64,1,365,172,24,28,0.88,2,17,233,3009,-1,-297,1
65,0,386,142,20,24,0.86,2,22,265,2857,0,-295,1
65,1,362,162,23,25,0.88,2,18,233,2979,-1,-297,1
66,0,384,140,20,22,0.86,2,23,265,2828,0,-295,1
66,1,361,158,22,26,0.86,2,19,233,2950,-1,-297,1
67,0,382,136,20,22,0.87,2,24,265,2798,0,-295,1
67,1,360,152,21,24,0.86,2,20,233,2920,-1,-297,1
68,0,380,133,20,21,0.86,2,25,265,2769,0,-295,1
68,1,359,149,20,22,0.87,2,21,233,2890,-2,-297,1
69,0,380,130,18,20,0.85,2,26,265,2739,0,-295,1
69,1,358,144,20,21,0.86,2,22,232,2859,-2,-297,1
70,0,379,127,18,20,0.85,2,27,265,2710,0,-295,1
70,1,358,142,20,21,0.87,2,23,232,2830,-2,-297,1
71,0,377,123,18,20,0.86,2,28,265,2680,0,-295,1
71,1,356,137,20,20,0.86,2,24,232,2800,-2,-297,1
72,0,375,120,18,20,0.86,2,29,265,2651,0,-295,1
72,1,356,134,18,20,0.85,2,25,232,2770,-2,-298,1
73,0,374,118,17,20,0.85,2,30,265,2621,-0,-295,1
73,1,355,130,18,19,0.84,2,26,232,2740,-2,-298,1
74,0,374,116,16,19,0.86,2,31,265,2592,-0,-295,1
74,1,354,129,18,18,0.84,2,27,232,2710,-2,-298,1
75,0,372,113,16,18,0.86,2,32,265,2562,-0,-295,1
75,1,353,124,18,19,0.84,2,28,231,2680,-2,-298,1
76,0,371,112,16,18,0.85,2,33,265,2533,-0,-295,1
76,1,353,122,17,18,0.85,2,29,231,2650,-2,-298,1
77,0,371,110,15,16,0.85,2,34,265,2503,-0,-295,1
77,1,353,119,16,18,0.84,2,30,231,2620,-2,-298,1
78,0,371,109,14,16,0.85,2,35,265,2473,-0,-295,1
78,1,352,118,16,17,0.84,2,31,231,2591,-2,-298,1
79,0,369,106,15,16,0.85,2,36,265,2444,-0,-295,1
79,1,352,114,16,17,0.85,2,32,231,2560,-2,-298,1
80,0,368,105,15,16,0.83,2,37,265,2414,-0,-295,1
80,1,352,114,16,16,0.85,2,33,231,2531,-2,-298,1
81,0,367,102,14,17,0.82,2,38,264,2385,-0,-295,1
81,1,351,111,15,16,0.84,2,34,230,2501,-2,-298,1
82,0,366,101,14,16,0.83,2,39,264,2355,-0,-295,1
82,1,350,109,15,16,0.84,2,35,230,2471,-2,-298,1
83,0,366,100,14,15,0.84,2,40,264,2326,-0,-295,1
83,1,350,106,14,16,0.83,2,36,230,2441,-2,-298,1
84,0,365,98,14,16,0.82,2,41,264,2296,-0,-295,1
84,1,350,105,14,16,0.81,2,37,230,2411,-2,-298,1
85,0,364,96,14,16,0.85,2,42,264,2267,-1,-295,1
85,1,350,104,14,14,0.79,2,38,230,2381,-2,-298,1
86,0,364,96,14,15,0.86,2,43,264,2238,-1,-295,1
86,1,350,103,13,14,0.82,2,39,230,2352,-2,-298,1
87,0,363,94,14,14,0.86,2,44,264,2208,-1,-295,1
87,1,349,100,14,14,0.84,2,40,229,2322,-2,-298,1
88,0,363,93,14,14,0.84,2,45,264,2179,-1,-295,1
88,1,349,100,13,13,0.82,2,41,229,2292,-2,-298,1
89,0,362,92,14,14,0.82,2,46,264,2149,-1,-295,1
89,1,349,98,12,13,0.78,2,42,229,2262,-2,-298,1
90,0,363,91,12,14,0.80,2,47,263,2120,-1,-295,1
90,1,348,96,14,14,0.80,2,43,229,2232,-2,-298,1
91,0,362,89,12,15,0.78,2,48,263,2090,-1,-295,1
91,1,348,94,13,14,0.81,2,44,229,2202,-2,-298,1
92,0,362,88,12,14,0.79,2,49,263,2061,-1,-295,1
92,1,348,94,12,12,0.79,2,45,229,2172,-2,-298,1
93,0,362,87,12,14,0.79,2,50,263,2031,-1,-295,1
93,1,348,94,12,12,0.78,2,46,229,2142,-2,-298,1
94,0,362,86,12,14,0.78,2,51,263,2002,-0,-295,1
94,1,348,92,12,12,0.74,2,47,228,2112,-1,-298,1
95,0,361,85,12,14,0.79,2,52,263,1973,-0,-295,1
95,1,347,91,12,12,0.70,2,48,228,2082,-1,-298,1
96,0,362,84,11,14,0.75,2,53,263,1943,-0,-295,1
96,1,347,89,12,12,0.72,2,49,228,2052,-1,-298,1
97,0,361,83,11,14,0.71,2,54,263,1914,-0,-295,1
97,1,347,88,12,12,0.72,2,50,228,2022,-1,-298,1
98,0,361,83,10,12,0.70,2,55,263,1884,-0,-295,1
98,1,347,86,12,12,0.73,2,51,228,1992,-1,-298,1
99,0,361,82,10,12,0.69,2,56,263,1855,-0,-295,1
99,1,347,86,12,12,0.72,2,52,228,1962,-1,-298,1
100,0,360,80,10,13,0.56,2,57,263,1825,-0,-295,1
100,1,347,86,12,11,0.65,2,53,228,1932,-1,-298,1
101,0,360,80,10,12,0.59,2,58,263,1795,-0,-295,1
101,1,347,86,11,10,0.64,2,54,228,1903,-1,-298,1
102,0,360,79,10,12,0.58,2,59,263,1766,-0,-295,1
102,1,346,84,11,10,0.53,2,55,228,1873,-1,-298,1
103,0,360,78,10,13,0.66,2,60,263,1736,-0,-295,1
103,1,346,84,11,10,0.50,2,56,228,1843,-1,-298,1
104,0,360,77,10,13,0.64,2,61,263,1707,-0,-295,1
104,1,346,83,11,10,0.37,2,57,227,1813,-1,-298,1
105,0,359,75,10,14,0.63,2,62,263,1677,-0,-295,1
105,1,347,82,10,10,0.51,2,58,227,1783,-1,-298,1
106,0,359,76,10,13,0.62,2,63,263,1648,-0,-295,1
106,1,347,81,10,10,0.55,2,59,227,1753,-1,-298,1
107,0,359,76,10,12,0.64,2,64,263,1619,-0,-295,1
107,1,347,80,10,10,0.41,2,60,227,1723,-1,-298,1
108,0,359,75,10,12,0.59,2,65,263,1589,-0,-295,1
108,1,348,80,10,10,0.37,2,61,227,1693,-1,-298,1
109,0,360,74,9,11,0.58,2,66,263,1559,-0,-295,1
109,1,347,80,10,8,0.47,2,62,227,1663,-1,-299,1
110,0,360,74,9,11,0.57,2,67,263,1530,0,-295,1
110,1,347,80,10,8,0.43,2,63,227,1634,-1,-299,1
111,0,359,74,10,12,0.54,2,68,263,1501,0,-295,1
111,1,347,78,10,10,0.42,2,64,227,1604,-1,-298,1
112,0,360,74,9,10,0.55,2,69,264,1471,0,-295,1
112,1,347,78,10,9,0.41,2,65,227,1574,-1,-298,1
113,0,359,73,10,11,0.56,2,70,264,1442,0,-295,1
113,1,347,77,10,9,0.45,2,66,227,1545,-1,-298,1
114,0,359,73,10,10,0.59,2,71,264,1412,0,-295,1
114,1,348,77,9,8,0.38,2,67,227,1515,-1,-298,1
115,0,360,72,9,10,0.60,2,72,264,1383,0,-295,1
115,1,348,76,9,9,0.33,2,68,227,1485,-1,-298,1
116,0,360,72,9,10,0.57,2,73,264,1353,0,-295,1
116,1,348,74,10,9,0.35,2,69,227,1455,-1,-298,1
117,0,361,71,8,10,0.53,2,74,264,1324,0,-295,1
117,1,349,73,10,10,0.35,2,70,228,1425,-1,-298,1
118,0,361,71,8,10,0.52,2,75,265,1295,0,-295,1
118,1,349,73,10,10,0.35,2,71,228,1396,-1,-298,1
119,0,361,70,8,10,0.36,2,76,265,1265,1,-295,1
119,1,350,73,10,10,0.21,2,72,228,1366,-0,-298,1
120,0,361,70,8,10,0.34,2,77,265,1236,1,-295,1
120,1,349,72,10,10,0.20,2,73,228,1337,-0,-298,1
121,1,350,72,9,9,0.34,2,74,228,1307,-0,-298,1
121,2,362,69,8,10,0.41,2,1,290,1246,0,-200,1
122,0,350,71,9,9,0.28,2,78,266,1178,1,-295,1
122,2,362,69,8,10,0.39,2,2,290,1226,6,-195,1
123,0,350,71,9,8,0.25,2,79,266,1149,0,-295,1
123,2,362,68,8,10,0.33,2,3,290,1206,7,-201,1
124,0,351,70,8,9,0.48,2,80,266,1121,0,-294,1
124,2,363,68,8,10,0.35,2,4,290,1187,15,-197,1
125,0,351,70,9,8,0.37,2,81,266,1092,0,-294,1
125,2,363,68,8,9,0.24,2,5,291,1160,16,-214,1
126,2,364,68,9,9,0.14,2,6,291,1138,21,-215,1
127,0,352,69,8,8,0.22,2,82,267,1034,0,-294,1
127,2,365,67,8,8,0.14,2,7,292,1094,25,-253,1
128,2,365,67,8,8,0.14,2,8,294,1056,26,-271,1
129,2,365,67,8,8,0.12,2,9,296,1025,26,-276,1
130,0,354,68,8,8,0.13,2,83,267,946,0,-294,1
130,2,366,66,8,9,0.28,2,10,297,1002,26,-271,1
131,2,366,66,8,8,0.11,2,11,299,970,26,-276,1
133,2,366,65,8,8,0.10,2,12,303,907,26,-282,1
147,3,314,77,10,9,0.38,2,1,136,1564,0,200,1
148,3,314,77,10,9,0.38,2,2,136,1583,5,191,1
149,3,313,78,10,9,0.14,2,3,136,1602,-7,192,1
150,3,313,78,10,9,0.14,2,4,136,1617,-6,176,1
151,3,312,78,10,10,0.40,2,5,135,1637,-8,182,1
154,3,310,79,10,11,0.59,2,6,134,1703,-10,200,1
155,3,310,80,11,11,0.63,2,7,134,1734,-8,213,1
156,3,309,80,10,11,0.56,2,8,133,1752,-9,210,1
157,3,309,80,10,12,0.69,2,9,133,1776,-8,212,1
158,3,308,81,11,12,0.51,2,10,132,1801,-8,216,1
159,3,306,83,12,12,0.49,2,11,131,1838,-8,228,1
160,3,306,83,12,12,0.36,2,12,131,1864,-8,231,1
162,3,304,86,12,12,0.41,2,13,130,1924,-8,240,1
163,3,304,86,13,12,0.69,2,14,129,1950,-7,242,1
164,3,304,86,13,12,0.69,2,15,128,1971,-7,239,1
165,3,302,87,12,12,0.76,2,16,128,1993,-7,238,1
166,3,302,86,12,13,0.78,2,17,127,2010,-7,235,1
167,3,301,89,12,12,0.73,2,18,127,2034,-8,235,1
168,3,300,88,13,14,0.79,2,19,126,2058,-7,235,1
169,3,300,92,12,12,0.79,2,20,125,2086,-7,237,1
170,3,299,91,14,14,0.78,2,21,125,2113,-7,239,1
171,3,298,92,14,14,0.81,2,22,124,2138,-7,240,1
172,3,297,94,14,14,0.80,2,23,123,2167,-7,241,1
173,3,297,94,14,14,0.80,2,24,123,2191,-7,241,1
174,3,296,96,14,14,0.79,2,25,122,2217,-6,242,1
175,3,296,96,14,16,0.82,2,26,122,2246,-6,244,1
176,3,295,98,14,14,0.83,2,27,121,2269,-6,243,1
177,3,294,99,14,16,0.84,2,28,121,2298,-6,245,1
178,3,294,100,14,15,0.85,2,29,121,2322,-6,245,1
179,3,293,103,14,14,0.85,2,30,120,2347,-5,245,1
180,3,293,103,14,14,0.86,2,31,120,2369,-5,244,1
181,3,292,104,14,15,0.83,2,32,120,2392,-5,244,1
182,3,290,104,16,17,0.83,2,33,119,2416,-5,244,1
183,3,289,106,16,17,0.85,2,34,119,2441,-5,244,1
184,3,289,108,15,16,0.84,2,35,119,2464,-5,243,1
185,3,288,110,16,16,0.84,2,36,119,2488,-5,243,1
186,3,288,110,16,18,0.85,2,37,119,2512,-4,243,1
187,3,287,113,16,18,0.86,2,38,118,2537,-4,243,1
188,3,286,114,16,18,0.85,2,39,118,2561,-4,243,1
189,3,286,117,15,18,0.85,2,40,118,2586,-4,243,1
190,3,284,118,17,20,0.85,2,41,118,2612,-4,244,1
191,3,282,120,18,20,0.86,2,42,118,2638,-3,244,1
192,3,282,122,18,20,0.86,2,43,118,2662,-3,244,1
193,3,281,124,18,21,0.88,2,44,118,2687,-3,244,1
194,3,280,127,18,20,0.88,2,45,118,2711,-3,244,1
195,3,280,129,18,22,0.86,2,46,118,2737,-3,244,1
196,3,278,131,18,22,0.87,2,47,118,2761,-3,244,1
197,3,277,135,18,22,0.87,2,48,119,2786,-2,244,1
198,3,276,137,18,22,0.85,2,49,119,2810,-2,244,1
199,3,273,140,20,24,0.88,2,50,119,2835,-2,244,1
200,3,272,143,20,24,0.87,2,51,119,2859,-2,244,1
201,3,270,147,20,25,0.89,2,52,119,2885,-2,245,1
202,3,268,149,22,26,0.88,2,53,120,2909,-2,245,1
203,3,266,153,24,28,0.88,2,54,120,2934,-2,245,1
204,3,264,156,23,28,0.87,2,55,120,2958,-1,245,1
205,3,262,161,22,30,0.89,2,56,121,2984,-1,245,1
205,4,340,48,13,18,0.34,7,1,233,285,0,-200,1
206,3,260,166,22,30,0.89,2,57,121,3009,-1,245,1
206,4,340,48,13,18,0.34,7,2,233,265,2,-199,1
207,3,256,171,24,32,0.88,2,58,121,3034,-1,245,1
207,4,339,49,14,18,0.42,7,3,233,250,-8,-177,1
208,3,255,175,24,33,0.88,2,59,122,3059,-1,245,1
208,4,339,49,14,18,0.44,7,4,233,242,-7,-144,1
209,3,252,181,26,35,0.90,2,60,122,3084,-1,245,1
209,4,338,49,14,19,0.49,7,5,232,257,-13,-72,1
210,3,248,186,27,37,0.89,2,61,122,3109,-1,245,1
210,4,338,50,14,18,0.49,7,6,232,284,-14,-2,1
211,3,244,194,28,39,0.89,2,62,123,3135,-1,246,1
211,4,337,50,14,18,0.44,7,7,231,319,-17,56,1
212,3,241,199,29,40,0.89,2,63,123,3160,-1,245,1
212,4,337,50,14,18,0.47,7,8,230,355,-18,99,1
213,3,235,208,32,43,0.89,2,64,123,3185,-0,246,1
213,4,336,49,14,19,0.54,7,9,229,388,-19,129,1
214,3,232,215,32,45,0.89,2,65,124,3210,-0,246,1
214,4,336,50,14,18,0.56,7,10,228,417,-19,146,1
215,3,226,225,35,50,0.90,2,66,124,3235,-0,246,1
215,4,335,50,14,19,0.59,7,11,226,461,-20,176,1
216,3,221,234,36,51,0.90,2,67,124,3260,-0,246,1
216,4,334,49,14,20,0.57,7,12,225,498,-22,193,1
217,3,214,248,39,55,0.90,2,68,125,3285,-0,246,1
217,4,333,50,14,20,0.64,7,13,223,547,-23,218,1
218,3,207,256,41,60,0.89,2,69,125,3310,-0,246,1
218,4,333,50,14,20,0.68,7,14,221,586,-23,231,1
219,3,197,273,44,66,0.90,2,70,125,3336,-0,246,1
219,4,332,50,14,20,0.77,7,15,219,617,-24,237,1
220,3,190,286,48,70,0.91,2,71,126,3360,0,246,1
220,4,332,50,14,20,0.78,7,16,217,642,-24,238,1
221,3,176,308,53,80,0.91,2,72,126,3386,0,246,1
221,4,331,50,14,21,0.75,7,17,214,678,-24,246,1
222,3,166,324,56,87,0.92,2,73,126,3411,0,246,1
222,4,331,50,14,21,0.74,7,18,212,707,-24,248,1
223,3,147,354,64,101,0.92,2,74,127,3437,0,246,1
223,4,330,50,14,21,0.71,7,19,210,731,-24,248,1
224,3,132,376,71,112,0.93,2,75,127,3462,0,246,1
224,4,328,50,15,22,0.74,7,20,208,765,-25,253,1
225,4,327,51,16,22,0.76,7,21,205,805,-25,260,1
226,4,327,51,15,22,0.78,7,22,203,839,-25,264,1
227,4,326,51,15,22,0.78,7,23,200,867,-25,264,1
228,4,326,52,15,22,0.77,7,24,198,901,-25,268,1
229,4,325,52,16,22,0.77,7,25,195,930,-25,269,1
230,4,324,52,16,23,0.77,7,26,193,964,-25,272,1
231,4,323,51,16,24,0.75,7,27,190,994,-25,272,1
232,4,322,52,17,24,0.78,7,28,187,1028,-25,275,1
233,4,322,52,16,24,0.80,7,29,185,1057,-25,276,1
234,4,321,52,18,24,0.82,7,30,182,1082,-25,275,1
235,4,320,52,17,24,0.82,7,31,180,1105,-25,273,1
236,4,320,52,17,24,0.82,7,32,177,1125,-25,271,1
237,4,320,53,17,24,0.82,7,33,175,1149,-25,270,1
238,4,319,53,18,25,0.82,7,34,172,1176,-25,270,1
239,4,319,54,17,24,0.82,7,35,170,1200,-24,269,1
240,4,318,53,18,26,0.82,7,36,168,1228,-24,269,1
241,4,318,53,17,26,0.81,7,37,166,1252,-24,269,1
242,4,317,53,18,26,0.81,7,38,163,1274,-24,267,1
243,4,316,54,18,26,0.81,7,39,161,1299,-24,267,1
243,5,438,228,172,272,0.92,7,1,259,3469,0,-200,1
244,4,316,54,18,26,0.82,7,40,159,1321,-23,266,1
244,5,436,222,152,250,0.93,7,2,259,3452,-2,-161,1
245,4,316,54,17,26,0.82,7,41,157,1341,-23,264,1
245,5,428,208,136,222,0.94,7,3,259,3429,-2,-200,1
246,4,314,55,18,26,0.82,7,42,155,1364,-23,263,1
246,5,424,201,128,206,0.93,7,4,259,3408,0,-202,1
247,4,314,55,18,26,0.82,7,43,153,1385,-23,262,1
247,5,418,190,116,190,0.92,7,5,259,3386,-0,-207,1
248,4,314,56,18,26,0.84,7,44,151,1408,-23,261,1
248,5,416,186,108,176,0.93,7,6,259,3365,0,-207,1
249,4,313,56,18,26,0.83,7,45,149,1429,-23,260,1
249,5,412,178,100,162,0.93,7,7,259,3343,0,-209,1
250,4,313,56,18,26,0.83,7,46,147,1448,-22,258,1
250,5,410,175,92,152,0.93,7,8,259,3323,0,-208,1
251,4,312,56,18,26,0.83,7,47,146,1466,-22,257,1
251,5,408,169,84,139,0.93,7,9,259,3301,1,-210,1
252,4,312,56,18,27,0.84,7,48,144,1485,-22,255,1
252,5,406,163,80,134,0.92,7,10,259,3280,1,-210,1
253,4,311,58,18,27,0.85,7,49,142,1511,-22,255,1
253,5,402,158,76,124,0.92,7,11,259,3258,1,-211,1
254,4,311,58,18,27,0.85,7,50,140,1533,-22,255,1
254,5,400,154,72,119,0.93,7,12,259,3237,1,-211,1
255,4,311,58,18,28,0.84,7,51,139,1558,-21,255,1
255,5,398,148,68,112,0.92,7,13,259,3214,1,-212,1
256,4,311,58,18,28,0.84,7,52,137,1580,-21,254,1
256,5,394,145,68,108,0.91,7,14,260,3193,1,-212,1
257,4,310,58,18,28,0.85,7,53,136,1601,-21,253,1
257,5,392,142,64,101,0.92,7,15,260,3172,1,-212,1
258,4,310,58,18,30,0.85,7,54,134,1626,-21,253,1
258,5,392,138,60,98,0.91,7,16,260,3150,1,-212,1
259,4,309,58,18,30,0.86,7,55,133,1649,-20,253,1
259,5,390,134,56,92,0.92,7,17,260,3128,1,-213,1
260,4,309,58,18,30,0.86,7,56,131,1670,-20,252,1
260,5,388,133,56,89,0.92,7,18,260,3107,1,-213,1
261,4,308,59,18,30,0.85,7,57,130,1692,-20,251,1
261,5,388,129,52,85,0.92,7,19,260,3085,1,-213,1
262,4,308,58,18,31,0.86,7,58,129,1713,-20,250,1
262,5,386,127,52,82,0.91,7,20,260,3064,1,-213,1
263,4,307,59,18,31,0.86,7,59,127,1734,-20,250,1
263,5,384,124,48,78,0.90,7,21,260,3042,1,-214,1
264,4,307,60,18,30,0.86,7,60,126,1754,-19,249,1
264,5,382,122,48,77,0.91,7,22,261,3021,1,-213,1
265,4,306,60,18,32,0.86,7,61,125,1778,-19,249,1
265,5,382,119,44,73,0.90,7,23,261,2999,1,-214,1
266,4,306,60,18,32,0.86,7,62,124,1800,-19,248,1
266,5,381,118,44,70,0.91,7,24,261,2977,1,-214,1
267,4,304,60,19,32,0.86,7,63,123,1820,-19,247,1
267,5,381,116,40,69,0.90,7,25,261,2956,1,-213,1
268,4,304,61,20,32,0.86,7,64,122,1840,-19,247,1
268,5,379,114,40,68,0.91,7,26,261,2936,1,-213,1
269,4,303,62,20,32,0.86,7,65,121,1862,-18,246,1
269,5,379,111,38,64,0.89,7,27,261,2914,1,-213,1
270,4,303,62,20,32,0.86,7,66,120,1882,-18,246,1
270,5,377,110,38,62,0.90,7,28,261,2893,1,-213,1
271,4,302,62,20,34,0.85,7,67,119,1905,-18,245,1
271,5,376,108,36,60,0.90,7,29,261,2871,1,-214,1
272,4,302,62,20,34,0.85,7,68,118,1926,-18,245,1
272,5,376,106,36,60,0.90,7,30,261,2850,1,-213,1
273,4,302,63,20,34,0.85,7,69,117,1947,-18,244,1
273,5,374,104,36,58,0.90,7,31,261,2829,1,-213,1
274,4,302,63,20,35,0.86,7,70,116,1969,-17,244,1
274,5,373,103,34,56,0.89,7,32,261,2807,1,-213,1
275,4,300,64,20,34,0.85,7,71,115,1989,-17,243,1
275,5,372,102,32,54,0.90,7,33,261,2786,1,-213,1
276,4,300,64,20,35,0.85,7,72,114,2010,-17,243,1
276,5,372,100,32,54,0.90,7,34,261,2765,1,-213,1
277,4,300,64,20,36,0.86,7,73,113,2031,-17,242,1
277,5,371,99,32,52,0.89,7,35,261,2743,1,-213,1
278,4,299,65,20,36,0.86,7,74,112,2052,-17,242,1
278,5,370,97,32,52,0.89,7,36,261,2722,1,-213,1
279,4,299,65,20,37,0.85,7,75,112,2074,-16,242,1
279,5,369,96,30,50,0.89,7,37,261,2701,1,-213,1
280,4,298,65,20,38,0.85,7,76,111,2095,-16,241,1
280,5,369,94,30,50,0.88,7,38,261,2680,1,-213,1
281,4,297,66,21,38,0.86,7,77,110,2117,-16,241,1
281,5,368,93,30,48,0.88,7,39,261,2659,1,-213,1
282,4,297,66,21,38,0.87,7,78,110,2137,-16,240,1
282,5,368,92,28,48,0.88,7,40,261,2638,0,-213,1
283,4,296,66,22,40,0.88,7,79,109,2159,-16,240,1
283,5,367,92,28,46,0.89,7,41,261,2617,0,-213,1
284,4,295,67,22,39,0.87,7,80,108,2179,-15,240,1
284,5,367,91,28,45,0.88,7,42,261,2596,0,-213,1
285,4,294,68,22,40,0.88,7,81,108,2201,-15,239,1
285,5,367,90,26,44,0.86,7,43,261,2575,0,-213,1
286,4,294,68,22,40,0.88,7,82,107,2221,-15,239,1
286,5,366,88,27,44,0.86,7,44,261,2554,0,-213,1
287,4,294,68,22,42,0.89,7,83,107,2242,-15,239,1
287,5,366,88,25,42,0.87,7,45,261,2533,0,-213,1
288,4,293,69,23,42,0.89,7,84,106,2264,-15,238,1
288,5,366,87,24,42,0.87,7,46,261,2512,0,-213,1
289,4,293,69,22,44,0.89,7,85,106,2286,-14,238,1
289,5,365,86,24,40,0.87,7,47,261,2491,0,-213,1
290,4,293,69,22,44,0.90,7,86,105,2307,-14,238,1
290,5,365,86,24,38,0.87,7,48,261,2469,0,-213,1
291,4,292,70,23,44,0.89,7,87,105,2328,-14,237,1
291,5,365,86,23,38,0.86,7,49,261,2448,0,-213,1
292,4,290,71,24,44,0.89,7,88,105,2349,-14,237,1
292,5,365,85,22,38,0.86,7,50,261,2427,0,-213,1
293,4,290,72,24,44,0.89,7,89,104,2369,-14,237,1
293,5,364,84,22,36,0.85,7,51,261,2406,0,-213,1
294,4,289,72,24,46,0.89,7,90,104,2390,-14,236,1
294,5,364,84,22,35,0.85,7,52,262,2385,0,-213,1
295,4,288,73,24,46,0.89,7,91,103,2411,-14,236,1
295,5,363,82,22,36,0.85,7,53,262,2364,0,-213,1
296,4,288,74,24,47,0.89,7,92,103,2432,-13,236,1
296,5,363,82,22,34,0.85,7,54,262,2342,0,-213,1
297,4,286,74,26,48,0.89,7,93,103,2453,-13,235,1
297,5,362,81,22,34,0.83,7,55,262,2321,0,-213,1
298,4,286,75,26,48,0.89,7,94,102,2473,-13,235,1
298,5,362,80,22,34,0.83,7,56,262,2300,1,-213,1
299,4,286,76,26,49,0.89,7,95,102,2494,-13,235,1
299,5,362,81,20,32,0.83,7,57,262,2279,1,-212,1
300,4,285,76,26,50,0.89,7,96,102,2514,-13,235,1
300,5,362,81,20,30,0.83,7,58,262,2257,1,-212,1
301,4,284,76,26,52,0.89,7,97,101,2535,-13,234,1
301,5,361,80,20,30,0.84,7,59,262,2236,1,-213,1
302,4,284,78,26,52,0.90,7,98,101,2556,-12,234,1
302,5,361,79,20,30,0.84,7,60,262,2215,1,-213,1
303,4,283,78,26,54,0.90,7,99,101,2577,-12,234,1
303,5,360,80,20,28,0.80,7,61,262,2194,1,-213,1
304,4,282,79,28,54,0.90,7,100,100,2598,-12,233,1
304,5,360,80,20,28,0.81,7,62,262,2173,1,-212,1
305,4,282,80,26,55,0.89,7,101,100,2618,-12,233,1
305,5,360,79,20,27,0.79,7,63,262,2151,1,-212,1
306,4,280,80,28,57,0.89,7,102,100,2639,-12,233,1
306,5,360,77,20,29,0.82,7,64,262,2131,1,-212,1
307,4,279,82,28,57,0.89,7,103,100,2660,-12,233,1
307,5,360,76,20,28,0.81,7,65,262,2109,1,-212,1
308,4,279,82,28,58,0.90,7,104,99,2680,-12,232,1
308,5,360,76,19,27,0.80,7,66,262,2088,1,-212,1
309,4,277,84,30,59,0.88,7,105,99,2700,-12,232,1
309,5,360,75,18,26,0.76,7,67,262,2066,1,-212,1
310,4,276,85,30,60,0.89,7,106,99,2721,-11,232,1
310,5,360,76,18,26,0.75,7,68,262,2045,1,-212,1
311,4,275,86,30,60,0.89,7,107,99,2740,-11,231,1
311,5,360,75,18,26,0.76,7,69,263,2024,1,-212,1
312,4,274,86,31,62,0.88,7,108,98,2760,-11,231,1
312,5,360,76,18,24,0.71,7,70,263,2003,1,-212,1
313,4,272,87,32,64,0.87,7,109,98,2780,-11,231,1
313,5,360,73,18,26,0.75,7,71,263,1982,1,-212,1
314,4,272,88,32,65,0.87,7,110,98,2799,-11,230,1
314,5,359,73,17,26,0.72,7,72,263,1961,1,-212,1
315,4,270,89,34,68,0.88,7,111,98,2820,-11,230,1
315,5,360,73,17,24,0.71,7,73,263,1940,1,-212,1
316,4,269,90,34,69,0.89,7,112,98,2840,-11,230,1
316,5,360,73,17,24,0.58,7,74,263,1918,1,-212,1
317,4,267,92,36,72,0.89,7,113,98,2860,-10,230,1
317,5,359,74,16,22,0.46,7,75,263,1897,1,-212,1
318,4,266,93,36,72,0.89,7,114,97,2880,-10,229,1
318,5,359,73,16,22,0.58,7,76,263,1876,1,-212,1
319,5,359,74,15,20,0.61,7,77,264,1855,1,-212,1
320,5,359,72,16,22,0.47,7,78,264,1833,1,-212,1
321,5,359,72,14,20,0.68,7,79,264,1812,1,-212,1
322,5,359,72,14,20,0.73,7,80,264,1791,1,-212,1
322,6,260,97,39,80,0.89,7,1,129,2920,0,200,1
323,5,358,71,15,20,0.62,7,81,264,1769,1,-212,1
323,6,258,100,40,82,0.88,7,2,129,2943,2,227,1
324,5,358,70,16,20,0.64,7,82,264,1748,1,-212,1
324,6,256,100,42,85,0.89,7,3,129,2963,4,216,1
325,5,359,70,14,20,0.65,7,83,265,1726,1,-213,1
325,6,254,103,44,87,0.89,7,4,129,2986,5,218,1
326,5,358,70,14,20,0.55,7,84,265,1705,1,-212,1
326,6,253,104,44,90,0.90,7,5,129,3006,6,214,1
327,5,358,69,14,20,0.50,7,85,265,1684,1,-212,1
327,6,250,106,46,93,0.91,7,6,130,3026,5,212,1
328,5,358,69,14,20,0.50,7,86,265,1663,1,-212,1
328,6,248,107,48,95,0.92,7,7,130,3044,5,206,1
329,5,358,68,14,20,0.70,7,87,265,1641,1,-212,1
329,6,246,110,48,99,0.92,7,8,130,3064,5,206,1
330,5,358,68,14,20,0.69,7,88,266,1620,1,-212,1
330,6,244,111,50,102,0.92,7,9,130,3083,5,204,1
331,5,358,66,14,21,0.76,7,89,266,1599,1,-212,1
331,6,241,113,52,106,0.91,7,10,131,3102,5,202,1
332,5,358,66,14,20,0.78,7,90,266,1578,1,-212,1
332,6,239,115,54,110,0.91,7,11,131,3122,5,201,1
333,5,358,66,14,20,0.79,7,91,266,1556,1,-212,1
333,6,236,118,55,115,0.91,7,12,131,3142,5,202,1
334,5,358,65,14,20,0.76,7,92,266,1535,1,-212,1
334,6,232,120,57,119,0.91,7,13,132,3162,5,201,1
335,5,358,64,13,21,0.74,7,93,267,1514,1,-212,1
335,6,229,122,60,126,0.92,7,14,132,3182,5,201,1
336,5,358,64,13,21,0.75,7,94,267,1493,1,-212,1
336,6,226,124,63,129,0.91,7,15,132,3201,5,200,1
337,5,358,64,13,20,0.77,7,95,267,1472,1,-212,1
337,6,220,128,66,136,0.92,7,16,133,3221,5,200,1
338,5,359,64,12,20,0.76,7,96,267,1451,1,-212,1
338,6,217,130,68,141,0.92,7,17,133,3239,5,199,1
339,5,359,64,12,20,0.75,7,97,268,1430,1,-212,1
339,6,210,134,74,149,0.92,7,18,133,3259,5,199,1
340,5,359,64,12,18,0.70,7,98,268,1408,1,-212,1
340,6,206,136,76,156,0.92,7,19,134,3278,4,199,1
341,5,360,63,12,19,0.65,7,99,268,1387,1,-212,1
341,6,200,140,79,168,0.91,7,20,134,3298,4,199,1
342,5,360,63,12,19,0.66,7,100,268,1366,1,-212,1
342,6,195,143,85,176,0.92,7,21,135,3318,4,199,1
343,5,360,63,12,18,0.59,7,101,269,1345,1,-212,1
343,6,187,147,90,189,0.91,7,22,135,3338,4,199,1
344,5,360,62,12,19,0.62,7,102,269,1324,1,-212,1
344,6,181,151,94,199,0.92,7,23,135,3357,4,198,1
345,5,361,61,12,19,0.61,7,103,269,1302,2,-212,1
345,6,169,156,102,216,0.91,7,24,136,3377,4,199,1
346,5,361,61,12,19,0.59,7,104,270,1281,2,-212,1
346,6,164,159,104,231,0.94,7,25,136,3397,4,199,1
347,5,361,60,12,19,0.59,7,105,270,1260,2,-212,1
347,6,150,162,115,257,0.94,7,26,136,3417,4,199,1
348,5,361,60,12,18,0.60,7,106,270,1238,2,-212,1
348,6,140,166,123,273,0.88,7,27,137,3436,4,199,1
349,5,362,61,12,18,0.42,7,107,271,1217,2,-212,1
349,6,123,176,138,297,0.91,7,28,137,3456,4,199,1
350,5,361,62,12,17,0.39,7,108,271,1196,2,-212,1
350,6,110,183,148,320,0.95,7,29,138,3475,5,198,1
351,5,362,64,10,14,0.21,7,109,272,1175,2,-212,1
352,5,362,64,10,14,0.20,7,110,272,1154,2,-212,1
353,5,362,66,9,12,0.15,7,111,273,1133,2,-212,1
353,7,430,210,178,276,0.95,7,1,259,3461,0,-200,1
354,5,362,66,9,12,0.15,7,112,273,1112,2,-212,1
354,7,429,206,162,250,0.93,7,2,259,3443,11,-182,1
355,5,362,66,10,12,0.13,7,113,274,1092,2,-212,1
355,7,421,191,144,230,0.94,7,3,259,3420,2,-203,1
356,5,362,67,10,11,0.20,7,114,274,1071,2,-212,1
356,7,418,186,132,210,0.92,7,4,259,3399,1,-207,1
357,7,414,177,120,193,0.93,7,5,260,3376,1,-212,1
358,7,412,172,112,180,0.93,7,6,260,3355,2,-212,1
359,7,410,165,100,165,0.93,7,7,260,3332,2,-215,1
360,7,408,162,92,154,0.93,7,8,260,3310,2,-216,1
361,7,404,156,88,142,0.93,7,9,260,3287,2,-218,1
362,7,402,152,84,136,0.92,7,10,260,3265,2,-218,1
363,7,398,146,80,127,0.92,7,11,260,3242,2,-220,1
364,7,396,142,76,124,0.92,7,12,260,3220,2,-219,1
365,7,394,138,70,114,0.93,7,13,260,3197,2,-220,1
366,7,392,135,68,111,0.92,7,14,261,3175,2,-220,1
367,7,391,131,64,106,0.91,7,15,261,3153,2,-220,1
368,7,390,129,60,101,0.92,7,16,261,3131,2,-220,1
369,7,390,126,56,95,0.91,7,17,261,3109,2,-220,1
370,7,388,124,54,92,0.92,7,18,261,3087,2,-220,1
371,7,386,120,52,88,0.92,7,19,261,3064,2,-221,1
372,7,385,118,50,86,0.91,7,20,261,3042,2,-220,1
373,7,383,114,48,84,0.90,7,21,261,3020,2,-220,1
374,7,381,113,48,80,0.89,7,22,262,2998,1,-220,1
375,7,380,111,46,76,0.90,7,23,262,2976,1,-221,1
376,7,379,109,44,76,0.90,7,24,262,2954,1,-220,1
377,7,378,107,42,72,0.91,7,25,262,2932,1,-220,1
378,7,378,106,42,71,0.91,7,26,262,2911,1,-220,1
379,7,376,103,40,68,0.90,7,27,262,2889,1,-220,1
380,7,374,102,40,67,0.91,7,28,262,2867,1,-220,1
381,7,374,100,38,64,0.91,7,29,262,2845,1,-220,1
382,7,374,98,36,64,0.90,7,30,262,2823,1,-220,1
383,7,372,98,36,60,0.90,7,31,262,2801,1,-220,1
384,7,372,96,34,58,0.90,7,32,262,2778,1,-220,1
385,7,371,95,34,58,0.90,7,33,262,2757,1,-220,1
386,7,371,94,32,56,0.90,7,34,262,2735,1,-220,1
387,7,369,91,32,56,0.90,7,35,262,2713,1,-220,1
388,7,369,91,32,54,0.90,7,36,262,2691,1,-220,1
389,7,368,90,32,52,0.89,7,37,262,2669,1,-220,1
390,7,368,88,30,52,0.90,7,38,262,2647,1,-220,1
391,7,367,88,30,50,0.89,7,39,262,2625,1,-220,1
392,7,367,87,30,50,0.89,7,40,262,2603,1,-220,1
393,7,366,85,29,49,0.90,7,41,262,2581,1,-220,1
394,7,365,84,30,48,0.90,7,42,262,2559,1,-220,1
395,7,365,84,28,46,0.89,7,43,262,2537,1,-220,1
396,7,365,83,28,46,0.89,7,44,262,2516,1,-220,1
397,7,364,82,28,44,0.88,7,45,262,2493,1,-220,1
398,7,364,81,26,44,0.88,7,46,262,2471,1,-220,1
399,7,363,81,26,42,0.88,7,47,262,2449,1,-220,1
400,7,363,80,26,42,0.87,7,48,262,2427,1,-220,1
401,7,362,80,26,40,0.85,7,49,262,2405,1,-220,1
402,7,362,80,25,40,0.85,7,50,262,2384,1,-220,1
403,7,362,79,24,38,0.85,7,51,262,2362,1,-220,1
404,7,361,78,24,38,0.85,7,52,262,2340,1,-220,1
405,7,360,77,24,38,0.85,7,53,262,2318,0,-220,1
406,7,360,76,24,37,0.85,7,54,262,2296,0,-220,1
407,7,361,76,22,36,0.84,7,55,262,2274,0,-220,1
407,8,406,412,64,92,0.91,2,1,229,3471,0,-200,1
408,7,360,74,23,37,0.84,7,56,262,2252,0,-220,1
408,8,400,380,58,80,0.92,2,2,229,3446,1,-250,1
409,7,360,74,22,36,0.84,7,57,262,2230,0,-220,1
409,8,393,341,52,67,0.92,2,3,229,3412,2,-300,1
410,7,360,73,22,36,0.84,7,58,262,2208,0,-220,1
410,8,389,318,52,61,0.89,2,4,229,3383,4,-296,1
411,7,360,73,22,35,0.81,7,59,262,2186,0,-220,1
411,8,384,290,40,53,0.90,2,5,229,3349,1,-307,1
412,7,359,73,22,34,0.79,7,60,263,2164,0,-220,1
412,8,381,274,38,49,0.90,2,6,229,3319,0,-306,1
413,7,359,72,23,34,0.82,7,61,263,2142,1,-220,1
413,8,378,254,36,44,0.89,2,7,229,3286,0,-310,1
414,7,359,72,22,33,0.82,7,62,263,2120,1,-220,1
414,8,375,241,38,42,0.89,2,8,229,3255,1,-310,1
415,7,359,72,21,32,0.80,7,63,263,2099,1,-220,1
415,8,372,227,32,36,0.88,2,9,230,3222,1,-312,1
416,7,358,72,22,32,0.82,7,64,263,2077,1,-220,1
416,8,370,218,30,33,0.88,2,10,230,3191,0,-313,1
417,7,358,71,22,31,0.82,7,65,263,2055,1,-220,1
417,8,367,202,30,35,0.87,2,11,230,3158,0,-314,1
418,7,358,71,22,30,0.80,7,66,263,2033,1,-220,1
418,8,367,197,28,31,0.86,2,12,230,3127,0,-314,1
419,7,358,70,22,30,0.81,7,67,263,2011,1,-220,1
419,8,364,188,26,28,0.87,2,13,230,3095,-0,-315,1
420,7,358,70,22,30,0.80,7,68,263,1990,1,-220,1
420,8,363,180,24,28,0.87,2,14,230,3063,-0,-315,1
421,7,358,69,22,30,0.81,7,69,263,1968,1,-220,1
421,8,362,172,23,26,0.87,2,15,230,3030,-0,-316,1
422,7,357,68,22,30,0.79,7,70,263,1946,1,-220,1
422,8,361,167,24,26,0.86,2,16,230,2999,-0,-316,1
423,7,358,67,20,30,0.75,7,71,263,1924,1,-220,1
423,8,359,161,22,24,0.86,2,17,230,2967,-1,-316,1
424,7,358,67,21,30,0.75,7,72,264,1903,1,-219,1
424,8,359,156,20,24,0.88,2,18,229,2935,-1,-316,1
425,7,358,67,21,28,0.75,7,73,264,1881,1,-219,1
425,8,357,151,22,22,0.87,2,19,229,2903,-1,-316,1
426,7,357,66,22,29,0.79,7,74,264,1859,1,-219,1
426,8,357,148,20,20,0.86,2,20,229,2871,-1,-317,1
427,7,358,66,20,28,0.64,7,75,264,1837,1,-219,1
427,8,356,142,19,20,0.85,2,21,229,2839,-1,-317,1
428,7,358,65,21,28,0.74,7,76,264,1815,1,-219,1
428,8,356,139,19,20,0.84,2,22,229,2807,-1,-317,1
429,7,358,65,19,27,0.72,7,77,264,1793,1,-219,1
429,8,354,134,19,20,0.85,2,23,229,2775,-1,-317,1
430,7,358,64,20,28,0.65,7,78,265,1771,1,-219,1
430,8,354,131,18,20,0.85,2,24,229,2744,-1,-317,1
431,7,358,63,20,28,0.73,7,79,265,1749,1,-219,1
431,8,353,127,18,20,0.85,2,25,229,2712,-1,-317,1
432,7,358,63,20,28,0.75,7,80,265,1727,1,-219,1
432,8,353,124,18,20,0.84,2,26,229,2680,-1,-317,1
433,7,358,62,21,28,0.68,7,81,265,1706,1,-219,1
433,8,352,122,18,18,0.86,2,27,229,2648,-1,-317,1
434,7,358,62,21,28,0.66,7,82,266,1684,1,-219,1
434,8,352,120,18,17,0.84,2,28,229,2617,-1,-317,1
435,7,358,62,20,26,0.59,7,83,266,1662,1,-219,1
435,8,352,118,16,16,0.84,2,29,229,2585,-1,-317,1
436,7,357,62,20,25,0.56,7,84,266,1639,1,-219,1
436,8,351,116,16,16,0.85,2,30,229,2553,-1,-317,1
437,7,358,62,20,26,0.36,7,85,267,1618,1,-219,1
437,8,351,112,15,16,0.85,2,31,229,2521,-1,-317,1
438,7,358,76,12,12,0.39,7,86,267,1596,1,-219,1
438,8,350,110,15,16,0.85,2,32,229,2490,-1,-317,1
439,7,358,61,20,26,0.37,7,87,267,1575,1,-219,1
439,8,350,108,15,16,0.86,2,33,229,2458,-1,-317,1
440,7,358,73,12,13,0.30,7,88,268,1553,1,-219,1
440,8,350,106,14,16,0.85,2,34,229,2426,-1,-317,1
441,7,358,73,12,12,0.33,7,89,268,1531,1,-219,1
441,8,349,105,14,14,0.84,2,35,228,2394,-1,-317,1
442,7,357,72,12,13,0.35,7,90,268,1509,1,-219,1
442,8,349,102,14,15,0.85,2,36,228,2362,-1,-317,1
443,7,358,62,15,22,0.36,7,91,268,1487,1,-219,1
443,8,348,101,14,14,0.85,2,37,228,2331,-1,-317,1
444,7,358,61,13,22,0.49,7,92,269,1465,1,-219,1
444,8,348,100,14,14,0.84,2,38,228,2299,-1,-317,1
445,7,358,62,13,21,0.41,7,93,269,1443,1,-219,1
445,8,348,98,13,14,0.83,2,39,228,2267,-1,-317,1
446,7,358,69,12,14,0.41,7,94,269,1421,2,-219,1
446,8,348,97,12,13,0.83,2,40,228,2235,-1,-317,1
447,7,359,62,12,20,0.36,7,95,270,1399,2,-219,1
447,8,348,95,12,13,0.84,2,41,228,2204,-1,-317,1
448,7,359,62,12,20,0.37,7,96,270,1377,2,-219,1
448,8,348,94,12,13,0.83,2,42,228,2172,-1,-317,1
449,7,360,62,12,19,0.30,7,97,270,1355,2,-219,1
449,8,347,92,12,13,0.81,2,43,228,2140,-1,-317,1
450,7,360,61,12,20,0.45,7,98,271,1333,2,-219,1
450,8,347,92,12,12,0.80,2,44,228,2108,-1,-317,1
451,7,360,59,12,22,0.58,7,99,271,1311,2,-219,1
451,8,347,91,12,12,0.79,2,45,228,2077,-1,-317,1
452,7,360,60,12,21,0.64,7,100,271,1290,2,-219,1
452,8,347,90,12,12,0.76,2,46,228,2045,-1,-317,1
453,7,360,59,12,21,0.64,7,101,272,1268,2,-219,1
453,8,347,88,11,12,0.77,2,47,228,2013,-1,-317,1
454,7,360,58,12,22,0.62,7,102,272,1246,2,-219,1
454,8,346,87,12,12,0.77,2,48,228,1982,-1,-317,1
455,7,361,60,12,19,0.32,7,103,272,1224,2,-219,1
455,8,346,85,11,12,0.69,2,49,228,1950,-1,-317,1
456,7,361,60,12,18,0.23,7,104,273,1202,2,-219,1
456,8,347,84,10,12,0.69,2,50,228,1918,-1,-317,1
457,7,361,60,12,18,0.29,7,105,273,1181,2,-219,1
457,8,347,83,10,12,0.67,2,51,228,1886,-1,-317,1
458,7,362,58,12,20,0.39,7,106,274,1159,2,-219,1
458,8,347,84,10,10,0.67,2,52,227,1854,-1,-317,1
459,7,362,57,12,20,0.60,7,107,274,1137,2,-219,1
459,8,347,83,10,10,0.62,2,53,227,1822,-0,-317,1
460,7,362,57,12,19,0.59,7,108,274,1115,2,-219,1
460,8,347,82,10,10,0.65,2,54,227,1790,-0,-317,1
461,7,362,58,12,18,0.45,7,109,275,1093,2,-219,1
461,8,347,81,10,10,0.62,2,55,227,1759,-0,-318,1
462,7,362,58,12,18,0.48,7,110,275,1071,2,-219,1
462,8,347,81,10,10,0.54,2,56,227,1727,-0,-317,1
463,7,364,58,11,18,0.40,7,111,276,1049,2,-219,1
463,8,347,80,10,9,0.50,2,57,227,1695,-0,-318,1
464,7,363,58,12,17,0.34,7,112,277,1027,2,-219,1
464,8,348,79,9,10,0.35,2,58,228,1663,-0,-317,1
465,8,347,78,9,10,0.42,2,59,228,1632,-0,-317,1
466,8,347,78,9,10,0.47,2,60,228,1600,-0,-317,1
467,8,348,76,9,10,0.34,2,61,228,1568,-0,-317,1
468,8,348,76,9,9,0.54,2,62,228,1537,-0,-317,1
469,8,347,75,10,10,0.46,2,63,228,1505,-0,-317,1
469,9,365,55,11,18,0.62,7,1,321,882,0,-200,1
470,8,349,76,8,8,0.43,2,64,228,1473,-0,-317,1
470,9,366,55,10,18,0.47,7,2,321,862,24,-196,1
471,8,348,75,9,8,0.44,2,65,228,1441,0,-317,1
471,9,367,54,10,17,0.51,7,3,322,838,36,-221,1
472,8,348,75,9,8,0.45,2,66,228,1410,0,-317,1
472,9,367,55,10,16,0.51,7,4,323,808,34,-246,1
473,8,349,74,8,8,0.34,2,67,228,1378,0,-317,1
473,9,367,55,10,16,0.31,7,5,324,776,31,-264,1
474,8,349,74,9,8,0.36,2,68,229,1347,0,-317,1
474,9,368,55,10,16,0.13,7,6,325,748,32,-269,1
475,8,350,73,8,8,0.27,2,69,229,1315,0,-317,1
476,8,350,73,8,8,0.35,2,70,229,1284,0,-317,1
481,9,371,54,10,15,0.11,7,7,339,566,32,-263,1
584,10,316,74,10,9,0.40,2,1,139,1436,0,200,1
589,10,314,78,10,9,0.35,2,4,137,1568,-8,264,1
590,10,313,78,10,10,0.59,2,5,137,1612,-7,293,1
591,10,313,78,10,10,0.50,2,6,137,1641,-6,293,1
592,10,312,79,11,10,0.67,2,7,136,1673,-6,296,1
593,10,312,79,10,10,0.62,2,8,136,1695,-6,288,1
594,10,311,80,10,11,0.58,2,9,136,1731,-6,295,1
596,10,309,80,11,12,0.68,2,10,135,1787,-6,293,1
597,10,310,81,11,12,0.70,2,11,134,1815,-6,292,1
598,10,308,82,11,12,0.62,2,12,134,1844,-6,292,1
599,10,307,83,12,12,0.64,2,13,134,1874,-6,292,1
600,10,306,84,12,12,0.60,2,14,133,1903,-6,292,1
601,10,305,85,12,12,0.70,2,15,133,1932,-7,292,1
602,10,304,86,12,12,0.72,2,16,132,1961,-7,292,1
603,10,304,86,12,12,0.76,2,17,131,1984,-7,289,1
604,10,304,87,12,12,0.75,2,18,131,2008,-7,286,1
605,10,304,88,12,12,0.76,2,19,130,2032,-7,284,1
606,10,303,90,12,12,0.75,2,20,129,2060,-7,284,1
607,10,302,90,12,13,0.77,2,21,129,2087,-6,283,1
608,10,302,90,12,13,0.82,2,22,128,2110,-6,281,1
609,10,301,94,12,13,0.76,2,23,128,2144,-6,283,1
610,10,301,94,12,13,0.74,2,24,127,2172,-6,283,1
611,10,300,93,12,14,0.78,2,25,127,2195,-6,281,1
612,10,299,93,13,16,0.78,2,26,126,2222,-6,281,1
613,10,297,94,14,16,0.79,2,27,126,2247,-6,280,1
614,10,297,94,15,17,0.79,2,28,125,2271,-5,278,1
615,10,296,96,15,18,0.81,2,29,125,2299,-5,279,1
616,10,295,99,14,16,0.82,2,30,125,2326,-5,278,1
617,10,294,101,14,16,0.85,2,31,124,2354,-5,278,1
618,10,294,102,14,15,0.84,2,32,124,2378,-5,277,1
619,10,293,106,14,14,0.83,2,33,124,2405,-5,277,1
620,10,291,104,16,17,0.84,2,34,123,2430,-5,276,1
621,10,290,105,16,18,0.85,2,35,123,2455,-5,276,1
622,10,289,107,16,18,0.84,2,36,123,2481,-5,275,1
623,10,288,112,16,16,0.83,2,37,122,2509,-4,275,1
624,10,288,112,16,18,0.83,2,38,122,2536,-4,275,1
625,10,286,113,16,19,0.85,2,39,122,2563,-4,275,1
626,10,286,114,16,19,0.85,2,40,122,2588,-4,274,1
627,10,284,115,17,22,0.85,2,41,121,2615,-4,274,1
628,10,284,118,17,20,0.86,2,42,121,2640,-4,274,1
629,10,282,121,18,20,0.86,2,43,121,2665,-4,273,1
630,10,280,123,20,21,0.86,2,44,121,2691,-4,273,1
631,10,279,125,20,22,0.88,2,45,121,2717,-3,273,1
632,10,279,126,20,24,0.87,2,46,121,2743,-3,272,1
633,10,277,128,20,25,0.87,2,47,121,2769,-3,272,1
634,10,275,130,22,26,0.87,2,48,121,2794,-3,272,1
635,10,274,134,21,26,0.84,2,49,121,2820,-3,271,1
636,10,273,139,22,24,0.87,2,50,121,2845,-3,271,1
637,10,272,143,21,25,0.87,2,51,121,2871,-3,271,1
638,10,270,146,20,26,0.87,2,52,121,2897,-2,271,1
639,10,267,150,23,27,0.87,2,53,121,2923,-2,270,1
640,10,266,150,24,30,0.87,2,54,121,2948,-2,270,1
641,10,264,157,24,30,0.88,2,55,121,2974,-2,270,1
642,10,262,160,23,32,0.88,2,56,122,3000,-2,270,1
643,10,259,168,24,30,0.88,2,57,122,3026,-2,269,1
644,10,257,171,26,32,0.88,2,58,122,3051,-1,269,1
645,10,254,176,27,36,0.88,2,59,122,3077,-1,269,1
646,10,252,181,28,38,0.86,2,60,123,3103,-1,269,1
647,10,248,190,28,38,0.83,2,61,123,3130,-1,269,1
648,10,244,196,30,40,0.85,2,62,123,3155,-1,269,1
649,10,240,202,31,46,0.83,2,63,124,3182,-1,269,1
650,10,235,211,33,45,0.88,2,64,124,3208,-1,268,1
651,10,228,218,35,53,0.77,2,65,124,3234,-1,268,1
652,10,224,227,36,55,0.83,2,66,125,3260,-0,268,1
653,10,216,238,39,62,0.88,2,67,125,3287,-0,268,1
654,10,209,247,42,66,0.87,2,68,125,3313,-0,268,1
655,10,200,264,46,73,0.71,2,69,126,3340,-0,268,1
656,10,192,280,49,75,0.91,2,70,126,3365,-0,268,1
657,10,178,301,54,86,0.91,2,71,126,3392,-0,268,1
658,10,167,318,58,94,0.89,2,72,127,3418,-0,268,1
659,10,147,347,68,110,0.91,2,73,127,3445,-0,268,1
660,10,130,371,75,123,0.92,2,74,127,3471,-0,268,1
713,11,426,391,64,90,0.92,2,1,238,3459,0,-200,1
714,11,419,363,56,78,0.92,2,2,238,3434,-2,-250,1
715,11,410,324,48,68,0.91,2,3,238,3398,-2,-303,1
716,11,404,304,46,61,0.90,2,4,238,3369,-1,-301,1
717,11,398,278,40,54,0.91,2,5,238,3335,-1,-310,1
718,11,394,264,38,48,0.91,2,6,238,3304,-1,-311,1
719,11,388,243,36,45,0.90,2,7,238,3270,-1,-315,1
720,11,386,234,34,41,0.89,2,8,238,3239,-1,-314,1
721,11,382,218,32,39,0.89,2,9,238,3207,-1,-316,1
722,11,381,210,28,36,0.88,2,10,238,3175,-1,-316,1
723,11,377,198,28,34,0.89,2,11,238,3143,-1,-317,1
724,11,374,191,28,32,0.88,2,12,238,3111,-1,-317,1
725,11,374,181,24,30,0.89,2,13,238,3079,-1,-318,1
726,11,371,176,24,28,0.88,2,14,238,3047,-1,-318,1
727,11,369,168,23,26,0.87,2,15,238,3014,-1,-319,1
728,11,368,163,22,26,0.88,2,16,238,2982,-1,-319,1
729,11,365,157,22,26,0.88,2,17,237,2950,-1,-319,1
730,11,364,153,22,24,0.87,2,18,237,2918,-1,-319,1
731,11,363,148,20,22,0.88,2,19,237,2886,-1,-319,1
732,11,362,144,20,22,0.84,2,20,237,2854,-1,-319,1
733,11,361,139,19,21,0.86,2,21,237,2822,-2,-319,1
734,11,360,135,18,22,0.87,2,22,237,2790,-2,-319,1
735,11,359,132,18,20,0.86,2,23,237,2758,-2,-319,1
736,11,358,129,18,20,0.87,2,24,236,2726,-2,-319,1
737,11,358,125,17,19,0.85,2,25,236,2694,-2,-319,1
738,11,356,122,16,19,0.87,2,26,236,2662,-2,-319,1
739,11,356,119,16,18,0.86,2,27,236,2629,-2,-319,1
740,11,355,117,16,18,0.85,2,28,236,2597,-2,-320,1
741,11,354,115,16,17,0.85,2,29,236,2565,-2,-320,1
742,11,354,112,16,18,0.85,2,30,235,2533,-2,-320,1
743,11,353,110,15,16,0.84,2,31,235,2501,-2,-320,1
744,11,352,108,15,16,0.86,2,32,235,2469,-2,-320,1
745,11,352,106,15,16,0.85,2,33,235,2437,-2,-320,1
745,12,322,81,10,10,0.39,2,1,163,1748,0,200,1
746,11,352,104,15,16,0.84,2,34,235,2405,-2,-320,1
746,12,322,81,9,10,0.55,2,2,163,1767,-10,188,1
747,11,351,102,14,16,0.86,2,35,234,2373,-2,-320,1
747,12,321,82,9,10,0.49,2,3,163,1785,-16,183,1
748,11,351,100,14,15,0.86,2,36,234,2340,-2,-320,1
748,12,320,82,10,10,0.63,2,4,162,1796,-16,160,1
749,11,350,100,14,15,0.85,2,37,234,2308,-2,-320,1
749,12,320,82,10,10,0.63,2,5,162,1801,-14,131,1
750,11,350,99,14,14,0.84,2,38,234,2277,-2,-320,1
750,12,318,84,11,11,0.68,2,6,161,1839,-14,181,1
751,11,350,96,13,14,0.85,2,39,234,2244,-2,-320,1
751,12,318,83,12,12,0.70,2,7,160,1863,-12,191,1
752,11,350,96,13,13,0.85,2,40,233,2212,-2,-320,1
752,12,318,84,12,12,0.66,2,8,160,1890,-10,202,1
753,11,350,93,12,14,0.83,2,41,233,2180,-2,-320,1
753,12,316,86,12,12,0.71,2,9,159,1927,-11,223,1
754,11,350,93,12,14,0.83,2,42,233,2149,-2,-320,1
754,12,316,86,12,12,0.72,2,10,159,1952,-10,226,1
755,11,349,92,12,12,0.79,2,43,233,2117,-2,-320,1
755,12,317,88,11,12,0.73,2,11,158,1985,-9,237,1
756,11,348,91,12,12,0.82,2,44,233,2085,-2,-320,1
756,12,316,88,12,12,0.74,2,12,158,2009,-9,237,1
757,11,348,88,12,13,0.82,2,45,232,2052,-2,-320,1
757,12,316,89,12,12,0.74,2,13,157,2033,-8,238,1
758,11,348,88,12,12,0.79,2,46,232,2020,-2,-320,1
758,12,315,91,12,12,0.73,2,14,157,2064,-7,242,1
759,11,348,87,12,12,0.81,2,47,232,1988,-2,-320,1
759,12,314,92,13,12,0.75,2,15,156,2092,-7,245,1
760,11,348,86,11,12,0.75,2,48,232,1956,-2,-320,1
760,12,314,92,13,13,0.74,2,16,156,2119,-7,247,1
761,11,349,85,10,12,0.70,2,49,232,1924,-2,-320,1
761,12,314,94,12,14,0.75,2,17,155,2155,-6,254,1
762,11,348,84,10,11,0.70,2,50,232,1892,-2,-320,1
762,12,313,95,13,13,0.78,2,18,155,2182,-6,255,1
763,11,348,83,11,11,0.73,2,51,231,1860,-2,-320,1
763,12,312,96,14,13,0.78,2,19,155,2208,-6,256,1
764,11,348,82,11,11,0.68,2,52,231,1828,-2,-320,1
764,12,312,96,14,14,0.78,2,20,154,2233,-6,255,1
765,11,348,81,10,11,0.70,2,53,231,1796,-2,-320,1
765,12,311,99,14,13,0.82,2,21,154,2260,-5,256,1
766,11,348,80,10,11,0.76,2,54,231,1763,-2,-320,1
766,12,312,100,13,13,0.82,2,22,154,2286,-5,256,1
767,11,348,80,10,10,0.64,2,55,231,1731,-2,-320,1
767,12,312,102,13,13,0.84,2,23,154,2313,-5,257,1
768,11,349,79,10,11,0.57,2,56,231,1699,-1,-320,1
768,12,310,102,14,13,0.83,2,24,153,2336,-5,255,1
769,11,349,79,10,10,0.43,2,57,231,1667,-1,-320,1
769,12,311,103,14,14,0.84,2,25,153,2360,-4,255,1
770,11,349,78,10,10,0.32,2,58,231,1635,-1,-320,1
770,12,310,105,14,14,0.82,2,26,153,2386,-4,255,1
771,11,350,77,9,10,0.59,2,59,231,1603,-1,-320,1
771,12,310,106,14,14,0.84,2,27,153,2409,-4,254,1
772,11,349,77,10,10,0.54,2,60,231,1572,-1,-320,1
772,12,310,108,14,14,0.83,2,28,153,2434,-4,254,1
773,11,349,76,10,10,0.52,2,61,231,1540,-1,-320,1
773,12,310,110,14,14,0.83,2,29,153,2459,-3,254,1
774,11,350,76,9,9,0.40,2,62,231,1508,-1,-320,1
774,12,310,110,14,14,0.84,2,30,153,2481,-3,253,1
775,11,350,75,9,9,0.33,2,63,231,1476,-1,-320,1
775,12,310,112,14,14,0.85,2,31,153,2503,-3,252,1
776,11,350,74,10,9,0.51,2,64,231,1444,-1,-320,1
776,12,310,112,14,16,0.84,2,32,153,2526,-3,251,1
777,11,351,74,8,9,0.47,2,65,231,1412,-1,-320,1
777,12,309,114,16,17,0.84,2,33,153,2550,-2,251,1
778,11,350,74,10,9,0.36,2,66,231,1380,-1,-320,1
778,12,308,114,16,18,0.84,2,34,153,2573,-2,250,1
779,11,352,74,8,8,0.14,2,67,231,1348,-1,-320,1
779,12,308,118,15,16,0.85,2,35,153,2596,-2,249,1
780,12,308,119,15,16,0.85,2,36,153,2617,-2,248,1
781,12,308,121,16,17,0.85,2,37,153,2640,-1,248,1
782,12,308,123,16,17,0.87,2,38,153,2662,-1,247,1
783,12,306,125,17,18,0.86,2,39,154,2685,-1,246,1
784,12,305,127,18,18,0.85,2,40,154,2707,-1,246,1
785,12,305,130,18,18,0.85,2,41,154,2730,-1,245,1
786,12,305,131,18,18,0.84,2,42,154,2751,-1,245,1
787,12,304,133,18,20,0.85,2,43,155,2774,-1,244,1
788,12,304,136,18,20,0.86,2,44,155,2796,-0,244,1
789,12,304,137,18,22,0.84,2,45,155,2819,-0,243,1
790,12,303,141,18,20,0.84,2,46,156,2840,-0,243,1
791,12,302,143,20,22,0.85,2,47,156,2862,-0,242,1
792,12,301,146,20,22,0.85,2,48,156,2884,0,241,1
793,12,301,149,20,23,0.87,2,49,157,2906,0,241,1
794,12,301,152,20,24,0.86,2,50,157,2928,0,241,1
795,12,300,156,20,25,0.87,2,51,157,2950,0,240,1
796,12,299,158,22,26,0.87,2,52,158,2972,1,240,1
797,12,298,164,21,25,0.87,2,53,158,2994,1,239,1
798,12,298,167,22,26,0.84,2,54,158,3015,1,239,1
799,12,297,172,24,28,0.85,2,55,159,3037,1,239,1
800,12,296,176,24,27,0.85,2,56,159,3059,1,238,1
801,12,295,182,24,28,0.85,2,57,159,3080,1,238,1
802,12,294,185,24,30,0.87,2,58,160,3101,1,237,1
803,12,292,192,26,32,0.88,2,59,160,3124,1,237,1
804,12,292,197,26,32,0.89,2,60,161,3145,1,237,1
805,12,290,205,27,34,0.89,2,61,161,3167,1,236,1
806,12,289,209,28,36,0.89,2,62,161,3188,1,236,1
807,12,288,218,28,38,0.89,2,63,162,3210,2,236,1
808,12,285,224,28,40,0.88,2,64,162,3231,2,235,1
809,12,282,234,31,44,0.90,2,65,163,3254,2,235,1
810,12,280,242,32,46,0.90,2,66,163,3276,2,235,1
811,12,278,254,33,49,0.90,2,67,163,3298,2,235,1
812,12,275,265,35,50,0.91,2,68,164,3320,2,234,1
813,12,271,280,37,55,0.90,2,69,164,3342,2,234,1
814,12,268,292,39,58,0.92,2,70,165,3364,2,234,1
815,12,262,309,42,66,0.90,2,71,165,3387,2,234,1
816,12,257,324,46,71,0.92,2,72,165,3409,2,233,1
817,12,250,348,50,79,0.90,2,73,166,3431,2,233,1
818,12,245,366,54,88,0.92,2,74,166,3453,2,233,1
819,12,234,400,58,102,0.91,2,75,166,3476,2,233,1
877,13,482,339,132,192,0.92,7,1,263,3484,0,-200,1
878,13,474,320,116,174,0.93,7,2,263,3465,-1,-186,1
879,13,462,295,100,153,0.92,7,3,263,3440,-3,-220,1
880,13,456,280,92,142,0.94,7,4,263,3419,-1,-217,1
881,13,446,260,84,129,0.93,7,5,263,3395,-1,-223,1
882,13,442,249,76,120,0.92,7,6,263,3372,-0,-223,1
883,13,434,234,70,110,0.93,7,7,263,3349,-1,-226,1
884,13,428,225,68,104,0.93,7,8,263,3326,-1,-225,1
885,13,424,212,60,96,0.92,7,9,263,3302,-1,-227,1
886,13,420,204,60,93,0.91,7,10,263,3279,-0,-227,1
887,13,416,194,54,88,0.90,7,11,263,3256,-0,-228,1
888,13,412,186,52,86,0.91,7,12,263,3234,-1,-228,1
889,13,409,180,50,78,0.90,7,13,262,3210,-0,-229,1
890,13,407,176,48,75,0.90,7,14,262,3187,-0,-228,1
891,13,404,168,44,72,0.90,7,15,262,3164,-0,-229,1
892,13,401,164,44,70,0.91,7,16,262,3141,-0,-229,1
893,13,399,158,40,67,0.89,7,17,263,3118,-0,-229,1
894,13,396,154,40,64,0.91,7,18,263,3095,-0,-229,1
895,13,396,148,36,62,0.90,7,19,263,3072,-0,-229,1
896,13,393,146,36,60,0.89,7,20,263,3049,-0,-229,1
897,13,390,141,36,58,0.90,7,21,263,3026,-0,-229,1
898,13,388,138,36,56,0.90,7,22,263,3003,-0,-229,1
899,13,386,135,34,53,0.90,7,23,263,2980,-0,-229,1
900,13,386,133,32,52,0.90,7,24,262,2957,-0,-229,1
901,13,384,129,32,51,0.89,7,25,262,2935,-0,-229,1
901,14,319,71,10,10,0.36,2,1,146,1342,0,200,1
