1,-1,406,380,54,58,0.91,2,-1,-1
1,-1,350,191,18,19,0.86,2,-1,-1
1,-1,374,138,15,21,0.85,7,-1,-1
1,-1,305,175,15,16,0.84,2,-1,-1
1,-1,345,166,13,14,0.83,2,-1,-1
1,-1,337,145,8,9,0.36,2,-1,-1
2,-1,402,367,50,54,0.91,2,-1,-1
2,-1,350,190,18,18,0.85,2,-1,-1
2,-1,375,138,14,21,0.85,7,-1,-1
2,-1,305,176,15,16,0.84,2,-1,-1
2,-1,344,165,13,16,0.78,2,-1,-1
2,-1,336,145,9,9,0.24,2,-1,-1
3,-1,397,349,46,50,0.90,2,-1,-1
3,-1,374,138,15,21,0.85,7,-1,-1
3,-1,304,178,15,16,0.84,2,-1,-1
3,-1,350,189,17,18,0.84,2,-1,-1
3,-1,344,165,13,15,0.80,2,-1,-1
3,-1,336,145,9,9,0.24,2,-1,-1
4,-1,394,338,45,48,0.90,2,-1,-1
4,-1,348,188,17,18,0.85,2,-1,-1
4,-1,376,138,14,21,0.85,7,-1,-1
4,-1,304,178,16,16,0.85,2,-1,-1
4,-1,344,164,13,15,0.82,2,-1,-1
4,-1,336,144,9,9,0.32,2,-1,-1
5,-1,390,325,44,45,0.90,2,-1,-1
5,-1,348,186,16,18,0.87,2,-1,-1
5,-1,376,137,14,20,0.84,7,-1,-1
5,-1,304,179,16,17,0.84,2,-1,-1
5,-1,344,163,12,16,0.82,2,-1,-1
5,-1,336,144,9,9,0.26,2,-1,-1
6,-1,387,316,42,43,0.91,2,-1,-1
6,-1,348,184,16,18,0.87,2,-1,-1
6,-1,303,179,16,18,0.84,2,-1,-1
6,-1,375,137,15,21,0.84,7,-1,-1
6,-1,344,162,12,15,0.83,2,-1,-1
6,-1,336,143,9,8,0.18,2,-1,-1
7,-1,384,304,38,40,0.89,2,-1,-1
7,-1,347,183,16,16,0.85,2,-1,-1
7,-1,376,136,15,21,0.84,7,-1,-1
7,-1,304,181,15,17,0.83,2,-1,-1
7,-1,344,161,12,15,0.77,2,-1,-1
7,-1,336,143,9,8,0.28,2,-1,-1
8,-1,382,296,37,40,0.90,2,-1,-1
8,-1,347,182,16,16,0.85,2,-1,-1
8,-1,376,136,15,21,0.84,7,-1,-1
8,-1,303,182,16,17,0.83,2,-1,-1
8,-1,343,161,12,15,0.79,2,-1,-1
8,-1,337,143,9,8,0.29,2,-1,-1
9,-1,378,287,36,38,0.89,2,-1,-1
9,-1,303,183,16,18,0.85,2,-1,-1
9,-1,347,181,15,16,0.84,2,-1,-1
9,-1,376,136,14,21,0.83,7,-1,-1
9,-1,342,160,12,14,0.79,2,-1,-1
9,-1,337,142,8,8,0.16,2,-1,-1
10,-1,378,282,34,35,0.89,2,-1,-1
10,-1,302,184,16,18,0.84,2,-1,-1
10,-1,346,180,16,16,0.83,2,-1,-1
10,-1,376,136,14,21,0.83,7,-1,-1
10,-1,342,161,12,14,0.80,2,-1,-1
10,-1,337,142,8,8,0.16,2,-1,-1
11,-1,375,272,32,35,0.88,2,-1,-1
11,-1,346,179,15,16,0.84,2,-1,-1
11,-1,302,186,16,18,0.83,2,-1,-1
11,-1,376,136,14,21,0.83,7,-1,-1
11,-1,342,160,12,14,0.78,2,-1,-1
11,-1,336,142,8,8,0.26,2,-1,-1
12,-1,372,263,31,37,0.88,2,-1,-1
12,-1,346,178,15,15,0.84,2,-1,-1
12,-1,376,135,14,21,0.83,7,-1,-1
12,-1,302,187,16,18,0.83,2,-1,-1
12,-1,342,160,12,14,0.79,2,-1,-1
12,-1,336,142,8,8,0.27,2,-1,-1
13,-1,370,259,30,34,0.88,2,-1,-1
13,-1,302,188,16,18,0.85,2,-1,-1
13,-1,377,135,14,21,0.83,7,-1,-1
13,-1,344,174,15,16,0.82,2,-1,-1
13,-1,342,158,11,14,0.66,2,-1,-1
13,-1,336,142,8,8,0.19,2,-1,-1
14,-1,370,256,29,31,0.88,2,-1,-1
14,-1,302,190,16,18,0.86,2,-1,-1
14,-1,377,135,14,21,0.83,7,-1,-1
14,-1,344,174,15,16,0.80,2,-1,-1
14,-1,342,158,11,13,0.63,2,-1,-1
14,-1,336,142,8,8,0.18,2,-1,-1
15,-1,368,250,28,29,0.89,2,-1,-1
15,-1,301,192,16,18,0.86,2,-1,-1
15,-1,378,135,13,20,0.82,7,-1,-1
15,-1,344,173,14,16,0.79,2,-1,-1
15,-1,342,158,11,12,0.64,2,-1,-1
15,-1,336,142,8,8,0.11,2,-1,-1
16,-1,367,246,27,29,0.88,2,-1,-1
16,-1,300,194,16,18,0.84,2,-1,-1
16,-1,378,135,13,20,0.82,7,-1,-1
16,-1,344,174,14,15,0.77,2,-1,-1
16,-1,342,158,10,12,0.75,2,-1,-1
17,-1,366,240,26,28,0.87,2,-1,-1
17,-1,299,195,17,18,0.84,2,-1,-1
17,-1,378,134,13,20,0.81,7,-1,-1
17,-1,344,172,14,14,0.79,2,-1,-1
17,-1,341,157,11,12,0.71,2,-1,-1
18,-1,543,463,82,70,0.90,2,-1,-1
18,-1,365,238,26,27,0.87,2,-1,-1
18,-1,298,197,18,18,0.85,2,-1,-1
18,-1,378,134,13,20,0.81,7,-1,-1
18,-1,343,170,14,16,0.81,2,-1,-1
18,-1,341,157,11,12,0.75,2,-1,-1
19,-1,529,441,76,66,0.91,2,-1,-1
19,-1,363,233,25,26,0.89,2,-1,-1
19,-1,298,198,18,20,0.86,2,-1,-1
19,-1,343,170,14,15,0.82,2,-1,-1
19,-1,378,134,13,20,0.82,7,-1,-1
19,-1,341,156,10,12,0.74,2,-1,-1
20,-1,521,428,72,61,0.91,2,-1,-1
20,-1,363,230,24,25,0.87,2,-1,-1
20,-1,297,200,18,20,0.85,2,-1,-1
20,-1,343,169,14,15,0.83,2,-1,-1
20,-1,378,134,13,20,0.82,7,-1,-1
20,-1,341,155,11,12,0.75,2,-1,-1
20,-1,336,140,8,7,0.12,2,-1,-1
21,-1,512,408,66,58,0.92,2,-1,-1
21,-1,362,226,23,24,0.88,2,-1,-1
21,-1,296,203,18,19,0.85,2,-1,-1
21,-1,343,168,13,15,0.80,2,-1,-1
21,-1,379,134,13,20,0.80,7,-1,-1
21,-1,341,154,10,11,0.62,2,-1,-1
21,-1,336,140,7,7,0.15,2,-1,-1
22,-1,504,397,63,54,0.92,2,-1,-1
22,-1,360,224,23,24,0.86,2,-1,-1
22,-1,296,205,19,19,0.85,2,-1,-1
22,-1,343,168,13,14,0.82,2,-1,-1
22,-1,380,134,12,20,0.81,7,-1,-1
22,-1,341,154,10,12,0.72,2,-1,-1
23,-1,494,380,59,52,0.91,2,-1,-1
23,-1,360,220,22,24,0.87,2,-1,-1
23,-1,294,207,20,20,0.86,2,-1,-1
23,-1,342,167,13,14,0.81,2,-1,-1
23,-1,380,134,12,20,0.81,7,-1,-1
23,-1,340,153,11,11,0.50,2,-1,-1
24,-1,489,370,56,50,0.90,2,-1,-1
24,-1,359,217,22,23,0.88,2,-1,-1
24,-1,294,208,20,20,0.85,2,-1,-1
24,-1,380,134,12,20,0.80,7,-1,-1
24,-1,342,166,13,14,0.78,2,-1,-1
24,-1,340,152,10,12,0.41,2,-1,-1
25,-1,482,358,53,47,0.91,2,-1,-1
25,-1,292,210,21,22,0.87,2,-1,-1
25,-1,358,215,21,22,0.87,2,-1,-1
25,-1,380,134,12,18,0.85,7,-1,-1
25,-1,342,166,12,13,0.79,2,-1,-1
26,-1,477,350,51,45,0.90,2,-1,-1
26,-1,358,212,21,22,0.88,2,-1,-1
26,-1,292,212,21,22,0.88,2,-1,-1
26,-1,380,134,12,18,0.85,7,-1,-1
26,-1,342,166,12,12,0.78,2,-1,-1
26,-1,340,151,10,12,0.32,2,-1,-1
27,-1,470,338,48,43,0.92,2,-1,-1
27,-1,357,210,20,20,0.87,2,-1,-1
27,-1,290,215,21,23,0.85,2,-1,-1
27,-1,380,134,12,18,0.85,7,-1,-1
27,-1,342,157,12,20,0.73,2,-1,-1
28,-1,466,332,47,41,0.90,2,-1,-1
28,-1,290,216,21,23,0.87,2,-1,-1
28,-1,357,208,19,20,0.86,2,-1,-1
28,-1,380,134,12,18,0.85,7,-1,-1
28,-1,341,160,12,17,0.80,2,-1,-1
29,-1,460,322,44,40,0.90,2,-1,-1
29,-1,356,205,19,20,0.87,2,-1,-1
29,-1,289,220,22,24,0.86,2,-1,-1
29,-1,381,133,12,18,0.82,7,-1,-1
29,-1,341,158,12,17,0.80,2,-1,-1
30,-1,457,316,42,38,0.90,2,-1,-1
30,-1,355,204,19,19,0.86,2,-1,-1
30,-1,288,221,22,25,0.84,2,-1,-1
30,-1,342,160,12,16,0.83,2,-1,-1
30,-1,381,133,12,18,0.82,7,-1,-1
31,-1,451,307,42,37,0.90,2,-1,-1
31,-1,287,225,23,25,0.88,2,-1,-1
31,-1,354,200,19,20,0.86,2,-1,-1
31,-1,381,132,12,19,0.81,7,-1,-1
31,-1,340,153,12,20,0.73,2,-1,-1
32,-1,448,302,40,35,0.88,2,-1,-1
32,-1,354,199,19,19,0.87,2,-1,-1
32,-1,286,227,23,26,0.87,2,-1,-1
32,-1,339,155,12,18,0.78,2,-1,-1
32,-1,382,132,12,19,0.74,7,-1,-1
33,-1,285,232,24,26,0.89,2,-1,-1
33,-1,444,295,38,34,0.89,2,-1,-1
33,-1,354,197,18,18,0.86,2,-1,-1
33,-1,340,157,12,15,0.80,2,-1,-1
33,-1,382,132,12,19,0.75,7,-1,-1
34,-1,442,290,37,33,0.89,2,-1,-1
34,-1,283,234,25,28,0.89,2,-1,-1
34,-1,352,195,18,18,0.86,2,-1,-1
34,-1,340,156,12,16,0.80,2,-1,-1
34,-1,382,132,12,19,0.75,7,-1,-1
35,-1,438,284,36,32,0.89,2,-1,-1
35,-1,280,238,26,28,0.88,2,-1,-1
35,-1,352,194,17,18,0.85,2,-1,-1
35,-1,338,150,13,20,0.75,2,-1,-1
35,-1,382,132,12,19,0.74,7,-1,-1
36,-1,279,241,28,30,0.88,2,-1,-1
36,-1,435,280,35,30,0.88,2,-1,-1
36,-1,352,194,17,16,0.86,2,-1,-1
36,-1,338,150,13,20,0.74,2,-1,-1
36,-1,382,132,12,18,0.73,7,-1,-1
37,-1,278,246,27,30,0.89,2,-1,-1
37,-1,432,274,32,29,0.88,2,-1,-1
37,-1,352,191,17,16,0.85,2,-1,-1
37,-1,340,155,11,14,0.81,2,-1,-1
38,-1,276,249,28,32,0.89,2,-1,-1
38,-1,431,270,32,30,0.88,2,-1,-1
38,-1,351,190,16,17,0.85,2,-1,-1
38,-1,340,156,11,14,0.79,2,-1,-1
39,-1,427,266,31,28,0.88,2,-1,-1
39,-1,274,255,30,33,0.88,2,-1,-1
39,-1,351,188,16,16,0.85,2,-1,-1
39,-1,339,153,12,15,0.80,2,-1,-1
40,-1,273,258,30,34,0.89,2,-1,-1
40,-1,424,262,31,28,0.87,2,-1,-1
40,-1,351,188,16,16,0.85,2,-1,-1
40,-1,338,152,12,16,0.82,2,-1,-1
41,-1,270,265,31,36,0.90,2,-1,-1
41,-1,422,257,30,27,0.88,2,-1,-1
41,-1,350,186,16,15,0.87,2,-1,-1
41,-1,338,151,12,16,0.82,2,-1,-1
42,-1,267,270,33,38,0.90,2,-1,-1
42,-1,420,254,29,26,0.87,2,-1,-1
42,-1,350,185,16,15,0.86,2,-1,-1
42,-1,339,152,11,15,0.80,2,-1,-1
43,-1,452,288,160,216,0.93,7,-1,-1
43,-1,264,277,34,40,0.90,2,-1,-1
43,-1,418,251,28,25,0.88,2,-1,-1
43,-1,349,183,15,14,0.85,2,-1,-1
43,-1,339,152,11,14,0.78,2,-1,-1
44,-1,446,282,152,204,0.93,7,-1,-1
44,-1,264,282,34,40,0.90,2,-1,-1
44,-1,416,247,28,25,0.87,2,-1,-1
44,-1,349,182,15,14,0.84,2,-1,-1
44,-1,339,151,10,14,0.77,2,-1,-1
45,-1,440,272,138,187,0.94,7,-1,-1
45,-1,260,290,36,43,0.90,2,-1,-1
45,-1,415,244,26,24,0.87,2,-1,-1
45,-1,348,180,15,15,0.86,2,-1,-1
45,-1,338,150,11,13,0.71,2,-1,-1
46,-1,436,266,130,176,0.94,7,-1,-1
46,-1,256,296,38,46,0.90,2,-1,-1
46,-1,414,242,26,24,0.89,2,-1,-1
46,-1,348,179,15,15,0.87,2,-1,-1
46,-1,338,151,11,13,0.74,2,-1,-1
47,-1,428,258,120,163,0.94,7,-1,-1
47,-1,251,306,41,49,0.92,2,-1,-1
47,-1,410,238,26,24,0.88,2,-1,-1
47,-1,348,178,15,14,0.86,2,-1,-1
47,-1,338,151,10,12,0.72,2,-1,-1
48,-1,425,252,115,154,0.93,7,-1,-1
48,-1,249,313,43,51,0.92,2,-1,-1
48,-1,409,236,25,22,0.88,2,-1,-1
48,-1,347,177,14,14,0.85,2,-1,-1
48,-1,338,150,11,12,0.62,2,-1,-1
49,-1,420,245,107,144,0.93,7,-1,-1
49,-1,244,322,42,58,0.92,2,-1,-1
49,-1,408,232,23,22,0.88,2,-1,-1
49,-1,347,176,14,14,0.85,2,-1,-1
49,-1,338,148,11,14,0.72,2,-1,-1
50,-1,416,241,102,139,0.93,7,-1,-1
50,-1,241,334,44,58,0.92,2,-1,-1
50,-1,406,230,22,22,0.88,2,-1,-1
50,-1,347,175,14,14,0.85,2,-1,-1
50,-1,338,149,10,12,0.72,2,-1,-1
51,-1,234,348,48,63,0.93,2,-1,-1
51,-1,411,235,97,130,0.92,7,-1,-1
51,-1,404,228,20,21,0.88,2,-1,-1
51,-1,346,174,14,14,0.83,2,-1,-1
51,-1,338,149,10,12,0.66,2,-1,-1
52,-1,227,359,52,66,0.94,2,-1,-1
52,-1,408,230,92,124,0.93,7,-1,-1
52,-1,346,174,14,12,0.83,2,-1,-1
52,-1,404,226,18,21,0.79,2,-1,-1
52,-1,337,147,10,14,0.63,2,-1,-1
53,-1,402,224,88,120,0.93,7,-1,-1
53,-1,222,376,54,75,0.91,2,-1,-1
53,-1,346,172,13,13,0.82,2,-1,-1
53,-1,337,148,10,12,0.62,2,-1,-1
54,-1,400,222,84,113,0.93,7,-1,-1
54,-1,216,392,57,78,0.92,2,-1,-1
54,-1,346,172,13,13,0.82,2,-1,-1
54,-1,337,148,10,12,0.62,2,-1,-1
55,-1,398,218,79,108,0.93,7,-1,-1
55,-1,205,415,63,88,0.92,2,-1,-1
55,-1,346,170,13,12,0.84,2,-1,-1
55,-1,338,148,10,12,0.60,2,-1,-1
56,-1,396,216,75,103,0.94,7,-1,-1
56,-1,196,434,70,94,0.92,2,-1,-1
56,-1,346,171,13,12,0.84,2,-1,-1
56,-1,338,148,10,12,0.65,2,-1,-1
57,-1,392,212,72,99,0.93,7,-1,-1
57,-1,344,169,13,12,0.84,2,-1,-1
57,-1,337,146,10,13,0.71,2,-1,-1
58,-1,390,209,70,96,0.93,7,-1,-1
58,-1,344,168,13,12,0.84,2,-1,-1
58,-1,337,144,10,14,0.71,2,-1,-1
59,-1,386,206,66,92,0.93,7,-1,-1
59,-1,344,167,13,12,0.82,2,-1,-1
59,-1,337,145,10,13,0.64,2,-1,-1
60,-1,384,204,65,88,0.93,7,-1,-1
60,-1,344,166,12,12,0.83,2,-1,-1
60,-1,338,145,9,12,0.71,2,-1,-1
60,-1,315,149,8,8,0.15,2,-1,-1
61,-1,382,201,62,84,0.92,7,-1,-1
61,-1,344,166,12,12,0.85,2,-1,-1
61,-1,338,145,9,12,0.69,2,-1,-1
61,-1,315,149,9,8,0.27,2,-1,-1
62,-1,380,199,59,82,0.92,7,-1,-1
62,-1,344,165,12,12,0.85,2,-1,-1
62,-1,338,145,9,12,0.68,2,-1,-1
62,-1,315,149,9,8,0.27,2,-1,-1
63,-1,378,196,57,80,0.92,7,-1,-1
63,-1,344,164,11,12,0.85,2,-1,-1
63,-1,337,144,9,12,0.62,2,-1,-1
63,-1,315,150,8,8,0.20,2,-1,-1
64,-1,376,194,56,78,0.92,7,-1,-1
64,-1,344,164,11,12,0.86,2,-1,-1
64,-1,337,142,9,13,0.71,2,-1,-1
64,-1,315,150,8,8,0.10,2,-1,-1
65,-1,374,192,53,75,0.91,7,-1,-1
65,-1,344,162,11,12,0.86,2,-1,-1
65,-1,337,143,9,12,0.51,2,-1,-1
66,-1,372,190,52,74,0.91,7,-1,-1
66,-1,344,162,11,12,0.86,2,-1,-1
66,-1,337,144,9,12,0.51,2,-1,-1
67,-1,371,188,50,70,0.92,7,-1,-1
67,-1,343,162,11,12,0.87,2,-1,-1
67,-1,337,144,10,11,0.44,2,-1,-1
68,-1,369,187,49,69,0.92,7,-1,-1
68,-1,343,161,11,12,0.86,2,-1,-1
68,-1,337,142,9,11,0.43,2,-1,-1
69,-1,368,185,46,67,0.93,7,-1,-1
69,-1,342,161,11,11,0.85,2,-1,-1
69,-1,337,142,9,11,0.38,2,-1,-1
70,-1,366,184,46,66,0.92,7,-1,-1
70,-1,343,160,10,10,0.80,2,-1,-1
70,-1,337,142,9,11,0.39,2,-1,-1
71,-1,364,182,44,64,0.91,7,-1,-1
71,-1,342,160,11,11,0.82,2,-1,-1
71,-1,337,141,8,12,0.36,2,-1,-1
71,-1,314,152,8,10,0.11,2,-1,-1
72,-1,364,181,43,62,0.92,7,-1,-1
72,-1,342,159,10,11,0.83,2,-1,-1
72,-1,337,141,8,11,0.51,2,-1,-1
73,-1,362,179,41,61,0.91,7,-1,-1
73,-1,342,158,10,10,0.83,2,-1,-1
73,-1,336,142,8,10,0.44,2,-1,-1
74,-1,361,178,40,60,0.91,7,-1,-1
74,-1,342,158,10,10,0.83,2,-1,-1
74,-1,336,142,8,10,0.42,2,-1,-1
75,-1,360,176,39,58,0.92,7,-1,-1
75,-1,342,158,10,10,0.81,2,-1,-1
75,-1,336,142,8,10,0.38,2,-1,-1
76,-1,358,175,39,57,0.91,7,-1,-1
76,-1,342,157,10,10,0.84,2,-1,-1
76,-1,313,157,10,10,0.75,2,-1,-1
76,-1,337,142,8,9,0.27,2,-1,-1
77,-1,358,174,38,56,0.91,7,-1,-1
77,-1,342,156,10,10,0.83,2,-1,-1
77,-1,312,156,10,10,0.80,2,-1,-1
77,-1,336,142,8,9,0.28,2,-1,-1
78,-1,357,172,37,54,0.92,7,-1,-1
78,-1,342,156,10,10,0.82,2,-1,-1
78,-1,312,156,10,10,0.80,2,-1,-1
78,-1,336,141,8,10,0.17,2,-1,-1
79,-1,356,171,36,53,0.90,7,-1,-1
79,-1,312,157,10,11,0.79,2,-1,-1
79,-1,342,156,10,10,0.78,2,-1,-1
79,-1,337,140,8,10,0.22,2,-1,-1
80,-1,355,170,35,52,0.90,7,-1,-1
80,-1,312,157,10,11,0.82,2,-1,-1
80,-1,341,155,10,10,0.77,2,-1,-1
80,-1,336,140,8,10,0.15,2,-1,-1
81,-1,354,169,34,51,0.90,7,-1,-1
81,-1,312,158,10,11,0.82,2,-1,-1
81,-1,341,155,10,9,0.71,2,-1,-1
82,-1,353,168,34,50,0.90,7,-1,-1
82,-1,312,158,10,11,0.82,2,-1,-1
82,-1,341,154,10,9,0.71,2,-1,-1
83,-1,352,168,33,48,0.90,7,-1,-1
83,-1,312,159,10,12,0.81,2,-1,-1
83,-1,340,154,10,9,0.60,2,-1,-1
84,-1,351,167,32,48,0.89,7,-1,-1
84,-1,311,160,11,12,0.79,2,-1,-1
84,-1,340,154,10,10,0.62,2,-1,-1
85,-1,350,166,32,46,0.89,7,-1,-1
85,-1,311,161,11,12,0.83,2,-1,-1
85,-1,340,152,10,9,0.50,2,-1,-1
85,-1,304,148,8,8,0.12,2,-1,-1
86,-1,350,165,30,46,0.90,7,-1,-1
86,-1,311,161,11,12,0.83,2,-1,-1
86,-1,340,152,10,9,0.48,2,-1,-1
86,-1,304,148,8,8,0.13,2,-1,-1
87,-1,348,164,30,45,0.88,7,-1,-1
87,-1,310,162,11,13,0.82,2,-1,-1
87,-1,340,152,9,8,0.40,2,-1,-1
87,-1,304,148,8,8,0.10,2,-1,-1
88,-1,348,163,29,45,0.88,7,-1,-1
88,-1,310,162,11,12,0.84,2,-1,-1
88,-1,340,152,9,8,0.45,2,-1,-1
88,-1,304,148,8,8,0.10,2,-1,-1
89,-1,348,162,28,44,0.88,7,-1,-1
89,-1,310,163,11,12,0.84,2,-1,-1
89,-1,374,178,11,13,0.63,2,-1,-1
89,-1,340,150,10,10,0.57,2,-1,-1
89,-1,304,148,8,8,0.10,2,-1,-1
90,-1,346,162,28,44,0.87,7,-1,-1
90,-1,310,164,11,12,0.84,2,-1,-1
90,-1,372,178,12,14,0.75,2,-1,-1
90,-1,340,150,10,10,0.52,2,-1,-1
91,-1,345,161,28,42,0.87,7,-1,-1
91,-1,310,165,11,12,0.83,2,-1,-1
91,-1,371,176,13,14,0.80,2,-1,-1
91,-1,340,150,10,10,0.50,2,-1,-1
92,-1,344,160,28,41,0.86,7,-1,-1
92,-1,310,165,12,13,0.84,2,-1,-1
92,-1,370,176,13,14,0.76,2,-1,-1
92,-1,340,150,9,10,0.38,2,-1,-1
93,-1,344,159,27,41,0.87,7,-1,-1
93,-1,310,167,12,12,0.84,2,-1,-1
93,-1,371,175,12,14,0.81,2,-1,-1
93,-1,340,149,9,10,0.38,2,-1,-1
94,-1,344,159,27,40,0.88,7,-1,-1
94,-1,309,168,12,13,0.82,2,-1,-1
94,-1,370,174,13,14,0.82,2,-1,-1
94,-1,339,148,9,10,0.46,2,-1,-1
95,-1,344,158,27,40,0.87,7,-1,-1
95,-1,309,168,12,13,0.85,2,-1,-1
95,-1,370,174,13,14,0.82,2,-1,-1
95,-1,340,148,9,10,0.39,2,-1,-1
96,-1,370,174,12,13,0.88,2,-1,-1
96,-1,343,158,26,39,0.87,7,-1,-1
96,-1,308,169,12,14,0.85,2,-1,-1
96,-1,340,148,9,10,0.38,2,-1,-1
97,-1,370,173,13,14,0.90,2,-1,-1
97,-1,344,157,25,38,0.86,7,-1,-1
97,-1,308,171,13,14,0.85,2,-1,-1
97,-1,339,148,9,9,0.49,2,-1,-1
98,-1,370,172,13,13,0.90,2,-1,-1
98,-1,342,156,26,38,0.87,7,-1,-1
98,-1,308,172,13,13,0.85,2,-1,-1
98,-1,339,147,9,9,0.45,2,-1,-1
99,-1,342,156,25,38,0.87,7,-1,-1
99,-1,306,173,14,14,0.84,2,-1,-1
99,-1,370,172,12,13,0.82,2,-1,-1
99,-1,338,146,9,10,0.38,2,-1,-1
100,-1,342,155,24,37,0.87,7,-1,-1
100,-1,306,173,14,14,0.85,2,-1,-1
100,-1,370,172,12,13,0.81,2,-1,-1
100,-1,338,146,9,9,0.31,2,-1,-1
101,-1,341,155,24,36,0.87,7,-1,-1
101,-1,306,174,14,15,0.84,2,-1,-1
101,-1,370,170,12,13,0.82,2,-1,-1
101,-1,338,146,8,10,0.29,2,-1,-1
102,-1,341,154,23,35,0.86,7,-1,-1
102,-1,306,175,14,15,0.84,2,-1,-1
102,-1,369,170,12,13,0.81,2,-1,-1
102,-1,338,146,8,9,0.19,2,-1,-1
103,-1,341,154,22,35,0.85,7,-1,-1
103,-1,306,176,15,15,0.84,2,-1,-1
103,-1,369,169,12,13,0.82,2,-1,-1
104,-1,340,154,23,34,0.86,7,-1,-1
104,-1,305,177,15,15,0.83,2,-1,-1
104,-1,369,168,12,13,0.78,2,-1,-1
105,-1,340,152,23,34,0.85,7,-1,-1
105,-1,305,179,15,16,0.83,2,-1,-1
105,-1,368,168,12,12,0.77,2,-1,-1
106,-1,340,152,22,34,0.86,7,-1,-1
106,-1,305,180,15,15,0.84,2,-1,-1
106,-1,368,167,12,13,0.82,2,-1,-1
107,-1,340,152,22,33,0.86,7,-1,-1
107,-1,369,166,12,13,0.84,2,-1,-1
107,-1,304,181,15,16,0.84,2,-1,-1
108,-1,340,151,22,33,0.85,7,-1,-1
108,-1,304,182,15,16,0.84,2,-1,-1
108,-1,369,166,12,13,0.83,2,-1,-1
109,-1,339,150,22,33,0.85,7,-1,-1
109,-1,304,184,15,16,0.85,2,-1,-1
109,-1,368,165,12,14,0.84,2,-1,-1
110,-1,303,185,15,16,0.86,2,-1,-1
110,-1,368,164,12,13,0.85,2,-1,-1
110,-1,338,150,22,32,0.85,7,-1,-1
111,-1,368,164,12,13,0.86,2,-1,-1
111,-1,338,150,22,32,0.85,7,-1,-1
111,-1,303,188,15,16,0.85,2,-1,-1
112,-1,368,164,12,13,0.86,2,-1,-1
112,-1,338,149,22,32,0.86,7,-1,-1
112,-1,303,190,15,15,0.84,2,-1,-1
113,-1,338,148,22,31,0.86,7,-1,-1
113,-1,302,192,16,16,0.86,2,-1,-1
113,-1,368,163,12,13,0.85,2,-1,-1
114,-1,301,193,16,16,0.87,2,-1,-1
114,-1,338,148,22,31,0.86,7,-1,-1
114,-1,368,163,12,13,0.86,2,-1,-1
115,-1,368,162,12,14,0.86,2,-1,-1
115,-1,338,148,21,30,0.86,7,-1,-1
115,-1,300,196,16,16,0.86,2,-1,-1
116,-1,300,198,16,16,0.86,2,-1,-1
116,-1,338,148,21,30,0.86,7,-1,-1
116,-1,368,162,12,14,0.85,2,-1,-1
117,-1,299,199,17,17,0.87,2,-1,-1
117,-1,338,147,21,30,0.85,7,-1,-1
117,-1,368,160,12,15,0.82,2,-1,-1
118,-1,299,200,18,18,0.87,2,-1,-1
118,-1,338,146,21,30,0.85,7,-1,-1
118,-1,368,160,12,14,0.81,2,-1,-1
119,-1,298,203,18,18,0.87,2,-1,-1
119,-1,338,146,20,29,0.85,7,-1,-1
119,-1,368,160,12,14,0.81,2,-1,-1
120,-1,296,205,18,18,0.86,2,-1,-1
120,-1,338,146,20,29,0.85,7,-1,-1
120,-1,368,160,12,13,0.82,2,-1,-1
121,-1,338,145,19,29,0.86,7,-1,-1
121,-1,295,208,18,19,0.86,2,-1,-1
121,-1,368,160,12,13,0.76,2,-1,-1
122,-1,294,210,19,20,0.86,2,-1,-1
122,-1,338,145,19,29,0.86,7,-1,-1
122,-1,368,159,12,13,0.77,2,-1,-1
123,-1,293,213,19,20,0.88,2,-1,-1
123,-1,338,145,19,28,0.86,7,-1,-1
123,-1,368,159,13,13,0.78,2,-1,-1
124,-1,292,216,19,21,0.87,2,-1,-1
124,-1,338,144,19,28,0.86,7,-1,-1
124,-1,368,159,12,13,0.77,2,-1,-1
125,-1,291,219,20,22,0.88,2,-1,-1
125,-1,338,144,18,28,0.86,7,-1,-1
125,-1,368,158,12,12,0.69,2,-1,-1
126,-1,338,144,18,28,0.86,7,-1,-1
126,-1,290,222,20,22,0.86,2,-1,-1
126,-1,368,158,13,12,0.73,2,-1,-1
127,-1,288,226,21,23,0.89,2,-1,-1
127,-1,338,143,18,28,0.86,7,-1,-1
127,-1,368,157,12,13,0.72,2,-1,-1
128,-1,288,230,21,24,0.86,2,-1,-1
128,-1,338,143,18,27,0.86,7,-1,-1
128,-1,368,157,12,12,0.81,2,-1,-1
129,-1,286,234,22,24,0.90,2,-1,-1
129,-1,338,143,18,26,0.86,7,-1,-1
129,-1,368,157,12,12,0.83,2,-1,-1
130,-1,284,238,23,24,0.88,2,-1,-1
130,-1,338,142,18,27,0.86,7,-1,-1
130,-1,368,157,12,12,0.81,2,-1,-1
131,-1,282,243,24,26,0.89,2,-1,-1
131,-1,338,142,18,26,0.85,7,-1,-1
131,-1,368,156,12,13,0.82,2,-1,-1
132,-1,281,246,24,27,0.88,2,-1,-1
132,-1,338,142,18,26,0.85,7,-1,-1
132,-1,368,156,11,13,0.78,2,-1,-1
133,-1,278,253,26,28,0.88,2,-1,-1
133,-1,338,142,18,25,0.84,7,-1,-1
133,-1,369,156,11,11,0.81,2,-1,-1
134,-1,277,257,27,30,0.88,2,-1,-1
134,-1,369,156,11,11,0.84,2,-1,-1
134,-1,338,141,17,25,0.84,7,-1,-1
135,-1,274,265,28,32,0.89,2,-1,-1
135,-1,369,156,11,11,0.84,2,-1,-1
135,-1,338,141,17,24,0.84,7,-1,-1
136,-1,272,270,30,34,0.89,2,-1,-1
136,-1,338,140,17,25,0.84,7,-1,-1
136,-1,369,155,11,11,0.82,2,-1,-1
137,-1,268,280,32,34,0.89,2,-1,-1
137,-1,338,140,16,25,0.84,7,-1,-1
137,-1,369,154,11,11,0.79,2,-1,-1
138,-1,266,286,32,36,0.89,2,-1,-1
138,-1,338,140,16,24,0.85,7,-1,-1
138,-1,369,154,11,11,0.80,2,-1,-1
139,-1,262,297,32,39,0.90,2,-1,-1
139,-1,339,140,16,24,0.86,7,-1,-1
139,-1,369,154,11,11,0.81,2,-1,-1
140,-1,258,305,35,41,0.91,2,-1,-1
140,-1,339,140,16,24,0.85,7,-1,-1
140,-1,369,154,11,12,0.80,2,-1,-1
141,-1,254,319,37,44,0.90,2,-1,-1
141,-1,339,140,16,23,0.86,7,-1,-1
141,-1,369,154,11,11,0.80,2,-1,-1
142,-1,250,329,38,47,0.91,2,-1,-1
142,-1,339,139,16,24,0.86,7,-1,-1
142,-1,370,152,10,11,0.75,2,-1,-1
143,-1,245,346,41,51,0.91,2,-1,-1
143,-1,339,139,16,24,0.87,7,-1,-1
143,-1,370,152,11,12,0.77,2,-1,-1
144,-1,238,359,44,56,0.91,2,-1,-1
144,-1,340,138,16,23,0.87,7,-1,-1
144,-1,370,152,10,11,0.77,2,-1,-1
145,-1,230,382,49,61,0.92,2,-1,-1
145,-1,340,138,15,23,0.87,7,-1,-1
145,-1,370,152,12,12,0.75,2,-1,-1
146,-1,224,400,52,66,0.93,2,-1,-1
146,-1,340,138,16,22,0.87,7,-1,-1
146,-1,370,152,12,11,0.73,2,-1,-1
147,-1,212,431,58,74,0.92,2,-1,-1
147,-1,340,138,16,22,0.87,7,-1,-1
147,-1,370,152,12,11,0.72,2,-1,-1
148,-1,200,456,64,78,0.91,2,-1,-1
148,-1,340,137,15,22,0.86,7,-1,-1
148,-1,370,151,11,12,0.74,2,-1,-1
149,-1,340,137,16,22,0.86,7,-1,-1
149,-1,371,150,12,12,0.76,2,-1,-1
150,-1,340,137,16,22,0.86,7,-1,-1
150,-1,371,150,12,12,0.77,2,-1,-1
151,-1,341,136,15,22,0.85,7,-1,-1
151,-1,371,150,12,12,0.77,2,-1,-1
152,-1,341,136,15,22,0.85,7,-1,-1
152,-1,371,150,12,12,0.77,2,-1,-1
153,-1,341,136,15,22,0.85,7,-1,-1
153,-1,372,150,11,12,0.79,2,-1,-1
154,-1,342,136,15,22,0.84,7,-1,-1
154,-1,372,150,12,12,0.80,2,-1,-1
155,-1,342,136,15,22,0.82,7,-1,-1
155,-1,372,148,12,12,0.79,2,-1,-1
156,-1,342,136,15,22,0.82,7,-1,-1
156,-1,372,148,12,12,0.81,2,-1,-1
157,-1,342,136,14,20,0.79,7,-1,-1
157,-1,372,147,12,13,0.71,2,-1,-1
158,-1,343,136,14,20,0.77,7,-1,-1
158,-1,372,147,12,12,0.75,2,-1,-1
159,-1,343,135,14,20,0.74,7,-1,-1
159,-1,372,147,12,12,0.72,2,-1,-1
160,-1,343,135,14,20,0.75,7,-1,-1
160,-1,373,146,12,13,0.68,2,-1,-1
161,-1,343,135,14,20,0.77,7,-1,-1
161,-1,373,146,12,13,0.68,2,-1,-1
162,-1,374,146,11,12,0.77,2,-1,-1
162,-1,344,135,14,20,0.50,7,-1,-1
163,-1,374,146,11,12,0.79,2,-1,-1
163,-1,344,135,13,19,0.63,7,-1,-1
164,-1,374,146,11,12,0.76,2,-1,-1
164,-1,344,135,13,19,0.61,7,-1,-1
165,-1,410,430,68,74,0.92,2,-1,-1
165,-1,374,145,11,12,0.71,2,-1,-1
165,-1,344,135,13,19,0.58,7,-1,-1
166,-1,406,410,62,68,0.94,2,-1,-1
166,-1,344,135,13,19,0.65,7,-1,-1
166,-1,374,145,11,13,0.60,2,-1,-1
167,-1,400,381,54,62,0.92,2,-1,-1
167,-1,374,145,11,12,0.68,2,-1,-1
167,-1,344,134,13,18,0.58,7,-1,-1
168,-1,395,364,52,58,0.92,2,-1,-1
168,-1,374,145,11,12,0.67,2,-1,-1
168,-1,344,134,13,18,0.57,7,-1,-1
169,-1,390,343,48,53,0.92,2,-1,-1
169,-1,376,145,10,12,0.58,2,-1,-1
169,-1,344,137,12,16,0.29,2,-1,-1
170,-1,388,330,47,51,0.92,2,-1,-1
170,-1,376,145,10,12,0.67,2,-1,-1
170,-1,345,137,11,15,0.28,2,-1,-1
171,-1,384,315,43,46,0.90,2,-1,-1
171,-1,376,144,10,12,0.65,2,-1,-1
171,-1,345,137,10,14,0.21,2,-1,-1
172,-1,382,306,39,43,0.90,2,-1,-1
172,-1,376,144,10,12,0.64,2,-1,-1
172,-1,344,137,11,14,0.23,2,-1,-1
173,-1,378,292,38,42,0.90,2,-1,-1
173,-1,376,144,10,12,0.65,2,-1,-1
173,-1,345,139,10,12,0.32,2,-1,-1
174,-1,377,285,36,38,0.89,2,-1,-1
174,-1,376,144,10,12,0.60,2,-1,-1
174,-1,345,138,10,13,0.32,2,-1,-1
175,-1,374,274,33,37,0.88,2,-1,-1
175,-1,376,144,10,12,0.62,2,-1,-1
175,-1,345,138,10,12,0.38,2,-1,-1
176,-1,372,265,31,38,0.88,2,-1,-1
176,-1,377,144,10,12,0.66,2,-1,-1
176,-1,345,137,10,14,0.33,2,-1,-1
177,-1,370,258,32,34,0.89,2,-1,-1
177,-1,376,144,11,12,0.42,7,-1,-1
177,-1,345,137,10,14,0.28,2,-1,-1
178,-1,369,254,30,32,0.88,2,-1,-1
178,-1,376,144,11,12,0.48,7,-1,-1
178,-1,345,136,10,14,0.28,2,-1,-1
179,-1,470,313,151,214,0.92,7,-1,-1
179,-1,367,246,28,31,0.88,2,-1,-1
179,-1,376,144,11,12,0.45,7,-1,-1
179,-1,344,135,10,14,0.30,2,-1,-1
180,-1,464,306,146,204,0.93,7,-1,-1
180,-1,366,241,28,31,0.88,2,-1,-1
180,-1,377,143,10,11,0.34,7,-1,-1
180,-1,344,135,10,14,0.21,2,-1,-1
181,-1,458,296,133,186,0.93,7,-1,-1
181,-1,364,236,27,29,0.88,2,-1,-1
181,-1,378,143,10,10,0.33,2,-1,-1
181,-1,344,134,11,16,0.25,7,-1,-1
182,-1,454,291,126,175,0.93,7,-1,-1
182,-1,363,232,27,28,0.89,2,-1,-1
182,-1,378,143,10,10,0.39,2,-1,-1
182,-1,344,135,10,14,0.27,2,-1,-1
183,-1,448,282,117,162,0.92,7,-1,-1
183,-1,362,227,26,28,0.89,2,-1,-1
183,-1,378,143,10,10,0.35,2,-1,-1
183,-1,345,136,10,14,0.34,2,-1,-1
184,-1,444,277,111,155,0.93,7,-1,-1
184,-1,361,224,25,26,0.89,2,-1,-1
184,-1,345,135,10,14,0.32,2,-1,-1
184,-1,378,143,10,10,0.15,2,-1,-1
185,-1,438,270,104,144,0.93,7,-1,-1
185,-1,360,220,24,25,0.87,2,-1,-1
185,-1,344,134,10,14,0.34,2,-1,-1
186,-1,435,266,100,138,0.93,7,-1,-1
186,-1,359,218,24,24,0.88,2,-1,-1
186,-1,344,134,10,14,0.34,2,-1,-1
187,-1,431,259,94,129,0.92,7,-1,-1
187,-1,358,213,23,24,0.87,2,-1,-1
187,-1,344,132,10,15,0.32,7,-1,-1
188,-1,428,256,90,123,0.93,7,-1,-1
188,-1,358,210,22,24,0.90,2,-1,-1
188,-1,344,132,10,16,0.34,7,-1,-1
189,-1,425,250,84,116,0.92,7,-1,-1
189,-1,357,207,21,22,0.87,2,-1,-1
189,-1,344,131,10,17,0.63,7,-1,-1
190,-1,422,247,82,112,0.94,7,-1,-1
190,-1,356,204,20,22,0.89,2,-1,-1
190,-1,344,130,10,17,0.58,7,-1,-1
191,-1,419,241,78,107,0.92,7,-1,-1
191,-1,356,201,20,22,0.87,2,-1,-1
191,-1,344,130,10,17,0.61,7,-1,-1
192,-1,416,240,76,102,0.92,7,-1,-1
192,-1,355,199,20,21,0.86,2,-1,-1
192,-1,344,130,10,17,0.62,7,-1,-1
193,-1,414,235,72,97,0.93,7,-1,-1
193,-1,354,196,19,21,0.88,2,-1,-1
193,-1,344,130,10,16,0.70,7,-1,-1
194,-1,412,234,69,93,0.93,7,-1,-1
194,-1,354,195,18,20,0.88,2,-1,-1
194,-1,344,130,10,16,0.68,7,-1,-1
195,-1,409,230,66,89,0.92,7,-1,-1
195,-1,353,193,18,20,0.87,2,-1,-1
195,-1,344,131,10,14,0.47,7,-1,-1
196,-1,408,225,64,88,0.92,7,-1,-1
196,-1,352,192,18,19,0.87,2,-1,-1
196,-1,344,132,10,14,0.33,7,-1,-1
197,-1,405,222,62,84,0.92,7,-1,-1
197,-1,352,189,17,19,0.86,2,-1,-1
197,-1,344,132,9,14,0.28,7,-1,-1
198,-1,404,221,60,81,0.91,7,-1,-1
198,-1,352,188,17,19,0.86,2,-1,-1
198,-1,344,132,9,14,0.25,7,-1,-1
199,-1,401,219,58,77,0.92,7,-1,-1
199,-1,351,186,16,18,0.86,2,-1,-1
199,-1,344,130,10,15,0.57,7,-1,-1
200,-1,400,216,56,74,0.91,7,-1,-1
200,-1,350,184,17,17,0.87,2,-1,-1
200,-1,344,129,10,16,0.66,7,-1,-1
201,-1,398,213,54,72,0.90,7,-1,-1
201,-1,350,184,16,16,0.87,2,-1,-1
201,-1,344,129,10,15,0.67,7,-1,-1
202,-1,398,212,53,71,0.91,7,-1,-1
202,-1,349,182,16,16,0.86,2,-1,-1
202,-1,344,129,10,15,0.70,7,-1,-1
203,-1,424,408,70,94,0.93,2,-1,-1
203,-1,396,209,52,68,0.92,7,-1,-1
203,-1,348,180,16,16,0.87,2,-1,-1
203,-1,344,128,10,15,0.77,7,-1,-1
204,-1,418,392,66,87,0.92,2,-1,-1
204,-1,394,207,50,66,0.91,7,-1,-1
204,-1,349,178,15,16,0.88,2,-1,-1
204,-1,344,128,10,15,0.77,7,-1,-1
205,-1,411,370,61,80,0.93,2,-1,-1
205,-1,392,205,48,64,0.91,7,-1,-1
205,-1,348,178,16,16,0.88,2,-1,-1
205,-1,344,128,10,15,0.73,7,-1,-1
206,-1,407,356,57,76,0.93,2,-1,-1
206,-1,391,203,48,65,0.91,7,-1,-1
206,-1,348,177,15,15,0.87,2,-1,-1
206,-1,344,128,10,15,0.74,7,-1,-1
207,-1,401,340,53,70,0.93,2,-1,-1
207,-1,390,201,46,64,0.90,7,-1,-1
207,-1,348,175,14,15,0.87,2,-1,-1
207,-1,344,128,10,14,0.74,7,-1,-1
208,-1,399,330,50,66,0.93,2,-1,-1
208,-1,389,200,44,62,0.91,7,-1,-1
208,-1,348,174,14,14,0.87,2,-1,-1
208,-1,344,128,10,14,0.73,7,-1,-1
209,-1,394,316,47,61,0.91,2,-1,-1
209,-1,388,196,43,60,0.90,7,-1,-1
209,-1,347,173,14,14,0.86,2,-1,-1
209,-1,344,128,10,14,0.76,7,-1,-1
210,-1,392,308,47,59,0.92,2,-1,-1
210,-1,387,196,42,58,0.91,7,-1,-1
210,-1,346,172,14,14,0.86,2,-1,-1
210,-1,345,128,9,14,0.44,7,-1,-1
211,-1,386,194,41,56,0.92,7,-1,-1
211,-1,388,296,44,56,0.91,2,-1,-1
211,-1,347,171,13,14,0.86,2,-1,-1
211,-1,345,128,9,14,0.48,7,-1,-1
212,-1,385,194,40,54,0.91,7,-1,-1
212,-1,386,289,40,54,0.91,2,-1,-1
212,-1,346,169,13,14,0.85,2,-1,-1
212,-1,345,127,9,15,0.40,7,-1,-1
213,-1,382,280,38,50,0.91,2,-1,-1
213,-1,384,192,40,52,0.90,7,-1,-1
213,-1,346,168,13,14,0.85,2,-1,-1
213,-1,345,127,9,15,0.38,7,-1,-1
214,-1,383,190,39,52,0.91,7,-1,-1
214,-1,380,274,37,48,0.91,2,-1,-1
214,-1,346,167,13,14,0.84,2,-1,-1
214,-1,345,126,10,16,0.51,7,-1,-1
215,-1,382,188,38,51,0.91,7,-1,-1
215,-1,377,266,38,46,0.90,2,-1,-1
215,-1,345,166,13,14,0.85,2,-1,-1
215,-1,346,126,10,16,0.50,7,-1,-1
216,-1,382,188,36,50,0.91,7,-1,-1
216,-1,375,261,36,45,0.90,2,-1,-1
216,-1,345,165,13,14,0.85,2,-1,-1
216,-1,346,126,10,16,0.53,7,-1,-1
217,-1,380,186,37,49,0.91,7,-1,-1
217,-1,374,257,34,43,0.91,2,-1,-1
217,-1,345,164,12,14,0.87,2,-1,-1
217,-1,346,125,10,16,0.63,7,-1,-1
218,-1,380,186,36,48,0.91,7,-1,-1
218,-1,373,253,32,41,0.90,2,-1,-1
218,-1,344,164,12,14,0.88,2,-1,-1
218,-1,346,125,10,15,0.44,7,-1,-1
219,-1,378,185,35,46,0.91,7,-1,-1
219,-1,371,247,31,40,0.90,2,-1,-1
219,-1,344,162,12,14,0.88,2,-1,-1
219,-1,346,125,10,15,0.52,7,-1,-1
220,-1,378,184,34,45,0.91,7,-1,-1
220,-1,370,244,31,38,0.90,2,-1,-1
220,-1,344,162,12,14,0.88,2,-1,-1
220,-1,346,125,10,15,0.53,7,-1,-1
221,-1,368,238,29,36,0.90,2,-1,-1
221,-1,377,182,33,44,0.90,7,-1,-1
221,-1,344,162,12,12,0.87,2,-1,-1
221,-1,346,124,10,15,0.39,7,-1,-1
222,-1,368,234,27,36,0.90,2,-1,-1
222,-1,376,181,33,44,0.89,7,-1,-1
222,-1,343,161,12,12,0.86,2,-1,-1
222,-1,347,124,10,15,0.26,7,-1,-1
223,-1,376,180,32,43,0.90,7,-1,-1
223,-1,366,230,27,35,0.89,2,-1,-1
223,-1,343,161,12,12,0.86,2,-1,-1
223,-1,347,124,10,14,0.33,7,-1,-1
224,-1,375,178,31,43,0.89,7,-1,-1
224,-1,365,228,26,34,0.89,2,-1,-1
224,-1,343,160,11,12,0.84,2,-1,-1
224,-1,347,124,10,14,0.33,7,-1,-1
225,-1,374,177,31,42,0.89,7,-1,-1
225,-1,364,223,26,33,0.89,2,-1,-1
225,-1,343,160,11,12,0.83,2,-1,-1
225,-1,348,124,10,14,0.36,7,-1,-1
226,-1,363,220,25,33,0.90,2,-1,-1
226,-1,374,176,30,42,0.89,7,-1,-1
226,-1,342,159,11,11,0.84,2,-1,-1
226,-1,348,124,10,14,0.31,7,-1,-1
227,-1,372,176,30,40,0.89,7,-1,-1
227,-1,362,217,24,31,0.88,2,-1,-1
227,-1,342,158,10,11,0.85,2,-1,-1
227,-1,348,123,10,14,0.31,7,-1,-1
228,-1,372,174,30,40,0.89,7,-1,-1
228,-1,361,214,23,30,0.87,2,-1,-1
228,-1,342,158,10,10,0.84,2,-1,-1
228,-1,348,123,10,14,0.34,7,-1,-1
229,-1,371,174,29,40,0.89,7,-1,-1
229,-1,360,212,22,30,0.88,2,-1,-1
229,-1,343,157,10,11,0.86,2,-1,-1
229,-1,348,123,10,14,0.52,7,-1,-1
230,-1,371,172,29,40,0.89,7,-1,-1
230,-1,359,210,22,29,0.88,2,-1,-1
230,-1,342,156,10,11,0.85,2,-1,-1
230,-1,349,123,10,15,0.44,7,-1,-1
231,-1,358,207,22,28,0.90,2,-1,-1
231,-1,370,171,28,39,0.88,7,-1,-1
231,-1,342,156,10,10,0.86,2,-1,-1
231,-1,349,123,10,14,0.40,7,-1,-1
232,-1,370,170,28,38,0.89,7,-1,-1
232,-1,357,206,22,26,0.88,2,-1,-1
232,-1,342,155,10,11,0.86,2,-1,-1
232,-1,349,123,10,14,0.43,7,-1,-1
233,-1,370,170,28,37,0.89,7,-1,-1
233,-1,356,202,21,26,0.88,2,-1,-1
233,-1,342,154,10,11,0.85,2,-1,-1
233,-1,350,123,9,14,0.43,7,-1,-1
234,-1,369,169,27,38,0.89,7,-1,-1
234,-1,356,201,21,26,0.89,2,-1,-1
234,-1,342,154,10,10,0.85,2,-1,-1
234,-1,350,123,10,14,0.30,7,-1,-1
235,-1,369,168,26,36,0.88,7,-1,-1
235,-1,354,198,21,26,0.87,2,-1,-1
235,-1,342,153,10,10,0.81,2,-1,-1
235,-1,350,123,10,14,0.25,7,-1,-1
236,-1,368,168,26,36,0.88,7,-1,-1
236,-1,354,197,20,25,0.86,2,-1,-1
236,-1,342,153,10,10,0.81,2,-1,-1
236,-1,350,122,10,14,0.17,7,-1,-1
237,-1,354,195,19,24,0.88,2,-1,-1
237,-1,368,167,26,35,0.88,7,-1,-1
237,-1,342,152,10,10,0.78,2,-1,-1
238,-1,353,194,19,24,0.89,2,-1,-1
238,-1,368,166,26,36,0.87,7,-1,-1
238,-1,342,152,10,10,0.77,2,-1,-1
239,-1,352,192,18,22,0.87,2,-1,-1
239,-1,367,165,26,35,0.86,7,-1,-1
239,-1,341,151,10,10,0.78,2,-1,-1
240,-1,366,165,25,34,0.86,7,-1,-1
240,-1,352,191,18,22,0.86,2,-1,-1
240,-1,341,150,10,10,0.78,2,-1,-1
240,-1,320,136,8,8,0.17,2,-1,-1
241,-1,421,448,67,68,0.92,2,-1,-1
241,-1,366,164,24,34,0.87,7,-1,-1
241,-1,352,189,17,22,0.86,2,-1,-1
241,-1,340,150,10,9,0.77,2,-1,-1
241,-1,320,136,8,8,0.17,2,-1,-1
242,-1,417,428,62,62,0.92,2,-1,-1
242,-1,352,187,17,22,0.87,2,-1,-1
242,-1,366,163,24,34,0.87,7,-1,-1
242,-1,340,150,10,9,0.74,2,-1,-1
242,-1,320,136,8,8,0.11,2,-1,-1
243,-1,410,403,57,57,0.92,2,-1,-1
243,-1,366,163,23,33,0.87,7,-1,-1
243,-1,351,186,17,22,0.85,2,-1,-1
243,-1,340,149,10,10,0.67,2,-1,-1
244,-1,406,387,54,55,0.92,2,-1,-1
244,-1,365,162,23,32,0.88,7,-1,-1
244,-1,350,185,18,21,0.84,2,-1,-1
244,-1,340,149,10,10,0.69,2,-1,-1
245,-1,400,368,49,49,0.91,2,-1,-1
245,-1,364,162,22,32,0.88,7,-1,-1
245,-1,350,183,17,20,0.84,2,-1,-1
245,-1,340,148,10,10,0.70,2,-1,-1
246,-1,397,355,46,48,0.91,2,-1,-1
246,-1,364,161,22,32,0.87,7,-1,-1
246,-1,350,183,17,20,0.85,2,-1,-1
246,-1,340,148,10,10,0.70,2,-1,-1
247,-1,392,339,44,44,0.91,2,-1,-1
247,-1,364,162,22,30,0.88,7,-1,-1
247,-1,350,181,17,20,0.86,2,-1,-1
247,-1,340,147,10,10,0.68,2,-1,-1
248,-1,390,330,43,42,0.90,2,-1,-1
248,-1,364,162,22,30,0.88,7,-1,-1
248,-1,349,181,16,20,0.86,2,-1,-1
248,-1,340,146,9,9,0.63,2,-1,-1
249,-1,386,317,41,40,0.90,2,-1,-1
249,-1,363,160,22,30,0.87,7,-1,-1
249,-1,348,178,17,20,0.87,2,-1,-1
249,-1,340,146,9,9,0.64,2,-1,-1
250,-1,384,310,37,38,0.90,2,-1,-1
250,-1,362,160,22,31,0.87,7,-1,-1
250,-1,348,178,17,20,0.86,2,-1,-1
250,-1,340,146,9,9,0.64,2,-1,-1
251,-1,381,298,35,36,0.90,2,-1,-1
251,-1,362,159,21,30,0.87,7,-1,-1
251,-1,348,176,16,18,0.85,2,-1,-1
251,-1,340,146,9,9,0.60,2,-1,-1
252,-1,379,291,34,36,0.89,2,-1,-1
252,-1,362,158,21,30,0.87,7,-1,-1
252,-1,347,176,16,18,0.84,2,-1,-1
252,-1,340,145,9,9,0.60,2,-1,-1
253,-1,377,283,32,32,0.89,2,-1,-1
253,-1,362,158,20,29,0.87,7,-1,-1
253,-1,347,175,15,18,0.83,2,-1,-1
253,-1,339,145,9,9,0.59,2,-1,-1
254,-1,375,278,31,31,0.88,2,-1,-1
254,-1,362,158,20,29,0.87,7,-1,-1
254,-1,347,174,16,18,0.82,2,-1,-1
254,-1,339,145,9,9,0.59,2,-1,-1
255,-1,372,265,30,34,0.88,2,-1,-1
255,-1,361,158,20,28,0.87,7,-1,-1
255,-1,347,172,14,18,0.81,2,-1,-1
255,-1,340,144,8,8,0.59,2,-1,-1
256,-1,371,260,30,34,0.87,2,-1,-1
256,-1,361,158,20,27,0.87,7,-1,-1
256,-1,347,172,14,17,0.82,2,-1,-1
256,-1,340,144,8,8,0.59,2,-1,-1
257,-1,369,258,29,28,0.89,2,-1,-1
257,-1,361,158,19,26,0.87,7,-1,-1
257,-1,346,171,14,17,0.82,2,-1,-1
257,-1,339,143,8,9,0.53,2,-1,-1
258,-1,368,255,27,26,0.88,2,-1,-1
258,-1,361,158,18,26,0.87,7,-1,-1
258,-1,346,170,14,17,0.81,2,-1,-1
258,-1,340,143,8,9,0.51,2,-1,-1
259,-1,366,249,26,26,0.88,2,-1,-1
259,-1,360,156,18,27,0.87,7,-1,-1
259,-1,346,169,14,17,0.83,2,-1,-1
259,-1,338,142,8,9,0.29,2,-1,-1
260,-1,360,156,18,26,0.86,7,-1,-1
260,-1,366,245,25,26,0.86,2,-1,-1
260,-1,346,168,14,17,0.83,2,-1,-1
260,-1,338,142,8,9,0.19,2,-1,-1
261,-1,365,240,25,25,0.89,2,-1,-1
261,-1,360,157,18,25,0.86,7,-1,-1
261,-1,346,168,13,16,0.83,2,-1,-1
261,-1,338,142,8,9,0.18,2,-1,-1
262,-1,364,238,24,24,0.88,2,-1,-1
262,-1,359,156,18,25,0.86,7,-1,-1
262,-1,346,167,13,16,0.82,2,-1,-1
262,-1,338,142,8,9,0.18,2,-1,-1
263,-1,364,233,23,24,0.88,2,-1,-1
263,-1,358,155,18,24,0.86,7,-1,-1
263,-1,345,166,14,16,0.83,2,-1,-1
263,-1,338,141,8,9,0.21,2,-1,-1
264,-1,358,155,18,25,0.87,7,-1,-1
264,-1,362,230,23,24,0.86,2,-1,-1
264,-1,344,165,13,16,0.85,2,-1,-1
264,-1,338,141,8,9,0.21,2,-1,-1
265,-1,358,155,18,24,0.88,7,-1,-1
265,-1,360,226,22,22,0.87,2,-1,-1
265,-1,344,164,13,16,0.86,2,-1,-1
265,-1,338,140,8,9,0.24,2,-1,-1
266,-1,358,155,18,23,0.88,7,-1,-1
266,-1,360,223,22,22,0.86,2,-1,-1
266,-1,344,163,13,16,0.86,2,-1,-1
266,-1,338,140,8,9,0.19,2,-1,-1
267,-1,359,221,21,21,0.88,2,-1,-1
267,-1,358,154,17,24,0.87,7,-1,-1
267,-1,344,162,13,16,0.87,2,-1,-1
267,-1,338,140,8,9,0.18,2,-1,-1
268,-1,358,218,21,20,0.87,2,-1,-1
268,-1,344,162,13,16,0.87,2,-1,-1
268,-1,358,154,17,23,0.87,7,-1,-1
268,-1,338,139,8,8,0.14,2,-1,-1
269,-1,357,154,17,23,0.87,7,-1,-1
269,-1,358,216,20,20,0.86,2,-1,-1
269,-1,344,161,12,16,0.85,2,-1,-1
269,-1,338,139,8,8,0.10,2,-1,-1
270,-1,358,212,20,21,0.87,2,-1,-1
270,-1,357,153,17,23,0.86,7,-1,-1
270,-1,343,161,13,16,0.85,2,-1,-1
270,-1,338,139,8,8,0.11,2,-1,-1
271,-1,535,446,87,88,0.92,2,-1,-1
271,-1,356,153,17,22,0.87,7,-1,-1
271,-1,356,209,20,20,0.86,2,-1,-1
271,-1,342,160,13,16,0.84,2,-1,-1
272,-1,523,424,80,83,0.92,2,-1,-1
272,-1,356,152,17,22,0.87,7,-1,-1
272,-1,356,207,20,20,0.86,2,-1,-1
272,-1,343,160,12,15,0.84,2,-1,-1
273,-1,505,396,72,74,0.92,2,-1,-1
273,-1,356,152,16,22,0.87,7,-1,-1
273,-1,356,205,19,20,0.87,2,-1,-1
273,-1,342,159,13,14,0.84,2,-1,-1
274,-1,496,380,66,70,0.91,2,-1,-1
274,-1,356,152,16,22,0.87,7,-1,-1
274,-1,355,204,19,19,0.86,2,-1,-1
274,-1,342,158,13,15,0.84,2,-1,-1
275,-1,484,358,61,62,0.93,2,-1,-1
275,-1,356,151,16,22,0.87,7,-1,-1
275,-1,355,201,18,19,0.86,2,-1,-1
275,-1,342,158,13,15,0.84,2,-1,-1
276,-1,476,345,58,60,0.92,2,-1,-1
276,-1,356,151,16,22,0.87,7,-1,-1
276,-1,354,199,19,18,0.87,2,-1,-1
276,-1,342,158,12,15,0.85,2,-1,-1
276,-1,313,149,9,9,0.30,2,-1,-1
277,-1,466,328,53,55,0.93,2,-1,-1
277,-1,353,197,18,18,0.87,2,-1,-1
277,-1,354,150,16,22,0.87,7,-1,-1
277,-1,342,157,12,14,0.86,2,-1,-1
277,-1,313,149,10,10,0.43,2,-1,-1
278,-1,460,319,51,51,0.93,2,-1,-1
278,-1,354,150,16,21,0.87,7,-1,-1
278,-1,342,156,12,14,0.86,2,-1,-1
278,-1,353,196,18,18,0.86,2,-1,-1
278,-1,313,149,10,10,0.46,2,-1,-1
279,-1,452,305,47,48,0.92,2,-1,-1
279,-1,354,149,16,21,0.87,7,-1,-1
279,-1,341,156,12,14,0.86,2,-1,-1
279,-1,352,195,17,17,0.85,2,-1,-1
279,-1,314,150,10,10,0.25,2,-1,-1
280,-1,447,297,44,46,0.92,2,-1,-1
280,-1,354,149,16,21,0.87,7,-1,-1
280,-1,341,155,12,14,0.86,2,-1,-1
280,-1,352,194,17,17,0.86,2,-1,-1
280,-1,313,150,10,9,0.37,2,-1,-1
281,-1,440,286,42,44,0.90,2,-1,-1
281,-1,354,148,16,20,0.86,7,-1,-1
281,-1,340,155,12,14,0.85,2,-1,-1
281,-1,352,192,17,16,0.85,2,-1,-1
281,-1,312,151,9,9,0.38,2,-1,-1
282,-1,436,280,40,41,0.91,2,-1,-1
282,-1,354,148,15,21,0.86,7,-1,-1
282,-1,341,154,11,14,0.85,2,-1,-1
282,-1,352,191,16,16,0.84,2,-1,-1
282,-1,313,150,9,9,0.40,2,-1,-1
283,-1,431,270,36,39,0.90,2,-1,-1
283,-1,353,148,15,20,0.87,7,-1,-1
283,-1,351,190,16,15,0.84,2,-1,-1
283,-1,340,154,11,14,0.81,2,-1,-1
283,-1,313,151,10,10,0.40,2,-1,-1
284,-1,426,265,36,38,0.90,2,-1,-1
284,-1,353,148,15,20,0.87,7,-1,-1
284,-1,351,190,16,14,0.84,2,-1,-1
284,-1,340,153,11,14,0.81,2,-1,-1
284,-1,312,151,10,10,0.36,2,-1,-1
285,-1,422,258,34,36,0.90,2,-1,-1
285,-1,352,147,15,21,0.88,7,-1,-1
285,-1,350,187,16,14,0.86,2,-1,-1
285,-1,340,153,11,13,0.80,2,-1,-1
285,-1,312,152,10,10,0.35,2,-1,-1
286,-1,417,253,34,34,0.88,2,-1,-1
286,-1,352,147,14,20,0.87,7,-1,-1
286,-1,350,185,16,15,0.86,2,-1,-1
286,-1,340,152,11,14,0.77,2,-1,-1
286,-1,312,152,9,10,0.53,2,-1,-1
287,-1,414,246,32,33,0.88,2,-1,-1
287,-1,352,147,14,20,0.87,7,-1,-1
287,-1,349,185,15,14,0.85,2,-1,-1
287,-1,340,151,11,14,0.74,2,-1,-1
288,-1,410,242,31,32,0.90,2,-1,-1
288,-1,353,147,14,20,0.87,7,-1,-1
288,-1,348,183,15,14,0.85,2,-1,-1
288,-1,339,151,12,14,0.76,2,-1,-1
288,-1,312,153,10,11,0.24,2,-1,-1
289,-1,408,237,29,30,0.88,2,-1,-1
289,-1,352,147,14,20,0.86,7,-1,-1
289,-1,348,182,15,14,0.86,2,-1,-1
289,-1,338,151,12,14,0.75,2,-1,-1
289,-1,311,157,10,10,0.12,2,-1,-1
290,-1,405,234,29,31,0.88,2,-1,-1
290,-1,352,146,14,20,0.87,7,-1,-1
290,-1,348,180,15,14,0.86,2,-1,-1
290,-1,338,150,12,13,0.75,2,-1,-1
290,-1,312,157,9,10,0.44,2,-1,-1
291,-1,402,228,27,29,0.89,2,-1,-1
291,-1,352,146,14,19,0.87,7,-1,-1
291,-1,348,179,15,14,0.86,2,-1,-1
291,-1,312,156,10,10,0.82,2,-1,-1
291,-1,338,150,11,12,0.74,2,-1,-1
292,-1,400,226,26,28,0.88,2,-1,-1
292,-1,352,146,13,18,0.87,7,-1,-1
292,-1,347,178,15,14,0.86,2,-1,-1
292,-1,311,156,10,11,0.81,2,-1,-1
292,-1,338,150,11,12,0.74,2,-1,-1
293,-1,398,222,24,26,0.86,2,-1,-1
293,-1,352,146,14,18,0.86,7,-1,-1
293,-1,347,178,14,14,0.85,2,-1,-1
293,-1,311,157,11,12,0.81,2,-1,-1
293,-1,338,149,12,14,0.73,2,-1,-1
294,-1,395,219,24,26,0.89,2,-1,-1
294,-1,352,146,14,18,0.85,7,-1,-1
294,-1,347,177,14,14,0.85,2,-1,-1
294,-1,311,157,11,11,0.82,2,-1,-1
294,-1,338,149,11,13,0.78,2,-1,-1
295,-1,392,215,24,25,0.86,2,-1,-1
295,-1,347,176,14,13,0.83,2,-1,-1
295,-1,311,158,10,12,0.82,2,-1,-1
295,-1,351,145,13,18,0.82,7,-1,-1
295,-1,338,148,11,12,0.74,2,-1,-1
296,-1,391,212,23,26,0.86,2,-1,-1
296,-1,311,158,10,12,0.84,2,-1,-1
296,-1,351,145,13,18,0.82,7,-1,-1
296,-1,346,175,14,13,0.81,2,-1,-1
296,-1,338,147,11,13,0.74,2,-1,-1
297,-1,388,209,23,24,0.89,2,-1,-1
297,-1,351,145,13,18,0.84,7,-1,-1
297,-1,310,158,11,12,0.84,2,-1,-1
297,-1,346,174,14,13,0.80,2,-1,-1
297,-1,338,147,10,12,0.77,2,-1,-1
298,-1,387,207,22,24,0.85,2,-1,-1
298,-1,351,145,13,18,0.83,7,-1,-1
298,-1,310,158,12,12,0.83,2,-1,-1
298,-1,346,173,14,13,0.80,2,-1,-1
298,-1,338,147,10,12,0.78,2,-1,-1
299,-1,384,204,21,23,0.86,2,-1,-1
299,-1,310,159,12,13,0.83,2,-1,-1
299,-1,346,172,13,12,0.80,2,-1,-1
299,-1,338,146,10,12,0.78,2,-1,-1
299,-1,350,145,13,16,0.75,7,-1,-1
300,-1,383,202,20,23,0.88,2,-1,-1
300,-1,310,160,12,13,0.83,2,-1,-1
300,-1,346,172,13,12,0.81,2,-1,-1
300,-1,338,147,10,12,0.79,2,-1,-1
300,-1,350,145,12,16,0.67,7,-1,-1
301,-1,309,160,12,14,0.84,2,-1,-1
301,-1,382,200,20,22,0.84,2,-1,-1
301,-1,346,172,12,12,0.83,2,-1,-1
301,-1,338,147,10,12,0.74,2,-1,-1
301,-1,350,145,13,16,0.47,2,-1,-1
302,-1,381,198,19,22,0.85,2,-1,-1
302,-1,310,161,12,14,0.85,2,-1,-1
302,-1,346,171,12,12,0.83,2,-1,-1
302,-1,338,147,10,12,0.62,2,-1,-1
302,-1,350,144,13,17,0.44,7,-1,-1
303,-1,378,195,20,22,0.85,2,-1,-1
303,-1,308,162,13,14,0.85,2,-1,-1
303,-1,346,170,12,12,0.82,2,-1,-1
303,-1,350,144,13,17,0.57,7,-1,-1
303,-1,338,147,9,11,0.46,2,-1,-1
304,-1,308,162,13,14,0.85,2,-1,-1
304,-1,377,194,19,21,0.85,2,-1,-1
304,-1,346,169,12,12,0.83,2,-1,-1
304,-1,338,148,9,11,0.50,2,-1,-1
304,-1,350,144,12,16,0.42,7,-1,-1
305,-1,309,163,12,14,0.86,2,-1,-1
305,-1,376,192,19,20,0.84,2,-1,-1
305,-1,345,168,12,12,0.81,2,-1,-1
305,-1,338,147,9,10,0.54,2,-1,-1
305,-1,350,144,12,16,0.46,7,-1,-1
306,-1,308,165,12,14,0.85,2,-1,-1
306,-1,375,191,18,20,0.85,2,-1,-1
306,-1,344,167,12,12,0.77,2,-1,-1
306,-1,338,147,9,10,0.40,2,-1,-1
306,-1,350,144,12,16,0.37,2,-1,-1
307,-1,374,189,18,19,0.85,2,-1,-1
307,-1,308,165,12,14,0.85,2,-1,-1
307,-1,344,166,12,12,0.80,2,-1,-1
307,-1,338,146,9,10,0.51,2,-1,-1
307,-1,349,144,12,16,0.38,2,-1,-1
308,-1,374,187,17,20,0.85,2,-1,-1
308,-1,308,166,13,14,0.84,2,-1,-1
308,-1,345,166,12,12,0.80,2,-1,-1
308,-1,338,146,9,10,0.51,2,-1,-1
308,-1,350,144,12,16,0.35,7,-1,-1
309,-1,372,185,17,19,0.85,2,-1,-1
309,-1,307,167,13,14,0.85,2,-1,-1
309,-1,344,165,11,11,0.79,2,-1,-1
309,-1,350,144,12,16,0.41,7,-1,-1
309,-1,339,146,9,10,0.38,2,-1,-1
310,-1,307,168,13,15,0.85,2,-1,-1
310,-1,371,184,17,18,0.84,2,-1,-1
310,-1,344,164,11,11,0.80,2,-1,-1
310,-1,349,144,12,14,0.50,2,-1,-1
310,-1,339,146,9,10,0.41,2,-1,-1
311,-1,306,169,14,15,0.85,2,-1,-1
311,-1,370,182,17,18,0.84,2,-1,-1
311,-1,344,164,11,10,0.81,2,-1,-1
311,-1,349,144,11,14,0.38,2,-1,-1
311,-1,340,145,9,10,0.34,2,-1,-1
312,-1,306,170,14,15,0.85,2,-1,-1
312,-1,369,181,17,19,0.83,2,-1,-1
312,-1,344,164,11,11,0.80,2,-1,-1
312,-1,340,144,9,10,0.40,2,-1,-1
312,-1,349,144,11,14,0.32,2,-1,-1
313,-1,306,170,14,15,0.85,2,-1,-1
313,-1,369,180,16,18,0.83,2,-1,-1
313,-1,344,162,10,11,0.82,2,-1,-1
313,-1,348,142,12,15,0.33,7,-1,-1
313,-1,340,144,9,10,0.25,2,-1,-1
314,-1,305,171,14,15,0.85,2,-1,-1
314,-1,368,179,16,18,0.84,2,-1,-1
314,-1,344,162,10,11,0.82,2,-1,-1
314,-1,349,142,11,15,0.31,7,-1,-1
314,-1,340,144,9,10,0.24,2,-1,-1
315,-1,409,442,63,67,0.92,2,-1,-1
315,-1,368,177,16,17,0.85,2,-1,-1
315,-1,305,172,14,15,0.85,2,-1,-1
315,-1,344,162,10,10,0.80,2,-1,-1
315,-1,348,142,11,15,0.30,2,-1,-1
316,-1,402,421,61,62,0.91,2,-1,-1
316,-1,368,176,15,17,0.86,2,-1,-1
316,-1,305,174,14,15,0.84,2,-1,-1
316,-1,343,161,10,10,0.76,2,-1,-1
316,-1,348,142,11,14,0.38,2,-1,-1
317,-1,397,393,54,55,0.91,2,-1,-1
317,-1,366,175,14,16,0.86,2,-1,-1
317,-1,305,175,15,16,0.85,2,-1,-1
317,-1,344,160,10,10,0.77,2,-1,-1
317,-1,348,142,11,14,0.38,2,-1,-1
318,-1,393,377,51,52,0.91,2,-1,-1
318,-1,366,175,14,15,0.86,2,-1,-1
318,-1,305,176,15,15,0.85,2,-1,-1
318,-1,342,160,10,10,0.80,2,-1,-1
318,-1,348,140,12,16,0.25,2,-1,-1
319,-1,388,356,46,47,0.91,2,-1,-1
319,-1,304,177,15,16,0.85,2,-1,-1
319,-1,366,172,14,16,0.85,2,-1,-1
319,-1,342,158,10,10,0.80,2,-1,-1
319,-1,348,140,11,16,0.20,2,-1,-1
320,-1,385,344,44,44,0.91,2,-1,-1
320,-1,304,177,16,17,0.85,2,-1,-1
320,-1,366,173,13,15,0.85,2,-1,-1
320,-1,342,158,10,10,0.80,2,-1,-1
320,-1,348,140,11,16,0.14,7,-1,-1
321,-1,381,327,42,42,0.90,2,-1,-1
321,-1,365,171,12,15,0.85,2,-1,-1
321,-1,304,179,16,17,0.85,2,-1,-1
321,-1,342,158,11,10,0.80,2,-1,-1
321,-1,348,140,11,15,0.11,2,-1,-1
322,-1,379,318,39,39,0.90,2,-1,-1
322,-1,364,170,13,16,0.86,2,-1,-1
322,-1,304,180,15,17,0.84,2,-1,-1
322,-1,342,158,10,10,0.78,2,-1,-1
322,-1,347,140,11,14,0.21,2,-1,-1
323,-1,376,304,36,36,0.89,2,-1,-1
323,-1,364,169,13,15,0.86,2,-1,-1
323,-1,304,182,15,17,0.84,2,-1,-1
323,-1,342,157,10,10,0.78,2,-1,-1
323,-1,347,140,11,14,0.27,2,-1,-1
324,-1,374,296,35,35,0.89,2,-1,-1
324,-1,363,169,13,14,0.85,2,-1,-1
324,-1,304,183,16,18,0.85,2,-1,-1
324,-1,342,157,10,10,0.79,2,-1,-1
324,-1,346,139,12,15,0.28,2,-1,-1
325,-1,371,286,33,33,0.89,2,-1,-1
325,-1,303,184,16,18,0.86,2,-1,-1
325,-1,363,168,13,15,0.84,2,-1,-1
325,-1,340,156,10,10,0.77,2,-1,-1
325,-1,344,138,13,16,0.52,7,-1,-1
326,-1,370,280,32,31,0.87,2,-1,-1
326,-1,303,186,16,18,0.85,2,-1,-1
326,-1,362,167,13,14,0.83,2,-1,-1
326,-1,340,156,10,10,0.75,2,-1,-1
326,-1,344,138,13,16,0.48,7,-1,-1
327,-1,368,268,30,33,0.86,2,-1,-1
327,-1,302,188,16,18,0.85,2,-1,-1
327,-1,362,167,13,14,0.82,2,-1,-1
327,-1,340,156,11,10,0.76,2,-1,-1
327,-1,344,138,13,16,0.48,7,-1,-1
328,-1,367,261,29,33,0.88,2,-1,-1
328,-1,303,189,16,18,0.86,2,-1,-1
328,-1,361,166,13,14,0.82,2,-1,-1
328,-1,340,155,10,10,0.73,2,-1,-1
328,-1,344,138,13,16,0.46,7,-1,-1
329,-1,365,258,28,28,0.88,2,-1,-1
329,-1,302,192,16,18,0.86,2,-1,-1
329,-1,360,163,12,14,0.78,2,-1,-1
329,-1,340,154,10,9,0.64,2,-1,-1
329,-1,344,138,13,16,0.36,7,-1,-1
330,-1,364,253,27,26,0.88,2,-1,-1
330,-1,302,193,17,19,0.86,2,-1,-1
330,-1,360,163,12,14,0.85,2,-1,-1
330,-1,340,154,10,9,0.64,2,-1,-1
330,-1,345,138,12,15,0.26,2,-1,-1
331,-1,362,246,26,26,0.88,2,-1,-1
331,-1,301,195,18,19,0.86,2,-1,-1
331,-1,360,162,12,15,0.84,2,-1,-1
331,-1,340,154,10,10,0.66,2,-1,-1
331,-1,346,138,11,14,0.27,2,-1,-1
332,-1,362,242,25,26,0.88,2,-1,-1
332,-1,300,196,18,20,0.87,2,-1,-1
332,-1,360,162,12,14,0.83,2,-1,-1
332,-1,340,154,10,10,0.51,2,-1,-1
332,-1,346,137,12,15,0.23,7,-1,-1
333,-1,300,199,18,20,0.87,2,-1,-1
333,-1,360,237,24,24,0.86,2,-1,-1
333,-1,359,161,13,14,0.76,2,-1,-1
333,-1,339,153,11,9,0.56,2,-1,-1
333,-1,346,137,11,15,0.24,7,-1,-1
334,-1,359,233,24,24,0.87,2,-1,-1
334,-1,299,200,18,20,0.86,2,-1,-1
334,-1,358,160,12,14,0.85,2,-1,-1
334,-1,339,152,10,8,0.45,2,-1,-1
334,-1,346,138,11,14,0.29,2,-1,-1
335,-1,298,203,19,20,0.88,2,-1,-1
335,-1,359,229,22,22,0.87,2,-1,-1
335,-1,358,160,12,13,0.83,2,-1,-1
335,-1,339,153,10,9,0.43,2,-1,-1
335,-1,346,138,11,14,0.28,2,-1,-1
336,-1,358,226,22,22,0.90,2,-1,-1
336,-1,298,204,20,22,0.87,2,-1,-1
336,-1,358,159,12,14,0.83,2,-1,-1
336,-1,338,152,10,9,0.43,2,-1,-1
336,-1,345,136,11,14,0.18,7,-1,-1
337,-1,356,222,21,21,0.88,2,-1,-1
337,-1,297,208,20,22,0.85,2,-1,-1
337,-1,357,159,12,14,0.83,2,-1,-1
337,-1,338,151,10,8,0.60,2,-1,-1
337,-1,345,138,11,12,0.36,2,-1,-1
338,-1,296,210,21,23,0.88,2,-1,-1
338,-1,356,219,20,20,0.88,2,-1,-1
338,-1,357,158,13,14,0.82,2,-1,-1
338,-1,338,151,10,8,0.60,2,-1,-1
338,-1,345,138,11,12,0.36,2,-1,-1
339,-1,355,216,20,20,0.86,2,-1,-1
339,-1,296,213,22,24,0.86,2,-1,-1
339,-1,357,158,12,12,0.80,2,-1,-1
339,-1,338,150,9,8,0.58,2,-1,-1
339,-1,346,138,10,12,0.22,2,-1,-1
340,-1,354,213,20,20,0.87,2,-1,-1
340,-1,295,216,22,24,0.87,2,-1,-1
340,-1,357,158,12,12,0.66,2,-1,-1
340,-1,338,150,10,8,0.58,2,-1,-1
340,-1,346,138,10,12,0.16,2,-1,-1
341,-1,294,220,22,24,0.88,2,-1,-1
341,-1,354,209,20,20,0.86,2,-1,-1
341,-1,356,157,13,12,0.81,2,-1,-1
341,-1,338,150,9,8,0.54,2,-1,-1
341,-1,346,138,9,12,0.13,2,-1,-1
342,-1,352,207,20,20,0.87,2,-1,-1
342,-1,294,222,23,25,0.87,2,-1,-1
342,-1,356,157,13,12,0.81,2,-1,-1
342,-1,338,150,9,8,0.55,2,-1,-1
342,-1,346,138,9,11,0.15,2,-1,-1
343,-1,292,226,24,26,0.89,2,-1,-1
343,-1,352,204,18,19,0.87,2,-1,-1
343,-1,355,156,12,12,0.76,2,-1,-1
343,-1,338,148,9,9,0.54,2,-1,-1
343,-1,345,138,9,11,0.12,2,-1,-1
344,-1,291,230,24,26,0.88,2,-1,-1
344,-1,352,202,18,18,0.86,2,-1,-1
344,-1,354,156,12,10,0.73,2,-1,-1
344,-1,338,148,9,9,0.56,2,-1,-1
344,-1,345,138,8,11,0.12,2,-1,-1
345,-1,290,234,25,28,0.88,2,-1,-1
345,-1,351,199,17,18,0.87,2,-1,-1
345,-1,354,156,12,11,0.68,2,-1,-1
345,-1,338,148,9,8,0.49,2,-1,-1
346,-1,288,238,26,29,0.88,2,-1,-1
346,-1,350,198,17,18,0.86,2,-1,-1
346,-1,353,154,11,12,0.76,2,-1,-1
346,-1,338,148,9,8,0.40,2,-1,-1
347,-1,287,243,27,30,0.89,2,-1,-1
347,-1,350,196,16,17,0.86,2,-1,-1
347,-1,354,154,10,10,0.74,2,-1,-1
347,-1,338,148,9,8,0.39,2,-1,-1
348,-1,286,247,28,32,0.88,2,-1,-1
348,-1,349,194,17,17,0.87,2,-1,-1
348,-1,353,154,10,10,0.69,2,-1,-1
348,-1,338,148,8,8,0.26,2,-1,-1
349,-1,283,253,30,32,0.88,2,-1,-1
349,-1,348,192,17,17,0.87,2,-1,-1
349,-1,352,150,9,10,0.59,2,-1,-1
349,-1,338,148,8,7,0.21,2,-1,-1
350,-1,281,258,31,35,0.89,2,-1,-1
350,-1,348,191,16,16,0.87,2,-1,-1
350,-1,352,151,9,11,0.60,2,-1,-1
350,-1,338,148,8,7,0.20,2,-1,-1
351,-1,278,265,32,37,0.90,2,-1,-1
351,-1,347,189,16,16,0.85,2,-1,-1
351,-1,352,152,9,10,0.48,2,-1,-1
351,-1,338,147,8,7,0.21,2,-1,-1
352,-1,276,271,32,38,0.90,2,-1,-1
352,-1,347,187,16,16,0.86,2,-1,-1
352,-1,352,153,10,10,0.37,2,-1,-1
352,-1,338,147,8,7,0.15,2,-1,-1
353,-1,273,280,35,40,0.90,2,-1,-1
353,-1,346,185,16,16,0.87,2,-1,-1
353,-1,352,149,8,8,0.46,2,-1,-1
354,-1,271,286,36,42,0.90,2,-1,-1
354,-1,347,185,14,15,0.86,2,-1,-1
354,-1,351,150,9,10,0.35,2,-1,-1
354,-1,338,146,8,7,0.11,2,-1,-1
355,-1,266,296,38,46,0.90,2,-1,-1
355,-1,345,183,16,15,0.84,2,-1,-1
355,-1,352,150,8,8,0.41,2,-1,-1
355,-1,338,147,8,6,0.12,2,-1,-1
356,-1,264,304,40,49,0.91,2,-1,-1
356,-1,345,181,16,16,0.85,2,-1,-1
356,-1,350,151,9,10,0.39,2,-1,-1
357,-1,258,318,44,53,0.91,2,-1,-1
357,-1,345,180,16,16,0.85,2,-1,-1
357,-1,350,150,8,9,0.33,2,-1,-1
358,-1,254,328,45,55,0.92,2,-1,-1
358,-1,344,179,15,15,0.84,2,-1,-1
358,-1,350,149,9,10,0.51,2,-1,-1
359,-1,248,345,48,61,0.93,2,-1,-1
359,-1,344,178,15,14,0.85,2,-1,-1
359,-1,350,149,9,10,0.41,2,-1,-1
359,-1,338,145,8,6,0.14,2,-1,-1
360,-1,243,358,51,66,0.93,2,-1,-1
360,-1,344,176,14,14,0.85,2,-1,-1
360,-1,350,148,8,9,0.23,2,-1,-1
360,-1,337,144,8,6,0.13,2,-1,-1
361,-1,234,378,57,75,0.92,2,-1,-1
361,-1,344,176,14,14,0.85,2,-1,-1
361,-1,350,149,9,9,0.45,2,-1,-1
362,-1,228,395,60,81,0.92,2,-1,-1
362,-1,343,174,14,14,0.85,2,-1,-1
362,-1,349,149,9,9,0.46,2,-1,-1
363,-1,216,423,66,93,0.93,2,-1,-1
363,-1,343,173,14,14,0.86,2,-1,-1
364,-1,343,172,14,14,0.86,2,-1,-1
365,-1,342,171,13,14,0.87,2,-1,-1
366,-1,342,170,13,14,0.87,2,-1,-1
366,-1,346,147,9,8,0.15,2,-1,-1
367,-1,342,169,12,14,0.85,2,-1,-1
367,-1,345,147,9,8,0.15,2,-1,-1
368,-1,342,168,12,14,0.85,2,-1,-1
368,-1,346,148,9,8,0.16,2,-1,-1
369,-1,342,167,12,13,0.85,2,-1,-1
370,-1,342,167,12,13,0.86,2,-1,-1
371,-1,341,166,12,13,0.87,2,-1,-1
372,-1,341,165,12,13,0.87,2,-1,-1
373,-1,340,163,13,14,0.87,2,-1,-1
374,-1,340,162,12,14,0.88,2,-1,-1
374,-1,345,131,9,12,0.10,7,-1,-1
375,-1,340,162,12,14,0.87,2,-1,-1
375,-1,345,131,9,12,0.12,7,-1,-1
376,-1,340,162,12,13,0.87,2,-1,-1
377,-1,340,161,12,12,0.85,2,-1,-1
378,-1,340,160,12,12,0.83,2,-1,-1
379,-1,340,159,12,12,0.84,2,-1,-1
380,-1,340,159,12,12,0.84,2,-1,-1
381,-1,340,158,12,12,0.83,2,-1,-1
382,-1,340,158,12,12,0.85,2,-1,-1
383,-1,339,158,12,11,0.83,2,-1,-1
384,-1,340,158,11,11,0.83,2,-1,-1
385,-1,340,156,11,11,0.85,2,-1,-1
386,-1,339,156,11,10,0.82,2,-1,-1
387,-1,339,156,11,11,0.81,2,-1,-1
388,-1,339,154,11,12,0.82,2,-1,-1
389,-1,338,155,11,11,0.80,2,-1,-1
390,-1,338,154,11,11,0.83,2,-1,-1
391,-1,338,153,11,11,0.82,2,-1,-1
392,-1,338,153,11,11,0.81,2,-1,-1
393,-1,338,153,11,11,0.80,2,-1,-1
394,-1,338,152,10,11,0.77,2,-1,-1
395,-1,338,150,10,12,0.80,2,-1,-1
396,-1,338,150,10,11,0.77,2,-1,-1
397,-1,338,150,10,10,0.79,2,-1,-1
398,-1,338,150,10,10,0.79,2,-1,-1
399,-1,338,149,10,10,0.76,2,-1,-1
400,-1,338,149,10,10,0.78,2,-1,-1
401,-1,338,149,10,10,0.71,2,-1,-1
402,-1,338,148,10,10,0.75,2,-1,-1
403,-1,338,148,10,10,0.62,2,-1,-1
404,-1,338,147,10,11,0.64,2,-1,-1
405,-1,-1,-1,-1,-1,-1,-1,-1,-1
406,-1,337,147,10,10,0.64,2,-1,-1
407,-1,337,146,10,10,0.74,2,-1,-1
408,-1,337,147,10,10,0.59,2,-1,-1
409,-1,337,146,9,10,0.56,2,-1,-1
410,-1,337,147,9,10,0.53,2,-1,-1
411,-1,337,146,9,10,0.61,2,-1,-1
412,-1,337,146,10,10,0.61,2,-1,-1
413,-1,337,146,8,8,0.40,2,-1,-1
414,-1,337,146,8,8,0.41,2,-1,-1
415,-1,336,144,9,9,0.48,2,-1,-1
416,-1,336,144,9,9,0.48,2,-1,-1
417,-1,337,144,8,9,0.47,2,-1,-1
418,-1,338,144,8,8,0.37,2,-1,-1
419,-1,338,144,8,8,0.19,2,-1,-1
420,-1,-1,-1,-1,-1,-1,-1,-1,-1
421,-1,337,142,8,9,0.17,2,-1,-1
422,-1,336,142,9,9,0.21,2,-1,-1
423,-1,337,142,8,9,0.28,2,-1,-1
424,-1,337,142,8,9,0.26,2,-1,-1
425,-1,-1,-1,-1,-1,-1,-1,-1,-1
426,-1,-1,-1,-1,-1,-1,-1,-1,-1
427,-1,-1,-1,-1,-1,-1,-1,-1,-1
428,-1,-1,-1,-1,-1,-1,-1,-1,-1
429,-1,520,420,74,84,0.93,2,-1,-1
430,-1,512,405,70,79,0.93,2,-1,-1
431,-1,500,384,64,72,0.93,2,-1,-1
432,-1,493,372,60,69,0.93,2,-1,-1
433,-1,483,355,56,64,0.93,2,-1,-1
434,-1,477,344,54,62,0.92,2,-1,-1
434,-1,336,138,8,8,0.18,2,-1,-1
435,-1,469,331,50,57,0.93,2,-1,-1
435,-1,336,139,8,8,0.27,2,-1,-1
436,-1,464,322,48,55,0.92,2,-1,-1
436,-1,336,139,8,8,0.25,2,-1,-1
437,-1,457,312,45,51,0.92,2,-1,-1
437,-1,336,138,8,8,0.12,2,-1,-1
438,-1,452,304,44,49,0.92,2,-1,-1
438,-1,336,138,8,8,0.12,2,-1,-1
439,-1,448,295,41,47,0.90,2,-1,-1
440,-1,443,289,40,45,0.92,2,-1,-1
441,-1,432,458,68,68,0.92,2,-1,-1
441,-1,438,281,38,42,0.92,2,-1,-1
442,-1,426,436,64,62,0.91,2,-1,-1
442,-1,435,276,37,41,0.90,2,-1,-1
442,-1,336,137,8,8,0.16,2,-1,-1
443,-1,418,408,57,56,0.90,2,-1,-1
443,-1,431,268,35,40,0.90,2,-1,-1
443,-1,336,137,8,8,0.26,2,-1,-1
444,-1,414,391,52,52,0.91,2,-1,-1
444,-1,428,264,35,38,0.90,2,-1,-1
444,-1,337,137,7,8,0.10,2,-1,-1
445,-1,408,368,48,48,0.91,2,-1,-1
445,-1,424,258,32,36,0.90,2,-1,-1
446,-1,403,356,46,46,0.91,2,-1,-1
446,-1,421,255,32,35,0.89,2,-1,-1
447,-1,398,338,42,43,0.90,2,-1,-1
447,-1,416,249,32,34,0.89,2,-1,-1
448,-1,396,329,42,40,0.91,2,-1,-1
448,-1,414,246,31,34,0.89,2,-1,-1
449,-1,412,241,29,32,0.89,2,-1,-1
449,-1,391,316,40,38,0.89,2,-1,-1
450,-1,388,308,37,36,0.90,2,-1,-1
450,-1,411,238,28,30,0.88,2,-1,-1
451,-1,408,234,27,32,0.89,2,-1,-1
451,-1,385,296,34,34,0.89,2,-1,-1
452,-1,384,288,33,32,0.89,2,-1,-1
452,-1,406,231,26,30,0.87,2,-1,-1
453,-1,404,227,26,29,0.89,2,-1,-1
453,-1,381,280,32,30,0.88,2,-1,-1
454,-1,402,225,26,28,0.88,2,-1,-1
454,-1,380,274,30,29,0.88,2,-1,-1
455,-1,376,265,28,30,0.88,2,-1,-1
455,-1,400,221,24,27,0.87,2,-1,-1
456,-1,374,261,28,28,0.88,2,-1,-1
456,-1,398,219,23,27,0.87,2,-1,-1
457,-1,396,216,23,26,0.90,2,-1,-1
457,-1,374,256,27,26,0.87,2,-1,-1
458,-1,372,252,26,25,0.88,2,-1,-1
458,-1,394,214,23,25,0.87,2,-1,-1
459,-1,392,211,22,26,0.87,2,-1,-1
459,-1,370,244,24,24,0.87,2,-1,-1
460,-1,391,209,22,25,0.89,2,-1,-1
460,-1,368,241,24,24,0.88,2,-1,-1
461,-1,368,236,23,22,0.87,2,-1,-1
461,-1,389,207,21,24,0.86,2,-1,-1
462,-1,366,233,23,22,0.88,2,-1,-1
462,-1,388,206,20,23,0.86,2,-1,-1
463,-1,365,230,22,21,0.89,2,-1,-1
463,-1,386,203,20,22,0.88,2,-1,-1
464,-1,364,226,21,21,0.89,2,-1,-1
464,-1,384,202,20,22,0.88,2,-1,-1
465,-1,363,222,20,20,0.88,2,-1,-1
465,-1,383,199,20,22,0.86,2,-1,-1
466,-1,362,219,20,21,0.88,2,-1,-1
466,-1,383,196,19,23,0.86,2,-1,-1
467,-1,361,216,20,20,0.87,2,-1,-1
467,-1,382,194,18,22,0.87,2,-1,-1
468,-1,360,214,18,18,0.88,2,-1,-1
468,-1,380,194,19,22,0.86,2,-1,-1
469,-1,359,210,18,19,0.87,2,-1,-1
469,-1,379,193,18,20,0.87,2,-1,-1
470,-1,358,209,17,18,0.88,2,-1,-1
470,-1,378,192,18,20,0.87,2,-1,-1
471,-1,358,206,17,18,0.86,2,-1,-1
471,-1,376,190,18,20,0.85,2,-1,-1
472,-1,357,204,17,18,0.87,2,-1,-1
472,-1,376,189,18,20,0.86,2,-1,-1
473,-1,356,202,16,17,0.88,2,-1,-1
473,-1,375,188,17,19,0.85,2,-1,-1
474,-1,356,200,16,17,0.88,2,-1,-1
474,-1,374,187,17,19,0.84,2,-1,-1
475,-1,355,198,15,16,0.87,2,-1,-1
475,-1,374,186,16,18,0.86,2,-1,-1
476,-1,372,185,17,18,0.87,2,-1,-1
476,-1,354,196,15,16,0.86,2,-1,-1
477,-1,372,184,16,17,0.86,2,-1,-1
477,-1,353,194,15,16,0.86,2,-1,-1
478,-1,370,182,16,18,0.85,2,-1,-1
478,-1,353,193,15,16,0.85,2,-1,-1
479,-1,352,191,15,16,0.85,2,-1,-1
479,-1,370,180,15,18,0.84,2,-1,-1
480,-1,352,189,15,16,0.85,2,-1,-1
480,-1,369,180,16,17,0.84,2,-1,-1
481,-1,351,187,14,16,0.87,2,-1,-1
481,-1,368,178,16,17,0.85,2,-1,-1
482,-1,351,187,14,14,0.87,2,-1,-1
482,-1,368,178,15,17,0.84,2,-1,-1
483,-1,350,185,14,14,0.86,2,-1,-1
483,-1,366,176,16,17,0.84,2,-1,-1
484,-1,350,184,14,14,0.85,2,-1,-1
484,-1,366,176,15,16,0.85,2,-1,-1
485,-1,349,182,14,14,0.86,2,-1,-1
485,-1,366,175,14,16,0.86,2,-1,-1
486,-1,348,181,14,14,0.86,2,-1,-1
486,-1,365,175,14,15,0.85,2,-1,-1
487,-1,348,179,14,14,0.84,2,-1,-1
487,-1,365,174,14,16,0.83,2,-1,-1
488,-1,348,178,13,14,0.84,2,-1,-1
488,-1,364,174,14,15,0.83,2,-1,-1
489,-1,363,171,14,16,0.84,2,-1,-1
489,-1,348,177,13,14,0.83,2,-1,-1
490,-1,363,172,14,15,0.85,2,-1,-1
490,-1,347,176,13,14,0.83,2,-1,-1
491,-1,362,170,14,16,0.83,2,-1,-1
491,-1,346,174,13,13,0.83,2,-1,-1
492,-1,362,170,13,15,0.84,2,-1,-1
492,-1,346,174,13,14,0.83,2,-1,-1
493,-1,362,169,12,14,0.83,2,-1,-1
493,-1,346,173,13,13,0.83,2,-1,-1
494,-1,345,172,13,13,0.83,2,-1,-1
494,-1,362,168,13,15,0.83,2,-1,-1
495,-1,345,170,12,14,0.85,2,-1,-1
495,-1,361,169,12,13,0.80,2,-1,-1
496,-1,344,170,13,13,0.85,2,-1,-1
496,-1,360,167,13,14,0.81,2,-1,-1
497,-1,344,169,12,12,0.85,2,-1,-1
497,-1,360,166,13,14,0.81,2,-1,-1
498,-1,344,168,12,12,0.84,2,-1,-1
498,-1,360,166,12,13,0.80,2,-1,-1
499,-1,344,167,12,12,0.85,2,-1,-1
499,-1,359,163,12,16,0.83,2,-1,-1
500,-1,344,166,12,13,0.85,2,-1,-1
500,-1,358,163,12,14,0.85,2,-1,-1
501,-1,358,162,13,15,0.85,2,-1,-1
501,-1,344,165,11,12,0.84,2,-1,-1
502,-1,343,164,12,13,0.85,2,-1,-1
502,-1,358,162,13,16,0.84,2,-1,-1
503,-1,342,164,12,13,0.84,2,-1,-1
503,-1,358,162,13,15,0.84,2,-1,-1
504,-1,342,162,12,13,0.83,2,-1,-1
504,-1,358,163,13,14,0.75,2,-1,-1
505,-1,356,161,13,14,0.83,2,-1,-1
505,-1,343,162,11,12,0.82,2,-1,-1
506,-1,356,160,12,14,0.82,2,-1,-1
506,-1,342,161,11,13,0.81,2,-1,-1
507,-1,342,160,11,12,0.82,2,-1,-1
507,-1,356,161,12,12,0.77,2,-1,-1
508,-1,342,160,11,12,0.81,2,-1,-1
508,-1,356,160,12,13,0.78,2,-1,-1
509,-1,342,159,11,12,0.82,2,-1,-1
509,-1,356,160,12,12,0.68,2,-1,-1
510,-1,342,158,11,12,0.84,2,-1,-1
510,-1,356,160,12,12,0.71,2,-1,-1
511,-1,342,158,11,12,0.83,2,-1,-1
511,-1,356,159,12,12,0.78,2,-1,-1
512,-1,341,158,11,12,0.84,2,-1,-1
512,-1,355,159,12,12,0.75,2,-1,-1
513,-1,341,158,11,11,0.83,2,-1,-1
513,-1,355,158,13,12,0.77,2,-1,-1
514,-1,341,157,11,11,0.82,2,-1,-1
514,-1,355,158,13,12,0.75,2,-1,-1
515,-1,340,155,10,11,0.77,2,-1,-1
515,-1,354,157,12,12,0.75,2,-1,-1
516,-1,340,155,10,11,0.78,2,-1,-1
516,-1,354,157,12,12,0.75,2,-1,-1
517,-1,340,154,10,11,0.79,2,-1,-1
517,-1,354,156,11,10,0.78,2,-1,-1
518,-1,340,154,10,11,0.78,2,-1,-1
518,-1,353,156,11,11,0.71,2,-1,-1
519,-1,340,154,10,11,0.77,2,-1,-1
519,-1,354,155,10,10,0.51,2,-1,-1
520,-1,340,154,10,11,0.77,2,-1,-1
520,-1,354,155,11,10,0.55,2,-1,-1
521,-1,340,153,10,10,0.73,2,-1,-1
521,-1,354,155,10,10,0.54,2,-1,-1
522,-1,340,153,10,10,0.71,2,-1,-1
523,-1,340,152,10,10,0.70,2,-1,-1
523,-1,352,152,11,12,0.61,2,-1,-1
524,-1,340,152,10,10,0.67,2,-1,-1
524,-1,352,152,11,12,0.60,2,-1,-1
525,-1,340,152,10,10,0.67,2,-1,-1
525,-1,352,152,11,12,0.62,2,-1,-1
526,-1,352,152,11,12,0.60,2,-1,-1
526,-1,340,151,10,10,0.59,2,-1,-1
527,-1,340,150,10,10,0.60,2,-1,-1
528,-1,340,149,9,10,0.65,2,-1,-1
528,-1,351,150,10,11,0.53,2,-1,-1
529,-1,351,149,10,12,0.55,2,-1,-1
529,-1,340,150,10,10,0.51,2,-1,-1
530,-1,340,148,9,10,0.61,2,-1,-1
530,-1,351,150,9,10,0.18,2,-1,-1
531,-1,340,148,10,10,0.69,2,-1,-1
531,-1,351,150,9,10,0.13,2,-1,-1
532,-1,340,148,10,10,0.71,2,-1,-1
533,-1,340,147,10,10,0.65,2,-1,-1
533,-1,350,150,9,10,0.18,2,-1,-1
534,-1,340,147,10,9,0.63,2,-1,-1
534,-1,350,150,9,10,0.29,2,-1,-1
535,-1,340,147,9,9,0.69,2,-1,-1
535,-1,350,148,9,10,0.31,2,-1,-1
536,-1,340,146,9,10,0.66,2,-1,-1
536,-1,350,150,9,9,0.32,2,-1,-1
537,-1,340,146,9,9,0.66,2,-1,-1
537,-1,350,149,9,10,0.60,2,-1,-1
538,-1,340,146,9,10,0.63,2,-1,-1
538,-1,350,149,10,10,0.59,2,-1,-1
539,-1,340,145,9,10,0.60,2,-1,-1
539,-1,350,149,8,8,0.28,2,-1,-1
539,-1,304,149,8,8,0.16,2,-1,-1
540,-1,340,145,8,9,0.50,2,-1,-1
540,-1,350,148,8,9,0.21,2,-1,-1
540,-1,304,148,8,8,0.18,2,-1,-1
541,-1,340,144,8,9,0.42,2,-1,-1
541,-1,304,148,8,8,0.25,2,-1,-1
542,-1,340,144,9,9,0.29,2,-1,-1
542,-1,304,148,8,8,0.25,2,-1,-1
543,-1,340,144,8,9,0.26,2,-1,-1
544,-1,340,143,8,9,0.21,2,-1,-1
545,-1,340,142,8,10,0.14,2,-1,-1
546,-1,340,142,9,10,0.18,2,-1,-1
547,-1,-1,-1,-1,-1,-1,-1,-1,-1
548,-1,-1,-1,-1,-1,-1,-1,-1,-1
549,-1,424,452,70,67,0.92,2,-1,-1
549,-1,340,142,9,10,0.24,2,-1,-1
550,-1,419,430,63,62,0.92,2,-1,-1
550,-1,340,142,9,9,0.23,2,-1,-1
551,-1,412,402,56,56,0.91,2,-1,-1
551,-1,340,142,9,9,0.22,2,-1,-1
552,-1,407,385,54,52,0.91,2,-1,-1
553,-1,402,364,48,47,0.91,2,-1,-1
554,-1,398,351,46,45,0.90,2,-1,-1
555,-1,392,334,44,42,0.90,2,-1,-1
555,-1,302,153,10,12,0.63,2,-1,-1
556,-1,390,324,43,40,0.89,2,-1,-1
556,-1,302,153,10,12,0.63,2,-1,-1
557,-1,386,311,39,37,0.89,2,-1,-1
557,-1,302,153,10,12,0.72,2,-1,-1
558,-1,383,303,37,35,0.89,2,-1,-1
558,-1,301,154,11,12,0.61,2,-1,-1
559,-1,380,292,35,33,0.90,2,-1,-1
559,-1,302,154,11,12,0.75,2,-1,-1
559,-1,340,139,8,8,0.12,2,-1,-1
560,-1,378,285,34,32,0.88,2,-1,-1
560,-1,302,154,11,12,0.75,2,-1,-1
560,-1,340,139,8,8,0.12,2,-1,-1
561,-1,375,276,32,30,0.87,2,-1,-1
561,-1,300,155,12,12,0.68,2,-1,-1
562,-1,374,269,30,30,0.87,2,-1,-1
562,-1,300,156,11,12,0.76,2,-1,-1
563,-1,370,260,30,30,0.88,2,-1,-1
563,-1,300,158,11,11,0.77,2,-1,-1
564,-1,370,258,29,27,0.88,2,-1,-1
564,-1,300,159,11,11,0.73,2,-1,-1
565,-1,368,251,26,25,0.88,2,-1,-1
565,-1,299,160,12,11,0.71,2,-1,-1
565,-1,342,137,9,9,0.10,2,-1,-1
566,-1,367,247,26,24,0.87,2,-1,-1
566,-1,298,160,12,11,0.72,2,-1,-1
567,-1,365,242,25,24,0.89,2,-1,-1
567,-1,298,160,12,11,0.75,2,-1,-1
568,-1,364,238,25,24,0.88,2,-1,-1
568,-1,298,161,12,12,0.76,2,-1,-1
569,-1,362,233,24,22,0.87,2,-1,-1
569,-1,297,162,12,12,0.61,2,-1,-1
570,-1,361,230,23,22,0.86,2,-1,-1
570,-1,297,162,12,12,0.65,2,-1,-1
571,-1,360,225,22,21,0.88,2,-1,-1
571,-1,296,163,13,12,0.78,2,-1,-1
572,-1,359,223,22,20,0.87,2,-1,-1
572,-1,296,164,13,13,0.75,2,-1,-1
573,-1,358,218,21,20,0.89,2,-1,-1
573,-1,295,166,12,12,0.80,2,-1,-1
574,-1,356,216,22,20,0.87,2,-1,-1
574,-1,295,166,12,12,0.81,2,-1,-1
575,-1,356,212,20,20,0.87,2,-1,-1
575,-1,294,167,12,12,0.80,2,-1,-1
576,-1,355,210,20,20,0.88,2,-1,-1
576,-1,294,168,12,12,0.81,2,-1,-1
577,-1,354,207,20,19,0.87,2,-1,-1
577,-1,293,169,13,12,0.84,2,-1,-1
577,-1,304,147,10,9,0.20,2,-1,-1
578,-1,354,206,19,18,0.88,2,-1,-1
578,-1,293,169,13,13,0.84,2,-1,-1
578,-1,304,147,10,10,0.28,2,-1,-1
579,-1,353,203,18,18,0.88,2,-1,-1
579,-1,292,170,14,13,0.85,2,-1,-1
579,-1,304,147,10,10,0.29,2,-1,-1
580,-1,352,201,18,17,0.87,2,-1,-1
580,-1,292,171,14,13,0.85,2,-1,-1
580,-1,304,147,10,10,0.35,2,-1,-1
581,-1,352,199,17,17,0.87,2,-1,-1
581,-1,290,172,14,14,0.83,2,-1,-1
581,-1,304,148,10,10,0.13,2,-1,-1
582,-1,352,197,17,17,0.86,2,-1,-1
582,-1,290,172,14,14,0.82,2,-1,-1
583,-1,351,194,17,17,0.86,2,-1,-1
583,-1,289,174,14,14,0.78,2,-1,-1
583,-1,304,149,10,10,0.12,2,-1,-1
584,-1,351,193,16,16,0.86,2,-1,-1
584,-1,289,174,14,14,0.78,2,-1,-1
584,-1,304,149,10,10,0.12,2,-1,-1
585,-1,350,191,16,16,0.86,2,-1,-1
585,-1,288,176,14,14,0.80,2,-1,-1
585,-1,304,149,10,10,0.12,2,-1,-1
586,-1,349,190,17,16,0.86,2,-1,-1
586,-1,288,177,14,14,0.82,2,-1,-1
587,-1,349,188,16,16,0.86,2,-1,-1
587,-1,288,178,15,15,0.83,2,-1,-1
588,-1,348,187,16,16,0.88,2,-1,-1
588,-1,286,181,14,14,0.83,2,-1,-1
588,-1,304,150,10,11,0.13,2,-1,-1
589,-1,348,185,16,16,0.88,2,-1,-1
589,-1,284,182,16,14,0.79,2,-1,-1
589,-1,303,151,10,11,0.63,2,-1,-1
590,-1,348,183,16,16,0.87,2,-1,-1
590,-1,284,184,15,13,0.83,2,-1,-1
590,-1,303,151,10,11,0.63,2,-1,-1
591,-1,347,182,15,15,0.86,2,-1,-1
591,-1,283,186,16,14,0.85,2,-1,-1
591,-1,302,152,11,13,0.77,2,-1,-1
592,-1,347,182,15,14,0.86,2,-1,-1
592,-1,282,186,16,14,0.85,2,-1,-1
592,-1,302,152,11,13,0.82,2,-1,-1
593,-1,346,180,15,14,0.86,2,-1,-1
593,-1,282,187,16,14,0.83,2,-1,-1
593,-1,302,153,10,12,0.81,2,-1,-1
594,-1,346,179,14,14,0.86,2,-1,-1
594,-1,280,188,16,15,0.82,2,-1,-1
594,-1,302,153,11,13,0.81,2,-1,-1
595,-1,346,178,14,14,0.85,2,-1,-1
595,-1,302,154,10,12,0.82,2,-1,-1
595,-1,280,190,16,16,0.81,2,-1,-1
596,-1,346,176,14,14,0.85,2,-1,-1
596,-1,278,192,16,15,0.83,2,-1,-1
596,-1,302,154,10,12,0.80,2,-1,-1
597,-1,277,194,16,16,0.85,2,-1,-1
597,-1,346,175,14,13,0.83,2,-1,-1
597,-1,302,156,11,12,0.81,2,-1,-1
598,-1,276,195,17,16,0.84,2,-1,-1
598,-1,346,174,14,14,0.84,2,-1,-1
598,-1,300,156,11,12,0.78,2,-1,-1
599,-1,274,196,18,18,0.85,2,-1,-1
599,-1,345,172,14,14,0.84,2,-1,-1
599,-1,300,158,12,12,0.77,2,-1,-1
600,-1,345,172,14,14,0.85,2,-1,-1
600,-1,274,199,17,16,0.85,2,-1,-1
600,-1,300,158,11,12,0.77,2,-1,-1
601,-1,345,170,12,14,0.86,2,-1,-1
601,-1,272,200,18,18,0.85,2,-1,-1
601,-1,299,158,12,12,0.78,2,-1,-1
602,-1,344,169,13,14,0.86,2,-1,-1
602,-1,272,203,18,18,0.83,2,-1,-1
602,-1,298,160,12,12,0.77,2,-1,-1
603,-1,344,169,13,13,0.86,2,-1,-1
603,-1,269,207,19,17,0.83,2,-1,-1
603,-1,298,161,12,12,0.79,2,-1,-1
604,-1,344,168,13,13,0.85,2,-1,-1
604,-1,268,207,20,19,0.84,2,-1,-1
604,-1,298,160,12,12,0.79,2,-1,-1
605,-1,344,167,12,13,0.85,2,-1,-1
605,-1,266,211,20,18,0.83,2,-1,-1
605,-1,297,161,12,12,0.82,2,-1,-1
606,-1,344,166,12,13,0.87,2,-1,-1
606,-1,264,212,21,20,0.85,2,-1,-1
606,-1,297,162,12,12,0.82,2,-1,-1
607,-1,343,165,12,12,0.87,2,-1,-1
607,-1,263,215,20,21,0.84,2,-1,-1
607,-1,296,164,12,12,0.83,2,-1,-1
608,-1,344,165,12,12,0.87,2,-1,-1
608,-1,261,217,21,22,0.86,2,-1,-1
608,-1,296,164,12,12,0.83,2,-1,-1
609,-1,342,164,12,13,0.86,2,-1,-1
609,-1,258,223,22,20,0.85,2,-1,-1
609,-1,296,164,12,14,0.83,2,-1,-1
610,-1,342,162,12,14,0.86,2,-1,-1
610,-1,258,224,22,22,0.84,2,-1,-1
610,-1,295,165,13,13,0.83,2,-1,-1
611,-1,255,229,22,22,0.86,2,-1,-1
611,-1,342,162,12,13,0.86,2,-1,-1
611,-1,295,165,13,13,0.83,2,-1,-1
612,-1,253,231,22,23,0.86,2,-1,-1
612,-1,342,161,12,13,0.84,2,-1,-1
612,-1,294,166,13,13,0.82,2,-1,-1
613,-1,250,235,23,24,0.87,2,-1,-1
613,-1,342,160,11,12,0.86,2,-1,-1
613,-1,293,168,13,12,0.83,2,-1,-1
614,-1,342,161,11,12,0.86,2,-1,-1
614,-1,248,238,24,25,0.86,2,-1,-1
614,-1,294,168,12,12,0.83,2,-1,-1
615,-1,244,244,26,26,0.86,2,-1,-1
615,-1,342,159,12,13,0.85,2,-1,-1
615,-1,293,170,13,13,0.83,2,-1,-1
616,-1,242,248,26,26,0.88,2,-1,-1
616,-1,342,159,11,12,0.85,2,-1,-1
616,-1,292,170,14,14,0.85,2,-1,-1
617,-1,240,252,26,26,0.87,2,-1,-1
617,-1,342,159,11,12,0.85,2,-1,-1
617,-1,292,170,14,14,0.85,2,-1,-1
618,-1,237,257,27,27,0.87,2,-1,-1
618,-1,342,158,11,12,0.85,2,-1,-1
618,-1,292,171,14,14,0.84,2,-1,-1
619,-1,232,264,28,28,0.88,2,-1,-1
619,-1,341,158,12,11,0.85,2,-1,-1
619,-1,291,172,14,14,0.83,2,-1,-1
620,-1,229,268,30,31,0.88,2,-1,-1
620,-1,341,158,12,11,0.85,2,-1,-1
620,-1,290,172,14,14,0.82,2,-1,-1
621,-1,224,278,31,32,0.89,2,-1,-1
621,-1,341,157,12,11,0.82,2,-1,-1
621,-1,290,174,14,14,0.80,2,-1,-1
622,-1,220,282,32,34,0.90,2,-1,-1
622,-1,341,156,10,10,0.83,2,-1,-1
622,-1,290,174,14,14,0.80,2,-1,-1
623,-1,214,292,34,35,0.89,2,-1,-1
623,-1,341,156,10,10,0.85,2,-1,-1
623,-1,289,176,15,14,0.81,2,-1,-1
624,-1,208,298,36,38,0.90,2,-1,-1
624,-1,340,155,11,11,0.83,2,-1,-1
624,-1,289,176,14,14,0.81,2,-1,-1
625,-1,201,310,38,40,0.89,2,-1,-1
625,-1,341,154,10,10,0.84,2,-1,-1
625,-1,288,179,14,13,0.84,2,-1,-1
626,-1,195,318,40,43,0.91,2,-1,-1
626,-1,288,180,14,14,0.84,2,-1,-1
626,-1,340,154,10,10,0.83,2,-1,-1
627,-1,185,332,43,46,0.90,2,-1,-1
627,-1,287,182,14,14,0.82,2,-1,-1
627,-1,340,153,10,11,0.81,2,-1,-1
628,-1,178,342,46,50,0.90,2,-1,-1
628,-1,340,153,10,11,0.81,2,-1,-1
628,-1,286,182,14,14,0.81,2,-1,-1
629,-1,167,361,49,54,0.90,2,-1,-1
629,-1,286,183,14,14,0.83,2,-1,-1
629,-1,340,152,10,11,0.79,2,-1,-1
630,-1,158,374,53,58,0.90,2,-1,-1
630,-1,286,185,14,14,0.85,2,-1,-1
630,-1,340,152,11,11,0.79,2,-1,-1
631,-1,142,396,59,65,0.93,2,-1,-1
631,-1,284,186,15,15,0.86,2,-1,-1
631,-1,340,150,10,11,0.80,2,-1,-1
632,-1,131,415,64,69,0.93,2,-1,-1
632,-1,283,186,16,16,0.86,2,-1,-1
632,-1,340,150,10,10,0.79,2,-1,-1
633,-1,111,445,70,79,0.92,2,-1,-1
633,-1,282,189,16,15,0.83,2,-1,-1
633,-1,340,150,10,10,0.76,2,-1,-1
634,-1,282,191,16,14,0.83,2,-1,-1
634,-1,340,150,10,10,0.74,2,-1,-1
635,-1,281,192,16,15,0.84,2,-1,-1
635,-1,340,149,10,10,0.78,2,-1,-1
636,-1,280,194,16,15,0.84,2,-1,-1
636,-1,340,149,10,10,0.78,2,-1,-1
637,-1,279,193,16,17,0.85,2,-1,-1
637,-1,340,148,10,10,0.74,2,-1,-1
638,-1,278,196,16,16,0.84,2,-1,-1
638,-1,340,148,10,10,0.81,2,-1,-1
639,-1,276,197,16,17,0.84,2,-1,-1
639,-1,340,147,10,11,0.81,2,-1,-1
640,-1,276,198,17,18,0.85,2,-1,-1
640,-1,340,147,10,10,0.80,2,-1,-1
641,-1,275,200,18,18,0.85,2,-1,-1
641,-1,340,147,10,10,0.76,2,-1,-1
642,-1,274,202,18,18,0.85,2,-1,-1
642,-1,340,146,10,10,0.76,2,-1,-1
643,-1,272,204,19,20,0.85,2,-1,-1
643,-1,340,146,10,10,0.77,2,-1,-1
644,-1,272,206,18,19,0.85,2,-1,-1
644,-1,340,146,10,10,0.72,2,-1,-1
645,-1,270,210,18,18,0.85,2,-1,-1
645,-1,340,145,10,10,0.69,2,-1,-1
646,-1,269,211,19,19,0.85,2,-1,-1
646,-1,340,144,10,10,0.68,2,-1,-1
647,-1,268,213,20,20,0.87,2,-1,-1
647,-1,340,144,10,10,0.68,2,-1,-1
648,-1,266,215,20,20,0.85,2,-1,-1
648,-1,340,144,10,10,0.66,2,-1,-1
649,-1,264,220,20,19,0.86,2,-1,-1
649,-1,340,144,9,9,0.56,2,-1,-1
650,-1,264,222,20,20,0.87,2,-1,-1
650,-1,340,144,8,9,0.56,2,-1,-1
651,-1,262,225,21,22,0.87,2,-1,-1
651,-1,340,144,9,9,0.54,2,-1,-1
652,-1,260,226,21,22,0.89,2,-1,-1
652,-1,340,143,8,9,0.58,2,-1,-1
653,-1,258,230,22,24,0.85,2,-1,-1
653,-1,340,143,8,8,0.54,2,-1,-1
654,-1,256,233,22,24,0.86,2,-1,-1
654,-1,340,143,8,8,0.30,2,-1,-1
655,-1,254,236,22,26,0.87,2,-1,-1
655,-1,340,143,8,8,0.29,2,-1,-1
656,-1,252,240,24,26,0.89,2,-1,-1
656,-1,340,143,8,8,0.11,2,-1,-1
657,-1,248,246,25,26,0.86,2,-1,-1
657,-1,340,142,8,8,0.22,2,-1,-1
658,-1,246,249,25,27,0.87,2,-1,-1
659,-1,243,254,27,28,0.88,2,-1,-1
660,-1,240,258,27,29,0.88,2,-1,-1
661,-1,236,264,29,31,0.87,2,-1,-1
661,-1,341,140,8,8,0.21,2,-1,-1
662,-1,233,268,30,33,0.88,2,-1,-1
662,-1,341,140,8,8,0.21,2,-1,-1
663,-1,228,275,31,34,0.89,2,-1,-1
663,-1,340,139,9,9,0.29,2,-1,-1
664,-1,224,281,32,35,0.88,2,-1,-1
664,-1,341,140,8,8,0.21,2,-1,-1
665,-1,219,290,34,36,0.90,2,-1,-1
666,-1,215,294,34,38,0.88,2,-1,-1
666,-1,341,138,8,9,0.30,2,-1,-1
667,-1,208,304,38,41,0.90,2,-1,-1
667,-1,341,138,8,9,0.30,2,-1,-1
668,-1,204,311,38,43,0.90,2,-1,-1
668,-1,341,138,8,9,0.30,2,-1,-1
669,-1,196,322,41,46,0.91,2,-1,-1
669,-1,342,138,8,8,0.11,2,-1,-1
670,-1,462,276,158,213,0.92,7,-1,-1
670,-1,180,346,46,50,0.91,2,-1,-1
671,-1,462,276,158,212,0.92,7,-1,-1
671,-1,180,346,46,50,0.91,2,-1,-1
672,-1,458,269,148,202,0.93,7,-1,-1
672,-1,173,356,48,54,0.91,2,-1,-1
672,-1,342,136,8,8,0.21,2,-1,-1
673,-1,451,261,136,187,0.93,7,-1,-1
673,-1,162,372,52,60,0.92,2,-1,-1
673,-1,342,136,8,9,0.34,2,-1,-1
674,-1,448,256,129,178,0.93,7,-1,-1
674,-1,154,384,54,64,0.92,2,-1,-1
674,-1,342,136,8,9,0.35,2,-1,-1
675,-1,442,250,120,164,0.93,7,-1,-1
675,-1,140,405,58,71,0.93,2,-1,-1
676,-1,438,245,113,157,0.94,7,-1,-1
676,-1,128,422,64,76,0.91,2,-1,-1
677,-1,434,240,106,147,0.93,7,-1,-1
677,-1,110,448,69,82,0.92,2,-1,-1
678,-1,431,236,101,139,0.92,7,-1,-1
679,-1,427,230,94,132,0.93,7,-1,-1
680,-1,424,228,90,126,0.93,7,-1,-1
680,-1,344,135,8,8,0.25,2,-1,-1
681,-1,420,222,86,120,0.93,7,-1,-1
681,-1,344,135,8,8,0.26,2,-1,-1
682,-1,418,220,82,114,0.93,7,-1,-1
682,-1,344,135,8,8,0.14,2,-1,-1
683,-1,416,216,77,108,0.93,7,-1,-1
683,-1,344,134,8,9,0.17,2,-1,-1
684,-1,414,214,74,105,0.94,7,-1,-1
684,-1,344,134,8,9,0.17,2,-1,-1
685,-1,410,210,71,100,0.92,7,-1,-1
686,-1,408,209,69,96,0.92,7,-1,-1
686,-1,317,145,8,9,0.14,2,-1,-1
686,-1,319,126,9,12,0.10,7,-1,-1
687,-1,406,206,66,93,0.93,7,-1,-1
688,-1,404,204,63,90,0.92,7,-1,-1
689,-1,402,200,62,87,0.92,7,-1,-1
689,-1,318,127,9,12,0.23,7,-1,-1
690,-1,400,198,60,86,0.92,7,-1,-1
690,-1,318,127,9,11,0.26,7,-1,-1
691,-1,398,196,56,81,0.91,7,-1,-1
691,-1,318,127,8,12,0.22,7,-1,-1
692,-1,398,195,54,78,0.91,7,-1,-1
692,-1,317,128,9,12,0.44,7,-1,-1
692,-1,316,149,9,9,0.38,2,-1,-1
693,-1,396,192,53,76,0.90,7,-1,-1
693,-1,316,149,9,9,0.38,2,-1,-1
693,-1,317,127,9,12,0.36,7,-1,-1
694,-1,394,191,51,76,0.90,7,-1,-1
694,-1,316,149,9,9,0.23,2,-1,-1
695,-1,392,189,51,74,0.90,7,-1,-1
695,-1,316,128,9,12,0.24,7,-1,-1
696,-1,391,187,50,72,0.91,7,-1,-1
696,-1,316,128,9,12,0.14,7,-1,-1
697,-1,389,185,48,69,0.92,7,-1,-1
697,-1,315,128,8,12,0.26,7,-1,-1
697,-1,314,150,10,10,0.11,2,-1,-1
698,-1,388,184,46,68,0.92,7,-1,-1
698,-1,315,128,8,12,0.21,7,-1,-1
698,-1,314,150,10,10,0.12,2,-1,-1
699,-1,387,183,44,65,0.91,7,-1,-1
699,-1,315,129,8,12,0.26,7,-1,-1
700,-1,386,181,44,64,0.92,7,-1,-1
700,-1,315,129,8,12,0.22,7,-1,-1
701,-1,385,180,42,62,0.92,7,-1,-1
701,-1,314,129,8,12,0.12,7,-1,-1
702,-1,384,179,42,61,0.91,7,-1,-1
703,-1,382,177,41,60,0.92,7,-1,-1
704,-1,382,176,41,59,0.92,7,-1,-1
705,-1,380,175,38,58,0.91,7,-1,-1
706,-1,380,174,38,56,0.90,7,-1,-1
706,-1,312,130,9,13,0.26,7,-1,-1
707,-1,378,173,38,55,0.91,7,-1,-1
707,-1,314,156,10,10,0.30,2,-1,-1
707,-1,312,130,9,13,0.29,7,-1,-1
708,-1,378,172,37,53,0.91,7,-1,-1
708,-1,313,156,10,10,0.59,2,-1,-1
708,-1,312,130,9,13,0.44,7,-1,-1
709,-1,377,171,35,52,0.90,7,-1,-1
709,-1,314,156,10,10,0.68,2,-1,-1
709,-1,312,130,9,13,0.48,7,-1,-1
710,-1,376,170,35,52,0.90,7,-1,-1
710,-1,314,157,10,10,0.66,2,-1,-1
710,-1,312,130,9,13,0.39,7,-1,-1
711,-1,375,170,34,50,0.90,7,-1,-1
711,-1,313,157,11,11,0.78,2,-1,-1
711,-1,312,131,9,13,0.29,7,-1,-1
712,-1,374,169,34,49,0.90,7,-1,-1
712,-1,313,157,11,11,0.79,2,-1,-1
712,-1,312,132,9,13,0.17,7,-1,-1
713,-1,374,167,32,48,0.90,7,-1,-1
713,-1,313,158,11,11,0.80,2,-1,-1
713,-1,311,132,9,13,0.21,7,-1,-1
714,-1,373,166,33,48,0.90,7,-1,-1
714,-1,312,157,12,12,0.82,2,-1,-1
714,-1,312,133,9,12,0.13,7,-1,-1
715,-1,372,165,32,47,0.90,7,-1,-1
715,-1,313,158,10,11,0.81,2,-1,-1
716,-1,371,164,32,47,0.90,7,-1,-1
716,-1,313,158,11,12,0.81,2,-1,-1
716,-1,311,133,9,12,0.11,7,-1,-1
717,-1,370,163,32,46,0.90,7,-1,-1
717,-1,313,160,12,12,0.79,2,-1,-1
717,-1,310,133,9,12,0.13,7,-1,-1
717,-1,304,150,9,9,0.12,2,-1,-1
718,-1,370,163,31,46,0.89,7,-1,-1
718,-1,313,160,12,12,0.77,2,-1,-1
719,-1,368,162,31,45,0.90,7,-1,-1
719,-1,312,160,12,12,0.79,2,-1,-1
720,-1,368,161,31,44,0.89,7,-1,-1
720,-1,313,162,11,12,0.82,2,-1,-1
721,-1,367,161,30,43,0.89,7,-1,-1
721,-1,312,162,12,13,0.82,2,-1,-1
722,-1,367,160,30,44,0.89,7,-1,-1
722,-1,312,163,12,13,0.84,2,-1,-1
723,-1,366,159,30,42,0.89,7,-1,-1
723,-1,312,163,12,14,0.84,2,-1,-1
724,-1,366,159,30,42,0.88,7,-1,-1
724,-1,312,164,12,13,0.83,2,-1,-1
725,-1,366,158,30,41,0.89,7,-1,-1
725,-1,312,165,11,13,0.84,2,-1,-1
725,-1,302,152,10,12,0.53,2,-1,-1
726,-1,366,157,28,40,0.89,7,-1,-1
726,-1,312,166,12,13,0.84,2,-1,-1
726,-1,302,153,10,12,0.74,2,-1,-1
727,-1,365,157,29,40,0.89,7,-1,-1
727,-1,311,167,12,14,0.82,2,-1,-1
727,-1,302,154,10,12,0.56,2,-1,-1
728,-1,365,156,28,39,0.88,7,-1,-1
728,-1,312,168,12,13,0.83,2,-1,-1
728,-1,302,154,10,12,0.56,2,-1,-1
729,-1,364,156,27,38,0.89,7,-1,-1
729,-1,311,168,12,13,0.82,2,-1,-1
729,-1,302,155,11,12,0.74,2,-1,-1
730,-1,364,155,27,38,0.89,7,-1,-1
730,-1,311,169,13,14,0.82,2,-1,-1
730,-1,301,155,11,12,0.75,2,-1,-1
731,-1,363,154,27,38,0.89,7,-1,-1
731,-1,311,171,12,13,0.81,2,-1,-1
731,-1,300,156,11,11,0.66,2,-1,-1
732,-1,363,154,26,38,0.89,7,-1,-1
732,-1,310,171,12,14,0.84,2,-1,-1
732,-1,300,157,12,12,0.70,2,-1,-1
733,-1,362,153,25,36,0.88,7,-1,-1
733,-1,310,172,12,13,0.83,2,-1,-1
733,-1,300,159,12,10,0.76,2,-1,-1
733,-1,305,136,11,15,0.16,7,-1,-1
734,-1,362,153,26,36,0.88,7,-1,-1
734,-1,310,174,12,13,0.83,2,-1,-1
734,-1,300,159,11,10,0.77,2,-1,-1
734,-1,305,136,11,14,0.24,7,-1,-1
735,-1,362,152,25,36,0.88,7,-1,-1
735,-1,309,174,13,14,0.85,2,-1,-1
735,-1,300,160,11,11,0.75,2,-1,-1
735,-1,305,136,11,14,0.20,7,-1,-1
736,-1,361,152,26,36,0.88,7,-1,-1
736,-1,309,176,13,14,0.85,2,-1,-1
736,-1,298,161,11,10,0.71,2,-1,-1
736,-1,305,136,11,15,0.30,7,-1,-1
737,-1,361,152,24,35,0.87,7,-1,-1
737,-1,308,176,14,14,0.85,2,-1,-1
737,-1,299,161,11,11,0.76,2,-1,-1
737,-1,304,137,11,14,0.16,2,-1,-1
738,-1,361,152,24,34,0.87,7,-1,-1
738,-1,308,177,14,14,0.86,2,-1,-1
738,-1,298,162,12,11,0.74,2,-1,-1
738,-1,304,137,11,14,0.18,2,-1,-1
739,-1,360,150,23,34,0.87,7,-1,-1
739,-1,307,179,14,15,0.85,2,-1,-1
739,-1,297,163,12,11,0.79,2,-1,-1
739,-1,304,137,11,14,0.23,2,-1,-1
740,-1,360,150,22,34,0.87,7,-1,-1
740,-1,307,179,14,15,0.85,2,-1,-1
740,-1,297,164,11,11,0.79,2,-1,-1
740,-1,305,136,11,15,0.22,7,-1,-1
741,-1,359,150,23,34,0.87,7,-1,-1
741,-1,307,181,14,15,0.85,2,-1,-1
741,-1,296,165,12,11,0.81,2,-1,-1
741,-1,304,136,12,17,0.24,7,-1,-1
742,-1,359,149,22,33,0.88,7,-1,-1
742,-1,306,182,14,15,0.84,2,-1,-1
742,-1,296,165,12,11,0.80,2,-1,-1
742,-1,304,136,12,17,0.23,7,-1,-1
743,-1,359,149,22,32,0.88,7,-1,-1
743,-1,306,184,14,15,0.84,2,-1,-1
743,-1,296,166,12,11,0.80,2,-1,-1
743,-1,304,138,11,16,0.10,2,-1,-1
744,-1,358,148,22,32,0.88,7,-1,-1
744,-1,306,184,14,16,0.84,2,-1,-1
744,-1,296,167,12,11,0.81,2,-1,-1
744,-1,304,138,12,16,0.16,2,-1,-1
745,-1,358,148,22,32,0.88,7,-1,-1
745,-1,306,186,14,16,0.84,2,-1,-1
745,-1,294,168,12,12,0.80,2,-1,-1
745,-1,304,138,11,18,0.49,7,-1,-1
746,-1,358,148,21,31,0.87,7,-1,-1
746,-1,293,168,13,12,0.84,2,-1,-1
746,-1,306,188,14,16,0.84,2,-1,-1
746,-1,304,138,11,17,0.56,7,-1,-1
747,-1,357,147,21,32,0.87,7,-1,-1
747,-1,305,189,14,16,0.84,2,-1,-1
747,-1,293,169,13,12,0.84,2,-1,-1
747,-1,304,138,11,17,0.57,7,-1,-1
748,-1,357,147,21,31,0.87,7,-1,-1
748,-1,293,170,13,12,0.87,2,-1,-1
748,-1,304,191,15,16,0.85,2,-1,-1
748,-1,304,138,11,18,0.60,7,-1,-1
749,-1,357,147,20,30,0.87,7,-1,-1
749,-1,292,171,14,13,0.86,2,-1,-1
749,-1,304,192,14,16,0.86,2,-1,-1
749,-1,304,139,11,18,0.55,7,-1,-1
750,-1,356,146,20,30,0.87,7,-1,-1
750,-1,304,193,15,18,0.85,2,-1,-1
750,-1,292,172,14,13,0.85,2,-1,-1
750,-1,304,140,11,17,0.52,7,-1,-1
751,-1,356,146,20,30,0.87,7,-1,-1
751,-1,303,196,15,16,0.85,2,-1,-1
751,-1,292,173,13,13,0.83,2,-1,-1
751,-1,303,140,10,16,0.47,7,-1,-1
752,-1,356,146,20,29,0.87,7,-1,-1
752,-1,302,198,16,17,0.85,2,-1,-1
752,-1,291,173,14,13,0.83,2,-1,-1
752,-1,303,140,11,16,0.46,7,-1,-1
753,-1,356,146,20,29,0.87,7,-1,-1
753,-1,302,200,16,17,0.86,2,-1,-1
753,-1,290,174,14,14,0.80,2,-1,-1
753,-1,303,140,10,16,0.35,2,-1,-1
754,-1,302,201,16,18,0.87,2,-1,-1
754,-1,355,145,20,29,0.87,7,-1,-1
754,-1,290,176,14,14,0.80,2,-1,-1
754,-1,303,140,10,16,0.43,2,-1,-1
755,-1,355,145,20,28,0.87,7,-1,-1
755,-1,301,204,17,17,0.86,2,-1,-1
755,-1,288,177,14,14,0.81,2,-1,-1
755,-1,303,141,11,16,0.42,2,-1,-1
756,-1,355,144,20,28,0.87,7,-1,-1
756,-1,300,206,18,18,0.86,2,-1,-1
756,-1,288,177,15,14,0.82,2,-1,-1
756,-1,302,141,11,16,0.46,2,-1,-1
757,-1,354,144,19,28,0.88,7,-1,-1
757,-1,300,208,18,18,0.87,2,-1,-1
757,-1,287,180,14,14,0.83,2,-1,-1
757,-1,302,141,11,17,0.48,2,-1,-1
758,-1,354,144,20,28,0.87,7,-1,-1
758,-1,299,210,18,19,0.87,2,-1,-1
758,-1,287,181,14,14,0.83,2,-1,-1
758,-1,302,141,12,18,0.42,2,-1,-1
759,-1,354,143,19,28,0.88,7,-1,-1
759,-1,298,213,19,19,0.87,2,-1,-1
759,-1,286,183,14,13,0.82,2,-1,-1
759,-1,302,141,11,17,0.38,2,-1,-1
760,-1,353,143,19,27,0.88,7,-1,-1
760,-1,297,215,19,20,0.86,2,-1,-1
760,-1,286,184,14,13,0.84,2,-1,-1
760,-1,302,142,12,17,0.46,2,-1,-1
761,-1,296,219,20,20,0.88,2,-1,-1
761,-1,353,143,19,27,0.88,7,-1,-1
761,-1,286,186,14,13,0.85,2,-1,-1
761,-1,302,142,11,17,0.41,2,-1,-1
762,-1,353,142,19,27,0.87,7,-1,-1
762,-1,296,222,20,20,0.87,2,-1,-1
762,-1,284,187,15,14,0.85,2,-1,-1
762,-1,302,142,12,18,0.50,7,-1,-1
763,-1,294,225,21,21,0.88,2,-1,-1
763,-1,352,142,18,26,0.87,7,-1,-1
763,-1,284,188,15,14,0.85,2,-1,-1
763,-1,302,143,12,16,0.63,2,-1,-1
764,-1,294,228,21,21,0.89,2,-1,-1
764,-1,353,142,18,26,0.86,7,-1,-1
764,-1,283,189,15,15,0.85,2,-1,-1
764,-1,302,143,12,16,0.65,2,-1,-1
765,-1,292,232,22,22,0.87,2,-1,-1
765,-1,352,142,18,26,0.86,7,-1,-1
765,-1,282,191,16,15,0.84,2,-1,-1
765,-1,302,146,12,14,0.59,2,-1,-1
766,-1,290,235,23,23,0.89,2,-1,-1
766,-1,352,142,17,25,0.86,7,-1,-1
766,-1,280,193,16,14,0.83,2,-1,-1
766,-1,302,147,11,14,0.28,2,-1,-1
767,-1,289,240,23,23,0.87,2,-1,-1
767,-1,352,142,17,25,0.86,7,-1,-1
767,-1,279,196,16,14,0.84,2,-1,-1
767,-1,302,147,11,14,0.26,2,-1,-1
768,-1,288,243,24,25,0.87,2,-1,-1
768,-1,352,142,17,25,0.86,7,-1,-1
768,-1,278,197,17,14,0.83,2,-1,-1
768,-1,301,147,12,14,0.26,2,-1,-1
769,-1,286,249,25,25,0.88,2,-1,-1
769,-1,352,141,17,25,0.85,7,-1,-1
769,-1,277,197,17,17,0.84,2,-1,-1
770,-1,285,253,25,26,0.86,2,-1,-1
770,-1,352,140,16,25,0.85,7,-1,-1
770,-1,276,199,18,17,0.85,2,-1,-1
771,-1,282,259,27,27,0.89,2,-1,-1
771,-1,352,140,16,26,0.86,7,-1,-1
771,-1,274,201,18,18,0.85,2,-1,-1
771,-1,301,149,12,14,0.49,2,-1,-1
772,-1,281,263,27,28,0.89,2,-1,-1
772,-1,351,140,16,26,0.86,7,-1,-1
772,-1,274,202,18,18,0.85,2,-1,-1
772,-1,300,149,13,15,0.76,2,-1,-1
773,-1,278,271,28,30,0.89,2,-1,-1
773,-1,350,140,16,24,0.86,7,-1,-1
773,-1,272,206,19,18,0.84,2,-1,-1
773,-1,300,149,13,15,0.79,2,-1,-1
774,-1,276,276,30,31,0.90,2,-1,-1
774,-1,350,140,16,24,0.87,7,-1,-1
774,-1,270,208,20,18,0.85,2,-1,-1
774,-1,300,149,13,16,0.83,2,-1,-1
775,-1,273,284,31,33,0.88,2,-1,-1
775,-1,350,139,16,24,0.87,7,-1,-1
775,-1,269,212,20,18,0.84,2,-1,-1
775,-1,299,149,14,17,0.82,2,-1,-1
776,-1,270,290,32,34,0.90,2,-1,-1
776,-1,350,139,16,24,0.87,7,-1,-1
776,-1,267,213,20,20,0.85,2,-1,-1
776,-1,299,149,14,17,0.82,2,-1,-1
777,-1,267,300,34,36,0.90,2,-1,-1
777,-1,350,139,16,23,0.88,7,-1,-1
777,-1,266,216,20,20,0.85,2,-1,-1
777,-1,299,148,14,18,0.81,2,-1,-1
778,-1,264,308,36,38,0.90,2,-1,-1
778,-1,350,139,16,24,0.88,7,-1,-1
778,-1,264,218,21,21,0.86,2,-1,-1
778,-1,299,148,14,18,0.81,2,-1,-1
779,-1,258,320,39,42,0.91,2,-1,-1
779,-1,350,138,16,24,0.89,7,-1,-1
779,-1,262,222,21,22,0.87,2,-1,-1
779,-1,298,149,14,18,0.78,2,-1,-1
780,-1,256,330,40,44,0.91,2,-1,-1
780,-1,350,138,15,23,0.89,7,-1,-1
780,-1,260,224,22,22,0.86,2,-1,-1
780,-1,298,149,14,18,0.80,2,-1,-1
781,-1,250,345,42,47,0.92,2,-1,-1
781,-1,349,138,16,22,0.88,7,-1,-1
781,-1,257,228,23,24,0.85,2,-1,-1
781,-1,298,150,14,19,0.77,2,-1,-1
782,-1,246,356,44,50,0.91,2,-1,-1
782,-1,349,138,15,22,0.87,7,-1,-1
782,-1,255,232,23,24,0.85,2,-1,-1
782,-1,298,150,14,20,0.78,2,-1,-1
783,-1,238,376,48,54,0.91,2,-1,-1
783,-1,253,235,24,26,0.87,2,-1,-1
783,-1,349,138,15,22,0.86,7,-1,-1
783,-1,297,149,15,20,0.74,2,-1,-1
784,-1,233,390,52,59,0.92,2,-1,-1
784,-1,250,240,24,26,0.88,2,-1,-1
784,-1,349,138,14,22,0.83,7,-1,-1
784,-1,297,149,15,20,0.62,2,-1,-1
785,-1,224,416,55,65,0.93,2,-1,-1
785,-1,247,244,26,28,0.86,2,-1,-1
785,-1,349,138,14,22,0.82,7,-1,-1
785,-1,296,148,15,22,0.76,7,-1,-1
786,-1,217,436,60,71,0.93,2,-1,-1
786,-1,244,249,26,28,0.87,2,-1,-1
786,-1,348,137,14,22,0.82,7,-1,-1
786,-1,296,149,15,22,0.80,7,-1,-1
787,-1,240,256,28,30,0.87,2,-1,-1
787,-1,296,149,15,23,0.82,7,-1,-1
787,-1,348,137,14,22,0.76,7,-1,-1
788,-1,237,259,30,32,0.89,2,-1,-1
788,-1,348,136,14,22,0.84,7,-1,-1
788,-1,296,149,15,24,0.83,7,-1,-1
789,-1,232,266,31,34,0.90,2,-1,-1
789,-1,348,136,14,22,0.84,7,-1,-1
789,-1,296,150,15,23,0.79,7,-1,-1
790,-1,228,272,31,34,0.89,2,-1,-1
790,-1,348,136,14,22,0.84,7,-1,-1
790,-1,295,151,16,22,0.75,7,-1,-1
791,-1,223,280,32,37,0.89,2,-1,-1
791,-1,348,136,14,22,0.83,7,-1,-1
791,-1,295,151,16,23,0.82,7,-1,-1
792,-1,219,288,35,37,0.90,2,-1,-1
792,-1,294,152,16,23,0.82,7,-1,-1
792,-1,347,136,14,21,0.78,7,-1,-1
793,-1,211,298,38,40,0.90,2,-1,-1
793,-1,294,154,16,22,0.80,7,-1,-1
793,-1,347,136,14,20,0.68,7,-1,-1
794,-1,206,305,39,42,0.90,2,-1,-1
794,-1,294,154,16,22,0.81,7,-1,-1
794,-1,347,136,14,20,0.68,7,-1,-1
795,-1,197,318,42,46,0.90,2,-1,-1
795,-1,292,153,17,24,0.87,7,-1,-1
795,-1,347,136,14,20,0.64,7,-1,-1
796,-1,190,328,44,48,0.90,2,-1,-1
796,-1,292,154,17,24,0.88,7,-1,-1
796,-1,348,137,13,18,0.56,2,-1,-1
797,-1,180,344,48,52,0.91,2,-1,-1
797,-1,292,154,17,24,0.88,7,-1,-1
797,-1,346,135,14,20,0.71,7,-1,-1
798,-1,172,355,50,57,0.92,2,-1,-1
798,-1,292,154,17,25,0.88,7,-1,-1
798,-1,346,135,14,20,0.69,7,-1,-1
799,-1,158,375,54,64,0.92,2,-1,-1
799,-1,291,156,17,25,0.87,7,-1,-1
799,-1,347,135,13,19,0.65,7,-1,-1
800,-1,128,416,66,78,0.91,2,-1,-1
800,-1,291,157,18,24,0.83,7,-1,-1
800,-1,346,136,13,18,0.45,7,-1,-1
801,-1,128,416,66,78,0.91,2,-1,-1
801,-1,291,157,18,24,0.82,7,-1,-1
801,-1,346,136,13,18,0.45,7,-1,-1
802,-1,112,438,72,84,0.92,2,-1,-1
802,-1,290,156,18,26,0.86,7,-1,-1
802,-1,347,137,12,16,0.33,2,-1,-1
803,-1,290,157,18,25,0.86,7,-1,-1
803,-1,346,136,13,18,0.28,7,-1,-1
804,-1,290,157,18,26,0.86,7,-1,-1
804,-1,346,137,12,16,0.24,2,-1,-1
805,-1,288,158,19,27,0.88,7,-1,-1
805,-1,347,139,11,14,0.35,2,-1,-1
806,-1,288,158,19,27,0.88,7,-1,-1
806,-1,346,137,12,15,0.29,2,-1,-1
807,-1,288,158,20,28,0.88,7,-1,-1
807,-1,346,137,12,15,0.28,2,-1,-1
808,-1,288,158,20,28,0.88,7,-1,-1
808,-1,346,137,12,15,0.28,2,-1,-1
809,-1,287,159,20,29,0.87,7,-1,-1
809,-1,346,138,11,13,0.18,2,-1,-1
810,-1,286,160,20,29,0.87,7,-1,-1
810,-1,346,138,11,13,0.16,2,-1,-1
811,-1,286,160,20,30,0.87,7,-1,-1
811,-1,346,135,12,16,0.21,7,-1,-1
812,-1,285,161,20,30,0.87,7,-1,-1
812,-1,346,138,10,13,0.14,2,-1,-1
813,-1,285,161,20,30,0.87,7,-1,-1
813,-1,346,135,11,16,0.18,7,-1,-1
814,-1,284,162,21,30,0.87,7,-1,-1
814,-1,346,135,12,16,0.16,7,-1,-1
815,-1,284,163,21,31,0.87,7,-1,-1
815,-1,346,135,11,15,0.13,7,-1,-1
816,-1,284,163,21,31,0.88,7,-1,-1
816,-1,346,135,11,15,0.13,7,-1,-1
817,-1,282,165,22,31,0.87,7,-1,-1
817,-1,345,136,10,14,0.15,2,-1,-1
818,-1,282,165,22,31,0.87,7,-1,-1
818,-1,345,136,10,14,0.18,2,-1,-1
819,-1,281,166,22,31,0.87,7,-1,-1
819,-1,345,133,10,16,0.31,7,-1,-1
820,-1,281,167,22,32,0.86,7,-1,-1
820,-1,345,133,10,16,0.31,7,-1,-1
821,-1,280,168,22,32,0.87,7,-1,-1
821,-1,344,133,10,16,0.50,7,-1,-1
822,-1,279,168,22,33,0.87,7,-1,-1
822,-1,344,133,10,16,0.53,7,-1,-1
823,-1,278,169,24,33,0.88,7,-1,-1
823,-1,344,133,10,16,0.50,7,-1,-1
824,-1,278,170,24,34,0.89,7,-1,-1
824,-1,345,133,10,16,0.47,7,-1,-1
825,-1,276,170,24,35,0.89,7,-1,-1
825,-1,345,133,10,15,0.41,7,-1,-1
826,-1,276,171,24,36,0.88,7,-1,-1
826,-1,344,133,10,15,0.41,7,-1,-1
827,-1,275,172,24,36,0.88,7,-1,-1
827,-1,345,133,10,14,0.17,7,-1,-1
828,-1,274,174,25,36,0.88,7,-1,-1
828,-1,345,134,9,14,0.18,2,-1,-1
829,-1,273,174,25,37,0.88,7,-1,-1
829,-1,345,134,9,13,0.23,2,-1,-1
830,-1,273,175,25,37,0.88,7,-1,-1
830,-1,345,133,9,14,0.21,7,-1,-1
831,-1,272,176,26,38,0.88,7,-1,-1
831,-1,344,131,10,16,0.48,7,-1,-1
832,-1,271,177,26,38,0.87,7,-1,-1
832,-1,344,131,10,16,0.48,7,-1,-1
833,-1,270,178,27,40,0.89,7,-1,-1
833,-1,344,131,10,15,0.55,7,-1,-1
834,-1,268,179,28,40,0.89,7,-1,-1
834,-1,344,131,10,14,0.40,7,-1,-1
835,-1,267,180,28,41,0.89,7,-1,-1
835,-1,344,131,10,14,0.41,7,-1,-1
836,-1,266,182,28,41,0.89,7,-1,-1
836,-1,344,131,10,14,0.38,7,-1,-1
837,-1,264,183,29,42,0.89,7,-1,-1
837,-1,344,131,10,14,0.19,7,-1,-1
838,-1,264,183,30,44,0.89,7,-1,-1
838,-1,344,131,10,14,0.13,7,-1,-1
839,-1,262,184,30,46,0.90,7,-1,-1
839,-1,345,133,9,12,0.14,2,-1,-1
840,-1,261,186,30,46,0.90,7,-1,-1
841,-1,258,187,32,47,0.90,7,-1,-1
841,-1,344,132,9,13,0.10,2,-1,-1
842,-1,258,189,33,48,0.89,7,-1,-1
842,-1,344,130,9,14,0.19,7,-1,-1
843,-1,256,192,32,48,0.90,7,-1,-1
843,-1,344,130,10,14,0.40,7,-1,-1
844,-1,254,193,33,48,0.90,7,-1,-1
844,-1,344,130,10,14,0.40,7,-1,-1
845,-1,252,195,34,50,0.90,7,-1,-1
845,-1,344,129,10,14,0.54,7,-1,-1
846,-1,251,196,34,51,0.90,7,-1,-1
846,-1,344,129,10,14,0.48,7,-1,-1
847,-1,250,198,35,52,0.91,7,-1,-1
847,-1,344,129,10,14,0.48,7,-1,-1
848,-1,248,200,36,54,0.90,7,-1,-1
848,-1,344,129,10,14,0.35,7,-1,-1
849,-1,244,202,37,55,0.90,7,-1,-1
849,-1,344,129,10,14,0.48,7,-1,-1
850,-1,243,203,38,58,0.90,7,-1,-1
850,-1,344,129,10,14,0.50,7,-1,-1
851,-1,240,206,39,59,0.90,7,-1,-1
851,-1,344,129,9,14,0.17,7,-1,-1
852,-1,239,208,40,60,0.91,7,-1,-1
852,-1,345,131,8,12,0.12,2,-1,-1
853,-1,236,211,42,62,0.91,7,-1,-1
853,-1,344,128,9,14,0.23,7,-1,-1
854,-1,234,212,42,64,0.91,7,-1,-1
854,-1,345,128,9,14,0.21,7,-1,-1
855,-1,232,216,42,66,0.92,7,-1,-1
855,-1,345,127,9,14,0.27,7,-1,-1
856,-1,229,218,44,68,0.91,7,-1,-1
856,-1,345,128,9,14,0.15,7,-1,-1
857,-1,224,222,47,71,0.91,7,-1,-1
857,-1,345,128,9,14,0.23,7,-1,-1
858,-1,222,223,48,74,0.90,7,-1,-1
858,-1,346,127,9,14,0.24,7,-1,-1
859,-1,217,227,50,78,0.91,7,-1,-1
859,-1,346,127,9,14,0.28,7,-1,-1
859,-1,313,155,12,11,0.19,2,-1,-1
860,-1,430,442,74,88,0.93,2,-1,-1
860,-1,214,230,52,80,0.92,7,-1,-1
860,-1,346,126,10,14,0.41,7,-1,-1
861,-1,420,413,68,80,0.92,2,-1,-1
861,-1,208,234,56,82,0.91,7,-1,-1
861,-1,312,156,11,11,0.74,2,-1,-1
861,-1,346,126,10,15,0.39,7,-1,-1
862,-1,415,396,63,75,0.91,2,-1,-1
862,-1,205,237,58,85,0.91,7,-1,-1
862,-1,312,156,11,11,0.72,2,-1,-1
862,-1,346,126,10,14,0.45,7,-1,-1
863,-1,408,376,59,67,0.93,2,-1,-1
863,-1,200,243,60,89,0.92,7,-1,-1
863,-1,312,157,12,11,0.80,2,-1,-1
863,-1,346,125,10,14,0.37,7,-1,-1
864,-1,406,362,54,64,0.93,2,-1,-1
864,-1,195,246,62,92,0.93,7,-1,-1
864,-1,312,158,11,11,0.83,2,-1,-1
864,-1,346,125,10,14,0.38,7,-1,-1
865,-1,400,345,49,59,0.93,2,-1,-1
865,-1,189,251,65,99,0.91,7,-1,-1
865,-1,312,158,12,11,0.83,2,-1,-1
866,-1,396,334,48,56,0.93,2,-1,-1
866,-1,183,255,70,103,0.92,7,-1,-1
866,-1,312,158,12,12,0.85,2,-1,-1
867,-1,175,261,75,110,0.93,7,-1,-1
867,-1,393,320,46,53,0.91,2,-1,-1
867,-1,312,158,12,12,0.85,2,-1,-1
868,-1,170,265,76,114,0.93,7,-1,-1
868,-1,390,312,45,50,0.92,2,-1,-1
868,-1,311,159,12,13,0.83,2,-1,-1
869,-1,161,272,81,122,0.93,7,-1,-1
869,-1,386,302,41,47,0.91,2,-1,-1
869,-1,312,160,12,13,0.83,2,-1,-1
869,-1,348,124,9,14,0.12,7,-1,-1
870,-1,154,278,86,128,0.93,7,-1,-1
870,-1,384,294,39,46,0.90,2,-1,-1
870,-1,311,159,13,14,0.84,2,-1,-1
871,-1,143,286,93,138,0.92,7,-1,-1
871,-1,382,284,37,43,0.91,2,-1,-1
871,-1,310,160,13,14,0.84,2,-1,-1
872,-1,136,292,97,146,0.94,7,-1,-1
872,-1,380,280,36,40,0.90,2,-1,-1
872,-1,310,161,12,14,0.85,2,-1,-1
873,-1,122,302,105,158,0.93,7,-1,-1
873,-1,378,271,34,39,0.90,2,-1,-1
873,-1,310,162,12,14,0.85,2,-1,-1
874,-1,112,310,110,168,0.93,7,-1,-1
874,-1,375,264,34,40,0.89,2,-1,-1
874,-1,310,162,12,14,0.85,2,-1,-1
875,-1,95,323,120,182,0.93,7,-1,-1
875,-1,373,259,32,36,0.90,2,-1,-1
875,-1,310,163,13,14,0.86,2,-1,-1
876,-1,84,332,127,194,0.93,7,-1,-1
876,-1,372,256,30,34,0.90,2,-1,-1
876,-1,310,163,13,16,0.84,2,-1,-1
877,-1,370,249,30,34,0.90,2,-1,-1
877,-1,310,165,13,14,0.84,2,-1,-1
878,-1,370,245,30,33,0.89,2,-1,-1
878,-1,309,166,13,14,0.82,2,-1,-1
879,-1,368,240,28,32,0.89,2,-1,-1
879,-1,308,168,13,13,0.85,2,-1,-1
880,-1,367,237,27,30,0.89,2,-1,-1
880,-1,308,169,14,14,0.85,2,-1,-1
881,-1,365,232,27,30,0.88,2,-1,-1
881,-1,307,170,14,14,0.85,2,-1,-1
882,-1,365,230,25,28,0.89,2,-1,-1
882,-1,307,171,14,14,0.84,2,-1,-1
883,-1,363,226,25,28,0.90,2,-1,-1
883,-1,307,172,14,14,0.83,2,-1,-1
884,-1,361,220,24,26,0.88,2,-1,-1
884,-1,306,175,14,14,0.81,2,-1,-1
885,-1,361,220,24,26,0.88,2,-1,-1
885,-1,306,175,14,14,0.82,2,-1,-1
886,-1,360,217,23,26,0.88,2,-1,-1
886,-1,306,174,15,15,0.84,2,-1,-1
887,-1,360,214,22,24,0.87,2,-1,-1
887,-1,306,175,15,15,0.84,2,-1,-1
888,-1,358,212,23,24,0.87,2,-1,-1
888,-1,304,177,15,15,0.85,2,-1,-1
889,-1,358,209,22,24,0.90,2,-1,-1
889,-1,304,178,15,16,0.84,2,-1,-1
890,-1,357,207,22,24,0.87,2,-1,-1
890,-1,304,178,15,17,0.84,2,-1,-1
891,-1,356,204,20,23,0.88,2,-1,-1
891,-1,304,180,15,17,0.84,2,-1,-1
892,-1,356,203,20,22,0.88,2,-1,-1
892,-1,304,181,16,16,0.83,2,-1,-1
893,-1,354,200,20,22,0.87,2,-1,-1
893,-1,304,182,16,17,0.84,2,-1,-1
894,-1,354,199,20,22,0.86,2,-1,-1
894,-1,304,183,16,18,0.85,2,-1,-1
895,-1,354,197,19,22,0.88,2,-1,-1
895,-1,303,185,16,18,0.85,2,-1,-1
896,-1,353,195,18,21,0.88,2,-1,-1
896,-1,303,186,16,18,0.84,2,-1,-1
897,-1,352,193,18,20,0.87,2,-1,-1
897,-1,302,189,16,17,0.83,2,-1,-1
898,-1,303,190,16,18,0.85,2,-1,-1
898,-1,352,192,18,20,0.85,2,-1,-1
899,-1,352,192,17,19,0.86,2,-1,-1
899,-1,302,193,17,16,0.85,2,-1,-1
900,-1,350,190,18,19,0.86,2,-1,-1
900,-1,302,194,17,18,0.85,2,-1,-1
