1,-1,158,228,67,102,0.93,7,-1,-1
1,-1,300,103,19,28,0.87,7,-1,-1
1,-1,358,111,14,15,0.83,2,-1,-1
1,-1,364,79,12,18,0.69,7,-1,-1
1,-1,330,96,10,10,0.54,2,-1,-1
1,-1,322,87,8,9,0.22,2,-1,-1
1,-1,327,72,10,15,0.11,7,-1,-1
2,-1,149,236,71,109,0.92,7,-1,-1
2,-1,298,104,20,28,0.84,7,-1,-1
2,-1,357,110,14,15,0.82,2,-1,-1
2,-1,363,78,12,18,0.46,7,-1,-1
2,-1,329,97,10,11,0.44,2,-1,-1
2,-1,327,71,10,14,0.15,7,-1,-1
2,-1,322,89,10,10,0.12,2,-1,-1
3,-1,141,242,75,114,0.93,7,-1,-1
3,-1,298,105,20,28,0.84,7,-1,-1
3,-1,357,109,14,15,0.81,2,-1,-1
3,-1,328,95,11,13,0.63,2,-1,-1
3,-1,363,78,12,18,0.44,7,-1,-1
4,-1,132,248,80,119,0.92,7,-1,-1
4,-1,298,105,20,28,0.83,7,-1,-1
4,-1,357,109,14,14,0.82,2,-1,-1
4,-1,363,78,11,18,0.51,7,-1,-1
4,-1,330,97,10,12,0.38,2,-1,-1
5,-1,120,259,84,126,0.92,7,-1,-1
5,-1,297,106,20,28,0.85,7,-1,-1
5,-1,357,108,14,14,0.84,2,-1,-1
5,-1,328,97,11,12,0.64,2,-1,-1
5,-1,364,78,10,18,0.52,7,-1,-1
5,-1,321,89,9,9,0.16,2,-1,-1
5,-1,327,72,10,14,0.12,7,-1,-1
6,-1,107,270,88,137,0.93,7,-1,-1
6,-1,296,107,20,30,0.86,7,-1,-1
6,-1,356,106,14,14,0.84,2,-1,-1
6,-1,328,97,11,12,0.67,2,-1,-1
6,-1,363,78,11,18,0.47,7,-1,-1
6,-1,321,90,8,9,0.17,2,-1,-1
7,-1,97,279,92,144,0.92,7,-1,-1
7,-1,296,107,20,30,0.86,7,-1,-1
7,-1,356,106,14,14,0.83,2,-1,-1
7,-1,328,98,11,12,0.56,2,-1,-1
7,-1,363,78,11,18,0.45,7,-1,-1
8,-1,80,293,100,156,0.93,7,-1,-1
8,-1,294,107,21,31,0.87,7,-1,-1
8,-1,357,105,12,14,0.82,2,-1,-1
8,-1,328,99,11,12,0.65,2,-1,-1
8,-1,363,77,10,18,0.48,7,-1,-1
8,-1,320,91,9,9,0.27,2,-1,-1
9,-1,67,303,106,167,0.93,7,-1,-1
9,-1,295,107,20,31,0.87,7,-1,-1
9,-1,356,104,13,14,0.82,2,-1,-1
9,-1,327,99,12,12,0.67,2,-1,-1
9,-1,363,77,10,18,0.46,7,-1,-1
9,-1,321,91,8,9,0.25,2,-1,-1
10,-1,46,320,114,181,0.92,7,-1,-1
10,-1,292,108,22,32,0.87,7,-1,-1
10,-1,357,103,12,13,0.80,2,-1,-1
10,-1,326,99,12,14,0.73,2,-1,-1
10,-1,363,77,10,18,0.45,7,-1,-1
10,-1,320,91,9,10,0.16,2,-1,-1
11,-1,32,334,118,192,0.92,7,-1,-1
11,-1,292,109,22,32,0.87,7,-1,-1
11,-1,356,103,12,13,0.80,2,-1,-1
11,-1,327,99,12,14,0.73,2,-1,-1
11,-1,362,76,10,18,0.48,7,-1,-1
11,-1,320,92,9,10,0.17,2,-1,-1
12,-1,8,355,128,185,0.91,7,-1,-1
12,-1,292,110,22,33,0.87,7,-1,-1
12,-1,356,102,12,13,0.78,2,-1,-1
12,-1,326,102,12,12,0.46,2,-1,-1
12,-1,362,76,10,17,0.39,7,-1,-1
13,-1,4,370,122,168,0.92,7,-1,-1
13,-1,291,110,22,34,0.87,7,-1,-1
13,-1,356,102,12,13,0.78,2,-1,-1
13,-1,362,76,10,17,0.42,7,-1,-1
13,-1,326,102,12,12,0.40,2,-1,-1
13,-1,318,94,9,10,0.25,2,-1,-1
14,-1,5,399,102,141,0.93,7,-1,-1
14,-1,289,110,24,34,0.87,7,-1,-1
14,-1,356,101,12,13,0.80,2,-1,-1
14,-1,325,102,12,13,0.72,2,-1,-1
14,-1,362,76,10,17,0.35,7,-1,-1
14,-1,318,94,10,9,0.32,2,-1,-1
15,-1,6,411,94,129,0.92,7,-1,-1
15,-1,289,110,24,35,0.87,7,-1,-1
15,-1,356,101,12,12,0.79,2,-1,-1
15,-1,325,102,12,13,0.72,2,-1,-1
15,-1,318,94,10,9,0.31,2,-1,-1
15,-1,362,76,10,17,0.26,7,-1,-1
16,-1,288,111,24,34,0.87,7,-1,-1
16,-1,5,448,71,91,0.84,7,-1,-1
16,-1,356,100,12,12,0.80,2,-1,-1
16,-1,325,104,12,13,0.73,2,-1,-1
16,-1,318,95,10,10,0.44,2,-1,-1
16,-1,362,76,10,17,0.23,7,-1,-1
17,-1,288,112,24,36,0.88,7,-1,-1
17,-1,4,479,50,60,0.83,7,-1,-1
17,-1,356,99,12,12,0.79,2,-1,-1
17,-1,324,105,12,13,0.73,2,-1,-1
17,-1,318,95,10,10,0.41,2,-1,-1
17,-1,362,76,9,16,0.13,7,-1,-1
18,-1,286,113,25,37,0.88,7,-1,-1
18,-1,356,98,12,12,0.76,2,-1,-1
18,-1,325,105,12,14,0.67,2,-1,-1
18,-1,318,96,10,10,0.39,2,-1,-1
18,-1,362,76,10,16,0.22,7,-1,-1
19,-1,286,113,25,37,0.89,7,-1,-1
19,-1,356,98,12,12,0.76,2,-1,-1
19,-1,325,106,12,13,0.67,2,-1,-1
19,-1,316,96,10,10,0.54,2,-1,-1
19,-1,327,101,12,9,0.26,2,-1,-1
19,-1,362,76,10,16,0.23,7,-1,-1
20,-1,284,114,26,38,0.88,7,-1,-1
20,-1,324,107,12,14,0.75,2,-1,-1
20,-1,355,98,12,12,0.74,2,-1,-1
20,-1,316,97,10,10,0.50,2,-1,-1
20,-1,362,76,10,16,0.37,7,-1,-1
20,-1,327,101,10,9,0.32,2,-1,-1
21,-1,283,115,26,38,0.88,7,-1,-1
21,-1,323,107,14,14,0.76,2,-1,-1
21,-1,356,96,11,12,0.71,2,-1,-1
21,-1,362,76,10,16,0.46,7,-1,-1
21,-1,316,98,10,10,0.39,2,-1,-1
21,-1,326,101,11,9,0.34,2,-1,-1
22,-1,282,115,27,40,0.88,7,-1,-1
22,-1,356,96,11,12,0.73,2,-1,-1
22,-1,323,109,14,14,0.58,2,-1,-1
22,-1,327,101,11,10,0.55,2,-1,-1
22,-1,362,75,10,16,0.48,7,-1,-1
22,-1,315,98,10,10,0.43,2,-1,-1
23,-1,281,116,27,38,0.88,7,-1,-1
23,-1,322,109,14,15,0.75,2,-1,-1
23,-1,356,96,11,12,0.73,2,-1,-1
23,-1,315,99,10,10,0.68,2,-1,-1
23,-1,362,75,10,16,0.47,7,-1,-1
23,-1,326,102,12,9,0.34,2,-1,-1
24,-1,280,117,27,40,0.88,7,-1,-1
24,-1,314,99,10,11,0.72,2,-1,-1
24,-1,323,108,14,16,0.72,2,-1,-1
24,-1,355,94,11,12,0.67,2,-1,-1
24,-1,362,75,10,16,0.39,7,-1,-1
25,-1,279,117,26,41,0.88,7,-1,-1
25,-1,314,99,10,11,0.77,2,-1,-1
25,-1,322,111,14,14,0.74,2,-1,-1
25,-1,356,94,10,12,0.70,2,-1,-1
25,-1,326,102,12,9,0.42,2,-1,-1
25,-1,362,75,10,16,0.41,7,-1,-1
26,-1,278,118,28,42,0.88,7,-1,-1
26,-1,314,100,10,11,0.77,2,-1,-1
26,-1,322,111,14,16,0.72,2,-1,-1
26,-1,356,94,10,11,0.70,2,-1,-1
26,-1,362,75,10,16,0.39,7,-1,-1
27,-1,276,119,28,43,0.88,7,-1,-1
27,-1,321,112,14,15,0.76,2,-1,-1
27,-1,313,100,10,11,0.75,2,-1,-1
27,-1,356,93,10,11,0.70,2,-1,-1
27,-1,362,75,10,16,0.40,7,-1,-1
27,-1,325,103,12,10,0.14,2,-1,-1
28,-1,274,120,29,42,0.89,7,-1,-1
28,-1,320,113,14,16,0.76,2,-1,-1
28,-1,312,102,11,11,0.70,2,-1,-1
28,-1,356,93,10,12,0.66,2,-1,-1
28,-1,362,75,10,16,0.33,7,-1,-1
29,-1,274,121,29,44,0.89,7,-1,-1
29,-1,320,114,14,16,0.76,2,-1,-1
29,-1,312,102,11,11,0.70,2,-1,-1
29,-1,356,92,10,11,0.67,2,-1,-1
29,-1,362,75,10,15,0.32,7,-1,-1
30,-1,272,122,30,45,0.89,7,-1,-1
30,-1,311,103,11,12,0.78,2,-1,-1
30,-1,320,114,14,16,0.70,2,-1,-1
30,-1,324,109,12,9,0.52,2,-1,-1
30,-1,355,92,10,11,0.50,2,-1,-1
30,-1,361,74,10,15,0.30,7,-1,-1
31,-1,270,123,30,45,0.89,7,-1,-1
31,-1,310,103,12,12,0.79,2,-1,-1
31,-1,321,114,14,17,0.74,2,-1,-1
31,-1,355,92,10,10,0.50,2,-1,-1
31,-1,361,74,10,15,0.29,7,-1,-1
32,-1,268,123,32,48,0.89,7,-1,-1
32,-1,310,104,12,12,0.78,2,-1,-1
32,-1,320,116,14,16,0.75,2,-1,-1
32,-1,324,109,11,9,0.65,2,-1,-1
32,-1,355,92,10,10,0.52,2,-1,-1
32,-1,361,74,10,15,0.30,7,-1,-1
33,-1,267,123,32,49,0.89,7,-1,-1
33,-1,310,104,12,14,0.80,2,-1,-1
33,-1,319,115,15,18,0.80,2,-1,-1
33,-1,355,91,10,10,0.45,2,-1,-1
33,-1,322,111,12,10,0.42,2,-1,-1
33,-1,361,74,10,15,0.30,7,-1,-1
34,-1,266,125,33,50,0.90,7,-1,-1
34,-1,309,104,12,14,0.82,2,-1,-1
34,-1,318,116,16,19,0.80,2,-1,-1
34,-1,355,91,10,10,0.47,2,-1,-1
34,-1,323,111,12,9,0.31,2,-1,-1
34,-1,361,74,10,15,0.19,7,-1,-1
35,-1,264,124,34,52,0.90,7,-1,-1
35,-1,309,106,12,14,0.81,2,-1,-1
35,-1,318,118,15,19,0.80,2,-1,-1
35,-1,355,90,10,10,0.44,2,-1,-1
35,-1,323,111,12,9,0.27,2,-1,-1
35,-1,362,74,9,14,0.14,7,-1,-1
36,-1,263,126,34,54,0.89,7,-1,-1
36,-1,318,121,14,17,0.81,2,-1,-1
36,-1,308,107,12,13,0.79,2,-1,-1
36,-1,323,111,12,10,0.47,2,-1,-1
36,-1,355,90,10,9,0.21,2,-1,-1
37,-1,260,126,36,54,0.89,7,-1,-1
37,-1,554,514,84,26,0.83,2,-1,-1
37,-1,318,122,15,17,0.78,2,-1,-1
37,-1,307,109,12,12,0.78,2,-1,-1
37,-1,320,114,14,10,0.37,2,-1,-1
37,-1,355,90,10,9,0.23,2,-1,-1
38,-1,534,464,96,76,0.92,2,-1,-1
38,-1,259,127,36,56,0.91,7,-1,-1
38,-1,316,124,16,17,0.78,2,-1,-1
38,-1,306,109,12,13,0.73,2,-1,-1
38,-1,321,114,13,11,0.57,2,-1,-1
38,-1,355,89,9,9,0.28,2,-1,-1
38,-1,322,77,10,15,0.12,7,-1,-1
39,-1,522,434,84,88,0.93,2,-1,-1
39,-1,257,129,36,56,0.90,7,-1,-1
39,-1,316,124,16,17,0.78,2,-1,-1
39,-1,306,110,12,12,0.77,2,-1,-1
39,-1,321,114,14,10,0.42,2,-1,-1
39,-1,355,88,9,9,0.35,2,-1,-1
40,-1,504,398,76,76,0.92,2,-1,-1
40,-1,256,130,37,58,0.90,7,-1,-1
40,-1,305,112,12,13,0.82,2,-1,-1
40,-1,314,126,17,18,0.79,2,-1,-1
40,-1,322,115,12,11,0.60,2,-1,-1
40,-1,354,88,10,9,0.46,2,-1,-1
40,-1,322,78,10,15,0.13,7,-1,-1
41,-1,496,376,68,69,0.92,2,-1,-1
41,-1,254,131,38,60,0.90,7,-1,-1
41,-1,305,112,12,14,0.82,2,-1,-1
41,-1,314,127,17,18,0.81,2,-1,-1
41,-1,322,116,12,11,0.48,2,-1,-1
41,-1,354,88,10,9,0.45,2,-1,-1
41,-1,322,78,10,15,0.13,7,-1,-1
42,-1,484,348,60,62,0.92,2,-1,-1
42,-1,251,136,38,58,0.90,7,-1,-1
42,-1,304,113,12,14,0.84,2,-1,-1
42,-1,312,129,18,18,0.80,2,-1,-1
42,-1,321,115,13,13,0.76,2,-1,-1
42,-1,354,87,10,10,0.45,2,-1,-1
42,-1,322,78,10,15,0.13,7,-1,-1
43,-1,478,330,56,58,0.91,2,-1,-1
43,-1,249,136,40,60,0.91,7,-1,-1
43,-1,303,113,13,15,0.85,2,-1,-1
43,-1,312,129,17,19,0.82,2,-1,-1
43,-1,321,116,13,12,0.41,2,-1,-1
43,-1,354,87,10,9,0.13,2,-1,-1
44,-1,466,309,52,52,0.92,2,-1,-1
44,-1,247,138,40,62,0.91,7,-1,-1
44,-1,311,131,18,19,0.82,2,-1,-1
44,-1,303,116,12,14,0.77,2,-1,-1
44,-1,320,117,13,13,0.76,2,-1,-1
44,-1,355,86,8,9,0.32,2,-1,-1
44,-1,321,78,11,16,0.15,7,-1,-1
45,-1,462,296,48,50,0.92,2,-1,-1
45,-1,244,138,41,64,0.90,7,-1,-1
45,-1,302,116,13,14,0.82,2,-1,-1
45,-1,311,132,18,19,0.82,2,-1,-1
45,-1,321,118,12,12,0.74,2,-1,-1
45,-1,354,86,9,9,0.31,2,-1,-1
45,-1,321,78,11,16,0.16,7,-1,-1
46,-1,452,279,44,45,0.91,2,-1,-1
46,-1,241,142,42,64,0.91,7,-1,-1
46,-1,310,134,18,20,0.82,2,-1,-1
46,-1,300,117,13,14,0.80,2,-1,-1
46,-1,320,120,12,12,0.76,2,-1,-1
46,-1,355,86,8,9,0.33,2,-1,-1
46,-1,321,78,11,16,0.14,7,-1,-1
47,-1,239,142,44,66,0.92,7,-1,-1
47,-1,447,268,44,44,0.91,2,-1,-1
47,-1,299,118,14,14,0.82,2,-1,-1
47,-1,309,136,18,19,0.81,2,-1,-1
47,-1,320,121,12,12,0.78,2,-1,-1
47,-1,321,78,12,16,0.36,7,-1,-1
47,-1,355,86,8,9,0.25,2,-1,-1
48,-1,236,143,46,70,0.91,7,-1,-1
48,-1,441,255,40,40,0.91,2,-1,-1
48,-1,308,138,18,20,0.83,2,-1,-1
48,-1,298,119,14,15,0.80,2,-1,-1
48,-1,319,121,14,12,0.79,2,-1,-1
48,-1,321,78,12,16,0.35,7,-1,-1
48,-1,355,86,8,8,0.14,2,-1,-1
49,-1,436,247,40,38,0.92,2,-1,-1
49,-1,234,146,46,70,0.91,7,-1,-1
49,-1,297,120,14,15,0.84,2,-1,-1
49,-1,308,139,18,20,0.84,2,-1,-1
49,-1,318,122,14,12,0.78,2,-1,-1
49,-1,320,79,12,15,0.54,2,-1,-1
49,-1,355,86,8,8,0.11,2,-1,-1
50,-1,230,149,48,72,0.91,7,-1,-1
50,-1,432,236,36,37,0.91,2,-1,-1
50,-1,296,121,14,16,0.86,2,-1,-1
50,-1,307,141,18,21,0.82,2,-1,-1
50,-1,318,123,14,13,0.79,2,-1,-1
50,-1,320,79,12,15,0.52,2,-1,-1
50,-1,355,85,8,8,0.28,2,-1,-1
51,-1,428,229,34,36,0.91,2,-1,-1
51,-1,227,154,49,71,0.90,7,-1,-1
51,-1,296,121,14,18,0.86,2,-1,-1
51,-1,306,143,18,22,0.84,2,-1,-1
51,-1,317,124,14,14,0.84,2,-1,-1
51,-1,320,79,12,16,0.54,7,-1,-1
51,-1,355,85,8,8,0.27,2,-1,-1
52,-1,223,156,51,74,0.91,7,-1,-1
52,-1,424,220,32,33,0.90,2,-1,-1
52,-1,305,145,18,22,0.85,2,-1,-1
52,-1,294,125,14,16,0.84,2,-1,-1
52,-1,316,127,15,12,0.79,2,-1,-1
52,-1,320,79,12,17,0.62,7,-1,-1
52,-1,354,85,8,8,0.14,2,-1,-1
53,-1,422,215,30,32,0.90,2,-1,-1
53,-1,219,155,54,78,0.90,7,-1,-1
53,-1,304,147,19,22,0.86,2,-1,-1
53,-1,294,125,14,17,0.84,2,-1,-1
53,-1,316,126,15,14,0.81,2,-1,-1
53,-1,320,79,12,17,0.64,7,-1,-1
53,-1,354,85,8,8,0.10,2,-1,-1
54,-1,216,158,54,82,0.91,7,-1,-1
54,-1,417,208,30,31,0.90,2,-1,-1
54,-1,302,149,20,24,0.87,2,-1,-1
54,-1,291,126,16,17,0.84,2,-1,-1
54,-1,316,128,14,13,0.81,2,-1,-1
54,-1,320,80,12,16,0.52,7,-1,-1
55,-1,213,160,55,84,0.91,7,-1,-1
55,-1,416,203,28,30,0.89,2,-1,-1
55,-1,302,151,19,24,0.87,2,-1,-1
55,-1,316,129,14,14,0.85,2,-1,-1
55,-1,291,128,14,17,0.83,2,-1,-1
55,-1,319,80,12,17,0.69,7,-1,-1
56,-1,208,164,58,87,0.93,7,-1,-1
56,-1,411,196,28,28,0.88,2,-1,-1
56,-1,300,154,20,24,0.87,2,-1,-1
56,-1,314,131,16,14,0.85,2,-1,-1
56,-1,289,129,16,18,0.85,2,-1,-1
56,-1,319,80,12,17,0.69,7,-1,-1
57,-1,204,166,60,91,0.92,7,-1,-1
57,-1,410,192,26,28,0.89,2,-1,-1
57,-1,299,156,20,24,0.86,2,-1,-1
57,-1,288,131,16,18,0.86,2,-1,-1
57,-1,314,131,16,16,0.84,2,-1,-1
57,-1,319,80,12,18,0.76,7,-1,-1
58,-1,199,172,62,93,0.92,7,-1,-1
58,-1,407,186,26,26,0.89,2,-1,-1
58,-1,296,158,22,26,0.87,2,-1,-1
58,-1,287,133,16,18,0.86,2,-1,-1
58,-1,312,132,16,16,0.83,2,-1,-1
58,-1,319,80,12,18,0.77,7,-1,-1
59,-1,194,174,65,96,0.92,7,-1,-1
59,-1,406,183,24,26,0.89,2,-1,-1
59,-1,296,161,22,26,0.87,2,-1,-1
59,-1,286,135,16,18,0.86,2,-1,-1
59,-1,312,134,16,15,0.84,2,-1,-1
59,-1,319,80,12,18,0.80,7,-1,-1
60,-1,187,177,69,102,0.93,7,-1,-1
60,-1,403,178,24,26,0.88,2,-1,-1
60,-1,294,164,22,28,0.88,2,-1,-1
60,-1,284,137,17,18,0.86,2,-1,-1
60,-1,311,138,16,14,0.85,2,-1,-1
60,-1,318,80,12,18,0.76,7,-1,-1
61,-1,182,181,70,104,0.92,7,-1,-1
61,-1,292,166,23,28,0.89,2,-1,-1
61,-1,400,174,24,24,0.87,2,-1,-1
61,-1,283,138,16,19,0.86,2,-1,-1
61,-1,310,138,16,16,0.86,2,-1,-1
61,-1,318,80,12,18,0.80,7,-1,-1
62,-1,174,186,75,110,0.93,7,-1,-1
62,-1,290,171,23,28,0.88,2,-1,-1
62,-1,398,170,24,24,0.87,2,-1,-1
62,-1,280,140,18,20,0.87,2,-1,-1
62,-1,310,139,16,17,0.85,2,-1,-1
62,-1,318,81,12,18,0.63,7,-1,-1
63,-1,168,190,77,114,0.93,7,-1,-1
63,-1,396,167,24,24,0.89,2,-1,-1
63,-1,289,173,24,30,0.89,2,-1,-1
63,-1,279,143,18,19,0.86,2,-1,-1
63,-1,308,140,17,17,0.85,2,-1,-1
63,-1,318,81,12,18,0.58,7,-1,-1
64,-1,160,195,82,122,0.93,7,-1,-1
64,-1,286,176,26,32,0.90,2,-1,-1
64,-1,394,163,24,23,0.87,2,-1,-1
64,-1,278,145,18,21,0.87,2,-1,-1
64,-1,306,144,18,16,0.85,2,-1,-1
64,-1,318,82,12,19,0.81,7,-1,-1
65,-1,152,199,86,128,0.93,7,-1,-1
65,-1,284,180,26,32,0.89,2,-1,-1
65,-1,394,160,22,23,0.87,2,-1,-1
65,-1,275,147,20,22,0.87,2,-1,-1
65,-1,306,144,18,18,0.85,2,-1,-1
65,-1,318,82,12,19,0.81,7,-1,-1
66,-1,143,204,90,139,0.93,7,-1,-1
66,-1,283,184,26,34,0.90,2,-1,-1
66,-1,273,150,20,23,0.86,2,-1,-1
66,-1,305,146,18,19,0.85,2,-1,-1
66,-1,394,158,20,22,0.84,2,-1,-1
66,-1,318,82,12,18,0.76,7,-1,-1
67,-1,133,208,96,145,0.93,7,-1,-1
67,-1,280,188,28,34,0.89,2,-1,-1
67,-1,272,152,20,22,0.88,2,-1,-1
67,-1,392,155,20,22,0.87,2,-1,-1
67,-1,304,148,18,19,0.86,2,-1,-1
67,-1,318,82,12,19,0.79,7,-1,-1
68,-1,121,216,102,155,0.93,7,-1,-1
68,-1,278,192,28,37,0.89,2,-1,-1
68,-1,269,155,22,23,0.88,2,-1,-1
68,-1,390,151,20,22,0.87,2,-1,-1
68,-1,302,150,19,20,0.86,2,-1,-1
68,-1,317,83,12,18,0.73,7,-1,-1
69,-1,111,222,108,162,0.93,7,-1,-1
69,-1,275,196,30,39,0.89,2,-1,-1
69,-1,268,157,22,24,0.88,2,-1,-1
69,-1,302,152,19,20,0.86,2,-1,-1
69,-1,389,150,20,21,0.86,2,-1,-1
69,-1,317,83,12,18,0.72,7,-1,-1
70,-1,98,230,114,178,0.92,7,-1,-1
70,-1,271,203,32,39,0.89,2,-1,-1
70,-1,265,160,23,25,0.88,2,-1,-1
70,-1,300,155,20,21,0.87,2,-1,-1
70,-1,387,146,20,21,0.87,2,-1,-1
70,-1,317,84,12,18,0.71,7,-1,-1
71,-1,88,238,120,187,0.92,7,-1,-1
71,-1,268,208,34,41,0.90,2,-1,-1
71,-1,264,162,22,27,0.87,2,-1,-1
71,-1,299,157,20,21,0.86,2,-1,-1
71,-1,386,144,20,21,0.86,2,-1,-1
71,-1,316,84,13,18,0.75,7,-1,-1
72,-1,70,248,130,204,0.92,7,-1,-1
72,-1,263,214,36,44,0.90,2,-1,-1
72,-1,262,166,23,28,0.88,2,-1,-1
72,-1,298,160,21,22,0.87,2,-1,-1
72,-1,384,142,20,20,0.83,2,-1,-1
72,-1,316,84,13,19,0.75,7,-1,-1
73,-1,57,257,136,214,0.93,7,-1,-1
73,-1,261,219,36,46,0.90,2,-1,-1
73,-1,259,170,24,27,0.88,2,-1,-1
73,-1,296,161,22,24,0.86,2,-1,-1
73,-1,385,140,18,20,0.84,2,-1,-1
73,-1,316,84,13,19,0.74,7,-1,-1
74,-1,35,268,146,240,0.94,7,-1,-1
74,-1,255,224,40,52,0.89,2,-1,-1
74,-1,256,174,26,29,0.89,2,-1,-1
74,-1,294,165,22,24,0.87,2,-1,-1
74,-1,383,138,18,20,0.85,2,-1,-1
74,-1,316,84,13,19,0.74,7,-1,-1
75,-1,16,280,159,252,0.92,7,-1,-1
75,-1,252,232,40,54,0.90,2,-1,-1
75,-1,254,177,26,29,0.89,2,-1,-1
75,-1,294,168,22,23,0.89,2,-1,-1
75,-1,383,136,18,20,0.84,2,-1,-1
75,-1,316,85,13,19,0.74,7,-1,-1
76,-1,4,285,160,255,0.94,7,-1,-1
76,-1,245,243,44,57,0.90,2,-1,-1
76,-1,251,182,26,31,0.89,2,-1,-1
76,-1,292,172,22,24,0.88,2,-1,-1
76,-1,381,134,18,20,0.84,2,-1,-1
76,-1,316,85,13,20,0.73,7,-1,-1
77,-1,241,250,45,62,0.90,2,-1,-1
77,-1,249,185,26,32,0.89,2,-1,-1
77,-1,290,174,24,24,0.88,2,-1,-1
77,-1,380,133,18,20,0.84,2,-1,-1
77,-1,316,85,13,20,0.72,7,-1,-1
78,-1,234,262,48,68,0.92,2,-1,-1
78,-1,245,190,28,34,0.90,2,-1,-1
78,-1,5,326,138,213,0.90,7,-1,-1
78,-1,288,178,24,26,0.88,2,-1,-1
78,-1,379,130,18,20,0.85,2,-1,-1
78,-1,314,85,14,20,0.72,7,-1,-1
79,-1,229,274,50,70,0.91,2,-1,-1
79,-1,241,195,30,36,0.90,2,-1,-1
79,-1,4,340,130,198,0.89,7,-1,-1
79,-1,287,181,24,26,0.88,2,-1,-1
79,-1,378,130,18,18,0.83,2,-1,-1
79,-1,314,86,14,20,0.63,7,-1,-1
80,-1,220,290,53,76,0.91,2,-1,-1
80,-1,236,201,32,37,0.90,2,-1,-1
80,-1,5,369,108,170,0.90,7,-1,-1
80,-1,284,186,26,28,0.88,2,-1,-1
80,-1,377,128,18,18,0.84,2,-1,-1
80,-1,314,86,14,21,0.78,7,-1,-1
81,-1,214,301,56,82,0.91,2,-1,-1
81,-1,234,206,32,39,0.90,2,-1,-1
81,-1,282,189,26,28,0.89,2,-1,-1
81,-1,6,390,93,148,0.86,7,-1,-1
81,-1,378,127,16,18,0.83,2,-1,-1
81,-1,314,86,14,22,0.82,7,-1,-1
82,-1,204,322,60,91,0.92,2,-1,-1
82,-1,228,213,34,42,0.89,2,-1,-1
82,-1,278,193,28,30,0.88,2,-1,-1
82,-1,377,125,16,18,0.83,2,-1,-1
82,-1,314,86,14,22,0.82,7,-1,-1
82,-1,6,429,68,108,0.15,7,-1,-1
83,-1,195,336,66,101,0.92,2,-1,-1
83,-1,225,219,34,42,0.90,2,-1,-1
83,-1,278,196,28,34,0.89,2,-1,-1
83,-1,314,86,15,22,0.83,7,-1,-1
83,-1,377,124,16,18,0.83,2,-1,-1
84,-1,182,362,72,114,0.92,2,-1,-1
84,-1,220,227,36,46,0.90,2,-1,-1
84,-1,274,204,30,32,0.88,2,-1,-1
84,-1,374,122,16,16,0.83,2,-1,-1
84,-1,312,87,16,23,0.82,7,-1,-1
85,-1,173,384,76,123,0.93,2,-1,-1
85,-1,272,209,30,32,0.90,2,-1,-1
85,-1,216,234,38,48,0.89,2,-1,-1
85,-1,374,122,16,16,0.83,2,-1,-1
85,-1,312,87,16,23,0.81,7,-1,-1
86,-1,208,245,44,53,0.90,2,-1,-1
86,-1,268,215,32,34,0.89,2,-1,-1
86,-1,374,121,15,16,0.85,2,-1,-1
86,-1,312,88,16,22,0.83,7,-1,-1
87,-1,141,450,90,90,0.90,2,-1,-1
87,-1,204,252,44,56,0.90,2,-1,-1
87,-1,264,219,34,37,0.89,2,-1,-1
87,-1,374,120,14,16,0.84,2,-1,-1
87,-1,312,88,16,22,0.82,7,-1,-1
88,-1,194,266,50,63,0.91,2,-1,-1
88,-1,260,225,35,41,0.89,2,-1,-1
88,-1,137,502,82,38,0.87,2,-1,-1
88,-1,312,88,16,23,0.85,7,-1,-1
88,-1,372,118,16,16,0.82,2,-1,-1
89,-1,189,276,50,68,0.91,2,-1,-1
89,-1,258,231,36,43,0.88,2,-1,-1
89,-1,311,88,16,23,0.87,7,-1,-1
89,-1,371,117,16,16,0.82,2,-1,-1
90,-1,178,295,57,76,0.92,2,-1,-1
90,-1,254,243,36,42,0.90,2,-1,-1
90,-1,311,89,16,23,0.86,7,-1,-1
90,-1,370,115,15,15,0.83,2,-1,-1
91,-1,169,308,62,78,0.92,2,-1,-1
91,-1,248,247,40,46,0.90,2,-1,-1
91,-1,311,89,16,24,0.87,7,-1,-1
91,-1,370,115,16,15,0.83,2,-1,-1
92,-1,156,330,66,94,0.92,2,-1,-1
92,-1,242,260,43,49,0.91,2,-1,-1
92,-1,310,90,17,24,0.84,7,-1,-1
92,-1,370,113,15,16,0.83,2,-1,-1
93,-1,145,346,72,100,0.92,2,-1,-1
93,-1,238,268,45,52,0.91,2,-1,-1
93,-1,310,90,17,24,0.84,7,-1,-1
93,-1,369,112,16,16,0.83,2,-1,-1
94,-1,127,375,78,115,0.93,2,-1,-1
94,-1,230,282,48,58,0.90,2,-1,-1
94,-1,309,91,18,24,0.85,7,-1,-1
94,-1,369,110,14,16,0.83,2,-1,-1
95,-1,113,398,82,126,0.93,2,-1,-1
95,-1,225,292,49,60,0.90,2,-1,-1
95,-1,308,91,18,25,0.85,7,-1,-1
95,-1,368,111,14,15,0.82,2,-1,-1
96,-1,214,312,56,65,0.92,2,-1,-1
96,-1,308,92,18,25,0.83,7,-1,-1
96,-1,367,110,14,14,0.76,2,-1,-1
97,-1,208,324,58,71,0.92,2,-1,-1
97,-1,84,474,85,66,0.89,2,-1,-1
97,-1,308,92,18,25,0.83,7,-1,-1
97,-1,367,110,14,14,0.76,2,-1,-1
98,-1,198,345,62,79,0.92,2,-1,-1
98,-1,307,92,18,25,0.81,7,-1,-1
98,-1,366,109,13,13,0.79,2,-1,-1
99,-1,189,362,66,85,0.92,2,-1,-1
99,-1,306,92,18,27,0.85,7,-1,-1
99,-1,366,108,13,13,0.80,2,-1,-1
100,-1,175,391,72,97,0.92,2,-1,-1
100,-1,306,92,18,27,0.86,7,-1,-1
100,-1,365,107,13,13,0.84,2,-1,-1
101,-1,164,414,76,106,0.92,2,-1,-1
101,-1,306,93,18,27,0.87,7,-1,-1
101,-1,365,106,13,13,0.84,2,-1,-1
102,-1,305,93,19,28,0.87,7,-1,-1
102,-1,365,105,12,14,0.80,2,-1,-1
103,-1,304,94,20,28,0.88,7,-1,-1
103,-1,365,104,12,13,0.79,2,-1,-1
104,-1,303,94,20,29,0.88,7,-1,-1
104,-1,364,103,12,13,0.76,2,-1,-1
105,-1,303,94,20,29,0.87,7,-1,-1
105,-1,364,103,12,13,0.76,2,-1,-1
106,-1,303,95,20,30,0.87,7,-1,-1
106,-1,364,103,12,12,0.59,2,-1,-1
107,-1,302,96,21,28,0.87,7,-1,-1
107,-1,362,102,12,12,0.61,2,-1,-1
108,-1,302,96,21,30,0.88,7,-1,-1
108,-1,362,102,12,12,0.62,2,-1,-1
109,-1,300,96,22,31,0.88,7,-1,-1
110,-1,300,96,21,31,0.88,7,-1,-1
110,-1,362,102,11,11,0.13,2,-1,-1
111,-1,301,98,20,30,0.87,7,-1,-1
111,-1,361,100,12,11,0.60,2,-1,-1
112,-1,300,98,21,31,0.88,7,-1,-1
112,-1,360,99,11,12,0.54,2,-1,-1
113,-1,298,99,22,31,0.87,7,-1,-1
114,-1,298,100,21,30,0.87,7,-1,-1
114,-1,360,99,11,11,0.30,2,-1,-1
115,-1,298,100,22,31,0.87,7,-1,-1
115,-1,359,99,12,11,0.14,2,-1,-1
116,-1,298,101,21,31,0.88,7,-1,-1
117,-1,297,101,22,31,0.88,7,-1,-1
118,-1,296,102,22,32,0.85,7,-1,-1
119,-1,294,102,23,32,0.88,7,-1,-1
120,-1,293,104,24,32,0.89,7,-1,-1
121,-1,293,103,24,33,0.89,7,-1,-1
122,-1,292,104,24,34,0.89,7,-1,-1
123,-1,291,106,24,34,0.89,7,-1,-1
123,-1,358,94,11,9,0.34,2,-1,-1
124,-1,290,106,24,34,0.89,7,-1,-1
124,-1,357,92,10,9,0.40,2,-1,-1
125,-1,290,107,24,34,0.89,7,-1,-1
125,-1,357,92,10,9,0.41,2,-1,-1
126,-1,288,108,25,35,0.89,7,-1,-1
126,-1,357,92,10,9,0.41,2,-1,-1
127,-1,288,108,25,36,0.88,7,-1,-1
127,-1,357,91,10,9,0.21,2,-1,-1
128,-1,286,109,26,36,0.89,7,-1,-1
128,-1,357,91,10,9,0.21,2,-1,-1
129,-1,286,110,26,37,0.89,7,-1,-1
129,-1,356,89,10,10,0.53,2,-1,-1
130,-1,285,110,26,38,0.89,7,-1,-1
130,-1,415,494,84,46,0.81,2,-1,-1
131,-1,412,466,76,72,0.90,2,-1,-1
131,-1,283,112,28,38,0.90,7,-1,-1
131,-1,356,88,10,9,0.45,2,-1,-1
132,-1,407,430,68,77,0.91,2,-1,-1
132,-1,282,112,27,38,0.91,7,-1,-1
132,-1,356,89,9,9,0.24,2,-1,-1
133,-1,404,408,64,72,0.92,2,-1,-1
133,-1,282,113,27,39,0.90,7,-1,-1
133,-1,356,88,9,8,0.13,2,-1,-1
134,-1,400,379,58,65,0.91,2,-1,-1
134,-1,280,114,28,39,0.90,7,-1,-1
135,-1,398,362,54,62,0.91,2,-1,-1
135,-1,279,115,28,40,0.90,7,-1,-1
136,-1,394,338,52,57,0.91,2,-1,-1
136,-1,277,116,28,41,0.89,7,-1,-1
137,-1,392,324,48,55,0.89,2,-1,-1
137,-1,276,117,28,41,0.89,7,-1,-1
138,-1,390,308,44,50,0.91,2,-1,-1
138,-1,275,118,28,42,0.90,7,-1,-1
139,-1,388,297,44,48,0.90,2,-1,-1
139,-1,273,119,30,43,0.90,7,-1,-1
140,-1,272,120,30,44,0.90,7,-1,-1
140,-1,386,282,40,46,0.90,2,-1,-1
141,-1,384,272,40,45,0.91,2,-1,-1
141,-1,271,122,30,44,0.90,7,-1,-1
142,-1,268,123,31,44,0.90,7,-1,-1
142,-1,383,260,40,42,0.90,2,-1,-1
143,-1,381,254,38,40,0.91,2,-1,-1
143,-1,268,124,31,45,0.90,7,-1,-1
144,-1,266,126,32,46,0.90,7,-1,-1
144,-1,380,244,34,38,0.90,2,-1,-1
144,-1,327,70,10,14,0.14,7,-1,-1
145,-1,265,126,32,47,0.91,7,-1,-1
145,-1,380,238,32,37,0.90,2,-1,-1
145,-1,327,70,10,14,0.13,7,-1,-1
146,-1,263,128,32,48,0.91,7,-1,-1
146,-1,377,227,34,38,0.90,2,-1,-1
146,-1,327,70,10,14,0.13,7,-1,-1
147,-1,378,224,32,35,0.91,2,-1,-1
147,-1,262,129,33,49,0.90,7,-1,-1
147,-1,414,448,76,90,0.87,2,-1,-1
148,-1,410,422,68,85,0.91,2,-1,-1
148,-1,260,130,34,49,0.90,7,-1,-1
148,-1,377,220,32,32,0.90,2,-1,-1
148,-1,327,71,10,14,0.13,7,-1,-1
149,-1,406,387,60,77,0.91,2,-1,-1
149,-1,257,133,34,50,0.90,7,-1,-1
149,-1,376,213,30,32,0.89,2,-1,-1
149,-1,327,71,10,14,0.18,7,-1,-1
150,-1,400,358,56,69,0.91,2,-1,-1
150,-1,254,134,36,52,0.91,7,-1,-1
150,-1,374,207,28,31,0.90,2,-1,-1
150,-1,327,71,10,14,0.20,7,-1,-1
151,-1,253,135,36,54,0.91,7,-1,-1
151,-1,398,340,52,65,0.89,2,-1,-1
151,-1,373,204,28,30,0.88,2,-1,-1
151,-1,327,71,10,14,0.20,7,-1,-1
152,-1,250,138,38,54,0.91,7,-1,-1
152,-1,396,318,48,59,0.90,2,-1,-1
152,-1,372,198,28,30,0.89,2,-1,-1
152,-1,327,71,10,15,0.41,7,-1,-1
153,-1,248,139,38,56,0.91,7,-1,-1
153,-1,394,306,46,56,0.90,2,-1,-1
153,-1,372,195,28,28,0.89,2,-1,-1
153,-1,327,71,10,14,0.36,7,-1,-1
154,-1,245,142,39,56,0.91,7,-1,-1
154,-1,390,288,44,52,0.91,2,-1,-1
154,-1,372,190,28,28,0.89,2,-1,-1
154,-1,327,71,10,14,0.34,7,-1,-1
155,-1,244,143,40,58,0.91,7,-1,-1
155,-1,390,278,40,49,0.90,2,-1,-1
155,-1,371,186,26,28,0.88,2,-1,-1
155,-1,327,71,10,15,0.47,7,-1,-1
156,-1,388,263,40,46,0.91,2,-1,-1
156,-1,240,145,42,60,0.91,7,-1,-1
156,-1,371,180,25,28,0.89,2,-1,-1
156,-1,327,71,10,15,0.46,7,-1,-1
157,-1,386,255,40,44,0.92,2,-1,-1
157,-1,238,147,43,61,0.91,7,-1,-1
157,-1,371,178,24,27,0.87,2,-1,-1
157,-1,327,71,10,15,0.46,7,-1,-1
158,-1,234,149,44,64,0.92,7,-1,-1
158,-1,384,243,36,42,0.90,2,-1,-1
158,-1,369,175,25,26,0.88,2,-1,-1
158,-1,326,72,10,15,0.64,7,-1,-1
159,-1,232,151,44,65,0.91,7,-1,-1
159,-1,386,235,32,42,0.90,2,-1,-1
159,-1,369,173,24,25,0.86,2,-1,-1
159,-1,326,72,10,15,0.64,7,-1,-1
160,-1,228,154,46,68,0.91,7,-1,-1
160,-1,383,226,32,40,0.90,2,-1,-1
160,-1,368,168,24,25,0.87,2,-1,-1
160,-1,326,72,10,15,0.65,7,-1,-1
161,-1,225,156,48,70,0.91,7,-1,-1
161,-1,382,222,32,38,0.90,2,-1,-1
161,-1,368,166,24,26,0.87,2,-1,-1
161,-1,326,72,10,16,0.43,7,-1,-1
162,-1,220,160,50,72,0.90,7,-1,-1
162,-1,382,214,30,35,0.90,2,-1,-1
162,-1,369,164,22,24,0.86,2,-1,-1
162,-1,326,72,10,16,0.40,7,-1,-1
163,-1,217,162,52,74,0.91,7,-1,-1
163,-1,382,210,28,34,0.89,2,-1,-1
163,-1,368,162,22,23,0.87,2,-1,-1
163,-1,326,72,10,16,0.41,7,-1,-1
164,-1,212,165,54,77,0.92,7,-1,-1
164,-1,381,202,28,34,0.89,2,-1,-1
164,-1,367,158,22,22,0.87,2,-1,-1
164,-1,324,73,10,16,0.25,7,-1,-1
165,-1,208,168,56,79,0.92,7,-1,-1
165,-1,380,198,28,32,0.89,2,-1,-1
165,-1,367,157,21,22,0.87,2,-1,-1
165,-1,324,73,10,16,0.25,7,-1,-1
166,-1,203,172,58,82,0.92,7,-1,-1
166,-1,367,154,20,21,0.88,2,-1,-1
166,-1,381,194,26,30,0.88,2,-1,-1
166,-1,324,73,10,16,0.22,7,-1,-1
167,-1,199,175,59,85,0.92,7,-1,-1
167,-1,380,190,26,30,0.88,2,-1,-1
167,-1,366,152,20,21,0.87,2,-1,-1
167,-1,324,73,10,16,0.22,7,-1,-1
168,-1,192,180,62,90,0.93,7,-1,-1
168,-1,381,185,24,29,0.87,2,-1,-1
168,-1,366,150,20,21,0.87,2,-1,-1
168,-1,324,74,10,16,0.21,7,-1,-1
169,-1,188,183,64,93,0.93,7,-1,-1
169,-1,380,181,24,28,0.89,2,-1,-1
169,-1,366,148,20,20,0.87,2,-1,-1
169,-1,325,73,10,16,0.55,7,-1,-1
170,-1,180,188,68,98,0.92,7,-1,-1
170,-1,380,176,24,28,0.88,2,-1,-1
170,-1,365,146,18,20,0.86,2,-1,-1
170,-1,325,73,10,16,0.54,7,-1,-1
171,-1,175,192,70,102,0.93,7,-1,-1
171,-1,380,174,22,26,0.88,2,-1,-1
171,-1,365,144,18,21,0.86,2,-1,-1
171,-1,325,73,10,16,0.54,7,-1,-1
172,-1,168,196,73,106,0.94,7,-1,-1
172,-1,380,172,22,25,0.86,2,-1,-1
172,-1,364,142,19,20,0.86,2,-1,-1
172,-1,324,74,11,16,0.58,7,-1,-1
173,-1,159,202,78,114,0.92,7,-1,-1
173,-1,379,166,22,27,0.87,2,-1,-1
173,-1,364,142,18,19,0.86,2,-1,-1
173,-1,323,74,11,17,0.71,7,-1,-1
174,-1,152,206,82,121,0.93,7,-1,-1
174,-1,380,164,20,26,0.86,2,-1,-1
174,-1,364,140,18,19,0.85,2,-1,-1
174,-1,323,74,11,17,0.70,7,-1,-1
175,-1,140,214,86,128,0.93,7,-1,-1
175,-1,380,160,20,26,0.87,2,-1,-1
175,-1,364,138,18,18,0.84,2,-1,-1
175,-1,322,74,12,17,0.66,7,-1,-1
176,-1,128,223,93,138,0.93,7,-1,-1
176,-1,364,137,16,18,0.85,2,-1,-1
176,-1,379,157,20,26,0.85,2,-1,-1
176,-1,322,74,12,17,0.67,7,-1,-1
177,-1,120,229,96,145,0.94,7,-1,-1
177,-1,363,135,18,18,0.84,2,-1,-1
177,-1,379,156,20,24,0.84,2,-1,-1
177,-1,322,74,12,17,0.67,7,-1,-1
178,-1,109,236,102,152,0.93,7,-1,-1
178,-1,378,154,20,24,0.86,2,-1,-1
178,-1,362,134,18,18,0.83,2,-1,-1
178,-1,322,75,12,17,0.60,7,-1,-1
179,-1,92,245,111,169,0.93,7,-1,-1
179,-1,378,152,20,22,0.85,2,-1,-1
179,-1,363,132,16,18,0.84,2,-1,-1
179,-1,322,75,12,17,0.60,7,-1,-1
180,-1,74,259,120,184,0.92,7,-1,-1
180,-1,379,149,18,22,0.83,2,-1,-1
180,-1,362,131,16,17,0.83,2,-1,-1
180,-1,322,75,12,18,0.66,7,-1,-1
181,-1,59,268,126,196,0.92,7,-1,-1
181,-1,378,146,20,23,0.85,2,-1,-1
181,-1,362,131,16,17,0.83,2,-1,-1
181,-1,322,75,12,18,0.66,7,-1,-1
182,-1,36,283,138,216,0.92,7,-1,-1
182,-1,379,144,18,23,0.84,2,-1,-1
182,-1,362,129,16,17,0.83,2,-1,-1
182,-1,321,76,12,17,0.61,7,-1,-1
183,-1,18,294,148,231,0.94,7,-1,-1
183,-1,361,128,16,16,0.84,2,-1,-1
183,-1,378,142,20,21,0.84,2,-1,-1
183,-1,321,76,12,17,0.61,7,-1,-1
184,-1,4,312,148,225,0.94,7,-1,-1
184,-1,360,127,16,16,0.84,2,-1,-1
184,-1,378,140,18,20,0.84,2,-1,-1
184,-1,320,77,12,18,0.76,7,-1,-1
185,-1,3,328,140,210,0.93,7,-1,-1
185,-1,378,139,18,21,0.84,2,-1,-1
185,-1,360,126,16,16,0.83,2,-1,-1
185,-1,320,77,12,18,0.76,7,-1,-1
186,-1,4,354,123,185,0.93,7,-1,-1
186,-1,377,137,18,20,0.84,2,-1,-1
186,-1,360,125,16,16,0.83,2,-1,-1
186,-1,320,77,12,18,0.75,7,-1,-1
187,-1,378,136,16,20,0.83,2,-1,-1
187,-1,360,124,16,15,0.83,2,-1,-1
187,-1,320,77,12,18,0.76,7,-1,-1
188,-1,6,397,90,142,0.93,7,-1,-1
188,-1,378,135,16,19,0.84,2,-1,-1
188,-1,361,123,14,16,0.84,2,-1,-1
188,-1,320,77,12,18,0.76,7,-1,-1
189,-1,361,122,14,15,0.84,2,-1,-1
189,-1,378,134,16,18,0.83,2,-1,-1
189,-1,321,77,12,19,0.78,7,-1,-1
189,-1,5,438,60,101,0.74,7,-1,-1
190,-1,360,122,14,16,0.85,2,-1,-1
190,-1,378,132,16,19,0.83,2,-1,-1
190,-1,320,77,12,19,0.79,7,-1,-1
190,-1,4,472,38,66,0.30,7,-1,-1
191,-1,360,120,14,15,0.85,2,-1,-1
191,-1,378,129,16,18,0.83,2,-1,-1
191,-1,320,77,12,19,0.78,7,-1,-1
192,-1,360,119,14,15,0.85,2,-1,-1
192,-1,378,128,16,19,0.82,2,-1,-1
192,-1,320,77,13,20,0.80,7,-1,-1
193,-1,360,118,14,15,0.84,2,-1,-1
193,-1,377,127,16,18,0.83,2,-1,-1
193,-1,320,77,13,20,0.79,7,-1,-1
194,-1,360,117,14,14,0.84,2,-1,-1
194,-1,377,126,16,17,0.82,2,-1,-1
194,-1,320,77,13,20,0.80,7,-1,-1
195,-1,359,116,14,14,0.83,2,-1,-1
195,-1,378,124,14,17,0.83,2,-1,-1
195,-1,320,77,12,21,0.81,7,-1,-1
196,-1,359,116,14,14,0.84,2,-1,-1
196,-1,378,123,14,17,0.83,2,-1,-1
196,-1,319,78,13,20,0.82,7,-1,-1
197,-1,377,122,14,15,0.83,2,-1,-1
197,-1,359,114,14,14,0.83,2,-1,-1
197,-1,319,79,12,20,0.82,7,-1,-1
198,-1,358,113,14,15,0.85,2,-1,-1
198,-1,377,121,14,16,0.83,2,-1,-1
198,-1,319,78,12,20,0.82,7,-1,-1
199,-1,358,112,14,14,0.84,2,-1,-1
199,-1,376,119,14,16,0.82,2,-1,-1
199,-1,318,79,13,20,0.82,7,-1,-1
200,-1,318,79,13,20,0.83,7,-1,-1
200,-1,358,112,14,14,0.83,2,-1,-1
200,-1,376,118,14,16,0.83,2,-1,-1
201,-1,318,79,13,21,0.84,7,-1,-1
201,-1,376,117,14,15,0.83,2,-1,-1
201,-1,358,112,13,14,0.82,2,-1,-1
202,-1,318,80,13,20,0.82,7,-1,-1
202,-1,375,116,14,16,0.82,2,-1,-1
202,-1,358,111,13,13,0.77,2,-1,-1
203,-1,375,116,14,16,0.81,2,-1,-1
203,-1,318,81,13,20,0.80,7,-1,-1
203,-1,358,110,13,13,0.78,2,-1,-1
204,-1,375,114,14,16,0.82,2,-1,-1
204,-1,317,81,14,20,0.79,7,-1,-1
204,-1,358,110,13,13,0.75,2,-1,-1
205,-1,374,114,14,15,0.85,2,-1,-1
205,-1,317,81,14,21,0.82,7,-1,-1
205,-1,358,109,12,13,0.75,2,-1,-1
206,-1,375,114,12,15,0.85,2,-1,-1
206,-1,316,81,14,22,0.84,7,-1,-1
206,-1,358,109,12,13,0.74,2,-1,-1
207,-1,374,112,13,15,0.84,2,-1,-1
207,-1,316,82,14,22,0.84,7,-1,-1
207,-1,358,108,12,13,0.75,2,-1,-1
208,-1,374,112,13,15,0.84,2,-1,-1
208,-1,316,81,14,22,0.84,7,-1,-1
208,-1,358,108,12,13,0.75,2,-1,-1
209,-1,316,82,14,22,0.84,7,-1,-1
209,-1,374,110,12,14,0.81,2,-1,-1
209,-1,358,107,12,12,0.70,2,-1,-1
210,-1,316,82,14,22,0.85,7,-1,-1
210,-1,373,109,12,14,0.81,2,-1,-1
210,-1,358,106,12,12,0.75,2,-1,-1
210,-1,326,72,10,14,0.15,7,-1,-1
211,-1,316,82,14,22,0.85,7,-1,-1
211,-1,373,109,12,13,0.82,2,-1,-1
211,-1,358,105,12,12,0.76,2,-1,-1
211,-1,326,72,10,14,0.16,7,-1,-1
212,-1,314,83,15,23,0.84,7,-1,-1
212,-1,373,108,12,13,0.81,2,-1,-1
212,-1,358,105,12,11,0.70,2,-1,-1
212,-1,326,72,10,15,0.21,7,-1,-1
213,-1,314,83,16,23,0.85,7,-1,-1
213,-1,372,107,12,13,0.83,2,-1,-1
213,-1,357,104,12,10,0.69,2,-1,-1
213,-1,326,72,11,16,0.31,7,-1,-1
214,-1,314,83,16,24,0.85,7,-1,-1
214,-1,372,107,12,13,0.83,2,-1,-1
214,-1,357,104,12,10,0.69,2,-1,-1
214,-1,326,72,11,16,0.32,7,-1,-1
215,-1,313,84,16,23,0.81,7,-1,-1
215,-1,372,106,12,12,0.76,2,-1,-1
215,-1,357,103,12,11,0.64,2,-1,-1
215,-1,326,72,11,16,0.41,7,-1,-1
216,-1,313,84,16,24,0.82,7,-1,-1
216,-1,371,106,12,12,0.75,2,-1,-1
216,-1,357,103,12,11,0.65,2,-1,-1
216,-1,326,72,11,16,0.42,7,-1,-1
217,-1,313,84,16,24,0.82,7,-1,-1
217,-1,371,104,12,12,0.76,2,-1,-1
217,-1,357,102,11,11,0.72,2,-1,-1
217,-1,326,72,10,16,0.28,7,-1,-1
218,-1,312,85,17,24,0.83,7,-1,-1
218,-1,371,103,11,12,0.74,2,-1,-1
218,-1,357,101,11,11,0.73,2,-1,-1
218,-1,325,72,11,16,0.30,7,-1,-1
219,-1,312,85,16,24,0.84,7,-1,-1
219,-1,371,103,10,12,0.75,2,-1,-1
219,-1,358,101,11,11,0.74,2,-1,-1
220,-1,312,85,17,25,0.84,7,-1,-1
220,-1,357,101,11,11,0.75,2,-1,-1
220,-1,370,102,11,12,0.73,2,-1,-1
221,-1,311,86,18,26,0.85,7,-1,-1
221,-1,357,100,11,11,0.74,2,-1,-1
221,-1,371,101,10,12,0.72,2,-1,-1
222,-1,311,86,17,25,0.84,7,-1,-1
222,-1,370,101,11,12,0.74,2,-1,-1
222,-1,356,99,11,10,0.72,2,-1,-1
223,-1,310,86,18,26,0.86,7,-1,-1
223,-1,370,100,11,12,0.73,2,-1,-1
223,-1,356,99,11,10,0.70,2,-1,-1
223,-1,324,73,12,18,0.22,7,-1,-1
224,-1,310,87,18,26,0.84,7,-1,-1
224,-1,370,99,11,12,0.68,2,-1,-1
224,-1,356,98,11,10,0.62,2,-1,-1
224,-1,324,73,11,18,0.41,7,-1,-1
225,-1,310,87,18,26,0.85,7,-1,-1
225,-1,370,99,10,12,0.71,2,-1,-1
225,-1,356,98,10,10,0.63,2,-1,-1
225,-1,325,73,10,18,0.43,7,-1,-1
226,-1,310,88,18,26,0.85,7,-1,-1
226,-1,370,98,10,12,0.71,2,-1,-1
226,-1,356,98,10,10,0.63,2,-1,-1
226,-1,325,74,10,18,0.42,7,-1,-1
227,-1,309,88,18,27,0.85,7,-1,-1
227,-1,369,97,10,12,0.61,2,-1,-1
227,-1,356,97,10,10,0.59,2,-1,-1
227,-1,324,73,11,18,0.39,7,-1,-1
228,-1,309,88,18,27,0.85,7,-1,-1
228,-1,369,96,10,12,0.69,2,-1,-1
228,-1,356,96,10,10,0.62,2,-1,-1
228,-1,324,73,11,18,0.40,7,-1,-1
229,-1,308,88,18,28,0.85,7,-1,-1
229,-1,368,96,10,12,0.70,2,-1,-1
229,-1,356,96,10,10,0.61,2,-1,-1
229,-1,324,74,10,19,0.28,7,-1,-1
230,-1,308,89,18,27,0.86,7,-1,-1
230,-1,368,95,10,11,0.61,2,-1,-1
230,-1,356,96,10,10,0.51,2,-1,-1
230,-1,324,75,10,18,0.16,7,-1,-1
231,-1,307,89,19,29,0.86,7,-1,-1
231,-1,368,95,10,11,0.61,2,-1,-1
231,-1,356,96,10,10,0.50,2,-1,-1
231,-1,323,75,10,18,0.14,7,-1,-1
232,-1,306,89,20,29,0.86,7,-1,-1
232,-1,368,95,10,11,0.60,2,-1,-1
232,-1,356,95,10,10,0.47,2,-1,-1
232,-1,323,76,10,18,0.17,7,-1,-1
233,-1,306,90,20,30,0.85,7,-1,-1
233,-1,368,94,10,11,0.54,2,-1,-1
233,-1,356,94,10,10,0.43,2,-1,-1
233,-1,322,76,10,18,0.20,7,-1,-1
234,-1,306,90,20,30,0.85,7,-1,-1
234,-1,368,94,10,11,0.54,2,-1,-1
234,-1,356,94,10,10,0.44,2,-1,-1
234,-1,322,76,10,18,0.18,7,-1,-1
235,-1,306,91,20,30,0.86,7,-1,-1
235,-1,367,94,10,11,0.57,2,-1,-1
235,-1,356,94,10,10,0.46,2,-1,-1
235,-1,323,76,10,18,0.18,7,-1,-1
236,-1,304,91,21,32,0.87,7,-1,-1
236,-1,367,93,9,11,0.55,2,-1,-1
236,-1,356,93,10,10,0.39,2,-1,-1
236,-1,323,76,10,18,0.13,7,-1,-1
237,-1,303,92,22,32,0.87,7,-1,-1
237,-1,367,93,9,11,0.56,2,-1,-1
237,-1,356,93,10,10,0.40,2,-1,-1
237,-1,322,78,10,17,0.18,7,-1,-1
238,-1,303,92,22,32,0.87,7,-1,-1
238,-1,366,92,10,11,0.70,2,-1,-1
238,-1,355,92,10,10,0.40,2,-1,-1
238,-1,322,78,10,17,0.20,7,-1,-1
239,-1,302,92,22,32,0.88,7,-1,-1
239,-1,366,91,10,11,0.62,2,-1,-1
239,-1,322,79,10,17,0.43,7,-1,-1
239,-1,356,91,10,10,0.36,2,-1,-1
240,-1,302,92,21,32,0.88,7,-1,-1
240,-1,322,78,10,17,0.60,7,-1,-1
240,-1,366,91,10,10,0.59,2,-1,-1
240,-1,356,90,10,10,0.37,2,-1,-1
241,-1,301,93,22,33,0.89,7,-1,-1
241,-1,322,78,11,18,0.68,7,-1,-1
241,-1,366,91,10,10,0.59,2,-1,-1
241,-1,356,90,10,10,0.37,2,-1,-1
242,-1,300,93,23,34,0.88,7,-1,-1
242,-1,321,78,12,18,0.70,7,-1,-1
242,-1,367,90,8,10,0.42,2,-1,-1
242,-1,356,90,10,10,0.29,2,-1,-1
243,-1,299,94,24,34,0.89,7,-1,-1
243,-1,321,78,12,18,0.67,7,-1,-1
243,-1,367,90,8,10,0.41,2,-1,-1
243,-1,356,90,10,10,0.29,2,-1,-1
244,-1,298,94,24,34,0.88,7,-1,-1
244,-1,321,78,12,18,0.75,7,-1,-1
244,-1,366,89,9,10,0.48,2,-1,-1
244,-1,356,89,10,10,0.24,2,-1,-1
245,-1,298,96,24,35,0.88,7,-1,-1
245,-1,320,80,12,18,0.84,7,-1,-1
245,-1,366,88,8,9,0.40,2,-1,-1
245,-1,356,90,9,8,0.18,2,-1,-1
246,-1,297,96,24,35,0.89,7,-1,-1
246,-1,320,80,12,18,0.84,7,-1,-1
246,-1,366,88,8,9,0.40,2,-1,-1
246,-1,356,89,9,8,0.18,2,-1,-1
247,-1,297,97,24,35,0.88,7,-1,-1
247,-1,320,80,12,18,0.84,7,-1,-1
247,-1,366,88,8,10,0.35,2,-1,-1
247,-1,355,89,9,9,0.20,2,-1,-1
248,-1,297,97,24,35,0.88,7,-1,-1
248,-1,320,80,12,18,0.84,7,-1,-1
248,-1,365,88,8,10,0.29,2,-1,-1
248,-1,356,89,8,8,0.17,2,-1,-1
249,-1,296,98,25,35,0.88,7,-1,-1
249,-1,319,80,13,18,0.86,7,-1,-1
249,-1,365,88,9,10,0.24,2,-1,-1
249,-1,356,89,8,8,0.15,2,-1,-1
250,-1,295,98,24,36,0.88,7,-1,-1
250,-1,319,80,13,19,0.86,7,-1,-1
250,-1,365,88,9,10,0.24,2,-1,-1
250,-1,356,89,8,8,0.16,2,-1,-1
251,-1,293,99,26,37,0.88,7,-1,-1
251,-1,319,81,12,19,0.84,7,-1,-1
252,-1,293,100,26,37,0.89,7,-1,-1
252,-1,319,81,12,19,0.84,7,-1,-1
252,-1,365,87,8,9,0.13,2,-1,-1
253,-1,292,100,26,38,0.89,7,-1,-1
253,-1,319,82,12,18,0.82,7,-1,-1
253,-1,364,86,8,10,0.27,2,-1,-1
254,-1,291,101,26,39,0.90,7,-1,-1
254,-1,319,82,12,20,0.84,7,-1,-1
255,-1,290,102,27,40,0.89,7,-1,-1
255,-1,318,82,12,20,0.85,7,-1,-1
256,-1,288,102,28,40,0.89,7,-1,-1
256,-1,318,82,13,20,0.85,7,-1,-1
257,-1,288,102,28,42,0.88,7,-1,-1
257,-1,318,82,13,20,0.85,7,-1,-1
258,-1,287,103,28,42,0.88,7,-1,-1
258,-1,317,83,13,21,0.85,7,-1,-1
259,-1,285,104,30,43,0.89,7,-1,-1
259,-1,317,82,13,21,0.85,7,-1,-1
260,-1,284,104,30,44,0.89,7,-1,-1
260,-1,317,83,14,21,0.84,7,-1,-1
261,-1,282,105,32,45,0.90,7,-1,-1
261,-1,316,83,14,21,0.85,7,-1,-1
262,-1,281,105,32,46,0.90,7,-1,-1
262,-1,316,84,14,21,0.87,7,-1,-1
263,-1,279,106,34,47,0.90,7,-1,-1
263,-1,315,84,14,20,0.87,7,-1,-1
264,-1,279,107,34,48,0.90,7,-1,-1
264,-1,316,84,13,21,0.87,7,-1,-1
265,-1,278,108,34,47,0.89,7,-1,-1
265,-1,315,84,14,22,0.87,7,-1,-1
266,-1,276,109,34,48,0.89,7,-1,-1
266,-1,314,85,15,22,0.87,7,-1,-1
267,-1,275,111,34,49,0.90,7,-1,-1
267,-1,314,86,15,22,0.86,7,-1,-1
268,-1,273,111,35,51,0.91,7,-1,-1
268,-1,313,86,16,23,0.86,7,-1,-1
269,-1,271,112,36,53,0.90,7,-1,-1
269,-1,312,86,16,23,0.86,7,-1,-1
270,-1,270,113,36,53,0.90,7,-1,-1
270,-1,312,86,16,23,0.86,7,-1,-1
271,-1,268,114,38,54,0.90,7,-1,-1
271,-1,312,87,16,24,0.86,7,-1,-1
272,-1,266,115,38,55,0.91,7,-1,-1
272,-1,312,88,16,24,0.87,7,-1,-1
273,-1,264,116,38,57,0.90,7,-1,-1
273,-1,311,88,16,24,0.87,7,-1,-1
274,-1,263,117,38,58,0.90,7,-1,-1
274,-1,311,88,16,24,0.87,7,-1,-1
275,-1,262,118,39,60,0.90,7,-1,-1
275,-1,310,89,17,25,0.86,7,-1,-1
276,-1,260,119,40,61,0.90,7,-1,-1
276,-1,310,89,16,25,0.87,7,-1,-1
277,-1,257,120,42,64,0.90,7,-1,-1
277,-1,310,90,17,25,0.86,7,-1,-1
278,-1,255,122,43,64,0.90,7,-1,-1
278,-1,309,90,18,25,0.86,7,-1,-1
279,-1,253,124,44,66,0.91,7,-1,-1
279,-1,309,90,17,26,0.86,7,-1,-1
280,-1,250,126,46,68,0.92,7,-1,-1
280,-1,308,90,18,26,0.87,7,-1,-1
281,-1,248,127,46,70,0.92,7,-1,-1
281,-1,308,91,18,27,0.86,7,-1,-1
282,-1,245,128,48,71,0.92,7,-1,-1
282,-1,307,92,18,28,0.86,7,-1,-1
283,-1,242,130,50,74,0.91,7,-1,-1
283,-1,306,92,19,28,0.85,7,-1,-1
284,-1,240,132,50,76,0.92,7,-1,-1
284,-1,306,92,19,28,0.85,7,-1,-1
285,-1,237,133,52,80,0.92,7,-1,-1
285,-1,305,92,19,29,0.88,7,-1,-1
286,-1,234,134,54,81,0.91,7,-1,-1
286,-1,304,93,20,29,0.88,7,-1,-1
287,-1,230,136,56,86,0.92,7,-1,-1
287,-1,304,93,20,29,0.88,7,-1,-1
288,-1,226,138,58,88,0.91,7,-1,-1
288,-1,304,94,20,29,0.87,7,-1,-1
289,-1,222,141,60,92,0.92,7,-1,-1
289,-1,303,94,20,30,0.87,7,-1,-1
290,-1,218,142,64,96,0.92,7,-1,-1
290,-1,302,95,20,30,0.88,7,-1,-1
291,-1,213,144,66,101,0.92,7,-1,-1
291,-1,302,96,20,31,0.88,7,-1,-1
292,-1,208,146,70,105,0.92,7,-1,-1
292,-1,302,96,20,31,0.88,7,-1,-1
293,-1,201,149,74,111,0.93,7,-1,-1
293,-1,300,97,21,32,0.89,7,-1,-1
294,-1,198,151,76,115,0.93,7,-1,-1
294,-1,300,98,21,31,0.88,7,-1,-1
295,-1,190,154,81,122,0.93,7,-1,-1
295,-1,525,474,92,65,0.89,2,-1,-1
295,-1,300,99,21,31,0.88,7,-1,-1
296,-1,184,156,84,128,0.92,7,-1,-1
296,-1,512,442,80,77,0.91,2,-1,-1
296,-1,299,99,20,32,0.88,7,-1,-1
297,-1,175,160,90,136,0.93,7,-1,-1
297,-1,496,399,68,67,0.92,2,-1,-1
297,-1,298,100,22,32,0.88,7,-1,-1
298,-1,168,162,94,144,0.94,7,-1,-1
298,-1,486,373,62,62,0.92,2,-1,-1
298,-1,298,101,21,32,0.87,7,-1,-1
299,-1,157,167,102,155,0.93,7,-1,-1
299,-1,474,343,54,55,0.91,2,-1,-1
299,-1,297,101,22,33,0.87,7,-1,-1
300,-1,145,172,111,170,0.93,7,-1,-1
300,-1,465,316,48,51,0.90,2,-1,-1
300,-1,295,102,22,34,0.88,7,-1,-1
301,-1,136,175,118,179,0.92,7,-1,-1
301,-1,460,301,44,48,0.91,2,-1,-1
301,-1,295,102,22,34,0.88,7,-1,-1
302,-1,126,179,125,191,0.92,7,-1,-1
302,-1,452,287,42,46,0.91,2,-1,-1
302,-1,294,103,24,34,0.89,7,-1,-1
303,-1,109,185,139,207,0.92,7,-1,-1
303,-1,442,270,40,42,0.90,2,-1,-1
303,-1,292,104,24,35,0.89,7,-1,-1
304,-1,93,190,149,232,0.94,7,-1,-1
304,-1,436,254,36,41,0.91,2,-1,-1
304,-1,290,104,25,37,0.89,7,-1,-1
305,-1,79,189,160,252,0.92,7,-1,-1
305,-1,432,246,36,38,0.90,2,-1,-1
305,-1,290,105,25,37,0.89,7,-1,-1
306,-1,61,202,174,262,0.92,7,-1,-1
306,-1,426,238,36,37,0.90,2,-1,-1
306,-1,290,105,25,37,0.88,7,-1,-1
307,-1,35,206,194,294,0.96,7,-1,-1
307,-1,423,227,32,34,0.90,2,-1,-1
307,-1,289,106,26,40,0.88,7,-1,-1
308,-1,12,216,214,314,0.96,7,-1,-1
308,-1,420,220,32,32,0.90,2,-1,-1
308,-1,288,107,26,40,0.88,7,-1,-1
309,-1,7,225,210,310,0.94,7,-1,-1
309,-1,416,212,28,32,0.88,2,-1,-1
309,-1,288,108,26,40,0.88,7,-1,-1
310,-1,5,228,206,306,0.93,7,-1,-1
310,-1,412,206,30,31,0.89,2,-1,-1
310,-1,286,108,26,40,0.88,7,-1,-1
311,-1,3,245,200,292,0.93,7,-1,-1
311,-1,284,110,28,42,0.88,7,-1,-1
311,-1,410,198,28,29,0.88,2,-1,-1
312,-1,3,252,192,288,0.92,7,-1,-1
312,-1,282,111,29,42,0.88,7,-1,-1
312,-1,407,194,26,28,0.88,2,-1,-1
312,-1,134,250,60,55,0.14,2,-1,-1
313,-1,280,113,30,42,0.89,7,-1,-1
313,-1,406,188,24,26,0.87,2,-1,-1
314,-1,280,113,30,43,0.89,7,-1,-1
314,-1,404,184,24,25,0.89,2,-1,-1
314,-1,432,488,82,52,0.87,2,-1,-1
315,-1,423,438,76,76,0.92,2,-1,-1
315,-1,278,115,30,43,0.89,7,-1,-1
315,-1,402,178,22,25,0.87,2,-1,-1
316,-1,5,310,144,230,0.93,7,-1,-1
316,-1,418,410,72,68,0.92,2,-1,-1
316,-1,278,115,30,44,0.89,7,-1,-1
316,-1,400,174,22,24,0.85,2,-1,-1
317,-1,412,373,60,58,0.91,2,-1,-1
317,-1,4,336,128,204,0.90,7,-1,-1
317,-1,276,117,32,45,0.89,7,-1,-1
317,-1,396,170,24,24,0.87,2,-1,-1
318,-1,408,352,56,54,0.91,2,-1,-1
318,-1,275,118,32,45,0.89,7,-1,-1
318,-1,394,166,24,25,0.86,2,-1,-1
319,-1,274,118,32,47,0.90,7,-1,-1
319,-1,403,323,50,49,0.89,2,-1,-1
319,-1,3,385,88,153,0.87,7,-1,-1
319,-1,392,163,24,24,0.85,2,-1,-1
320,-1,272,119,33,47,0.90,7,-1,-1
320,-1,400,308,46,46,0.89,2,-1,-1
320,-1,392,161,22,22,0.83,2,-1,-1
320,-1,5,417,66,122,0.82,7,-1,-1
321,-1,395,288,42,42,0.91,2,-1,-1
321,-1,271,121,32,48,0.90,7,-1,-1
321,-1,391,156,20,21,0.86,2,-1,-1
321,-1,4,495,31,44,0.23,2,-1,-1
322,-1,270,123,32,49,0.90,7,-1,-1
322,-1,393,276,40,40,0.89,2,-1,-1
322,-1,390,154,20,21,0.86,2,-1,-1
323,-1,389,260,40,36,0.91,2,-1,-1
323,-1,266,124,34,52,0.90,7,-1,-1
323,-1,387,150,20,20,0.84,2,-1,-1
324,-1,388,250,36,35,0.90,2,-1,-1
324,-1,265,125,34,52,0.90,7,-1,-1
324,-1,386,149,20,20,0.85,2,-1,-1
325,-1,386,238,32,32,0.90,2,-1,-1
325,-1,263,125,36,55,0.90,7,-1,-1
325,-1,385,144,20,21,0.85,2,-1,-1
326,-1,262,127,36,56,0.90,7,-1,-1
326,-1,383,228,32,33,0.89,2,-1,-1
326,-1,384,142,20,20,0.84,2,-1,-1
327,-1,259,128,38,57,0.90,7,-1,-1
327,-1,380,221,32,29,0.89,2,-1,-1
327,-1,384,140,18,20,0.86,2,-1,-1
328,-1,257,130,38,58,0.90,7,-1,-1
328,-1,380,215,30,28,0.90,2,-1,-1
328,-1,383,138,18,20,0.85,2,-1,-1
329,-1,254,132,39,59,0.90,7,-1,-1
329,-1,378,207,28,27,0.89,2,-1,-1
329,-1,380,135,20,20,0.85,2,-1,-1
330,-1,252,134,40,61,0.90,7,-1,-1
330,-1,377,200,26,26,0.89,2,-1,-1
330,-1,380,134,18,18,0.85,2,-1,-1
331,-1,250,136,40,62,0.90,7,-1,-1
331,-1,375,196,26,24,0.89,2,-1,-1
331,-1,379,132,18,18,0.84,2,-1,-1
332,-1,247,138,42,64,0.91,7,-1,-1
332,-1,374,191,28,24,0.88,2,-1,-1
332,-1,380,131,16,17,0.84,2,-1,-1
333,-1,243,140,44,68,0.91,7,-1,-1
333,-1,373,184,26,23,0.88,2,-1,-1
333,-1,380,128,16,18,0.84,2,-1,-1
334,-1,241,142,44,68,0.92,7,-1,-1
334,-1,372,178,23,22,0.88,2,-1,-1
334,-1,378,127,16,17,0.84,2,-1,-1
335,-1,238,144,46,70,0.91,7,-1,-1
335,-1,371,176,24,22,0.88,2,-1,-1
335,-1,378,125,16,18,0.83,2,-1,-1
336,-1,236,146,47,72,0.91,7,-1,-1
336,-1,370,172,23,22,0.87,2,-1,-1
336,-1,377,124,16,17,0.83,2,-1,-1
337,-1,231,148,50,77,0.92,7,-1,-1
337,-1,369,167,23,22,0.85,2,-1,-1
337,-1,376,122,16,16,0.83,2,-1,-1
338,-1,228,150,52,80,0.92,7,-1,-1
338,-1,368,163,22,22,0.86,2,-1,-1
338,-1,377,122,14,15,0.84,2,-1,-1
339,-1,223,154,52,82,0.91,7,-1,-1
339,-1,368,159,22,22,0.85,2,-1,-1
339,-1,375,120,16,15,0.84,2,-1,-1
340,-1,218,157,56,86,0.91,7,-1,-1
340,-1,366,156,22,20,0.87,2,-1,-1
340,-1,374,117,15,16,0.83,2,-1,-1
341,-1,214,161,57,87,0.92,7,-1,-1
341,-1,366,154,21,20,0.86,2,-1,-1
341,-1,374,117,15,15,0.83,2,-1,-1
342,-1,209,164,60,90,0.92,7,-1,-1
342,-1,366,151,20,20,0.86,2,-1,-1
342,-1,374,117,15,15,0.83,2,-1,-1
343,-1,203,167,64,97,0.92,7,-1,-1
343,-1,365,147,20,20,0.86,2,-1,-1
343,-1,373,115,15,15,0.85,2,-1,-1
344,-1,198,172,67,99,0.92,7,-1,-1
344,-1,364,146,19,20,0.86,2,-1,-1
344,-1,373,115,14,15,0.85,2,-1,-1
345,-1,191,175,70,106,0.92,7,-1,-1
345,-1,365,142,18,18,0.86,2,-1,-1
345,-1,372,114,14,14,0.84,2,-1,-1
346,-1,184,178,74,112,0.93,7,-1,-1
346,-1,364,141,18,18,0.85,2,-1,-1
346,-1,372,113,14,14,0.83,2,-1,-1
347,-1,175,182,80,121,0.93,7,-1,-1
347,-1,364,138,18,18,0.85,2,-1,-1
347,-1,372,111,14,14,0.82,2,-1,-1
348,-1,168,186,84,127,0.93,7,-1,-1
348,-1,363,137,18,18,0.85,2,-1,-1
348,-1,371,110,14,14,0.81,2,-1,-1
349,-1,157,192,89,137,0.93,7,-1,-1
349,-1,363,135,18,17,0.85,2,-1,-1
349,-1,371,109,13,13,0.82,2,-1,-1
350,-1,148,198,94,144,0.93,7,-1,-1
350,-1,362,133,18,18,0.84,2,-1,-1
350,-1,371,108,13,13,0.82,2,-1,-1
351,-1,134,206,102,155,0.93,7,-1,-1
351,-1,362,131,16,16,0.84,2,-1,-1
351,-1,371,107,12,12,0.79,2,-1,-1
352,-1,125,211,106,166,0.94,7,-1,-1
352,-1,362,130,16,16,0.84,2,-1,-1
352,-1,370,107,13,12,0.81,2,-1,-1
353,-1,107,221,116,182,0.92,7,-1,-1
353,-1,362,128,16,16,0.84,2,-1,-1
353,-1,370,106,12,12,0.79,2,-1,-1
354,-1,94,228,124,195,0.93,7,-1,-1
354,-1,362,127,16,16,0.83,2,-1,-1
354,-1,370,105,12,12,0.77,2,-1,-1
355,-1,72,239,138,216,0.93,7,-1,-1
355,-1,361,125,16,16,0.81,2,-1,-1
355,-1,370,104,12,12,0.78,2,-1,-1
356,-1,55,248,148,234,0.94,7,-1,-1
356,-1,360,123,16,16,0.82,2,-1,-1
356,-1,369,104,12,12,0.78,2,-1,-1
357,-1,30,266,159,258,0.94,7,-1,-1
357,-1,360,121,16,16,0.82,2,-1,-1
357,-1,369,103,12,12,0.77,2,-1,-1
358,-1,10,274,172,262,0.92,7,-1,-1
358,-1,360,121,15,16,0.83,2,-1,-1
358,-1,369,102,12,12,0.77,2,-1,-1
359,-1,360,119,15,15,0.82,2,-1,-1
359,-1,368,101,12,12,0.76,2,-1,-1
360,-1,5,308,153,232,0.94,7,-1,-1
360,-1,360,118,14,15,0.81,2,-1,-1
360,-1,368,101,11,12,0.77,2,-1,-1
361,-1,360,116,14,14,0.80,2,-1,-1
361,-1,368,100,12,12,0.77,2,-1,-1
362,-1,359,116,14,14,0.82,2,-1,-1
362,-1,368,99,11,12,0.79,2,-1,-1
363,-1,5,391,95,149,0.92,7,-1,-1
363,-1,359,114,14,14,0.82,2,-1,-1
363,-1,368,99,10,12,0.79,2,-1,-1
364,-1,4,423,72,116,0.89,7,-1,-1
364,-1,359,113,14,14,0.79,2,-1,-1
364,-1,367,98,12,12,0.79,2,-1,-1
365,-1,358,112,13,14,0.80,2,-1,-1
365,-1,368,97,10,11,0.75,2,-1,-1
366,-1,358,111,14,14,0.81,2,-1,-1
366,-1,368,97,10,11,0.70,2,-1,-1
367,-1,359,109,12,14,0.79,2,-1,-1
367,-1,367,96,10,11,0.65,2,-1,-1
368,-1,359,109,12,13,0.80,2,-1,-1
368,-1,367,95,10,10,0.60,2,-1,-1
369,-1,359,108,12,13,0.82,2,-1,-1
369,-1,367,95,10,11,0.61,2,-1,-1
370,-1,358,108,13,14,0.82,2,-1,-1
370,-1,367,94,10,10,0.62,2,-1,-1
371,-1,358,106,12,13,0.82,2,-1,-1
371,-1,367,94,10,10,0.68,2,-1,-1
372,-1,358,105,12,13,0.82,2,-1,-1
372,-1,367,93,10,10,0.69,2,-1,-1
373,-1,358,104,13,13,0.79,2,-1,-1
373,-1,366,92,10,10,0.70,2,-1,-1
374,-1,358,104,12,12,0.79,2,-1,-1
374,-1,366,92,10,10,0.70,2,-1,-1
375,-1,357,103,13,13,0.76,2,-1,-1
375,-1,366,92,10,10,0.61,2,-1,-1
376,-1,357,102,13,13,0.76,2,-1,-1
376,-1,365,91,10,9,0.62,2,-1,-1
377,-1,357,102,12,12,0.78,2,-1,-1
377,-1,365,91,10,10,0.62,2,-1,-1
377,-1,334,86,8,8,0.12,2,-1,-1
378,-1,357,101,12,12,0.75,2,-1,-1
378,-1,365,91,10,9,0.55,2,-1,-1
378,-1,334,86,8,8,0.11,2,-1,-1
379,-1,357,101,12,12,0.77,2,-1,-1
379,-1,365,90,10,10,0.57,2,-1,-1
379,-1,334,86,8,8,0.11,2,-1,-1
380,-1,357,100,12,12,0.77,2,-1,-1
380,-1,364,89,10,10,0.58,2,-1,-1
380,-1,334,86,8,8,0.15,2,-1,-1
381,-1,357,99,12,12,0.68,2,-1,-1
381,-1,364,89,10,9,0.38,2,-1,-1
382,-1,357,99,12,12,0.75,2,-1,-1
382,-1,364,89,10,8,0.34,2,-1,-1
382,-1,333,87,9,9,0.31,2,-1,-1
383,-1,357,98,12,12,0.72,2,-1,-1
383,-1,364,87,9,10,0.28,2,-1,-1
383,-1,332,87,9,8,0.18,2,-1,-1
384,-1,356,97,12,11,0.61,2,-1,-1
384,-1,364,87,10,9,0.27,2,-1,-1
384,-1,332,87,9,8,0.18,2,-1,-1
385,-1,356,95,12,11,0.68,2,-1,-1
385,-1,332,88,10,9,0.34,2,-1,-1
385,-1,364,87,9,9,0.25,2,-1,-1
386,-1,356,95,12,11,0.68,2,-1,-1
386,-1,332,88,10,9,0.33,2,-1,-1
386,-1,364,87,9,9,0.25,2,-1,-1
387,-1,356,95,12,11,0.68,2,-1,-1
387,-1,332,89,10,9,0.26,2,-1,-1
387,-1,363,86,10,9,0.17,2,-1,-1
388,-1,357,94,10,11,0.44,2,-1,-1
388,-1,332,89,10,9,0.26,2,-1,-1
388,-1,363,86,10,9,0.16,2,-1,-1
389,-1,357,94,10,11,0.58,2,-1,-1
389,-1,363,85,10,10,0.24,2,-1,-1
390,-1,357,93,10,11,0.59,2,-1,-1
390,-1,363,85,10,10,0.21,2,-1,-1
391,-1,356,92,10,10,0.61,2,-1,-1
391,-1,362,85,9,9,0.18,2,-1,-1
391,-1,332,90,10,10,0.11,2,-1,-1
392,-1,356,92,10,10,0.60,2,-1,-1
392,-1,331,90,10,10,0.41,2,-1,-1
392,-1,362,85,9,9,0.18,2,-1,-1
393,-1,356,92,10,10,0.44,2,-1,-1
393,-1,330,92,10,10,0.29,2,-1,-1
393,-1,362,85,10,9,0.13,2,-1,-1
394,-1,356,90,10,10,0.45,2,-1,-1
394,-1,330,92,10,10,0.29,2,-1,-1
394,-1,361,85,10,9,0.12,2,-1,-1
395,-1,330,92,10,11,0.68,2,-1,-1
395,-1,356,90,10,10,0.43,2,-1,-1
395,-1,362,85,9,9,0.12,2,-1,-1
396,-1,330,93,10,11,0.67,2,-1,-1
397,-1,330,94,10,10,0.71,2,-1,-1
397,-1,356,90,10,9,0.12,2,-1,-1
398,-1,329,94,11,11,0.70,2,-1,-1
398,-1,356,89,10,10,0.15,2,-1,-1
399,-1,329,94,11,11,0.65,2,-1,-1
400,-1,329,95,10,11,0.74,2,-1,-1
401,-1,329,95,10,11,0.74,2,-1,-1
402,-1,328,97,11,11,0.68,2,-1,-1
403,-1,328,96,12,11,0.67,2,-1,-1
404,-1,328,98,12,12,0.68,2,-1,-1
405,-1,328,98,12,12,0.76,2,-1,-1
406,-1,328,98,12,12,0.76,2,-1,-1
407,-1,327,99,12,12,0.80,2,-1,-1
408,-1,327,100,12,12,0.80,2,-1,-1
409,-1,326,101,12,11,0.81,2,-1,-1
410,-1,326,102,12,12,0.80,2,-1,-1
411,-1,326,103,12,12,0.81,2,-1,-1
412,-1,326,103,12,12,0.81,2,-1,-1
413,-1,326,104,12,12,0.82,2,-1,-1
414,-1,325,105,12,12,0.82,2,-1,-1
415,-1,325,106,12,12,0.82,2,-1,-1
416,-1,324,107,12,13,0.83,2,-1,-1
417,-1,324,108,12,13,0.83,2,-1,-1
418,-1,324,109,12,13,0.81,2,-1,-1
419,-1,322,110,14,13,0.79,2,-1,-1
420,-1,322,110,13,14,0.80,2,-1,-1
420,-1,333,87,10,9,0.19,2,-1,-1
421,-1,322,111,14,14,0.80,2,-1,-1
421,-1,333,87,10,9,0.13,2,-1,-1
422,-1,321,113,14,14,0.81,2,-1,-1
423,-1,321,113,14,14,0.81,2,-1,-1
424,-1,320,114,14,14,0.81,2,-1,-1
425,-1,320,115,14,14,0.80,2,-1,-1
425,-1,333,89,9,9,0.12,2,-1,-1
426,-1,320,117,14,14,0.82,2,-1,-1
426,-1,333,89,9,9,0.11,2,-1,-1
427,-1,319,118,14,14,0.83,2,-1,-1
428,-1,318,120,15,14,0.84,2,-1,-1
429,-1,317,120,16,15,0.84,2,-1,-1
429,-1,332,88,10,11,0.29,2,-1,-1
430,-1,318,122,14,14,0.85,2,-1,-1
430,-1,332,89,10,12,0.48,2,-1,-1
431,-1,317,124,16,15,0.83,2,-1,-1
431,-1,332,89,10,12,0.63,2,-1,-1
432,-1,316,125,16,15,0.82,2,-1,-1
432,-1,332,89,10,12,0.65,2,-1,-1
432,-1,322,82,9,13,0.10,2,-1,-1
433,-1,316,127,15,14,0.82,2,-1,-1
433,-1,332,90,10,12,0.57,2,-1,-1
434,-1,315,129,16,15,0.84,2,-1,-1
434,-1,332,90,10,12,0.57,2,-1,-1
434,-1,321,82,10,13,0.12,2,-1,-1
435,-1,314,130,16,16,0.84,2,-1,-1
435,-1,332,90,10,12,0.68,2,-1,-1
435,-1,321,82,10,13,0.12,2,-1,-1
436,-1,313,131,16,16,0.83,2,-1,-1
436,-1,331,91,10,12,0.45,2,-1,-1
437,-1,312,133,17,16,0.84,2,-1,-1
437,-1,331,91,10,12,0.45,2,-1,-1
438,-1,312,136,17,16,0.85,2,-1,-1
438,-1,330,91,11,13,0.67,2,-1,-1
438,-1,320,84,10,12,0.14,2,-1,-1
439,-1,309,140,18,17,0.84,2,-1,-1
439,-1,330,91,12,14,0.62,2,-1,-1
439,-1,320,82,10,16,0.16,2,-1,-1
440,-1,310,140,17,17,0.84,2,-1,-1
440,-1,330,91,12,14,0.62,2,-1,-1
440,-1,320,82,10,16,0.16,2,-1,-1
441,-1,309,142,18,17,0.85,2,-1,-1
441,-1,330,92,12,14,0.62,2,-1,-1
441,-1,320,82,10,16,0.14,2,-1,-1
442,-1,307,145,18,17,0.84,2,-1,-1
442,-1,329,94,12,14,0.62,2,-1,-1
442,-1,320,82,10,17,0.17,7,-1,-1
443,-1,307,146,18,18,0.84,2,-1,-1
443,-1,329,94,12,14,0.62,2,-1,-1
443,-1,320,81,10,17,0.16,7,-1,-1
444,-1,305,149,19,19,0.86,2,-1,-1
444,-1,330,94,12,14,0.74,2,-1,-1
444,-1,319,82,11,16,0.32,2,-1,-1
445,-1,304,152,20,19,0.85,2,-1,-1
445,-1,329,94,12,15,0.75,2,-1,-1
445,-1,319,84,10,14,0.31,2,-1,-1
446,-1,301,158,20,20,0.86,2,-1,-1
446,-1,329,95,12,14,0.78,2,-1,-1
446,-1,318,85,10,14,0.25,2,-1,-1
447,-1,301,158,20,20,0.86,2,-1,-1
447,-1,329,95,12,14,0.78,2,-1,-1
447,-1,318,85,10,14,0.25,2,-1,-1
448,-1,300,162,21,20,0.87,2,-1,-1
448,-1,328,97,12,14,0.74,2,-1,-1
448,-1,318,85,10,15,0.21,2,-1,-1
449,-1,298,165,22,20,0.86,2,-1,-1
449,-1,328,97,12,15,0.74,2,-1,-1
449,-1,318,86,10,14,0.20,2,-1,-1
450,-1,296,170,22,21,0.88,2,-1,-1
450,-1,328,98,12,14,0.79,2,-1,-1
450,-1,318,85,10,15,0.34,2,-1,-1
451,-1,295,172,22,22,0.87,2,-1,-1
451,-1,328,99,12,14,0.77,2,-1,-1
451,-1,318,85,10,15,0.23,2,-1,-1
452,-1,292,178,24,23,0.89,2,-1,-1
452,-1,327,100,12,14,0.70,2,-1,-1
452,-1,318,86,10,14,0.36,2,-1,-1
453,-1,290,181,24,24,0.87,2,-1,-1
453,-1,327,102,12,14,0.75,2,-1,-1
453,-1,318,87,10,14,0.31,2,-1,-1
453,-1,331,94,10,9,0.22,2,-1,-1
454,-1,288,188,25,24,0.88,2,-1,-1
454,-1,326,101,13,15,0.73,2,-1,-1
454,-1,318,86,10,16,0.25,2,-1,-1
454,-1,329,94,12,10,0.17,2,-1,-1
455,-1,286,191,26,26,0.88,2,-1,-1
455,-1,326,100,14,16,0.69,2,-1,-1
455,-1,317,86,11,17,0.14,2,-1,-1
456,-1,283,198,26,28,0.90,2,-1,-1
456,-1,325,103,14,16,0.76,2,-1,-1
456,-1,318,86,10,17,0.39,7,-1,-1
457,-1,280,204,28,28,0.89,2,-1,-1
457,-1,325,103,14,16,0.76,2,-1,-1
457,-1,317,88,10,15,0.35,2,-1,-1
458,-1,273,218,30,31,0.89,2,-1,-1
458,-1,324,106,14,14,0.80,2,-1,-1
458,-1,316,90,10,16,0.28,2,-1,-1
459,-1,273,218,30,31,0.89,2,-1,-1
459,-1,324,106,14,14,0.80,2,-1,-1
459,-1,316,90,10,16,0.28,2,-1,-1
460,-1,268,227,32,34,0.89,2,-1,-1
460,-1,324,107,13,14,0.77,2,-1,-1
460,-1,316,90,10,16,0.33,2,-1,-1
460,-1,328,100,11,8,0.30,2,-1,-1
461,-1,264,234,34,36,0.91,2,-1,-1
461,-1,323,108,14,15,0.74,2,-1,-1
461,-1,328,100,11,9,0.46,2,-1,-1
461,-1,315,88,12,18,0.39,7,-1,-1
462,-1,258,247,36,40,0.91,2,-1,-1
462,-1,315,88,12,18,0.74,7,-1,-1
462,-1,323,110,14,14,0.73,2,-1,-1
462,-1,328,100,11,9,0.65,2,-1,-1
463,-1,254,256,38,42,0.92,2,-1,-1
463,-1,328,100,11,10,0.75,2,-1,-1
463,-1,322,112,14,14,0.73,2,-1,-1
463,-1,314,87,12,19,0.71,7,-1,-1
464,-1,246,272,42,47,0.91,2,-1,-1
464,-1,328,100,11,10,0.76,2,-1,-1
464,-1,322,113,14,14,0.73,2,-1,-1
464,-1,314,88,12,19,0.47,7,-1,-1
465,-1,240,284,44,51,0.92,2,-1,-1
465,-1,322,113,14,14,0.78,2,-1,-1
465,-1,328,100,11,11,0.77,2,-1,-1
465,-1,314,90,12,18,0.41,2,-1,-1
466,-1,230,306,48,56,0.91,2,-1,-1
466,-1,321,115,14,14,0.79,2,-1,-1
466,-1,328,101,11,11,0.75,2,-1,-1
466,-1,313,90,12,18,0.35,2,-1,-1
467,-1,221,322,52,61,0.91,2,-1,-1
467,-1,321,115,14,14,0.78,2,-1,-1
467,-1,328,102,10,10,0.68,2,-1,-1
467,-1,313,90,12,18,0.33,2,-1,-1
468,-1,208,350,58,72,0.93,2,-1,-1
468,-1,320,117,14,14,0.77,2,-1,-1
468,-1,327,104,11,10,0.72,2,-1,-1
468,-1,312,90,13,19,0.42,2,-1,-1
469,-1,196,370,64,81,0.92,2,-1,-1
469,-1,320,118,15,15,0.80,2,-1,-1
469,-1,326,105,11,11,0.61,2,-1,-1
469,-1,311,90,14,19,0.47,2,-1,-1
470,-1,178,410,73,96,0.92,2,-1,-1
470,-1,326,104,12,12,0.81,2,-1,-1
470,-1,319,120,14,14,0.80,2,-1,-1
470,-1,312,91,13,18,0.52,2,-1,-1
471,-1,326,105,12,12,0.82,2,-1,-1
471,-1,318,120,16,14,0.76,2,-1,-1
471,-1,312,91,13,19,0.54,2,-1,-1
472,-1,318,122,14,15,0.84,2,-1,-1
472,-1,325,106,12,12,0.79,2,-1,-1
472,-1,311,91,13,20,0.54,2,-1,-1
473,-1,318,122,14,15,0.84,2,-1,-1
473,-1,325,107,12,12,0.79,2,-1,-1
473,-1,311,91,13,20,0.52,2,-1,-1
474,-1,316,124,16,16,0.78,2,-1,-1
474,-1,324,107,12,12,0.77,2,-1,-1
474,-1,310,92,14,20,0.43,7,-1,-1
475,-1,316,125,16,16,0.80,2,-1,-1
475,-1,324,108,12,12,0.79,2,-1,-1
475,-1,310,92,14,20,0.47,2,-1,-1
476,-1,315,127,16,15,0.82,2,-1,-1
476,-1,324,109,12,12,0.74,2,-1,-1
476,-1,309,93,14,21,0.50,7,-1,-1
477,-1,315,127,16,16,0.81,2,-1,-1
477,-1,324,109,12,13,0.81,2,-1,-1
477,-1,309,93,14,20,0.42,7,-1,-1
478,-1,313,129,17,17,0.81,2,-1,-1
478,-1,322,111,13,13,0.81,2,-1,-1
478,-1,308,93,15,22,0.52,7,-1,-1
479,-1,313,131,17,16,0.81,2,-1,-1
479,-1,322,112,14,13,0.77,2,-1,-1
479,-1,308,93,15,23,0.55,7,-1,-1
480,-1,311,133,18,17,0.82,2,-1,-1
480,-1,306,93,16,23,0.76,7,-1,-1
480,-1,322,113,13,13,0.76,2,-1,-1
481,-1,311,135,18,16,0.83,2,-1,-1
481,-1,321,114,14,13,0.77,2,-1,-1
481,-1,306,94,16,24,0.75,7,-1,-1
482,-1,306,94,16,23,0.82,7,-1,-1
482,-1,320,115,14,14,0.82,2,-1,-1
482,-1,310,138,18,17,0.82,2,-1,-1
483,-1,309,138,18,18,0.83,2,-1,-1
483,-1,306,94,16,23,0.83,7,-1,-1
483,-1,320,116,14,14,0.82,2,-1,-1
484,-1,308,140,18,18,0.85,2,-1,-1
484,-1,320,116,14,14,0.81,2,-1,-1
484,-1,306,95,16,24,0.67,7,-1,-1
485,-1,308,143,18,18,0.85,2,-1,-1
485,-1,320,118,14,14,0.83,2,-1,-1
485,-1,305,96,16,24,0.81,7,-1,-1
486,-1,306,144,19,20,0.85,2,-1,-1
486,-1,319,120,14,13,0.83,2,-1,-1
486,-1,305,97,16,24,0.79,7,-1,-1
487,-1,304,146,20,20,0.86,2,-1,-1
487,-1,318,120,14,14,0.83,2,-1,-1
487,-1,304,97,17,25,0.75,7,-1,-1
488,-1,303,148,20,21,0.86,2,-1,-1
488,-1,318,121,14,15,0.85,2,-1,-1
488,-1,304,97,17,25,0.75,7,-1,-1
489,-1,302,152,20,20,0.86,2,-1,-1
489,-1,318,121,15,16,0.86,2,-1,-1
489,-1,303,97,17,25,0.82,7,-1,-1
490,-1,300,156,21,20,0.87,2,-1,-1
490,-1,316,123,16,16,0.84,2,-1,-1
490,-1,303,99,16,25,0.58,7,-1,-1
491,-1,300,156,20,22,0.87,2,-1,-1
491,-1,315,126,16,15,0.82,2,-1,-1
491,-1,303,99,16,25,0.55,7,-1,-1
492,-1,298,160,21,22,0.87,2,-1,-1
492,-1,314,127,16,16,0.83,2,-1,-1
492,-1,302,100,16,25,0.82,7,-1,-1
493,-1,297,163,22,22,0.86,2,-1,-1
493,-1,314,128,16,16,0.84,2,-1,-1
493,-1,301,102,16,24,0.71,7,-1,-1
494,-1,295,168,22,23,0.87,2,-1,-1
494,-1,313,130,16,17,0.83,2,-1,-1
494,-1,300,103,17,24,0.57,7,-1,-1
495,-1,294,170,23,24,0.87,2,-1,-1
495,-1,312,130,17,18,0.84,2,-1,-1
495,-1,300,104,16,24,0.46,7,-1,-1
496,-1,290,174,24,25,0.88,2,-1,-1
496,-1,311,132,18,18,0.85,2,-1,-1
496,-1,300,104,17,24,0.51,7,-1,-1
497,-1,290,178,24,26,0.87,2,-1,-1
497,-1,310,135,17,18,0.85,2,-1,-1
497,-1,299,104,18,24,0.85,7,-1,-1
498,-1,286,182,26,28,0.88,2,-1,-1
498,-1,309,136,18,18,0.85,2,-1,-1
498,-1,298,106,18,24,0.83,7,-1,-1
499,-1,284,186,26,28,0.88,2,-1,-1
499,-1,308,138,18,18,0.85,2,-1,-1
499,-1,298,108,18,23,0.55,2,-1,-1
500,-1,281,192,28,30,0.89,2,-1,-1
500,-1,307,140,18,19,0.85,2,-1,-1
500,-1,298,108,18,24,0.66,7,-1,-1
501,-1,280,196,28,32,0.89,2,-1,-1
501,-1,305,141,20,20,0.84,2,-1,-1
501,-1,297,108,18,24,0.78,7,-1,-1
502,-1,276,204,30,32,0.89,2,-1,-1
502,-1,304,146,20,20,0.86,2,-1,-1
502,-1,296,108,18,27,0.85,7,-1,-1
503,-1,272,209,31,33,0.89,2,-1,-1
503,-1,303,146,20,21,0.87,2,-1,-1
503,-1,295,109,19,27,0.83,7,-1,-1
504,-1,268,218,33,36,0.89,2,-1,-1
504,-1,302,149,20,22,0.87,2,-1,-1
504,-1,294,109,20,28,0.84,7,-1,-1
505,-1,264,222,36,39,0.89,2,-1,-1
505,-1,300,152,21,22,0.87,2,-1,-1
505,-1,294,109,19,28,0.86,7,-1,-1
506,-1,261,234,36,40,0.90,2,-1,-1
506,-1,300,156,20,22,0.86,2,-1,-1
506,-1,292,112,20,27,0.81,7,-1,-1
507,-1,256,240,38,42,0.90,2,-1,-1
507,-1,292,111,20,28,0.87,7,-1,-1
507,-1,298,157,22,24,0.86,2,-1,-1
508,-1,250,253,40,47,0.91,2,-1,-1
508,-1,295,160,22,25,0.87,2,-1,-1
508,-1,291,112,20,29,0.86,7,-1,-1
509,-1,245,262,42,50,0.90,2,-1,-1
509,-1,294,163,23,26,0.87,2,-1,-1
509,-1,289,114,22,29,0.81,7,-1,-1
510,-1,238,278,46,55,0.91,2,-1,-1
510,-1,292,168,23,26,0.88,2,-1,-1
510,-1,288,114,22,30,0.86,7,-1,-1
511,-1,233,292,47,59,0.90,2,-1,-1
511,-1,290,170,24,27,0.87,2,-1,-1
511,-1,288,114,22,31,0.87,7,-1,-1
512,-1,223,313,52,66,0.91,2,-1,-1
512,-1,287,174,26,28,0.89,2,-1,-1
512,-1,286,115,23,32,0.87,7,-1,-1
513,-1,215,328,56,72,0.92,2,-1,-1
513,-1,286,115,24,33,0.88,7,-1,-1
513,-1,286,178,26,29,0.88,2,-1,-1
514,-1,202,355,62,83,0.91,2,-1,-1
514,-1,282,183,27,31,0.89,2,-1,-1
514,-1,284,116,24,33,0.88,7,-1,-1
515,-1,192,376,66,92,0.92,2,-1,-1
515,-1,280,187,28,32,0.89,2,-1,-1
515,-1,284,118,24,34,0.88,7,-1,-1
516,-1,174,416,75,105,0.92,2,-1,-1
516,-1,277,192,30,34,0.90,2,-1,-1
516,-1,284,120,22,33,0.88,7,-1,-1
517,-1,160,448,82,92,0.90,2,-1,-1
517,-1,274,195,31,37,0.90,2,-1,-1
517,-1,282,120,24,33,0.87,7,-1,-1
518,-1,271,205,32,36,0.90,2,-1,-1
518,-1,151,504,75,36,0.88,2,-1,-1
518,-1,281,123,24,33,0.86,7,-1,-1
519,-1,269,210,32,38,0.89,2,-1,-1
519,-1,280,123,24,34,0.87,7,-1,-1
520,-1,262,218,36,41,0.90,2,-1,-1
520,-1,279,124,24,35,0.88,7,-1,-1
521,-1,259,220,37,48,0.90,2,-1,-1
521,-1,277,125,26,36,0.88,7,-1,-1
522,-1,254,233,40,48,0.89,2,-1,-1
522,-1,276,126,26,36,0.89,7,-1,-1
523,-1,251,242,40,50,0.90,2,-1,-1
523,-1,274,128,26,37,0.88,7,-1,-1
524,-1,244,255,44,55,0.90,2,-1,-1
524,-1,273,129,26,37,0.88,7,-1,-1
525,-1,236,264,49,61,0.91,2,-1,-1
525,-1,272,130,27,38,0.87,7,-1,-1
526,-1,228,281,52,66,0.91,2,-1,-1
526,-1,270,132,28,38,0.88,7,-1,-1
527,-1,221,294,56,72,0.92,2,-1,-1
527,-1,268,133,29,39,0.88,7,-1,-1
528,-1,209,316,61,80,0.91,2,-1,-1
528,-1,266,134,29,41,0.89,7,-1,-1
529,-1,200,334,65,86,0.92,2,-1,-1
529,-1,264,137,30,40,0.88,7,-1,-1
530,-1,184,362,73,101,0.92,2,-1,-1
530,-1,560,448,80,92,0.90,7,-1,-1
530,-1,263,138,30,43,0.89,7,-1,-1
531,-1,173,386,78,111,0.93,2,-1,-1
531,-1,546,422,92,118,0.92,7,-1,-1
531,-1,262,139,30,43,0.89,7,-1,-1
532,-1,530,388,108,151,0.93,7,-1,-1
532,-1,147,426,92,112,0.92,2,-1,-1
532,-1,259,141,31,45,0.88,7,-1,-1
533,-1,520,369,116,170,0.92,7,-1,-1
533,-1,140,462,90,78,0.90,2,-1,-1
533,-1,257,144,32,45,0.89,7,-1,-1
534,-1,506,345,132,194,0.93,7,-1,-1
534,-1,255,146,32,46,0.89,7,-1,-1
535,-1,500,330,136,198,0.93,7,-1,-1
535,-1,252,147,33,48,0.89,7,-1,-1
536,-1,488,305,132,183,0.93,7,-1,-1
536,-1,250,150,34,48,0.89,7,-1,-1
537,-1,484,297,120,170,0.93,7,-1,-1
537,-1,248,152,34,48,0.89,7,-1,-1
538,-1,474,280,112,155,0.94,7,-1,-1
538,-1,245,156,35,49,0.90,7,-1,-1
539,-1,470,272,104,146,0.94,7,-1,-1
539,-1,241,157,36,51,0.90,7,-1,-1
540,-1,460,259,100,134,0.93,7,-1,-1
540,-1,238,160,38,52,0.90,7,-1,-1
541,-1,458,252,92,126,0.93,7,-1,-1
541,-1,236,162,38,54,0.90,7,-1,-1
542,-1,452,241,86,118,0.93,7,-1,-1
542,-1,231,165,40,56,0.90,7,-1,-1
543,-1,448,235,80,112,0.93,7,-1,-1
543,-1,228,167,41,58,0.90,7,-1,-1
544,-1,443,226,76,105,0.93,7,-1,-1
544,-1,224,171,42,60,0.90,7,-1,-1
545,-1,440,221,72,101,0.93,7,-1,-1
545,-1,220,175,44,60,0.91,7,-1,-1
546,-1,435,213,70,95,0.93,7,-1,-1
546,-1,215,179,46,63,0.91,7,-1,-1
547,-1,433,209,66,91,0.93,7,-1,-1
547,-1,212,182,47,65,0.91,7,-1,-1
548,-1,428,202,64,87,0.93,7,-1,-1
548,-1,206,188,48,68,0.91,7,-1,-1
549,-1,427,198,62,84,0.93,7,-1,-1
549,-1,201,190,50,70,0.91,7,-1,-1
550,-1,424,194,60,82,0.92,7,-1,-1
550,-1,197,193,52,73,0.92,7,-1,-1
551,-1,190,199,55,77,0.92,7,-1,-1
551,-1,422,189,56,78,0.91,7,-1,-1
552,-1,420,186,56,75,0.92,7,-1,-1
552,-1,184,203,58,79,0.91,7,-1,-1
553,-1,175,210,62,84,0.92,7,-1,-1
553,-1,418,182,52,71,0.92,7,-1,-1
554,-1,169,214,63,88,0.92,7,-1,-1
554,-1,416,179,50,70,0.91,7,-1,-1
555,-1,414,175,48,67,0.92,7,-1,-1
555,-1,160,222,66,94,0.92,7,-1,-1
556,-1,152,227,70,99,0.92,7,-1,-1
556,-1,412,172,48,66,0.91,7,-1,-1
556,-1,323,78,10,15,0.17,2,-1,-1
557,-1,141,238,74,104,0.93,7,-1,-1
557,-1,409,169,46,64,0.92,7,-1,-1
557,-1,322,79,11,15,0.25,2,-1,-1
558,-1,131,244,78,110,0.93,7,-1,-1
558,-1,408,166,44,62,0.91,7,-1,-1
558,-1,322,79,11,15,0.39,2,-1,-1
559,-1,117,257,84,118,0.93,7,-1,-1
559,-1,407,163,42,60,0.90,7,-1,-1
559,-1,322,79,11,15,0.41,2,-1,-1
560,-1,107,264,88,126,0.93,7,-1,-1
560,-1,405,161,42,58,0.91,7,-1,-1
561,-1,89,278,96,137,0.92,7,-1,-1
561,-1,403,158,42,56,0.91,7,-1,-1
562,-1,77,286,100,147,0.93,7,-1,-1
562,-1,402,156,40,55,0.90,7,-1,-1
563,-1,55,305,109,162,0.93,7,-1,-1
563,-1,400,153,40,54,0.90,7,-1,-1
564,-1,41,319,116,171,0.92,7,-1,-1
564,-1,400,152,38,52,0.91,7,-1,-1
564,-1,320,79,11,16,0.19,2,-1,-1
565,-1,18,339,124,192,0.92,7,-1,-1
565,-1,398,148,38,51,0.90,7,-1,-1
565,-1,320,80,12,17,0.30,2,-1,-1
566,-1,4,356,126,183,0.92,7,-1,-1
566,-1,398,147,36,50,0.90,7,-1,-1
566,-1,320,80,12,17,0.25,2,-1,-1
567,-1,3,385,110,154,0.93,7,-1,-1
567,-1,396,144,36,50,0.91,7,-1,-1
568,-1,6,407,92,132,0.91,7,-1,-1
568,-1,394,144,36,48,0.91,7,-1,-1
569,-1,395,142,34,48,0.90,7,-1,-1
569,-1,4,431,78,108,0.90,7,-1,-1
569,-1,319,81,12,18,0.12,2,-1,-1
570,-1,394,140,32,46,0.90,7,-1,-1
570,-1,319,80,12,18,0.36,2,-1,-1
570,-1,1,472,52,66,0.11,7,-1,-1
571,-1,392,138,32,45,0.90,7,-1,-1
571,-1,319,80,12,18,0.36,2,-1,-1
572,-1,390,136,32,44,0.90,7,-1,-1
572,-1,318,81,12,19,0.47,7,-1,-1
573,-1,390,135,32,44,0.90,7,-1,-1
573,-1,318,81,12,19,0.47,7,-1,-1
574,-1,388,132,32,42,0.90,7,-1,-1
574,-1,318,82,12,18,0.67,7,-1,-1
575,-1,388,132,32,42,0.90,7,-1,-1
575,-1,318,82,12,19,0.72,7,-1,-1
576,-1,387,130,30,42,0.90,7,-1,-1
576,-1,318,82,12,19,0.70,7,-1,-1
577,-1,386,129,30,41,0.89,7,-1,-1
577,-1,316,81,14,20,0.73,7,-1,-1
578,-1,386,128,28,40,0.90,7,-1,-1
578,-1,316,82,14,20,0.74,7,-1,-1
579,-1,385,126,28,40,0.90,7,-1,-1
579,-1,316,82,14,20,0.75,7,-1,-1
580,-1,384,125,28,39,0.89,7,-1,-1
580,-1,316,82,14,21,0.73,7,-1,-1
581,-1,383,124,28,38,0.89,7,-1,-1
581,-1,316,82,14,21,0.70,7,-1,-1
582,-1,383,123,28,38,0.88,7,-1,-1
582,-1,316,83,14,21,0.74,7,-1,-1
583,-1,382,122,28,37,0.88,7,-1,-1
583,-1,316,82,14,22,0.76,7,-1,-1
584,-1,382,121,28,37,0.89,7,-1,-1
584,-1,315,82,14,23,0.77,7,-1,-1
585,-1,381,120,28,36,0.88,7,-1,-1
585,-1,315,83,14,23,0.79,7,-1,-1
586,-1,380,119,28,36,0.88,7,-1,-1
586,-1,315,83,14,23,0.80,7,-1,-1
586,-1,327,72,10,18,0.11,7,-1,-1
587,-1,380,117,28,36,0.88,7,-1,-1
587,-1,314,85,14,22,0.74,7,-1,-1
588,-1,380,117,26,35,0.88,7,-1,-1
588,-1,312,85,16,22,0.77,7,-1,-1
589,-1,379,116,26,34,0.89,7,-1,-1
589,-1,312,85,16,22,0.74,7,-1,-1
590,-1,380,115,24,34,0.88,7,-1,-1
590,-1,312,86,16,23,0.77,7,-1,-1
591,-1,379,114,24,33,0.89,7,-1,-1
591,-1,312,86,16,23,0.76,7,-1,-1
591,-1,333,89,8,8,0.13,2,-1,-1
592,-1,378,114,24,33,0.88,7,-1,-1
592,-1,312,86,16,24,0.78,7,-1,-1
592,-1,333,89,8,8,0.22,2,-1,-1
593,-1,378,112,24,32,0.88,7,-1,-1
593,-1,311,87,16,23,0.74,7,-1,-1
593,-1,333,90,8,8,0.11,2,-1,-1
594,-1,378,112,24,32,0.88,7,-1,-1
594,-1,311,87,16,24,0.81,7,-1,-1
595,-1,376,111,24,31,0.88,7,-1,-1
595,-1,310,88,17,25,0.85,7,-1,-1
596,-1,377,110,22,31,0.88,7,-1,-1
596,-1,310,88,16,25,0.85,7,-1,-1
597,-1,378,109,20,30,0.88,7,-1,-1
597,-1,310,88,17,25,0.84,7,-1,-1
597,-1,332,92,9,9,0.25,2,-1,-1
598,-1,376,109,22,30,0.88,7,-1,-1
598,-1,309,87,18,26,0.85,7,-1,-1
598,-1,332,92,9,9,0.24,2,-1,-1
599,-1,376,108,22,30,0.88,7,-1,-1
599,-1,309,88,18,26,0.83,7,-1,-1
599,-1,331,92,9,10,0.14,2,-1,-1
600,-1,376,108,22,30,0.88,7,-1,-1
600,-1,309,88,18,26,0.84,7,-1,-1
600,-1,332,93,9,9,0.20,2,-1,-1
600,-1,324,74,10,18,0.17,7,-1,-1
601,-1,375,107,22,29,0.88,7,-1,-1
601,-1,308,89,18,27,0.85,7,-1,-1
601,-1,331,93,9,10,0.35,2,-1,-1
601,-1,324,73,10,19,0.16,7,-1,-1
602,-1,375,107,22,29,0.87,7,-1,-1
602,-1,308,89,18,28,0.84,7,-1,-1
602,-1,330,94,10,10,0.25,2,-1,-1
603,-1,376,105,20,28,0.87,7,-1,-1
603,-1,307,89,18,28,0.82,7,-1,-1
603,-1,330,94,10,10,0.25,2,-1,-1
604,-1,376,105,20,28,0.87,7,-1,-1
604,-1,307,90,18,27,0.81,7,-1,-1
604,-1,330,95,10,10,0.19,2,-1,-1
605,-1,375,104,20,28,0.88,7,-1,-1
605,-1,306,91,19,28,0.84,7,-1,-1
605,-1,329,96,10,10,0.29,2,-1,-1
606,-1,374,104,20,28,0.87,7,-1,-1
606,-1,306,92,19,28,0.83,7,-1,-1
606,-1,329,96,10,9,0.45,2,-1,-1
606,-1,322,78,10,15,0.10,7,-1,-1
607,-1,374,103,20,28,0.87,7,-1,-1
607,-1,305,92,19,29,0.85,7,-1,-1
607,-1,329,97,10,9,0.47,2,-1,-1
607,-1,322,78,10,16,0.24,7,-1,-1
608,-1,373,102,20,28,0.88,7,-1,-1
608,-1,304,92,20,30,0.86,7,-1,-1
608,-1,329,97,10,10,0.43,2,-1,-1
608,-1,322,79,10,16,0.24,7,-1,-1
609,-1,373,101,20,28,0.87,7,-1,-1
609,-1,304,93,20,30,0.85,7,-1,-1
609,-1,329,98,10,10,0.30,2,-1,-1
609,-1,322,78,10,16,0.21,7,-1,-1
610,-1,373,101,20,27,0.87,7,-1,-1
610,-1,303,92,20,30,0.87,7,-1,-1
610,-1,329,98,10,10,0.55,2,-1,-1
610,-1,322,78,10,17,0.20,7,-1,-1
611,-1,303,93,20,31,0.87,7,-1,-1
611,-1,373,100,19,27,0.87,7,-1,-1
611,-1,329,99,10,10,0.57,2,-1,-1
611,-1,322,78,10,16,0.18,7,-1,-1
612,-1,302,93,20,32,0.87,7,-1,-1
612,-1,373,100,18,26,0.86,7,-1,-1
612,-1,328,100,10,10,0.58,2,-1,-1
612,-1,321,78,11,18,0.18,7,-1,-1
613,-1,301,94,22,32,0.88,7,-1,-1
613,-1,373,100,18,26,0.86,7,-1,-1
613,-1,329,100,10,10,0.54,2,-1,-1
613,-1,320,78,11,18,0.21,7,-1,-1
614,-1,300,95,22,32,0.88,7,-1,-1
614,-1,373,100,18,25,0.86,7,-1,-1
614,-1,328,100,11,11,0.69,2,-1,-1
614,-1,320,78,11,18,0.20,7,-1,-1
615,-1,300,95,22,33,0.88,7,-1,-1
615,-1,372,98,18,25,0.87,7,-1,-1
615,-1,328,102,10,10,0.64,2,-1,-1
615,-1,320,78,12,18,0.16,7,-1,-1
616,-1,299,96,22,33,0.87,7,-1,-1
616,-1,372,98,18,24,0.87,7,-1,-1
616,-1,328,102,11,10,0.58,2,-1,-1
616,-1,320,79,11,18,0.21,7,-1,-1
617,-1,372,98,17,24,0.88,7,-1,-1
617,-1,298,97,22,33,0.87,7,-1,-1
617,-1,327,103,11,11,0.70,2,-1,-1
617,-1,319,79,12,19,0.32,7,-1,-1
618,-1,371,97,18,24,0.88,7,-1,-1
618,-1,298,97,22,34,0.87,7,-1,-1
618,-1,327,104,10,11,0.69,2,-1,-1
618,-1,319,80,12,18,0.29,7,-1,-1
618,-1,334,87,8,8,0.10,2,-1,-1
619,-1,372,97,16,24,0.88,7,-1,-1
619,-1,298,97,22,33,0.86,7,-1,-1
619,-1,326,105,11,12,0.75,2,-1,-1
619,-1,319,80,12,18,0.28,7,-1,-1
620,-1,371,96,17,24,0.88,7,-1,-1
620,-1,297,98,22,34,0.86,7,-1,-1
620,-1,326,105,11,12,0.75,2,-1,-1
620,-1,319,80,12,18,0.28,7,-1,-1
620,-1,334,87,8,8,0.10,2,-1,-1
621,-1,371,96,17,23,0.87,7,-1,-1
621,-1,296,99,23,34,0.87,7,-1,-1
621,-1,318,80,12,19,0.39,7,-1,-1
621,-1,325,107,11,12,0.39,2,-1,-1
622,-1,371,96,16,24,0.87,7,-1,-1
622,-1,295,99,24,35,0.87,7,-1,-1
622,-1,325,107,12,12,0.75,2,-1,-1
622,-1,318,80,12,19,0.56,7,-1,-1
622,-1,334,89,8,8,0.13,2,-1,-1
623,-1,294,100,24,36,0.88,7,-1,-1
623,-1,371,95,16,23,0.86,7,-1,-1
623,-1,324,108,12,12,0.78,2,-1,-1
623,-1,318,80,12,20,0.61,7,-1,-1
623,-1,334,89,8,8,0.14,2,-1,-1
624,-1,293,100,24,36,0.88,7,-1,-1
624,-1,371,94,16,22,0.85,7,-1,-1
624,-1,324,108,12,12,0.78,2,-1,-1
624,-1,318,80,12,20,0.64,7,-1,-1
624,-1,334,89,8,8,0.13,2,-1,-1
625,-1,291,102,26,38,0.89,7,-1,-1
625,-1,370,94,16,22,0.85,7,-1,-1
625,-1,317,82,12,19,0.82,7,-1,-1
625,-1,324,110,12,13,0.76,2,-1,-1
626,-1,291,102,26,38,0.89,7,-1,-1
626,-1,370,94,16,22,0.85,7,-1,-1
626,-1,317,82,12,20,0.83,7,-1,-1
626,-1,324,110,12,13,0.76,2,-1,-1
627,-1,290,102,26,39,0.89,7,-1,-1
627,-1,370,93,16,22,0.82,7,-1,-1
627,-1,316,82,13,20,0.82,7,-1,-1
627,-1,323,111,12,13,0.77,2,-1,-1
628,-1,290,104,26,39,0.89,7,-1,-1
628,-1,370,93,15,22,0.83,7,-1,-1
628,-1,317,83,12,20,0.81,7,-1,-1
628,-1,322,112,13,13,0.75,2,-1,-1
629,-1,288,104,26,40,0.88,7,-1,-1
629,-1,369,93,16,21,0.83,7,-1,-1
629,-1,315,83,14,20,0.83,7,-1,-1
629,-1,322,113,13,14,0.81,2,-1,-1
630,-1,288,104,26,41,0.88,7,-1,-1
630,-1,370,92,14,22,0.82,7,-1,-1
630,-1,316,83,13,20,0.81,7,-1,-1
630,-1,321,115,14,13,0.81,2,-1,-1
631,-1,286,105,28,42,0.88,7,-1,-1
631,-1,369,92,15,21,0.83,7,-1,-1
631,-1,315,83,14,21,0.80,7,-1,-1
631,-1,320,116,14,13,0.78,2,-1,-1
631,-1,333,91,8,10,0.20,2,-1,-1
632,-1,285,105,28,43,0.88,7,-1,-1
632,-1,369,92,15,21,0.83,7,-1,-1
632,-1,315,83,14,21,0.81,7,-1,-1
632,-1,320,117,14,13,0.76,2,-1,-1
632,-1,333,91,8,9,0.23,2,-1,-1
633,-1,284,106,28,44,0.89,7,-1,-1
633,-1,319,117,14,14,0.82,2,-1,-1
633,-1,314,84,14,21,0.78,7,-1,-1
633,-1,369,91,14,20,0.76,7,-1,-1
633,-1,332,92,9,9,0.41,2,-1,-1
634,-1,282,107,30,44,0.89,7,-1,-1
634,-1,319,119,14,14,0.81,2,-1,-1
634,-1,314,84,14,21,0.76,7,-1,-1
634,-1,369,91,14,20,0.76,7,-1,-1
634,-1,332,93,9,9,0.21,2,-1,-1
635,-1,282,108,30,46,0.89,7,-1,-1
635,-1,318,120,14,15,0.85,2,-1,-1
635,-1,314,84,14,21,0.83,7,-1,-1
635,-1,369,91,14,20,0.64,7,-1,-1
635,-1,332,92,10,10,0.63,2,-1,-1
636,-1,281,108,30,47,0.89,7,-1,-1
636,-1,318,121,14,14,0.85,2,-1,-1
636,-1,314,84,15,22,0.83,7,-1,-1
636,-1,368,90,14,20,0.80,7,-1,-1
636,-1,332,93,10,10,0.44,2,-1,-1
637,-1,279,109,31,48,0.89,7,-1,-1
637,-1,318,121,14,16,0.87,2,-1,-1
637,-1,313,85,15,23,0.82,7,-1,-1
637,-1,368,90,14,20,0.80,7,-1,-1
637,-1,332,94,10,10,0.58,2,-1,-1
638,-1,278,110,31,49,0.90,7,-1,-1
638,-1,317,124,15,16,0.85,2,-1,-1
638,-1,313,85,15,23,0.82,7,-1,-1
638,-1,368,89,14,20,0.82,7,-1,-1
638,-1,332,94,10,10,0.58,2,-1,-1
639,-1,276,112,32,49,0.90,7,-1,-1
639,-1,313,85,15,24,0.83,7,-1,-1
639,-1,316,126,16,16,0.80,2,-1,-1
639,-1,368,89,14,19,0.76,7,-1,-1
639,-1,332,95,10,11,0.32,2,-1,-1
640,-1,275,113,32,49,0.90,7,-1,-1
640,-1,315,125,16,16,0.83,2,-1,-1
640,-1,312,86,16,23,0.83,7,-1,-1
640,-1,368,89,14,19,0.76,7,-1,-1
640,-1,332,95,10,11,0.35,2,-1,-1
641,-1,273,114,33,52,0.90,7,-1,-1
641,-1,315,128,16,16,0.86,2,-1,-1
641,-1,312,86,16,24,0.84,7,-1,-1
641,-1,369,88,12,19,0.73,7,-1,-1
641,-1,331,95,10,11,0.48,2,-1,-1
642,-1,272,115,34,52,0.90,7,-1,-1
642,-1,314,128,17,18,0.85,2,-1,-1
642,-1,312,86,16,24,0.83,7,-1,-1
642,-1,369,88,12,20,0.76,7,-1,-1
642,-1,331,96,10,12,0.46,2,-1,-1
643,-1,270,116,34,53,0.89,7,-1,-1
643,-1,313,130,17,18,0.85,2,-1,-1
643,-1,311,87,16,24,0.83,7,-1,-1
643,-1,368,87,13,19,0.69,7,-1,-1
643,-1,331,96,10,12,0.61,2,-1,-1
644,-1,268,116,35,55,0.90,7,-1,-1
644,-1,312,132,18,18,0.85,2,-1,-1
644,-1,311,87,16,24,0.84,7,-1,-1
644,-1,331,96,10,12,0.60,2,-1,-1
644,-1,368,87,13,18,0.57,2,-1,-1
645,-1,266,118,36,57,0.90,7,-1,-1
645,-1,310,87,16,24,0.85,7,-1,-1
645,-1,311,133,18,19,0.85,2,-1,-1
645,-1,368,88,12,17,0.57,2,-1,-1
645,-1,330,99,10,11,0.54,2,-1,-1
646,-1,265,120,36,58,0.90,7,-1,-1
646,-1,310,135,19,19,0.86,2,-1,-1
646,-1,310,88,16,24,0.85,7,-1,-1
646,-1,330,99,10,11,0.57,2,-1,-1
646,-1,368,87,12,17,0.55,2,-1,-1
647,-1,262,121,38,59,0.90,7,-1,-1
647,-1,310,137,18,20,0.86,2,-1,-1
647,-1,309,88,16,25,0.85,7,-1,-1
647,-1,329,100,11,11,0.73,2,-1,-1
647,-1,367,88,12,16,0.54,2,-1,-1
648,-1,261,122,39,60,0.90,7,-1,-1
648,-1,309,138,18,20,0.86,2,-1,-1
648,-1,308,89,18,26,0.85,7,-1,-1
648,-1,367,87,12,16,0.54,2,-1,-1
648,-1,328,101,11,11,0.50,2,-1,-1
649,-1,258,123,41,63,0.90,7,-1,-1
649,-1,308,89,18,26,0.86,7,-1,-1
649,-1,308,141,20,20,0.84,2,-1,-1
649,-1,367,87,12,16,0.53,2,-1,-1
649,-1,328,101,11,11,0.52,2,-1,-1
650,-1,255,124,44,65,0.90,7,-1,-1
650,-1,308,89,18,26,0.86,7,-1,-1
650,-1,307,143,20,20,0.85,2,-1,-1
650,-1,328,102,12,11,0.64,2,-1,-1
650,-1,367,87,12,16,0.54,2,-1,-1
651,-1,253,125,44,68,0.91,7,-1,-1
651,-1,306,145,20,22,0.86,2,-1,-1
651,-1,307,90,18,26,0.84,7,-1,-1
651,-1,328,102,12,12,0.65,2,-1,-1
651,-1,367,87,12,16,0.59,2,-1,-1
652,-1,251,127,46,70,0.91,7,-1,-1
652,-1,305,147,20,23,0.86,2,-1,-1
652,-1,307,90,18,26,0.85,7,-1,-1
652,-1,328,104,11,11,0.64,2,-1,-1
652,-1,367,86,12,16,0.54,2,-1,-1
653,-1,247,127,48,73,0.91,7,-1,-1
653,-1,304,150,20,23,0.88,2,-1,-1
653,-1,306,90,18,28,0.86,7,-1,-1
653,-1,327,104,12,12,0.78,2,-1,-1
653,-1,367,86,12,16,0.53,2,-1,-1
654,-1,245,130,49,74,0.91,7,-1,-1
654,-1,303,153,20,23,0.89,2,-1,-1
654,-1,306,90,18,29,0.86,7,-1,-1
654,-1,326,104,12,12,0.76,2,-1,-1
654,-1,367,86,11,16,0.51,2,-1,-1
655,-1,240,133,52,76,0.92,7,-1,-1
655,-1,302,156,20,24,0.87,2,-1,-1
655,-1,305,92,18,29,0.86,7,-1,-1
655,-1,326,106,12,12,0.73,2,-1,-1
655,-1,366,85,11,17,0.50,2,-1,-1
656,-1,238,135,52,78,0.92,7,-1,-1
656,-1,300,159,22,24,0.88,2,-1,-1
656,-1,305,92,18,29,0.86,7,-1,-1
656,-1,325,107,12,12,0.74,2,-1,-1
656,-1,366,85,11,17,0.52,2,-1,-1
657,-1,233,137,56,82,0.90,7,-1,-1
657,-1,298,163,23,25,0.87,2,-1,-1
657,-1,304,92,20,30,0.85,7,-1,-1
657,-1,325,107,12,13,0.72,2,-1,-1
657,-1,367,84,10,16,0.64,2,-1,-1
658,-1,230,139,57,84,0.91,7,-1,-1
658,-1,303,93,20,30,0.87,7,-1,-1
658,-1,296,165,23,26,0.87,2,-1,-1
658,-1,367,84,10,16,0.63,2,-1,-1
658,-1,324,109,12,13,0.62,2,-1,-1
659,-1,224,142,60,88,0.92,7,-1,-1
659,-1,294,170,24,27,0.88,2,-1,-1
659,-1,303,93,20,30,0.87,7,-1,-1
659,-1,366,84,11,16,0.72,2,-1,-1
659,-1,324,109,12,13,0.61,2,-1,-1
660,-1,221,144,62,92,0.93,7,-1,-1
660,-1,292,173,25,28,0.89,2,-1,-1
660,-1,302,93,20,30,0.86,7,-1,-1
660,-1,366,83,11,16,0.76,2,-1,-1
660,-1,323,110,13,13,0.73,2,-1,-1
661,-1,215,146,66,97,0.92,7,-1,-1
661,-1,290,178,26,28,0.88,2,-1,-1
661,-1,301,94,20,31,0.88,7,-1,-1
661,-1,366,83,10,16,0.70,2,-1,-1
661,-1,322,112,14,13,0.69,2,-1,-1
662,-1,210,149,70,100,0.92,7,-1,-1
662,-1,288,181,27,30,0.89,2,-1,-1
662,-1,301,95,20,30,0.87,7,-1,-1
662,-1,322,112,13,13,0.77,2,-1,-1
662,-1,366,82,11,16,0.67,2,-1,-1
663,-1,203,152,74,106,0.93,7,-1,-1
663,-1,286,186,28,32,0.88,2,-1,-1
663,-1,300,96,21,31,0.88,7,-1,-1
663,-1,322,113,14,14,0.75,2,-1,-1
663,-1,366,82,11,16,0.68,2,-1,-1
664,-1,198,155,77,111,0.92,7,-1,-1
664,-1,283,190,29,32,0.90,2,-1,-1
664,-1,300,96,22,32,0.89,7,-1,-1
664,-1,321,114,14,14,0.75,2,-1,-1
664,-1,366,82,11,16,0.69,2,-1,-1
665,-1,191,160,80,117,0.93,7,-1,-1
665,-1,280,198,30,35,0.89,2,-1,-1
665,-1,299,96,22,32,0.88,7,-1,-1
665,-1,321,115,14,15,0.73,2,-1,-1
665,-1,365,82,11,16,0.33,2,-1,-1
666,-1,184,162,86,122,0.93,7,-1,-1
666,-1,278,202,30,37,0.89,2,-1,-1
666,-1,299,98,22,32,0.86,7,-1,-1
666,-1,320,116,14,14,0.73,2,-1,-1
666,-1,365,82,10,15,0.43,2,-1,-1
667,-1,175,166,90,131,0.93,7,-1,-1
667,-1,272,211,34,38,0.90,2,-1,-1
667,-1,298,98,22,32,0.87,7,-1,-1
667,-1,320,117,14,14,0.63,2,-1,-1
667,-1,365,81,10,16,0.43,2,-1,-1
668,-1,168,169,95,140,0.94,7,-1,-1
668,-1,270,216,35,40,0.90,2,-1,-1
668,-1,298,99,22,32,0.86,7,-1,-1
668,-1,318,119,14,13,0.74,2,-1,-1
668,-1,365,81,10,15,0.45,2,-1,-1
669,-1,155,174,104,152,0.93,7,-1,-1
669,-1,264,226,38,45,0.90,2,-1,-1
669,-1,296,100,23,33,0.87,7,-1,-1
669,-1,318,121,14,14,0.76,2,-1,-1
669,-1,365,80,10,15,0.36,7,-1,-1
670,-1,146,176,110,164,0.93,7,-1,-1
670,-1,262,232,38,46,0.90,2,-1,-1
670,-1,296,100,23,34,0.88,7,-1,-1
670,-1,317,120,14,15,0.78,2,-1,-1
670,-1,365,80,10,15,0.36,7,-1,-1
671,-1,131,182,120,180,0.93,7,-1,-1
671,-1,256,245,41,52,0.90,2,-1,-1
671,-1,295,101,24,35,0.88,7,-1,-1
671,-1,316,123,15,15,0.79,2,-1,-1
671,-1,365,80,10,15,0.34,7,-1,-1
672,-1,120,187,127,190,0.92,7,-1,-1
672,-1,250,254,44,56,0.91,2,-1,-1
672,-1,295,101,24,35,0.88,7,-1,-1
672,-1,317,124,14,15,0.69,2,-1,-1
672,-1,365,80,10,15,0.33,2,-1,-1
673,-1,102,194,140,210,0.93,7,-1,-1
673,-1,243,270,48,61,0.91,2,-1,-1
673,-1,293,102,24,36,0.89,7,-1,-1
673,-1,315,126,15,14,0.78,2,-1,-1
673,-1,365,80,10,15,0.35,2,-1,-1
674,-1,87,200,151,226,0.94,7,-1,-1
674,-1,237,283,50,65,0.90,2,-1,-1
674,-1,293,103,24,37,0.89,7,-1,-1
674,-1,314,128,16,15,0.77,2,-1,-1
674,-1,365,80,10,15,0.36,2,-1,-1
675,-1,62,205,167,258,0.93,7,-1,-1
675,-1,226,304,55,71,0.91,2,-1,-1
675,-1,292,104,24,38,0.88,7,-1,-1
675,-1,313,129,15,16,0.79,2,-1,-1
675,-1,364,79,11,16,0.25,7,-1,-1
676,-1,46,218,179,272,0.96,7,-1,-1
676,-1,218,320,59,80,0.91,2,-1,-1
676,-1,290,104,26,39,0.89,7,-1,-1
676,-1,311,129,16,16,0.80,2,-1,-1
676,-1,364,79,11,16,0.26,7,-1,-1
677,-1,14,223,204,310,0.95,7,-1,-1
677,-1,203,349,66,92,0.91,2,-1,-1
677,-1,288,106,26,38,0.88,7,-1,-1
677,-1,310,132,16,16,0.82,2,-1,-1
677,-1,364,79,11,16,0.25,7,-1,-1
678,-1,9,228,204,307,0.94,7,-1,-1
678,-1,192,371,70,102,0.92,2,-1,-1
678,-1,288,107,26,38,0.87,7,-1,-1
678,-1,310,133,16,17,0.82,2,-1,-1
678,-1,364,79,10,15,0.28,7,-1,-1
679,-1,3,247,198,291,0.94,7,-1,-1
679,-1,172,412,82,120,0.93,2,-1,-1
679,-1,286,108,28,39,0.87,7,-1,-1
679,-1,308,134,18,18,0.82,2,-1,-1
679,-1,364,79,10,15,0.28,7,-1,-1
680,-1,3,256,187,283,0.93,7,-1,-1
680,-1,157,446,88,94,0.91,2,-1,-1
680,-1,286,108,28,39,0.87,7,-1,-1
680,-1,307,138,16,17,0.84,2,-1,-1
680,-1,364,79,10,15,0.29,7,-1,-1
681,-1,3,264,176,276,0.90,7,-1,-1
681,-1,285,109,28,40,0.87,7,-1,-1
681,-1,305,140,18,18,0.80,2,-1,-1
682,-1,6,280,160,259,0.92,7,-1,-1
682,-1,284,108,29,42,0.88,7,-1,-1
682,-1,304,141,18,18,0.83,2,-1,-1
682,-1,362,77,10,16,0.11,7,-1,-1
683,-1,5,316,146,223,0.92,7,-1,-1
683,-1,282,109,31,43,0.88,7,-1,-1
683,-1,302,144,18,18,0.86,2,-1,-1
683,-1,362,77,10,16,0.11,7,-1,-1
684,-1,4,334,132,205,0.91,7,-1,-1
684,-1,280,110,31,44,0.89,7,-1,-1
684,-1,302,146,18,18,0.85,2,-1,-1
685,-1,5,372,106,166,0.91,7,-1,-1
685,-1,279,111,32,44,0.89,7,-1,-1
685,-1,300,148,19,20,0.84,2,-1,-1
686,-1,278,112,32,46,0.89,7,-1,-1
686,-1,5,404,86,135,0.88,7,-1,-1
686,-1,298,152,20,20,0.82,2,-1,-1
687,-1,276,112,34,47,0.90,7,-1,-1
687,-1,296,154,20,21,0.84,2,-1,-1
687,-1,4,464,48,75,0.30,7,-1,-1
688,-1,275,114,34,48,0.90,7,-1,-1
688,-1,295,156,20,22,0.85,2,-1,-1
688,-1,362,75,10,15,0.10,7,-1,-1
689,-1,273,116,34,49,0.89,7,-1,-1
689,-1,293,160,20,23,0.87,2,-1,-1
689,-1,362,76,10,15,0.10,7,-1,-1
690,-1,272,116,35,50,0.90,7,-1,-1
690,-1,292,162,22,24,0.87,2,-1,-1
691,-1,270,118,35,50,0.90,7,-1,-1
691,-1,289,167,22,24,0.86,2,-1,-1
692,-1,268,118,36,52,0.91,7,-1,-1
692,-1,288,169,22,24,0.85,2,-1,-1
693,-1,266,120,36,54,0.90,7,-1,-1
693,-1,286,174,22,26,0.88,2,-1,-1
694,-1,265,122,36,53,0.90,7,-1,-1
694,-1,283,178,24,26,0.87,2,-1,-1
695,-1,263,123,38,54,0.90,7,-1,-1
695,-1,280,183,24,27,0.88,2,-1,-1
695,-1,362,75,9,15,0.10,7,-1,-1
696,-1,260,124,40,56,0.90,7,-1,-1
696,-1,277,188,26,26,0.87,2,-1,-1
696,-1,362,75,9,15,0.10,7,-1,-1
697,-1,257,125,44,58,0.91,7,-1,-1
697,-1,274,193,26,30,0.89,2,-1,-1
698,-1,255,126,44,60,0.91,7,-1,-1
698,-1,270,196,28,33,0.89,2,-1,-1
699,-1,254,128,44,62,0.92,7,-1,-1
699,-1,266,207,29,31,0.89,2,-1,-1
700,-1,250,129,47,64,0.92,7,-1,-1
700,-1,264,212,30,32,0.88,2,-1,-1
701,-1,247,132,48,66,0.91,7,-1,-1
701,-1,258,218,32,37,0.90,2,-1,-1
702,-1,245,133,49,67,0.92,7,-1,-1
702,-1,254,220,34,44,0.89,2,-1,-1
703,-1,241,136,52,70,0.91,7,-1,-1
703,-1,248,236,36,42,0.89,2,-1,-1
704,-1,239,138,54,72,0.91,7,-1,-1
704,-1,243,244,38,44,0.90,2,-1,-1
705,-1,234,140,57,75,0.91,7,-1,-1
705,-1,234,253,42,54,0.90,2,-1,-1
706,-1,232,142,56,76,0.90,7,-1,-1
706,-1,228,262,44,58,0.89,2,-1,-1
707,-1,226,145,60,80,0.92,7,-1,-1
707,-1,218,282,48,62,0.90,2,-1,-1
708,-1,223,146,63,83,0.93,7,-1,-1
708,-1,210,297,52,66,0.91,2,-1,-1
709,-1,218,149,66,88,0.92,7,-1,-1
709,-1,196,320,58,75,0.90,2,-1,-1
710,-1,213,151,70,90,0.92,7,-1,-1
710,-1,186,340,62,80,0.91,2,-1,-1
711,-1,208,154,74,95,0.92,7,-1,-1
711,-1,168,373,68,91,0.92,2,-1,-1
712,-1,204,156,76,99,0.92,7,-1,-1
712,-1,152,399,76,102,0.92,2,-1,-1
713,-1,195,160,81,105,0.92,7,-1,-1
714,-1,191,163,83,109,0.93,7,-1,-1
714,-1,534,489,92,51,0.90,2,-1,-1
715,-1,183,167,88,117,0.93,7,-1,-1
715,-1,514,444,84,83,0.92,2,-1,-1
716,-1,177,170,94,122,0.93,7,-1,-1
716,-1,506,418,76,75,0.92,2,-1,-1
717,-1,166,174,102,133,0.94,7,-1,-1
717,-1,492,385,68,65,0.93,2,-1,-1
718,-1,158,178,108,139,0.94,7,-1,-1
718,-1,484,366,64,59,0.93,2,-1,-1
719,-1,145,182,118,153,0.93,7,-1,-1
719,-1,474,341,56,53,0.91,2,-1,-1
720,-1,136,186,124,163,0.93,7,-1,-1
720,-1,468,326,54,50,0.91,2,-1,-1
721,-1,120,191,137,180,0.93,7,-1,-1
721,-1,461,305,48,45,0.92,2,-1,-1
722,-1,110,196,140,192,0.92,7,-1,-1
722,-1,455,293,46,42,0.91,2,-1,-1
723,-1,90,204,154,214,0.91,7,-1,-1
723,-1,450,276,40,39,0.90,2,-1,-1
724,-1,76,208,168,230,0.94,7,-1,-1
724,-1,444,266,40,38,0.91,2,-1,-1
725,-1,52,219,182,254,0.92,7,-1,-1
725,-1,440,254,36,35,0.91,2,-1,-1
726,-1,34,225,196,276,0.94,7,-1,-1
726,-1,434,246,36,34,0.90,2,-1,-1
727,-1,7,236,222,297,0.96,7,-1,-1
727,-1,432,236,32,32,0.90,2,-1,-1
728,-1,8,245,214,291,0.96,7,-1,-1
728,-1,428,229,32,31,0.90,2,-1,-1
729,-1,4,257,207,276,0.93,7,-1,-1
729,-1,426,221,28,29,0.90,2,-1,-1
730,-1,4,267,200,271,0.92,7,-1,-1
730,-1,422,216,28,28,0.90,2,-1,-1
731,-1,418,208,28,26,0.89,2,-1,-1
731,-1,4,281,187,256,0.89,7,-1,-1
732,-1,416,204,28,26,0.88,2,-1,-1
733,-1,7,320,160,218,0.93,7,-1,-1
733,-1,413,198,26,25,0.88,2,-1,-1
734,-1,6,337,151,202,0.92,7,-1,-1
734,-1,411,194,26,24,0.89,2,-1,-1
735,-1,7,369,130,170,0.92,7,-1,-1
735,-1,410,188,24,24,0.88,2,-1,-1
736,-1,6,396,115,144,0.93,7,-1,-1
736,-1,408,185,24,22,0.88,2,-1,-1
737,-1,6,441,91,98,0.91,7,-1,-1
737,-1,404,179,24,22,0.88,2,-1,-1
738,-1,404,176,22,21,0.89,2,-1,-1
738,-1,5,480,64,60,0.81,7,-1,-1
739,-1,402,172,22,21,0.87,2,-1,-1
740,-1,400,169,20,20,0.87,2,-1,-1
741,-1,400,165,20,20,0.87,2,-1,-1
742,-1,398,162,20,20,0.87,2,-1,-1
743,-1,396,159,20,18,0.87,2,-1,-1
744,-1,394,158,20,18,0.86,2,-1,-1
745,-1,393,154,20,18,0.86,2,-1,-1
745,-1,335,83,8,8,0.27,2,-1,-1
746,-1,391,151,20,18,0.87,2,-1,-1
746,-1,335,83,8,8,0.27,2,-1,-1
747,-1,392,148,16,18,0.86,2,-1,-1
747,-1,335,83,8,8,0.27,2,-1,-1
748,-1,390,146,18,18,0.85,2,-1,-1
749,-1,390,144,16,17,0.86,2,-1,-1
750,-1,387,141,18,18,0.85,2,-1,-1
751,-1,386,138,18,18,0.84,2,-1,-1
752,-1,385,137,18,17,0.84,2,-1,-1
753,-1,383,135,18,18,0.84,2,-1,-1
753,-1,334,87,8,8,0.22,2,-1,-1
754,-1,382,133,20,18,0.84,2,-1,-1
755,-1,380,130,20,19,0.84,2,-1,-1
756,-1,381,129,18,18,0.83,2,-1,-1
757,-1,380,128,16,17,0.84,2,-1,-1
757,-1,333,88,8,8,0.21,2,-1,-1
758,-1,416,464,84,76,0.90,2,-1,-1
758,-1,380,128,16,16,0.83,2,-1,-1
758,-1,333,89,8,8,0.23,2,-1,-1
759,-1,409,424,70,78,0.92,2,-1,-1
759,-1,378,125,18,17,0.83,2,-1,-1
759,-1,333,89,8,8,0.23,2,-1,-1
760,-1,406,402,64,72,0.92,2,-1,-1
760,-1,378,124,16,16,0.83,2,-1,-1
760,-1,332,89,9,9,0.35,2,-1,-1
761,-1,402,370,60,64,0.92,2,-1,-1
761,-1,378,123,16,16,0.85,2,-1,-1
762,-1,399,352,56,60,0.92,2,-1,-1
762,-1,378,123,14,14,0.85,2,-1,-1
762,-1,333,90,8,8,0.15,2,-1,-1
763,-1,394,328,52,54,0.91,2,-1,-1
763,-1,376,121,16,14,0.85,2,-1,-1
763,-1,333,90,8,8,0.16,2,-1,-1
764,-1,394,314,48,51,0.90,2,-1,-1
764,-1,376,119,14,14,0.83,2,-1,-1
764,-1,333,90,8,8,0.15,2,-1,-1
765,-1,390,296,44,48,0.91,2,-1,-1
765,-1,375,118,14,14,0.84,2,-1,-1
765,-1,332,91,9,9,0.36,2,-1,-1
766,-1,388,284,44,46,0.91,2,-1,-1
766,-1,375,118,14,14,0.83,2,-1,-1
766,-1,332,91,9,9,0.36,2,-1,-1
767,-1,385,268,40,44,0.90,2,-1,-1
767,-1,374,117,14,13,0.84,2,-1,-1
767,-1,332,92,9,10,0.25,2,-1,-1
768,-1,383,260,40,41,0.90,2,-1,-1
768,-1,374,116,14,14,0.85,2,-1,-1
768,-1,330,92,10,10,0.52,2,-1,-1
769,-1,381,248,36,38,0.90,2,-1,-1
769,-1,372,114,14,14,0.85,2,-1,-1
769,-1,330,93,10,10,0.56,2,-1,-1
770,-1,380,241,34,37,0.91,2,-1,-1
770,-1,372,113,14,14,0.84,2,-1,-1
770,-1,330,94,10,10,0.43,2,-1,-1
771,-1,379,230,32,36,0.90,2,-1,-1
771,-1,372,111,14,14,0.83,2,-1,-1
771,-1,330,94,11,10,0.66,2,-1,-1
772,-1,378,225,32,34,0.90,2,-1,-1
772,-1,371,110,14,14,0.81,2,-1,-1
772,-1,330,95,11,11,0.61,2,-1,-1
773,-1,375,218,32,32,0.89,2,-1,-1
773,-1,371,110,13,13,0.81,2,-1,-1
773,-1,330,95,11,11,0.61,2,-1,-1
774,-1,375,214,30,30,0.90,2,-1,-1
774,-1,371,110,13,13,0.81,2,-1,-1
774,-1,329,95,11,11,0.73,2,-1,-1
775,-1,373,207,28,29,0.90,2,-1,-1
775,-1,370,108,14,12,0.80,2,-1,-1
775,-1,329,96,11,11,0.63,2,-1,-1
776,-1,372,203,28,28,0.89,2,-1,-1
776,-1,370,108,14,12,0.81,2,-1,-1
776,-1,329,96,11,11,0.64,2,-1,-1
777,-1,372,197,26,26,0.89,2,-1,-1
777,-1,369,107,14,12,0.80,2,-1,-1
777,-1,328,96,11,12,0.79,2,-1,-1
778,-1,370,193,26,26,0.89,2,-1,-1
778,-1,370,106,12,12,0.71,2,-1,-1
778,-1,328,98,12,12,0.70,2,-1,-1
779,-1,369,187,26,26,0.88,2,-1,-1
779,-1,328,98,11,12,0.79,2,-1,-1
779,-1,370,105,12,12,0.74,2,-1,-1
780,-1,369,183,24,26,0.88,2,-1,-1
780,-1,328,98,11,12,0.79,2,-1,-1
780,-1,370,105,12,12,0.74,2,-1,-1
781,-1,368,179,24,24,0.87,2,-1,-1
781,-1,368,104,12,11,0.76,2,-1,-1
781,-1,328,101,10,11,0.59,2,-1,-1
782,-1,367,176,24,24,0.87,2,-1,-1
782,-1,327,100,11,12,0.78,2,-1,-1
782,-1,368,103,12,11,0.76,2,-1,-1
783,-1,366,172,24,23,0.86,2,-1,-1
783,-1,368,102,12,12,0.78,2,-1,-1
783,-1,327,102,11,11,0.73,2,-1,-1
784,-1,366,168,23,23,0.88,2,-1,-1
784,-1,368,102,12,12,0.78,2,-1,-1
784,-1,326,103,12,10,0.76,2,-1,-1
785,-1,365,165,22,22,0.88,2,-1,-1
785,-1,367,100,12,12,0.82,2,-1,-1
785,-1,326,104,12,12,0.78,2,-1,-1
786,-1,365,163,22,22,0.88,2,-1,-1
786,-1,367,100,12,12,0.82,2,-1,-1
786,-1,326,104,12,12,0.80,2,-1,-1
787,-1,364,160,22,22,0.87,2,-1,-1
787,-1,326,104,12,12,0.80,2,-1,-1
787,-1,367,100,11,11,0.71,2,-1,-1
788,-1,364,158,20,21,0.86,2,-1,-1
788,-1,324,106,13,13,0.81,2,-1,-1
788,-1,367,99,11,11,0.79,2,-1,-1
789,-1,364,154,20,21,0.87,2,-1,-1
789,-1,324,106,13,14,0.82,2,-1,-1
789,-1,367,99,11,11,0.79,2,-1,-1
790,-1,364,152,20,21,0.87,2,-1,-1
790,-1,324,107,13,14,0.79,2,-1,-1
790,-1,368,99,10,11,0.65,2,-1,-1
791,-1,362,149,20,21,0.84,2,-1,-1
791,-1,323,108,14,14,0.80,2,-1,-1
791,-1,367,97,10,10,0.71,2,-1,-1
792,-1,362,147,20,20,0.86,2,-1,-1
792,-1,323,109,14,14,0.75,2,-1,-1
792,-1,367,97,10,10,0.71,2,-1,-1
793,-1,362,144,20,21,0.85,2,-1,-1
793,-1,322,111,14,14,0.76,2,-1,-1
794,-1,361,142,20,21,0.83,2,-1,-1
794,-1,322,111,14,14,0.76,2,-1,-1
795,-1,360,140,20,20,0.86,2,-1,-1
795,-1,322,112,14,14,0.79,2,-1,-1
795,-1,366,95,10,9,0.60,2,-1,-1
796,-1,360,139,20,20,0.86,2,-1,-1
796,-1,322,112,14,14,0.80,2,-1,-1
796,-1,366,94,10,9,0.31,2,-1,-1
797,-1,360,137,19,19,0.85,2,-1,-1
797,-1,321,114,14,15,0.80,2,-1,-1
797,-1,366,94,9,9,0.32,2,-1,-1
798,-1,360,136,18,18,0.85,2,-1,-1
798,-1,321,114,14,15,0.81,2,-1,-1
798,-1,366,94,10,9,0.36,2,-1,-1
799,-1,360,133,18,19,0.85,2,-1,-1
799,-1,320,115,15,16,0.80,2,-1,-1
799,-1,366,93,9,9,0.12,2,-1,-1
800,-1,430,492,84,48,0.85,2,-1,-1
800,-1,360,132,18,19,0.85,2,-1,-1
800,-1,320,116,14,16,0.82,2,-1,-1
800,-1,365,93,10,9,0.24,2,-1,-1
801,-1,422,438,78,87,0.92,2,-1,-1
801,-1,360,130,18,18,0.84,2,-1,-1
801,-1,318,119,16,15,0.82,2,-1,-1
801,-1,365,93,10,9,0.28,2,-1,-1
802,-1,416,409,72,78,0.93,2,-1,-1
802,-1,359,130,16,17,0.84,2,-1,-1
802,-1,318,120,15,15,0.83,2,-1,-1
802,-1,366,92,8,8,0.18,2,-1,-1
803,-1,410,370,64,68,0.92,2,-1,-1
803,-1,317,120,16,17,0.84,2,-1,-1
803,-1,358,128,17,18,0.84,2,-1,-1
803,-1,366,92,8,9,0.17,2,-1,-1
804,-1,408,348,56,63,0.91,2,-1,-1
804,-1,317,121,16,17,0.85,2,-1,-1
804,-1,359,127,16,17,0.84,2,-1,-1
805,-1,404,308,52,69,0.91,2,-1,-1
805,-1,359,126,16,17,0.84,2,-1,-1
805,-1,316,122,16,17,0.84,2,-1,-1
806,-1,400,303,50,55,0.90,2,-1,-1
806,-1,358,124,16,17,0.84,2,-1,-1
806,-1,315,125,18,16,0.78,2,-1,-1
807,-1,396,284,44,50,0.90,2,-1,-1
807,-1,358,123,15,17,0.84,2,-1,-1
807,-1,315,127,16,16,0.83,2,-1,-1
808,-1,394,270,42,48,0.90,2,-1,-1
808,-1,314,127,18,18,0.84,2,-1,-1
808,-1,358,122,16,16,0.83,2,-1,-1
809,-1,390,255,40,43,0.91,2,-1,-1
809,-1,358,120,15,16,0.85,2,-1,-1
809,-1,313,129,18,18,0.83,2,-1,-1
810,-1,389,246,38,42,0.91,2,-1,-1
810,-1,358,119,15,16,0.85,2,-1,-1
810,-1,312,130,18,18,0.84,2,-1,-1
811,-1,388,233,32,39,0.90,2,-1,-1
811,-1,312,132,18,19,0.85,2,-1,-1
811,-1,357,118,15,16,0.84,2,-1,-1
812,-1,386,226,32,37,0.90,2,-1,-1
812,-1,310,134,19,19,0.85,2,-1,-1
812,-1,356,117,15,16,0.83,2,-1,-1
813,-1,384,217,32,34,0.90,2,-1,-1
813,-1,310,136,18,20,0.84,2,-1,-1
813,-1,357,116,14,15,0.84,2,-1,-1
814,-1,384,211,28,33,0.89,2,-1,-1
814,-1,308,138,20,20,0.85,2,-1,-1
814,-1,357,116,14,15,0.84,2,-1,-1
815,-1,381,204,28,31,0.88,2,-1,-1
815,-1,309,141,18,20,0.86,2,-1,-1
815,-1,357,114,14,16,0.84,2,-1,-1
816,-1,380,199,28,30,0.90,2,-1,-1
816,-1,356,113,14,15,0.84,2,-1,-1
816,-1,306,143,20,20,0.84,2,-1,-1
817,-1,378,194,28,29,0.89,2,-1,-1
817,-1,306,144,20,21,0.85,2,-1,-1
817,-1,356,112,14,15,0.84,2,-1,-1
818,-1,379,188,24,28,0.88,2,-1,-1
818,-1,304,147,21,22,0.86,2,-1,-1
818,-1,356,111,15,16,0.84,2,-1,-1
819,-1,377,183,24,28,0.90,2,-1,-1
819,-1,304,149,21,23,0.86,2,-1,-1
819,-1,356,110,15,16,0.83,2,-1,-1
820,-1,302,153,21,22,0.88,2,-1,-1
820,-1,376,178,24,26,0.87,2,-1,-1
820,-1,356,109,14,16,0.82,2,-1,-1
820,-1,362,85,9,8,0.11,2,-1,-1
821,-1,374,174,24,25,0.88,2,-1,-1
821,-1,301,156,22,22,0.87,2,-1,-1
821,-1,354,108,16,16,0.83,2,-1,-1
822,-1,372,170,24,24,0.88,2,-1,-1
822,-1,300,159,22,24,0.88,2,-1,-1
822,-1,354,108,16,16,0.83,2,-1,-1
823,-1,373,166,22,24,0.88,2,-1,-1
823,-1,298,162,23,25,0.88,2,-1,-1
823,-1,354,107,16,16,0.84,2,-1,-1
824,-1,371,162,22,24,0.87,2,-1,-1
824,-1,296,166,24,26,0.87,2,-1,-1
824,-1,355,106,14,15,0.84,2,-1,-1
825,-1,294,169,24,26,0.88,2,-1,-1
825,-1,371,159,21,23,0.87,2,-1,-1
825,-1,355,106,14,15,0.83,2,-1,-1
826,-1,291,174,26,28,0.88,2,-1,-1
826,-1,370,155,21,23,0.85,2,-1,-1
826,-1,355,105,14,14,0.83,2,-1,-1
827,-1,290,177,26,29,0.89,2,-1,-1
827,-1,370,153,20,23,0.87,2,-1,-1
827,-1,355,105,14,14,0.83,2,-1,-1
828,-1,288,182,27,31,0.89,2,-1,-1
828,-1,368,149,20,22,0.86,2,-1,-1
828,-1,355,104,14,14,0.78,2,-1,-1
829,-1,285,187,28,31,0.88,2,-1,-1
829,-1,368,147,20,22,0.88,2,-1,-1
829,-1,355,103,14,14,0.79,2,-1,-1
830,-1,282,193,28,34,0.89,2,-1,-1
830,-1,367,144,19,22,0.86,2,-1,-1
830,-1,355,103,14,14,0.66,2,-1,-1
831,-1,280,197,30,34,0.89,2,-1,-1
831,-1,367,142,18,21,0.85,2,-1,-1
831,-1,355,103,14,14,0.66,2,-1,-1
832,-1,276,205,31,36,0.89,2,-1,-1
832,-1,366,139,18,21,0.86,2,-1,-1
832,-1,356,102,13,13,0.78,2,-1,-1
833,-1,272,211,34,37,0.89,2,-1,-1
833,-1,365,138,18,20,0.85,2,-1,-1
833,-1,356,102,13,13,0.78,2,-1,-1
834,-1,269,220,34,41,0.89,2,-1,-1
834,-1,364,136,18,20,0.85,2,-1,-1
834,-1,355,100,13,14,0.74,2,-1,-1
835,-1,265,226,36,44,0.89,2,-1,-1
835,-1,364,135,18,19,0.85,2,-1,-1
835,-1,356,100,12,12,0.77,2,-1,-1
836,-1,260,238,38,48,0.91,2,-1,-1
836,-1,363,132,17,18,0.85,2,-1,-1
836,-1,355,100,12,12,0.68,2,-1,-1
837,-1,255,245,40,52,0.90,2,-1,-1
837,-1,362,130,17,19,0.84,2,-1,-1
837,-1,355,100,12,12,0.68,2,-1,-1
838,-1,246,260,45,58,0.90,2,-1,-1
838,-1,362,128,18,18,0.84,2,-1,-1
838,-1,355,99,12,12,0.73,2,-1,-1
839,-1,242,271,46,62,0.91,2,-1,-1
839,-1,362,127,17,18,0.84,2,-1,-1
839,-1,355,99,12,12,0.73,2,-1,-1
840,-1,231,290,53,69,0.91,2,-1,-1
840,-1,362,126,17,18,0.84,2,-1,-1
840,-1,355,98,12,12,0.70,2,-1,-1
841,-1,224,306,56,74,0.92,2,-1,-1
841,-1,361,124,16,18,0.84,2,-1,-1
841,-1,355,97,12,12,0.74,2,-1,-1
842,-1,209,331,64,86,0.91,2,-1,-1
842,-1,361,124,16,16,0.83,2,-1,-1
842,-1,355,96,12,12,0.74,2,-1,-1
843,-1,198,352,69,95,0.92,2,-1,-1
843,-1,361,122,15,17,0.84,2,-1,-1
843,-1,355,95,12,12,0.73,2,-1,-1
844,-1,180,387,78,112,0.93,2,-1,-1
844,-1,360,120,15,17,0.85,2,-1,-1
844,-1,355,95,12,12,0.75,2,-1,-1
845,-1,164,416,88,120,0.93,2,-1,-1
845,-1,361,119,14,16,0.84,2,-1,-1
845,-1,355,95,12,12,0.70,2,-1,-1
846,-1,148,468,88,72,0.89,2,-1,-1
846,-1,360,118,14,15,0.83,2,-1,-1
846,-1,355,94,11,11,0.58,2,-1,-1
847,-1,360,117,15,16,0.83,2,-1,-1
847,-1,355,94,11,11,0.58,2,-1,-1
848,-1,360,116,14,15,0.81,2,-1,-1
848,-1,355,94,11,11,0.57,2,-1,-1
849,-1,360,115,14,14,0.80,2,-1,-1
849,-1,355,93,11,11,0.30,2,-1,-1
850,-1,359,114,14,15,0.83,2,-1,-1
850,-1,355,93,11,10,0.48,2,-1,-1
851,-1,359,112,14,16,0.84,2,-1,-1
851,-1,355,92,11,10,0.51,2,-1,-1
852,-1,359,111,14,16,0.82,2,-1,-1
852,-1,355,92,11,10,0.54,2,-1,-1
853,-1,358,110,14,16,0.82,2,-1,-1
853,-1,355,92,11,10,0.60,2,-1,-1
854,-1,358,110,14,15,0.79,2,-1,-1
854,-1,355,92,11,10,0.52,2,-1,-1
855,-1,358,108,14,15,0.79,2,-1,-1
855,-1,355,91,10,10,0.57,2,-1,-1
856,-1,358,108,14,14,0.79,2,-1,-1
856,-1,355,91,11,10,0.57,2,-1,-1
857,-1,358,107,14,14,0.80,2,-1,-1
857,-1,355,91,10,10,0.52,2,-1,-1
858,-1,358,106,14,14,0.80,2,-1,-1
858,-1,356,90,10,9,0.47,2,-1,-1
858,-1,321,90,8,9,0.10,2,-1,-1
859,-1,358,106,14,14,0.81,2,-1,-1
859,-1,355,89,10,10,0.40,2,-1,-1
859,-1,321,90,8,9,0.11,2,-1,-1
860,-1,358,105,13,13,0.79,2,-1,-1
860,-1,355,89,10,8,0.14,2,-1,-1
860,-1,320,91,8,9,0.11,2,-1,-1
861,-1,358,105,13,13,0.76,2,-1,-1
861,-1,355,89,10,8,0.14,2,-1,-1
861,-1,320,91,8,9,0.11,2,-1,-1
862,-1,358,104,12,13,0.74,2,-1,-1
862,-1,320,91,8,9,0.59,2,-1,-1
862,-1,355,88,10,9,0.27,2,-1,-1
863,-1,358,104,12,13,0.74,2,-1,-1
863,-1,320,91,8,9,0.59,2,-1,-1
863,-1,355,88,10,9,0.27,2,-1,-1
864,-1,357,104,13,12,0.69,2,-1,-1
864,-1,320,92,8,9,0.27,2,-1,-1
865,-1,357,102,12,12,0.76,2,-1,-1
865,-1,319,93,9,9,0.39,2,-1,-1
866,-1,357,101,12,12,0.76,2,-1,-1
866,-1,319,93,9,9,0.34,2,-1,-1
867,-1,357,100,12,12,0.76,2,-1,-1
868,-1,357,100,12,12,0.76,2,-1,-1
868,-1,317,94,10,10,0.15,2,-1,-1
869,-1,357,100,12,12,0.78,2,-1,-1
870,-1,356,98,12,12,0.76,2,-1,-1
870,-1,316,95,10,11,0.65,2,-1,-1
871,-1,356,98,12,12,0.77,2,-1,-1
871,-1,316,95,11,11,0.66,2,-1,-1
872,-1,356,98,12,11,0.61,2,-1,-1
872,-1,316,97,10,11,0.33,2,-1,-1
873,-1,357,96,10,11,0.67,2,-1,-1
873,-1,316,98,10,11,0.46,2,-1,-1
874,-1,357,96,10,11,0.65,2,-1,-1
874,-1,316,98,10,11,0.46,2,-1,-1
875,-1,356,96,11,11,0.58,2,-1,-1
875,-1,315,99,10,11,0.51,2,-1,-1
876,-1,356,96,11,11,0.60,2,-1,-1
876,-1,315,99,10,11,0.56,2,-1,-1
877,-1,314,99,11,12,0.69,2,-1,-1
877,-1,356,95,11,11,0.64,2,-1,-1
878,-1,357,95,10,10,0.26,2,-1,-1
879,-1,356,95,10,10,0.21,2,-1,-1
880,-1,312,102,12,11,0.69,2,-1,-1
880,-1,356,93,11,11,0.40,2,-1,-1
881,-1,312,103,12,11,0.69,2,-1,-1
881,-1,356,93,10,10,0.20,2,-1,-1
882,-1,311,104,12,12,0.64,2,-1,-1
882,-1,356,93,10,10,0.21,2,-1,-1
883,-1,311,104,12,12,0.64,2,-1,-1
883,-1,356,92,10,10,0.30,2,-1,-1
884,-1,311,105,12,12,0.56,2,-1,-1
884,-1,356,92,10,10,0.30,2,-1,-1
885,-1,310,106,12,12,0.45,2,-1,-1
885,-1,355,91,10,10,0.42,2,-1,-1
886,-1,309,107,12,12,0.73,2,-1,-1
886,-1,355,91,10,10,0.42,2,-1,-1
887,-1,308,108,12,12,0.46,2,-1,-1
887,-1,355,90,10,10,0.31,2,-1,-1
888,-1,308,109,12,12,0.70,2,-1,-1
888,-1,355,90,10,10,0.33,2,-1,-1
889,-1,422,476,88,64,0.89,2,-1,-1
889,-1,308,109,12,12,0.70,2,-1,-1
889,-1,355,90,10,10,0.33,2,-1,-1
890,-1,414,431,76,81,0.92,2,-1,-1
890,-1,306,110,14,14,0.78,2,-1,-1
890,-1,355,89,10,10,0.13,2,-1,-1
891,-1,412,404,68,75,0.92,2,-1,-1
891,-1,306,110,13,14,0.80,2,-1,-1
891,-1,355,89,10,9,0.14,2,-1,-1
892,-1,406,370,60,66,0.91,2,-1,-1
892,-1,304,112,14,14,0.81,2,-1,-1
892,-1,355,88,10,9,0.18,2,-1,-1
893,-1,402,350,58,62,0.91,2,-1,-1
893,-1,304,113,14,14,0.79,2,-1,-1
893,-1,355,88,10,9,0.17,2,-1,-1
894,-1,399,325,50,55,0.89,2,-1,-1
894,-1,303,114,14,14,0.76,2,-1,-1
894,-1,355,88,10,9,0.19,2,-1,-1
895,-1,398,308,48,55,0.90,2,-1,-1
895,-1,302,115,14,14,0.79,2,-1,-1
895,-1,355,88,10,9,0.20,2,-1,-1
896,-1,394,291,44,48,0.90,2,-1,-1
897,-1,392,278,40,47,0.90,2,-1,-1
897,-1,301,117,14,14,0.79,2,-1,-1
898,-1,387,263,42,43,0.92,2,-1,-1
898,-1,299,119,16,15,0.81,2,-1,-1
899,-1,385,254,40,41,0.90,2,-1,-1
899,-1,298,120,16,15,0.81,2,-1,-1
900,-1,383,242,36,38,0.90,2,-1,-1
900,-1,297,121,16,15,0.84,2,-1,-1
900,-1,355,86,10,9,0.10,2,-1,-1
