1,-1,343,117,10,9,0.74,2,-1,-1
1,-1,309,112,8,8,0.30,2,-1,-1
2,-1,343,117,10,9,0.75,2,-1,-1
3,-1,343,116,10,9,0.72,2,-1,-1
4,-1,343,116,10,9,0.71,2,-1,-1
4,-1,309,112,8,8,0.50,2,-1,-1
5,-1,308,113,9,10,0.67,2,-1,-1
5,-1,342,115,10,9,0.65,2,-1,-1
6,-1,307,113,10,10,0.66,2,-1,-1
6,-1,342,115,10,9,0.64,2,-1,-1
7,-1,307,113,10,10,0.70,2,-1,-1
7,-1,343,114,10,9,0.58,2,-1,-1
8,-1,306,114,10,10,0.74,2,-1,-1
8,-1,342,114,10,9,0.57,2,-1,-1
9,-1,306,114,10,11,0.78,2,-1,-1
9,-1,342,113,9,9,0.50,2,-1,-1
10,-1,306,114,10,11,0.79,2,-1,-1
10,-1,342,113,9,9,0.49,2,-1,-1
11,-1,306,115,10,10,0.80,2,-1,-1
11,-1,342,112,9,9,0.56,2,-1,-1
12,-1,305,116,11,10,0.79,2,-1,-1
12,-1,342,112,9,8,0.38,2,-1,-1
13,-1,305,116,11,11,0.81,2,-1,-1
13,-1,342,112,9,8,0.38,2,-1,-1
14,-1,305,117,11,10,0.82,2,-1,-1
14,-1,341,111,9,9,0.45,2,-1,-1
15,-1,305,117,11,10,0.82,2,-1,-1
15,-1,342,111,8,8,0.18,2,-1,-1
16,-1,304,118,11,11,0.82,2,-1,-1
16,-1,342,111,8,8,0.14,2,-1,-1
17,-1,304,118,10,11,0.84,2,-1,-1
18,-1,304,118,10,11,0.84,2,-1,-1
19,-1,303,120,11,11,0.80,2,-1,-1
20,-1,303,121,11,11,0.80,2,-1,-1
21,-1,302,121,11,10,0.78,2,-1,-1
22,-1,301,122,12,11,0.82,2,-1,-1
23,-1,301,122,12,11,0.83,2,-1,-1
24,-1,301,123,12,11,0.83,2,-1,-1
25,-1,300,124,12,11,0.85,2,-1,-1
26,-1,300,125,12,11,0.86,2,-1,-1
27,-1,300,126,12,11,0.88,2,-1,-1
28,-1,299,127,12,11,0.88,2,-1,-1
29,-1,298,127,12,12,0.88,2,-1,-1
30,-1,298,128,12,12,0.85,2,-1,-1
31,-1,297,129,12,12,0.85,2,-1,-1
32,-1,297,130,13,11,0.85,2,-1,-1
33,-1,296,131,13,12,0.86,2,-1,-1
34,-1,296,132,13,12,0.87,2,-1,-1
35,-1,295,133,13,12,0.88,2,-1,-1
36,-1,294,134,13,12,0.89,2,-1,-1
37,-1,293,135,13,12,0.89,2,-1,-1
38,-1,293,136,13,12,0.89,2,-1,-1
39,-1,292,138,14,13,0.89,2,-1,-1
40,-1,291,139,14,13,0.89,2,-1,-1
41,-1,290,140,14,13,0.89,2,-1,-1
42,-1,290,142,14,13,0.88,2,-1,-1
43,-1,289,143,14,13,0.87,2,-1,-1
44,-1,288,144,15,14,0.88,2,-1,-1
45,-1,287,146,15,14,0.89,2,-1,-1
46,-1,286,147,15,14,0.89,2,-1,-1
47,-1,285,149,16,14,0.90,2,-1,-1
48,-1,284,150,16,15,0.91,2,-1,-1
48,-1,320,109,9,9,0.15,2,-1,-1
49,-1,283,152,16,15,0.91,2,-1,-1
49,-1,320,110,9,9,0.41,2,-1,-1
50,-1,282,154,16,15,0.92,2,-1,-1
50,-1,320,110,9,9,0.40,2,-1,-1
51,-1,281,156,16,15,0.90,2,-1,-1
51,-1,319,111,9,9,0.40,2,-1,-1
52,-1,280,159,17,15,0.90,2,-1,-1
52,-1,319,112,9,9,0.50,2,-1,-1
53,-1,278,161,17,16,0.90,2,-1,-1
53,-1,318,113,9,9,0.27,2,-1,-1
54,-1,277,163,17,16,0.90,2,-1,-1
54,-1,319,113,9,9,0.45,2,-1,-1
55,-1,275,166,18,17,0.91,2,-1,-1
55,-1,319,114,9,9,0.56,2,-1,-1
56,-1,445,509,86,30,0.90,2,-1,-1
56,-1,273,168,19,17,0.89,2,-1,-1
56,-1,319,115,9,9,0.64,2,-1,-1
57,-1,433,459,79,78,0.94,2,-1,-1
57,-1,271,171,19,19,0.91,2,-1,-1
57,-1,318,115,9,9,0.68,2,-1,-1
58,-1,428,431,72,81,0.95,2,-1,-1
58,-1,269,173,20,19,0.91,2,-1,-1
58,-1,318,115,10,9,0.70,2,-1,-1
59,-1,419,395,64,71,0.95,2,-1,-1
59,-1,267,177,20,20,0.92,2,-1,-1
59,-1,318,116,10,9,0.70,2,-1,-1
60,-1,414,375,60,64,0.95,2,-1,-1
60,-1,266,180,21,20,0.91,2,-1,-1
60,-1,318,116,10,9,0.70,2,-1,-1
61,-1,408,349,53,56,0.95,2,-1,-1
61,-1,263,184,21,21,0.93,2,-1,-1
61,-1,318,116,10,10,0.73,2,-1,-1
62,-1,403,332,50,53,0.95,2,-1,-1
62,-1,261,187,21,21,0.93,2,-1,-1
62,-1,581,513,57,26,0.88,2,-1,-1
62,-1,317,117,11,10,0.75,2,-1,-1
63,-1,554,460,84,77,0.95,2,-1,-1
63,-1,399,311,46,47,0.94,2,-1,-1
63,-1,258,192,22,22,0.92,2,-1,-1
63,-1,317,118,11,10,0.74,2,-1,-1
64,-1,539,431,79,76,0.95,2,-1,-1
64,-1,396,299,43,44,0.94,2,-1,-1
64,-1,256,196,23,23,0.92,2,-1,-1
64,-1,317,118,11,10,0.74,2,-1,-1
65,-1,526,406,72,68,0.95,2,-1,-1
65,-1,253,200,24,23,0.94,2,-1,-1
65,-1,392,288,41,42,0.93,2,-1,-1
65,-1,317,118,11,10,0.78,2,-1,-1
66,-1,508,373,65,60,0.95,2,-1,-1
66,-1,249,207,25,24,0.93,2,-1,-1
66,-1,389,272,38,39,0.93,2,-1,-1
66,-1,317,119,11,11,0.79,2,-1,-1
67,-1,493,344,58,53,0.95,2,-1,-1
67,-1,385,259,36,36,0.93,2,-1,-1
67,-1,245,212,26,27,0.93,2,-1,-1
67,-1,317,119,11,10,0.79,2,-1,-1
68,-1,484,328,54,49,0.95,2,-1,-1
68,-1,241,218,27,28,0.94,2,-1,-1
68,-1,383,252,35,35,0.93,2,-1,-1
68,-1,317,120,11,11,0.78,2,-1,-1
69,-1,473,306,49,44,0.95,2,-1,-1
69,-1,236,226,29,29,0.94,2,-1,-1
69,-1,381,242,32,32,0.93,2,-1,-1
69,-1,316,122,12,11,0.79,2,-1,-1
70,-1,232,232,30,31,0.94,2,-1,-1
70,-1,466,294,46,41,0.93,2,-1,-1
70,-1,379,234,30,31,0.92,2,-1,-1
70,-1,316,122,12,11,0.83,2,-1,-1
71,-1,457,277,42,38,0.94,2,-1,-1
71,-1,377,226,29,29,0.94,2,-1,-1
71,-1,226,242,31,33,0.94,2,-1,-1
71,-1,316,122,12,11,0.83,2,-1,-1
72,-1,452,267,40,37,0.94,2,-1,-1
72,-1,221,249,33,35,0.93,2,-1,-1
72,-1,375,221,28,29,0.93,2,-1,-1
72,-1,315,123,12,11,0.83,2,-1,-1
73,-1,213,262,36,39,0.95,2,-1,-1
73,-1,445,255,36,33,0.95,2,-1,-1
73,-1,373,214,27,27,0.93,2,-1,-1
73,-1,315,124,12,11,0.84,2,-1,-1
74,-1,207,271,38,41,0.94,2,-1,-1
74,-1,440,246,35,32,0.92,2,-1,-1
74,-1,372,209,26,26,0.92,2,-1,-1
74,-1,314,124,13,11,0.84,2,-1,-1
75,-1,200,282,41,43,0.95,2,-1,-1
75,-1,436,240,33,31,0.93,2,-1,-1
75,-1,370,205,25,25,0.92,2,-1,-1
75,-1,314,125,13,11,0.85,2,-1,-1
76,-1,189,299,45,48,0.94,2,-1,-1
76,-1,431,230,31,29,0.93,2,-1,-1
76,-1,369,198,24,24,0.92,2,-1,-1
76,-1,313,126,13,11,0.84,2,-1,-1
77,-1,180,313,49,52,0.95,2,-1,-1
77,-1,367,195,24,24,0.92,2,-1,-1
77,-1,427,224,29,28,0.92,2,-1,-1
77,-1,313,126,13,12,0.85,2,-1,-1
78,-1,166,336,54,59,0.95,2,-1,-1
78,-1,423,216,27,27,0.92,2,-1,-1
78,-1,366,191,23,22,0.92,2,-1,-1
78,-1,313,127,13,12,0.83,2,-1,-1
79,-1,155,355,57,64,0.95,2,-1,-1
79,-1,420,211,27,26,0.92,2,-1,-1
79,-1,365,187,22,23,0.91,2,-1,-1
79,-1,312,127,13,12,0.81,2,-1,-1
80,-1,134,386,65,76,0.96,2,-1,-1
80,-1,416,204,24,24,0.92,2,-1,-1
80,-1,364,183,22,21,0.91,2,-1,-1
80,-1,312,128,13,13,0.80,2,-1,-1
81,-1,109,425,75,91,0.96,2,-1,-1
81,-1,412,198,24,23,0.93,2,-1,-1
81,-1,363,179,21,20,0.91,2,-1,-1
81,-1,312,129,13,12,0.81,2,-1,-1
82,-1,90,457,80,82,0.95,2,-1,-1
82,-1,409,194,23,23,0.91,2,-1,-1
82,-1,362,176,21,20,0.90,2,-1,-1
82,-1,312,130,13,13,0.82,2,-1,-1
83,-1,72,515,77,24,0.91,2,-1,-1
83,-1,406,189,22,22,0.91,2,-1,-1
83,-1,361,172,20,20,0.90,2,-1,-1
83,-1,311,131,13,13,0.83,2,-1,-1
84,-1,404,185,22,22,0.92,2,-1,-1
84,-1,361,170,19,20,0.90,2,-1,-1
84,-1,311,132,13,13,0.83,2,-1,-1
85,-1,401,181,20,21,0.91,2,-1,-1
85,-1,359,167,19,19,0.90,2,-1,-1
85,-1,311,133,13,14,0.84,2,-1,-1
86,-1,399,178,20,20,0.91,2,-1,-1
86,-1,359,164,18,19,0.90,2,-1,-1
86,-1,310,133,14,14,0.85,2,-1,-1
87,-1,397,174,20,20,0.91,2,-1,-1
87,-1,358,161,18,18,0.90,2,-1,-1
87,-1,310,135,14,14,0.85,2,-1,-1
88,-1,396,171,19,20,0.90,2,-1,-1
88,-1,357,160,18,18,0.90,2,-1,-1
88,-1,309,136,15,14,0.85,2,-1,-1
89,-1,356,158,17,17,0.90,2,-1,-1
89,-1,393,168,18,19,0.90,2,-1,-1
89,-1,309,139,14,13,0.85,2,-1,-1
90,-1,356,156,17,17,0.90,2,-1,-1
90,-1,392,166,18,18,0.89,2,-1,-1
90,-1,308,139,14,14,0.86,2,-1,-1
91,-1,390,162,18,19,0.90,2,-1,-1
91,-1,355,153,16,17,0.90,2,-1,-1
91,-1,307,140,15,15,0.87,2,-1,-1
92,-1,390,160,17,19,0.89,2,-1,-1
92,-1,355,152,16,16,0.89,2,-1,-1
92,-1,307,141,15,15,0.87,2,-1,-1
93,-1,388,158,16,17,0.90,2,-1,-1
93,-1,306,143,16,15,0.88,2,-1,-1
93,-1,354,150,16,16,0.88,2,-1,-1
94,-1,387,156,16,17,0.92,2,-1,-1
94,-1,353,149,15,15,0.89,2,-1,-1
94,-1,306,144,16,15,0.87,2,-1,-1
95,-1,385,153,16,17,0.90,2,-1,-1
95,-1,353,147,15,15,0.89,2,-1,-1
95,-1,306,147,16,15,0.88,2,-1,-1
96,-1,384,151,16,17,0.89,2,-1,-1
96,-1,353,146,14,15,0.89,2,-1,-1
96,-1,305,148,16,15,0.88,2,-1,-1
97,-1,305,150,16,15,0.90,2,-1,-1
97,-1,352,144,14,14,0.88,2,-1,-1
97,-1,383,149,16,16,0.88,2,-1,-1
97,-1,449,508,81,31,0.88,2,-1,-1
98,-1,441,474,81,64,0.95,2,-1,-1
98,-1,304,152,17,16,0.90,2,-1,-1
98,-1,382,148,16,16,0.89,2,-1,-1
98,-1,351,143,14,14,0.88,2,-1,-1
99,-1,430,431,71,77,0.95,2,-1,-1
99,-1,381,146,15,16,0.89,2,-1,-1
99,-1,351,141,14,14,0.89,2,-1,-1
99,-1,304,154,17,16,0.88,2,-1,-1
100,-1,423,407,67,69,0.95,2,-1,-1
100,-1,350,140,14,14,0.89,2,-1,-1
100,-1,303,155,17,17,0.89,2,-1,-1
100,-1,380,145,15,15,0.88,2,-1,-1
101,-1,415,375,59,60,0.95,2,-1,-1
101,-1,303,157,18,17,0.89,2,-1,-1
101,-1,379,143,15,15,0.89,2,-1,-1
101,-1,350,139,13,14,0.88,2,-1,-1
102,-1,410,356,55,56,0.95,2,-1,-1
102,-1,302,159,18,17,0.88,2,-1,-1
102,-1,378,142,15,14,0.88,2,-1,-1
102,-1,350,137,14,15,0.84,2,-1,-1
103,-1,404,331,50,50,0.94,2,-1,-1
103,-1,301,162,18,18,0.89,2,-1,-1
103,-1,377,140,15,14,0.88,2,-1,-1
103,-1,349,135,14,15,0.85,2,-1,-1
104,-1,402,317,46,46,0.94,2,-1,-1
104,-1,300,163,19,19,0.89,2,-1,-1
104,-1,377,139,14,14,0.88,2,-1,-1
104,-1,349,134,13,14,0.86,2,-1,-1
105,-1,399,304,44,44,0.94,2,-1,-1
105,-1,300,165,19,20,0.90,2,-1,-1
105,-1,376,138,14,14,0.88,2,-1,-1
105,-1,349,134,13,14,0.87,2,-1,-1
106,-1,395,288,40,40,0.94,2,-1,-1
106,-1,299,168,20,20,0.90,2,-1,-1
106,-1,348,133,13,13,0.86,2,-1,-1
106,-1,375,136,13,14,0.85,2,-1,-1
106,-1,320,112,9,8,0.21,2,-1,-1
107,-1,391,272,37,37,0.94,2,-1,-1
107,-1,298,172,20,20,0.91,2,-1,-1
107,-1,375,135,13,14,0.87,2,-1,-1
107,-1,347,132,13,13,0.85,2,-1,-1
107,-1,320,111,9,9,0.46,2,-1,-1
108,-1,389,264,36,35,0.94,2,-1,-1
108,-1,297,174,20,21,0.91,2,-1,-1
108,-1,374,134,13,14,0.87,2,-1,-1
108,-1,347,131,13,12,0.81,2,-1,-1
108,-1,319,112,9,9,0.54,2,-1,-1
109,-1,385,251,34,33,0.93,2,-1,-1
109,-1,296,177,21,22,0.91,2,-1,-1
109,-1,373,133,13,13,0.89,2,-1,-1
109,-1,347,130,13,13,0.79,2,-1,-1
109,-1,319,114,10,8,0.21,2,-1,-1
110,-1,383,244,33,32,0.93,2,-1,-1
110,-1,295,180,21,22,0.92,2,-1,-1
110,-1,373,132,12,13,0.89,2,-1,-1
110,-1,347,129,13,12,0.80,2,-1,-1
110,-1,319,114,10,8,0.20,2,-1,-1
111,-1,380,234,30,30,0.93,2,-1,-1
111,-1,293,184,22,24,0.91,2,-1,-1
111,-1,371,131,13,13,0.88,2,-1,-1
111,-1,346,128,13,12,0.80,2,-1,-1
111,-1,318,114,10,9,0.60,2,-1,-1
112,-1,379,229,29,28,0.93,2,-1,-1
112,-1,292,186,22,25,0.92,2,-1,-1
112,-1,371,130,13,13,0.87,2,-1,-1
112,-1,346,128,12,12,0.79,2,-1,-1
112,-1,318,114,9,9,0.59,2,-1,-1
113,-1,291,191,23,25,0.93,2,-1,-1
113,-1,377,220,28,27,0.93,2,-1,-1
113,-1,370,129,13,13,0.85,2,-1,-1
113,-1,346,126,12,12,0.79,2,-1,-1
113,-1,318,115,10,9,0.69,2,-1,-1
114,-1,289,195,24,27,0.93,2,-1,-1
114,-1,376,215,27,26,0.92,2,-1,-1
114,-1,370,128,13,13,0.85,2,-1,-1
114,-1,346,126,12,12,0.77,2,-1,-1
114,-1,318,115,10,9,0.73,2,-1,-1
115,-1,286,200,26,28,0.92,2,-1,-1
115,-1,375,208,25,25,0.91,2,-1,-1
115,-1,368,127,13,13,0.81,2,-1,-1
115,-1,346,125,12,12,0.72,2,-1,-1
115,-1,318,116,10,9,0.65,2,-1,-1
116,-1,285,204,26,30,0.93,2,-1,-1
116,-1,373,204,26,24,0.91,2,-1,-1
116,-1,368,126,12,13,0.82,2,-1,-1
116,-1,346,124,12,12,0.70,2,-1,-1
116,-1,318,117,11,9,0.62,2,-1,-1
117,-1,283,208,27,31,0.94,2,-1,-1
117,-1,372,200,24,24,0.91,2,-1,-1
117,-1,368,126,12,12,0.82,2,-1,-1
117,-1,346,124,12,12,0.72,2,-1,-1
117,-1,318,117,11,9,0.62,2,-1,-1
118,-1,281,215,28,33,0.94,2,-1,-1
118,-1,370,195,23,23,0.91,2,-1,-1
118,-1,367,124,12,12,0.82,2,-1,-1
118,-1,346,123,12,12,0.60,2,-1,-1
118,-1,318,118,11,9,0.53,2,-1,-1
119,-1,277,222,30,36,0.94,2,-1,-1
119,-1,369,190,23,22,0.91,2,-1,-1
119,-1,366,124,11,12,0.79,2,-1,-1
119,-1,317,119,11,9,0.62,2,-1,-1
119,-1,345,122,12,11,0.59,2,-1,-1
120,-1,275,228,31,36,0.94,2,-1,-1
120,-1,368,186,22,21,0.92,2,-1,-1
120,-1,366,123,11,12,0.77,2,-1,-1
120,-1,345,122,11,11,0.62,2,-1,-1
120,-1,317,119,11,9,0.61,2,-1,-1
121,-1,272,237,33,40,0.94,2,-1,-1
121,-1,367,182,21,21,0.91,2,-1,-1
121,-1,365,122,12,12,0.77,2,-1,-1
121,-1,317,120,10,10,0.67,2,-1,-1
121,-1,345,121,11,10,0.33,2,-1,-1
122,-1,270,245,34,41,0.94,2,-1,-1
122,-1,366,179,22,21,0.90,2,-1,-1
122,-1,365,122,11,11,0.78,2,-1,-1
122,-1,316,120,11,10,0.66,2,-1,-1
122,-1,344,121,10,10,0.42,2,-1,-1
123,-1,267,252,36,44,0.95,2,-1,-1
123,-1,366,177,21,19,0.90,2,-1,-1
123,-1,364,122,11,11,0.78,2,-1,-1
123,-1,316,120,10,10,0.68,2,-1,-1
123,-1,344,120,11,10,0.63,2,-1,-1
124,-1,262,265,39,47,0.95,2,-1,-1
124,-1,364,173,20,19,0.91,2,-1,-1
124,-1,316,121,11,10,0.64,2,-1,-1
124,-1,363,120,11,11,0.60,2,-1,-1
124,-1,344,119,11,11,0.54,2,-1,-1
125,-1,257,275,42,50,0.94,2,-1,-1
125,-1,364,171,20,19,0.90,2,-1,-1
125,-1,316,122,11,10,0.77,2,-1,-1
125,-1,363,120,11,11,0.77,2,-1,-1
125,-1,344,119,10,10,0.54,2,-1,-1
126,-1,253,290,44,55,0.95,2,-1,-1
126,-1,363,168,19,18,0.90,2,-1,-1
126,-1,316,122,11,10,0.77,2,-1,-1
126,-1,363,120,11,11,0.76,2,-1,-1
126,-1,344,119,10,10,0.58,2,-1,-1
127,-1,249,302,45,59,0.94,2,-1,-1
127,-1,362,166,19,18,0.90,2,-1,-1
127,-1,316,123,11,10,0.79,2,-1,-1
127,-1,362,119,10,10,0.41,2,-1,-1
127,-1,344,119,10,9,0.23,2,-1,-1
128,-1,241,322,50,67,0.95,2,-1,-1
128,-1,362,162,18,19,0.89,2,-1,-1
128,-1,316,124,11,10,0.84,2,-1,-1
128,-1,361,119,10,10,0.71,2,-1,-1
128,-1,344,118,9,9,0.53,2,-1,-1
129,-1,234,338,55,73,0.94,2,-1,-1
129,-1,361,160,18,18,0.89,2,-1,-1
129,-1,315,124,12,10,0.84,2,-1,-1
129,-1,361,119,10,10,0.72,2,-1,-1
129,-1,344,118,9,9,0.56,2,-1,-1
130,-1,225,365,59,85,0.95,2,-1,-1
130,-1,360,157,17,18,0.89,2,-1,-1
130,-1,314,125,12,11,0.84,2,-1,-1
130,-1,361,118,10,10,0.23,2,-1,-1
131,-1,217,388,64,92,0.96,2,-1,-1
131,-1,360,157,17,17,0.89,2,-1,-1
131,-1,314,125,12,11,0.84,2,-1,-1
131,-1,361,117,9,9,0.64,2,-1,-1
132,-1,203,427,71,106,0.95,2,-1,-1
132,-1,359,153,17,17,0.90,2,-1,-1
132,-1,314,126,12,11,0.85,2,-1,-1
132,-1,360,117,9,9,0.59,2,-1,-1
132,-1,343,117,9,8,0.19,2,-1,-1
133,-1,193,478,71,61,0.93,2,-1,-1
133,-1,359,151,17,16,0.89,2,-1,-1
133,-1,314,127,13,11,0.81,2,-1,-1
133,-1,360,115,9,9,0.22,2,-1,-1
133,-1,343,116,9,8,0.13,2,-1,-1
134,-1,358,150,17,16,0.90,2,-1,-1
134,-1,182,518,68,21,0.86,2,-1,-1
134,-1,314,127,13,12,0.81,2,-1,-1
134,-1,359,115,10,9,0.63,2,-1,-1
134,-1,343,116,9,8,0.11,2,-1,-1
135,-1,357,148,16,15,0.90,2,-1,-1
135,-1,313,128,13,12,0.82,2,-1,-1
135,-1,359,115,10,9,0.62,2,-1,-1
135,-1,343,115,9,9,0.37,2,-1,-1
136,-1,357,146,15,16,0.90,2,-1,-1
136,-1,313,129,13,12,0.84,2,-1,-1
136,-1,358,114,10,10,0.66,2,-1,-1
136,-1,342,114,9,9,0.10,2,-1,-1
137,-1,356,145,16,15,0.88,2,-1,-1
137,-1,313,130,13,12,0.84,2,-1,-1
137,-1,358,114,9,9,0.63,2,-1,-1
137,-1,342,114,9,9,0.18,2,-1,-1
138,-1,355,144,15,15,0.89,2,-1,-1
138,-1,313,131,13,12,0.85,2,-1,-1
138,-1,358,113,9,10,0.62,2,-1,-1
138,-1,342,114,9,9,0.19,2,-1,-1
139,-1,354,142,16,14,0.88,2,-1,-1
139,-1,312,131,13,12,0.84,2,-1,-1
139,-1,357,113,9,10,0.35,2,-1,-1
140,-1,355,141,15,14,0.90,2,-1,-1
140,-1,312,132,13,13,0.85,2,-1,-1
140,-1,357,113,9,10,0.29,2,-1,-1
140,-1,342,111,9,9,0.16,2,-1,-1
141,-1,354,139,14,14,0.90,2,-1,-1
141,-1,312,133,14,13,0.84,2,-1,-1
141,-1,357,111,9,9,0.40,2,-1,-1
141,-1,342,111,9,9,0.13,2,-1,-1
142,-1,353,138,15,14,0.88,2,-1,-1
142,-1,312,135,14,13,0.82,2,-1,-1
142,-1,356,111,9,10,0.12,2,-1,-1
143,-1,353,137,15,14,0.88,2,-1,-1
143,-1,311,136,14,13,0.81,2,-1,-1
144,-1,352,135,14,14,0.87,2,-1,-1
144,-1,311,137,14,12,0.81,2,-1,-1
145,-1,352,134,14,14,0.87,2,-1,-1
145,-1,311,138,14,13,0.83,2,-1,-1
146,-1,352,133,14,14,0.87,2,-1,-1
146,-1,311,140,14,13,0.84,2,-1,-1
147,-1,351,132,14,14,0.87,2,-1,-1
147,-1,310,141,14,13,0.86,2,-1,-1
148,-1,351,131,14,14,0.86,2,-1,-1
148,-1,310,143,15,13,0.85,2,-1,-1
149,-1,309,142,15,15,0.88,2,-1,-1
149,-1,350,130,14,13,0.84,2,-1,-1
150,-1,308,145,16,14,0.87,2,-1,-1
150,-1,350,129,13,13,0.84,2,-1,-1
151,-1,308,146,16,14,0.89,2,-1,-1
151,-1,350,128,13,13,0.85,2,-1,-1
152,-1,308,148,16,14,0.89,2,-1,-1
152,-1,350,128,12,12,0.85,2,-1,-1
153,-1,307,150,16,14,0.90,2,-1,-1
153,-1,349,126,13,13,0.85,2,-1,-1
154,-1,306,150,17,15,0.90,2,-1,-1
154,-1,349,126,13,13,0.85,2,-1,-1
155,-1,306,154,16,14,0.89,2,-1,-1
155,-1,348,125,12,12,0.84,2,-1,-1
156,-1,306,155,17,14,0.88,2,-1,-1
156,-1,348,124,12,12,0.84,2,-1,-1
157,-1,304,157,17,15,0.89,2,-1,-1
157,-1,347,123,12,11,0.84,2,-1,-1
158,-1,304,159,18,15,0.89,2,-1,-1
158,-1,347,123,12,12,0.82,2,-1,-1
159,-1,303,161,18,16,0.88,2,-1,-1
159,-1,347,122,12,11,0.82,2,-1,-1
160,-1,303,163,18,16,0.88,2,-1,-1
160,-1,346,122,12,11,0.79,2,-1,-1
161,-1,301,164,18,18,0.90,2,-1,-1
161,-1,346,121,11,10,0.78,2,-1,-1
162,-1,301,167,19,18,0.89,2,-1,-1
162,-1,346,121,11,10,0.78,2,-1,-1
163,-1,299,170,19,19,0.89,2,-1,-1
163,-1,346,120,12,11,0.67,2,-1,-1
164,-1,298,172,20,19,0.90,2,-1,-1
164,-1,346,119,11,10,0.66,2,-1,-1
165,-1,297,174,20,21,0.90,2,-1,-1
165,-1,345,119,11,10,0.67,2,-1,-1
166,-1,296,177,21,21,0.91,2,-1,-1
166,-1,345,119,10,10,0.64,2,-1,-1
167,-1,295,180,21,23,0.91,2,-1,-1
167,-1,345,118,10,10,0.62,2,-1,-1
168,-1,293,182,22,23,0.91,2,-1,-1
168,-1,345,118,10,10,0.63,2,-1,-1
169,-1,292,186,23,24,0.92,2,-1,-1
169,-1,345,117,9,9,0.56,2,-1,-1
170,-1,291,188,23,26,0.92,2,-1,-1
170,-1,345,117,9,9,0.54,2,-1,-1
171,-1,289,195,24,25,0.91,2,-1,-1
171,-1,345,116,10,10,0.71,2,-1,-1
172,-1,287,197,25,27,0.92,2,-1,-1
172,-1,344,116,9,9,0.67,2,-1,-1
173,-1,285,203,26,28,0.94,2,-1,-1
173,-1,344,115,10,9,0.63,2,-1,-1
174,-1,283,207,27,29,0.93,2,-1,-1
174,-1,344,115,10,9,0.62,2,-1,-1
175,-1,280,212,28,32,0.93,2,-1,-1
175,-1,344,114,10,9,0.36,2,-1,-1
176,-1,279,217,29,33,0.93,2,-1,-1
176,-1,343,113,10,10,0.65,2,-1,-1
177,-1,275,222,31,35,0.95,2,-1,-1
177,-1,343,113,10,9,0.66,2,-1,-1
178,-1,273,230,32,37,0.94,2,-1,-1
178,-1,343,113,10,10,0.23,2,-1,-1
179,-1,270,239,33,40,0.94,2,-1,-1
179,-1,343,113,10,10,0.28,2,-1,-1
180,-1,268,245,34,42,0.94,2,-1,-1
180,-1,343,111,10,9,0.40,2,-1,-1
181,-1,265,253,36,43,0.95,2,-1,-1
181,-1,343,112,9,9,0.41,2,-1,-1
182,-1,260,266,39,46,0.95,2,-1,-1
182,-1,342,112,9,9,0.17,2,-1,-1
183,-1,257,275,41,49,0.94,2,-1,-1
184,-1,252,290,43,54,0.94,2,-1,-1
185,-1,246,307,46,59,0.95,2,-1,-1
185,-1,343,110,8,8,0.15,2,-1,-1
186,-1,241,321,49,63,0.95,2,-1,-1
186,-1,343,110,8,8,0.20,2,-1,-1
187,-1,232,343,55,73,0.95,2,-1,-1
187,-1,343,109,8,8,0.12,2,-1,-1
188,-1,226,360,59,81,0.95,2,-1,-1
189,-1,219,381,63,88,0.95,2,-1,-1
190,-1,206,416,71,102,0.95,2,-1,-1
191,-1,195,444,77,93,0.95,2,-1,-1
191,-1,310,110,8,9,0.18,2,-1,-1
192,-1,184,496,77,43,0.91,2,-1,-1
192,-1,308,112,9,9,0.64,2,-1,-1
193,-1,308,112,9,9,0.63,2,-1,-1
194,-1,308,112,9,9,0.54,2,-1,-1
194,-1,342,107,7,8,0.18,2,-1,-1
195,-1,308,113,9,10,0.70,2,-1,-1
195,-1,342,107,7,8,0.17,2,-1,-1
196,-1,307,114,9,9,0.45,2,-1,-1
197,-1,307,114,9,10,0.60,2,-1,-1
198,-1,307,114,9,10,0.72,2,-1,-1
199,-1,307,116,9,9,0.49,2,-1,-1
200,-1,306,117,10,9,0.75,2,-1,-1
201,-1,306,117,10,9,0.75,2,-1,-1
202,-1,306,118,9,9,0.49,2,-1,-1
203,-1,306,119,9,9,0.14,2,-1,-1
204,-1,306,119,9,9,0.13,2,-1,-1
205,-1,305,119,10,9,0.65,2,-1,-1
206,-1,304,121,10,9,0.58,2,-1,-1
207,-1,303,121,10,9,0.68,2,-1,-1
208,-1,304,121,10,9,0.68,2,-1,-1
209,-1,303,122,11,10,0.72,2,-1,-1
210,-1,303,122,10,9,0.59,2,-1,-1
211,-1,303,122,11,10,0.77,2,-1,-1
212,-1,303,122,11,10,0.78,2,-1,-1
213,-1,302,123,11,10,0.83,2,-1,-1
214,-1,301,124,12,10,0.84,2,-1,-1
215,-1,300,124,12,11,0.84,2,-1,-1
216,-1,301,125,12,11,0.85,2,-1,-1
217,-1,300,126,12,10,0.86,2,-1,-1
218,-1,300,126,11,10,0.86,2,-1,-1
219,-1,299,128,11,10,0.80,2,-1,-1
220,-1,299,128,12,11,0.79,2,-1,-1
221,-1,298,130,11,11,0.74,2,-1,-1
222,-1,298,130,12,11,0.82,2,-1,-1
223,-1,298,131,11,10,0.83,2,-1,-1
224,-1,297,132,12,11,0.83,2,-1,-1
225,-1,297,133,12,10,0.84,2,-1,-1
226,-1,296,133,12,11,0.84,2,-1,-1
227,-1,295,135,13,11,0.84,2,-1,-1
228,-1,295,135,13,12,0.82,2,-1,-1
229,-1,294,137,13,11,0.87,2,-1,-1
230,-1,293,139,14,11,0.87,2,-1,-1
231,-1,292,140,14,12,0.88,2,-1,-1
232,-1,292,141,14,11,0.87,2,-1,-1
233,-1,291,142,13,11,0.85,2,-1,-1
234,-1,291,143,13,12,0.85,2,-1,-1
235,-1,290,145,14,11,0.85,2,-1,-1
236,-1,290,146,14,12,0.86,2,-1,-1
237,-1,289,148,14,12,0.86,2,-1,-1
238,-1,288,149,14,12,0.86,2,-1,-1
239,-1,287,152,14,12,0.86,2,-1,-1
240,-1,285,153,15,11,0.86,2,-1,-1
241,-1,284,155,16,13,0.88,2,-1,-1
242,-1,284,156,16,13,0.89,2,-1,-1
243,-1,283,159,16,12,0.87,2,-1,-1
244,-1,281,161,17,13,0.86,2,-1,-1
245,-1,280,162,17,13,0.88,2,-1,-1
246,-1,279,165,17,13,0.89,2,-1,-1
247,-1,277,168,18,13,0.88,2,-1,-1
248,-1,276,170,18,14,0.87,2,-1,-1
249,-1,273,172,19,16,0.86,2,-1,-1
250,-1,272,175,19,16,0.88,2,-1,-1
251,-1,270,176,20,17,0.89,2,-1,-1
252,-1,268,178,21,20,0.92,2,-1,-1
253,-1,266,182,21,19,0.88,2,-1,-1
254,-1,265,185,21,21,0.88,2,-1,-1
255,-1,262,189,22,22,0.90,2,-1,-1
256,-1,260,192,23,22,0.93,2,-1,-1
257,-1,257,197,25,24,0.90,2,-1,-1
258,-1,255,201,26,25,0.92,2,-1,-1
259,-1,252,207,26,25,0.92,2,-1,-1
260,-1,250,208,26,26,0.91,2,-1,-1
261,-1,245,215,28,28,0.92,2,-1,-1
262,-1,243,220,30,30,0.92,2,-1,-1
263,-1,238,227,31,31,0.93,2,-1,-1
264,-1,234,234,31,32,0.92,2,-1,-1
265,-1,228,243,33,35,0.93,2,-1,-1
266,-1,224,250,35,37,0.93,2,-1,-1
267,-1,219,258,36,38,0.93,2,-1,-1
268,-1,211,271,39,42,0.95,2,-1,-1
269,-1,202,286,42,44,0.95,2,-1,-1
270,-1,195,297,45,48,0.94,2,-1,-1
271,-1,184,317,49,52,0.95,2,-1,-1
272,-1,175,330,52,58,0.95,2,-1,-1
273,-1,159,356,58,64,0.95,2,-1,-1
274,-1,147,375,63,71,0.95,2,-1,-1
275,-1,127,409,70,83,0.94,2,-1,-1
276,-1,109,435,78,93,0.95,2,-1,-1
277,-1,90,483,77,56,0.93,2,-1,-1
278,-1,75,521,75,18,0.85,2,-1,-1
301,-1,463,476,87,63,0.94,2,-1,-1
302,-1,454,444,78,81,0.95,2,-1,-1
303,-1,441,402,68,69,0.95,2,-1,-1
304,-1,434,380,63,62,0.95,2,-1,-1
305,-1,426,350,55,53,0.95,2,-1,-1
306,-1,419,332,51,49,0.94,2,-1,-1
307,-1,413,308,46,45,0.94,2,-1,-1
308,-1,408,296,44,41,0.94,2,-1,-1
309,-1,404,278,39,38,0.94,2,-1,-1
310,-1,400,267,38,37,0.95,2,-1,-1
311,-1,395,253,36,35,0.94,2,-1,-1
312,-1,392,246,35,33,0.94,2,-1,-1
313,-1,388,234,33,31,0.92,2,-1,-1
314,-1,386,228,30,29,0.94,2,-1,-1
315,-1,383,218,29,28,0.93,2,-1,-1
316,-1,381,214,28,26,0.94,2,-1,-1
317,-1,378,206,28,25,0.91,2,-1,-1
318,-1,376,202,25,25,0.90,2,-1,-1
319,-1,374,195,25,24,0.91,2,-1,-1
320,-1,372,192,25,23,0.90,2,-1,-1
321,-1,370,186,23,22,0.91,2,-1,-1
322,-1,369,182,22,23,0.91,2,-1,-1
323,-1,367,178,21,22,0.90,2,-1,-1
324,-1,366,176,22,20,0.91,2,-1,-1
325,-1,365,172,21,19,0.90,2,-1,-1
326,-1,364,170,21,19,0.90,2,-1,-1
327,-1,363,166,20,19,0.89,2,-1,-1
328,-1,362,164,19,19,0.89,2,-1,-1
329,-1,361,160,19,18,0.89,2,-1,-1
330,-1,360,158,17,18,0.88,2,-1,-1
331,-1,360,156,17,17,0.88,2,-1,-1
332,-1,359,155,17,16,0.89,2,-1,-1
333,-1,358,153,17,16,0.89,2,-1,-1
334,-1,357,151,17,16,0.89,2,-1,-1
335,-1,357,149,16,14,0.90,2,-1,-1
336,-1,356,148,16,15,0.91,2,-1,-1
337,-1,356,145,16,15,0.90,2,-1,-1
338,-1,355,144,16,15,0.90,2,-1,-1
339,-1,355,142,16,14,0.89,2,-1,-1
340,-1,354,140,15,14,0.90,2,-1,-1
341,-1,354,139,15,14,0.89,2,-1,-1
341,-1,310,96,9,16,0.11,7,-1,-1
342,-1,353,138,15,14,0.89,2,-1,-1
342,-1,310,96,9,16,0.14,7,-1,-1
343,-1,353,137,14,13,0.88,2,-1,-1
343,-1,310,96,9,16,0.14,7,-1,-1
344,-1,353,135,14,13,0.88,2,-1,-1
344,-1,310,96,9,16,0.13,7,-1,-1
345,-1,352,134,14,13,0.89,2,-1,-1
346,-1,352,133,14,13,0.88,2,-1,-1
347,-1,352,132,13,13,0.88,2,-1,-1
348,-1,352,131,13,12,0.87,2,-1,-1
349,-1,351,130,13,12,0.85,2,-1,-1
350,-1,351,129,13,13,0.86,2,-1,-1
351,-1,351,128,12,12,0.85,2,-1,-1
352,-1,351,127,12,12,0.85,2,-1,-1
353,-1,350,126,12,11,0.87,2,-1,-1
354,-1,350,125,12,12,0.87,2,-1,-1
355,-1,350,125,11,11,0.85,2,-1,-1
356,-1,349,124,12,12,0.85,2,-1,-1
357,-1,349,124,11,11,0.83,2,-1,-1
358,-1,349,122,11,11,0.84,2,-1,-1
359,-1,348,122,11,10,0.86,2,-1,-1
360,-1,348,122,11,10,0.85,2,-1,-1
361,-1,348,121,11,10,0.83,2,-1,-1
362,-1,348,120,11,10,0.82,2,-1,-1
363,-1,348,120,11,10,0.81,2,-1,-1
364,-1,347,119,11,10,0.81,2,-1,-1
365,-1,347,118,11,10,0.80,2,-1,-1
366,-1,347,118,11,10,0.80,2,-1,-1
367,-1,347,117,10,10,0.79,2,-1,-1
368,-1,346,117,10,10,0.78,2,-1,-1
369,-1,346,115,10,10,0.68,2,-1,-1
370,-1,346,115,10,10,0.67,2,-1,-1
371,-1,345,115,10,10,0.74,2,-1,-1
372,-1,345,115,10,10,0.71,2,-1,-1
373,-1,345,114,10,9,0.74,2,-1,-1
374,-1,345,114,10,9,0.74,2,-1,-1
375,-1,345,113,10,9,0.64,2,-1,-1
376,-1,344,112,9,9,0.57,2,-1,-1
377,-1,344,112,9,9,0.64,2,-1,-1
378,-1,344,111,9,10,0.63,2,-1,-1
379,-1,344,111,9,10,0.44,2,-1,-1
379,-1,307,107,10,13,0.23,7,-1,-1
380,-1,344,110,9,9,0.29,2,-1,-1
380,-1,307,107,10,13,0.20,7,-1,-1
381,-1,344,110,9,9,0.30,2,-1,-1
381,-1,306,107,10,15,0.23,7,-1,-1
382,-1,306,106,10,15,0.26,7,-1,-1
382,-1,344,110,9,9,0.14,2,-1,-1
383,-1,306,106,10,15,0.53,7,-1,-1
383,-1,344,109,8,9,0.20,2,-1,-1
384,-1,306,105,11,17,0.81,7,-1,-1
384,-1,344,109,8,9,0.18,2,-1,-1
385,-1,305,103,12,19,0.86,7,-1,-1
385,-1,344,109,8,8,0.27,2,-1,-1
386,-1,305,103,12,19,0.87,7,-1,-1
386,-1,344,109,8,8,0.28,2,-1,-1
387,-1,305,103,12,19,0.87,7,-1,-1
387,-1,344,108,8,8,0.21,2,-1,-1
388,-1,305,104,12,20,0.85,7,-1,-1
389,-1,305,104,12,20,0.85,7,-1,-1
389,-1,343,107,8,8,0.19,2,-1,-1
390,-1,305,104,12,20,0.85,7,-1,-1
390,-1,343,107,8,8,0.20,2,-1,-1
391,-1,305,105,12,20,0.85,7,-1,-1
391,-1,343,107,7,8,0.17,2,-1,-1
392,-1,304,105,12,20,0.82,7,-1,-1
393,-1,304,104,13,22,0.86,7,-1,-1
393,-1,343,106,7,8,0.13,2,-1,-1
394,-1,303,104,13,22,0.88,7,-1,-1
394,-1,343,106,7,8,0.14,2,-1,-1
395,-1,303,104,14,23,0.88,7,-1,-1
395,-1,343,106,7,8,0.14,2,-1,-1
396,-1,302,105,14,23,0.89,7,-1,-1
397,-1,302,106,14,22,0.90,7,-1,-1
398,-1,302,106,14,22,0.90,7,-1,-1
399,-1,301,106,14,23,0.89,7,-1,-1
400,-1,300,106,15,24,0.89,7,-1,-1
401,-1,300,106,15,24,0.89,7,-1,-1
402,-1,299,107,16,23,0.91,7,-1,-1
403,-1,299,108,15,22,0.90,7,-1,-1
404,-1,299,109,16,23,0.88,7,-1,-1
405,-1,298,110,16,22,0.88,7,-1,-1
406,-1,298,110,16,23,0.89,7,-1,-1
407,-1,298,110,16,23,0.90,7,-1,-1
408,-1,297,110,16,24,0.90,7,-1,-1
409,-1,297,110,17,24,0.91,7,-1,-1
410,-1,296,111,17,24,0.90,7,-1,-1
411,-1,296,111,17,24,0.90,7,-1,-1
412,-1,295,112,18,25,0.91,7,-1,-1
413,-1,295,112,17,25,0.90,7,-1,-1
414,-1,295,112,17,25,0.90,7,-1,-1
415,-1,294,113,18,26,0.91,7,-1,-1
416,-1,294,113,18,26,0.91,7,-1,-1
417,-1,293,114,18,26,0.90,7,-1,-1
418,-1,293,113,19,28,0.91,7,-1,-1
419,-1,292,113,19,29,0.91,7,-1,-1
420,-1,292,113,20,29,0.92,7,-1,-1
421,-1,291,114,20,29,0.91,7,-1,-1
422,-1,290,114,21,30,0.92,7,-1,-1
423,-1,289,115,21,30,0.92,7,-1,-1
424,-1,289,115,21,31,0.92,7,-1,-1
425,-1,288,115,22,31,0.93,7,-1,-1
426,-1,287,115,22,32,0.93,7,-1,-1
427,-1,287,115,22,33,0.92,7,-1,-1
428,-1,286,115,23,34,0.92,7,-1,-1
429,-1,285,116,23,34,0.94,7,-1,-1
430,-1,285,117,24,34,0.95,7,-1,-1
431,-1,284,117,23,35,0.95,7,-1,-1
432,-1,284,118,24,36,0.94,7,-1,-1
433,-1,283,118,24,36,0.93,7,-1,-1
434,-1,282,119,24,36,0.93,7,-1,-1
435,-1,281,119,25,38,0.93,7,-1,-1
436,-1,281,120,25,39,0.94,7,-1,-1
437,-1,279,121,26,39,0.94,7,-1,-1
438,-1,278,122,26,40,0.94,7,-1,-1
439,-1,278,122,26,40,0.95,7,-1,-1
440,-1,277,122,26,41,0.95,7,-1,-1
441,-1,276,123,28,42,0.95,7,-1,-1
442,-1,275,124,28,43,0.94,7,-1,-1
443,-1,274,126,28,43,0.94,7,-1,-1
444,-1,273,126,29,44,0.94,7,-1,-1
445,-1,272,128,29,44,0.94,7,-1,-1
445,-1,565,502,72,37,0.93,2,-1,-1
446,-1,271,128,29,45,0.94,7,-1,-1
446,-1,551,469,83,70,0.94,2,-1,-1
447,-1,270,129,30,46,0.95,7,-1,-1
447,-1,529,427,80,78,0.94,2,-1,-1
448,-1,268,130,31,47,0.95,7,-1,-1
448,-1,517,402,73,71,0.94,2,-1,-1
449,-1,500,371,66,63,0.95,2,-1,-1
449,-1,267,131,32,49,0.94,7,-1,-1
450,-1,265,132,33,50,0.94,7,-1,-1
450,-1,491,354,61,57,0.94,2,-1,-1
451,-1,264,133,33,51,0.95,7,-1,-1
451,-1,479,329,55,52,0.95,2,-1,-1
452,-1,263,134,33,51,0.94,7,-1,-1
452,-1,471,315,52,49,0.94,2,-1,-1
453,-1,261,135,34,53,0.94,7,-1,-1
453,-1,462,297,47,44,0.94,2,-1,-1
454,-1,260,136,35,55,0.94,7,-1,-1
454,-1,456,285,44,42,0.94,2,-1,-1
455,-1,448,271,41,39,0.95,2,-1,-1
455,-1,258,138,36,56,0.94,7,-1,-1
456,-1,444,263,38,36,0.95,2,-1,-1
456,-1,257,139,37,57,0.95,7,-1,-1
457,-1,256,141,37,59,0.95,7,-1,-1
457,-1,437,250,35,34,0.93,2,-1,-1
458,-1,254,141,39,60,0.95,7,-1,-1
458,-1,434,243,33,33,0.94,2,-1,-1
459,-1,251,143,41,62,0.94,7,-1,-1
459,-1,428,234,32,31,0.94,2,-1,-1
460,-1,250,144,42,64,0.95,7,-1,-1
460,-1,424,228,31,30,0.93,2,-1,-1
461,-1,247,146,43,66,0.95,7,-1,-1
461,-1,420,221,29,28,0.93,2,-1,-1
462,-1,245,147,44,68,0.95,7,-1,-1
462,-1,417,215,27,27,0.92,2,-1,-1
463,-1,243,149,45,71,0.95,7,-1,-1
463,-1,413,208,27,26,0.92,2,-1,-1
464,-1,241,151,47,72,0.95,7,-1,-1
464,-1,410,205,26,25,0.92,2,-1,-1
465,-1,237,153,49,75,0.95,7,-1,-1
465,-1,407,197,26,25,0.91,2,-1,-1
466,-1,235,154,50,78,0.95,7,-1,-1
466,-1,405,194,25,24,0.92,2,-1,-1
467,-1,232,156,53,81,0.95,7,-1,-1
467,-1,403,191,23,23,0.92,2,-1,-1
468,-1,229,159,55,84,0.96,7,-1,-1
468,-1,400,186,23,22,0.91,2,-1,-1
469,-1,224,162,58,88,0.96,7,-1,-1
469,-1,397,182,22,21,0.92,2,-1,-1
469,-1,307,101,11,17,0.11,7,-1,-1
470,-1,220,163,59,91,0.95,7,-1,-1
470,-1,395,179,22,21,0.91,2,-1,-1
471,-1,215,167,62,96,0.95,7,-1,-1
471,-1,393,175,21,21,0.90,2,-1,-1
471,-1,307,102,10,16,0.28,7,-1,-1
472,-1,212,169,63,100,0.95,7,-1,-1
472,-1,391,173,21,20,0.91,2,-1,-1
472,-1,307,102,11,17,0.54,7,-1,-1
473,-1,208,171,65,104,0.95,7,-1,-1
473,-1,390,170,20,20,0.90,2,-1,-1
473,-1,307,102,12,18,0.74,7,-1,-1
474,-1,202,175,70,110,0.96,7,-1,-1
474,-1,387,166,20,20,0.90,2,-1,-1
474,-1,306,102,12,18,0.77,7,-1,-1
475,-1,195,179,74,116,0.96,7,-1,-1
475,-1,385,163,20,19,0.90,2,-1,-1
475,-1,306,103,12,18,0.73,7,-1,-1
476,-1,191,182,77,122,0.97,7,-1,-1
476,-1,384,161,19,19,0.91,2,-1,-1
476,-1,306,103,11,18,0.68,7,-1,-1
477,-1,183,186,81,131,0.96,7,-1,-1
477,-1,382,159,19,18,0.90,2,-1,-1
477,-1,306,104,11,17,0.74,7,-1,-1
478,-1,176,189,86,137,0.96,7,-1,-1
478,-1,380,158,19,18,0.90,2,-1,-1
478,-1,306,103,12,18,0.74,7,-1,-1
479,-1,169,195,90,147,0.96,7,-1,-1
479,-1,379,155,18,17,0.89,2,-1,-1
479,-1,306,105,11,16,0.62,7,-1,-1
480,-1,161,198,95,155,0.96,7,-1,-1
480,-1,378,153,18,16,0.89,2,-1,-1
480,-1,307,106,10,16,0.56,7,-1,-1
481,-1,149,204,102,167,0.96,7,-1,-1
481,-1,376,151,18,16,0.90,2,-1,-1
481,-1,306,108,10,15,0.66,7,-1,-1
482,-1,141,209,108,177,0.96,7,-1,-1
482,-1,375,150,17,16,0.89,2,-1,-1
482,-1,306,107,10,16,0.66,7,-1,-1
483,-1,126,215,120,196,0.97,7,-1,-1
483,-1,374,148,17,15,0.89,2,-1,-1
483,-1,306,108,11,15,0.62,7,-1,-1
484,-1,116,221,127,207,0.97,7,-1,-1
484,-1,373,146,16,16,0.90,2,-1,-1
484,-1,306,109,10,15,0.34,7,-1,-1
485,-1,97,229,139,231,0.97,7,-1,-1
485,-1,372,145,16,15,0.90,2,-1,-1
485,-1,306,112,10,13,0.13,2,-1,-1
486,-1,83,235,149,247,0.96,7,-1,-1
486,-1,371,144,16,15,0.90,2,-1,-1
486,-1,306,112,10,13,0.13,2,-1,-1
487,-1,62,246,163,279,0.96,7,-1,-1
487,-1,370,142,15,14,0.89,2,-1,-1
487,-1,306,111,10,14,0.11,7,-1,-1
488,-1,43,253,175,286,0.96,7,-1,-1
488,-1,369,141,15,14,0.87,2,-1,-1
489,-1,7,264,204,274,0.97,7,-1,-1
489,-1,368,139,15,14,0.87,2,-1,-1
490,-1,5,276,202,262,0.96,7,-1,-1
490,-1,368,138,14,14,0.87,2,-1,-1
490,-1,305,113,10,15,0.17,7,-1,-1
491,-1,2,291,196,248,0.96,7,-1,-1
491,-1,367,136,15,14,0.87,2,-1,-1
491,-1,305,113,10,14,0.11,2,-1,-1
492,-1,2,305,188,234,0.97,7,-1,-1
492,-1,366,136,14,13,0.88,2,-1,-1
492,-1,304,113,10,15,0.17,2,-1,-1
493,-1,3,326,174,213,0.97,7,-1,-1
493,-1,365,134,15,14,0.88,2,-1,-1
494,-1,3,343,165,196,0.96,7,-1,-1
494,-1,365,134,14,13,0.88,2,-1,-1
495,-1,2,372,147,167,0.97,7,-1,-1
495,-1,365,133,14,13,0.88,2,-1,-1
495,-1,305,115,10,15,0.19,2,-1,-1
496,-1,2,393,134,146,0.96,7,-1,-1
496,-1,364,132,14,13,0.88,2,-1,-1
496,-1,303,114,11,17,0.23,2,-1,-1
497,-1,2,435,113,104,0.93,7,-1,-1
497,-1,364,131,14,11,0.87,2,-1,-1
497,-1,302,113,12,18,0.52,7,-1,-1
498,-1,2,469,91,70,0.91,7,-1,-1
498,-1,363,131,14,12,0.87,2,-1,-1
498,-1,302,113,12,18,0.57,7,-1,-1
499,-1,363,129,13,12,0.87,2,-1,-1
499,-1,301,113,13,18,0.69,7,-1,-1
500,-1,362,129,13,11,0.86,2,-1,-1
500,-1,301,114,13,18,0.73,7,-1,-1
501,-1,362,127,13,12,0.84,2,-1,-1
501,-1,301,114,13,19,0.76,7,-1,-1
502,-1,361,127,13,12,0.85,2,-1,-1
502,-1,301,114,14,19,0.74,7,-1,-1
503,-1,361,126,13,12,0.84,2,-1,-1
503,-1,300,114,15,20,0.76,7,-1,-1
504,-1,360,125,13,11,0.85,2,-1,-1
504,-1,300,115,15,20,0.76,7,-1,-1
505,-1,360,125,13,11,0.84,2,-1,-1
505,-1,300,116,14,19,0.77,7,-1,-1
506,-1,360,124,12,11,0.85,2,-1,-1
506,-1,300,116,15,19,0.80,7,-1,-1
507,-1,360,123,12,11,0.83,2,-1,-1
507,-1,299,116,16,21,0.81,7,-1,-1
508,-1,360,123,12,11,0.83,2,-1,-1
508,-1,299,116,16,22,0.82,7,-1,-1
509,-1,298,115,16,22,0.84,7,-1,-1
509,-1,359,121,12,11,0.83,2,-1,-1
510,-1,298,115,17,23,0.86,7,-1,-1
510,-1,359,121,12,11,0.82,2,-1,-1
511,-1,298,115,17,24,0.88,7,-1,-1
511,-1,358,121,12,10,0.78,2,-1,-1
512,-1,297,115,17,25,0.89,7,-1,-1
512,-1,358,120,12,10,0.77,2,-1,-1
513,-1,297,116,17,24,0.89,7,-1,-1
513,-1,358,120,12,10,0.74,2,-1,-1
514,-1,297,116,17,24,0.88,7,-1,-1
514,-1,357,120,12,10,0.75,2,-1,-1
515,-1,296,116,18,25,0.89,7,-1,-1
515,-1,357,119,11,10,0.70,2,-1,-1
516,-1,296,116,18,26,0.89,7,-1,-1
516,-1,356,118,11,9,0.68,2,-1,-1
517,-1,295,116,19,26,0.90,7,-1,-1
517,-1,356,118,11,9,0.67,2,-1,-1
518,-1,295,116,20,27,0.89,7,-1,-1
518,-1,356,117,11,9,0.74,2,-1,-1
519,-1,294,117,20,27,0.89,7,-1,-1
519,-1,356,116,11,10,0.74,2,-1,-1
520,-1,293,117,21,28,0.89,7,-1,-1
520,-1,356,116,10,9,0.77,2,-1,-1
521,-1,293,117,21,29,0.91,7,-1,-1
521,-1,356,116,10,9,0.77,2,-1,-1
522,-1,292,117,21,29,0.90,7,-1,-1
522,-1,356,115,10,9,0.65,2,-1,-1
523,-1,292,117,21,29,0.91,7,-1,-1
523,-1,355,115,10,9,0.69,2,-1,-1
524,-1,549,472,86,66,0.95,2,-1,-1
524,-1,291,118,22,31,0.90,7,-1,-1
524,-1,355,114,10,9,0.65,2,-1,-1
525,-1,535,444,78,76,0.96,2,-1,-1
525,-1,291,118,23,31,0.89,7,-1,-1
525,-1,355,114,10,9,0.55,2,-1,-1
526,-1,516,406,72,67,0.94,2,-1,-1
526,-1,290,118,23,32,0.90,7,-1,-1
526,-1,354,112,10,10,0.52,2,-1,-1
527,-1,499,374,63,59,0.94,2,-1,-1
527,-1,290,119,22,33,0.90,7,-1,-1
527,-1,355,112,9,9,0.24,2,-1,-1
528,-1,490,355,61,56,0.94,2,-1,-1
528,-1,289,120,22,32,0.91,7,-1,-1
528,-1,355,112,9,9,0.22,2,-1,-1
529,-1,478,331,53,50,0.95,2,-1,-1
529,-1,289,120,22,34,0.90,7,-1,-1
529,-1,354,111,9,9,0.24,2,-1,-1
530,-1,471,317,50,47,0.94,2,-1,-1
530,-1,288,120,22,34,0.89,7,-1,-1
530,-1,354,111,9,9,0.11,2,-1,-1
531,-1,462,298,45,43,0.94,2,-1,-1
531,-1,287,121,23,35,0.90,7,-1,-1
532,-1,456,287,42,41,0.94,2,-1,-1
532,-1,287,121,23,35,0.90,7,-1,-1
532,-1,353,111,9,9,0.11,2,-1,-1
533,-1,448,272,40,37,0.94,2,-1,-1
533,-1,286,123,24,35,0.91,7,-1,-1
534,-1,443,264,38,35,0.94,2,-1,-1
534,-1,285,122,24,37,0.92,7,-1,-1
535,-1,436,251,35,34,0.94,2,-1,-1
535,-1,284,121,25,39,0.91,7,-1,-1
536,-1,432,244,34,32,0.93,2,-1,-1
536,-1,283,126,24,35,0.91,7,-1,-1
537,-1,427,234,31,31,0.93,2,-1,-1
537,-1,282,129,24,34,0.89,7,-1,-1
538,-1,423,229,31,29,0.92,2,-1,-1
538,-1,281,130,25,34,0.89,7,-1,-1
539,-1,419,221,28,28,0.92,2,-1,-1
539,-1,281,131,25,35,0.89,7,-1,-1
540,-1,416,216,28,27,0.92,2,-1,-1
540,-1,280,133,25,34,0.91,7,-1,-1
541,-1,413,211,27,27,0.93,2,-1,-1
541,-1,279,135,25,33,0.91,7,-1,-1
542,-1,409,205,26,25,0.92,2,-1,-1
542,-1,277,136,25,34,0.91,7,-1,-1
542,-1,290,120,19,26,0.86,7,-1,-1
543,-1,276,138,25,34,0.92,7,-1,-1
543,-1,406,199,24,24,0.91,2,-1,-1
543,-1,290,121,20,27,0.85,7,-1,-1
544,-1,276,138,25,35,0.93,7,-1,-1
544,-1,404,195,24,23,0.92,2,-1,-1
544,-1,290,121,20,27,0.86,7,-1,-1
545,-1,274,140,25,35,0.94,7,-1,-1
545,-1,402,191,23,23,0.91,2,-1,-1
545,-1,289,122,19,28,0.90,7,-1,-1
546,-1,273,140,26,37,0.93,7,-1,-1
546,-1,400,187,21,22,0.92,2,-1,-1
546,-1,288,122,20,28,0.89,7,-1,-1
547,-1,272,142,26,37,0.92,7,-1,-1
547,-1,288,122,20,29,0.92,7,-1,-1
547,-1,396,183,22,21,0.91,2,-1,-1
548,-1,271,143,27,38,0.93,7,-1,-1
548,-1,287,123,20,29,0.92,7,-1,-1
548,-1,395,180,22,21,0.91,2,-1,-1
549,-1,269,144,28,40,0.92,7,-1,-1
549,-1,286,124,21,30,0.92,7,-1,-1
549,-1,394,176,20,20,0.89,2,-1,-1
550,-1,285,124,21,31,0.93,7,-1,-1
550,-1,268,146,28,40,0.93,7,-1,-1
550,-1,392,173,20,20,0.91,2,-1,-1
551,-1,285,125,22,31,0.92,7,-1,-1
551,-1,266,146,30,42,0.91,7,-1,-1
551,-1,390,170,20,20,0.90,2,-1,-1
552,-1,265,148,31,42,0.92,7,-1,-1
552,-1,284,126,22,30,0.92,7,-1,-1
552,-1,388,168,20,20,0.90,2,-1,-1
553,-1,264,149,31,44,0.93,7,-1,-1
553,-1,283,126,22,32,0.92,7,-1,-1
553,-1,387,165,19,19,0.91,2,-1,-1
554,-1,283,128,22,32,0.93,7,-1,-1
554,-1,262,149,31,45,0.92,7,-1,-1
554,-1,385,163,19,19,0.90,2,-1,-1
555,-1,281,128,23,33,0.93,7,-1,-1
555,-1,261,151,31,47,0.93,7,-1,-1
555,-1,384,160,18,19,0.90,2,-1,-1
555,-1,318,108,7,7,0.13,2,-1,-1
556,-1,281,128,23,34,0.93,7,-1,-1
556,-1,259,152,32,48,0.92,7,-1,-1
556,-1,383,159,18,18,0.91,2,-1,-1
556,-1,318,108,7,7,0.11,2,-1,-1
557,-1,280,129,23,35,0.94,7,-1,-1
557,-1,257,156,33,48,0.91,7,-1,-1
557,-1,382,157,17,17,0.89,2,-1,-1
558,-1,279,130,24,35,0.93,7,-1,-1
558,-1,256,157,33,49,0.92,7,-1,-1
558,-1,381,155,17,17,0.88,2,-1,-1
558,-1,318,108,7,7,0.12,2,-1,-1
559,-1,253,160,34,50,0.94,7,-1,-1
559,-1,278,130,24,36,0.93,7,-1,-1
559,-1,380,152,16,17,0.89,2,-1,-1
559,-1,318,108,7,7,0.15,2,-1,-1
560,-1,252,162,35,51,0.95,7,-1,-1
560,-1,278,131,24,36,0.93,7,-1,-1
560,-1,379,151,16,17,0.89,2,-1,-1
560,-1,318,109,7,7,0.15,2,-1,-1
561,-1,276,133,25,36,0.94,7,-1,-1
561,-1,249,165,36,53,0.93,7,-1,-1
561,-1,377,149,17,16,0.88,2,-1,-1
561,-1,318,109,7,8,0.12,2,-1,-1
562,-1,276,134,25,37,0.93,7,-1,-1
562,-1,247,166,37,54,0.93,7,-1,-1
562,-1,377,148,16,16,0.89,2,-1,-1
562,-1,318,109,8,8,0.32,2,-1,-1
563,-1,275,135,25,37,0.93,7,-1,-1
563,-1,244,168,38,57,0.93,7,-1,-1
563,-1,376,146,16,16,0.88,2,-1,-1
563,-1,318,109,8,8,0.37,2,-1,-1
564,-1,274,136,26,37,0.93,7,-1,-1
564,-1,242,170,39,59,0.93,7,-1,-1
564,-1,375,145,15,16,0.89,2,-1,-1
564,-1,318,109,8,8,0.41,2,-1,-1
565,-1,239,174,40,60,0.94,7,-1,-1
565,-1,273,137,26,39,0.94,7,-1,-1
565,-1,375,143,15,15,0.89,2,-1,-1
566,-1,237,176,41,62,0.94,7,-1,-1
566,-1,272,138,27,40,0.93,7,-1,-1
566,-1,375,142,14,15,0.89,2,-1,-1
567,-1,233,178,43,66,0.95,7,-1,-1
567,-1,270,138,28,42,0.95,7,-1,-1
567,-1,374,140,14,15,0.89,2,-1,-1
568,-1,269,139,29,42,0.95,7,-1,-1
568,-1,231,179,44,70,0.95,7,-1,-1
568,-1,373,139,14,15,0.88,2,-1,-1
568,-1,317,112,9,8,0.58,2,-1,-1
569,-1,268,141,29,43,0.95,7,-1,-1
569,-1,227,185,46,71,0.94,7,-1,-1
569,-1,372,138,14,14,0.88,2,-1,-1
569,-1,316,112,9,9,0.65,2,-1,-1
570,-1,224,187,47,74,0.95,7,-1,-1
570,-1,267,142,29,44,0.93,7,-1,-1
570,-1,372,137,14,14,0.88,2,-1,-1
570,-1,316,113,10,10,0.67,2,-1,-1
571,-1,221,191,48,75,0.95,7,-1,-1
571,-1,265,143,31,44,0.92,7,-1,-1
571,-1,371,135,14,15,0.89,2,-1,-1
571,-1,315,113,10,9,0.64,2,-1,-1
572,-1,216,196,51,78,0.95,7,-1,-1
572,-1,264,145,31,45,0.94,7,-1,-1
572,-1,371,134,14,14,0.89,2,-1,-1
572,-1,315,114,10,9,0.74,2,-1,-1
573,-1,210,202,55,82,0.95,7,-1,-1
573,-1,262,146,32,46,0.95,7,-1,-1
573,-1,370,134,14,13,0.88,2,-1,-1
573,-1,315,114,10,10,0.76,2,-1,-1
574,-1,206,205,56,86,0.95,7,-1,-1
574,-1,261,146,32,49,0.95,7,-1,-1
574,-1,369,133,13,13,0.89,2,-1,-1
574,-1,315,114,10,10,0.79,2,-1,-1
575,-1,259,149,33,50,0.96,7,-1,-1
575,-1,200,209,60,93,0.94,7,-1,-1
575,-1,369,132,13,13,0.89,2,-1,-1
575,-1,315,116,10,9,0.77,2,-1,-1
576,-1,196,214,62,95,0.95,7,-1,-1
576,-1,257,150,34,50,0.94,7,-1,-1
576,-1,369,131,13,12,0.89,2,-1,-1
576,-1,315,116,10,10,0.78,2,-1,-1
577,-1,186,220,67,102,0.96,7,-1,-1
577,-1,255,152,34,52,0.94,7,-1,-1
577,-1,368,130,12,12,0.85,2,-1,-1
577,-1,315,117,10,10,0.77,2,-1,-1
578,-1,183,227,69,105,0.96,7,-1,-1
578,-1,254,153,35,52,0.95,7,-1,-1
578,-1,368,130,12,12,0.84,2,-1,-1
578,-1,315,118,10,10,0.78,2,-1,-1
579,-1,176,234,73,108,0.96,7,-1,-1
579,-1,252,155,36,54,0.96,7,-1,-1
579,-1,368,128,12,12,0.85,2,-1,-1
579,-1,315,118,10,10,0.79,2,-1,-1
580,-1,166,242,77,117,0.96,7,-1,-1
580,-1,250,157,38,56,0.95,7,-1,-1
580,-1,367,127,12,12,0.85,2,-1,-1
580,-1,315,118,10,10,0.75,2,-1,-1
581,-1,161,248,80,124,0.96,7,-1,-1
581,-1,248,158,39,57,0.94,7,-1,-1
581,-1,367,127,12,12,0.86,2,-1,-1
581,-1,315,119,10,9,0.75,2,-1,-1
582,-1,147,259,87,135,0.96,7,-1,-1
582,-1,246,159,39,60,0.95,7,-1,-1
582,-1,365,126,12,12,0.83,2,-1,-1
582,-1,315,120,11,10,0.78,2,-1,-1
583,-1,134,270,95,147,0.96,7,-1,-1
583,-1,243,162,41,62,0.94,7,-1,-1
583,-1,365,125,12,12,0.84,2,-1,-1
583,-1,314,121,11,10,0.73,2,-1,-1
584,-1,123,279,101,157,0.96,7,-1,-1
584,-1,241,163,43,64,0.95,7,-1,-1
584,-1,365,124,12,11,0.84,2,-1,-1
584,-1,314,121,11,10,0.76,2,-1,-1
585,-1,106,293,110,172,0.95,7,-1,-1
585,-1,238,166,44,66,0.95,7,-1,-1
585,-1,365,123,11,12,0.82,2,-1,-1
585,-1,314,122,11,10,0.79,2,-1,-1
586,-1,94,304,117,186,0.96,7,-1,-1
586,-1,236,169,45,68,0.95,7,-1,-1
586,-1,365,123,11,11,0.82,2,-1,-1
586,-1,314,123,12,10,0.80,2,-1,-1
587,-1,72,322,128,207,0.96,7,-1,-1
587,-1,233,171,46,71,0.95,7,-1,-1
587,-1,364,122,11,11,0.82,2,-1,-1
587,-1,314,124,12,11,0.79,2,-1,-1
588,-1,59,336,134,203,0.96,7,-1,-1
588,-1,230,173,46,73,0.95,7,-1,-1
588,-1,313,124,12,11,0.80,2,-1,-1
588,-1,364,122,11,11,0.80,2,-1,-1
589,-1,31,360,150,179,0.96,7,-1,-1
589,-1,226,177,48,76,0.95,7,-1,-1
589,-1,363,121,11,10,0.82,2,-1,-1
589,-1,313,125,12,11,0.81,2,-1,-1
590,-1,224,179,49,79,0.95,7,-1,-1
590,-1,13,379,158,160,0.95,7,-1,-1
590,-1,313,126,12,11,0.81,2,-1,-1
590,-1,363,120,11,11,0.72,2,-1,-1
591,-1,221,183,52,82,0.95,7,-1,-1
591,-1,3,411,154,128,0.93,7,-1,-1
591,-1,312,127,12,12,0.81,2,-1,-1
591,-1,363,120,12,11,0.73,2,-1,-1
592,-1,217,186,56,85,0.96,7,-1,-1
592,-1,30,438,113,101,0.90,7,-1,-1
592,-1,312,127,13,12,0.82,2,-1,-1
592,-1,362,120,11,11,0.77,2,-1,-1
593,-1,211,189,58,90,0.95,7,-1,-1
593,-1,5,479,116,60,0.89,7,-1,-1
593,-1,312,128,13,12,0.84,2,-1,-1
593,-1,361,119,11,10,0.71,2,-1,-1
594,-1,208,192,59,93,0.95,7,-1,-1
594,-1,312,129,13,12,0.84,2,-1,-1
594,-1,361,118,10,10,0.72,2,-1,-1
594,-1,1,515,97,24,0.70,7,-1,-1
595,-1,202,197,62,98,0.96,7,-1,-1
595,-1,311,130,13,13,0.85,2,-1,-1
595,-1,361,118,10,10,0.74,2,-1,-1
596,-1,199,201,63,102,0.95,7,-1,-1
596,-1,311,131,13,13,0.85,2,-1,-1
596,-1,361,118,10,10,0.73,2,-1,-1
597,-1,192,206,67,108,0.96,7,-1,-1
597,-1,311,132,13,13,0.87,2,-1,-1
597,-1,361,118,10,10,0.68,2,-1,-1
598,-1,186,210,72,114,0.96,7,-1,-1
598,-1,311,133,13,13,0.87,2,-1,-1
598,-1,361,117,10,10,0.72,2,-1,-1
599,-1,181,214,74,119,0.97,7,-1,-1
599,-1,310,134,13,13,0.88,2,-1,-1
599,-1,360,116,10,10,0.73,2,-1,-1
600,-1,172,220,80,129,0.97,7,-1,-1
600,-1,309,136,14,13,0.86,2,-1,-1
600,-1,360,116,10,10,0.68,2,-1,-1
601,-1,163,230,84,136,0.96,7,-1,-1
601,-1,309,137,14,14,0.88,2,-1,-1
601,-1,359,115,10,10,0.70,2,-1,-1
602,-1,156,235,88,145,0.96,7,-1,-1
602,-1,308,139,14,14,0.90,2,-1,-1
602,-1,359,115,10,10,0.71,2,-1,-1
603,-1,145,244,94,157,0.95,7,-1,-1
603,-1,308,141,15,14,0.90,2,-1,-1
603,-1,359,114,10,10,0.71,2,-1,-1
604,-1,134,251,102,168,0.96,7,-1,-1
604,-1,307,143,15,14,0.91,2,-1,-1
604,-1,358,113,10,10,0.58,2,-1,-1
605,-1,119,261,111,184,0.96,7,-1,-1
605,-1,306,145,15,14,0.90,2,-1,-1
605,-1,358,113,10,10,0.69,2,-1,-1
606,-1,108,270,118,197,0.97,7,-1,-1
606,-1,306,146,15,15,0.90,2,-1,-1
606,-1,358,113,10,10,0.70,2,-1,-1
607,-1,89,284,130,217,0.96,7,-1,-1
607,-1,305,148,15,15,0.88,2,-1,-1
607,-1,358,113,9,10,0.59,2,-1,-1
607,-1,320,112,9,8,0.12,2,-1,-1
608,-1,76,294,138,233,0.97,7,-1,-1
608,-1,305,150,15,15,0.88,2,-1,-1
608,-1,357,112,9,10,0.67,2,-1,-1
609,-1,51,311,155,228,0.96,7,-1,-1
609,-1,304,152,16,15,0.89,2,-1,-1
609,-1,357,112,9,10,0.62,2,-1,-1
609,-1,320,113,9,9,0.27,2,-1,-1
610,-1,35,323,164,216,0.96,7,-1,-1
610,-1,304,154,16,15,0.89,2,-1,-1
610,-1,357,112,9,9,0.57,2,-1,-1
611,-1,4,337,188,202,0.96,7,-1,-1
611,-1,302,156,17,15,0.89,2,-1,-1
611,-1,357,111,9,9,0.55,2,-1,-1
612,-1,1,363,178,176,0.96,7,-1,-1
612,-1,301,159,17,15,0.89,2,-1,-1
612,-1,356,111,9,9,0.45,2,-1,-1
613,-1,2,392,162,147,0.95,7,-1,-1
613,-1,300,162,17,17,0.90,2,-1,-1
614,-1,2,416,151,123,0.95,7,-1,-1
614,-1,299,163,18,17,0.92,2,-1,-1
614,-1,319,116,10,8,0.22,2,-1,-1
615,-1,298,167,18,18,0.91,2,-1,-1
615,-1,3,458,126,81,0.72,7,-1,-1
615,-1,318,116,10,9,0.30,2,-1,-1
616,-1,297,170,18,18,0.90,2,-1,-1
616,-1,2,490,109,49,0.64,7,-1,-1
616,-1,318,117,10,8,0.18,2,-1,-1
617,-1,296,173,19,19,0.92,2,-1,-1
617,-1,318,118,10,8,0.43,2,-1,-1
618,-1,295,176,19,20,0.92,2,-1,-1
618,-1,318,119,10,9,0.25,2,-1,-1
619,-1,293,180,20,20,0.92,2,-1,-1
619,-1,317,119,10,9,0.29,2,-1,-1
620,-1,292,183,20,20,0.91,2,-1,-1
620,-1,317,119,10,9,0.54,2,-1,-1
621,-1,290,188,22,22,0.92,2,-1,-1
621,-1,317,120,10,9,0.45,2,-1,-1
622,-1,289,191,23,22,0.91,2,-1,-1
622,-1,317,120,10,9,0.64,2,-1,-1
623,-1,287,195,23,24,0.92,2,-1,-1
623,-1,316,120,10,9,0.65,2,-1,-1
624,-1,285,201,25,25,0.91,2,-1,-1
624,-1,316,120,10,10,0.66,2,-1,-1
625,-1,283,207,25,27,0.93,2,-1,-1
625,-1,316,122,11,10,0.73,2,-1,-1
626,-1,282,212,26,28,0.93,2,-1,-1
626,-1,316,122,11,10,0.73,2,-1,-1
627,-1,279,220,27,30,0.93,2,-1,-1
627,-1,315,122,12,10,0.76,2,-1,-1
628,-1,276,226,29,31,0.94,2,-1,-1
628,-1,315,123,11,10,0.77,2,-1,-1
629,-1,272,235,32,34,0.94,2,-1,-1
629,-1,315,124,12,11,0.81,2,-1,-1
630,-1,270,243,33,36,0.93,2,-1,-1
630,-1,315,125,12,11,0.81,2,-1,-1
631,-1,266,256,35,38,0.95,2,-1,-1
631,-1,314,124,12,11,0.79,2,-1,-1
632,-1,262,266,37,40,0.94,2,-1,-1
632,-1,314,125,13,12,0.82,2,-1,-1
633,-1,257,280,40,46,0.94,2,-1,-1
633,-1,314,126,12,11,0.79,2,-1,-1
634,-1,253,293,42,48,0.93,2,-1,-1
634,-1,314,126,12,12,0.81,2,-1,-1
635,-1,246,314,46,54,0.95,2,-1,-1
635,-1,312,127,13,12,0.77,2,-1,-1
636,-1,240,330,49,59,0.95,2,-1,-1
636,-1,312,127,13,12,0.80,2,-1,-1
637,-1,231,357,55,71,0.95,2,-1,-1
637,-1,311,128,13,13,0.81,2,-1,-1
638,-1,223,380,60,78,0.96,2,-1,-1
638,-1,311,128,13,14,0.82,2,-1,-1
639,-1,209,420,67,94,0.96,2,-1,-1
639,-1,311,130,13,14,0.82,2,-1,-1
640,-1,197,453,74,86,0.94,2,-1,-1
640,-1,311,130,14,14,0.82,2,-1,-1
641,-1,189,515,73,24,0.90,2,-1,-1
641,-1,311,132,14,14,0.80,2,-1,-1
642,-1,311,132,14,14,0.82,2,-1,-1
643,-1,310,134,14,14,0.84,2,-1,-1
644,-1,310,135,15,14,0.82,2,-1,-1
645,-1,309,137,15,13,0.83,2,-1,-1
646,-1,310,138,15,14,0.83,2,-1,-1
647,-1,310,139,15,14,0.83,2,-1,-1
648,-1,309,140,15,14,0.85,2,-1,-1
649,-1,308,141,16,15,0.86,2,-1,-1
650,-1,308,142,16,16,0.86,2,-1,-1
651,-1,308,144,17,16,0.87,2,-1,-1
652,-1,308,145,17,16,0.87,2,-1,-1
653,-1,307,146,17,17,0.88,2,-1,-1
654,-1,307,149,17,16,0.89,2,-1,-1
655,-1,306,151,17,16,0.90,2,-1,-1
656,-1,306,153,18,17,0.88,2,-1,-1
657,-1,305,155,18,17,0.88,2,-1,-1
658,-1,304,154,19,20,0.90,2,-1,-1
659,-1,303,156,19,20,0.91,2,-1,-1
660,-1,303,157,19,20,0.88,2,-1,-1
661,-1,302,158,19,21,0.90,2,-1,-1
662,-1,301,161,20,23,0.90,2,-1,-1
663,-1,301,163,20,23,0.91,2,-1,-1
664,-1,300,166,20,24,0.91,2,-1,-1
665,-1,299,168,21,25,0.91,2,-1,-1
666,-1,297,171,22,26,0.91,2,-1,-1
667,-1,296,173,22,27,0.92,2,-1,-1
668,-1,294,176,23,29,0.93,2,-1,-1
669,-1,294,179,23,29,0.94,2,-1,-1
669,-1,447,520,93,19,0.82,2,-1,-1
670,-1,435,461,74,73,0.94,2,-1,-1
670,-1,292,184,24,30,0.93,2,-1,-1
671,-1,427,428,67,70,0.95,2,-1,-1
671,-1,291,186,25,31,0.93,2,-1,-1
672,-1,288,192,27,33,0.95,2,-1,-1
672,-1,418,385,58,62,0.95,2,-1,-1
672,-1,581,433,58,106,0.93,7,-1,-1
673,-1,286,197,28,34,0.94,2,-1,-1
673,-1,559,391,79,147,0.94,7,-1,-1
673,-1,409,352,52,54,0.94,2,-1,-1
674,-1,545,374,92,161,0.95,7,-1,-1
674,-1,404,332,48,50,0.94,2,-1,-1
674,-1,284,201,29,35,0.94,2,-1,-1
675,-1,527,346,109,190,0.95,7,-1,-1
675,-1,281,207,30,38,0.94,2,-1,-1
675,-1,399,308,42,46,0.93,2,-1,-1
676,-1,516,330,120,208,0.96,7,-1,-1
676,-1,280,212,31,39,0.95,2,-1,-1
676,-1,395,295,40,42,0.94,2,-1,-1
677,-1,504,310,132,229,0.96,7,-1,-1
677,-1,277,218,32,43,0.95,2,-1,-1
677,-1,391,276,36,39,0.93,2,-1,-1
678,-1,496,298,140,241,0.96,7,-1,-1
678,-1,274,225,33,45,0.94,2,-1,-1
678,-1,388,265,35,37,0.92,2,-1,-1
679,-1,485,281,150,257,0.96,7,-1,-1
679,-1,271,234,35,48,0.96,2,-1,-1
679,-1,384,251,33,34,0.93,2,-1,-1
680,-1,478,272,157,266,0.97,7,-1,-1
680,-1,269,240,36,51,0.96,2,-1,-1
680,-1,381,243,32,32,0.92,2,-1,-1
681,-1,472,258,163,280,0.96,7,-1,-1
681,-1,264,253,39,54,0.95,2,-1,-1
681,-1,378,232,30,30,0.92,2,-1,-1
682,-1,465,252,171,286,0.96,7,-1,-1
682,-1,260,262,41,57,0.94,2,-1,-1
682,-1,377,225,28,29,0.93,2,-1,-1
683,-1,456,242,179,274,0.96,7,-1,-1
683,-1,254,276,45,64,0.95,2,-1,-1
683,-1,375,217,26,27,0.93,2,-1,-1
684,-1,452,235,183,257,0.97,7,-1,-1
684,-1,251,285,47,69,0.93,2,-1,-1
684,-1,373,211,26,26,0.93,2,-1,-1
685,-1,446,226,174,232,0.97,7,-1,-1
685,-1,245,304,50,77,0.94,2,-1,-1
685,-1,371,204,24,25,0.92,2,-1,-1
686,-1,443,221,163,219,0.97,7,-1,-1
686,-1,239,319,54,84,0.94,2,-1,-1
686,-1,369,198,25,25,0.92,2,-1,-1
686,-1,320,106,8,9,0.13,2,-1,-1
687,-1,437,214,149,200,0.97,7,-1,-1
687,-1,229,344,60,96,0.94,2,-1,-1
687,-1,368,193,23,23,0.91,2,-1,-1
687,-1,321,106,8,9,0.14,2,-1,-1
688,-1,435,210,141,187,0.96,7,-1,-1
688,-1,221,363,64,105,0.95,2,-1,-1
688,-1,367,189,23,22,0.91,2,-1,-1
689,-1,429,203,131,173,0.96,7,-1,-1
689,-1,209,398,72,122,0.96,2,-1,-1
689,-1,365,183,23,23,0.91,2,-1,-1
690,-1,425,198,125,166,0.96,7,-1,-1
690,-1,199,426,77,113,0.95,2,-1,-1
690,-1,365,181,21,22,0.90,2,-1,-1
691,-1,422,192,114,153,0.97,7,-1,-1
691,-1,185,480,82,59,0.92,2,-1,-1
691,-1,363,176,21,20,0.91,2,-1,-1
692,-1,420,189,110,147,0.97,7,-1,-1
692,-1,362,173,21,21,0.91,2,-1,-1
692,-1,178,523,78,16,0.67,2,-1,-1
692,-1,320,107,8,9,0.12,2,-1,-1
693,-1,416,184,103,138,0.97,7,-1,-1
693,-1,362,169,19,20,0.90,2,-1,-1
693,-1,320,107,8,8,0.12,2,-1,-1
694,-1,414,181,99,132,0.97,7,-1,-1
694,-1,360,167,19,19,0.90,2,-1,-1
694,-1,320,108,8,8,0.14,2,-1,-1
695,-1,410,177,92,124,0.97,7,-1,-1
695,-1,359,163,18,19,0.90,2,-1,-1
695,-1,320,108,8,8,0.24,2,-1,-1
696,-1,408,175,90,119,0.97,7,-1,-1
696,-1,584,448,53,91,0.90,7,-1,-1
696,-1,358,161,18,18,0.89,2,-1,-1
696,-1,320,108,8,9,0.28,2,-1,-1
697,-1,406,171,83,111,0.96,7,-1,-1
697,-1,562,404,75,135,0.92,7,-1,-1
697,-1,357,158,18,18,0.90,2,-1,-1
697,-1,320,109,8,9,0.44,2,-1,-1
698,-1,404,169,80,108,0.97,7,-1,-1
698,-1,548,381,89,158,0.93,7,-1,-1
698,-1,357,156,18,17,0.90,2,-1,-1
698,-1,320,109,9,9,0.44,2,-1,-1
699,-1,402,166,76,103,0.95,7,-1,-1
699,-1,532,355,105,183,0.95,7,-1,-1
699,-1,356,154,16,16,0.89,2,-1,-1
699,-1,320,109,9,9,0.58,2,-1,-1
700,-1,520,339,116,200,0.96,7,-1,-1
700,-1,401,164,73,99,0.95,7,-1,-1
700,-1,355,151,17,17,0.90,2,-1,-1
700,-1,320,109,9,9,0.55,2,-1,-1
701,-1,509,318,126,219,0.97,7,-1,-1
701,-1,399,162,70,94,0.95,7,-1,-1
701,-1,354,149,18,17,0.90,2,-1,-1
701,-1,320,110,9,9,0.38,2,-1,-1
702,-1,501,306,135,218,0.97,7,-1,-1
702,-1,398,160,68,90,0.96,7,-1,-1
702,-1,354,147,17,17,0.88,2,-1,-1
703,-1,492,294,145,205,0.97,7,-1,-1
703,-1,397,158,65,88,0.96,7,-1,-1
703,-1,353,146,17,17,0.88,2,-1,-1
704,-1,483,280,144,185,0.96,7,-1,-1
704,-1,394,156,63,84,0.96,7,-1,-1
704,-1,353,144,16,16,0.86,2,-1,-1
704,-1,319,113,9,8,0.36,2,-1,-1
705,-1,474,266,131,169,0.97,7,-1,-1
705,-1,392,153,60,81,0.95,7,-1,-1
705,-1,352,142,15,15,0.86,2,-1,-1
705,-1,319,113,10,8,0.56,2,-1,-1
706,-1,468,258,124,160,0.97,7,-1,-1
706,-1,393,152,57,79,0.95,7,-1,-1
706,-1,352,140,15,15,0.86,2,-1,-1
706,-1,318,112,10,9,0.63,2,-1,-1
707,-1,460,247,116,148,0.97,7,-1,-1
707,-1,391,151,55,75,0.95,7,-1,-1
707,-1,351,139,15,15,0.87,2,-1,-1
707,-1,318,112,10,10,0.64,2,-1,-1
708,-1,455,240,109,139,0.97,7,-1,-1
708,-1,390,150,53,73,0.94,7,-1,-1
708,-1,351,138,14,15,0.84,2,-1,-1
708,-1,318,113,11,10,0.60,2,-1,-1
709,-1,451,234,104,133,0.97,7,-1,-1
709,-1,389,149,52,71,0.95,7,-1,-1
709,-1,351,137,14,15,0.84,2,-1,-1
709,-1,318,113,10,10,0.66,2,-1,-1
710,-1,445,226,97,123,0.97,7,-1,-1
710,-1,387,147,50,68,0.95,7,-1,-1
710,-1,350,136,14,14,0.84,2,-1,-1
710,-1,317,114,11,10,0.70,2,-1,-1
711,-1,439,218,90,115,0.97,7,-1,-1
711,-1,386,145,49,67,0.94,7,-1,-1
711,-1,350,134,14,14,0.83,2,-1,-1
711,-1,317,114,11,10,0.71,2,-1,-1
712,-1,436,214,86,110,0.97,7,-1,-1
712,-1,385,144,48,64,0.94,7,-1,-1
712,-1,350,135,13,12,0.78,2,-1,-1
712,-1,318,114,11,10,0.73,2,-1,-1
713,-1,432,207,81,103,0.96,7,-1,-1
713,-1,384,142,46,63,0.94,7,-1,-1
713,-1,349,133,13,12,0.77,2,-1,-1
713,-1,317,115,11,11,0.71,2,-1,-1
714,-1,429,203,78,99,0.96,7,-1,-1
714,-1,383,140,45,63,0.93,7,-1,-1
714,-1,349,130,13,13,0.80,2,-1,-1
714,-1,317,115,11,11,0.72,2,-1,-1
715,-1,426,199,75,96,0.96,7,-1,-1
715,-1,382,140,44,61,0.92,7,-1,-1
715,-1,348,130,13,12,0.79,2,-1,-1
715,-1,317,116,11,10,0.73,2,-1,-1
716,-1,422,193,71,90,0.95,7,-1,-1
716,-1,380,137,43,61,0.94,7,-1,-1
716,-1,348,128,13,13,0.81,2,-1,-1
716,-1,317,115,11,12,0.73,2,-1,-1
717,-1,418,189,66,86,0.95,7,-1,-1
717,-1,379,136,42,58,0.93,7,-1,-1
717,-1,316,117,11,11,0.75,2,-1,-1
717,-1,348,128,13,12,0.69,2,-1,-1
718,-1,416,185,64,84,0.95,7,-1,-1
718,-1,378,135,41,57,0.94,7,-1,-1
718,-1,316,117,11,11,0.76,2,-1,-1
718,-1,348,127,12,12,0.71,2,-1,-1
719,-1,378,134,39,55,0.95,7,-1,-1
719,-1,414,182,61,79,0.95,7,-1,-1
719,-1,316,118,11,11,0.75,2,-1,-1
719,-1,348,126,12,11,0.52,2,-1,-1
720,-1,411,178,60,78,0.95,7,-1,-1
720,-1,378,133,38,55,0.94,7,-1,-1
720,-1,316,118,10,10,0.74,2,-1,-1
720,-1,347,126,12,12,0.71,2,-1,-1
721,-1,409,175,55,75,0.96,7,-1,-1
721,-1,377,131,37,54,0.93,7,-1,-1
721,-1,316,119,10,10,0.71,2,-1,-1
721,-1,347,126,12,10,0.45,2,-1,-1
722,-1,408,172,53,73,0.95,7,-1,-1
722,-1,376,131,37,52,0.92,7,-1,-1
722,-1,316,119,11,11,0.72,2,-1,-1
722,-1,347,125,11,10,0.41,2,-1,-1
723,-1,405,170,51,69,0.95,7,-1,-1
723,-1,376,130,35,51,0.92,7,-1,-1
723,-1,315,119,11,12,0.73,2,-1,-1
723,-1,347,124,11,10,0.11,2,-1,-1
724,-1,403,167,50,68,0.95,7,-1,-1
724,-1,375,130,35,50,0.93,7,-1,-1
724,-1,315,120,11,12,0.74,2,-1,-1
725,-1,401,164,48,66,0.95,7,-1,-1
725,-1,374,129,34,49,0.93,7,-1,-1
725,-1,315,120,12,13,0.77,2,-1,-1
726,-1,400,162,47,65,0.95,7,-1,-1
726,-1,374,128,33,48,0.94,7,-1,-1
726,-1,315,120,12,13,0.79,2,-1,-1
727,-1,399,160,47,63,0.94,7,-1,-1
727,-1,373,127,33,48,0.93,7,-1,-1
727,-1,315,120,12,13,0.78,2,-1,-1
728,-1,397,157,45,61,0.94,7,-1,-1
728,-1,373,125,32,47,0.92,7,-1,-1
728,-1,314,121,12,13,0.78,2,-1,-1
729,-1,395,155,42,59,0.97,7,-1,-1
729,-1,372,124,31,46,0.93,7,-1,-1
729,-1,314,122,12,14,0.79,2,-1,-1
729,-1,346,120,9,10,0.13,2,-1,-1
730,-1,394,153,40,58,0.96,7,-1,-1
730,-1,372,125,31,45,0.95,7,-1,-1
730,-1,314,123,12,13,0.79,2,-1,-1
730,-1,346,120,9,10,0.13,2,-1,-1
731,-1,393,151,39,56,0.95,7,-1,-1
731,-1,371,124,30,43,0.94,7,-1,-1
731,-1,313,124,13,13,0.78,2,-1,-1
732,-1,392,150,38,55,0.95,7,-1,-1
732,-1,370,123,29,43,0.93,7,-1,-1
732,-1,313,125,13,13,0.78,2,-1,-1
732,-1,345,117,9,10,0.26,2,-1,-1
733,-1,390,148,37,53,0.93,7,-1,-1
733,-1,370,123,29,42,0.92,7,-1,-1
733,-1,312,126,13,13,0.77,2,-1,-1
734,-1,389,147,36,52,0.93,7,-1,-1
734,-1,370,122,28,40,0.90,7,-1,-1
734,-1,312,126,13,13,0.79,2,-1,-1
735,-1,387,145,36,50,0.94,7,-1,-1
735,-1,369,121,28,40,0.90,7,-1,-1
735,-1,312,126,13,14,0.79,2,-1,-1
735,-1,345,116,9,9,0.13,2,-1,-1
736,-1,386,144,35,49,0.94,7,-1,-1
736,-1,369,121,27,39,0.91,7,-1,-1
736,-1,312,127,13,14,0.79,2,-1,-1
736,-1,345,116,9,9,0.13,2,-1,-1
737,-1,385,143,34,47,0.94,7,-1,-1
737,-1,368,120,26,39,0.92,7,-1,-1
737,-1,311,128,13,15,0.80,2,-1,-1
737,-1,344,115,9,9,0.37,2,-1,-1
737,-1,317,120,12,9,0.15,2,-1,-1
738,-1,384,142,33,46,0.94,7,-1,-1
738,-1,368,120,26,39,0.93,7,-1,-1
738,-1,311,128,14,15,0.81,2,-1,-1
738,-1,344,115,9,9,0.40,2,-1,-1
738,-1,317,120,12,10,0.19,2,-1,-1
739,-1,448,473,81,65,0.94,2,-1,-1
739,-1,383,139,33,46,0.93,7,-1,-1
739,-1,368,119,25,38,0.91,7,-1,-1
739,-1,311,129,14,15,0.83,2,-1,-1
739,-1,344,115,9,9,0.40,2,-1,-1
739,-1,317,121,12,10,0.11,2,-1,-1
740,-1,439,443,75,76,0.94,2,-1,-1
740,-1,382,138,33,46,0.93,7,-1,-1
740,-1,368,119,25,37,0.88,7,-1,-1
740,-1,310,130,14,15,0.84,2,-1,-1
740,-1,317,121,12,10,0.18,2,-1,-1
741,-1,429,402,66,67,0.95,2,-1,-1
741,-1,381,136,32,44,0.92,7,-1,-1
741,-1,367,118,24,34,0.88,7,-1,-1
741,-1,310,132,14,15,0.84,2,-1,-1
741,-1,317,122,12,9,0.48,2,-1,-1
741,-1,343,114,9,8,0.23,2,-1,-1
742,-1,422,380,60,60,0.95,2,-1,-1
742,-1,380,135,31,44,0.93,7,-1,-1
742,-1,367,118,24,34,0.88,7,-1,-1
742,-1,310,133,14,15,0.85,2,-1,-1
742,-1,317,122,11,9,0.50,2,-1,-1
743,-1,415,349,53,54,0.94,2,-1,-1
743,-1,379,134,30,43,0.93,7,-1,-1
743,-1,309,135,14,14,0.84,2,-1,-1
743,-1,317,123,11,10,0.62,2,-1,-1
744,-1,410,332,50,51,0.93,2,-1,-1
744,-1,379,133,29,43,0.93,7,-1,-1
744,-1,309,136,14,15,0.83,2,-1,-1
744,-1,317,123,11,10,0.67,2,-1,-1
745,-1,404,308,45,47,0.93,2,-1,-1
745,-1,378,132,29,42,0.92,7,-1,-1
745,-1,308,137,14,15,0.84,2,-1,-1
745,-1,316,124,12,10,0.64,2,-1,-1
746,-1,400,296,43,43,0.94,2,-1,-1
746,-1,377,131,28,41,0.92,7,-1,-1
746,-1,308,138,14,15,0.84,2,-1,-1
746,-1,366,116,22,32,0.84,7,-1,-1
746,-1,316,124,12,11,0.71,2,-1,-1
747,-1,397,284,41,41,0.94,2,-1,-1
747,-1,377,130,27,40,0.92,7,-1,-1
747,-1,308,139,15,15,0.85,2,-1,-1
747,-1,316,124,12,11,0.72,2,-1,-1
748,-1,393,268,37,38,0.94,2,-1,-1
748,-1,375,130,27,40,0.91,7,-1,-1
748,-1,307,141,15,15,0.88,2,-1,-1
748,-1,316,125,12,11,0.76,2,-1,-1
749,-1,390,258,36,37,0.93,2,-1,-1
749,-1,375,129,27,39,0.92,7,-1,-1
749,-1,307,142,15,15,0.88,2,-1,-1
749,-1,316,126,12,11,0.78,2,-1,-1
750,-1,386,247,35,34,0.94,2,-1,-1
750,-1,374,128,26,38,0.93,7,-1,-1
750,-1,306,143,15,16,0.89,2,-1,-1
750,-1,315,127,12,12,0.76,2,-1,-1
751,-1,374,127,26,37,0.94,7,-1,-1
751,-1,383,236,33,32,0.93,2,-1,-1
751,-1,306,146,15,16,0.88,2,-1,-1
751,-1,315,127,12,12,0.76,2,-1,-1
752,-1,373,126,25,37,0.94,7,-1,-1
752,-1,381,229,30,31,0.92,2,-1,-1
752,-1,305,147,15,16,0.87,2,-1,-1
752,-1,315,127,13,13,0.77,2,-1,-1
753,-1,378,220,30,30,0.93,2,-1,-1
753,-1,373,126,24,35,0.93,7,-1,-1
753,-1,305,149,16,16,0.89,2,-1,-1
753,-1,314,127,13,14,0.79,2,-1,-1
754,-1,372,125,24,35,0.93,7,-1,-1
754,-1,376,215,29,28,0.92,2,-1,-1
754,-1,304,150,16,17,0.88,2,-1,-1
754,-1,315,129,13,13,0.80,2,-1,-1
755,-1,372,124,23,34,0.93,7,-1,-1
755,-1,375,207,26,26,0.93,2,-1,-1
755,-1,303,151,16,18,0.88,2,-1,-1
755,-1,314,130,13,14,0.84,2,-1,-1
756,-1,373,203,25,25,0.92,2,-1,-1
756,-1,372,123,23,34,0.91,7,-1,-1
756,-1,302,153,17,18,0.88,2,-1,-1
756,-1,314,130,12,13,0.84,2,-1,-1
757,-1,371,122,23,33,0.93,7,-1,-1
757,-1,371,196,25,25,0.91,2,-1,-1
757,-1,302,155,17,18,0.90,2,-1,-1
757,-1,313,132,13,14,0.83,2,-1,-1
758,-1,370,122,23,32,0.93,7,-1,-1
758,-1,370,193,23,24,0.91,2,-1,-1
758,-1,301,157,17,18,0.91,2,-1,-1
758,-1,314,133,13,13,0.83,2,-1,-1
759,-1,370,122,22,32,0.94,7,-1,-1
759,-1,368,187,23,23,0.90,2,-1,-1
759,-1,300,159,17,19,0.89,2,-1,-1
759,-1,313,135,13,12,0.81,2,-1,-1
760,-1,369,121,22,32,0.92,7,-1,-1
760,-1,367,184,22,23,0.90,2,-1,-1
760,-1,300,161,17,19,0.90,2,-1,-1
760,-1,312,135,13,13,0.81,2,-1,-1
761,-1,298,163,19,20,0.91,2,-1,-1
761,-1,369,120,22,31,0.91,7,-1,-1
761,-1,366,180,20,21,0.90,2,-1,-1
761,-1,311,137,13,12,0.82,2,-1,-1
762,-1,368,119,22,31,0.93,7,-1,-1
762,-1,297,165,19,20,0.91,2,-1,-1
762,-1,365,177,20,20,0.89,2,-1,-1
762,-1,312,138,13,13,0.83,2,-1,-1
763,-1,368,119,21,31,0.93,7,-1,-1
763,-1,296,167,20,20,0.91,2,-1,-1
763,-1,364,173,20,20,0.90,2,-1,-1
763,-1,311,139,13,13,0.84,2,-1,-1
764,-1,367,118,21,30,0.93,7,-1,-1
764,-1,295,170,20,21,0.92,2,-1,-1
764,-1,363,169,20,20,0.89,2,-1,-1
764,-1,310,141,14,13,0.86,2,-1,-1
765,-1,294,173,20,22,0.92,2,-1,-1
765,-1,367,118,20,30,0.91,7,-1,-1
765,-1,362,167,18,19,0.89,2,-1,-1
765,-1,309,141,15,15,0.87,2,-1,-1
766,-1,293,175,20,23,0.93,2,-1,-1
766,-1,366,117,20,30,0.90,7,-1,-1
766,-1,361,164,18,19,0.89,2,-1,-1
766,-1,309,142,15,14,0.86,2,-1,-1
767,-1,292,177,21,23,0.92,2,-1,-1
767,-1,366,116,20,31,0.90,7,-1,-1
767,-1,360,162,17,18,0.90,2,-1,-1
767,-1,308,141,16,16,0.88,2,-1,-1
768,-1,290,182,22,24,0.92,2,-1,-1
768,-1,360,160,17,17,0.90,2,-1,-1
768,-1,366,115,20,30,0.89,7,-1,-1
768,-1,308,144,15,16,0.88,2,-1,-1
769,-1,288,185,23,25,0.91,2,-1,-1
769,-1,359,158,16,16,0.90,2,-1,-1
769,-1,365,114,20,30,0.89,7,-1,-1
769,-1,307,145,16,16,0.88,2,-1,-1
770,-1,287,188,23,26,0.92,2,-1,-1
770,-1,358,156,16,16,0.89,2,-1,-1
770,-1,365,114,20,30,0.89,7,-1,-1
770,-1,306,148,16,15,0.86,2,-1,-1
771,-1,285,192,25,27,0.91,2,-1,-1
771,-1,306,149,17,17,0.90,2,-1,-1
771,-1,365,114,19,28,0.89,7,-1,-1
771,-1,357,153,15,15,0.89,2,-1,-1
772,-1,283,196,25,28,0.93,2,-1,-1
772,-1,305,151,16,16,0.90,2,-1,-1
772,-1,357,152,16,15,0.89,2,-1,-1
772,-1,365,114,19,29,0.88,7,-1,-1
773,-1,282,201,26,29,0.94,2,-1,-1
773,-1,355,150,15,15,0.90,2,-1,-1
773,-1,364,112,19,29,0.87,7,-1,-1
773,-1,304,153,18,17,0.86,2,-1,-1
774,-1,281,205,26,31,0.94,2,-1,-1
774,-1,355,148,15,15,0.89,2,-1,-1
774,-1,304,154,18,18,0.87,2,-1,-1
774,-1,364,112,19,28,0.87,7,-1,-1
775,-1,279,210,27,33,0.93,2,-1,-1
775,-1,355,146,14,14,0.89,2,-1,-1
775,-1,303,156,18,18,0.88,2,-1,-1
775,-1,363,111,19,28,0.87,7,-1,-1
776,-1,277,215,28,33,0.93,2,-1,-1
776,-1,302,157,19,18,0.89,2,-1,-1
776,-1,354,145,14,13,0.88,2,-1,-1
776,-1,363,111,19,28,0.87,7,-1,-1
777,-1,272,222,31,36,0.94,2,-1,-1
777,-1,302,160,18,19,0.88,2,-1,-1
777,-1,353,143,14,13,0.88,2,-1,-1
777,-1,362,110,18,28,0.87,7,-1,-1
778,-1,270,227,32,38,0.95,2,-1,-1
778,-1,301,162,19,19,0.90,2,-1,-1
778,-1,352,141,14,14,0.89,2,-1,-1
778,-1,362,110,18,28,0.85,7,-1,-1
779,-1,268,236,33,41,0.95,2,-1,-1
779,-1,300,164,19,20,0.90,2,-1,-1
779,-1,352,139,14,15,0.87,2,-1,-1
779,-1,362,110,17,27,0.84,7,-1,-1
780,-1,265,241,34,43,0.93,2,-1,-1
780,-1,299,165,20,21,0.92,2,-1,-1
780,-1,352,138,14,14,0.86,2,-1,-1
780,-1,362,110,17,26,0.84,7,-1,-1
781,-1,261,254,37,45,0.95,2,-1,-1
781,-1,298,168,20,22,0.90,2,-1,-1
781,-1,351,137,13,13,0.86,2,-1,-1
781,-1,361,109,17,26,0.84,7,-1,-1
782,-1,256,262,40,48,0.94,2,-1,-1
782,-1,298,171,20,22,0.91,2,-1,-1
782,-1,351,136,13,13,0.86,2,-1,-1
782,-1,362,109,16,26,0.84,7,-1,-1
783,-1,253,274,41,52,0.95,2,-1,-1
783,-1,296,173,21,23,0.92,2,-1,-1
783,-1,350,134,13,13,0.86,2,-1,-1
783,-1,361,110,16,25,0.85,7,-1,-1
784,-1,249,283,43,56,0.94,2,-1,-1
784,-1,295,175,22,24,0.92,2,-1,-1
784,-1,350,133,13,13,0.87,2,-1,-1
784,-1,361,109,16,24,0.83,7,-1,-1
785,-1,244,300,47,61,0.95,2,-1,-1
785,-1,294,179,22,24,0.92,2,-1,-1
785,-1,349,131,13,13,0.88,2,-1,-1
785,-1,362,109,15,24,0.84,7,-1,-1
786,-1,239,312,50,66,0.95,2,-1,-1
786,-1,293,181,23,25,0.92,2,-1,-1
786,-1,349,131,13,13,0.87,2,-1,-1
786,-1,362,110,14,22,0.82,7,-1,-1
786,-1,319,113,8,7,0.22,2,-1,-1
787,-1,228,333,56,74,0.95,2,-1,-1
787,-1,291,185,23,27,0.93,2,-1,-1
787,-1,348,129,13,13,0.87,2,-1,-1
787,-1,361,109,14,23,0.80,7,-1,-1
787,-1,318,113,8,8,0.11,2,-1,-1
788,-1,223,348,59,82,0.95,2,-1,-1
788,-1,291,188,24,28,0.93,2,-1,-1
788,-1,348,129,13,12,0.87,2,-1,-1
788,-1,361,109,14,23,0.80,7,-1,-1
788,-1,318,113,8,8,0.23,2,-1,-1
789,-1,212,377,65,92,0.96,2,-1,-1
789,-1,289,193,25,28,0.93,2,-1,-1
789,-1,348,128,13,12,0.87,2,-1,-1
789,-1,360,108,15,22,0.84,7,-1,-1
789,-1,318,113,8,8,0.15,2,-1,-1
790,-1,204,399,69,101,0.95,2,-1,-1
790,-1,288,196,25,30,0.93,2,-1,-1
790,-1,347,127,13,12,0.85,2,-1,-1
790,-1,359,107,15,23,0.83,7,-1,-1
790,-1,318,115,8,8,0.28,2,-1,-1
791,-1,188,439,80,100,0.96,2,-1,-1
791,-1,285,201,27,31,0.94,2,-1,-1
791,-1,347,125,13,13,0.87,2,-1,-1
791,-1,359,107,15,23,0.81,7,-1,-1
791,-1,318,115,8,8,0.55,2,-1,-1
792,-1,178,470,85,69,0.94,2,-1,-1
792,-1,284,205,28,33,0.94,2,-1,-1
792,-1,347,124,12,13,0.85,2,-1,-1
792,-1,358,106,15,23,0.82,7,-1,-1
792,-1,318,115,8,8,0.52,2,-1,-1
793,-1,282,211,29,34,0.94,2,-1,-1
793,-1,347,124,12,12,0.84,2,-1,-1
793,-1,358,106,15,23,0.81,7,-1,-1
793,-1,176,528,66,11,0.61,2,-1,-1
793,-1,318,115,9,9,0.57,2,-1,-1
794,-1,280,215,30,35,0.93,2,-1,-1
794,-1,347,123,12,12,0.82,2,-1,-1
794,-1,358,106,15,23,0.82,7,-1,-1
794,-1,318,116,9,9,0.61,2,-1,-1
795,-1,277,222,32,38,0.94,2,-1,-1
795,-1,358,106,15,23,0.81,7,-1,-1
795,-1,346,122,11,12,0.80,2,-1,-1
795,-1,317,116,9,9,0.70,2,-1,-1
796,-1,275,227,32,40,0.94,2,-1,-1
796,-1,346,122,11,11,0.74,2,-1,-1
796,-1,357,105,15,22,0.71,7,-1,-1
796,-1,317,117,9,9,0.64,2,-1,-1
797,-1,273,233,34,41,0.94,2,-1,-1
797,-1,346,122,11,11,0.72,2,-1,-1
797,-1,357,105,15,22,0.69,7,-1,-1
797,-1,317,116,9,9,0.63,2,-1,-1
798,-1,271,242,35,44,0.95,2,-1,-1
798,-1,357,105,15,22,0.80,7,-1,-1
798,-1,346,121,11,11,0.71,2,-1,-1
798,-1,317,117,9,9,0.64,2,-1,-1
799,-1,267,253,37,47,0.95,2,-1,-1
799,-1,356,105,14,21,0.75,7,-1,-1
799,-1,345,120,11,10,0.65,2,-1,-1
799,-1,316,118,9,9,0.60,2,-1,-1
800,-1,264,261,39,50,0.96,2,-1,-1
800,-1,356,105,14,21,0.75,7,-1,-1
800,-1,345,120,11,10,0.62,2,-1,-1
800,-1,316,119,9,10,0.57,2,-1,-1
801,-1,260,273,42,55,0.94,2,-1,-1
801,-1,356,105,14,21,0.74,7,-1,-1
801,-1,345,119,10,10,0.66,2,-1,-1
801,-1,316,119,10,10,0.64,2,-1,-1
802,-1,256,282,44,59,0.94,2,-1,-1
802,-1,355,104,14,21,0.75,7,-1,-1
802,-1,345,119,10,10,0.68,2,-1,-1
802,-1,315,119,10,10,0.64,2,-1,-1
803,-1,253,292,46,63,0.95,2,-1,-1
803,-1,355,104,14,21,0.75,7,-1,-1
803,-1,345,119,10,10,0.68,2,-1,-1
803,-1,315,119,10,10,0.65,2,-1,-1
804,-1,247,308,49,71,0.95,2,-1,-1
804,-1,354,103,14,21,0.73,7,-1,-1
804,-1,345,119,10,10,0.68,2,-1,-1
804,-1,315,120,10,10,0.62,2,-1,-1
805,-1,241,322,53,76,0.95,2,-1,-1
805,-1,354,103,14,21,0.78,7,-1,-1
805,-1,345,118,10,9,0.68,2,-1,-1
805,-1,315,120,10,10,0.64,2,-1,-1
806,-1,231,344,59,87,0.95,2,-1,-1
806,-1,354,103,14,20,0.82,7,-1,-1
806,-1,315,123,10,10,0.70,2,-1,-1
806,-1,344,117,9,9,0.68,2,-1,-1
807,-1,222,370,64,100,0.94,2,-1,-1
807,-1,354,103,14,20,0.85,7,-1,-1
807,-1,344,116,9,9,0.68,2,-1,-1
807,-1,315,124,10,10,0.68,2,-1,-1
808,-1,215,392,69,110,0.95,2,-1,-1
808,-1,354,103,14,20,0.85,7,-1,-1
808,-1,315,124,10,10,0.68,2,-1,-1
808,-1,344,116,9,9,0.66,2,-1,-1
809,-1,201,430,78,108,0.95,2,-1,-1
809,-1,354,103,13,19,0.76,7,-1,-1
809,-1,314,124,11,10,0.74,2,-1,-1
809,-1,344,115,9,9,0.65,2,-1,-1
810,-1,191,460,83,79,0.94,2,-1,-1
810,-1,313,124,11,10,0.75,2,-1,-1
810,-1,354,102,13,19,0.74,7,-1,-1
810,-1,344,115,9,9,0.68,2,-1,-1
811,-1,192,496,75,43,0.89,2,-1,-1
811,-1,313,125,11,10,0.76,2,-1,-1
811,-1,354,102,13,19,0.75,7,-1,-1
811,-1,343,114,10,9,0.54,2,-1,-1
812,-1,313,126,11,10,0.77,2,-1,-1
812,-1,353,102,12,18,0.60,7,-1,-1
812,-1,344,113,9,9,0.35,2,-1,-1
813,-1,313,126,11,11,0.78,2,-1,-1
813,-1,353,102,12,18,0.59,7,-1,-1
813,-1,344,113,9,9,0.34,2,-1,-1
814,-1,312,126,12,12,0.80,2,-1,-1
814,-1,353,101,13,19,0.65,7,-1,-1
814,-1,344,112,9,9,0.55,2,-1,-1
815,-1,312,127,12,12,0.80,2,-1,-1
815,-1,343,111,9,9,0.61,2,-1,-1
815,-1,353,101,12,19,0.57,7,-1,-1
816,-1,311,128,12,12,0.82,2,-1,-1
816,-1,353,101,12,17,0.58,7,-1,-1
816,-1,343,111,9,9,0.54,2,-1,-1
817,-1,311,128,13,12,0.82,2,-1,-1
817,-1,343,111,9,9,0.62,2,-1,-1
817,-1,353,101,12,18,0.61,7,-1,-1
818,-1,311,130,12,12,0.83,2,-1,-1
818,-1,343,110,9,9,0.41,2,-1,-1
818,-1,353,102,11,16,0.40,7,-1,-1
818,-1,318,110,10,10,0.14,2,-1,-1
819,-1,311,130,12,12,0.83,2,-1,-1
819,-1,342,109,9,9,0.50,2,-1,-1
819,-1,353,104,11,14,0.32,7,-1,-1
819,-1,318,110,10,10,0.20,2,-1,-1
820,-1,310,131,12,13,0.83,2,-1,-1
820,-1,342,109,9,9,0.51,2,-1,-1
820,-1,353,104,11,14,0.32,7,-1,-1
820,-1,318,111,11,11,0.17,2,-1,-1
821,-1,311,132,12,13,0.84,2,-1,-1
821,-1,353,104,10,14,0.17,7,-1,-1
821,-1,318,114,10,9,0.13,2,-1,-1
821,-1,342,109,8,9,0.12,2,-1,-1
822,-1,310,134,12,12,0.82,2,-1,-1
822,-1,318,114,10,9,0.38,2,-1,-1
822,-1,353,104,10,13,0.15,7,-1,-1
823,-1,310,135,12,12,0.81,2,-1,-1
823,-1,318,114,10,9,0.54,2,-1,-1
823,-1,352,104,10,13,0.25,7,-1,-1
823,-1,342,108,8,9,0.11,2,-1,-1
824,-1,309,136,13,12,0.86,2,-1,-1
824,-1,319,114,10,9,0.49,2,-1,-1
824,-1,352,104,10,13,0.10,7,-1,-1
825,-1,309,137,13,13,0.86,2,-1,-1
825,-1,319,115,10,9,0.30,2,-1,-1
825,-1,317,102,10,13,0.14,7,-1,-1
825,-1,352,104,9,12,0.10,7,-1,-1
826,-1,308,137,13,13,0.85,2,-1,-1
826,-1,317,103,11,13,0.25,7,-1,-1
826,-1,319,115,10,9,0.22,2,-1,-1
826,-1,352,105,9,11,0.17,7,-1,-1
827,-1,308,140,13,13,0.85,2,-1,-1
827,-1,319,115,10,9,0.21,2,-1,-1
827,-1,352,105,10,12,0.20,7,-1,-1
828,-1,308,140,13,13,0.86,2,-1,-1
828,-1,319,116,10,10,0.60,2,-1,-1
828,-1,352,104,10,12,0.19,7,-1,-1
829,-1,307,141,14,13,0.85,2,-1,-1
829,-1,319,115,10,10,0.49,2,-1,-1
829,-1,352,104,10,12,0.20,7,-1,-1
830,-1,306,144,14,13,0.86,2,-1,-1
830,-1,319,114,10,11,0.13,2,-1,-1
831,-1,306,145,15,14,0.87,2,-1,-1
831,-1,318,113,11,13,0.37,2,-1,-1
831,-1,351,103,10,12,0.14,7,-1,-1
832,-1,306,146,14,14,0.86,2,-1,-1
832,-1,317,113,12,14,0.42,2,-1,-1
833,-1,305,147,15,15,0.85,2,-1,-1
833,-1,316,112,12,14,0.31,2,-1,-1
834,-1,304,150,15,14,0.85,2,-1,-1
834,-1,317,112,12,14,0.31,2,-1,-1
834,-1,340,100,9,13,0.13,7,-1,-1
835,-1,304,151,15,14,0.86,2,-1,-1
835,-1,316,109,12,15,0.35,2,-1,-1
835,-1,340,100,9,13,0.16,7,-1,-1
835,-1,305,105,9,18,0.13,7,-1,-1
836,-1,304,153,16,14,0.89,2,-1,-1
836,-1,316,110,12,15,0.38,2,-1,-1
836,-1,305,105,9,18,0.13,7,-1,-1
836,-1,340,100,9,13,0.12,7,-1,-1
837,-1,303,155,17,14,0.86,2,-1,-1
837,-1,315,110,12,14,0.46,2,-1,-1
837,-1,305,106,9,17,0.25,7,-1,-1
838,-1,302,156,17,15,0.85,2,-1,-1
838,-1,304,106,9,17,0.44,7,-1,-1
838,-1,315,110,12,15,0.36,7,-1,-1
839,-1,301,159,17,15,0.87,2,-1,-1
839,-1,304,106,10,18,0.49,7,-1,-1
839,-1,315,111,12,16,0.46,2,-1,-1
840,-1,301,160,17,16,0.88,2,-1,-1
840,-1,304,105,10,18,0.49,7,-1,-1
840,-1,315,112,13,17,0.47,2,-1,-1
841,-1,300,161,17,16,0.88,2,-1,-1
841,-1,304,106,10,19,0.49,7,-1,-1
841,-1,314,111,13,18,0.47,2,-1,-1
842,-1,299,164,18,17,0.89,2,-1,-1
842,-1,304,106,10,19,0.67,7,-1,-1
842,-1,314,112,14,20,0.53,2,-1,-1
843,-1,298,167,18,18,0.89,2,-1,-1
843,-1,303,106,11,19,0.62,7,-1,-1
843,-1,313,112,14,20,0.31,7,-1,-1
844,-1,297,169,19,19,0.89,2,-1,-1
844,-1,303,106,11,19,0.67,7,-1,-1
844,-1,313,112,14,20,0.38,7,-1,-1
845,-1,296,172,19,18,0.90,2,-1,-1
845,-1,303,108,11,18,0.69,7,-1,-1
845,-1,312,113,15,21,0.53,7,-1,-1
846,-1,295,174,19,20,0.90,2,-1,-1
846,-1,303,108,11,18,0.74,7,-1,-1
846,-1,312,113,14,21,0.60,7,-1,-1
846,-1,348,98,10,14,0.20,7,-1,-1
847,-1,294,177,21,20,0.91,2,-1,-1
847,-1,303,109,11,17,0.73,7,-1,-1
847,-1,312,115,15,21,0.42,2,-1,-1
847,-1,349,98,10,14,0.18,7,-1,-1
848,-1,293,180,21,21,0.90,2,-1,-1
848,-1,302,110,11,17,0.55,7,-1,-1
848,-1,312,115,15,21,0.46,7,-1,-1
848,-1,349,98,10,14,0.21,7,-1,-1
849,-1,291,184,21,22,0.91,2,-1,-1
849,-1,312,114,15,22,0.85,7,-1,-1
849,-1,302,110,11,17,0.42,7,-1,-1
849,-1,348,98,10,15,0.13,7,-1,-1
850,-1,290,186,22,23,0.91,2,-1,-1
850,-1,311,114,16,22,0.87,7,-1,-1
850,-1,302,111,11,16,0.23,7,-1,-1
851,-1,289,192,22,23,0.91,2,-1,-1
851,-1,311,114,17,25,0.90,7,-1,-1
851,-1,301,110,11,18,0.18,7,-1,-1
852,-1,288,194,23,24,0.92,2,-1,-1
852,-1,310,114,17,25,0.90,7,-1,-1
852,-1,301,110,11,18,0.13,7,-1,-1
853,-1,285,200,24,25,0.91,2,-1,-1
853,-1,310,114,17,25,0.90,7,-1,-1
853,-1,348,98,9,14,0.17,7,-1,-1
853,-1,301,110,11,19,0.14,7,-1,-1
854,-1,284,204,25,26,0.92,2,-1,-1
854,-1,310,115,18,26,0.90,7,-1,-1
854,-1,348,98,9,13,0.20,7,-1,-1
854,-1,301,110,11,18,0.18,7,-1,-1
855,-1,281,210,26,28,0.93,2,-1,-1
855,-1,309,115,18,27,0.91,7,-1,-1
855,-1,300,110,11,18,0.25,7,-1,-1
856,-1,280,214,27,29,0.92,2,-1,-1
856,-1,309,115,18,27,0.90,7,-1,-1
856,-1,300,111,11,18,0.26,7,-1,-1
857,-1,276,221,29,31,0.93,2,-1,-1
857,-1,309,116,18,27,0.91,7,-1,-1
857,-1,300,111,12,18,0.38,7,-1,-1
858,-1,274,227,31,32,0.94,2,-1,-1
858,-1,309,116,18,28,0.90,7,-1,-1
858,-1,300,112,12,19,0.31,7,-1,-1
859,-1,271,235,32,34,0.94,2,-1,-1
859,-1,308,117,19,29,0.93,7,-1,-1
859,-1,300,112,12,18,0.32,7,-1,-1
860,-1,270,241,32,37,0.93,2,-1,-1
860,-1,308,117,19,29,0.91,7,-1,-1
860,-1,300,113,13,18,0.56,7,-1,-1
861,-1,266,252,34,39,0.95,2,-1,-1
861,-1,308,118,19,30,0.91,7,-1,-1
861,-1,299,113,14,19,0.64,7,-1,-1
862,-1,263,260,36,41,0.94,2,-1,-1
862,-1,307,119,20,29,0.92,7,-1,-1
862,-1,299,113,13,18,0.56,7,-1,-1
863,-1,256,274,40,44,0.94,2,-1,-1
863,-1,307,120,19,30,0.92,7,-1,-1
863,-1,298,113,14,19,0.74,7,-1,-1
863,-1,321,110,7,8,0.16,2,-1,-1
864,-1,255,283,40,47,0.95,2,-1,-1
864,-1,307,120,20,31,0.93,7,-1,-1
864,-1,298,113,14,19,0.75,7,-1,-1
864,-1,321,110,8,8,0.38,2,-1,-1
865,-1,249,301,42,50,0.94,2,-1,-1
865,-1,306,121,20,30,0.91,7,-1,-1
865,-1,298,114,14,19,0.78,7,-1,-1
865,-1,321,110,8,8,0.43,2,-1,-1
866,-1,245,313,44,55,0.95,2,-1,-1
866,-1,306,122,20,31,0.91,7,-1,-1
866,-1,297,115,14,20,0.78,7,-1,-1
866,-1,321,110,8,9,0.18,2,-1,-1
867,-1,235,335,50,62,0.94,2,-1,-1
867,-1,305,123,21,31,0.91,7,-1,-1
867,-1,297,115,15,20,0.88,7,-1,-1
868,-1,228,349,55,70,0.95,2,-1,-1
868,-1,305,123,21,32,0.91,7,-1,-1
868,-1,297,115,15,20,0.88,7,-1,-1
869,-1,222,369,57,76,0.95,2,-1,-1
869,-1,305,124,21,32,0.92,7,-1,-1
869,-1,296,115,15,20,0.90,7,-1,-1
870,-1,210,402,63,89,0.95,2,-1,-1
870,-1,304,125,22,33,0.92,7,-1,-1
870,-1,296,116,16,20,0.91,7,-1,-1
871,-1,194,443,72,94,0.95,2,-1,-1
871,-1,295,116,16,21,0.92,7,-1,-1
871,-1,304,126,22,34,0.92,7,-1,-1
871,-1,320,112,8,9,0.32,2,-1,-1
872,-1,184,475,75,64,0.93,2,-1,-1
872,-1,295,115,16,21,0.92,7,-1,-1
872,-1,303,126,22,34,0.91,7,-1,-1
872,-1,320,113,8,8,0.27,2,-1,-1
873,-1,295,115,16,22,0.91,7,-1,-1
873,-1,303,127,23,35,0.91,7,-1,-1
873,-1,320,114,9,9,0.65,2,-1,-1
874,-1,294,115,16,23,0.91,7,-1,-1
874,-1,302,128,23,36,0.90,7,-1,-1
874,-1,320,114,9,9,0.67,2,-1,-1
875,-1,293,116,17,24,0.90,7,-1,-1
875,-1,301,128,23,37,0.90,7,-1,-1
875,-1,319,115,9,9,0.78,2,-1,-1
876,-1,293,115,17,24,0.91,7,-1,-1
876,-1,301,130,24,37,0.91,7,-1,-1
876,-1,319,114,9,9,0.79,2,-1,-1
877,-1,293,116,18,25,0.92,7,-1,-1
877,-1,300,131,24,38,0.91,7,-1,-1
877,-1,319,115,9,10,0.80,2,-1,-1
878,-1,293,116,18,25,0.92,7,-1,-1
878,-1,300,132,24,38,0.91,7,-1,-1
878,-1,319,115,9,10,0.78,2,-1,-1
879,-1,292,117,18,25,0.92,7,-1,-1
879,-1,299,133,24,39,0.90,7,-1,-1
879,-1,319,115,10,10,0.79,2,-1,-1
880,-1,291,117,19,26,0.93,7,-1,-1
880,-1,298,135,25,40,0.90,7,-1,-1
880,-1,318,116,10,10,0.80,2,-1,-1
881,-1,291,118,19,26,0.92,7,-1,-1
881,-1,297,135,26,42,0.90,7,-1,-1
881,-1,318,116,10,11,0.78,2,-1,-1
882,-1,290,118,19,26,0.92,7,-1,-1
882,-1,297,136,26,43,0.91,7,-1,-1
882,-1,318,117,10,10,0.79,2,-1,-1
883,-1,296,137,26,44,0.92,7,-1,-1
883,-1,290,118,19,26,0.92,7,-1,-1
883,-1,318,118,10,10,0.78,2,-1,-1
884,-1,295,139,27,44,0.93,7,-1,-1
884,-1,289,119,19,27,0.92,7,-1,-1
884,-1,318,118,10,10,0.77,2,-1,-1
885,-1,293,141,28,45,0.93,7,-1,-1
885,-1,289,119,20,28,0.93,7,-1,-1
885,-1,318,118,10,10,0.76,2,-1,-1
886,-1,289,119,20,28,0.94,7,-1,-1
886,-1,293,141,28,47,0.94,7,-1,-1
886,-1,317,119,10,11,0.74,2,-1,-1
887,-1,288,120,20,27,0.96,7,-1,-1
887,-1,291,143,29,48,0.94,7,-1,-1
887,-1,318,120,10,11,0.68,2,-1,-1
888,-1,288,121,20,27,0.96,7,-1,-1
888,-1,290,145,29,49,0.95,7,-1,-1
888,-1,317,120,10,11,0.67,2,-1,-1
889,-1,288,121,20,27,0.95,7,-1,-1
889,-1,289,146,30,51,0.92,7,-1,-1
889,-1,316,120,11,12,0.71,2,-1,-1
889,-1,306,104,10,17,0.18,7,-1,-1
890,-1,287,121,20,28,0.94,7,-1,-1
890,-1,288,147,30,53,0.92,7,-1,-1
890,-1,316,120,11,12,0.75,2,-1,-1
890,-1,306,106,10,16,0.22,7,-1,-1
891,-1,286,122,21,28,0.95,7,-1,-1
891,-1,287,150,31,54,0.94,7,-1,-1
891,-1,316,121,11,12,0.75,2,-1,-1
891,-1,306,105,11,17,0.38,7,-1,-1
892,-1,286,122,20,29,0.95,7,-1,-1
892,-1,286,151,32,55,0.94,7,-1,-1
892,-1,316,121,11,12,0.76,2,-1,-1
892,-1,306,105,11,18,0.58,7,-1,-1
893,-1,286,123,20,29,0.94,7,-1,-1
893,-1,284,153,33,57,0.93,7,-1,-1
893,-1,315,121,11,13,0.76,2,-1,-1
893,-1,306,105,11,18,0.58,7,-1,-1
894,-1,282,156,34,59,0.94,7,-1,-1
894,-1,285,123,21,29,0.92,7,-1,-1
894,-1,315,123,12,13,0.80,2,-1,-1
894,-1,305,104,12,19,0.74,7,-1,-1
895,-1,280,158,36,62,0.94,7,-1,-1
895,-1,284,124,22,29,0.90,7,-1,-1
895,-1,315,124,12,12,0.82,2,-1,-1
895,-1,304,104,12,20,0.82,7,-1,-1
896,-1,278,159,37,63,0.94,7,-1,-1
896,-1,284,125,21,29,0.90,7,-1,-1
896,-1,303,104,12,20,0.84,7,-1,-1
896,-1,314,124,12,13,0.83,2,-1,-1
897,-1,276,163,39,66,0.95,7,-1,-1
897,-1,283,126,21,29,0.90,7,-1,-1
897,-1,303,104,12,20,0.86,7,-1,-1
897,-1,314,125,12,13,0.81,2,-1,-1
898,-1,274,165,40,68,0.94,7,-1,-1
898,-1,282,126,22,29,0.91,7,-1,-1
898,-1,303,104,13,21,0.87,7,-1,-1
898,-1,313,126,13,13,0.80,2,-1,-1
899,-1,272,167,41,71,0.94,7,-1,-1
899,-1,282,127,21,29,0.92,7,-1,-1
899,-1,302,104,13,21,0.87,7,-1,-1
899,-1,313,126,12,13,0.79,2,-1,-1
900,-1,269,171,44,74,0.95,7,-1,-1
900,-1,282,128,22,29,0.92,7,-1,-1
900,-1,302,104,13,22,0.85,7,-1,-1
900,-1,313,126,13,14,0.80,2,-1,-1
