2,0,348,285,24,28,0.89,2,1,503,3439,0,-200,1
2,1,308,177,12,14,0.79,2,1,467,2245,0,-200,1
3,0,346,280,24,27,0.88,2,2,503,3417,-4,-219,1
3,1,308,177,12,14,0.76,2,2,467,2227,3,-181,1
4,0,344,273,22,26,0.88,2,3,503,3388,-7,-258,1
4,1,308,176,10,13,0.68,2,3,467,2204,-10,-204,1
5,0,344,270,20,24,0.88,2,4,503,3363,-4,-255,1
5,1,308,176,10,13,0.68,2,4,466,2186,-9,-196,1
6,0,340,264,20,24,0.87,2,5,503,3337,-7,-257,1
6,1,306,174,12,14,0.68,2,5,466,2165,-11,-200,1
7,0,338,260,20,23,0.88,2,6,502,3311,-9,-256,1
7,1,306,174,12,14,0.69,2,6,466,2152,-11,-187,1
8,0,337,255,20,22,0.87,2,7,502,3284,-8,-259,1
8,1,306,172,10,15,0.67,2,7,465,2134,-12,-186,1
9,0,336,252,20,22,0.88,2,8,501,3260,-7,-257,1
9,1,306,172,10,14,0.66,2,8,464,2112,-12,-191,1
10,0,335,247,18,20,0.87,2,9,501,3231,-7,-261,1
10,1,304,172,12,14,0.60,2,9,464,2096,-13,-186,1
11,0,332,244,20,20,0.86,2,10,501,3204,-7,-261,1
11,1,304,172,12,14,0.58,2,10,463,2085,-13,-178,1
12,0,330,240,20,20,0.87,2,11,500,3178,-7,-261,1
12,1,305,171,10,14,0.62,2,11,462,2068,-12,-177,1
13,0,331,236,18,20,0.87,2,12,500,3151,-7,-262,1
13,1,304,171,10,14,0.68,2,12,461,2056,-12,-172,1
14,0,329,234,18,19,0.86,2,13,499,3125,-7,-262,1
14,1,304,171,10,14,0.68,2,13,460,2046,-12,-166,1
15,0,330,232,16,18,0.85,2,14,499,3099,-7,-262,1
15,1,304,170,10,14,0.68,2,14,459,2032,-12,-164,1
16,0,328,228,16,18,0.85,2,15,498,3073,-7,-262,1
16,1,304,170,8,13,0.64,2,15,458,2015,-12,-165,1
17,0,327,226,16,18,0.85,2,16,498,3047,-7,-261,1
17,1,303,169,10,14,0.67,2,16,457,2000,-12,-163,1
18,0,326,223,16,17,0.84,2,17,497,3021,-7,-262,1
18,1,304,169,8,14,0.63,2,17,456,1988,-12,-161,1
19,0,326,222,16,16,0.86,2,18,496,2995,-6,-262,1
19,1,302,168,10,13,0.57,2,18,455,1968,-12,-163,1
20,0,324,219,16,16,0.86,2,19,496,2968,-6,-262,1
20,1,302,169,10,12,0.55,2,19,454,1950,-12,-164,1
21,0,324,217,16,16,0.85,2,20,495,2943,-6,-261,1
21,1,302,168,8,12,0.61,2,20,453,1930,-12,-166,1
22,0,324,215,14,16,0.85,2,21,495,2917,-6,-261,1
22,1,302,168,8,12,0.54,2,21,452,1913,-12,-166,1
23,0,322,213,16,16,0.85,2,22,494,2892,-6,-261,1
23,1,302,168,8,12,0.54,2,22,451,1897,-12,-166,1
24,0,321,211,16,16,0.84,2,23,494,2867,-6,-260,1
24,1,300,164,8,14,0.55,2,23,450,1876,-12,-168,1
25,0,321,209,14,16,0.83,2,24,493,2842,-6,-260,1
25,1,300,164,8,14,0.55,2,24,449,1857,-12,-169,1
26,0,320,208,16,15,0.83,2,25,493,2817,-6,-259,1
26,1,298,164,10,14,0.37,2,25,448,1839,-13,-169,1
27,0,321,206,14,15,0.83,2,26,492,2792,-6,-259,1
27,1,298,162,10,16,0.33,2,26,446,1824,-13,-169,1
28,0,320,204,14,15,0.85,2,27,492,2767,-6,-259,1
28,1,297,163,10,14,0.35,2,27,445,1806,-13,-169,1
29,0,319,203,14,15,0.85,2,28,491,2742,-6,-258,1
29,1,297,163,10,14,0.36,2,28,444,1790,-13,-169,1
30,0,318,202,14,14,0.85,2,29,491,2718,-6,-258,1
30,1,297,162,10,14,0.57,2,29,442,1771,-13,-169,1
31,0,318,200,12,14,0.84,2,30,490,2693,-6,-257,1
31,1,296,162,10,14,0.45,2,30,441,1755,-14,-169,1
32,0,318,198,12,14,0.85,2,31,490,2667,-6,-257,1
32,1,296,161,8,14,0.39,2,31,439,1736,-14,-170,1
33,0,318,198,12,14,0.84,2,32,489,2643,-6,-257,1
33,1,296,161,8,14,0.35,2,32,438,1719,-14,-170,1
34,0,318,196,12,14,0.83,2,33,488,2619,-6,-256,1
34,1,296,160,8,14,0.19,2,33,436,1700,-14,-170,1
35,0,316,194,12,15,0.83,2,34,488,2595,-6,-256,1
35,1,296,160,8,14,0.25,2,34,435,1682,-14,-171,1
36,0,316,194,12,14,0.83,2,35,487,2571,-6,-255,1
36,1,294,160,10,14,0.22,2,35,433,1665,-14,-171,1
37,0,316,193,12,14,0.81,2,36,487,2547,-6,-255,1
37,1,294,160,10,14,0.16,2,36,432,1650,-14,-170,1
38,0,315,192,12,14,0.79,2,37,486,2524,-6,-254,1
38,1,294,161,8,12,0.14,2,37,430,1633,-14,-170,1
39,0,315,192,12,12,0.82,2,38,486,2500,-6,-254,1
39,1,294,161,8,12,0.15,2,38,428,1616,-14,-170,1
40,0,314,190,12,13,0.79,2,39,485,2476,-6,-253,1
40,1,294,160,8,12,0.11,2,39,427,1598,-15,-170,1
41,0,314,189,12,12,0.78,2,40,484,2451,-6,-253,1
42,0,313,188,12,12,0.75,2,41,484,2427,-6,-253,1
42,1,292,160,8,12,0.11,2,40,424,1566,-15,-170,1
43,0,312,187,12,12,0.76,2,42,483,2403,-6,-253,1
44,0,312,186,12,12,0.73,2,43,483,2379,-6,-252,1
45,0,312,186,12,12,0.74,2,44,482,2355,-6,-252,1
46,0,313,186,10,10,0.62,2,45,481,2331,-6,-252,1
47,0,312,184,10,12,0.75,2,46,481,2308,-6,-251,1
47,2,276,172,8,8,0.34,2,1,352,1951,0,200,1
48,0,312,184,10,11,0.73,2,47,480,2284,-6,-251,1
48,2,276,173,8,9,0.38,2,2,352,1974,10,230,1
49,0,310,182,12,12,0.72,2,48,480,2261,-6,-251,1
49,2,276,173,8,9,0.36,2,3,353,2002,11,254,1
50,0,310,182,12,11,0.75,2,49,479,2237,-6,-250,1
50,2,276,174,8,9,0.44,2,4,353,2036,12,283,1
51,0,310,182,12,11,0.71,2,50,478,2214,-6,-250,1
51,2,276,174,8,10,0.47,2,5,353,2072,13,304,1
52,0,310,181,12,10,0.74,2,51,478,2191,-6,-250,1
52,2,276,176,8,10,0.35,2,6,354,2121,14,340,1
53,0,310,181,12,10,0.73,2,52,477,2168,-6,-249,1
53,2,276,176,8,10,0.50,2,7,355,2152,14,335,1
54,0,310,179,10,10,0.59,2,53,476,2144,-6,-249,1
54,2,278,177,8,10,0.66,2,8,355,2182,17,330,1
55,0,310,179,10,10,0.55,2,54,476,2120,-6,-249,1
55,2,277,177,8,10,0.66,2,9,356,2203,17,315,1
56,0,309,178,10,10,0.41,2,55,475,2097,-6,-248,1
56,2,276,178,10,10,0.62,2,10,358,2225,16,305,1
57,0,309,177,10,10,0.58,2,56,475,2073,-6,-248,1
57,2,278,179,8,10,0.63,2,11,359,2249,17,298,1
58,0,309,177,10,10,0.38,2,57,474,2050,-6,-248,1
58,2,278,180,8,10,0.67,2,12,360,2273,17,293,1
59,0,310,177,8,10,0.33,2,58,473,2027,-6,-248,1
59,2,277,181,10,10,0.71,2,13,361,2298,17,289,1
60,0,308,176,10,10,0.56,2,59,473,2005,-6,-247,1
60,2,278,182,8,10,0.74,2,14,362,2323,17,286,1
61,0,308,176,8,10,0.29,2,60,472,1982,-6,-247,1
61,2,276,182,12,11,0.76,2,15,364,2348,16,283,1
62,0,308,176,8,9,0.32,2,61,471,1960,-6,-246,1
62,2,276,184,12,10,0.77,2,16,365,2372,16,281,1
63,0,308,176,8,9,0.33,2,62,471,1938,-6,-246,1
63,2,276,184,12,11,0.79,2,17,366,2396,16,279,1
64,2,276,184,10,12,0.80,2,18,368,2421,15,276,1
65,2,276,185,10,12,0.78,2,19,369,2445,15,274,1
66,0,306,174,8,8,0.43,2,63,469,1866,-6,-246,1
66,2,276,186,10,12,0.79,2,20,370,2468,14,272,1
67,0,306,172,8,8,0.19,2,64,468,1843,-6,-245,1
67,2,276,187,12,12,0.79,2,21,371,2491,14,270,1
68,0,306,171,8,9,0.57,2,65,468,1820,-6,-245,1
68,2,274,189,12,12,0.80,2,22,372,2517,14,270,1
68,3,276,168,8,9,0.33,2,1,348,1837,0,200,1
69,0,306,171,8,9,0.56,2,66,467,1797,-6,-245,1
69,2,274,190,12,12,0.80,2,23,373,2542,13,269,1
69,3,276,168,8,9,0.40,2,2,348,1856,6,191,1
70,2,274,192,12,12,0.76,2,24,374,2569,13,269,1
70,3,276,170,8,9,0.44,2,3,348,1882,9,224,1
71,0,305,170,8,8,0.17,2,67,465,1749,-6,-245,1
71,2,273,193,12,12,0.79,2,25,375,2595,12,268,1
71,3,276,170,8,8,0.63,2,4,348,1897,8,199,1
72,0,304,170,8,8,0.55,2,68,465,1726,-6,-245,1
72,2,273,194,12,13,0.82,2,26,376,2622,12,269,1
72,3,277,170,8,9,0.61,2,5,348,1915,13,196,1
73,0,304,170,8,8,0.55,2,69,464,1704,-6,-244,1
73,2,273,195,12,14,0.83,2,27,377,2651,12,269,1
73,3,276,171,8,9,0.50,2,6,349,1941,11,207,1
74,0,303,169,8,7,0.16,2,70,463,1680,-6,-244,1
74,2,272,196,12,14,0.84,2,28,378,2677,11,269,1
74,3,278,172,8,9,0.57,2,7,349,1969,16,221,1
75,0,303,169,8,7,0.14,2,71,462,1657,-7,-244,1
75,2,271,198,14,14,0.84,2,29,378,2704,11,269,1
75,3,278,172,8,9,0.59,2,8,350,1989,17,217,1
76,0,304,169,8,7,0.14,2,72,462,1635,-7,-244,1
76,2,272,200,12,14,0.84,2,30,379,2732,11,269,1
76,3,278,172,8,10,0.68,2,9,351,2013,17,220,1
77,2,272,201,12,14,0.84,2,31,380,2758,11,269,1
77,3,278,173,8,10,0.68,2,10,353,2039,17,225,1
78,2,272,204,12,14,0.86,2,32,381,2786,11,269,1
78,3,277,174,10,10,0.68,2,11,354,2068,17,231,1
79,2,268,205,16,14,0.85,2,33,381,2812,10,269,1
79,3,277,176,10,10,0.62,2,12,355,2106,17,244,1
80,2,268,207,14,15,0.84,2,34,382,2840,10,270,1
80,3,277,176,10,10,0.68,2,13,356,2134,17,247,1
81,2,266,208,16,16,0.83,2,35,382,2868,10,270,1
81,3,277,177,10,10,0.74,2,14,358,2162,17,250,1
82,2,266,210,16,17,0.82,2,36,383,2897,9,270,1
82,3,277,178,10,11,0.71,2,15,359,2198,17,258,1
83,2,266,212,16,16,0.84,2,37,383,2923,9,270,1
83,3,277,179,10,10,0.68,2,16,360,2225,16,259,1
84,2,264,216,16,17,0.83,2,38,384,2953,9,271,1
84,3,277,180,10,11,0.77,2,17,362,2258,16,263,1
85,2,264,216,16,18,0.83,2,39,384,2981,9,271,1
85,3,277,180,10,12,0.80,2,18,363,2289,16,266,1
86,2,264,219,16,18,0.84,2,40,385,3008,8,271,1
86,3,276,181,12,12,0.79,2,19,364,2319,16,268,1
87,2,263,222,16,18,0.82,2,41,385,3036,8,271,1
87,3,276,182,12,12,0.81,2,20,366,2348,15,269,1
88,2,262,225,16,18,0.82,2,42,385,3064,8,271,1
88,3,276,184,12,11,0.83,2,21,367,2377,15,270,1
89,2,262,227,16,20,0.83,2,43,386,3092,8,272,1
89,3,276,184,12,12,0.82,2,22,368,2404,15,270,1
90,2,259,232,18,20,0.84,2,44,386,3122,8,272,1
90,3,276,186,10,11,0.80,2,23,369,2430,15,270,1
91,2,258,233,18,21,0.84,2,45,386,3150,8,273,1
91,3,274,187,12,12,0.78,2,24,371,2460,14,271,1
92,2,256,239,20,21,0.86,2,46,387,3180,7,273,1
92,3,275,188,12,12,0.83,2,25,372,2488,14,271,1
93,2,256,242,18,21,0.85,2,47,387,3208,7,273,1
93,3,274,189,12,13,0.82,2,26,373,2518,13,272,1
94,2,254,247,20,22,0.87,2,48,387,3238,7,274,1
94,3,274,191,12,13,0.81,2,27,374,2549,13,274,1
95,2,252,250,20,24,0.87,2,49,387,3268,7,274,1
95,3,274,192,12,12,0.79,2,28,375,2576,13,274,1
96,2,250,257,20,24,0.86,2,50,388,3298,7,275,1
96,3,273,194,12,12,0.80,2,29,376,2604,13,274,1
97,2,248,260,22,26,0.87,2,51,388,3328,7,276,1
97,3,272,195,12,14,0.83,2,30,377,2635,12,275,1
98,2,246,267,22,28,0.89,2,52,388,3360,6,276,1
98,3,272,196,12,14,0.85,2,31,378,2665,12,276,1
99,2,244,271,24,30,0.89,2,53,388,3391,6,277,1
99,3,272,198,12,14,0.85,2,32,378,2695,12,277,1
100,2,240,281,24,30,0.88,2,54,388,3423,6,278,1
100,3,272,200,12,15,0.85,2,33,379,2727,11,278,1
101,2,238,287,24,32,0.88,2,55,389,3454,6,279,1
101,3,272,203,12,14,0.85,2,34,380,2758,11,279,1
102,2,234,296,28,36,0.89,2,56,389,3488,6,280,1
102,3,270,204,12,15,0.86,2,35,381,2789,11,280,1
103,2,231,304,28,38,0.89,2,57,389,3520,6,280,1
103,3,269,205,14,16,0.85,2,36,381,2820,11,281,1
104,2,227,316,30,41,0.91,2,58,389,3554,6,281,1
104,3,268,208,16,16,0.85,2,37,382,2851,11,282,1
105,2,223,326,32,45,0.90,2,59,389,3586,6,282,1
105,3,268,210,14,16,0.85,2,38,383,2882,10,282,1
106,2,216,343,36,49,0.90,2,60,390,3620,6,283,1
106,3,266,213,16,18,0.84,2,39,383,2916,10,284,1
107,2,212,355,38,54,0.90,2,61,390,3652,6,284,1
107,3,266,215,16,17,0.83,2,40,384,2947,10,285,1
108,2,204,376,42,62,0.90,2,62,390,3686,6,285,1
108,3,264,218,16,18,0.86,2,41,384,2979,10,286,1
108,4,263,156,10,18,0.34,7,1,298,1736,0,200,1
108,5,275,168,8,8,0.33,2,1,342,1798,0,200,1
109,2,198,393,44,68,0.90,2,63,390,3719,6,286,1
109,3,264,221,16,18,0.85,2,42,385,3011,10,286,1
109,4,263,156,10,18,0.36,7,2,298,1755,9,192,1
109,5,275,168,8,8,0.34,2,2,342,1817,6,191,1
110,2,188,421,52,83,0.90,2,64,391,3752,6,286,1
110,3,262,223,16,20,0.86,2,43,385,3044,9,287,1
110,4,263,156,10,18,0.44,7,3,298,1769,9,167,1
110,5,275,168,8,8,0.42,2,3,342,1831,6,164,1
111,3,262,227,16,20,0.85,2,44,386,3077,9,288,1
111,4,263,156,10,18,0.32,7,4,298,1774,7,128,1
111,5,275,169,8,8,0.44,2,4,343,1845,6,156,1
112,3,260,231,16,20,0.86,2,45,386,3110,9,289,1
112,4,262,155,12,20,0.52,7,5,299,1785,7,122,1
112,5,275,170,8,8,0.43,2,5,343,1867,7,171,1
113,3,260,235,16,20,0.85,2,46,387,3142,9,290,1
113,4,264,156,12,20,0.69,7,6,299,1804,15,136,1
114,3,257,240,18,22,0.87,2,47,387,3177,9,291,1
114,4,264,156,12,20,0.73,7,7,300,1817,17,135,1
114,5,274,170,8,8,0.13,2,6,344,1892,3,156,1
115,3,256,244,18,22,0.87,2,48,387,3210,8,292,1
115,4,264,156,12,20,0.74,7,8,301,1826,17,129,1
115,5,274,170,8,8,0.13,2,7,344,1897,2,142,1
116,3,254,250,20,24,0.87,2,49,388,3246,8,294,1
116,4,264,156,12,20,0.71,7,9,302,1832,17,120,1
116,5,274,170,8,8,0.16,2,8,344,1901,1,129,1
117,3,252,254,20,24,0.87,2,50,388,3280,8,295,1
117,4,264,157,12,20,0.76,7,10,303,1848,17,124,1
117,5,276,173,8,8,0.12,2,9,344,1939,5,156,1
118,3,250,260,20,26,0.88,2,51,389,3315,8,296,1
118,4,264,157,12,21,0.79,7,11,304,1869,17,133,1
119,3,248,266,20,26,0.88,2,52,389,3349,8,297,1
119,4,264,157,12,21,0.79,7,12,305,1885,16,136,1
120,3,245,273,22,30,0.90,2,53,389,3385,8,298,1
120,4,264,157,12,22,0.81,7,13,307,1907,16,142,1
120,5,278,174,8,9,0.26,2,10,345,2013,10,179,1
121,3,242,280,24,30,0.88,2,54,389,3419,7,299,1
121,4,264,157,12,22,0.82,7,14,308,1923,16,144,1
121,5,277,175,8,8,0.20,2,11,346,2038,11,184,1
122,3,239,291,24,32,0.90,2,55,390,3456,7,300,1
122,4,264,158,12,22,0.81,7,15,309,1944,16,149,1
122,5,277,176,8,8,0.25,2,12,347,2064,12,190,1
123,3,234,297,28,36,0.90,2,56,390,3492,7,301,1
123,4,264,158,12,22,0.81,7,16,310,1961,15,150,1
124,3,231,310,28,40,0.90,2,57,390,3530,7,303,1
124,4,264,158,12,22,0.79,7,17,312,1974,15,149,1
124,5,276,178,8,8,0.41,2,13,350,2116,12,198,1
125,3,227,320,30,42,0.89,2,58,391,3566,7,304,1
125,4,265,159,12,22,0.79,7,18,313,1991,15,150,1
125,5,276,179,8,8,0.46,2,14,351,2147,12,205,1
126,3,222,336,32,49,0.90,2,59,391,3603,7,305,1
126,4,265,159,12,22,0.81,7,19,314,2005,15,150,1
126,5,276,180,10,9,0.54,2,15,352,2183,12,214,1
127,3,216,351,36,52,0.92,2,60,391,3639,7,306,1
127,4,266,160,12,22,0.80,7,20,315,2023,15,151,1
127,5,276,180,10,10,0.53,2,16,354,2217,13,220,1
128,4,264,159,12,22,0.79,7,21,317,2033,15,148,1
128,5,276,181,10,10,0.70,2,17,355,2249,13,225,1
129,4,264,159,12,24,0.80,7,22,318,2051,14,150,1
129,5,276,182,8,10,0.72,2,18,356,2279,13,229,1
130,4,264,160,12,24,0.81,7,23,319,2071,14,152,1
130,5,276,183,10,10,0.70,2,19,358,2308,13,232,1
131,4,264,160,12,24,0.82,7,24,320,2089,14,153,1
131,5,276,183,8,11,0.74,2,20,359,2337,13,234,1
132,4,264,161,12,25,0.83,7,25,321,2113,14,157,1
132,5,276,184,10,10,0.70,2,21,361,2360,13,234,1
133,4,264,161,14,25,0.83,7,26,322,2133,14,159,1
133,5,275,185,10,11,0.70,2,22,362,2387,13,236,1
134,4,264,162,14,26,0.82,7,27,324,2159,14,163,1
134,5,275,186,10,11,0.62,2,23,363,2414,12,237,1
135,4,264,161,14,26,0.83,7,28,325,2177,14,163,1
135,5,274,186,12,12,0.70,2,24,364,2439,12,237,1
136,4,264,162,14,26,0.83,7,29,326,2196,14,164,1
136,5,274,187,12,12,0.69,2,25,366,2464,12,238,1
137,4,264,163,14,26,0.84,7,30,327,2216,14,166,1
137,5,274,190,12,12,0.71,2,26,367,2495,12,240,1
138,4,264,162,14,28,0.84,7,31,329,2238,14,167,1
138,5,274,191,12,12,0.78,2,27,368,2524,12,242,1
139,4,262,163,16,28,0.84,7,32,330,2260,14,169,1
139,5,273,192,12,12,0.81,2,28,369,2551,12,243,1
140,4,262,164,16,28,0.85,7,33,331,2283,14,171,1
140,5,273,194,12,12,0.74,2,29,370,2580,12,244,1
141,4,262,164,16,28,0.86,7,34,332,2302,13,172,1
141,5,273,194,12,13,0.78,2,30,371,2607,12,245,1
142,4,262,164,16,29,0.86,7,35,333,2323,13,173,1
142,5,272,195,12,14,0.80,2,31,373,2635,11,246,1
143,4,262,164,16,30,0.86,7,36,335,2344,13,174,1
143,5,272,196,12,14,0.80,2,32,374,2662,11,247,1
144,4,262,165,16,30,0.85,7,37,336,2365,13,175,1
144,5,272,198,12,14,0.82,2,33,375,2689,11,248,1
145,4,262,166,16,30,0.85,7,38,337,2386,13,176,1
145,5,272,200,12,13,0.79,2,34,375,2715,11,248,1
146,4,261,168,16,29,0.85,7,39,338,2408,13,177,1
146,5,272,202,12,14,0.84,2,35,376,2743,11,249,1
147,4,260,167,16,30,0.86,7,40,339,2427,13,177,1
147,5,270,204,12,14,0.85,2,36,377,2771,11,250,1
148,4,260,168,16,30,0.85,7,41,340,2447,13,178,1
148,5,269,206,14,14,0.84,2,37,378,2800,11,250,1
149,4,259,169,18,30,0.85,7,42,341,2467,12,178,1
149,5,268,208,16,14,0.84,2,38,379,2827,10,251,1
150,4,259,168,18,32,0.85,7,43,342,2486,12,179,1
150,5,268,210,14,15,0.83,2,39,380,2857,10,252,1
151,4,259,169,18,32,0.86,7,44,343,2506,12,179,1
151,5,266,212,16,15,0.84,2,40,381,2885,10,253,1
152,4,260,170,16,32,0.87,7,45,344,2526,12,180,1
152,5,266,214,16,16,0.84,2,41,381,2914,10,254,1
153,4,258,170,18,33,0.85,7,46,345,2546,12,180,1
153,5,265,216,16,16,0.83,2,42,382,2943,10,254,1
154,4,258,170,18,34,0.86,7,47,346,2566,12,180,1
154,5,264,218,16,18,0.84,2,43,383,2973,10,255,1
155,4,258,171,18,34,0.86,7,48,347,2585,12,181,1
155,5,264,221,16,16,0.84,2,44,383,3000,9,256,1
156,4,257,171,18,36,0.86,7,49,348,2606,11,181,1
156,5,263,225,16,16,0.84,2,45,384,3028,9,256,1
157,4,257,172,18,36,0.86,7,50,348,2627,11,182,1
157,5,262,227,16,18,0.84,2,46,385,3058,9,257,1
158,4,257,173,18,36,0.86,7,51,349,2648,11,182,1
158,5,262,231,16,18,0.84,2,47,385,3088,9,258,1
159,4,256,174,20,36,0.86,7,52,350,2667,11,183,1
159,5,260,234,16,17,0.85,2,48,386,3116,9,259,1
160,4,256,174,20,37,0.86,7,53,351,2687,11,183,1
160,5,258,239,18,18,0.85,2,49,386,3147,9,259,1
161,4,254,174,20,38,0.86,7,54,351,2706,11,183,1
161,5,258,241,16,20,0.84,2,50,387,3177,9,260,1
162,4,254,176,20,38,0.87,7,55,352,2727,11,184,1
162,5,256,246,18,20,0.86,2,51,387,3207,8,261,1
163,4,253,176,20,39,0.88,7,56,353,2747,10,184,1
163,5,254,248,20,23,0.87,2,52,388,3238,8,262,1
164,4,252,177,20,40,0.88,7,57,353,2768,10,184,1
164,5,252,254,20,24,0.88,2,53,388,3270,8,263,1
165,4,252,178,20,41,0.87,7,58,354,2789,10,185,1
165,5,250,260,20,24,0.88,2,54,388,3302,8,264,1
166,4,248,178,24,42,0.88,7,59,355,2810,10,185,1
166,5,248,265,22,26,0.88,2,55,389,3334,8,265,1
167,4,249,179,22,42,0.88,7,60,355,2829,10,185,1
167,5,247,271,22,26,0.88,2,56,389,3365,8,266,1
168,4,248,179,24,44,0.88,7,61,356,2850,10,186,1
168,5,244,278,24,30,0.90,2,57,389,3399,8,267,1
169,4,246,180,24,45,0.88,7,62,356,2870,10,186,1
169,5,242,284,24,31,0.89,2,58,390,3431,7,268,1
170,4,246,181,24,46,0.88,7,63,357,2891,9,186,1
170,5,238,294,26,34,0.88,2,59,390,3465,7,269,1
171,4,244,181,26,48,0.90,7,64,357,2912,9,187,1
171,5,236,302,28,36,0.90,2,60,390,3499,7,270,1
172,4,242,182,28,49,0.89,7,65,358,2933,9,187,1
172,5,232,314,28,40,0.90,2,61,391,3535,7,272,1
173,4,241,183,28,50,0.90,7,66,358,2954,9,187,1
173,5,228,324,32,42,0.90,2,62,391,3568,7,273,1
174,4,240,184,28,52,0.90,7,67,359,2975,9,188,1
174,5,224,339,32,48,0.90,2,63,392,3603,7,274,1
175,4,240,184,28,53,0.90,7,68,359,2996,9,188,1
175,5,218,352,36,52,0.91,2,64,392,3636,7,275,1
176,4,237,185,30,54,0.89,7,69,359,3017,9,188,1
177,4,236,186,30,56,0.89,7,70,360,3038,9,189,1
178,4,234,187,32,58,0.89,7,71,360,3059,9,189,1
179,4,233,188,32,58,0.90,7,72,361,3079,8,189,1
180,4,230,190,34,60,0.89,7,73,361,3101,8,190,1
181,4,228,192,36,60,0.89,7,74,361,3122,8,190,1
182,4,227,192,34,64,0.90,7,75,362,3143,8,190,1
183,4,225,193,36,66,0.89,7,76,362,3165,8,191,1
184,4,224,194,36,68,0.90,7,77,362,3186,8,191,1
185,4,222,196,36,70,0.90,7,78,363,3208,8,191,1
186,4,219,197,40,74,0.89,7,79,363,3230,8,192,1
187,4,216,198,44,76,0.89,7,80,363,3251,8,192,1
188,4,214,200,44,79,0.91,7,81,364,3274,8,192,1
189,4,212,202,44,81,0.90,7,82,364,3296,8,193,1
190,4,210,204,44,84,0.89,7,83,364,3318,7,193,1
191,4,206,206,46,86,0.89,7,84,364,3340,7,193,1
192,4,202,209,50,90,0.89,7,85,365,3362,7,194,1
193,4,198,210,52,94,0.91,7,86,365,3385,7,194,1
194,4,196,212,52,100,0.92,7,87,365,3408,7,195,1
195,4,193,214,54,104,0.91,7,88,366,3430,7,195,1
196,4,188,217,56,110,0.91,7,89,366,3454,7,195,1
197,4,184,220,60,113,0.91,7,90,366,3476,7,196,1
198,4,178,224,62,120,0.91,7,91,367,3500,7,196,1
199,4,174,226,64,125,0.92,7,92,367,3523,7,197,1
200,4,167,230,70,135,0.92,7,93,367,3547,7,197,1
201,4,162,233,72,142,0.92,7,94,368,3571,7,198,1
202,4,153,238,80,155,0.92,7,95,368,3595,7,198,1
203,4,148,240,82,164,0.92,7,96,368,3619,7,199,1
204,4,136,245,92,180,0.92,7,97,369,3644,7,199,1
205,4,128,248,96,192,0.92,7,98,369,3669,7,200,1
206,4,115,255,106,213,0.92,7,99,370,3695,7,200,1
207,4,106,260,112,230,0.94,7,100,370,3722,7,201,1
208,4,86,271,126,258,0.94,7,101,370,3751,7,202,1
295,6,352,431,52,76,0.91,2,1,483,3787,0,-200,1
296,6,345,403,46,64,0.92,2,2,483,3748,-16,-387,1
297,6,342,386,42,58,0.90,2,3,483,3718,-11,-344,1
298,6,336,364,38,50,0.91,2,4,482,3680,-13,-355,1
299,6,333,350,36,48,0.91,2,5,482,3649,-13,-345,1
300,6,330,332,32,44,0.90,2,6,481,3613,-13,-348,1
301,6,328,323,30,40,0.91,2,7,481,3580,-12,-344,1
302,6,325,309,28,38,0.89,2,8,480,3546,-12,-344,1
303,6,324,302,28,36,0.90,2,9,479,3514,-11,-341,1
304,6,320,292,28,32,0.90,2,10,479,3479,-11,-341,1
305,6,320,285,24,32,0.89,2,11,478,3447,-11,-339,1
306,6,318,275,24,30,0.89,2,12,477,3413,-11,-339,1
307,6,316,271,24,28,0.89,2,13,476,3380,-11,-338,1
308,6,316,264,22,26,0.89,2,14,475,3347,-11,-338,1
308,7,276,168,8,9,0.34,2,1,348,1837,0,200,1
309,6,316,259,20,26,0.89,2,15,475,3314,-11,-337,1
309,7,276,168,8,9,0.31,2,2,348,1856,6,191,1
310,6,314,254,20,24,0.87,2,16,474,3281,-10,-337,1
310,7,276,170,8,8,0.34,2,3,348,1875,8,192,1
311,6,314,249,20,24,0.87,2,17,473,3249,-10,-336,1
311,7,276,170,8,8,0.38,2,4,348,1890,7,175,1
312,6,312,244,20,23,0.89,2,18,472,3216,-10,-335,1
312,7,276,170,8,9,0.51,2,5,348,1909,8,181,1
313,6,312,241,20,22,0.87,2,19,471,3184,-10,-335,1
313,7,276,170,8,9,0.51,2,6,349,1923,7,172,1
314,6,310,236,20,22,0.87,2,20,471,3151,-10,-334,1
314,7,276,171,10,10,0.44,2,7,349,1956,11,199,1
315,6,311,232,18,22,0.86,2,21,470,3119,-9,-333,1
315,7,278,171,8,10,0.49,2,8,349,1979,14,203,1
316,6,311,228,16,21,0.85,2,22,469,3087,-9,-333,1
316,7,278,173,8,8,0.33,2,9,350,1994,15,197,1
317,6,310,226,16,20,0.86,2,23,468,3054,-9,-332,1
317,7,277,174,10,10,0.55,2,10,351,2036,16,221,1
318,6,310,222,16,20,0.86,2,24,468,3022,-9,-332,1
318,7,277,174,10,10,0.56,2,11,353,2065,16,228,1
319,6,310,220,16,19,0.86,2,25,467,2990,-9,-331,1
319,7,278,176,8,10,0.60,2,12,354,2104,17,242,1
320,6,308,218,16,18,0.86,2,26,466,2958,-9,-331,1
320,7,278,176,10,10,0.70,2,13,355,2132,17,246,1
321,6,308,216,16,18,0.86,2,27,465,2926,-8,-330,1
321,7,277,177,10,10,0.73,2,14,357,2161,17,249,1
322,6,308,213,16,18,0.85,2,28,465,2895,-8,-330,1
322,7,276,178,12,10,0.66,2,15,358,2189,16,252,1
323,6,308,212,14,16,0.86,2,29,464,2863,-8,-329,1
323,7,276,179,12,10,0.63,2,16,360,2218,16,254,1
324,6,308,208,14,17,0.86,2,30,463,2831,-8,-329,1
324,7,278,180,10,10,0.70,2,17,361,2246,16,256,1
325,6,308,207,14,17,0.85,2,31,463,2800,-8,-328,1
325,7,278,180,10,11,0.71,2,18,362,2274,16,257,1
326,6,307,206,14,16,0.85,2,32,462,2769,-8,-328,1
326,7,276,180,12,12,0.76,2,19,364,2301,16,258,1
327,6,308,204,12,16,0.85,2,33,462,2738,-8,-327,1
327,7,276,181,12,12,0.76,2,20,365,2329,16,259,1
328,6,308,201,12,16,0.83,2,34,461,2707,-7,-327,1
328,7,276,183,12,12,0.78,2,21,367,2359,15,261,1
329,6,306,200,14,15,0.83,2,35,460,2676,-7,-326,1
329,7,276,184,12,12,0.80,2,22,368,2389,15,263,1
330,6,306,199,12,14,0.82,2,36,460,2645,-7,-326,1
330,7,276,185,12,12,0.80,2,23,369,2417,15,264,1
331,6,305,196,14,16,0.83,2,37,459,2614,-7,-325,1
331,7,276,186,12,12,0.76,2,24,370,2444,15,264,1
332,6,305,196,14,14,0.82,2,38,459,2583,-7,-325,1
332,7,276,188,12,12,0.81,2,25,372,2474,14,266,1
333,6,306,195,12,14,0.82,2,39,458,2552,-7,-324,1
333,7,276,188,12,13,0.81,2,26,373,2502,14,266,1
334,6,306,193,12,14,0.81,2,40,458,2522,-7,-324,1
334,7,276,189,12,14,0.82,2,27,374,2532,14,267,1
335,6,304,192,12,14,0.79,2,41,457,2491,-7,-323,1
335,7,275,191,12,14,0.80,2,28,375,2563,14,269,1
336,6,304,192,12,13,0.80,2,42,456,2461,-7,-323,1
336,7,275,192,12,14,0.78,2,29,376,2593,14,270,1
336,8,343,441,50,72,0.92,2,1,477,3792,0,-200,1
337,6,304,191,12,13,0.81,2,43,456,2431,-7,-322,1
337,7,274,193,12,15,0.79,2,30,378,2623,13,271,1
337,8,338,419,46,65,0.92,2,2,477,3766,-14,-266,1
338,6,304,188,12,14,0.83,2,44,455,2401,-7,-322,1
338,7,274,194,12,15,0.80,2,31,379,2651,13,271,1
338,8,334,390,40,56,0.91,2,3,477,3727,-12,-330,1
339,6,304,188,12,13,0.82,2,45,455,2371,-7,-321,1
339,7,273,196,14,16,0.81,2,32,380,2682,13,273,1
339,8,329,374,42,51,0.91,2,4,476,3694,-10,-327,1
340,6,303,186,12,13,0.80,2,46,454,2341,-7,-321,1
340,7,274,200,12,14,0.81,2,33,381,2713,13,274,1
340,8,326,353,36,46,0.90,2,5,476,3658,-11,-336,1
341,6,304,185,12,13,0.76,2,47,454,2311,-7,-320,1
341,7,272,201,12,15,0.83,2,34,382,2744,12,275,1
341,8,324,340,32,44,0.91,2,6,475,3626,-12,-334,1
342,6,302,183,12,14,0.79,2,48,453,2281,-7,-320,1
342,7,271,203,14,16,0.85,2,35,382,2777,12,277,1
342,8,320,324,32,40,0.91,2,7,475,3590,-12,-338,1
343,6,302,184,12,13,0.78,2,49,453,2252,-7,-319,1
343,7,271,205,14,15,0.85,2,36,383,2807,12,277,1
343,8,320,313,30,38,0.88,2,8,474,3556,-11,-338,1
344,6,302,183,12,12,0.73,2,50,452,2222,-7,-319,1
344,7,270,207,14,16,0.85,2,37,384,2838,12,278,1
344,8,318,302,28,35,0.90,2,9,474,3522,-11,-339,1
345,6,302,182,12,12,0.69,2,51,451,2192,-7,-318,1
345,7,268,208,16,17,0.84,2,38,385,2868,11,279,1
345,8,318,295,26,32,0.89,2,10,473,3488,-10,-339,1
346,6,302,181,12,12,0.49,2,52,451,2163,-7,-318,1
346,7,267,212,16,17,0.85,2,39,386,2901,11,280,1
346,8,316,285,22,30,0.89,2,11,472,3453,-10,-340,1
347,6,303,181,10,11,0.71,2,53,450,2133,-7,-317,1
347,7,266,212,16,18,0.85,2,40,386,2931,11,281,1
347,8,314,278,24,30,0.87,2,12,472,3420,-10,-339,1
348,6,302,180,10,11,0.67,2,54,450,2104,-7,-317,1
348,7,264,215,16,20,0.85,2,41,387,2964,10,282,1
348,8,312,270,24,28,0.87,2,13,471,3386,-10,-339,1
349,6,303,180,10,11,0.56,2,55,449,2075,-7,-316,1
349,7,264,216,16,21,0.84,2,42,387,2995,10,283,1
349,8,312,266,24,26,0.88,2,14,470,3353,-10,-338,1
350,6,302,178,10,11,0.68,2,56,449,2045,-7,-316,1
350,7,263,222,16,20,0.84,2,43,388,3029,10,284,1
350,8,312,258,20,25,0.89,2,15,469,3319,-10,-339,1
351,6,302,179,10,10,0.52,2,57,448,2016,-7,-315,1
351,7,262,225,16,20,0.84,2,44,388,3061,9,285,1
351,8,310,255,20,24,0.87,2,16,469,3286,-10,-338,1
352,7,260,229,16,22,0.86,2,45,389,3096,9,286,1
352,8,310,248,20,23,0.87,2,17,468,3252,-9,-338,1
353,7,258,232,18,22,0.85,2,46,389,3130,9,287,1
353,8,308,244,20,23,0.87,2,18,467,3219,-9,-338,1
354,6,302,177,8,10,0.41,2,58,446,1924,-6,-315,1
354,7,256,236,20,24,0.88,2,47,389,3164,9,289,1
354,8,309,240,18,21,0.86,2,19,466,3185,-9,-337,1
355,6,302,176,8,10,0.32,2,59,446,1896,-6,-314,1
355,7,254,242,20,23,0.87,2,48,390,3199,8,290,1
355,8,308,236,20,22,0.86,2,20,466,3153,-9,-337,1
356,6,300,175,10,10,0.50,2,60,445,1867,-6,-314,1
356,7,252,248,20,24,0.87,2,49,390,3235,8,291,1
356,8,308,232,16,20,0.85,2,21,465,3119,-9,-337,1
357,6,300,174,10,10,0.50,2,61,445,1838,-6,-314,1
357,7,250,251,20,26,0.88,2,50,390,3270,8,293,1
357,8,307,229,18,20,0.84,2,22,464,3086,-9,-336,1
358,7,248,258,24,28,0.87,2,51,390,3307,8,294,1
358,8,308,226,16,19,0.85,2,23,463,3053,-9,-336,1
359,7,246,264,24,28,0.88,2,52,390,3342,8,295,1
359,8,308,223,16,19,0.85,2,24,463,3021,-8,-336,1
359,9,370,304,112,206,0.91,7,1,509,3790,0,-200,1
360,6,300,172,8,10,0.30,2,62,443,1747,-7,-313,1
360,7,243,271,24,32,0.89,2,53,390,3380,7,297,1
360,8,306,220,16,18,0.85,2,25,462,2988,-8,-335,1
360,9,362,294,104,182,0.92,7,2,509,3760,-13,-298,1
361,6,300,173,8,8,0.20,2,63,442,1718,-7,-313,1
361,7,240,277,24,35,0.89,2,54,391,3417,7,298,1
361,8,306,218,16,18,0.84,2,26,461,2956,-8,-335,1
361,9,360,289,96,168,0.93,7,3,509,3735,-7,-277,1
362,7,236,290,28,36,0.90,2,55,391,3456,7,300,1
362,8,306,216,16,17,0.83,2,27,461,2923,-8,-334,1
362,9,358,279,84,154,0.93,7,4,509,3706,-6,-279,1
363,6,298,171,8,9,0.19,2,64,441,1659,-7,-312,1
363,7,233,297,28,38,0.90,2,56,391,3493,7,301,1
363,8,305,214,16,16,0.82,2,28,460,2891,-8,-334,1
363,9,354,274,80,142,0.92,7,5,508,3680,-6,-276,1
364,7,229,310,30,44,0.90,2,57,391,3532,7,303,1
364,8,304,211,16,16,0.85,2,29,459,2859,-8,-333,1
364,9,350,268,76,130,0.93,7,6,508,3652,-6,-276,1
365,7,224,321,32,46,0.90,2,58,391,3569,7,304,1
365,8,305,209,14,16,0.84,2,30,459,2827,-8,-333,1
365,9,348,262,72,124,0.92,7,7,508,3626,-5,-273,1
366,7,218,340,36,52,0.90,2,59,391,3608,7,306,1
366,8,304,207,16,16,0.83,2,31,458,2795,-8,-332,1
366,9,344,256,68,114,0.92,7,8,508,3599,-6,-273,1
367,7,213,352,38,60,0.90,2,60,391,3645,7,307,1
367,8,304,205,14,16,0.84,2,32,457,2763,-8,-332,1
367,9,344,252,64,109,0.92,7,9,507,3573,-5,-271,1
368,8,303,204,14,14,0.85,2,33,457,2732,-8,-331,1
368,9,343,247,58,100,0.91,7,10,507,3545,-5,-272,1
369,8,303,202,14,15,0.84,2,34,456,2700,-8,-331,1
369,9,340,243,56,98,0.92,7,11,507,3520,-5,-270,1
370,8,304,200,12,15,0.84,2,35,456,2669,-7,-330,1
370,9,339,238,52,92,0.91,7,12,506,3494,-5,-269,1
371,8,304,197,12,16,0.84,2,36,455,2637,-7,-330,1
371,9,338,237,48,86,0.91,7,13,506,3468,-5,-268,1
372,8,304,197,12,14,0.84,2,37,454,2606,-7,-329,1
372,9,336,232,48,82,0.91,7,14,506,3442,-5,-268,1
373,8,304,196,12,14,0.83,2,38,454,2575,-7,-329,1
373,9,335,229,46,80,0.90,7,15,505,3416,-5,-267,1
374,8,303,194,12,13,0.81,2,39,453,2543,-7,-328,1
374,9,334,228,44,74,0.90,7,16,505,3391,-5,-266,1
375,8,303,194,12,13,0.80,2,40,452,2513,-7,-328,1
375,9,333,224,42,72,0.91,7,17,504,3365,-5,-265,1
376,8,302,193,12,12,0.81,2,41,452,2482,-7,-327,1
376,9,332,221,40,70,0.90,7,18,504,3340,-5,-264,1
377,8,302,192,12,12,0.77,2,42,451,2451,-7,-327,1
377,9,330,218,40,69,0.90,7,19,504,3316,-5,-263,1
378,8,302,190,12,12,0.76,2,43,451,2420,-7,-326,1
378,9,329,215,38,66,0.88,7,20,503,3291,-5,-262,1
379,8,302,189,12,12,0.79,2,44,450,2389,-7,-326,1
379,9,330,214,36,64,0.89,7,21,503,3267,-5,-261,1
380,8,302,188,10,12,0.78,2,45,449,2359,-7,-325,1
380,9,328,212,36,60,0.89,7,22,502,3242,-5,-261,1
381,8,302,186,10,12,0.76,2,46,449,2328,-7,-325,1
381,9,326,210,36,60,0.89,7,23,502,3218,-5,-260,1
382,8,302,186,10,12,0.73,2,47,448,2298,-7,-325,1
382,9,328,208,32,57,0.88,7,24,502,3194,-5,-259,1
383,8,302,186,10,12,0.65,2,48,448,2268,-7,-324,1
383,9,326,206,32,55,0.89,7,25,501,3169,-5,-258,1
383,10,268,166,8,12,0.33,2,1,322,1891,0,200,1
384,8,300,184,12,11,0.68,2,49,447,2238,-7,-323,1
384,9,326,204,30,54,0.89,7,26,501,3145,-5,-258,1
384,10,268,167,8,11,0.31,2,2,322,1910,8,190,1
385,8,300,184,12,11,0.67,2,50,447,2208,-7,-323,1
385,9,325,202,30,52,0.88,7,27,500,3120,-5,-257,1
385,10,268,168,8,11,0.37,2,3,322,1929,10,189,1
386,8,301,183,10,10,0.64,2,51,446,2177,-7,-322,1
386,9,324,201,28,50,0.88,7,28,500,3096,-5,-257,1
386,10,268,167,10,12,0.67,2,4,322,1942,16,170,1
387,8,301,182,10,10,0.65,2,52,445,2147,-7,-322,1
387,9,324,198,28,50,0.88,7,29,500,3071,-5,-256,1
387,10,268,168,10,12,0.64,2,5,323,1960,17,173,1
388,8,301,181,10,10,0.65,2,53,445,2117,-7,-322,1
388,9,322,197,28,48,0.88,7,30,499,3047,-5,-256,1
388,10,274,168,8,10,0.29,2,6,323,1949,29,116,1
389,8,300,181,10,10,0.63,2,54,444,2087,-7,-321,1
389,9,322,198,28,46,0.88,7,31,499,3023,-5,-255,1
389,10,274,168,8,10,0.24,2,7,325,1936,32,75,1
390,8,300,179,10,10,0.53,2,55,444,2057,-7,-321,1
390,9,322,196,26,45,0.89,7,32,498,3000,-5,-255,1
390,10,270,170,8,10,0.44,2,8,327,1950,26,85,1
391,8,300,179,8,10,0.34,2,56,443,2028,-7,-320,1
391,9,322,194,24,44,0.87,7,33,498,2976,-5,-254,1
391,10,270,170,8,11,0.43,2,9,328,1971,22,100,1
392,8,299,178,10,10,0.41,2,57,442,1998,-7,-320,1
392,9,320,192,26,44,0.87,7,34,497,2952,-5,-254,1
392,10,268,169,12,12,0.35,2,10,330,1986,20,105,1
393,8,299,178,10,10,0.43,2,58,442,1969,-7,-319,1
393,9,320,192,24,42,0.87,7,35,497,2929,-5,-253,1
393,10,268,172,8,11,0.34,2,11,331,2017,17,127,1
394,8,300,177,8,10,0.17,2,59,441,1940,-7,-319,1
394,9,320,191,24,41,0.87,7,36,497,2905,-5,-253,1
394,10,270,171,8,12,0.50,2,12,332,2038,16,134,1
395,8,299,177,10,9,0.31,2,60,440,1910,-7,-318,1
395,9,319,191,24,40,0.87,7,37,496,2883,-5,-252,1
395,10,268,171,10,12,0.54,2,13,333,2055,15,137,1
396,8,300,176,8,8,0.27,2,61,440,1880,-7,-318,1
396,9,318,190,24,39,0.88,7,38,496,2860,-5,-251,1
396,10,270,173,8,12,0.57,2,14,334,2082,15,147,1
397,8,300,176,8,9,0.27,2,62,439,1851,-7,-318,1
397,9,318,190,24,38,0.88,7,39,495,2838,-5,-250,1
397,10,268,173,10,12,0.61,2,15,334,2104,14,152,1
398,8,299,175,8,8,0.19,2,63,439,1822,-7,-317,1
398,9,318,188,20,37,0.87,7,40,495,2815,-5,-250,1
398,10,267,174,10,12,0.49,2,16,335,2127,13,158,1
398,11,277,173,8,11,0.36,2,1,361,2085,0,200,1
399,8,298,174,8,9,0.28,2,64,438,1793,-7,-317,1
399,9,317,187,22,36,0.88,7,41,494,2792,-5,-249,1
399,10,267,174,10,12,0.62,2,17,336,2146,12,160,1
399,11,278,174,8,10,0.37,2,2,361,2103,34,184,1
400,9,318,187,20,34,0.87,7,42,494,2769,-5,-249,1
400,10,267,175,10,12,0.55,2,18,337,2167,12,163,1
400,11,278,173,8,13,0.38,2,3,362,2127,27,212,1
401,9,317,186,20,34,0.87,7,43,493,2746,-5,-248,1
401,10,266,175,12,13,0.57,2,19,337,2189,11,166,1
401,11,278,174,8,12,0.43,2,4,363,2147,22,208,1
402,8,297,172,8,8,0.24,2,65,436,1700,-7,-316,1
402,9,316,187,20,31,0.84,7,44,493,2723,-5,-248,1
402,10,266,175,10,14,0.51,2,20,338,2213,11,170,1
402,11,277,174,10,13,0.38,2,5,363,2170,19,215,1
403,9,316,189,20,28,0.72,7,45,492,2700,-5,-247,1
403,10,266,176,12,15,0.45,2,21,339,2242,11,176,1
403,11,277,174,10,14,0.39,2,6,364,2196,17,223,1
404,9,316,187,20,28,0.58,7,46,492,2677,-5,-247,1
404,10,266,176,12,15,0.61,2,22,339,2265,11,178,1
404,11,277,176,10,13,0.46,2,7,365,2223,16,231,1
405,9,316,186,20,28,0.69,7,47,491,2654,-5,-247,1
405,10,266,176,12,16,0.58,2,23,340,2289,11,181,1
405,11,277,176,10,14,0.48,2,8,366,2250,15,237,1
406,9,316,186,18,27,0.51,7,48,491,2631,-5,-246,1
406,10,266,177,12,16,0.62,2,24,341,2313,11,184,1
406,11,276,176,12,16,0.51,2,9,366,2286,15,252,1
407,9,315,183,18,28,0.59,7,49,490,2608,-5,-246,1
407,10,265,178,10,16,0.69,2,25,341,2338,10,186,1
407,11,276,177,12,16,0.60,2,10,367,2318,15,260,1
408,9,315,182,18,28,0.81,7,50,490,2585,-5,-246,1
408,10,264,179,12,16,0.64,2,26,342,2362,10,189,1
408,11,277,182,10,11,0.55,2,11,368,2342,14,257,1
409,9,314,182,18,27,0.80,7,51,489,2562,-5,-245,1
409,10,264,179,12,16,0.71,2,27,343,2383,10,189,1
409,11,277,182,10,12,0.50,2,12,369,2365,14,255,1
410,9,316,182,16,26,0.72,7,52,489,2540,-5,-245,1
410,10,264,180,12,16,0.75,2,28,343,2404,9,190,1
410,11,277,183,10,12,0.43,2,13,370,2388,13,253,1
411,9,314,181,16,26,0.54,7,53,489,2517,-5,-244,1
411,10,264,180,12,16,0.73,2,29,344,2422,9,190,1
411,11,277,184,10,12,0.51,2,14,371,2412,13,251,1
411,12,277,175,10,10,0.30,2,1,366,2114,0,200,1
412,9,314,181,16,24,0.62,7,54,488,2494,-5,-244,1
412,10,264,182,12,16,0.72,2,30,344,2444,9,191,1
412,11,277,186,10,12,0.56,2,15,372,2439,13,253,1
412,12,277,177,10,10,0.36,2,2,366,2138,10,232,1
413,9,314,180,16,24,0.60,7,55,488,2471,-5,-244,1
413,10,263,182,12,17,0.68,2,31,345,2466,9,192,1
413,11,277,187,10,12,0.61,2,16,373,2466,13,254,1
413,12,277,178,10,10,0.28,2,3,366,2172,12,286,1
414,9,313,179,16,24,0.65,7,56,487,2449,-5,-244,1
414,10,263,182,12,18,0.70,2,32,346,2487,9,192,1
414,11,276,188,12,12,0.66,2,17,374,2491,12,254,1
414,12,277,178,10,10,0.36,2,4,366,2201,11,289,1
415,9,313,179,16,23,0.70,7,57,487,2426,-5,-243,1
415,10,263,182,12,18,0.64,2,33,346,2506,9,192,1
415,11,276,189,12,12,0.63,2,18,374,2515,12,253,1
415,12,276,179,12,10,0.31,2,5,367,2230,11,290,1
416,9,313,176,16,25,0.78,7,58,486,2403,-5,-243,1
416,10,262,184,12,18,0.69,2,34,347,2527,9,193,1
416,11,275,191,12,12,0.65,2,19,375,2543,12,255,1
416,12,276,178,12,10,0.42,2,6,367,2238,10,247,1
417,9,312,175,16,26,0.82,7,59,486,2381,-5,-243,1
417,10,262,184,12,19,0.75,2,35,347,2548,8,193,1
417,11,274,192,12,12,0.54,2,20,376,2569,11,255,1
417,12,276,180,12,10,0.50,2,7,367,2261,9,244,1
418,9,312,175,16,24,0.77,7,60,485,2358,-5,-242,1
418,10,262,185,12,20,0.77,2,36,348,2571,8,195,1
418,11,274,195,12,12,0.63,2,21,377,2600,11,258,1
418,12,278,181,10,10,0.62,2,8,368,2285,11,243,1
419,9,312,174,16,24,0.69,7,61,485,2335,-5,-242,1
419,10,260,186,12,19,0.81,2,37,348,2592,8,195,1
419,11,274,196,12,12,0.54,2,22,378,2628,11,259,1
419,12,278,181,10,11,0.67,2,9,369,2309,12,243,1
420,9,312,174,16,24,0.80,7,62,484,2313,-4,-242,1
420,10,260,187,12,20,0.76,2,38,349,2614,8,196,1
420,11,274,197,12,12,0.60,2,23,379,2655,10,259,1
420,12,276,181,12,12,0.69,2,10,369,2333,11,243,1
421,9,311,174,16,24,0.82,7,63,484,2291,-4,-241,1
421,10,260,188,12,19,0.80,2,39,349,2634,8,196,1
421,11,274,199,12,12,0.57,2,24,379,2682,10,260,1
421,12,276,182,12,12,0.64,2,11,370,2358,11,243,1
422,9,311,172,14,23,0.70,7,64,483,2268,-4,-241,1
422,10,258,189,12,20,0.79,2,40,350,2656,8,196,1
422,11,273,200,12,13,0.70,2,25,380,2710,10,261,1
422,12,276,183,12,12,0.69,2,12,371,2382,10,243,1
423,9,311,172,14,23,0.74,7,65,483,2246,-5,-241,1
423,10,258,190,12,20,0.73,2,41,350,2676,7,196,1
423,11,271,201,12,14,0.75,2,26,381,2739,9,262,1
423,12,276,184,12,12,0.73,2,13,372,2406,10,243,1
424,9,310,172,16,22,0.59,7,66,483,2223,-5,-241,1
424,10,258,191,12,20,0.75,2,42,351,2697,7,197,1
424,11,271,203,12,14,0.79,2,27,381,2768,9,263,1
424,12,276,185,12,12,0.74,2,14,372,2430,10,242,1
425,9,310,171,14,22,0.65,7,67,482,2201,-5,-240,1
425,10,256,192,14,21,0.73,2,43,351,2718,7,197,1
425,11,270,204,12,15,0.78,2,28,382,2796,9,264,1
425,12,276,186,12,12,0.70,2,15,373,2453,10,242,1
426,9,310,171,14,22,0.70,7,68,482,2179,-5,-240,1
426,10,254,192,16,21,0.78,2,44,351,2737,7,197,1
426,11,270,207,12,14,0.78,2,29,382,2824,8,264,1
426,12,276,186,12,13,0.80,2,16,374,2475,10,241,1
427,9,310,171,14,20,0.49,7,69,481,2156,-5,-240,1
427,10,255,194,14,22,0.76,2,45,351,2759,7,197,1
427,11,268,209,12,14,0.75,2,30,383,2852,8,265,1
427,12,276,188,12,13,0.82,2,17,374,2502,10,242,1
428,9,310,171,12,20,0.63,7,70,481,2134,-5,-240,1
428,10,254,195,14,22,0.76,2,46,352,2780,7,198,1
428,11,268,210,12,16,0.76,2,31,383,2882,8,266,1
428,12,276,189,12,13,0.79,2,18,375,2527,10,243,1
429,9,309,170,14,20,0.72,7,71,480,2111,-5,-239,1
429,10,252,196,16,22,0.81,2,47,352,2800,6,198,1
429,11,266,212,12,16,0.81,2,32,384,2910,7,266,1
429,12,276,189,12,14,0.81,2,19,376,2551,10,242,1
430,9,310,171,12,18,0.70,7,72,480,2089,-5,-239,1
430,10,251,197,16,24,0.74,2,48,352,2823,6,198,1
430,11,265,215,14,16,0.79,2,33,384,2939,7,267,1
430,12,276,192,12,13,0.82,2,20,377,2577,10,244,1
431,9,310,170,12,18,0.71,7,73,479,2066,-5,-239,1
431,10,250,198,16,24,0.69,2,49,352,2844,6,199,1
431,11,265,216,14,18,0.82,2,34,384,2968,7,268,1
431,12,276,193,12,13,0.78,2,21,378,2602,10,244,1
432,9,310,170,12,18,0.69,7,74,479,2044,-5,-239,1
432,10,250,200,16,24,0.75,2,50,353,2866,6,199,1
432,11,264,218,14,18,0.83,2,35,384,2996,6,268,1
432,12,276,194,12,14,0.80,2,22,378,2629,10,245,1
433,9,308,169,12,18,0.74,7,75,478,2021,-5,-239,1
433,10,249,201,16,24,0.70,2,51,353,2887,6,199,1
433,11,262,221,16,18,0.82,2,36,384,3024,6,268,1
433,12,275,195,12,14,0.81,2,23,379,2654,9,245,1
434,9,308,167,12,20,0.70,7,76,478,1999,-5,-238,1
434,10,248,203,16,26,0.58,2,52,353,2910,6,200,1
434,11,260,225,16,18,0.83,2,37,385,3053,6,269,1
434,12,274,196,12,14,0.83,2,24,380,2678,9,245,1
435,9,308,166,12,19,0.69,7,77,477,1976,-5,-238,1
435,10,248,204,16,26,0.59,2,53,353,2932,6,200,1
435,11,260,226,16,20,0.83,2,38,385,3082,6,270,1
435,12,274,198,12,14,0.84,2,25,381,2702,9,245,1
436,9,308,166,12,20,0.77,7,78,477,1954,-5,-238,1
436,10,246,206,16,27,0.78,2,54,353,2955,5,201,1
436,11,258,229,16,22,0.84,2,39,385,3113,6,271,1
436,12,274,199,12,15,0.84,2,26,382,2728,9,246,1
437,9,307,166,12,18,0.58,7,79,476,1932,-5,-238,1
437,10,245,208,16,27,0.82,2,55,353,2978,5,201,1
437,11,258,232,16,23,0.82,2,40,385,3143,5,271,1
437,12,273,200,14,16,0.82,2,27,382,2755,9,246,1
438,9,306,166,12,18,0.49,7,80,476,1910,-5,-238,1
438,10,242,210,18,28,0.85,2,56,353,3002,5,202,1
438,11,255,236,18,24,0.84,2,41,385,3174,5,272,1
438,12,272,202,14,16,0.85,2,28,383,2781,8,247,1
439,9,306,166,12,18,0.49,7,81,475,1888,-5,-237,1
439,10,241,211,18,28,0.78,2,57,354,3024,5,202,1
439,11,254,238,18,26,0.85,2,42,385,3205,5,273,1
439,12,272,204,14,15,0.87,2,29,384,2806,8,247,1
440,9,306,166,12,16,0.54,7,82,475,1865,-5,-237,1
440,10,238,213,20,30,0.84,2,58,354,3048,5,203,1
440,11,252,241,20,28,0.86,2,43,385,3235,5,274,1
440,12,271,206,14,16,0.85,2,30,384,2833,8,248,1
441,9,305,165,12,17,0.52,7,83,474,1843,-5,-237,1
441,10,238,215,20,30,0.86,2,59,354,3071,5,204,1
441,11,251,245,20,29,0.87,2,44,385,3265,5,275,1
441,12,271,208,14,16,0.85,2,31,385,2859,8,248,1
442,9,305,164,12,18,0.64,7,84,473,1821,-5,-237,1
442,10,236,216,20,32,0.86,2,60,354,3094,5,204,1
442,11,248,250,20,31,0.88,2,45,385,3297,5,276,1
442,12,270,209,16,18,0.86,2,32,385,2887,8,249,1
443,9,304,164,12,17,0.53,7,85,473,1799,-5,-237,1
443,10,235,219,20,32,0.89,2,61,354,3117,4,204,1
443,11,247,255,22,32,0.89,2,46,385,3328,5,276,1
443,12,270,212,16,17,0.87,2,33,386,2914,8,250,1
444,9,304,164,12,17,0.52,7,86,472,1777,-5,-236,1
444,10,233,222,20,34,0.89,2,62,354,3142,4,205,1
444,11,244,262,24,34,0.89,2,47,385,3361,5,278,1
444,12,268,214,16,18,0.86,2,34,386,2943,7,251,1
445,9,304,164,12,17,0.64,7,87,472,1755,-5,-236,1
445,10,231,224,22,34,0.90,2,63,354,3166,4,206,1
445,11,242,266,24,36,0.89,2,48,386,3392,4,278,1
445,12,268,216,16,18,0.87,2,35,387,2969,7,251,1
446,9,302,163,12,16,0.53,7,88,471,1733,-5,-236,1
446,10,230,227,20,36,0.88,2,64,354,3190,4,206,1
446,11,239,273,24,40,0.89,2,49,386,3426,4,280,1
446,12,267,219,16,19,0.87,2,36,388,2998,7,253,1
447,9,302,163,12,17,0.72,7,89,470,1712,-5,-236,1
447,10,226,230,24,36,0.89,2,65,354,3215,4,207,1
447,11,238,279,24,42,0.90,2,50,386,3458,4,280,1
447,12,266,220,16,20,0.86,2,37,388,3026,7,253,1
448,9,302,162,12,16,0.47,7,90,470,1690,-5,-236,1
448,10,224,233,24,39,0.89,2,66,354,3240,4,208,1
448,11,233,288,28,46,0.89,2,51,386,3491,4,281,1
448,12,266,224,16,21,0.87,2,38,388,3056,7,254,1
449,9,303,163,10,16,0.58,7,91,469,1668,-5,-235,1
449,10,222,236,24,40,0.90,2,67,354,3266,4,209,1
449,11,230,295,28,50,0.89,2,52,386,3523,4,282,1
449,12,264,226,16,22,0.85,2,39,389,3085,7,255,1
450,9,303,163,10,15,0.51,7,92,468,1647,-5,-235,1
450,10,220,240,24,42,0.90,2,68,354,3291,4,209,1
450,11,225,306,32,56,0.89,2,53,386,3556,4,283,1
450,12,264,230,16,22,0.87,2,40,389,3115,7,257,1
451,9,302,162,12,16,0.57,7,93,467,1625,-5,-235,1
451,10,216,243,28,43,0.90,2,69,354,3316,4,210,1
451,11,221,314,34,60,0.89,2,54,387,3588,4,284,1
451,12,262,232,18,23,0.87,2,41,390,3143,6,257,1
452,9,300,161,12,15,0.49,7,94,467,1603,-5,-235,1
452,10,212,248,28,46,0.90,2,70,354,3342,4,211,1
452,11,216,329,36,70,0.89,2,55,387,3622,4,285,1
452,12,261,238,18,23,0.88,2,42,390,3174,6,258,1
453,9,300,161,12,15,0.40,7,95,466,1581,-5,-235,1
453,10,210,252,28,47,0.90,2,71,354,3368,4,211,1
453,11,210,342,38,74,0.89,2,56,387,3655,4,286,1
453,12,258,240,20,24,0.86,2,43,390,3203,6,259,1
454,9,300,160,12,16,0.62,7,96,465,1560,-5,-234,1
454,10,206,256,30,50,0.90,2,72,354,3393,4,212,1
454,11,202,362,42,86,0.89,2,57,387,3689,4,287,1
454,12,258,245,20,26,0.88,2,44,391,3234,6,260,1
455,9,300,160,10,15,0.54,7,97,464,1538,-5,-234,1
455,10,204,260,30,52,0.90,2,73,354,3418,4,212,1
455,11,194,378,48,96,0.90,2,58,388,3723,4,288,1
455,12,256,248,20,27,0.88,2,45,391,3264,6,261,1
456,9,300,160,10,15,0.52,7,98,464,1516,-5,-234,1
456,10,198,267,32,55,0.90,2,74,354,3444,3,213,1
456,11,182,409,56,112,0.91,2,59,388,3758,4,289,1
456,12,254,254,20,28,0.89,2,46,391,3295,6,263,1
457,9,298,160,12,14,0.58,7,99,463,1495,-6,-234,1
457,10,194,271,34,58,0.90,2,75,354,3470,3,214,1
457,12,252,258,24,30,0.90,2,47,392,3326,6,264,1
458,9,298,158,12,16,0.55,7,100,462,1473,-6,-234,1
458,10,188,279,36,62,0.88,2,76,354,3496,3,214,1
458,12,250,264,24,32,0.89,2,48,392,3358,6,265,1
459,9,298,158,12,16,0.45,7,101,461,1452,-6,-233,1
459,10,184,285,36,64,0.84,2,77,354,3522,3,215,1
459,12,248,269,24,34,0.88,2,49,392,3389,5,266,1
460,9,298,158,12,16,0.45,7,102,460,1431,-6,-233,1
460,10,176,294,40,70,0.87,2,78,354,3548,3,216,1
460,12,245,278,26,36,0.89,2,50,393,3423,5,267,1
461,9,296,158,12,15,0.24,7,103,459,1409,-6,-233,1
461,10,170,300,44,75,0.74,2,79,355,3575,3,216,1
461,12,243,284,26,38,0.91,2,51,393,3455,5,268,1
462,9,296,158,12,15,0.50,7,104,458,1388,-6,-233,1
462,10,162,312,46,82,0.88,2,80,355,3602,3,217,1
462,12,239,293,28,41,0.90,2,52,393,3489,5,270,1
463,9,296,158,12,14,0.56,7,105,457,1367,-6,-233,1
463,10,156,321,48,86,0.81,2,81,355,3629,3,218,1
463,12,235,300,30,44,0.90,2,53,393,3520,5,271,1
464,9,296,157,12,15,0.62,7,106,456,1346,-6,-232,1
464,10,144,335,52,98,0.81,2,82,355,3657,3,219,1
464,12,231,312,32,48,0.90,2,54,394,3553,5,272,1
465,9,296,157,12,15,0.62,7,107,455,1325,-6,-232,1
465,10,136,346,56,105,0.83,2,83,355,3684,3,219,1
465,12,228,321,32,52,0.90,2,55,394,3585,5,273,1
466,9,294,157,12,14,0.56,7,108,454,1304,-6,-232,1
466,12,222,337,36,58,0.90,2,56,394,3618,5,274,1
467,9,294,157,12,14,0.57,7,109,453,1283,-6,-232,1
467,12,216,350,40,63,0.89,2,57,394,3650,5,275,1
468,9,295,156,10,14,0.34,7,110,452,1262,-6,-231,1
468,12,208,370,44,71,0.91,2,58,395,3684,5,276,1
468,13,408,418,56,71,0.92,2,1,519,3770,0,-200,1
469,9,294,156,12,14,0.14,7,111,451,1241,-6,-231,1
469,12,202,388,48,78,0.91,2,59,395,3716,5,277,1
469,13,398,399,54,64,0.92,2,2,519,3743,-12,-272,1
470,13,388,374,48,57,0.91,2,3,519,3706,-13,-324,1
471,13,382,360,44,52,0.91,2,4,518,3674,-13,-322,1
472,13,376,340,40,47,0.90,2,5,518,3637,-11,-335,1
473,13,372,330,36,44,0.92,2,6,517,3604,-10,-333,1
474,13,366,314,34,42,0.90,2,7,517,3569,-10,-336,1
475,13,362,306,32,39,0.90,2,8,516,3536,-10,-335,1
476,13,358,294,28,36,0.89,2,9,516,3501,-10,-337,1
477,13,356,288,28,34,0.88,2,10,515,3468,-10,-337,1
478,13,352,279,26,32,0.88,2,11,515,3434,-10,-337,1
478,14,266,162,8,14,0.36,7,1,310,1816,0,200,1
479,13,350,274,24,30,0.88,2,12,514,3401,-10,-337,1
479,14,266,164,8,13,0.16,7,2,310,1837,11,209,1
480,13,346,266,24,28,0.88,2,13,513,3367,-10,-337,1
480,14,266,166,8,12,0.45,7,3,310,1864,14,239,1
481,13,346,261,22,28,0.87,2,14,513,3334,-9,-336,1
481,14,266,166,8,12,0.45,7,4,311,1889,14,245,1
482,13,344,255,20,26,0.87,2,15,512,3300,-9,-336,1
482,14,266,168,8,11,0.44,7,5,311,1920,15,260,1
483,13,342,250,20,26,0.88,2,16,511,3267,-9,-336,1
483,14,266,167,8,12,0.46,7,6,312,1941,14,250,1
484,13,339,245,20,25,0.87,2,17,510,3234,-9,-336,1
484,14,268,168,8,12,0.50,7,7,313,1966,19,250,1
485,13,338,241,20,24,0.85,2,18,510,3201,-9,-335,1
485,14,268,168,8,12,0.53,7,8,314,1983,20,238,1
486,13,336,236,18,23,0.88,2,19,509,3167,-9,-335,1
486,14,268,168,8,12,0.55,7,9,315,1994,20,223,1
487,13,335,234,18,22,0.85,2,20,508,3135,-9,-335,1
487,14,268,168,8,12,0.59,7,10,316,2002,19,207,1
488,13,334,229,16,22,0.86,2,21,508,3102,-8,-334,1
488,14,268,168,8,13,0.57,7,11,318,2017,19,201,1
489,13,332,226,16,22,0.85,2,22,507,3069,-8,-334,1
489,14,266,167,10,14,0.45,7,12,319,2028,17,193,1
490,13,331,222,16,20,0.87,2,23,506,3036,-8,-334,1
490,14,266,167,10,14,0.45,7,13,320,2037,16,184,1
491,13,330,220,16,20,0.85,2,24,506,3003,-8,-334,1
491,14,268,168,8,14,0.38,7,14,321,2051,16,181,1
492,13,328,218,16,19,0.85,2,25,505,2970,-8,-333,1
492,14,268,168,8,14,0.43,7,15,322,2061,15,175,1
493,13,327,216,16,18,0.85,2,26,504,2938,-8,-333,1
493,14,268,170,8,14,0.52,7,16,323,2083,15,178,1
494,13,326,213,16,18,0.84,2,27,503,2905,-8,-333,1
494,14,268,170,8,14,0.50,7,17,325,2100,15,178,1
495,13,326,212,16,17,0.86,2,28,503,2873,-8,-332,1
495,14,268,170,8,14,0.46,7,18,326,2114,15,176,1
496,13,324,208,16,18,0.86,2,29,502,2841,-8,-332,1
496,14,268,171,8,14,0.63,7,19,327,2131,15,175,1
497,13,324,207,14,16,0.85,2,30,501,2808,-8,-332,1
497,14,268,171,8,14,0.62,7,20,328,2146,14,173,1
498,13,323,204,14,17,0.85,2,31,500,2776,-8,-331,1
498,14,268,172,8,14,0.51,7,21,329,2162,14,173,1
499,13,322,204,14,16,0.85,2,32,500,2744,-8,-331,1
499,14,267,170,10,16,0.61,7,22,330,2176,14,172,1
500,13,321,200,14,17,0.84,2,33,499,2712,-8,-331,1
500,14,266,171,12,16,0.65,7,23,331,2193,14,171,1
501,13,320,199,14,16,0.83,2,34,498,2680,-8,-330,1
501,14,266,171,12,16,0.71,7,24,332,2207,13,170,1
502,13,319,196,14,17,0.84,2,35,497,2648,-8,-330,1
502,14,266,170,12,17,0.66,7,25,333,2219,13,168,1
503,13,319,196,14,16,0.84,2,36,497,2617,-8,-329,1
503,14,266,172,12,16,0.60,7,26,334,2233,13,167,1
504,13,318,194,14,16,0.84,2,37,496,2585,-8,-329,1
504,14,264,171,12,18,0.74,7,27,335,2249,12,167,1
505,13,318,193,12,16,0.83,2,38,495,2554,-8,-328,1
505,14,265,172,12,18,0.74,7,28,336,2267,12,167,1
506,13,318,191,12,16,0.84,2,39,494,2523,-8,-328,1
506,14,265,172,12,19,0.61,7,29,337,2285,12,168,1
507,13,316,190,14,16,0.84,2,40,493,2492,-8,-328,1
507,14,265,172,12,20,0.74,7,30,338,2304,12,168,1
508,13,316,190,12,14,0.84,2,41,493,2461,-8,-327,1
508,14,265,173,12,19,0.65,7,31,339,2321,12,168,1
509,13,315,188,12,13,0.83,2,42,492,2429,-8,-327,1
509,14,265,174,12,18,0.64,7,32,339,2336,12,168,1
510,13,314,186,12,15,0.78,2,43,491,2398,-8,-326,1
510,14,264,173,12,20,0.51,7,33,340,2353,11,168,1
511,13,314,186,12,13,0.78,2,44,490,2367,-8,-326,1
511,14,264,174,12,20,0.57,7,34,341,2370,11,168,1
512,13,313,184,12,13,0.78,2,45,489,2335,-8,-326,1
512,14,264,174,12,20,0.49,7,35,342,2385,11,167,1
513,13,313,183,12,14,0.79,2,46,489,2304,-8,-326,1
513,14,264,175,12,20,0.70,7,36,343,2401,11,167,1
514,13,312,182,12,14,0.81,2,47,488,2273,-8,-325,1
514,14,264,174,12,21,0.75,7,37,343,2415,11,166,1
515,13,312,181,12,14,0.81,2,48,487,2242,-8,-325,1
515,14,263,176,14,20,0.84,7,38,344,2430,10,166,1
516,13,311,182,12,13,0.74,2,49,486,2212,-8,-324,1
516,14,262,176,14,22,0.84,7,39,345,2449,10,166,1
517,13,311,181,12,12,0.73,2,50,485,2182,-8,-324,1
517,14,262,176,14,22,0.83,7,40,345,2465,10,166,1
518,13,310,180,12,12,0.77,2,51,484,2151,-8,-324,1
518,14,262,176,14,22,0.79,7,41,346,2480,10,166,1
519,13,310,179,12,12,0.73,2,52,483,2121,-8,-323,1
519,14,260,177,16,22,0.80,7,42,346,2495,10,166,1
520,13,308,177,12,12,0.73,2,53,483,2090,-8,-323,1
520,14,260,177,16,22,0.71,7,43,347,2509,9,165,1
521,13,308,177,12,12,0.73,2,54,482,2059,-8,-322,1
521,14,260,178,16,22,0.74,7,44,348,2524,9,165,1
522,13,308,176,12,12,0.73,2,55,481,2029,-8,-322,1
522,14,260,180,16,22,0.73,7,45,348,2540,9,165,1
523,13,308,176,12,12,0.70,2,56,480,1999,-8,-322,1
523,14,260,180,16,22,0.73,7,46,349,2556,9,164,1
524,13,308,176,10,10,0.74,2,57,479,1969,-9,-321,1
524,14,258,181,16,22,0.74,7,47,349,2571,9,164,1
525,13,308,176,10,10,0.74,2,58,478,1939,-9,-321,1
525,14,258,180,16,23,0.73,7,48,350,2586,9,164,1
526,13,308,175,10,10,0.65,2,59,477,1909,-9,-321,1
526,14,258,181,16,24,0.87,7,49,350,2602,9,164,1
527,13,308,174,8,10,0.61,2,60,476,1879,-9,-320,1
527,14,258,182,16,24,0.78,7,50,350,2618,8,164,1
528,13,308,173,8,10,0.46,2,61,475,1848,-9,-320,1
528,14,257,182,16,25,0.84,7,51,351,2635,8,164,1
529,13,308,172,8,10,0.48,2,62,474,1818,-9,-320,1
529,14,257,182,16,26,0.85,7,52,351,2651,8,164,1
530,13,306,172,8,10,0.58,2,63,473,1788,-9,-319,1
530,14,256,183,16,26,0.85,7,53,351,2668,8,164,1
531,13,306,171,8,10,0.54,2,64,472,1758,-9,-319,1
531,14,256,184,16,26,0.85,7,54,352,2685,8,164,1
532,13,306,171,8,10,0.52,2,65,471,1729,-9,-319,1
532,14,256,185,16,26,0.85,7,55,352,2701,8,164,1
533,13,306,170,8,10,0.64,2,66,470,1699,-9,-318,1
533,14,256,185,16,27,0.85,7,56,352,2717,8,164,1
534,13,304,169,8,10,0.58,2,67,469,1670,-9,-318,1
534,14,254,185,18,28,0.85,7,57,353,2733,7,164,1
535,14,254,186,16,28,0.84,7,58,353,2750,7,164,1
536,13,304,168,8,10,0.61,2,68,467,1608,-9,-317,1
536,14,253,188,18,26,0.85,7,59,353,2765,7,164,1
537,13,304,168,8,9,0.18,2,69,466,1579,-9,-317,1
537,14,254,188,16,28,0.86,7,60,354,2781,7,164,1
537,15,408,456,64,76,0.91,2,1,513,3808,0,-200,1
538,13,302,166,8,9,0.29,2,70,465,1549,-9,-317,1
538,14,250,189,20,28,0.86,7,61,354,2797,7,163,1
538,15,396,421,52,63,0.92,2,2,513,3766,-15,-420,1
539,13,302,166,8,9,0.29,2,71,464,1519,-9,-317,1
539,14,251,190,18,28,0.85,7,62,354,2812,7,163,1
539,15,389,402,48,57,0.91,2,3,513,3735,-10,-363,1
540,13,302,166,8,9,0.30,2,72,463,1489,-9,-316,1
540,14,250,190,20,30,0.86,7,63,354,2829,7,163,1
540,15,378,378,44,49,0.91,2,4,512,3698,-13,-367,1
541,14,250,192,18,28,0.87,7,64,354,2844,7,163,1
541,15,374,362,40,46,0.90,2,5,512,3665,-11,-358,1
542,14,248,192,20,30,0.87,7,65,355,2860,6,163,1
542,15,368,344,34,40,0.90,2,6,511,3628,-11,-360,1
543,14,248,193,20,30,0.86,7,66,355,2876,6,163,1
543,15,364,332,32,39,0.90,2,7,511,3594,-10,-355,1
544,14,246,193,20,32,0.86,7,67,355,2892,6,163,1
544,15,358,317,30,36,0.90,2,8,510,3559,-11,-355,1
545,14,246,194,20,32,0.86,7,68,355,2909,6,163,1
545,15,354,309,28,33,0.89,2,9,510,3525,-11,-353,1
546,14,245,195,20,32,0.87,7,69,355,2924,6,163,1
546,15,350,297,28,31,0.88,2,10,509,3490,-11,-353,1
547,14,244,195,20,34,0.88,7,70,355,2941,6,163,1
547,15,347,291,26,30,0.89,2,11,508,3456,-11,-351,1
548,14,244,197,20,34,0.87,7,71,355,2957,6,163,1
548,15,344,282,24,27,0.88,2,12,507,3422,-11,-350,1
549,14,242,198,22,34,0.87,7,72,355,2973,6,163,1
549,15,344,276,22,26,0.88,2,13,507,3388,-11,-349,1
550,14,240,199,24,35,0.87,7,73,355,2990,6,163,1
550,15,340,268,20,24,0.89,2,14,506,3353,-11,-349,1
551,14,240,201,24,34,0.88,7,74,355,3006,5,163,1
551,15,338,263,20,24,0.87,2,15,505,3320,-11,-348,1
552,14,238,203,24,34,0.88,7,75,355,3022,5,163,1
552,15,336,257,20,22,0.87,2,16,504,3285,-11,-348,1
553,14,239,204,22,34,0.88,7,76,355,3038,5,163,1
553,15,334,253,20,22,0.88,2,17,503,3252,-11,-347,1
554,14,236,206,24,35,0.87,7,77,355,3054,5,163,1
554,15,332,247,20,21,0.87,2,18,502,3218,-11,-346,1
555,14,236,206,24,36,0.87,7,78,355,3070,5,163,1
555,15,332,243,18,20,0.86,2,19,501,3184,-10,-346,1
556,14,234,207,24,38,0.88,7,79,355,3087,5,163,1
556,15,330,238,18,20,0.87,2,20,500,3151,-10,-345,1
557,14,234,207,24,40,0.88,7,80,355,3104,5,163,1
557,15,329,235,18,19,0.86,2,21,500,3117,-10,-345,1
558,14,232,209,24,41,0.87,7,81,355,3121,5,163,1
558,15,328,231,16,19,0.86,2,22,499,3084,-10,-344,1
559,14,232,210,24,42,0.87,7,82,355,3138,5,163,1
559,15,328,228,16,18,0.85,2,23,498,3050,-10,-344,1
560,14,228,212,28,42,0.89,7,83,355,3155,5,163,1
560,15,326,224,16,18,0.85,2,24,497,3016,-9,-343,1
561,14,228,214,28,42,0.89,7,84,355,3172,4,163,1
561,15,326,222,16,17,0.86,2,25,496,2983,-9,-343,1
562,14,226,215,28,44,0.89,7,85,355,3189,4,164,1
562,15,324,218,16,17,0.86,2,26,496,2949,-9,-343,1
563,14,224,216,28,46,0.89,7,86,355,3206,4,164,1
563,15,324,217,16,16,0.86,2,27,495,2916,-9,-342,1
564,14,222,219,28,46,0.89,7,87,355,3223,4,164,1
564,15,322,214,16,16,0.86,2,28,494,2883,-9,-342,1
565,14,222,220,28,48,0.90,7,88,355,3241,4,164,1
565,15,322,212,16,16,0.85,2,29,493,2850,-9,-341,1
566,14,220,222,28,50,0.89,7,89,355,3258,4,164,1
566,15,320,210,16,15,0.83,2,30,493,2817,-8,-341,1
567,14,216,225,32,48,0.89,7,90,355,3275,4,164,1
567,15,321,208,14,15,0.83,2,31,492,2785,-8,-340,1
568,14,214,228,32,50,0.90,7,91,355,3293,4,164,1
568,15,322,206,12,14,0.85,2,32,491,2752,-8,-340,1
569,14,212,229,32,52,0.89,7,92,355,3311,4,164,1
569,15,320,204,12,14,0.85,2,33,491,2719,-8,-340,1
569,16,365,304,114,204,0.92,7,1,507,3788,0,-200,1
570,14,210,232,32,53,0.89,7,93,355,3328,4,165,1
570,15,319,202,14,14,0.84,2,34,490,2686,-8,-339,1
570,16,360,292,102,181,0.92,7,2,507,3757,-8,-308,1
571,14,209,235,32,54,0.88,7,94,355,3346,4,165,1
571,15,320,200,12,14,0.84,2,35,489,2654,-8,-339,1
571,16,358,287,92,166,0.93,7,3,507,3730,-5,-290,1
572,14,206,238,34,56,0.90,7,95,355,3364,4,165,1
572,15,318,198,12,14,0.85,2,36,489,2621,-8,-338,1
572,16,354,278,84,149,0.92,7,4,507,3699,-5,-298,1
573,14,206,239,32,58,0.90,7,96,355,3381,4,165,1
573,15,318,197,12,14,0.85,2,37,488,2589,-8,-338,1
573,16,351,272,80,140,0.93,7,5,507,3672,-4,-291,1
574,14,200,242,36,60,0.90,7,97,355,3399,4,165,1
574,15,317,195,12,14,0.84,2,38,487,2557,-8,-338,1
574,16,347,264,74,128,0.92,7,6,507,3642,-5,-292,1
575,14,198,245,36,62,0.90,7,98,355,3417,4,165,1
575,15,316,194,12,14,0.83,2,39,487,2525,-8,-337,1
575,16,346,261,68,120,0.92,7,7,506,3616,-5,-287,1
576,14,196,249,36,64,0.89,7,99,355,3435,3,165,1
576,15,316,192,12,14,0.82,2,40,486,2493,-8,-337,1
576,16,342,252,64,114,0.91,7,8,506,3588,-6,-286,1
577,14,193,252,38,65,0.90,7,100,355,3453,3,166,1
577,15,315,191,12,14,0.82,2,41,486,2461,-8,-336,1
577,16,341,249,62,107,0.92,7,9,506,3561,-6,-284,1
578,14,189,256,40,68,0.90,7,101,355,3471,3,166,1
578,15,315,191,12,12,0.83,2,42,485,2429,-7,-336,1
578,16,340,243,56,100,0.92,7,10,505,3533,-5,-284,1
579,14,187,260,40,68,0.90,7,102,355,3489,3,166,1
579,15,315,190,12,12,0.82,2,43,484,2397,-7,-335,1
579,16,338,241,52,94,0.91,7,11,505,3506,-6,-282,1
580,14,182,263,44,74,0.91,7,103,355,3507,3,166,1
580,15,314,187,12,12,0.78,2,44,484,2365,-7,-335,1
580,16,336,236,48,88,0.91,7,12,505,3477,-6,-282,1
581,14,180,267,44,76,0.91,7,104,355,3525,3,166,1
581,15,313,187,12,12,0.77,2,45,483,2333,-7,-334,1
581,16,333,233,50,86,0.91,7,13,504,3451,-6,-281,1
582,14,174,273,48,80,0.90,7,105,355,3544,3,166,1
582,15,313,185,12,12,0.74,2,46,483,2301,-7,-334,1
582,16,332,229,48,80,0.90,7,14,504,3424,-6,-280,1
582,17,266,162,8,14,0.38,7,1,310,1816,0,200,1
583,14,170,276,48,84,0.90,7,106,355,3562,3,167,1
583,15,312,185,12,12,0.76,2,47,482,2270,-7,-334,1
583,16,332,228,44,76,0.90,7,15,503,3397,-6,-279,1
583,17,266,162,8,14,0.33,7,2,310,1835,9,191,1
584,14,166,282,50,88,0.93,7,107,355,3581,3,167,1
584,15,312,184,12,11,0.79,2,48,481,2238,-7,-333,1
584,16,330,224,42,73,0.91,7,16,503,3370,-6,-278,1
584,17,264,160,10,16,0.72,7,3,310,1849,-5,165,1
585,14,161,287,52,92,0.91,7,108,355,3600,3,167,1
585,15,312,183,12,12,0.76,2,49,481,2207,-7,-333,1
585,16,330,221,40,71,0.90,7,17,502,3344,-6,-277,1
585,17,264,160,10,15,0.71,7,4,310,1844,-8,95,1
586,14,154,293,56,99,0.91,7,109,355,3618,3,167,1
586,15,312,182,12,11,0.77,2,50,480,2175,-7,-333,1
586,16,328,217,40,69,0.89,7,18,502,3318,-6,-277,1
586,17,265,163,10,14,0.61,7,5,310,1855,-1,97,1
587,14,150,300,56,103,0.92,7,110,355,3637,3,168,1
587,15,312,181,12,12,0.76,2,51,480,2144,-7,-332,1
587,16,327,216,38,66,0.89,7,19,501,3292,-6,-275,1
587,17,265,163,10,14,0.61,7,6,310,1861,2,91,1
588,14,140,307,64,112,0.92,7,111,355,3657,3,168,1
588,15,311,180,10,10,0.75,2,52,479,2112,-7,-332,1
588,16,326,213,36,64,0.90,7,20,501,3266,-6,-274,1
588,17,266,164,8,14,0.29,7,7,310,1879,4,105,1
589,14,136,311,64,120,0.91,7,112,355,3676,3,168,1
589,15,311,180,10,11,0.73,2,53,478,2081,-7,-331,1
589,16,326,212,36,60,0.89,7,21,500,3240,-6,-274,1
589,17,266,165,8,14,0.50,7,8,310,1903,6,125,1
590,14,124,318,70,132,0.93,7,113,355,3695,3,168,1
590,15,311,179,10,10,0.67,2,54,478,2050,-7,-331,1
590,16,325,208,34,60,0.88,7,22,499,3215,-6,-273,1
590,17,264,163,12,16,0.58,7,9,311,1921,7,131,1
591,14,117,329,74,136,0.92,7,114,356,3715,3,169,1
591,15,311,178,10,10,0.47,2,55,477,2018,-7,-331,1
591,16,326,205,32,60,0.88,7,23,499,3189,-6,-272,1
591,17,265,164,10,16,0.47,7,10,311,1944,8,142,1
592,14,105,344,80,146,0.93,7,115,356,3735,3,169,1
592,15,312,177,8,10,0.47,2,56,477,1987,-7,-330,1
592,16,323,204,32,55,0.89,7,24,498,3163,-6,-272,1
592,17,265,164,10,16,0.48,7,11,312,1960,8,144,1
593,14,94,355,86,154,0.93,7,116,356,3755,3,169,1
593,15,310,177,10,10,0.46,2,57,476,1956,-7,-330,1
593,16,323,204,32,54,0.89,7,25,498,3138,-6,-271,1
593,17,266,166,10,14,0.25,7,12,313,1973,9,143,1
594,15,310,177,10,10,0.46,2,58,475,1926,-7,-329,1
594,16,323,201,30,52,0.88,7,26,497,3112,-5,-270,1
594,17,268,168,8,13,0.36,7,13,314,1990,10,145,1
595,15,309,175,10,10,0.60,2,59,475,1895,-7,-329,1
595,16,322,199,30,52,0.88,7,27,497,3087,-5,-269,1
595,17,266,165,10,16,0.30,7,14,314,2004,10,145,1
596,15,309,174,10,10,0.61,2,60,474,1864,-7,-329,1
596,16,322,197,28,50,0.89,7,28,496,3061,-5,-269,1
596,17,266,166,12,16,0.30,7,15,316,2022,11,147,1
596,18,384,334,120,199,0.93,7,1,515,3809,0,-200,1
597,15,309,174,10,10,0.60,2,61,474,1833,-7,-328,1
597,16,321,197,28,48,0.89,7,29,496,3037,-5,-268,1
597,17,266,167,10,16,0.24,7,16,317,2043,11,151,1
597,18,380,321,108,182,0.93,7,2,515,3785,-2,-244,1
598,15,308,173,10,10,0.55,2,62,473,1802,-7,-328,1
598,16,320,197,28,45,0.88,7,30,496,3012,-5,-268,1
598,17,266,167,10,16,0.24,7,17,318,2060,11,152,1
598,18,375,308,94,160,0.93,7,3,515,3752,-2,-288,1
599,15,308,173,10,10,0.54,2,63,472,1772,-7,-328,1
599,16,320,196,26,45,0.88,7,31,495,2988,-5,-266,1
599,17,266,167,10,16,0.33,7,18,319,2074,11,152,1
599,18,370,302,88,144,0.92,7,4,515,3723,-2,-288,1
600,15,307,172,10,9,0.10,2,64,472,1741,-7,-327,1
600,16,320,195,24,42,0.87,7,32,495,2963,-5,-266,1
600,17,266,168,10,16,0.30,7,19,320,2091,11,153,1
600,18,364,290,80,132,0.93,7,5,515,3692,-4,-293,1
601,15,306,171,8,9,0.47,2,65,471,1711,-7,-327,1
601,16,320,194,24,41,0.87,7,33,494,2939,-5,-265,1
601,17,266,169,10,16,0.41,7,20,321,2110,11,155,1
601,18,362,283,72,124,0.93,7,6,514,3664,-5,-290,1
602,15,306,171,8,9,0.48,2,66,470,1680,-7,-327,1
602,16,318,192,24,40,0.87,7,34,494,2914,-5,-265,1
602,17,266,168,12,18,0.44,7,21,322,2131,12,158,1
602,18,358,274,68,112,0.92,7,7,514,3633,-5,-293,1
603,16,318,191,24,40,0.87,7,35,493,2890,-5,-264,1
603,17,266,169,12,17,0.47,7,22,323,2149,12,158,1
603,18,354,269,64,106,0.91,7,8,514,3605,-5,-291,1
604,15,306,169,8,10,0.12,2,67,469,1617,-7,-326,1
604,16,318,191,24,38,0.88,7,36,493,2866,-5,-263,1
604,17,266,170,12,18,0.54,7,23,325,2173,12,162,1
604,18,352,261,60,98,0.93,7,9,514,3575,-5,-292,1
605,16,317,190,22,38,0.88,7,37,492,2843,-5,-262,1
605,17,264,169,12,18,0.63,7,24,326,2189,12,162,1
605,18,351,258,54,92,0.91,7,10,513,3547,-5,-291,1
606,15,304,168,8,8,0.11,2,68,468,1554,-7,-326,1
606,16,318,188,20,37,0.87,7,38,492,2818,-5,-262,1
606,17,264,170,12,18,0.73,7,25,327,2207,11,163,1
606,18,348,251,52,86,0.91,7,11,513,3518,-5,-291,1
607,16,318,188,20,35,0.87,7,39,491,2794,-5,-261,1
607,17,264,170,12,19,0.68,7,26,328,2227,11,164,1
607,18,346,248,48,82,0.90,7,12,513,3490,-5,-290,1
608,16,316,187,20,34,0.86,7,40,491,2770,-5,-261,1
608,17,264,170,12,20,0.65,7,27,329,2247,11,166,1
608,18,343,242,46,78,0.90,7,13,512,3461,-5,-290,1
609,16,316,186,20,32,0.86,7,41,491,2744,-5,-261,1
609,17,264,170,12,20,0.66,7,28,330,2265,11,166,1
609,18,342,239,44,74,0.90,7,14,512,3434,-5,-289,1
610,16,316,185,20,32,0.86,7,42,490,2720,-5,-260,1
610,17,264,170,12,20,0.75,7,29,331,2281,11,166,1
610,18,340,234,40,72,0.90,7,15,511,3406,-6,-288,1
611,16,315,184,20,32,0.86,7,43,490,2695,-5,-260,1
611,17,264,171,12,20,0.78,7,30,332,2297,11,166,1
611,18,339,231,40,68,0.90,7,16,511,3378,-6,-287,1
612,16,314,184,20,31,0.87,7,44,489,2671,-5,-259,1
612,17,264,170,12,21,0.76,7,31,333,2312,10,165,1
612,18,337,227,38,66,0.90,7,17,510,3351,-6,-286,1
613,16,314,182,20,31,0.87,7,45,489,2647,-5,-259,1
613,17,264,170,12,22,0.74,7,32,334,2328,10,165,1
613,18,336,224,36,64,0.89,7,18,510,3324,-6,-285,1
614,16,315,182,18,29,0.85,7,46,488,2622,-5,-259,1
614,17,264,173,12,20,0.76,7,33,335,2345,10,165,1
614,18,334,220,36,62,0.89,7,19,509,3296,-6,-285,1
615,16,314,182,18,28,0.85,7,47,488,2597,-5,-259,1
615,17,264,172,12,22,0.76,7,34,336,2362,10,166,1
615,18,334,219,34,59,0.89,7,20,509,3270,-6,-284,1
616,16,314,181,16,28,0.85,7,48,487,2573,-5,-258,1
616,17,262,171,14,23,0.79,7,35,337,2378,10,165,1
616,18,332,215,32,58,0.89,7,21,508,3243,-6,-283,1
617,16,314,182,16,26,0.84,7,49,487,2549,-5,-258,1
617,17,262,172,14,24,0.78,7,36,338,2398,10,166,1
617,18,331,213,32,56,0.89,7,22,508,3217,-6,-282,1
618,16,314,181,16,25,0.79,7,50,486,2525,-5,-258,1
618,17,262,174,14,22,0.73,7,37,339,2415,10,166,1
618,18,330,211,32,53,0.88,7,23,507,3190,-6,-281,1
619,16,314,181,16,25,0.82,7,51,486,2501,-5,-257,1
619,17,262,174,14,23,0.75,7,38,339,2432,10,167,1
619,18,330,209,28,51,0.88,7,24,506,3163,-6,-281,1
620,16,313,180,16,24,0.70,7,52,485,2477,-5,-257,1
620,17,260,174,16,24,0.82,7,39,340,2450,10,167,1
620,18,328,207,28,50,0.89,7,25,506,3136,-6,-280,1
620,19,366,303,112,204,0.92,7,1,507,3787,0,-200,1
621,16,313,178,16,25,0.83,7,53,485,2453,-5,-257,1
621,17,260,175,16,24,0.82,7,40,341,2469,9,167,1
621,18,328,204,28,49,0.89,7,26,505,3110,-6,-280,1
621,19,362,295,104,188,0.91,7,2,507,3765,-5,-222,1
622,16,312,178,16,24,0.78,7,54,484,2429,-5,-256,1
622,17,260,174,16,26,0.84,7,41,342,2487,9,168,1
622,18,327,202,28,47,0.88,7,27,505,3082,-6,-279,1
622,19,358,287,92,166,0.93,7,3,507,3734,-6,-265,1
623,16,312,178,16,23,0.62,7,55,484,2405,-5,-256,1
623,17,260,174,16,27,0.85,7,42,342,2506,9,168,1
623,18,326,201,28,46,0.88,7,28,504,3056,-6,-279,1
623,19,357,279,86,156,0.92,7,4,507,3708,-3,-264,1
624,16,312,177,16,22,0.76,7,56,483,2380,-5,-256,1
624,17,260,174,16,27,0.85,7,43,343,2523,9,168,1
624,18,324,199,28,44,0.87,7,29,504,3029,-6,-278,1
624,19,352,271,80,140,0.93,7,5,507,3678,-3,-274,1
625,16,312,177,14,22,0.69,7,57,483,2356,-5,-255,1
625,17,260,175,16,28,0.85,7,44,344,2542,9,169,1
625,18,324,198,26,44,0.88,7,30,503,3004,-6,-278,1
625,19,351,268,74,130,0.92,7,6,507,3651,-2,-273,1
626,16,312,175,16,22,0.75,7,58,483,2332,-5,-255,1
626,17,258,176,18,28,0.85,7,45,345,2561,9,169,1
626,18,324,196,26,42,0.88,7,31,503,2977,-6,-277,1
626,19,347,261,68,120,0.92,7,7,507,3622,-3,-275,1
627,16,311,174,14,22,0.55,7,59,482,2307,-5,-255,1
627,17,258,176,18,29,0.85,7,46,345,2580,9,170,1
627,18,324,196,24,40,0.87,7,32,502,2951,-5,-276,1
627,19,346,255,64,115,0.91,7,8,507,3596,-3,-274,1
628,16,311,174,14,21,0.69,7,60,482,2283,-5,-255,1
628,17,258,178,16,28,0.85,7,47,346,2599,9,170,1
628,18,322,194,24,40,0.87,7,33,502,2926,-5,-276,1
628,19,344,250,58,106,0.91,7,9,506,3568,-4,-274,1
629,16,311,174,14,21,0.79,7,61,481,2259,-5,-255,1
629,17,257,179,18,28,0.85,7,48,347,2618,9,171,1
629,18,322,193,24,38,0.85,7,34,501,2900,-5,-275,1
629,19,342,247,56,100,0.91,7,10,506,3541,-4,-273,1
630,16,312,173,12,21,0.85,7,62,481,2235,-5,-254,1
630,17,256,178,18,30,0.85,7,49,347,2637,9,171,1
630,18,320,191,24,38,0.85,7,35,501,2874,-5,-275,1
630,19,342,241,50,94,0.92,7,11,506,3513,-4,-274,1
631,16,312,173,12,20,0.78,7,63,480,2211,-5,-254,1
631,17,256,178,18,31,0.85,7,50,348,2655,9,171,1
631,18,321,190,22,37,0.85,7,36,500,2848,-5,-274,1
631,19,340,238,50,90,0.91,7,12,506,3486,-4,-274,1
632,16,310,174,12,19,0.70,7,64,480,2187,-5,-254,1
632,17,256,179,18,32,0.86,7,51,348,2675,8,172,1
632,18,320,189,22,36,0.85,7,37,499,2822,-5,-274,1
632,19,338,234,46,84,0.90,7,13,505,3459,-4,-274,1
633,16,310,172,12,20,0.81,7,65,479,2164,-5,-253,1
633,17,255,180,18,32,0.86,7,52,349,2694,8,172,1
633,18,320,188,22,36,0.85,7,38,499,2797,-5,-273,1
633,19,338,232,44,80,0.90,7,14,505,3432,-4,-273,1
634,16,310,172,12,18,0.77,7,66,479,2140,-5,-253,1
634,17,254,180,20,33,0.85,7,53,350,2714,8,173,1
634,18,320,186,20,35,0.85,7,39,498,2771,-5,-273,1
634,19,336,228,44,76,0.90,7,15,505,3405,-3,-273,1
635,16,310,172,12,18,0.66,7,67,478,2116,-5,-253,1
635,17,254,180,20,34,0.85,7,54,350,2732,8,173,1
635,18,319,185,20,34,0.83,7,40,498,2745,-5,-273,1
635,19,336,225,40,74,0.89,7,16,505,3379,-3,-272,1
636,16,310,172,12,17,0.55,7,68,478,2092,-5,-253,1
636,17,252,182,20,34,0.85,7,55,351,2752,8,173,1
636,18,318,184,20,34,0.83,7,41,497,2719,-5,-272,1
636,19,334,223,40,70,0.90,7,17,504,3352,-3,-272,1
637,16,309,171,12,17,0.60,7,69,477,2068,-5,-253,1
637,17,252,183,20,34,0.84,7,56,351,2771,8,174,1
637,18,318,183,20,33,0.84,7,42,497,2694,-5,-272,1
637,19,333,221,38,68,0.89,7,18,504,3327,-3,-271,1
638,16,309,171,12,16,0.58,7,70,477,2044,-5,-252,1
638,17,251,186,20,33,0.84,7,57,352,2791,8,174,1
638,18,318,182,20,32,0.84,7,43,496,2668,-5,-272,1
638,19,332,216,36,65,0.88,7,19,504,3300,-3,-271,1
639,16,309,170,12,17,0.55,7,71,476,2020,-5,-252,1
639,17,250,186,20,33,0.84,7,58,352,2810,8,174,1
639,18,318,182,18,31,0.85,7,44,496,2642,-5,-271,1
639,19,330,214,36,65,0.89,7,20,504,3275,-3,-269,1
640,16,308,168,12,18,0.62,7,72,476,1996,-5,-252,1
640,17,249,185,22,36,0.85,7,59,353,2829,8,175,1
640,18,317,181,18,30,0.86,7,45,495,2616,-5,-271,1
640,19,328,212,36,61,0.88,7,21,503,3249,-3,-269,1
641,16,308,168,12,18,0.80,7,73,475,1973,-5,-252,1
641,17,248,187,22,36,0.85,7,60,353,2848,7,175,1
641,18,317,180,18,30,0.85,7,46,495,2590,-5,-271,1
641,19,328,212,34,58,0.88,7,22,503,3224,-4,-268,1
642,16,307,167,12,18,0.79,7,74,475,1949,-5,-252,1
642,17,247,187,22,38,0.87,7,61,354,2868,7,175,1
642,18,317,179,18,29,0.85,7,47,494,2564,-5,-270,1
642,19,328,209,32,56,0.88,7,23,503,3199,-4,-267,1
643,16,307,166,12,18,0.79,7,75,474,1925,-5,-251,1
643,17,245,187,24,40,0.88,7,62,354,2889,7,176,1
643,18,316,178,18,30,0.85,7,48,494,2539,-5,-270,1
643,19,327,208,32,54,0.89,7,24,502,3174,-4,-267,1
644,16,307,166,12,18,0.76,7,76,474,1902,-5,-251,1
644,17,244,187,24,42,0.89,7,63,354,2909,7,176,1
644,18,316,177,16,28,0.84,7,49,493,2513,-5,-270,1
644,19,326,206,30,51,0.89,7,25,502,3148,-4,-266,1
645,16,306,166,12,16,0.74,7,77,473,1878,-5,-251,1
645,17,244,188,24,42,0.89,7,64,355,2929,7,177,1
645,18,316,178,16,27,0.82,7,50,493,2488,-5,-269,1
645,19,324,204,32,50,0.88,7,26,502,3122,-4,-266,1
646,16,306,166,12,16,0.66,7,78,473,1854,-5,-251,1
646,17,242,189,26,44,0.89,7,65,355,2949,7,177,1
646,18,316,176,16,28,0.82,7,51,492,2463,-5,-269,1
646,19,326,203,28,48,0.88,7,27,501,3097,-4,-265,1
647,16,305,166,12,16,0.68,7,79,472,1831,-5,-251,1
647,17,241,190,26,45,0.89,7,66,355,2970,7,178,1
647,18,316,176,16,26,0.83,7,52,492,2437,-5,-269,1
647,19,324,203,28,46,0.89,7,28,501,3072,-4,-265,1
648,16,304,166,12,16,0.61,7,80,472,1808,-5,-250,1
648,17,239,190,28,46,0.89,7,67,355,2989,7,178,1
648,18,315,174,16,26,0.85,7,53,491,2411,-5,-269,1
648,19,323,202,28,43,0.88,7,29,500,3047,-4,-264,1
649,16,304,164,12,16,0.38,7,81,471,1784,-5,-250,1
649,17,238,191,28,47,0.88,7,68,356,3009,7,178,1
649,18,314,174,16,26,0.84,7,54,491,2385,-5,-268,1
649,19,322,199,28,44,0.87,7,30,500,3022,-4,-264,1
650,16,304,164,12,16,0.46,7,82,471,1760,-5,-250,1
650,17,237,193,28,48,0.89,7,69,356,3029,6,178,1
650,18,314,174,16,25,0.80,7,55,490,2360,-5,-268,1
650,19,322,200,26,40,0.87,7,31,500,2998,-4,-263,1
651,16,302,164,12,16,0.57,7,83,470,1737,-5,-250,1
651,17,236,193,28,50,0.89,7,70,356,3049,6,179,1
651,18,314,173,16,24,0.78,7,56,490,2334,-5,-268,1
651,19,322,198,24,40,0.87,7,32,499,2973,-4,-262,1
652,16,302,163,12,16,0.59,7,84,469,1714,-5,-250,1
652,17,234,194,30,52,0.89,7,71,357,3069,6,179,1
652,18,313,172,16,26,0.81,7,57,489,2309,-5,-267,1
652,19,320,196,24,39,0.86,7,33,499,2949,-4,-262,1
653,16,302,162,12,16,0.64,7,85,469,1691,-5,-249,1
653,17,233,196,30,52,0.89,7,72,357,3089,6,179,1
653,18,313,172,16,24,0.82,7,58,489,2284,-5,-267,1
653,19,320,194,24,40,0.86,7,34,498,2925,-4,-261,1
654,16,302,162,12,16,0.68,7,86,468,1668,-5,-249,1
654,17,230,197,32,54,0.90,7,73,357,3109,6,180,1
654,18,312,171,16,24,0.82,7,59,488,2259,-5,-267,1
654,19,319,193,24,38,0.86,7,35,498,2900,-4,-261,1
655,16,302,162,12,16,0.51,7,87,467,1645,-5,-249,1
655,17,229,198,32,55,0.89,7,74,357,3129,6,180,1
655,18,313,171,14,24,0.82,7,60,488,2234,-5,-267,1
655,19,318,194,24,36,0.87,7,36,497,2877,-4,-260,1
656,16,302,162,10,16,0.50,7,88,467,1622,-5,-249,1
656,17,227,200,32,58,0.88,7,75,358,3150,6,180,1
656,18,313,170,14,25,0.79,7,61,487,2210,-5,-266,1
656,19,319,193,22,34,0.86,7,37,497,2852,-4,-260,1
657,16,300,161,12,15,0.39,7,89,466,1599,-5,-248,1
657,17,225,201,34,58,0.89,7,76,358,3170,6,181,1
657,18,312,169,16,25,0.82,7,62,487,2185,-5,-266,1
657,19,320,192,20,34,0.87,7,38,496,2828,-4,-259,1
658,16,300,161,12,14,0.21,7,90,465,1575,-5,-248,1
658,17,222,202,36,62,0.89,7,77,358,3191,6,181,1
658,18,312,168,14,24,0.81,7,63,486,2160,-5,-266,1
658,19,318,190,20,33,0.87,7,39,496,2804,-4,-259,1
659,16,300,160,10,15,0.31,7,91,464,1552,-6,-248,1
659,17,222,204,36,62,0.89,7,78,358,3211,6,181,1
659,18,312,168,14,24,0.82,7,64,486,2136,-5,-265,1
659,19,318,190,20,32,0.87,7,40,495,2779,-4,-258,1
660,16,298,160,12,15,0.38,7,92,463,1529,-6,-248,1
660,17,220,206,36,65,0.89,7,79,358,3232,6,182,1
660,18,312,168,12,23,0.81,7,65,485,2111,-5,-265,1
660,19,317,189,20,30,0.86,7,41,495,2755,-4,-258,1
661,16,300,160,10,15,0.33,7,93,463,1507,-6,-248,1
661,17,217,208,38,66,0.89,7,80,359,3253,6,182,1
661,18,312,167,12,24,0.80,7,66,485,2087,-5,-265,1
661,19,316,190,20,28,0.74,7,42,494,2730,-4,-258,1
662,16,298,160,12,15,0.31,7,94,462,1484,-6,-247,1
662,17,214,210,40,69,0.91,7,81,359,3274,6,182,1
662,18,311,167,14,22,0.75,7,67,484,2063,-5,-264,1
662,19,317,189,18,28,0.74,7,43,494,2706,-4,-257,1
663,16,298,160,10,14,0.39,7,95,461,1462,-6,-247,1
663,17,212,212,40,71,0.90,7,82,359,3295,5,183,1
663,18,312,166,12,22,0.78,7,68,484,2038,-5,-264,1
663,19,317,190,18,25,0.62,7,44,493,2682,-4,-257,1
664,16,298,159,10,14,0.35,7,96,460,1439,-6,-247,1
664,17,210,214,40,75,0.90,7,83,359,3317,5,183,1
664,18,311,166,12,21,0.79,7,69,484,2013,-5,-264,1
664,19,316,189,18,24,0.68,7,45,493,2657,-4,-257,1
665,16,296,159,12,14,0.36,7,97,459,1416,-6,-247,1
665,17,207,215,42,78,0.90,7,84,359,3338,5,184,1
665,18,310,166,12,21,0.79,7,70,483,1988,-5,-264,1
665,19,316,187,18,26,0.77,7,46,492,2633,-4,-256,1
666,16,297,159,10,14,0.39,7,98,458,1394,-6,-246,1
666,17,204,217,44,82,0.90,7,85,360,3359,5,184,1
666,18,310,166,12,20,0.81,7,71,483,1964,-5,-263,1
666,19,316,185,16,26,0.75,7,47,492,2609,-4,-256,1
667,16,296,158,12,14,0.29,7,99,457,1371,-6,-246,1
667,17,202,220,44,83,0.90,7,86,360,3381,5,184,1
667,18,309,165,12,20,0.80,7,72,482,1939,-5,-263,1
667,19,316,184,16,26,0.78,7,48,491,2585,-4,-255,1
668,17,198,223,46,88,0.91,7,87,360,3403,5,185,1
668,18,309,164,12,20,0.82,7,73,481,1914,-5,-263,1
668,19,316,183,16,25,0.65,7,49,491,2561,-4,-255,1
669,16,294,158,12,13,0.49,7,100,455,1324,-6,-246,1
669,17,196,226,48,90,0.91,7,88,360,3424,5,185,1
669,18,309,164,12,20,0.79,7,74,481,1890,-5,-263,1
669,19,315,183,16,24,0.75,7,50,490,2537,-4,-255,1
670,17,191,229,50,96,0.91,7,89,361,3446,5,186,1
670,18,308,163,12,20,0.79,7,75,480,1865,-5,-262,1
670,19,315,182,16,24,0.60,7,51,490,2513,-4,-255,1
671,17,188,232,52,100,0.91,7,90,361,3468,5,186,1
671,18,308,164,12,18,0.66,7,76,480,1840,-5,-262,1
671,19,314,180,16,24,0.42,7,52,489,2489,-4,-254,1
672,17,182,236,56,106,0.91,7,91,361,3491,5,186,1
672,18,308,166,12,16,0.48,7,77,479,1816,-5,-262,1
672,19,314,180,16,22,0.63,7,53,489,2464,-4,-254,1
673,17,178,239,60,110,0.91,7,92,361,3513,5,187,1
673,18,306,162,12,18,0.66,7,78,479,1791,-5,-262,1
673,19,314,180,16,22,0.74,7,54,488,2440,-4,-254,1
674,17,170,244,64,118,0.92,7,93,362,3536,5,187,1
674,18,306,162,12,18,0.76,7,79,478,1766,-5,-262,1
674,19,314,181,16,20,0.51,7,55,488,2416,-4,-254,1
674,20,294,157,8,12,0.32,7,1,407,1417,0,200,1
675,17,167,246,66,126,0.92,7,94,362,3559,5,188,1
675,18,306,162,12,18,0.77,7,80,478,1741,-5,-261,1
675,19,312,180,16,20,0.69,7,56,487,2392,-4,-254,1
675,20,294,157,8,12,0.44,7,2,407,1437,2,195,1
676,17,158,252,72,136,0.93,7,95,362,3583,5,188,1
676,18,304,161,12,18,0.60,7,81,477,1717,-5,-261,1
676,19,312,177,16,22,0.50,7,57,487,2368,-4,-253,1
677,17,152,255,76,144,0.92,7,96,362,3606,5,189,1
677,18,304,161,12,18,0.52,7,82,476,1693,-5,-261,1
677,19,312,177,16,22,0.49,7,58,486,2344,-4,-253,1
678,17,142,261,84,158,0.93,7,97,363,3630,5,189,1
678,18,304,160,12,18,0.80,7,83,476,1668,-5,-261,1
678,19,313,176,14,22,0.52,7,59,486,2321,-4,-253,1
679,17,136,265,88,168,0.91,7,98,363,3653,5,190,1
679,18,304,160,12,18,0.79,7,84,475,1644,-5,-260,1
679,19,313,176,14,20,0.44,7,60,485,2297,-4,-252,1
680,17,122,273,98,184,0.92,7,99,363,3678,5,191,1
680,18,304,160,12,18,0.65,7,85,474,1620,-5,-260,1
680,19,314,175,12,20,0.55,7,61,485,2272,-4,-252,1
681,17,112,277,106,200,0.92,7,100,364,3702,5,191,1
681,18,302,160,12,17,0.46,7,86,473,1596,-6,-260,1
681,19,314,175,12,20,0.42,7,62,485,2249,-4,-252,1
682,17,96,286,116,224,0.94,7,101,364,3729,5,192,1
682,18,302,159,12,17,0.60,7,87,473,1572,-6,-260,1
682,19,312,174,12,19,0.57,7,63,484,2225,-4,-252,1
682,21,396,413,60,76,0.92,2,1,513,3770,0,-200,1
683,18,302,158,12,18,0.64,7,88,472,1548,-6,-260,1
683,19,312,174,12,20,0.48,7,64,484,2202,-4,-251,1
683,21,390,394,52,70,0.87,2,2,513,3744,-12,-260,1
684,18,302,158,10,16,0.53,7,89,471,1523,-6,-259,1
684,19,312,174,12,18,0.61,7,65,483,2178,-4,-251,1
684,21,380,369,48,62,0.77,2,3,513,3706,-12,-321,1
685,18,301,160,10,14,0.35,7,90,470,1499,-6,-259,1
685,19,312,174,12,18,0.47,7,66,483,2155,-4,-251,1
685,21,375,355,44,56,0.81,2,4,512,3674,-10,-323,1
686,18,302,160,8,14,0.23,7,91,469,1475,-6,-259,1
686,19,311,172,12,18,0.51,7,67,482,2131,-4,-251,1
686,21,368,336,40,50,0.73,2,5,512,3636,-10,-338,1
687,19,311,172,12,18,0.56,7,68,482,2107,-4,-250,1
687,21,363,325,38,48,0.80,2,6,512,3603,-11,-336,1
688,19,310,171,12,18,0.68,7,69,481,2084,-4,-250,1
688,21,358,311,34,44,0.85,2,7,511,3567,-11,-339,1
689,19,310,170,12,18,0.63,7,70,481,2060,-4,-250,1
689,21,354,302,32,42,0.88,2,8,510,3534,-12,-338,1
690,19,310,169,12,18,0.61,7,71,481,2036,-4,-250,1
690,21,350,291,30,38,0.90,2,9,510,3498,-12,-341,1
691,19,309,168,12,18,0.75,7,72,480,2012,-4,-250,1
691,21,348,284,28,38,0.90,2,10,509,3466,-12,-339,1
692,19,309,167,12,18,0.79,7,73,480,1988,-4,-250,1
692,20,298,159,8,12,0.13,7,4,413,1559,12,79,1
692,21,346,275,24,34,0.90,2,11,508,3430,-12,-341,1
693,19,308,167,12,18,0.80,7,74,479,1965,-4,-249,1
693,20,298,159,8,12,0.15,7,5,415,1548,11,69,1
693,21,344,270,24,33,0.89,2,12,507,3397,-11,-340,1
694,19,308,166,12,18,0.79,7,75,479,1941,-4,-249,1
694,21,341,261,24,32,0.90,2,13,507,3363,-11,-340,1
695,19,308,166,12,18,0.78,7,76,478,1917,-4,-249,1
695,20,296,157,8,12,0.15,7,6,418,1522,9,50,1
695,21,339,257,24,31,0.89,2,14,506,3329,-11,-340,1
696,19,308,166,12,18,0.77,7,77,478,1894,-4,-249,1
696,20,296,156,8,13,0.15,7,7,419,1501,8,38,1
696,21,336,250,24,30,0.88,2,15,505,3296,-10,-340,1
697,19,307,165,12,18,0.76,7,78,477,1871,-4,-249,1
697,21,336,246,20,30,0.88,2,16,504,3263,-10,-339,1
698,19,307,165,12,17,0.74,7,79,477,1847,-5,-248,1
698,20,296,157,8,12,0.11,7,8,420,1488,7,30,1
698,21,335,241,20,28,0.88,2,17,503,3229,-10,-338,1
698,22,340,425,52,75,0.92,2,1,477,3781,0,-200,1
699,19,306,164,12,17,0.73,7,80,476,1824,-5,-248,1
699,20,294,156,8,12,0.13,7,9,420,1470,5,21,1
699,21,334,238,20,27,0.87,2,18,503,3197,-10,-338,1
699,22,335,402,48,66,0.91,2,2,477,3749,-12,-316,1
700,19,306,164,12,16,0.58,7,81,476,1800,-5,-248,1
700,21,332,232,20,27,0.87,2,19,502,3163,-9,-338,1
700,22,329,374,44,55,0.91,2,3,477,3704,-14,-383,1
701,19,306,164,12,16,0.75,7,82,475,1776,-5,-248,1
701,21,330,230,20,26,0.86,2,20,501,3131,-9,-337,1
701,22,328,358,40,50,0.91,2,4,476,3668,-10,-376,1
702,19,304,162,12,17,0.79,7,83,474,1753,-5,-248,1
702,21,328,226,20,25,0.87,2,21,501,3098,-9,-336,1
702,22,322,337,34,44,0.90,2,5,476,3626,-15,-387,1
703,19,304,164,12,16,0.56,7,84,474,1730,-5,-248,1
703,21,328,223,20,26,0.87,2,22,500,3066,-9,-336,1
703,22,318,324,36,42,0.90,2,6,475,3589,-15,-385,1
704,19,304,164,12,15,0.60,7,85,473,1707,-5,-247,1
704,21,328,220,16,23,0.86,2,23,499,3033,-9,-335,1
704,22,318,308,32,38,0.90,2,7,475,3548,-14,-389,1
705,19,304,164,10,15,0.71,7,86,473,1684,-5,-247,1
705,21,327,218,18,23,0.85,2,24,498,3000,-8,-335,1
705,22,316,301,30,34,0.89,2,8,474,3510,-14,-387,1
706,19,304,163,10,15,0.71,7,87,472,1661,-5,-247,1
706,21,326,215,16,22,0.86,2,25,498,2968,-8,-334,1
706,22,316,288,24,32,0.89,2,9,473,3470,-13,-388,1
707,19,302,162,12,15,0.59,7,88,471,1638,-5,-247,1
707,21,326,213,16,22,0.86,2,26,497,2936,-8,-334,1
707,22,313,282,24,30,0.88,2,10,472,3433,-14,-387,1
708,19,302,162,12,14,0.62,7,89,471,1615,-5,-247,1
708,21,324,211,16,20,0.84,2,27,497,2903,-8,-333,1
708,22,311,271,24,28,0.88,2,11,471,3394,-14,-388,1
709,19,302,161,12,15,0.67,7,90,470,1591,-5,-246,1
709,21,324,209,16,20,0.86,2,28,496,2871,-8,-333,1
709,22,310,266,24,26,0.88,2,12,470,3355,-13,-387,1
710,20,300,160,12,15,0.54,7,10,423,1577,7,44,1
710,21,322,207,16,20,0.86,2,29,495,2839,-8,-332,1
710,22,309,258,22,25,0.87,2,13,469,3316,-13,-387,1
711,20,300,160,12,14,0.62,7,11,424,1603,8,50,1
711,21,322,206,16,18,0.84,2,30,495,2807,-7,-332,1
711,22,308,252,20,25,0.86,2,14,468,3279,-13,-387,1
712,20,301,160,10,14,0.56,7,12,426,1618,8,53,1
712,21,322,202,16,19,0.84,2,31,494,2775,-7,-332,1
712,22,308,246,20,24,0.85,2,15,467,3240,-13,-386,1
713,20,300,160,10,14,0.44,7,13,427,1630,8,55,1
713,21,321,201,16,19,0.85,2,32,494,2743,-7,-331,1
713,22,306,241,20,24,0.83,2,16,466,3203,-13,-385,1
714,20,298,160,12,14,0.54,7,14,428,1639,8,56,1
714,21,320,198,16,19,0.84,2,33,493,2711,-7,-331,1
714,22,305,236,20,22,0.85,2,17,465,3165,-13,-385,1
715,20,299,159,10,14,0.54,7,15,429,1640,8,54,1
715,21,320,198,16,18,0.83,2,34,493,2680,-7,-330,1
715,22,304,233,20,21,0.83,2,18,464,3127,-13,-385,1
716,20,298,159,12,14,0.55,7,16,430,1641,7,53,1
716,21,318,196,16,18,0.85,2,35,492,2648,-7,-330,1
716,22,306,228,16,20,0.84,2,19,463,3089,-13,-384,1
717,20,298,158,12,14,0.48,7,17,431,1637,7,51,1
717,21,319,194,14,18,0.85,2,36,492,2617,-7,-329,1
717,22,305,225,18,20,0.84,2,20,462,3052,-12,-384,1
718,20,298,158,12,14,0.51,7,18,432,1633,7,49,1
718,21,320,193,12,18,0.85,2,37,491,2586,-7,-329,1
718,22,304,221,18,20,0.84,2,21,461,3014,-12,-383,1
719,20,296,157,12,14,0.12,7,19,433,1627,7,47,1
719,21,320,193,12,16,0.83,2,38,491,2554,-6,-328,1
719,22,305,221,16,17,0.83,2,22,460,2977,-12,-383,1
720,20,297,156,10,14,0.21,7,20,433,1619,7,44,1
720,21,318,192,12,15,0.83,2,39,490,2523,-6,-328,1
720,22,304,216,16,17,0.83,2,23,459,2940,-11,-382,1
721,20,297,156,10,14,0.21,7,21,434,1611,6,41,1
721,21,318,191,12,15,0.84,2,40,490,2492,-6,-327,1
721,22,303,214,16,17,0.83,2,24,458,2903,-11,-382,1
722,20,296,156,10,14,0.13,7,22,434,1604,6,39,1
722,21,316,188,12,15,0.85,2,41,489,2460,-6,-327,1
722,22,302,211,16,16,0.84,2,25,457,2866,-11,-381,1
723,21,316,188,12,14,0.83,2,42,489,2429,-6,-327,1
723,22,304,210,14,16,0.80,2,26,456,2830,-11,-380,1
724,20,296,155,8,14,0.18,7,23,435,1599,6,36,1
724,21,316,187,12,14,0.83,2,43,488,2398,-6,-326,1
724,22,303,206,14,16,0.83,2,27,456,2793,-11,-380,1
725,21,316,187,12,13,0.82,2,44,488,2367,-6,-326,1
725,22,303,206,14,15,0.83,2,28,455,2757,-11,-379,1
726,21,314,186,12,13,0.77,2,45,487,2336,-6,-326,1
726,22,304,202,12,16,0.81,2,29,454,2721,-10,-378,1
727,21,314,184,12,14,0.78,2,46,487,2306,-6,-325,1
727,22,302,200,14,16,0.84,2,30,453,2685,-10,-377,1
727,23,344,441,48,69,0.92,2,1,477,3790,0,-200,1
728,21,314,185,12,12,0.70,2,47,486,2275,-6,-325,1
728,22,304,198,12,14,0.83,2,31,452,2649,-10,-377,1
728,23,336,407,44,58,0.90,2,2,477,3746,-18,-435,1
729,21,314,183,12,12,0.77,2,48,486,2244,-6,-324,1
729,22,303,197,12,14,0.82,2,32,451,2612,-10,-377,1
729,23,334,388,40,52,0.90,2,3,477,3713,-10,-384,1
730,21,312,183,12,12,0.75,2,49,485,2214,-6,-324,1
730,22,302,196,12,14,0.74,2,33,451,2577,-10,-376,1
730,23,328,363,40,46,0.91,2,4,476,3672,-10,-391,1
731,21,312,182,12,12,0.74,2,50,485,2184,-6,-323,1
731,22,302,194,12,14,0.74,2,34,450,2541,-10,-375,1
731,23,326,349,36,42,0.91,2,5,476,3637,-9,-381,1
732,21,312,180,12,12,0.76,2,51,484,2153,-6,-323,1
732,22,302,194,12,12,0.73,2,35,449,2506,-10,-375,1
732,23,322,331,32,38,0.90,2,6,476,3598,-11,-383,1
733,21,312,180,12,12,0.73,2,52,483,2123,-6,-323,1
733,22,302,192,12,12,0.77,2,36,448,2470,-9,-374,1
733,23,322,320,28,36,0.89,2,7,475,3562,-11,-378,1
734,21,312,180,10,11,0.68,2,53,483,2093,-6,-322,1
734,22,303,191,10,11,0.75,2,37,448,2435,-9,-374,1
734,23,320,305,28,34,0.89,2,8,475,3524,-11,-378,1
735,21,311,180,10,10,0.65,2,54,482,2063,-6,-322,1
735,22,303,191,10,10,0.66,2,38,447,2399,-9,-373,1
735,23,319,297,26,32,0.89,2,9,474,3488,-10,-376,1
736,21,311,179,10,10,0.53,2,55,482,2033,-6,-321,1
736,22,302,189,10,10,0.68,2,39,446,2364,-9,-373,1
736,23,316,287,24,28,0.89,2,10,473,3451,-10,-376,1
737,21,311,178,10,10,0.54,2,56,481,2003,-6,-321,1
737,22,302,188,10,11,0.70,2,40,446,2329,-9,-372,1
737,23,316,280,22,27,0.88,2,11,473,3414,-10,-375,1
738,21,310,177,10,10,0.63,2,57,480,1973,-6,-320,1
738,22,302,188,10,10,0.52,2,41,445,2294,-9,-371,1
738,23,314,270,22,28,0.88,2,12,472,3378,-10,-374,1
739,21,308,176,12,10,0.66,2,58,480,1943,-6,-320,1
739,22,302,188,10,9,0.33,2,42,444,2260,-9,-370,1
739,23,313,266,22,24,0.87,2,13,471,3341,-10,-373,1
740,21,309,174,10,11,0.66,2,59,479,1913,-6,-320,1
740,22,304,186,8,9,0.23,2,43,444,2226,-9,-370,1
740,23,312,258,20,24,0.87,2,14,471,3305,-10,-372,1
741,21,310,175,8,10,0.62,2,60,479,1884,-6,-319,1
741,22,303,184,8,8,0.39,2,44,443,2190,-8,-369,1
741,23,310,254,20,23,0.88,2,15,470,3269,-10,-371,1
742,21,308,174,10,10,0.61,2,61,478,1854,-6,-319,1
742,22,302,183,8,8,0.43,2,45,442,2155,-8,-369,1
742,23,311,247,18,22,0.88,2,16,469,3233,-10,-371,1
743,21,307,173,10,10,0.45,2,62,477,1824,-6,-318,1
743,22,302,182,8,8,0.32,2,46,442,2119,-8,-369,1
743,23,312,244,16,21,0.87,2,17,468,3197,-9,-370,1
744,22,305,175,10,12,0.36,2,47,441,2083,-8,-369,1
744,23,309,238,18,21,0.86,2,18,467,3161,-9,-369,1
745,21,306,172,8,12,0.36,2,63,476,1765,-6,-318,1
745,22,302,181,8,8,0.12,2,48,441,2049,-8,-368,1
745,23,308,234,18,21,0.85,2,19,467,3126,-9,-368,1
746,22,305,172,10,11,0.40,2,49,440,2012,-8,-368,1
746,23,308,229,16,20,0.84,2,20,466,3090,-9,-368,1
747,22,304,172,10,10,0.38,2,50,440,1975,-8,-368,1
747,23,307,226,18,20,0.84,2,21,465,3054,-9,-367,1
747,24,275,168,8,8,0.41,2,1,342,1798,0,200,1
748,22,306,171,8,10,0.34,2,51,439,1938,-7,-368,1
748,23,307,223,16,18,0.83,2,22,464,3018,-9,-367,1
748,24,276,170,8,8,0.35,2,2,342,1821,42,226,1
749,20,306,170,8,10,0.41,7,24,445,1746,6,44,1
749,23,306,222,16,17,0.84,2,23,464,2983,-9,-366,1
749,24,276,170,8,8,0.49,2,3,343,1849,32,253,1
750,20,305,170,8,10,0.52,7,25,446,1782,6,48,1
750,23,306,218,16,16,0.84,2,24,463,2947,-9,-366,1
750,24,276,171,8,8,0.52,2,4,344,1885,28,290,1
751,20,305,169,8,10,0.48,7,26,447,1800,6,50,1
751,23,305,214,16,18,0.83,2,25,462,2912,-9,-365,1
751,24,277,171,8,8,0.53,2,5,345,1914,29,288,1
752,20,304,169,8,8,0.33,7,27,448,1801,6,49,1
752,23,304,212,16,16,0.85,2,26,461,2877,-9,-365,1
752,24,277,172,8,8,0.43,2,6,346,1945,28,293,1
753,20,304,168,8,9,0.41,7,28,448,1803,6,49,1
753,23,305,210,14,16,0.84,2,27,461,2841,-9,-364,1
753,24,278,173,8,8,0.64,2,7,347,1977,29,298,1
754,20,303,166,8,10,0.35,7,29,449,1801,6,48,1
754,23,304,207,14,16,0.83,2,28,460,2806,-9,-363,1
754,24,278,174,8,8,0.60,2,8,349,2011,29,303,1
755,22,302,166,8,10,0.12,2,52,436,1681,-7,-368,1
755,23,302,206,16,16,0.84,2,29,459,2772,-9,-363,1
755,24,277,173,10,10,0.62,2,9,351,2044,28,307,1
756,23,304,204,12,14,0.85,2,30,458,2737,-9,-362,1
756,24,278,174,8,9,0.46,2,10,352,2068,26,299,1
757,22,301,165,8,10,0.13,2,53,435,1609,-7,-368,1
757,23,304,202,12,14,0.84,2,31,457,2702,-9,-362,1
757,24,278,175,8,10,0.64,2,11,354,2103,25,304,1
758,23,303,200,12,14,0.85,2,32,457,2667,-9,-361,1
758,24,278,176,10,10,0.65,2,12,356,2136,25,307,1
759,23,302,198,12,14,0.85,2,33,456,2633,-9,-361,1
759,24,278,177,8,10,0.66,2,13,357,2168,24,308,1
760,23,302,196,12,14,0.82,2,34,455,2598,-9,-360,1
760,24,278,178,8,10,0.68,2,14,359,2200,23,309,1
761,23,302,195,12,14,0.81,2,35,454,2564,-9,-360,1
761,24,278,178,10,10,0.66,2,15,361,2225,23,305,1
762,23,302,194,12,13,0.79,2,36,453,2530,-9,-359,1
762,24,278,179,8,10,0.61,2,16,362,2250,22,301,1
763,23,302,192,12,13,0.80,2,37,453,2495,-8,-359,1
763,24,278,180,10,10,0.71,2,17,364,2275,21,298,1
764,23,302,192,12,12,0.79,2,38,452,2461,-8,-358,1
764,24,278,180,10,11,0.72,2,18,365,2301,21,296,1
765,23,302,190,12,12,0.77,2,39,451,2427,-8,-358,1
765,24,278,182,10,11,0.74,2,19,367,2331,21,296,1
766,23,300,189,12,12,0.77,2,40,450,2394,-8,-357,1
766,24,278,183,10,11,0.76,2,20,368,2360,20,295,1
767,23,300,188,12,12,0.77,2,41,450,2360,-8,-357,1
767,24,278,184,10,11,0.77,2,21,370,2388,20,295,1
768,23,301,187,10,10,0.69,2,42,449,2326,-8,-356,1
768,24,276,186,12,11,0.75,2,22,371,2419,19,296,1
769,23,301,186,10,11,0.71,2,43,448,2292,-8,-356,1
769,24,276,186,12,11,0.73,2,23,373,2445,19,294,1
770,23,302,186,8,10,0.66,2,44,447,2259,-8,-355,1
770,24,278,186,10,12,0.79,2,24,374,2470,18,292,1
771,23,302,184,8,10,0.65,2,45,446,2225,-8,-355,1
771,24,276,188,12,12,0.82,2,25,375,2498,18,292,1
772,23,300,183,10,10,0.67,2,46,446,2192,-8,-354,1
772,24,276,189,12,12,0.83,2,26,377,2525,18,291,1
773,23,302,182,8,10,0.61,2,47,445,2158,-8,-354,1
773,24,276,190,12,13,0.83,2,27,378,2553,17,290,1
774,23,300,182,10,10,0.53,2,48,444,2126,-8,-353,1
774,24,275,192,12,13,0.78,2,28,379,2583,17,291,1
775,23,299,180,10,10,0.56,2,49,443,2092,-8,-353,1
775,24,274,193,12,14,0.77,2,29,380,2614,16,291,1
776,23,299,180,10,10,0.38,2,50,443,2060,-8,-352,1
776,24,275,195,12,14,0.80,2,30,381,2645,16,292,1
777,23,300,178,8,10,0.34,2,51,442,2027,-8,-352,1
777,24,274,196,12,14,0.82,2,31,382,2674,15,292,1
778,23,300,178,8,10,0.40,2,52,441,1994,-8,-351,1
778,24,274,197,12,14,0.82,2,32,383,2702,15,291,1
779,23,300,178,8,10,0.36,2,53,440,1962,-8,-351,1
779,24,274,199,12,14,0.81,2,33,384,2729,15,291,1
780,23,298,176,8,8,0.40,2,54,440,1929,-8,-350,1
780,24,274,201,12,15,0.83,2,34,385,2759,15,291,1
780,25,266,168,8,8,0.49,2,1,310,1816,0,200,1
781,23,298,176,8,8,0.41,2,55,439,1896,-8,-350,1
781,24,272,203,12,14,0.85,2,35,386,2787,14,291,1
781,25,266,168,8,8,0.50,2,2,310,1835,9,191,1
782,23,298,176,8,8,0.40,2,56,438,1863,-8,-349,1
782,24,270,206,14,14,0.85,2,36,387,2817,14,291,1
782,25,266,169,8,8,0.49,2,3,310,1854,11,192,1
783,24,270,208,14,14,0.84,2,37,387,2846,13,291,1
783,25,266,169,8,8,0.49,2,4,311,1869,10,177,1
784,23,297,174,8,8,0.36,2,57,436,1796,-8,-349,1
784,24,268,209,16,16,0.83,2,38,388,2877,13,291,1
784,25,266,170,8,8,0.65,2,5,311,1889,10,183,1
785,24,268,211,16,16,0.84,2,39,389,2906,13,291,1
785,25,266,170,8,8,0.64,2,6,311,1903,10,174,1
786,23,297,173,8,8,0.31,2,58,435,1729,-8,-348,1
786,24,266,213,16,18,0.84,2,40,389,2938,12,292,1
786,25,267,170,8,8,0.58,2,7,312,1911,12,159,1
787,23,297,172,8,8,0.21,2,59,434,1696,-8,-348,1
787,24,266,215,16,18,0.84,2,41,390,2967,12,292,1
787,25,267,170,8,9,0.58,2,8,313,1928,13,160,1
788,23,296,171,8,8,0.19,2,60,433,1664,-8,-348,1
788,24,264,217,16,20,0.83,2,42,390,2999,12,293,1
788,25,267,171,8,9,0.54,2,9,313,1951,13,169,1
789,23,296,170,8,8,0.41,2,61,432,1632,-8,-347,1
789,24,264,220,16,20,0.83,2,43,391,3030,11,293,1
789,25,266,171,8,9,0.52,2,10,314,1968,12,169,1
790,24,263,224,16,20,0.84,2,44,391,3062,11,294,1
790,25,267,172,8,8,0.47,2,11,315,1980,12,164,1
791,24,262,228,16,20,0.83,2,45,391,3094,11,294,1
791,25,267,172,8,8,0.46,2,12,316,1989,12,157,1
792,24,260,232,16,20,0.85,2,46,392,3126,10,295,1
792,25,267,173,8,9,0.58,2,13,317,2012,12,164,1
793,24,259,236,18,20,0.85,2,47,392,3157,10,295,1
793,25,268,174,8,9,0.65,2,14,318,2037,13,170,1
794,24,258,240,16,22,0.85,2,48,392,3190,10,296,1
794,25,268,174,8,10,0.66,2,15,319,2064,14,177,1
795,24,256,244,20,22,0.87,2,49,392,3222,10,297,1
795,25,268,174,8,10,0.65,2,16,320,2085,14,180,1
796,24,254,252,20,22,0.86,2,50,393,3256,9,298,1
796,25,266,174,10,10,0.66,2,17,321,2102,14,179,1
797,24,252,254,20,25,0.88,2,51,393,3290,9,298,1
797,25,266,176,8,10,0.59,2,18,323,2128,13,184,1
798,24,250,260,20,28,0.88,2,52,393,3325,9,299,1
798,25,266,177,8,10,0.68,2,19,324,2155,13,188,1
799,24,248,266,22,28,0.88,2,53,393,3359,9,300,1
799,25,266,177,8,10,0.68,2,20,325,2177,13,190,1
800,24,246,274,22,30,0.90,2,54,393,3394,9,301,1
800,25,266,177,8,10,0.73,2,21,326,2195,13,190,1
801,24,244,280,24,32,0.90,2,55,393,3428,8,302,1
801,25,265,178,10,10,0.73,2,22,327,2215,12,190,1
802,24,240,291,24,34,0.89,2,56,393,3465,8,303,1
802,25,265,179,10,10,0.70,2,23,328,2236,12,191,1
803,24,237,298,26,38,0.89,2,57,394,3501,8,304,1
803,25,265,179,10,10,0.75,2,24,329,2253,12,190,1
804,24,232,310,28,42,0.89,2,58,394,3538,8,305,1
804,25,265,180,10,11,0.81,2,25,330,2276,12,192,1
805,24,230,322,28,43,0.90,2,59,394,3573,8,306,1
805,25,265,180,10,11,0.81,2,26,331,2296,12,192,1
806,24,224,338,32,50,0.90,2,60,394,3610,8,307,1
806,25,265,181,10,12,0.83,2,27,332,2320,12,194,1
807,24,220,351,34,55,0.91,2,61,394,3645,8,308,1
807,25,265,182,10,12,0.83,2,28,333,2344,12,195,1
808,24,214,374,36,64,0.90,2,62,395,3682,8,309,1
808,25,264,183,12,12,0.83,2,29,334,2367,12,197,1
809,24,208,391,40,72,0.90,2,63,395,3718,8,310,1
809,25,264,183,12,12,0.83,2,30,335,2388,12,197,1
810,25,264,184,12,12,0.83,2,31,336,2409,12,198,1
811,25,264,184,12,12,0.83,2,32,337,2427,12,197,1
812,25,262,186,12,11,0.82,2,33,338,2446,11,197,1
813,25,262,186,12,12,0.81,2,34,339,2466,11,197,1
814,25,262,187,12,12,0.84,2,35,340,2485,11,197,1
815,25,262,188,12,12,0.84,2,36,341,2505,11,197,1
816,25,262,188,12,13,0.85,2,37,342,2524,11,197,1
817,25,261,190,12,13,0.85,2,38,343,2546,11,197,1
818,25,261,190,12,14,0.85,2,39,344,2568,10,198,1
819,25,260,191,12,14,0.84,2,40,344,2589,10,198,1
820,25,260,193,12,14,0.81,2,41,345,2612,10,199,1
821,25,260,194,12,14,0.81,2,42,346,2634,10,199,1
822,25,258,195,12,14,0.82,2,43,347,2655,10,200,1
823,25,257,196,14,14,0.82,2,44,347,2677,10,200,1
824,25,258,196,12,15,0.83,2,45,348,2697,10,200,1
825,25,256,197,14,15,0.84,2,46,349,2717,9,200,1
826,25,256,199,12,15,0.84,2,47,349,2738,9,201,1
827,25,255,200,14,16,0.84,2,48,350,2760,9,201,1
828,25,256,202,12,15,0.86,2,49,350,2781,9,201,1
829,25,254,203,14,15,0.86,2,50,351,2802,9,201,1
830,25,253,205,14,15,0.87,2,51,352,2823,9,201,1
831,25,252,206,14,16,0.86,2,52,352,2844,8,202,1
832,25,250,208,16,17,0.84,2,53,352,2868,8,202,1
833,25,250,208,16,18,0.85,2,54,353,2889,8,203,1
834,25,249,211,16,17,0.85,2,55,353,2911,8,203,1
835,25,248,212,16,18,0.85,2,56,354,2934,8,203,1
836,25,247,215,16,18,0.86,2,57,354,2957,8,204,1
837,25,247,216,16,18,0.86,2,58,354,2978,8,204,1
838,25,245,219,16,18,0.86,2,59,355,3001,8,204,1
839,25,244,220,16,18,0.87,2,60,355,3022,7,205,1
840,25,242,224,16,19,0.86,2,61,355,3046,7,205,1
841,25,242,225,16,20,0.86,2,62,356,3070,7,206,1
842,25,240,228,16,20,0.86,2,63,356,3093,7,206,1
843,25,240,231,16,20,0.87,2,64,356,3116,7,206,1
844,25,238,234,16,21,0.87,2,65,356,3140,7,207,1
845,25,236,236,16,22,0.88,2,66,357,3164,7,208,1
846,25,232,240,20,22,0.87,2,67,357,3189,7,208,1
847,25,232,242,20,24,0.87,2,68,357,3213,6,209,1
848,25,229,246,20,24,0.88,2,69,357,3237,6,209,1
849,25,227,250,20,25,0.87,2,70,357,3262,6,210,1
850,25,224,254,20,26,0.88,2,71,358,3288,6,210,1
851,25,222,257,22,28,0.89,2,72,358,3313,6,211,1
852,25,218,262,24,30,0.88,2,73,358,3340,6,212,1
853,25,216,267,24,30,0.89,2,74,358,3365,6,212,1
854,25,212,273,24,32,0.90,2,75,358,3392,6,213,1
855,25,209,277,26,34,0.89,2,76,358,3419,6,214,1
856,25,204,285,28,36,0.89,2,77,358,3446,5,215,1
857,25,201,290,28,38,0.89,2,78,359,3473,5,216,1
858,25,196,299,28,40,0.90,2,79,359,3501,5,216,1
859,25,190,306,32,42,0.90,2,80,359,3528,5,217,1
860,25,184,316,32,46,0.91,2,81,359,3555,5,218,1
861,25,176,324,36,48,0.90,2,82,359,3582,5,219,1
866,26,126,400,52,78,0.91,2,1,356,3759,0,200,1
867,26,115,416,56,88,0.91,2,2,356,3783,11,240,1
880,27,410,426,60,68,0.91,2,1,520,3775,0,-200,1
881,27,400,401,52,60,0.91,2,2,520,3741,-15,-341,1
882,27,386,372,46,50,0.90,2,3,520,3694,-20,-409,1
883,27,380,354,40,45,0.90,2,4,519,3653,-17,-408,1
884,27,371,334,36,38,0.89,2,5,519,3607,-17,-422,1
885,27,368,323,32,34,0.90,2,6,518,3566,-15,-419,1
886,27,362,306,28,31,0.89,2,7,517,3522,-14,-423,1
887,27,357,297,28,29,0.89,2,8,517,3480,-14,-422,1
888,27,354,285,24,26,0.89,2,9,516,3437,-13,-424,1
889,27,349,277,24,26,0.89,2,10,515,3395,-13,-423,1
890,27,346,267,22,24,0.88,2,11,514,3353,-13,-423,1
891,27,344,262,20,23,0.88,2,12,513,3312,-13,-422,1
892,27,341,254,20,22,0.88,2,13,512,3270,-13,-422,1
893,27,340,250,20,20,0.86,2,14,511,3229,-12,-421,1
894,27,337,243,18,19,0.86,2,15,511,3187,-12,-421,1
895,27,336,239,16,18,0.86,2,16,510,3146,-12,-420,1
896,27,333,233,18,18,0.86,2,17,509,3104,-12,-420,1
896,28,274,165,8,9,0.39,2,1,335,1715,0,200,1
897,27,332,229,16,18,0.85,2,18,508,3063,-12,-419,1
897,28,275,166,8,8,0.16,2,2,335,1734,38,190,1
898,27,330,224,16,18,0.86,2,19,507,3022,-12,-419,1
898,28,275,166,8,8,0.16,2,3,336,1748,28,165,1
899,27,329,222,16,17,0.84,2,20,506,2981,-11,-418,1
899,28,275,166,8,9,0.32,2,4,336,1762,22,159,1
900,27,328,218,16,16,0.84,2,21,505,2940,-11,-418,1
900,28,275,166,8,9,0.36,2,5,337,1772,18,143,1
901,27,326,215,16,16,0.83,2,22,504,2899,-11,-417,1
901,28,276,167,8,10,0.38,2,6,338,1804,21,178,1
