2,0,458,250,176,262,0.91,7,1,466,3769,0,-200,1
2,1,314,155,16,16,0.84,2,1,363,2639,0,200,1
2,2,288,157,16,19,0.84,2,1,327,2711,0,200,1
2,3,382,139,12,13,0.54,2,1,477,2276,0,-200,1
3,0,452,235,180,244,0.93,7,2,466,3745,34,-239,1
3,1,314,157,16,16,0.83,2,2,363,2662,6,227,1
3,2,284,157,20,21,0.84,2,2,327,2733,-16,222,1
4,0,449,232,162,234,0.95,7,3,466,3730,14,-195,1
4,1,313,158,16,16,0.83,2,3,363,2684,0,227,1
4,2,285,158,18,22,0.84,2,3,327,2760,-2,249,1
5,0,444,224,152,215,0.93,7,4,467,3709,11,-200,1
5,1,312,160,16,17,0.84,2,4,363,2718,-1,265,1
5,2,282,161,20,22,0.85,2,4,327,2796,-2,283,1
6,0,441,219,144,204,0.93,7,5,467,3690,9,-198,1
6,1,312,162,16,16,0.83,2,5,363,2743,-0,259,1
6,2,281,162,20,22,0.86,2,5,327,2819,-2,271,1
7,0,436,214,136,191,0.92,7,6,468,3670,7,-198,1
7,1,310,163,16,17,0.84,2,6,363,2768,-2,258,1
7,2,279,166,20,22,0.85,2,6,327,2854,-1,286,1
8,0,434,209,128,180,0.93,7,7,468,3650,7,-199,1
8,1,309,165,18,17,0.84,2,7,363,2793,-2,257,1
8,2,278,167,20,22,0.87,2,7,327,2878,-2,279,1
8,3,381,135,12,12,0.38,2,4,477,2172,2,-174,1
9,0,430,204,120,171,0.94,7,8,468,3630,6,-199,1
9,1,310,168,16,17,0.85,2,8,362,2823,-1,263,1
9,2,275,170,22,23,0.86,2,8,327,2909,-1,284,1
9,3,381,134,12,12,0.43,2,5,477,2140,4,-195,1
10,0,428,200,116,165,0.93,7,9,468,3611,5,-198,1
10,1,308,169,16,17,0.85,2,9,362,2846,-2,259,1
10,2,276,172,20,24,0.84,2,9,327,2940,-0,287,1
10,3,380,134,12,12,0.20,2,6,477,2119,4,-197,1
11,0,424,196,108,154,0.93,7,10,469,3591,4,-198,1
11,1,308,172,16,17,0.85,2,10,362,2873,-2,260,1
11,2,272,176,20,24,0.87,2,10,327,2974,-1,292,1
11,3,380,132,12,13,0.62,2,7,478,2095,4,-201,1
12,0,424,193,104,148,0.94,7,11,469,3571,4,-198,1
12,1,306,174,18,18,0.85,2,11,362,2901,-1,262,1
12,2,270,178,22,24,0.87,2,11,327,3002,-1,291,1
12,3,380,132,12,13,0.62,2,8,478,2078,4,-198,1
13,0,421,190,96,138,0.94,7,12,469,3550,4,-199,1
13,1,305,176,18,20,0.84,2,12,362,2933,-1,267,1
13,2,267,182,22,24,0.87,2,12,327,3032,-1,292,1
13,3,378,131,12,14,0.59,2,9,478,2065,3,-192,1
14,0,419,186,94,135,0.93,7,13,469,3531,4,-199,1
14,1,304,178,18,20,0.85,2,13,362,2961,-1,269,1
14,2,264,184,24,25,0.86,2,13,326,3060,-1,291,1
14,3,378,132,12,13,0.36,2,10,479,2054,2,-185,1
15,0,418,184,88,127,0.93,7,14,469,3510,3,-199,1
15,1,302,182,20,20,0.86,2,14,362,2992,-1,271,1
15,2,262,190,24,24,0.87,2,14,326,3091,-1,293,1
15,3,378,131,12,14,0.64,2,11,479,2046,1,-177,1
16,0,416,181,86,123,0.93,7,15,469,3490,3,-199,1
16,1,301,183,20,21,0.86,2,15,362,3019,-1,271,1
16,2,260,191,24,26,0.88,2,15,326,3119,-1,292,1
16,3,376,130,12,14,0.50,2,12,479,2033,1,-173,1
17,0,414,177,80,118,0.93,7,16,470,3470,3,-200,1
17,1,300,187,20,22,0.86,2,16,362,3049,-1,274,1
17,2,255,196,26,26,0.86,2,16,326,3149,-1,292,1
17,3,376,129,12,13,0.48,2,13,479,2012,0,-176,1
18,0,412,175,78,115,0.93,7,17,470,3450,3,-200,1
18,1,298,190,20,22,0.85,2,17,362,3078,-1,275,1
18,2,252,200,28,27,0.87,2,17,326,3179,-1,293,1
18,3,376,129,12,13,0.48,2,14,479,1994,-0,-176,1
19,0,410,173,76,108,0.92,7,18,470,3429,3,-200,1
19,1,298,194,20,22,0.87,2,18,361,3107,-1,275,1
19,2,248,204,28,29,0.87,2,18,326,3211,-2,294,1
19,3,376,129,12,13,0.25,2,15,478,1978,-0,-175,1
20,0,408,170,76,106,0.93,7,19,470,3409,3,-200,1
20,1,295,196,22,24,0.86,2,19,361,3135,-1,276,1
20,2,244,207,28,31,0.89,2,19,326,3241,-2,295,1
20,3,376,128,12,12,0.57,2,16,478,1956,-0,-178,1
21,0,406,168,72,102,0.92,7,20,470,3389,3,-200,1
21,1,292,201,24,24,0.89,2,20,361,3165,-1,277,1
21,2,240,215,28,31,0.88,2,20,326,3274,-2,297,1
21,3,375,128,12,12,0.36,2,17,478,1936,-0,-179,1
22,0,405,166,70,98,0.92,7,21,470,3368,3,-201,1
22,1,291,204,24,25,0.88,2,21,361,3193,-1,277,1
22,2,234,220,32,31,0.89,2,21,325,3304,-2,297,1
22,3,375,128,12,12,0.32,2,18,478,1919,-0,-179,1
23,0,402,164,68,94,0.93,7,22,471,3347,2,-201,1
23,1,289,210,24,26,0.89,2,22,361,3224,-1,279,1
23,2,229,223,32,37,0.89,2,22,325,3337,-2,298,1
23,3,374,126,12,12,0.47,2,19,478,1896,-0,-181,1
24,0,402,162,66,92,0.93,7,23,471,3327,2,-201,1
24,1,287,214,26,26,0.88,2,23,361,3252,-1,279,1
24,2,224,228,34,39,0.89,2,23,325,3368,-2,299,1
24,3,374,126,12,12,0.46,2,20,478,1875,-0,-183,1
25,0,402,160,64,88,0.92,7,24,471,3306,2,-201,1
25,1,284,220,28,27,0.88,2,24,361,3282,-1,280,1
25,2,216,236,36,42,0.89,2,24,325,3401,-2,300,1
25,3,374,126,12,12,0.21,2,21,478,1856,-0,-183,1
26,0,402,159,60,86,0.91,7,25,471,3286,2,-202,1
26,1,282,225,28,28,0.89,2,25,361,3312,-1,280,1
26,2,212,244,36,42,0.90,2,25,325,3432,-2,301,1
26,3,374,126,12,12,0.20,2,22,478,1838,-0,-182,1
27,0,400,157,58,83,0.92,7,26,471,3265,2,-202,1
27,1,279,231,28,30,0.89,2,26,361,3342,-1,281,1
27,2,202,252,40,47,0.90,2,26,324,3465,-2,302,1
27,3,373,126,12,12,0.43,2,23,478,1823,-1,-181,1
28,0,399,156,56,80,0.92,7,27,471,3244,2,-202,1
28,1,278,236,28,32,0.89,2,27,361,3371,-1,282,1
28,2,196,258,40,51,0.91,2,27,324,3496,-2,302,1
28,3,373,126,12,12,0.42,2,24,477,1809,-1,-180,1
29,0,398,153,54,78,0.92,7,28,471,3223,2,-202,1
29,1,272,244,32,34,0.89,2,28,361,3402,-1,283,1
29,2,186,270,44,56,0.90,2,28,324,3529,-2,303,1
29,3,372,125,12,11,0.23,2,25,477,1789,-1,-180,1
30,0,398,153,52,76,0.92,7,29,472,3203,2,-202,1
30,1,270,251,32,34,0.89,2,29,361,3431,-1,283,1
30,2,176,278,48,59,0.90,2,29,324,3560,-2,304,1
30,3,372,123,12,12,0.46,2,26,477,1768,-1,-181,1
31,0,395,151,52,74,0.92,7,30,472,3182,2,-203,1
31,1,264,262,36,37,0.90,2,30,361,3463,-1,284,1
31,2,164,295,50,64,0.91,2,30,324,3593,-2,304,1
32,0,395,150,52,73,0.92,7,31,472,3162,2,-203,1
32,1,262,268,36,39,0.90,2,31,361,3493,-1,285,1
32,2,153,307,54,68,0.91,2,31,324,3624,-2,305,1
33,0,396,148,48,71,0.91,7,32,472,3141,2,-203,1
33,1,254,280,40,43,0.90,2,32,361,3524,-1,286,1
33,2,135,328,60,75,0.91,2,32,323,3657,-2,306,1
34,0,394,146,48,70,0.91,7,33,472,3121,2,-203,1
34,1,251,290,40,45,0.91,2,33,361,3554,-1,286,1
34,2,122,344,64,80,0.91,2,33,323,3688,-2,306,1
35,0,392,145,48,68,0.92,7,34,472,3100,2,-203,1
35,1,243,305,44,49,0.91,2,34,361,3585,-1,287,1
35,2,98,372,72,90,0.92,2,34,323,3721,-2,307,1
36,0,390,144,48,66,0.92,7,35,472,3079,2,-203,1
36,1,237,316,46,52,0.91,2,35,361,3615,-1,287,1
36,2,82,392,76,100,0.92,2,35,323,3752,-1,307,1
37,0,390,143,46,64,0.92,7,36,472,3059,2,-203,1
37,1,228,336,50,58,0.92,2,36,361,3646,-1,288,1
37,2,54,430,84,103,0.92,2,36,323,3783,-1,307,1
38,0,390,142,44,64,0.91,7,37,473,3038,2,-203,1
38,1,220,352,52,63,0.91,2,37,361,3676,-1,288,1
39,0,389,142,44,62,0.92,7,38,473,3019,2,-203,1
39,1,206,377,60,72,0.92,2,38,361,3707,-1,289,1
40,0,389,140,42,62,0.91,7,39,473,2999,2,-203,1
40,1,196,397,64,78,0.91,2,39,361,3737,-1,289,1
41,0,388,139,42,60,0.91,7,40,473,2979,2,-203,1
41,1,182,432,68,92,0.92,2,40,360,3768,-1,290,1
42,0,388,138,40,59,0.92,7,41,473,2958,2,-203,1
43,0,386,137,40,58,0.91,7,42,473,2939,2,-203,1
44,0,385,136,40,57,0.91,7,43,473,2919,1,-203,1
45,0,385,135,38,56,0.91,7,44,473,2898,1,-203,1
46,0,384,134,38,56,0.91,7,45,473,2879,1,-202,1
47,0,384,133,36,55,0.90,7,46,473,2859,1,-202,1
48,0,384,133,36,54,0.91,7,47,473,2840,1,-202,1
49,0,383,132,36,53,0.91,7,48,473,2820,1,-202,1
50,0,382,131,36,52,0.91,7,49,473,2801,1,-202,1
51,0,381,131,36,50,0.90,7,50,473,2781,1,-202,1
52,0,380,130,36,51,0.90,7,51,473,2762,1,-202,1
53,0,381,129,34,48,0.91,7,52,473,2741,1,-202,1
54,0,381,129,34,48,0.91,7,53,473,2722,1,-202,1
55,0,378,128,36,48,0.90,7,54,473,2702,1,-201,1
56,0,380,128,32,48,0.90,7,55,473,2683,1,-201,1
57,0,380,127,32,46,0.90,7,56,473,2664,1,-201,1
58,0,378,126,32,46,0.89,7,57,473,2644,1,-201,1
59,0,378,126,32,44,0.89,7,58,473,2624,1,-201,1
60,0,377,125,32,44,0.88,7,59,473,2605,1,-201,1
61,0,376,124,32,44,0.88,7,60,473,2585,1,-201,1
62,0,376,124,32,43,0.88,7,61,473,2566,1,-201,1
63,0,376,124,32,42,0.88,7,62,473,2546,1,-201,1
64,0,376,123,30,42,0.89,7,63,473,2527,1,-200,1
65,0,376,122,28,42,0.88,7,64,473,2507,1,-200,1
66,0,376,122,28,41,0.88,7,65,473,2488,1,-200,1
67,0,376,122,28,40,0.89,7,66,473,2469,1,-200,1
68,0,376,122,28,40,0.88,7,67,473,2450,1,-200,1
69,0,375,121,28,40,0.88,7,68,473,2431,1,-200,1
70,0,375,120,28,39,0.88,7,69,473,2412,1,-200,1
71,0,374,120,28,39,0.88,7,70,473,2393,1,-199,1
72,0,374,120,28,38,0.87,7,71,473,2374,1,-199,1
73,0,374,119,28,38,0.87,7,72,473,2355,1,-199,1
74,0,374,119,26,38,0.87,7,73,473,2336,1,-199,1
75,0,374,118,26,38,0.87,7,74,473,2317,1,-199,1
76,0,374,118,26,37,0.86,7,75,473,2298,1,-199,1
77,0,374,117,24,37,0.87,7,76,473,2279,1,-199,1
78,0,374,117,24,36,0.87,7,77,473,2260,1,-199,1
79,0,372,116,24,34,0.82,7,78,473,2240,1,-199,1
80,0,372,116,24,34,0.85,7,79,473,2220,1,-199,1
81,0,372,115,24,34,0.85,7,80,473,2201,1,-199,1
82,0,372,115,24,33,0.85,7,81,473,2181,1,-199,1
83,0,372,115,24,33,0.83,7,82,473,2161,1,-199,1
84,0,372,115,24,33,0.86,7,83,473,2141,1,-198,1
85,0,372,114,22,32,0.84,7,84,473,2121,1,-198,1
86,0,370,114,24,32,0.83,7,85,473,2102,1,-198,1
87,0,370,114,24,32,0.85,7,86,473,2082,1,-198,1
88,0,371,114,22,32,0.85,7,87,473,2063,1,-198,1
89,0,370,113,24,31,0.84,7,88,474,2044,1,-198,1
90,0,370,113,24,31,0.84,7,89,474,2024,1,-198,1
91,0,370,113,24,31,0.83,7,90,474,2005,1,-198,1
92,0,370,113,24,31,0.83,7,91,474,1986,1,-198,1
93,0,370,113,20,31,0.85,7,92,474,1967,1,-198,1
94,0,369,112,22,31,0.85,7,93,474,1949,1,-198,1
95,0,369,112,22,31,0.85,7,94,474,1930,1,-198,1
96,0,369,112,22,31,0.85,7,95,474,1912,1,-198,1
97,0,370,112,20,30,0.84,7,96,474,1893,1,-197,1
98,0,370,112,20,30,0.84,7,97,474,1875,1,-197,1
99,0,369,111,20,29,0.84,7,98,474,1856,1,-197,1
100,0,369,111,20,29,0.84,7,99,474,1837,1,-197,1
101,0,368,110,20,29,0.83,7,100,474,1818,1,-197,1
102,0,368,110,20,28,0.83,7,101,474,1799,1,-197,1
103,0,368,110,20,27,0.70,7,102,474,1779,1,-197,1
104,0,366,110,20,28,0.75,7,103,474,1760,1,-197,1
105,0,366,110,20,27,0.78,7,104,474,1741,1,-197,1
106,0,366,110,20,27,0.76,7,105,474,1723,1,-197,1
107,0,367,110,18,27,0.78,7,106,474,1704,1,-197,1
108,0,367,109,18,26,0.73,7,107,474,1685,1,-197,1
109,0,367,109,18,26,0.73,7,108,474,1666,1,-196,1
110,0,366,109,18,25,0.58,7,109,474,1646,1,-196,1
111,0,366,108,16,24,0.66,7,110,474,1627,1,-196,1
112,0,365,108,18,24,0.66,7,111,474,1607,1,-196,1
113,0,366,109,16,24,0.68,7,112,474,1588,1,-196,1
114,0,366,109,16,24,0.68,7,113,474,1569,1,-196,1
115,0,366,109,16,24,0.68,7,114,474,1550,1,-196,1
116,0,366,108,16,24,0.48,7,115,474,1531,0,-196,1
117,0,365,108,16,24,0.55,7,116,474,1512,0,-196,1
118,0,365,108,16,24,0.53,7,117,474,1493,0,-196,1
119,0,365,108,16,23,0.48,7,118,474,1474,0,-196,1
120,0,365,108,16,23,0.49,7,119,474,1455,0,-196,1
121,0,364,108,16,23,0.50,7,120,474,1437,0,-196,1
122,0,364,108,16,22,0.37,7,121,474,1418,0,-196,1
123,0,364,108,16,22,0.42,7,122,474,1399,0,-196,1
123,4,328,121,12,12,0.30,2,1,365,1624,0,200,1
124,0,364,108,16,22,0.42,7,123,474,1380,0,-196,1
124,4,328,121,12,12,0.30,2,2,365,1644,3,193,1
130,4,329,124,12,13,0.16,2,4,367,1772,7,210,1
131,4,329,124,12,13,0.17,2,5,367,1793,7,211,1
132,4,329,124,12,13,0.31,2,6,367,1808,6,204,1
133,4,328,124,12,12,0.59,2,7,368,1807,5,182,1
134,4,328,124,12,12,0.59,2,8,368,1807,4,166,1
135,4,328,124,12,13,0.44,2,9,368,1816,4,160,1
136,4,328,125,12,13,0.72,2,10,368,1832,3,160,1
137,4,327,125,12,12,0.72,2,11,369,1838,3,152,1
138,4,328,126,12,14,0.67,2,12,369,1865,3,160,1
139,4,328,126,12,13,0.75,2,13,369,1879,3,159,1
140,4,327,128,12,12,0.71,2,14,369,1897,2,161,1
141,4,327,128,12,12,0.70,2,15,369,1912,2,160,1
142,4,326,130,12,12,0.73,2,16,369,1937,2,165,1
143,4,326,130,12,12,0.73,2,17,369,1958,1,167,1
144,4,326,131,12,12,0.75,2,18,369,1980,1,169,1
145,4,325,132,12,12,0.78,2,19,369,2004,1,173,1
146,4,325,133,12,12,0.79,2,20,369,2030,1,176,1
147,4,325,134,12,12,0.78,2,21,369,2056,1,180,1
148,4,324,135,12,12,0.81,2,22,368,2082,1,183,1
149,4,324,136,12,13,0.78,2,23,368,2114,0,188,1
150,4,323,137,12,12,0.81,2,24,368,2141,0,191,1
151,4,322,138,12,12,0.81,2,25,368,2168,0,194,1
152,4,322,138,12,13,0.81,2,26,368,2195,-0,197,1
153,4,322,139,12,13,0.80,2,27,368,2221,-0,199,1
154,4,322,141,12,12,0.77,2,28,367,2247,-0,201,1
155,4,320,142,12,12,0.79,2,29,367,2274,-0,203,1
156,4,320,143,12,12,0.82,2,30,367,2299,-1,205,1
157,4,319,144,14,13,0.83,2,31,367,2328,-1,207,1
158,4,319,145,14,14,0.82,2,32,366,2359,-1,210,1
159,4,318,146,14,14,0.84,2,33,366,2388,-1,212,1
160,4,318,147,14,14,0.84,2,34,366,2416,-1,214,1
161,4,318,149,14,14,0.83,2,35,366,2446,-1,216,1
162,4,316,150,16,14,0.82,2,36,365,2474,-1,218,1
163,4,315,152,16,14,0.83,2,37,365,2503,-1,220,1
164,4,316,153,14,14,0.85,2,38,365,2531,-1,221,1
165,4,314,156,16,14,0.84,2,39,365,2562,-1,223,1
166,4,314,156,16,16,0.82,2,40,365,2593,-1,225,1
167,4,312,159,16,15,0.83,2,41,364,2625,-1,227,1
168,4,311,160,18,16,0.84,2,42,364,2656,-1,229,1
169,4,310,163,18,16,0.83,2,43,364,2689,-1,231,1
170,4,310,164,16,16,0.83,2,44,364,2719,-1,233,1
171,4,310,167,16,16,0.84,2,45,364,2750,-1,235,1
172,4,310,169,16,16,0.85,2,46,363,2780,-1,236,1
173,4,307,172,18,17,0.82,2,47,363,2813,-1,238,1
174,4,306,174,18,17,0.84,2,48,363,2845,-1,239,1
175,4,304,177,20,18,0.84,2,49,363,2878,-1,241,1
176,4,304,179,20,18,0.85,2,50,363,2909,-1,242,1
177,4,302,184,20,18,0.85,2,51,363,2942,-1,244,1
178,4,300,186,20,19,0.85,2,52,362,2975,-1,246,1
179,4,298,190,22,20,0.85,2,53,362,3009,-1,247,1
180,4,297,194,22,20,0.85,2,54,362,3043,-1,249,1
181,4,294,199,24,20,0.84,2,55,362,3077,-1,251,1
182,4,294,201,22,22,0.88,2,56,362,3111,-1,252,1
183,4,290,206,24,23,0.86,2,57,362,3145,-1,254,1
184,4,288,209,26,24,0.87,2,58,362,3177,-1,255,1
185,4,284,214,28,27,0.87,2,59,362,3212,-1,256,1
186,4,282,221,28,26,0.86,2,60,361,3246,-1,258,1
187,4,278,225,28,31,0.89,2,61,361,3282,-1,259,1
188,4,274,228,32,34,0.89,2,62,361,3315,-1,260,1
189,4,272,240,32,34,0.89,2,63,361,3352,-1,262,1
190,4,268,247,32,35,0.88,2,64,361,3387,-1,263,1
191,4,262,255,36,40,0.90,2,65,361,3423,-1,265,1
192,4,258,264,38,42,0.88,2,66,361,3457,-1,266,1
193,4,252,279,40,44,0.91,2,67,360,3493,-1,267,1
194,4,248,288,40,48,0.90,2,68,360,3527,-1,268,1
199,5,194,392,64,82,0.92,2,1,360,3741,0,200,1
200,5,184,418,68,91,0.92,2,2,360,3768,9,269,1
217,6,328,124,12,12,0.46,2,1,367,1754,0,200,1
218,6,328,124,12,12,0.46,2,2,367,1773,3,191,1
219,6,328,124,12,12,0.55,2,3,367,1787,3,163,1
220,6,328,125,12,12,0.26,2,4,367,1801,2,156,1
221,6,328,125,12,12,0.66,2,5,367,1809,2,138,1
222,6,328,126,12,12,0.69,2,6,367,1827,2,145,1
223,6,328,126,12,12,0.35,2,7,367,1839,2,141,1
224,6,328,128,12,11,0.66,2,8,368,1859,2,149,1
225,6,328,128,12,11,0.66,2,9,368,1873,2,148,1
226,6,328,129,12,12,0.52,2,10,368,1904,3,167,1
227,6,326,130,12,12,0.72,2,11,368,1937,1,183,1
228,6,326,131,12,12,0.70,2,12,368,1970,1,196,1
229,6,326,131,12,12,0.78,2,13,368,1994,1,200,1
230,6,326,131,12,12,0.78,2,14,368,2013,0,199,1
231,6,326,132,12,12,0.79,2,15,368,2035,0,200,1
232,6,325,133,12,12,0.79,2,16,368,2058,-0,203,1
233,6,325,134,12,12,0.77,2,17,368,2083,-0,206,1
234,6,325,134,12,12,0.78,2,18,368,2103,-0,206,1
235,6,324,136,12,12,0.79,2,19,368,2131,-0,209,1
236,6,324,136,12,12,0.78,2,20,368,2153,-1,210,1
237,6,324,138,12,14,0.80,2,21,367,2192,-1,219,1
238,6,323,138,12,13,0.80,2,22,367,2218,-1,221,1
239,6,322,139,12,14,0.79,2,23,367,2249,-1,225,1
240,6,322,140,12,14,0.77,2,24,367,2278,-1,228,1
241,6,322,141,12,14,0.79,2,25,367,2306,-1,230,1
242,6,320,143,14,13,0.79,2,26,367,2334,-1,232,1
243,6,320,145,14,13,0.79,2,27,367,2364,-1,235,1
244,6,318,145,16,14,0.79,2,28,366,2393,-1,237,1
245,6,319,146,14,14,0.81,2,29,366,2421,-1,238,1
246,6,318,147,16,14,0.82,2,30,366,2447,-1,239,1
247,6,318,149,14,14,0.83,2,31,366,2476,-1,241,1
248,6,316,150,16,14,0.83,2,32,366,2503,-1,241,1
249,6,316,152,16,15,0.83,2,33,365,2534,-1,244,1
250,6,315,154,16,15,0.85,2,34,365,2565,-1,246,1
251,6,314,155,16,16,0.84,2,35,365,2597,-1,248,1
252,6,314,156,16,16,0.82,2,36,365,2626,-1,249,1
253,6,313,159,16,15,0.83,2,37,365,2656,-1,250,1
254,6,312,160,16,16,0.83,2,38,365,2685,-1,252,1
255,6,312,163,16,16,0.83,2,39,364,2716,-1,253,1
256,6,310,165,16,16,0.83,2,40,364,2747,-1,255,1
257,6,309,168,18,17,0.85,2,41,364,2781,-1,257,1
257,7,328,126,12,18,0.55,2,1,371,2041,0,200,1
258,6,308,170,18,17,0.84,2,42,364,2813,-1,258,1
258,7,328,128,12,18,0.19,2,2,371,2065,3,232,1
259,6,307,172,18,18,0.83,2,43,364,2845,-1,260,1
259,7,328,128,12,19,0.55,2,3,372,2099,4,287,1
260,6,306,174,20,18,0.84,2,44,363,2876,-1,261,1
260,7,327,128,12,18,0.56,2,4,372,2119,-1,258,1
261,6,304,178,20,18,0.84,2,45,363,2909,-1,262,1
262,6,303,180,20,18,0.85,2,46,363,2939,-1,263,1
262,8,316,114,12,17,0.42,7,1,331,1524,0,200,1
263,6,302,184,20,19,0.85,2,47,363,2972,-1,265,1
263,7,324,132,14,18,0.66,2,5,372,2207,-4,277,1
263,8,315,114,12,18,0.55,7,2,331,1545,-19,210,1
264,6,300,187,20,20,0.85,2,48,363,3005,-2,266,1
264,7,324,136,12,16,0.52,2,6,371,2250,-5,298,1
264,8,314,114,12,19,0.56,7,3,331,1572,-19,241,1
265,6,296,190,24,21,0.84,2,49,363,3038,-2,268,1
265,7,324,136,12,16,0.53,2,7,371,2274,-5,290,1
265,8,314,114,12,18,0.57,7,4,330,1592,-14,225,1
266,6,297,193,22,22,0.86,2,50,362,3071,-2,269,1
266,7,323,136,14,16,0.74,2,8,370,2290,-5,276,1
266,8,313,115,14,19,0.72,7,5,330,1629,-9,261,1
267,6,294,197,24,23,0.86,2,51,362,3104,-2,270,1
267,7,324,141,12,15,0.13,2,9,370,2332,-4,290,1
267,8,313,115,14,20,0.78,7,6,329,1672,-5,296,1
268,6,292,200,24,25,0.88,2,52,362,3137,-2,271,1
268,7,323,136,14,18,0.66,2,10,370,2348,-4,279,1
268,8,313,115,14,20,0.77,7,7,329,1703,-3,299,1
269,6,290,204,24,27,0.87,2,53,362,3171,-2,273,1
269,7,322,140,16,17,0.63,2,11,369,2377,-3,280,1
269,8,313,115,14,20,0.80,7,8,329,1725,-1,287,1
270,6,288,210,26,27,0.87,2,54,362,3205,-2,274,1
270,7,320,142,16,16,0.60,2,12,369,2404,-3,279,1
270,8,312,116,16,20,0.79,7,9,329,1753,-0,286,1
271,6,284,217,28,28,0.89,2,55,362,3241,-2,275,1
271,7,320,142,16,18,0.23,2,13,369,2435,-3,281,1
271,8,311,116,16,21,0.80,7,10,329,1783,0,288,1
271,9,326,134,12,10,0.45,2,1,367,2041,0,200,1
272,6,281,221,28,30,0.88,2,56,362,3275,-2,277,1
272,7,318,148,16,14,0.67,2,14,369,2468,-4,284,1
272,8,311,116,16,21,0.80,7,11,330,1806,0,282,1
272,9,327,134,10,10,0.48,2,2,367,2059,3,186,1
273,6,278,227,28,34,0.89,2,57,361,3311,-2,278,1
273,7,318,149,16,16,0.70,2,15,368,2507,-3,291,1
273,8,311,116,16,21,0.80,7,12,330,1823,0,272,1
273,9,324,137,12,10,0.11,2,3,367,2091,-13,253,1
274,6,276,233,30,34,0.88,2,58,361,3345,-2,279,1
274,7,318,149,16,16,0.74,2,16,368,2536,-3,291,1
274,8,311,116,16,21,0.80,7,13,330,1837,0,261,1
274,9,325,136,12,11,0.54,2,4,367,2122,-6,270,1
275,6,271,243,32,36,0.89,2,59,361,3381,-2,281,1
275,7,318,150,16,16,0.69,2,17,368,2564,-3,290,1
275,8,311,116,16,22,0.82,7,14,330,1855,1,255,1
275,9,324,136,12,12,0.62,2,5,367,2153,-5,280,1
276,6,267,250,34,38,0.89,2,60,361,3416,-2,282,1
276,7,317,152,16,16,0.71,2,18,368,2592,-3,290,1
276,8,310,116,16,22,0.82,7,15,330,1870,0,247,1
276,9,324,138,12,12,0.38,2,6,366,2194,-4,307,1
277,6,262,261,36,42,0.90,2,61,361,3452,-2,283,1
277,7,316,153,16,17,0.71,2,19,367,2622,-3,290,1
277,8,310,117,16,23,0.82,7,16,330,1896,1,248,1
277,9,324,138,12,13,0.69,2,7,366,2231,-2,316,1
278,6,257,270,38,44,0.90,2,62,361,3486,-2,284,1
278,7,316,156,16,16,0.69,2,20,367,2651,-3,290,1
278,8,310,117,16,23,0.82,7,17,330,1918,1,246,1
278,9,323,138,12,14,0.72,2,8,366,2263,-2,317,1
279,6,250,284,40,48,0.91,2,63,361,3522,-2,285,1
279,7,316,156,16,18,0.58,2,21,367,2681,-3,291,1
279,8,310,117,16,23,0.76,7,18,331,1935,1,242,1
279,9,322,140,12,12,0.19,2,9,366,2285,-3,305,1
280,6,244,294,44,52,0.91,2,64,360,3555,-2,286,1
280,7,314,160,16,16,0.70,2,22,367,2711,-3,291,1
280,8,310,117,16,23,0.75,7,19,331,1950,1,236,1
280,9,324,140,12,13,0.77,2,10,366,2308,-2,297,1
281,6,235,313,48,58,0.91,2,65,360,3590,-2,287,1
281,7,312,163,16,16,0.76,2,23,366,2743,-3,292,1
281,8,308,117,18,24,0.79,7,20,331,1967,1,233,1
281,9,322,141,12,14,0.77,2,11,366,2337,-2,296,1
282,6,226,328,52,63,0.92,2,66,360,3624,-2,288,1
282,7,312,163,16,17,0.72,2,24,366,2771,-3,292,1
282,8,307,117,18,24,0.78,7,21,331,1982,1,229,1
282,9,322,142,12,13,0.77,2,12,366,2359,-2,289,1
283,6,214,352,58,72,0.91,2,67,360,3659,-2,289,1
283,7,312,166,16,18,0.79,2,25,366,2803,-3,293,1
283,8,307,117,18,24,0.79,7,22,331,1995,0,224,1
283,9,321,144,14,14,0.72,2,13,366,2391,-1,292,1
284,6,206,372,60,80,0.92,2,68,360,3693,-1,290,1
284,7,310,168,18,18,0.80,2,26,366,2834,-3,294,1
284,8,308,117,16,25,0.82,7,23,331,2011,0,221,1
284,9,321,144,14,14,0.74,2,14,366,2416,-1,289,1
285,7,308,171,20,18,0.80,2,27,365,2865,-3,294,1
285,8,306,117,18,26,0.82,7,24,331,2029,0,219,1
285,9,321,145,14,14,0.72,2,15,366,2440,-1,285,1
286,7,308,173,20,18,0.78,2,28,365,2895,-3,294,1
286,8,306,118,18,26,0.82,7,25,331,2049,0,219,1
286,9,320,147,14,14,0.79,2,16,366,2468,-1,284,1
287,7,306,176,20,19,0.80,2,29,365,2926,-3,295,1
287,8,305,118,18,26,0.84,7,26,331,2066,0,217,1
287,9,318,148,16,15,0.81,2,17,366,2497,-1,285,1
288,7,306,180,20,18,0.78,2,30,365,2957,-3,295,1
288,8,305,119,18,26,0.84,7,27,331,2085,-0,216,1
288,9,318,150,16,15,0.81,2,18,366,2529,-1,287,1
289,7,304,184,20,18,0.80,2,31,365,2989,-3,296,1
289,8,304,120,18,26,0.84,7,28,331,2106,-0,215,1
289,9,317,152,16,15,0.80,2,19,366,2561,-1,289,1
290,7,304,187,20,18,0.82,2,32,364,3020,-2,297,1
290,8,302,121,20,26,0.85,7,29,331,2127,-0,215,1
290,9,316,153,16,16,0.80,2,20,366,2593,-1,291,1
291,7,300,190,24,20,0.78,2,33,364,3053,-2,297,1
291,8,302,121,20,26,0.85,7,30,331,2146,-0,214,1
291,9,316,154,16,16,0.82,2,21,366,2622,-1,291,1
292,7,300,192,22,21,0.85,2,34,364,3084,-2,298,1
292,8,302,122,20,26,0.84,7,31,331,2166,-0,214,1
292,9,316,156,16,16,0.80,2,22,366,2652,-1,291,1
293,7,298,198,24,21,0.81,2,35,364,3117,-2,299,1
293,8,302,122,20,27,0.85,7,32,331,2187,-0,214,1
293,9,316,158,16,16,0.78,2,23,365,2682,-1,291,1
294,7,298,201,24,22,0.82,2,36,364,3148,-2,299,1
294,8,302,122,20,27,0.85,7,33,331,2205,-0,213,1
294,9,314,160,16,16,0.82,2,24,365,2711,-1,292,1
295,7,294,206,24,23,0.84,2,37,364,3181,-2,300,1
295,8,300,123,20,28,0.85,7,34,330,2228,-0,213,1
295,9,312,162,18,17,0.83,2,25,365,2743,-1,293,1
296,7,292,211,26,23,0.85,2,38,364,3213,-2,301,1
296,8,301,123,20,28,0.85,7,35,330,2247,-0,213,1
296,9,312,163,18,17,0.82,2,26,365,2772,-1,292,1
297,7,290,220,26,22,0.85,2,39,364,3247,-2,302,1
297,8,300,124,20,28,0.84,7,36,330,2268,-0,212,1
297,9,310,166,20,17,0.84,2,27,365,2802,-1,293,1
298,7,288,222,28,24,0.86,2,40,363,3279,-2,302,1
298,8,300,125,20,28,0.83,7,37,330,2288,-0,212,1
298,9,310,168,18,18,0.84,2,28,365,2833,-1,293,1
299,7,284,229,28,27,0.85,2,41,363,3313,-2,303,1
299,8,298,126,22,28,0.83,7,38,330,2310,-0,212,1
299,9,309,170,18,18,0.83,2,29,365,2862,-1,293,1
300,7,284,236,28,26,0.85,2,42,363,3345,-2,303,1
300,8,298,127,20,26,0.81,7,39,330,2326,-1,211,1
300,9,308,173,20,18,0.83,2,30,365,2892,-1,294,1
301,7,278,242,32,31,0.87,2,43,363,3379,-2,304,1
301,8,298,128,20,28,0.81,7,40,330,2348,-1,211,1
301,9,305,176,20,19,0.82,2,31,365,2924,-1,294,1
302,7,275,248,32,32,0.88,2,44,363,3411,-2,304,1
302,8,298,129,20,27,0.80,7,41,330,2368,-1,211,1
302,9,304,178,20,19,0.83,2,32,365,2954,-1,295,1
303,7,270,258,34,37,0.88,2,45,363,3446,-2,306,1
303,8,296,129,22,28,0.83,7,42,330,2388,-1,211,1
303,9,304,183,20,19,0.84,2,33,365,2987,-1,296,1
304,7,266,268,36,38,0.88,2,46,363,3481,-2,306,1
304,8,296,129,22,29,0.83,7,43,330,2408,-0,210,1
304,9,302,186,20,18,0.84,2,34,365,3017,-1,296,1
305,7,260,286,38,38,0.88,2,47,363,3517,-2,308,1
305,8,294,130,24,30,0.86,7,44,329,2430,-0,211,1
305,9,299,189,22,21,0.84,2,35,365,3050,-1,297,1
306,7,256,291,40,45,0.88,2,48,363,3550,-2,308,1
306,8,293,130,24,30,0.85,7,45,329,2450,-1,210,1
306,9,298,190,22,22,0.85,2,36,364,3080,-1,297,1
307,7,245,313,46,46,0.88,2,49,363,3586,-2,309,1
307,8,292,131,24,30,0.85,7,46,329,2470,-1,210,1
307,9,296,196,24,22,0.84,2,37,364,3113,-1,298,1
308,7,240,322,48,54,0.90,2,50,363,3619,-2,310,1
308,8,292,131,24,32,0.87,7,47,329,2492,-1,210,1
308,9,294,201,24,21,0.85,2,38,364,3144,-1,298,1
309,7,228,346,52,61,0.89,2,51,363,3654,-2,310,1
309,8,290,132,24,32,0.86,7,48,329,2513,-1,210,1
309,9,292,203,24,26,0.85,2,39,364,3178,-1,299,1
310,7,218,365,56,67,0.91,2,52,363,3688,-2,311,1
310,8,290,133,24,32,0.85,7,49,329,2535,-1,211,1
310,9,290,209,26,24,0.87,2,40,364,3209,-1,300,1
311,7,204,398,66,78,0.90,2,53,363,3723,-2,312,1
311,8,290,133,24,34,0.86,7,50,329,2557,-1,211,1
311,9,286,214,28,27,0.87,2,41,363,3243,-1,301,1
312,7,194,422,68,89,0.92,2,54,363,3756,-1,312,1
312,8,288,134,26,34,0.86,7,51,329,2579,-1,211,1
312,9,284,218,28,28,0.87,2,42,363,3275,-2,301,1
313,8,287,136,26,34,0.85,7,52,329,2602,-1,211,1
313,9,280,223,30,32,0.90,2,43,363,3309,-2,302,1
314,8,286,136,28,34,0.87,7,53,329,2623,-1,211,1
314,9,280,228,28,34,0.88,2,44,363,3342,-2,303,1
315,8,284,137,28,35,0.87,7,54,329,2645,-1,212,1
315,9,274,236,32,36,0.88,2,45,363,3376,-2,304,1
316,8,284,139,28,35,0.86,7,55,329,2668,-1,212,1
316,9,270,242,34,40,0.88,2,46,363,3410,-2,304,1
317,8,284,138,28,36,0.88,7,56,328,2688,-1,212,1
317,9,265,254,36,41,0.89,2,47,362,3445,-2,305,1
318,8,282,139,28,36,0.88,7,57,328,2708,-1,211,1
318,9,260,260,38,45,0.90,2,48,362,3479,-2,306,1
319,8,282,140,28,38,0.88,7,58,328,2730,-1,212,1
319,9,254,273,40,49,0.89,2,49,362,3513,-2,307,1
320,8,280,141,28,38,0.88,7,59,328,2752,-1,212,1
320,9,248,286,44,50,0.90,2,50,362,3547,-2,308,1
321,8,279,142,30,39,0.88,7,60,328,2773,-1,212,1
321,9,239,300,48,58,0.89,2,51,362,3582,-2,308,1
322,8,278,143,30,39,0.88,7,61,328,2794,-1,212,1
322,9,233,313,50,62,0.91,2,52,361,3615,-2,309,1
323,8,276,144,30,40,0.89,7,62,328,2815,-1,212,1
323,9,222,336,56,70,0.91,2,53,361,3650,-2,310,1
324,8,274,145,32,41,0.89,7,63,328,2837,-1,212,1
324,9,212,352,60,78,0.91,2,54,361,3684,-2,310,1
325,8,273,147,32,41,0.88,7,64,328,2858,-1,212,1
325,9,196,384,68,90,0.91,2,55,361,3719,-2,311,1
326,8,272,148,32,42,0.88,7,65,328,2880,-1,212,1
326,9,182,410,76,102,0.93,2,56,361,3753,-1,312,1
327,8,269,148,34,44,0.89,7,66,328,2901,-1,212,1
328,8,268,151,32,43,0.90,7,67,328,2923,-1,212,1
329,8,266,153,34,44,0.90,7,68,328,2945,-1,212,1
329,10,312,127,12,12,0.36,2,1,331,1866,0,200,1
330,8,264,153,36,46,0.90,7,69,327,2967,-1,212,1
330,10,312,127,12,12,0.36,2,2,331,1885,6,190,1
331,8,263,155,34,46,0.90,7,70,327,2988,-1,212,1
331,10,312,128,12,12,0.27,2,3,332,1903,6,188,1
332,8,261,156,36,48,0.90,7,71,327,3010,-1,212,1
332,10,312,128,12,12,0.32,2,4,332,1917,5,169,1
333,8,258,157,38,50,0.90,7,72,327,3032,-1,212,1
333,10,310,130,12,11,0.54,2,5,332,1935,-1,173,1
334,8,256,159,38,50,0.90,7,73,327,3054,-1,213,1
334,10,310,131,12,11,0.46,2,6,332,1960,-2,187,1
335,8,254,160,40,53,0.91,7,74,327,3076,-1,213,1
335,10,310,132,12,11,0.53,2,7,332,1988,-1,203,1
336,8,252,161,40,54,0.91,7,75,327,3098,-1,213,1
336,10,310,132,12,11,0.53,2,8,332,2007,-1,202,1
337,8,250,164,40,54,0.90,7,76,327,3120,-1,213,1
337,10,310,133,12,11,0.17,2,9,332,2030,0,205,1
338,8,247,166,42,56,0.90,7,77,326,3142,-1,213,1
338,10,308,134,12,12,0.57,2,10,332,2065,-0,222,1
339,8,244,168,44,58,0.91,7,78,326,3164,-1,213,1
339,10,308,134,12,12,0.59,2,11,332,2090,-1,225,1
340,8,242,169,44,60,0.91,7,79,326,3186,-1,213,1
340,10,308,135,12,12,0.44,2,12,332,2116,-0,228,1
341,8,240,173,44,61,0.91,7,80,326,3209,-1,213,1
341,10,307,135,12,12,0.69,2,13,331,2136,-1,225,1
342,8,237,173,48,65,0.91,7,81,326,3231,-1,213,1
342,10,307,135,12,12,0.70,2,14,331,2152,-1,220,1
343,8,233,175,50,68,0.92,7,82,326,3253,-1,214,1
343,10,306,136,12,12,0.63,2,15,331,2170,-1,217,1
344,8,230,176,52,70,0.92,7,83,326,3275,-1,214,1
344,10,306,136,12,12,0.63,2,16,331,2184,-1,212,1
345,8,226,179,54,74,0.92,7,84,326,3298,-1,214,1
345,10,306,136,12,13,0.76,2,17,331,2201,-1,210,1
346,8,222,183,56,78,0.92,7,85,326,3321,-1,214,1
346,10,304,138,12,14,0.68,2,18,331,2230,-1,214,1
347,8,218,184,58,80,0.91,7,86,326,3344,-1,214,1
347,10,304,138,12,13,0.68,2,19,331,2249,-1,213,1
348,8,214,188,60,84,0.92,7,87,325,3367,-1,214,1
348,10,304,139,12,14,0.79,2,20,331,2273,-1,214,1
349,8,208,191,64,88,0.92,7,88,325,3390,-1,215,1
349,10,304,139,12,14,0.79,2,21,330,2293,-1,213,1
350,8,203,195,66,92,0.93,7,89,325,3414,-1,215,1
350,10,304,139,12,14,0.79,2,22,330,2309,-1,211,1
351,8,198,197,70,98,0.92,7,90,325,3437,-1,215,1
351,10,302,140,12,14,0.77,2,23,330,2327,-1,210,1
352,8,192,202,72,102,0.92,7,91,325,3461,-1,215,1
352,10,302,142,12,14,0.73,2,24,330,2349,-1,210,1
353,8,186,206,76,106,0.92,7,92,325,3484,-1,215,1
353,10,300,144,14,14,0.81,2,25,330,2375,-1,212,1
354,8,178,211,80,114,0.93,7,93,325,3508,-1,216,1
354,10,300,144,14,14,0.81,2,26,330,2396,-1,212,1
354,11,427,468,90,66,0.90,2,1,440,3784,0,-200,1
355,8,172,215,84,118,0.93,7,94,325,3531,-1,216,1
355,10,299,145,14,14,0.74,2,27,330,2418,-1,212,1
355,11,422,440,76,85,0.92,2,2,440,3778,-29,-62,1
356,8,161,222,90,127,0.93,7,95,325,3556,-1,216,1
356,10,298,145,16,14,0.83,2,28,329,2437,-1,211,1
356,11,416,406,68,71,0.92,2,3,440,3749,-15,-179,1
357,8,152,226,96,134,0.93,7,96,325,3579,-1,216,1
357,10,298,146,14,14,0.83,2,29,329,2455,-1,211,1
357,11,414,384,60,67,0.92,2,4,439,3724,-9,-203,1
358,8,141,232,102,145,0.93,7,97,325,3603,-1,217,1
358,10,297,147,14,14,0.74,2,30,329,2474,-1,210,1
358,11,409,356,56,62,0.92,2,5,439,3695,-6,-226,1
359,8,132,238,108,154,0.93,7,98,325,3627,-1,217,1
359,10,297,147,14,14,0.74,2,31,329,2491,-1,208,1
359,11,406,340,52,58,0.90,2,6,439,3668,-4,-236,1
360,8,118,245,118,171,0.93,7,99,326,3652,-1,217,1
360,10,294,149,16,14,0.82,2,32,329,2510,-1,208,1
360,11,402,318,48,53,0.91,2,7,439,3637,-3,-249,1
361,8,106,254,124,179,0.92,7,100,326,3676,-0,218,1
361,10,295,150,14,14,0.82,2,33,329,2529,-1,207,1
361,11,399,306,46,50,0.90,2,8,439,3608,-2,-255,1
362,8,88,263,138,199,0.92,7,101,326,3700,-0,218,1
362,10,292,152,16,14,0.77,2,34,329,2551,-2,208,1
362,11,396,290,44,47,0.90,2,9,439,3578,-1,-262,1
363,8,74,270,148,213,0.91,7,102,326,3725,-0,218,1
363,10,292,152,16,14,0.84,2,35,328,2569,-2,207,1
363,11,394,281,44,44,0.90,2,10,439,3549,-0,-265,1
364,8,60,276,156,232,0.94,7,103,326,3748,-0,218,1
364,10,292,152,16,14,0.83,2,36,328,2586,-2,206,1
364,11,392,272,40,41,0.90,2,11,439,3520,-0,-268,1
365,8,42,286,168,248,0.93,7,104,326,3772,-0,218,1
365,10,292,153,16,16,0.85,2,37,328,2606,-2,206,1
365,11,392,263,36,40,0.90,2,12,439,3492,0,-269,1
366,10,290,155,16,15,0.82,2,38,328,2626,-2,205,1
366,11,388,250,36,41,0.90,2,13,439,3463,0,-271,1
367,8,8,310,188,224,0.92,7,105,326,3812,-0,218,1
367,10,291,156,16,15,0.82,2,39,328,2645,-2,205,1
367,11,386,246,36,37,0.90,2,14,439,3435,0,-272,1
368,10,288,158,16,15,0.81,2,40,327,2666,-2,205,1
368,11,384,238,36,34,0.90,2,15,439,3406,0,-273,1
369,10,288,158,16,16,0.83,2,41,327,2686,-2,205,1
369,11,384,232,32,32,0.90,2,16,439,3377,1,-274,1
370,10,286,160,16,16,0.84,2,42,327,2707,-2,205,1
370,11,380,223,32,32,0.89,2,17,439,3348,0,-276,1
371,10,286,161,16,16,0.84,2,43,327,2727,-2,205,1
371,11,380,220,30,30,0.89,2,18,440,3319,0,-276,1
372,10,284,162,18,17,0.83,2,44,327,2748,-2,205,1
372,11,380,214,28,28,0.88,2,19,440,3290,0,-277,1
373,10,284,163,18,17,0.83,2,45,326,2768,-2,205,1
373,11,378,210,28,28,0.88,2,20,440,3261,0,-278,1
374,10,282,166,18,17,0.82,2,46,326,2790,-2,205,1
374,11,377,203,26,28,0.87,2,21,440,3232,0,-279,1
375,10,280,165,20,18,0.84,2,47,326,2810,-2,205,1
375,11,378,200,24,26,0.88,2,22,440,3203,0,-279,1
376,10,280,168,18,18,0.85,2,48,326,2831,-1,205,1
376,11,376,194,24,26,0.87,2,23,440,3173,0,-280,1
377,10,278,170,20,17,0.84,2,49,326,2852,-1,205,1
377,11,374,193,24,24,0.87,2,24,440,3144,0,-281,1
377,12,314,120,12,16,0.39,2,1,333,1749,0,200,1
378,10,276,173,20,17,0.84,2,50,326,2873,-1,206,1
378,11,372,189,24,22,0.88,2,25,440,3114,0,-281,1
378,12,312,118,16,18,0.61,2,2,333,1768,5,191,1
379,10,276,175,18,16,0.84,2,51,325,2894,-2,206,1
379,11,372,187,24,22,0.88,2,26,440,3085,0,-282,1
379,12,312,120,14,18,0.60,2,3,333,1794,-3,225,1
380,10,274,175,20,18,0.85,2,52,325,2915,-2,206,1
380,11,370,183,24,22,0.87,2,27,440,3056,0,-282,1
380,12,312,118,16,19,0.60,2,4,333,1810,3,202,1
381,10,273,177,20,18,0.84,2,53,325,2935,-2,206,1
381,11,370,180,24,22,0.85,2,28,440,3027,0,-283,1
381,12,312,119,14,19,0.65,2,5,333,1830,1,201,1
382,10,271,180,20,18,0.85,2,54,325,2956,-2,206,1
382,11,370,176,22,22,0.86,2,29,440,2998,0,-283,1
382,12,310,119,16,19,0.57,2,6,333,1842,-1,187,1
383,10,270,179,20,21,0.87,2,55,325,2978,-2,206,1
383,11,370,174,20,21,0.83,2,30,440,2969,0,-283,1
383,12,312,121,12,17,0.55,2,7,333,1850,-2,169,1
384,10,268,184,20,20,0.86,2,56,325,3000,-1,206,1
384,11,370,171,20,21,0.86,2,31,440,2940,0,-284,1
384,12,311,120,14,19,0.58,2,8,332,1867,-2,168,1
385,10,268,186,20,19,0.86,2,57,325,3021,-1,206,1
385,11,368,170,22,21,0.86,2,32,440,2911,0,-284,1
385,12,310,122,12,18,0.44,2,9,332,1890,-3,176,1
386,10,264,188,24,22,0.85,2,58,324,3045,-1,207,1
386,11,368,167,20,20,0.85,2,33,440,2882,0,-284,1
386,12,310,124,12,16,0.45,2,10,332,1906,-4,174,1
387,10,262,188,24,24,0.85,2,59,324,3067,-1,207,1
387,11,367,164,20,20,0.87,2,34,440,2853,0,-284,1
387,12,310,120,14,20,0.50,2,11,332,1918,-3,169,1
388,10,260,191,24,23,0.86,2,60,324,3089,-1,207,1
388,11,366,162,20,19,0.86,2,35,440,2823,-0,-284,1
388,12,309,120,14,20,0.48,2,12,331,1927,-4,161,1
389,10,260,192,24,24,0.88,2,61,324,3109,-1,207,1
389,11,366,161,20,19,0.85,2,36,440,2794,-0,-285,1
389,12,310,117,16,24,0.49,2,13,331,1942,-2,161,1
390,10,256,194,26,27,0.87,2,62,324,3132,-1,208,1
390,11,366,158,20,19,0.85,2,37,440,2765,-0,-285,1
390,12,308,117,18,26,0.62,2,14,331,1969,-2,169,1
391,10,256,198,24,26,0.86,2,63,324,3153,-1,208,1
391,11,366,157,18,18,0.85,2,38,440,2736,-0,-285,1
391,12,308,116,18,26,0.53,2,15,331,1983,-1,167,1
392,10,252,200,26,28,0.88,2,64,324,3176,-1,208,1
392,11,365,154,18,18,0.84,2,39,440,2707,-0,-285,1
392,12,308,117,16,26,0.57,2,16,331,2001,-1,168,1
393,10,250,203,28,28,0.88,2,65,324,3198,-1,208,1
393,11,365,154,18,17,0.84,2,40,440,2678,-0,-285,1
393,12,308,117,16,26,0.62,2,17,331,2015,-1,166,1
394,10,247,208,28,28,0.89,2,66,324,3220,-1,208,1
394,11,366,152,16,17,0.85,2,41,440,2648,0,-286,1
394,12,308,131,12,13,0.43,2,18,331,2033,-1,167,1
395,10,244,209,28,31,0.89,2,67,324,3242,-1,209,1
395,11,364,151,16,16,0.84,2,42,440,2619,-0,-286,1
395,12,306,125,16,20,0.42,2,19,331,2053,-1,169,1
396,10,240,214,30,32,0.88,2,68,324,3266,-1,209,1
396,11,364,149,16,16,0.82,2,43,440,2590,-0,-286,1
396,12,306,131,14,14,0.53,2,20,331,2069,-2,168,1
397,10,237,218,30,32,0.89,2,69,324,3289,-1,209,1
397,11,364,148,16,17,0.82,2,44,440,2561,-0,-286,1
397,12,306,129,14,17,0.58,2,21,331,2088,-2,169,1
398,10,232,222,32,34,0.90,2,70,324,3312,-1,210,1
398,11,364,146,16,17,0.82,2,45,440,2532,-0,-286,1
398,12,306,127,16,19,0.62,2,22,330,2104,-2,169,1
399,10,230,224,32,36,0.90,2,71,324,3335,-1,210,1
399,11,364,146,16,16,0.82,2,46,440,2503,0,-286,1
399,12,305,128,16,20,0.53,2,23,330,2126,-1,171,1
400,10,226,231,32,38,0.89,2,72,324,3359,-1,210,1
400,11,363,145,16,16,0.84,2,47,440,2475,0,-286,1
400,12,304,130,16,19,0.61,2,24,330,2149,-1,174,1
401,10,221,234,36,40,0.90,2,73,324,3382,-1,211,1
401,11,362,143,16,16,0.82,2,48,440,2446,-0,-286,1
401,12,304,132,16,18,0.66,2,25,330,2173,-1,177,1
402,10,215,242,38,40,0.90,2,74,324,3406,-1,211,1
402,11,362,142,16,16,0.79,2,49,440,2417,-0,-286,1
402,12,303,124,18,26,0.53,2,26,330,2193,-1,178,1
403,10,212,248,36,41,0.90,2,75,324,3430,-1,212,1
403,11,362,141,16,16,0.77,2,50,440,2388,0,-286,1
403,12,304,125,16,26,0.49,2,27,330,2215,-1,179,1
404,10,206,254,40,44,0.91,2,76,324,3454,-1,212,1
404,11,361,140,16,16,0.53,2,51,440,2360,-0,-286,1
404,12,302,126,18,26,0.61,2,28,330,2236,-1,180,1
405,10,200,260,42,45,0.90,2,77,324,3477,-1,212,1
405,11,361,140,16,16,0.55,2,52,440,2332,-0,-286,1
405,12,301,127,18,25,0.66,2,29,330,2255,-1,181,1
406,10,192,266,46,52,0.91,2,78,324,3501,-1,213,1
406,11,362,138,14,15,0.75,2,53,440,2303,-0,-286,1
406,12,301,128,18,26,0.72,2,30,330,2278,-1,182,1
407,10,186,273,48,53,0.91,2,79,324,3524,-1,213,1
407,11,362,138,14,14,0.75,2,54,440,2274,0,-286,1
407,12,300,128,20,26,0.72,2,31,330,2298,-1,183,1
408,10,179,284,48,54,0.90,2,80,324,3548,-1,213,1
408,11,361,136,14,14,0.76,2,55,440,2246,0,-286,1
408,12,298,129,20,26,0.70,2,32,330,2318,-1,184,1
409,10,171,292,52,58,0.90,2,81,324,3571,-1,213,1
409,11,361,136,14,14,0.76,2,56,440,2217,0,-286,1
409,12,298,129,20,27,0.68,2,33,330,2339,-1,184,1
410,10,160,306,56,61,0.92,2,82,324,3595,-1,214,1
410,11,362,134,12,14,0.69,2,57,440,2188,0,-286,1
410,12,297,130,20,26,0.54,2,34,330,2357,-1,184,1
411,10,154,314,56,65,0.91,2,83,324,3619,-1,214,1
411,11,362,134,12,14,0.69,2,58,440,2160,0,-286,1
411,12,297,130,20,28,0.59,2,35,330,2378,-1,185,1
412,10,140,330,62,70,0.92,2,84,324,3643,-1,214,1
412,11,362,133,12,14,0.74,2,59,440,2131,0,-286,1
412,12,296,131,20,28,0.56,2,36,330,2400,-1,186,1
413,10,132,342,64,74,0.92,2,85,324,3667,-1,215,1
413,11,360,132,12,13,0.72,2,60,440,2102,0,-286,1
413,12,296,131,20,28,0.58,2,37,329,2418,-1,186,1
414,10,116,360,70,81,0.92,2,86,324,3691,-1,215,1
414,11,360,131,12,13,0.76,2,61,440,2073,0,-286,1
414,12,296,132,20,30,0.64,2,38,329,2442,-1,187,1
415,10,104,374,76,86,0.92,2,87,324,3714,-1,215,1
415,11,360,131,12,13,0.77,2,62,440,2045,0,-286,1
415,12,296,133,20,30,0.62,2,39,329,2465,-1,188,1
416,10,86,396,80,96,0.92,2,88,324,3738,-1,216,1
416,11,360,131,12,13,0.63,2,63,440,2016,0,-286,1
416,12,294,133,20,29,0.60,2,40,329,2484,-1,188,1
417,10,70,414,88,103,0.92,2,89,324,3761,-1,216,1
417,11,360,131,12,13,0.64,2,64,440,1988,0,-286,1
417,12,293,133,22,31,0.66,2,41,329,2504,-1,189,1
418,11,359,129,12,13,0.69,2,65,440,1960,0,-286,1
418,12,292,135,22,30,0.46,2,42,329,2524,-1,189,1
419,11,359,130,12,12,0.55,2,66,440,1932,0,-286,1
419,12,292,135,22,31,0.64,2,43,329,2544,-1,189,1
420,11,358,129,12,12,0.49,2,67,440,1904,-0,-286,1
420,12,290,136,24,32,0.80,2,44,329,2566,-1,190,1
421,11,358,129,12,12,0.49,2,68,440,1876,-0,-286,1
421,12,290,136,24,32,0.82,7,45,329,2585,-1,190,1
422,11,358,128,12,12,0.11,2,69,440,1848,-0,-286,1
422,12,288,138,24,33,0.60,7,46,329,2608,-1,191,1
423,11,357,126,12,12,0.45,2,70,440,1819,-0,-286,1
423,12,288,138,24,34,0.81,7,47,329,2629,-1,191,1
424,11,357,126,12,12,0.44,2,71,440,1791,-0,-286,1
424,12,287,138,24,34,0.83,7,48,329,2649,-1,191,1
425,11,356,126,12,12,0.22,2,72,440,1763,-0,-286,1
425,12,286,138,24,35,0.84,7,49,329,2668,-1,191,1
426,11,356,124,12,12,0.36,2,73,440,1735,-0,-286,1
426,12,286,140,24,35,0.87,7,50,329,2688,-1,192,1
427,11,356,124,12,12,0.35,2,74,440,1707,-0,-285,1
427,12,284,141,26,36,0.87,7,51,329,2709,-1,192,1
428,11,357,124,10,11,0.12,2,75,440,1679,-0,-285,1
428,12,284,142,24,36,0.88,7,52,329,2729,-1,192,1
429,12,282,144,26,36,0.88,7,53,329,2750,-1,193,1
430,12,280,144,28,37,0.89,7,54,329,2770,-1,193,1
431,12,280,146,28,38,0.88,7,55,329,2792,-1,193,1
432,12,279,146,28,38,0.88,7,56,329,2812,-1,193,1
433,12,278,148,28,40,0.88,7,57,329,2834,-1,194,1
434,12,276,148,28,40,0.88,7,58,329,2854,-1,194,1
435,12,274,152,30,40,0.88,7,59,329,2877,-1,194,1
436,12,273,152,30,42,0.88,7,60,329,2899,-1,195,1
437,12,270,154,32,42,0.89,7,61,329,2921,-1,195,1
438,12,271,155,30,43,0.89,7,62,328,2943,-1,196,1
439,12,268,156,32,44,0.89,7,63,328,2964,-1,196,1
440,12,268,158,32,44,0.89,7,64,328,2985,-1,196,1
441,12,266,159,32,46,0.90,7,65,328,3007,-1,197,1
442,12,264,160,34,48,0.90,7,66,328,3028,-1,197,1
443,12,262,162,34,50,0.89,7,67,328,3051,-1,197,1
444,12,260,164,36,50,0.90,7,68,328,3072,-1,198,1
445,12,258,166,36,51,0.90,7,69,328,3094,-1,198,1
445,13,513,450,76,75,0.92,2,1,465,3778,0,-200,1
446,12,257,167,36,52,0.90,7,70,328,3115,-1,198,1
446,13,502,424,72,68,0.92,2,2,465,3755,6,-234,1
447,12,254,171,36,53,0.90,7,71,328,3137,-1,198,1
447,13,488,390,64,61,0.92,2,3,466,3722,3,-280,1
448,12,252,172,38,55,0.90,7,72,328,3159,-1,199,1
448,13,480,371,58,56,0.91,2,4,466,3695,2,-278,1
449,12,248,174,40,57,0.91,7,73,328,3181,-1,199,1
449,13,468,345,52,52,0.91,2,5,466,3664,0,-287,1
450,12,246,176,40,60,0.90,7,74,328,3203,-1,199,1
450,13,462,330,48,48,0.90,2,6,466,3635,0,-288,1
451,12,244,180,40,61,0.91,7,75,328,3226,-1,200,1
451,13,452,312,48,44,0.91,2,7,466,3603,-0,-293,1
452,12,241,182,42,62,0.90,7,76,328,3248,-1,200,1
452,13,448,300,44,42,0.90,2,8,466,3574,0,-293,1
453,12,237,184,44,66,0.91,7,77,328,3271,-1,200,1
453,13,440,285,42,38,0.89,2,9,466,3542,-0,-296,1
454,12,232,187,48,70,0.92,7,78,328,3294,-1,201,1
454,13,435,272,38,36,0.90,2,10,466,3510,-0,-299,1
455,12,229,190,48,72,0.91,7,79,329,3317,-1,201,1
455,13,432,264,36,34,0.90,2,11,466,3479,-0,-300,1
456,12,224,194,48,75,0.91,7,80,329,3341,-1,202,1
456,13,426,254,36,30,0.88,2,12,466,3447,-0,-303,1
457,12,220,197,52,77,0.92,7,81,329,3364,-1,202,1
457,13,424,246,32,30,0.88,2,13,466,3415,-0,-304,1
458,12,214,202,56,82,0.91,7,82,329,3388,-1,202,1
458,13,418,237,32,29,0.87,2,14,466,3384,-1,-305,1
459,12,210,206,56,82,0.92,7,83,329,3411,-0,203,1
459,13,416,232,32,29,0.88,2,15,466,3353,-1,-305,1
460,12,203,211,60,88,0.92,7,84,329,3435,-0,203,1
460,13,414,225,28,27,0.88,2,16,466,3322,-1,-306,1
461,12,198,215,62,91,0.92,7,85,329,3458,-0,204,1
461,13,412,222,28,25,0.86,2,17,466,3291,-0,-306,1
462,12,192,222,64,96,0.92,7,86,329,3483,-0,204,1
462,13,406,213,28,26,0.86,2,18,466,3260,-1,-306,1
463,12,186,224,68,102,0.92,7,87,329,3506,-0,205,1
463,13,404,209,28,24,0.87,2,19,466,3229,-1,-306,1
464,12,176,230,74,108,0.92,7,88,329,3530,-0,205,1
464,13,405,204,24,23,0.87,2,20,466,3198,-1,-307,1
465,12,169,236,78,114,0.92,7,89,329,3554,-0,205,1
465,13,403,202,24,22,0.87,2,21,466,3167,-1,-307,1
466,12,158,243,84,123,0.93,7,90,329,3578,-0,206,1
466,13,400,197,24,22,0.83,2,22,466,3137,-1,-307,1
467,12,150,250,88,128,0.93,7,91,329,3601,-0,206,1
467,13,398,193,24,21,0.85,2,23,466,3106,-1,-307,1
468,12,138,260,92,139,0.93,7,92,329,3626,-0,207,1
468,13,396,189,24,21,0.85,2,24,466,3075,-1,-307,1
469,12,127,266,98,148,0.93,7,93,329,3650,-0,207,1
469,13,396,186,24,21,0.86,2,25,466,3044,-1,-307,1
470,12,110,277,108,162,0.94,7,94,329,3674,-0,207,1
470,13,396,182,20,20,0.84,2,26,466,3013,-1,-307,1
471,12,99,286,114,172,0.93,7,95,329,3698,-0,208,1
471,13,394,179,20,21,0.83,2,27,466,2983,-0,-307,1
472,12,79,302,124,187,0.92,7,96,329,3722,-0,208,1
472,13,391,176,22,19,0.84,2,28,466,2952,-0,-307,1
473,12,63,314,132,198,0.92,7,97,329,3746,-0,208,1
473,13,390,175,22,19,0.84,2,29,466,2922,-0,-307,1
474,12,40,332,144,202,0.92,7,98,330,3769,-0,209,1
474,13,390,172,20,19,0.80,2,30,466,2891,-0,-307,1
475,13,390,169,20,19,0.80,2,31,466,2861,-0,-307,1
476,13,388,166,20,18,0.80,2,32,466,2830,-0,-307,1
477,13,386,163,20,19,0.80,2,33,466,2799,-0,-307,1
478,13,386,162,20,18,0.81,2,34,466,2769,-0,-307,1
479,13,384,160,20,20,0.80,2,35,466,2739,-0,-306,1
480,13,384,158,18,18,0.82,2,36,466,2708,-0,-306,1
481,13,382,156,20,18,0.82,2,37,466,2678,-0,-306,1
482,13,383,156,18,18,0.82,2,38,466,2649,-0,-306,1
483,13,382,153,18,16,0.83,2,39,466,2618,-0,-306,1
484,13,381,151,18,17,0.84,2,40,466,2587,-0,-306,1
485,13,380,150,18,18,0.78,2,41,466,2558,-0,-306,1
486,13,380,149,16,16,0.74,2,42,466,2527,-0,-306,1
487,13,380,149,16,16,0.78,2,43,466,2498,-0,-305,1
488,13,378,146,18,17,0.74,2,44,466,2468,-0,-305,1
489,13,378,145,16,16,0.79,2,45,466,2438,-0,-305,1
490,13,378,144,16,16,0.77,2,46,466,2408,0,-305,1
491,13,376,143,16,15,0.69,2,47,466,2378,-0,-305,1
492,13,376,142,16,15,0.73,2,48,466,2348,-0,-305,1
493,13,376,141,16,15,0.74,2,49,466,2318,0,-304,1
494,13,374,140,16,14,0.71,2,50,466,2288,-0,-304,1
495,13,374,140,16,14,0.69,2,51,466,2259,-0,-304,1
496,13,374,139,16,14,0.78,2,52,466,2229,-0,-304,1
497,13,374,138,14,14,0.79,2,53,466,2200,-0,-304,1
498,13,374,137,14,13,0.75,2,54,466,2170,0,-304,1
499,13,374,136,14,13,0.77,2,55,466,2140,0,-304,1
500,13,373,135,14,13,0.74,2,56,466,2111,0,-303,1
501,13,373,135,14,13,0.62,2,57,466,2081,0,-303,1
502,13,372,133,12,14,0.74,2,58,466,2052,0,-303,1
503,13,371,133,14,13,0.56,2,59,466,2023,0,-303,1
504,13,372,132,12,14,0.25,2,60,466,1994,0,-303,1
505,13,372,132,12,14,0.25,2,61,466,1965,0,-302,1
506,13,370,130,12,14,0.54,2,62,466,1936,-0,-302,1
507,13,370,129,12,14,0.49,2,63,466,1907,-0,-302,1
508,13,370,129,12,12,0.58,2,64,466,1878,-0,-302,1
509,13,370,128,12,13,0.58,2,65,466,1848,-0,-302,1
510,13,370,128,12,13,0.34,2,66,466,1819,-0,-301,1
511,13,370,128,12,13,0.35,2,67,466,1791,-0,-301,1
512,13,369,126,12,13,0.52,2,68,466,1762,-0,-301,1
513,13,369,127,12,12,0.23,2,69,466,1733,-0,-301,1
515,13,368,127,12,12,0.12,2,70,466,1674,-0,-301,1
554,14,324,132,12,12,0.49,2,1,363,2040,0,200,1
559,14,322,136,12,12,0.61,2,4,363,2161,-2,242,1
560,14,322,136,12,12,0.61,2,5,363,2175,-2,225,1
562,14,322,138,12,12,0.66,2,6,362,2217,-2,221,1
563,14,321,138,12,14,0.73,2,7,362,2248,-2,231,1
564,14,321,138,12,14,0.74,2,8,362,2269,-1,229,1
565,14,321,140,12,14,0.72,2,9,362,2298,-1,234,1
566,14,320,140,12,14,0.74,2,10,362,2319,-1,232,1
567,14,320,142,12,14,0.77,2,11,362,2346,-1,235,1
568,14,320,142,12,14,0.80,2,12,362,2367,-1,234,1
569,14,318,144,14,14,0.81,2,13,362,2393,-1,235,1
570,14,318,144,14,14,0.81,2,14,362,2414,-1,233,1
571,14,317,147,14,14,0.81,2,15,362,2443,-1,237,1
572,14,317,148,14,14,0.82,2,16,362,2470,-1,238,1
573,14,316,149,14,15,0.78,2,17,362,2499,-1,241,1
574,14,318,150,12,14,0.81,2,18,361,2522,-1,241,1
575,14,314,151,16,15,0.82,2,19,361,2548,-1,242,1
576,14,316,153,14,14,0.80,2,20,361,2573,-1,242,1
577,14,312,155,16,16,0.81,2,21,361,2605,-1,245,1
578,14,312,155,16,16,0.81,2,22,361,2631,-1,246,1
579,14,312,158,16,16,0.81,2,23,361,2660,-1,248,1
580,14,311,159,16,16,0.82,2,24,361,2687,-1,249,1
581,14,310,160,16,17,0.83,2,25,361,2715,-1,250,1
582,14,310,162,16,16,0.83,2,26,361,2740,-1,250,1
583,14,309,163,16,18,0.83,2,27,361,2767,-1,251,1
584,14,308,164,16,19,0.83,2,28,361,2794,-1,251,1
585,14,308,168,16,18,0.84,2,29,361,2822,-1,252,1
586,14,306,169,16,19,0.83,2,30,360,2850,-1,253,1
587,14,306,171,16,20,0.84,2,31,360,2878,-1,254,1
588,14,303,173,18,21,0.82,2,32,360,2907,-1,255,1
589,14,302,176,18,21,0.84,2,33,360,2936,-1,256,1
590,14,300,178,20,21,0.85,2,34,360,2964,-1,257,1
591,14,298,181,20,22,0.85,2,35,360,2993,-1,257,1
592,14,298,183,20,23,0.86,2,36,360,3021,-1,258,1
593,14,296,187,20,24,0.86,2,37,360,3051,-1,259,1
594,14,294,190,20,24,0.86,2,38,359,3080,-1,260,1
595,14,292,193,22,25,0.86,2,39,359,3109,-1,261,1
596,14,292,196,20,25,0.86,2,40,359,3137,-1,261,1
597,14,288,198,24,29,0.87,2,41,359,3166,-1,262,1
598,14,286,197,24,34,0.88,2,42,359,3194,-1,262,1
599,14,284,203,24,36,0.86,2,43,359,3225,-1,263,1
600,14,280,211,26,32,0.87,2,44,358,3255,-2,264,1
601,14,276,216,28,34,0.88,2,45,358,3285,-2,265,1
602,14,275,221,28,35,0.88,2,46,358,3314,-2,266,1
603,14,272,224,28,42,0.88,2,47,358,3346,-2,267,1
604,14,268,228,30,44,0.88,2,48,358,3375,-2,267,1
605,14,263,234,32,49,0.88,2,49,358,3406,-2,268,1
606,14,260,243,32,47,0.88,2,50,357,3435,-2,268,1
607,14,254,254,36,51,0.90,2,51,357,3466,-2,269,1
608,14,249,259,38,54,0.89,2,52,357,3496,-2,270,1
609,14,242,274,40,56,0.89,2,53,357,3527,-2,270,1
610,14,237,282,42,61,0.90,2,54,357,3557,-2,271,1
611,14,228,295,48,70,0.90,2,55,356,3588,-2,272,1
612,14,222,310,48,70,0.90,2,56,356,3618,-2,272,1
613,14,210,331,54,76,0.91,2,57,356,3649,-2,273,1
614,14,202,342,56,88,0.90,2,58,356,3680,-2,274,1
615,14,186,368,64,98,0.91,2,59,356,3711,-2,274,1
616,14,177,393,66,103,0.92,2,60,356,3741,-2,275,1
644,15,314,122,12,13,0.41,2,1,331,1707,0,200,1
645,15,314,123,12,12,0.58,2,2,331,1726,5,192,1
646,15,314,123,12,12,0.59,2,3,331,1740,5,166,1
647,15,312,124,12,12,0.53,2,4,332,1755,-6,160,1
648,15,312,124,12,13,0.64,2,5,331,1777,-6,174,1
649,15,312,124,12,13,0.70,2,6,331,1792,-6,170,1
650,15,312,125,12,13,0.71,2,7,331,1816,-4,181,1
651,15,312,125,12,13,0.71,2,8,330,1832,-3,178,1
652,15,312,125,12,13,0.56,2,9,330,1843,-2,170,1
653,15,312,126,12,12,0.57,2,10,330,1852,-2,161,1
654,15,312,128,10,10,0.71,2,11,330,1858,-2,151,1
655,15,310,129,12,12,0.65,2,12,330,1890,-2,166,1
656,15,310,129,12,12,0.66,2,13,330,1914,-2,173,1
657,15,310,129,12,12,0.75,2,14,330,1933,-2,173,1
658,15,311,131,10,12,0.72,2,15,330,1962,-1,182,1
659,15,310,131,12,12,0.80,2,16,330,1985,-1,186,1
660,15,310,131,12,12,0.80,2,17,330,2004,-1,186,1
661,15,309,133,12,12,0.75,2,18,330,2031,-1,191,1
662,15,309,133,12,11,0.79,2,19,330,2048,-1,189,1
663,15,308,134,12,12,0.81,2,20,330,2072,-1,192,1
664,15,308,134,12,12,0.75,2,21,330,2093,-0,193,1
665,15,307,135,12,12,0.80,2,22,330,2114,-1,194,1
666,15,307,135,12,12,0.79,2,23,330,2133,-1,193,1
667,15,306,136,12,12,0.77,2,24,330,2152,-1,194,1
668,15,306,138,12,12,0.78,2,25,330,2178,-1,196,1
669,15,306,138,12,12,0.82,2,26,330,2199,-1,197,1
670,15,304,138,12,13,0.81,2,27,330,2221,-1,198,1
671,15,304,139,12,13,0.82,2,28,330,2244,-1,199,1
672,15,304,139,12,13,0.82,2,29,330,2263,-1,199,1
673,15,304,140,12,12,0.80,2,30,330,2280,-1,198,1
674,15,304,141,12,12,0.78,2,31,330,2298,-1,197,1
675,15,302,142,12,12,0.82,2,32,330,2317,-1,197,1
676,15,302,143,12,12,0.83,2,33,330,2336,-1,197,1
677,15,300,144,14,13,0.84,2,34,329,2358,-1,197,1
678,15,300,144,14,13,0.83,2,35,329,2378,-1,197,1
679,15,298,146,16,14,0.84,2,36,329,2403,-1,199,1
680,15,299,146,14,13,0.85,2,37,329,2423,-1,199,1
681,15,298,148,14,13,0.83,2,38,329,2445,-1,199,1
682,15,296,148,16,13,0.82,2,39,329,2464,-1,199,1
683,15,296,150,16,13,0.83,2,40,329,2486,-1,200,1
684,15,294,151,16,13,0.84,2,41,329,2507,-1,200,1
685,15,294,153,16,13,0.85,2,42,329,2530,-1,201,1
686,15,294,154,16,14,0.86,2,43,329,2555,-1,202,1
687,15,292,155,16,14,0.86,2,44,329,2578,-1,203,1
687,16,329,123,12,14,0.34,2,1,370,1795,0,200,1
688,15,292,156,16,14,0.85,2,45,329,2601,-1,203,1
688,16,328,124,12,14,0.17,2,2,370,1816,-19,209,1
689,15,290,157,16,14,0.82,2,46,328,2623,-1,204,1
689,16,328,125,12,14,0.42,2,3,370,1843,-10,239,1
690,15,289,159,16,14,0.83,2,47,328,2646,-1,204,1
690,16,328,126,12,14,0.44,2,4,369,1878,-6,279,1
691,15,288,160,16,14,0.85,2,48,328,2668,-1,204,1
692,15,286,161,16,15,0.85,2,49,328,2691,-1,205,1
692,16,328,128,12,14,0.13,2,5,369,1955,-1,319,1
693,15,286,163,16,16,0.84,2,50,328,2716,-1,206,1
693,16,327,130,12,12,0.61,2,6,369,1982,-2,313,1
694,15,284,164,16,16,0.84,2,51,328,2740,-1,207,1
694,16,326,131,12,12,0.51,2,7,369,2012,-3,310,1
695,15,282,168,18,15,0.85,2,52,328,2766,-1,208,1
695,16,326,132,12,12,0.65,2,8,369,2042,-3,309,1
696,15,281,168,18,16,0.85,2,53,328,2790,-1,208,1
696,16,326,132,12,12,0.65,2,9,369,2063,-3,299,1
697,15,279,170,18,16,0.84,2,54,327,2814,-1,209,1
697,16,326,133,12,12,0.71,2,10,368,2087,-3,292,1
698,15,278,172,18,16,0.85,2,55,327,2838,-1,209,1
698,16,325,133,12,13,0.57,2,11,368,2112,-3,289,1
699,15,277,174,18,16,0.86,2,56,327,2862,-1,210,1
699,16,325,135,12,12,0.71,2,12,368,2139,-3,287,1
700,15,274,177,20,16,0.86,2,57,327,2887,-1,211,1
700,16,325,135,12,13,0.73,2,13,368,2165,-3,285,1
701,15,272,178,20,17,0.85,2,58,327,2911,-1,211,1
701,16,324,136,12,13,0.73,2,14,368,2192,-3,284,1
702,15,271,181,20,18,0.86,2,59,326,2937,-1,212,1
702,16,324,137,12,14,0.77,2,15,367,2225,-3,287,1
703,15,270,184,20,18,0.86,2,60,326,2963,-1,213,1
703,16,323,138,14,14,0.75,2,16,367,2256,-2,288,1
704,15,268,185,20,19,0.87,2,61,326,2988,-1,214,1
704,16,324,138,12,14,0.76,2,17,367,2281,-2,286,1
705,15,266,190,20,18,0.85,2,62,326,3015,-1,214,1
705,16,322,139,14,15,0.68,2,18,367,2310,-2,286,1
705,17,316,117,12,11,0.41,2,1,327,1366,0,200,1
706,15,264,191,20,20,0.85,2,63,326,3041,-1,215,1
706,16,322,140,14,14,0.78,2,19,367,2334,-2,284,1
706,17,316,117,12,12,0.53,2,2,327,1387,5,209,1
707,15,260,194,24,20,0.88,2,64,326,3066,-1,216,1
707,16,322,141,14,15,0.77,2,20,367,2362,-2,283,1
707,17,316,118,12,12,0.46,2,3,327,1415,7,241,1
708,15,258,196,24,21,0.87,2,65,325,3091,-1,216,1
708,16,321,142,14,15,0.76,2,21,367,2388,-2,283,1
709,15,256,201,24,22,0.87,2,66,325,3119,-1,217,1
709,16,320,144,16,15,0.78,2,22,367,2418,-2,283,1
709,17,316,118,12,13,0.47,2,4,327,1481,8,287,1
710,15,254,203,24,23,0.87,2,67,325,3145,-1,218,1
710,16,320,145,14,16,0.71,2,23,366,2449,-2,284,1
710,17,316,118,12,13,0.74,2,5,328,1514,8,296,1
711,15,248,208,28,24,0.88,2,68,325,3173,-1,219,1
711,16,320,147,14,15,0.80,2,24,366,2478,-2,285,1
711,17,316,118,12,13,0.78,2,6,328,1538,8,286,1
712,15,248,211,26,24,0.88,2,69,325,3199,-1,220,1
712,16,318,148,16,16,0.81,2,25,366,2509,-2,286,1
712,17,316,118,12,13,0.78,2,7,328,1554,8,268,1
713,15,243,216,28,26,0.87,2,70,325,3227,-1,220,1
713,16,318,149,16,16,0.82,2,26,366,2538,-2,286,1
713,17,315,118,12,14,0.64,2,8,329,1578,6,265,1
714,15,241,221,28,26,0.87,2,71,325,3254,-1,221,1
714,16,318,150,16,16,0.82,2,27,366,2565,-2,285,1
714,17,315,118,12,14,0.61,2,9,329,1596,5,255,1
715,15,236,226,28,28,0.89,2,72,325,3283,-1,222,1
715,16,316,152,16,16,0.84,2,28,366,2593,-2,285,1
715,17,315,119,12,13,0.79,2,10,330,1609,5,243,1
716,15,232,229,32,30,0.88,2,73,324,3310,-1,223,1
716,16,317,153,16,16,0.84,2,29,366,2619,-1,284,1
716,17,314,119,12,14,0.77,2,11,330,1630,4,240,1
717,15,226,236,32,32,0.90,2,74,324,3339,-1,224,1
717,16,316,154,16,18,0.83,2,30,366,2649,-1,285,1
717,17,314,119,12,15,0.80,2,12,330,1656,4,242,1
718,15,222,240,34,34,0.89,2,75,324,3367,-1,225,1
718,16,316,155,16,18,0.82,2,31,366,2676,-1,284,1
718,17,314,119,12,15,0.79,2,13,330,1677,3,239,1
719,15,216,251,36,33,0.90,2,76,324,3396,-1,226,1
719,16,312,158,20,18,0.82,2,32,366,2706,-1,285,1
719,17,313,119,12,16,0.79,2,14,330,1702,3,240,1
720,15,212,256,36,36,0.89,2,77,324,3425,-1,226,1
720,16,312,159,20,19,0.82,2,33,366,2735,-1,285,1
720,17,313,120,12,15,0.81,2,15,330,1723,3,238,1
721,15,202,264,40,40,0.90,2,78,324,3455,-1,227,1
721,16,310,161,20,20,0.84,2,34,366,2766,-1,286,1
721,17,314,120,12,15,0.84,2,16,330,1739,3,233,1
722,15,198,272,40,40,0.89,2,79,324,3483,-1,228,1
722,16,310,162,20,20,0.85,2,35,365,2795,-1,286,1
722,17,312,120,12,16,0.82,2,17,331,1760,2,232,1
723,15,188,286,44,43,0.90,2,80,324,3513,-1,229,1
723,16,310,166,20,21,0.84,2,36,365,2828,-1,287,1
723,17,312,120,12,16,0.82,2,18,331,1778,2,228,1
724,15,181,293,46,46,0.90,2,81,324,3540,-1,230,1
724,16,309,167,20,21,0.85,2,37,365,2857,-1,287,1
724,17,312,120,12,17,0.83,2,19,331,1799,2,227,1
725,15,168,308,50,50,0.90,2,82,324,3569,-1,230,1
725,16,307,170,20,21,0.85,2,38,365,2888,-1,288,1
725,17,312,122,12,15,0.81,2,20,331,1816,2,225,1
726,15,160,319,52,54,0.90,2,83,324,3597,-1,231,1
726,16,306,173,20,21,0.83,2,39,365,2918,-1,288,1
726,17,311,123,12,15,0.79,2,21,331,1837,1,224,1
727,16,306,175,20,23,0.85,2,40,365,2949,-1,289,1
727,17,310,123,12,16,0.81,2,22,331,1861,1,225,1
728,16,303,178,22,24,0.87,2,41,365,2982,-1,290,1
728,17,310,124,12,16,0.81,2,23,330,1886,1,226,1
729,16,301,183,22,22,0.85,2,42,365,3013,-1,290,1
729,17,310,124,12,16,0.81,2,24,330,1908,1,226,1
730,16,298,184,24,24,0.87,2,43,365,3044,-2,291,1
730,17,310,125,12,16,0.84,2,25,330,1931,1,226,1
731,16,298,189,24,24,0.84,2,44,364,3076,-2,291,1
731,17,308,126,12,16,0.84,2,26,330,1957,1,227,1
732,16,296,190,24,26,0.87,2,45,364,3106,-2,291,1
732,17,307,125,14,18,0.83,2,27,330,1983,1,228,1
733,16,295,194,24,28,0.87,2,46,364,3138,-2,292,1
733,17,308,126,12,17,0.84,2,28,330,2006,1,228,1
734,16,292,197,26,30,0.87,2,47,364,3169,-2,293,1
734,17,308,126,12,17,0.84,2,29,330,2026,0,227,1
735,16,290,202,28,32,0.88,2,48,364,3203,-2,293,1
735,17,306,127,14,18,0.83,2,30,330,2051,0,228,1
736,16,288,206,28,32,0.89,2,49,364,3234,-2,294,1
736,17,304,128,16,17,0.84,2,31,330,2073,0,228,1
736,18,425,458,78,76,0.91,2,1,438,3784,0,-200,1
737,16,286,212,28,34,0.89,2,50,363,3267,-2,295,1
737,17,305,128,14,18,0.85,2,32,330,2096,0,228,1
737,18,414,422,72,72,0.91,2,2,438,3757,-13,-276,1
738,16,282,218,32,35,0.89,2,51,363,3300,-2,295,1
738,17,304,130,14,17,0.84,2,33,329,2120,0,228,1
738,18,412,394,64,70,0.92,2,3,438,3731,-4,-265,1
739,16,278,224,32,38,0.90,2,52,363,3334,-2,296,1
739,17,304,131,14,17,0.84,2,34,329,2145,0,229,1
739,18,405,364,58,63,0.90,2,4,438,3699,-4,-284,1
740,16,276,229,32,41,0.89,2,53,363,3367,-2,297,1
740,17,303,132,14,18,0.85,2,35,329,2173,0,230,1
740,18,404,347,52,59,0.90,2,5,437,3671,-2,-283,1
741,16,270,238,36,44,0.90,2,54,363,3402,-2,298,1
741,17,303,132,14,18,0.85,2,36,329,2197,-0,231,1
741,18,398,324,48,53,0.91,2,6,437,3639,-2,-292,1
742,16,268,245,36,46,0.90,2,55,363,3435,-2,298,1
742,17,302,133,16,18,0.84,2,37,329,2222,-0,231,1
742,18,394,310,48,51,0.90,2,7,437,3609,-2,-293,1
743,16,262,256,40,50,0.89,2,56,363,3469,-2,299,1
743,17,300,135,16,18,0.86,2,38,329,2250,-0,233,1
743,18,392,292,44,48,0.90,2,8,437,3577,-1,-297,1
744,16,260,266,40,51,0.90,2,57,362,3502,-2,300,1
744,17,300,136,16,18,0.87,2,39,329,2278,-0,234,1
744,18,390,283,42,44,0.90,2,9,437,3546,-1,-299,1
745,16,252,280,44,55,0.91,2,58,362,3537,-2,301,1
745,17,300,136,16,18,0.87,2,40,328,2302,-0,234,1
745,18,388,270,36,40,0.90,2,10,437,3513,-1,-302,1
746,16,245,291,48,60,0.91,2,59,362,3570,-1,301,1
746,17,298,137,16,18,0.85,2,41,328,2326,-0,234,1
746,18,386,260,36,40,0.89,2,11,437,3482,-0,-303,1
747,16,234,307,56,70,0.91,2,60,362,3605,-1,302,1
747,17,298,139,16,18,0.85,2,42,328,2353,-0,235,1
747,18,384,249,36,38,0.90,2,12,437,3450,-0,-305,1
748,16,228,322,56,75,0.91,2,61,362,3639,-1,303,1
748,17,297,139,16,19,0.86,2,43,328,2379,-0,236,1
748,18,382,244,36,36,0.90,2,13,437,3420,0,-305,1
749,16,215,346,64,85,0.91,2,62,362,3673,-1,303,1
749,17,296,140,16,19,0.86,2,44,328,2405,-0,236,1
749,18,381,235,32,32,0.88,2,14,437,3388,0,-306,1
750,16,204,368,70,92,0.93,2,63,362,3708,-1,304,1
750,17,296,141,16,20,0.86,2,45,328,2432,-0,237,1
750,18,380,229,30,33,0.89,2,15,437,3357,0,-306,1
751,16,187,401,78,110,0.92,2,64,362,3743,-1,305,1
751,17,294,142,16,20,0.86,2,46,328,2458,-0,237,1
751,18,378,220,30,32,0.88,2,16,437,3325,0,-307,1
752,16,178,432,80,102,0.92,2,65,362,3775,-1,305,1
752,17,294,143,16,19,0.86,2,47,328,2482,-0,237,1
752,18,377,216,30,30,0.89,2,17,437,3294,0,-307,1
753,17,293,145,16,20,0.87,2,48,327,2509,-0,238,1
753,18,376,210,28,29,0.88,2,18,437,3262,0,-308,1
754,17,292,146,16,20,0.87,2,49,327,2535,-0,239,1
754,18,375,206,28,28,0.88,2,19,438,3231,1,-308,1
755,17,290,148,18,20,0.87,2,50,327,2562,-0,239,1
755,18,374,201,28,27,0.88,2,20,438,3200,1,-309,1
756,17,289,149,18,21,0.87,2,51,327,2590,-0,240,1
756,18,372,198,28,25,0.88,2,21,438,3168,1,-309,1
757,17,288,150,18,22,0.87,2,52,327,2619,-0,241,1
757,18,372,192,24,25,0.88,2,22,438,3137,1,-309,1
758,17,287,152,18,22,0.88,2,53,327,2647,-0,242,1
758,18,372,189,24,26,0.88,2,23,438,3106,1,-309,1
759,17,284,153,20,23,0.88,2,54,327,2676,-1,243,1
759,18,371,186,24,24,0.87,2,24,438,3075,1,-309,1
760,17,284,154,18,23,0.87,2,55,327,2703,-1,243,1
760,18,370,184,24,23,0.87,2,25,438,3044,1,-309,1
761,17,282,156,20,24,0.87,2,56,326,2732,-1,244,1
761,18,368,179,24,23,0.84,2,26,438,3013,1,-309,1
762,17,280,158,20,24,0.88,2,57,326,2760,-1,245,1
762,18,368,176,24,23,0.86,2,27,438,2982,1,-309,1
763,17,278,160,20,25,0.88,2,58,326,2790,-1,246,1
763,18,368,173,22,22,0.84,2,28,438,2950,1,-310,1
764,17,277,162,20,26,0.88,2,59,326,2820,-1,247,1
764,18,368,172,20,20,0.86,2,29,438,2919,1,-310,1
765,17,276,163,20,26,0.87,2,60,326,2848,-1,247,1
765,18,367,170,22,20,0.87,2,30,438,2888,1,-310,1
766,17,274,165,20,26,0.88,2,61,326,2876,-1,247,1
766,18,368,168,20,20,0.86,2,31,438,2858,1,-310,1
767,17,271,167,22,28,0.88,2,62,326,2905,-1,248,1
767,18,366,166,20,20,0.87,2,32,439,2827,1,-309,1
768,17,270,170,22,28,0.89,2,63,326,2934,-1,249,1
768,18,366,164,20,20,0.87,2,33,439,2797,1,-309,1
769,17,266,172,24,29,0.89,2,64,325,2963,-1,250,1
769,18,365,161,20,19,0.86,2,34,439,2766,1,-309,1
770,17,265,174,24,30,0.89,2,65,325,2992,-1,250,1
770,18,364,160,20,19,0.85,2,35,439,2736,1,-309,1
771,17,262,176,24,32,0.90,2,66,325,3021,-1,251,1
771,18,364,159,18,18,0.85,2,36,439,2706,1,-309,1
772,17,260,179,24,32,0.90,2,67,325,3050,-1,251,1
772,18,364,157,18,18,0.84,2,37,439,2676,1,-308,1
773,17,256,183,28,33,0.90,2,68,325,3079,-1,252,1
773,18,362,155,20,18,0.83,2,38,439,2645,0,-308,1
774,17,254,185,26,34,0.89,2,69,325,3108,-1,253,1
774,18,363,153,18,18,0.84,2,39,439,2615,0,-308,1
775,17,250,189,28,36,0.90,2,70,324,3139,-1,253,1
775,18,362,151,18,17,0.85,2,40,439,2585,0,-308,1
776,17,248,192,28,37,0.90,2,71,324,3168,-1,254,1
776,18,362,150,18,17,0.83,2,41,439,2554,0,-308,1
777,17,243,197,30,39,0.90,2,72,324,3199,-1,255,1
777,18,362,148,16,16,0.81,2,42,439,2524,0,-308,1
778,17,241,200,30,39,0.90,2,73,324,3228,-1,255,1
778,18,362,147,16,17,0.82,2,43,439,2494,0,-308,1
779,17,236,205,32,42,0.91,2,74,324,3259,-1,256,1
779,18,362,146,16,18,0.79,2,44,439,2464,0,-307,1
780,17,232,209,32,44,0.91,2,75,324,3288,-1,256,1
780,18,361,144,16,16,0.83,2,45,439,2433,0,-307,1
781,17,226,215,36,46,0.91,2,76,324,3319,-1,257,1
781,18,360,144,16,16,0.83,2,46,439,2404,0,-307,1
782,17,222,220,36,48,0.91,2,77,324,3348,-1,258,1
782,18,360,143,16,16,0.82,2,47,439,2374,0,-307,1
783,17,214,227,40,51,0.91,2,78,323,3379,-1,258,1
783,18,360,140,16,15,0.81,2,48,439,2343,0,-307,1
784,17,210,233,40,53,0.91,2,79,323,3408,-1,259,1
784,18,360,140,16,15,0.81,2,49,439,2313,0,-307,1
785,17,202,242,44,56,0.91,2,80,323,3439,-1,259,1
785,18,360,139,16,15,0.79,2,50,439,2283,0,-307,1
786,17,196,247,46,60,0.91,2,81,323,3468,-1,260,1
786,18,360,139,16,15,0.80,2,51,439,2253,0,-306,1
787,17,186,257,48,64,0.91,2,82,323,3499,-1,260,1
787,18,360,137,14,14,0.82,2,52,439,2223,0,-306,1
788,17,178,264,52,69,0.92,2,83,323,3528,-1,261,1
788,18,360,137,14,14,0.82,2,53,439,2193,0,-306,1
788,19,494,328,140,189,0.93,7,1,471,3773,0,-200,1
789,17,166,278,56,74,0.93,2,84,323,3559,-1,261,1
789,18,360,136,14,14,0.82,2,54,439,2163,0,-306,1
789,19,484,310,128,174,0.93,7,2,471,3749,-0,-237,1
790,17,156,287,60,80,0.92,2,85,323,3589,-1,262,1
790,18,360,134,14,15,0.81,2,55,439,2133,0,-306,1
790,19,478,302,120,162,0.93,7,3,471,3730,0,-213,1
791,17,142,304,64,88,0.93,2,86,323,3619,-1,262,1
791,18,359,134,14,14,0.74,2,56,439,2103,0,-306,1
791,19,471,287,110,150,0.93,7,4,471,3707,1,-219,1
792,17,130,316,68,95,0.92,2,87,323,3649,-1,263,1
792,18,359,133,14,14,0.78,2,57,439,2073,0,-306,1
792,19,466,278,104,143,0.94,7,5,471,3687,1,-214,1
793,17,109,337,76,106,0.93,2,88,323,3680,-1,263,1
793,18,359,132,14,14,0.76,2,58,439,2043,0,-306,1
793,19,460,267,96,133,0.93,7,6,471,3665,1,-216,1
794,17,92,354,84,116,0.93,2,89,323,3710,-1,264,1
794,18,360,132,12,13,0.76,2,59,439,2013,0,-305,1
794,19,456,260,92,127,0.94,7,7,471,3644,2,-214,1
795,17,67,382,92,130,0.92,2,90,323,3741,-1,264,1
795,18,360,132,12,13,0.76,2,60,439,1984,0,-305,1
795,19,450,250,88,119,0.93,7,8,471,3622,2,-215,1
796,17,46,405,100,128,0.89,2,91,323,3770,-1,265,1
796,18,360,132,12,13,0.76,2,61,439,1955,0,-305,1
796,19,446,244,84,114,0.93,7,9,471,3601,2,-214,1
797,18,360,130,12,14,0.73,2,62,439,1925,0,-305,1
797,19,442,236,78,106,0.93,7,10,471,3578,2,-216,1
798,18,360,130,12,14,0.74,2,63,439,1896,0,-305,1
798,19,438,231,76,103,0.93,7,11,471,3557,1,-215,1
799,18,358,130,12,13,0.67,2,64,439,1868,0,-304,1
799,19,434,224,72,98,0.93,7,12,471,3535,1,-216,1
800,18,358,130,12,13,0.63,2,65,439,1839,0,-304,1
800,19,432,221,70,94,0.92,7,13,471,3514,1,-215,1
801,18,358,129,12,13,0.60,2,66,439,1810,0,-304,1
801,19,428,214,68,89,0.93,7,14,472,3492,1,-216,1
802,18,358,128,12,14,0.60,2,67,439,1782,0,-303,1
802,19,426,210,64,86,0.93,7,15,472,3470,1,-216,1
803,18,358,129,12,11,0.20,2,68,439,1753,0,-303,1
803,19,424,205,60,83,0.92,7,16,472,3448,1,-217,1
804,18,358,128,12,11,0.20,2,69,439,1724,0,-303,1
804,19,421,202,60,80,0.92,7,17,472,3426,1,-216,1
805,18,357,126,12,11,0.36,2,70,439,1695,0,-303,1
805,19,418,198,56,76,0.93,7,18,472,3404,1,-217,1
806,18,356,127,12,11,0.37,2,71,439,1666,0,-303,1
806,19,416,194,56,74,0.92,7,19,472,3382,1,-217,1
807,18,356,126,12,11,0.23,2,72,439,1637,0,-302,1
807,19,415,191,52,71,0.92,7,20,472,3360,1,-217,1
808,18,356,125,12,11,0.42,2,73,439,1608,0,-302,1
808,19,412,188,52,69,0.92,7,21,472,3338,1,-217,1
809,18,356,125,12,11,0.41,2,74,439,1580,0,-302,1
809,19,412,185,48,67,0.92,7,22,472,3316,1,-217,1
810,19,410,183,48,65,0.92,7,23,472,3295,1,-217,1
811,19,407,179,46,63,0.91,7,24,472,3273,1,-217,1
812,19,406,177,46,62,0.91,7,25,472,3251,1,-217,1
813,19,405,174,44,59,0.92,7,26,472,3229,1,-218,1
814,19,404,172,44,58,0.91,7,27,472,3207,1,-218,1
815,19,402,169,44,58,0.91,7,28,472,3185,1,-218,1
816,19,401,168,42,56,0.92,7,29,473,3164,1,-217,1
817,19,400,166,40,54,0.90,7,30,473,3142,1,-217,1
818,19,399,164,40,54,0.90,7,31,473,3121,1,-217,1
819,19,397,162,38,52,0.91,7,32,473,3099,1,-217,1
820,19,396,160,40,51,0.91,7,33,473,3078,1,-217,1
821,19,395,158,38,50,0.91,7,34,473,3056,1,-217,1
822,19,394,158,36,48,0.91,7,35,473,3035,1,-217,1
823,19,391,156,38,48,0.90,7,36,473,3014,1,-217,1
824,19,390,154,36,47,0.91,7,37,473,2993,0,-217,1
825,19,390,153,34,46,0.90,7,38,473,2971,0,-217,1
826,19,389,152,34,45,0.91,7,39,473,2950,0,-216,1
827,19,390,149,32,45,0.90,7,40,473,2929,0,-216,1
828,19,387,149,34,44,0.90,7,41,473,2908,0,-216,1
829,19,386,147,32,43,0.90,7,42,473,2887,0,-216,1
830,19,386,147,32,42,0.90,7,43,473,2866,0,-216,1
831,19,384,146,32,41,0.90,7,44,473,2845,0,-216,1
832,19,384,144,32,41,0.90,7,45,472,2824,-0,-216,1
833,19,382,143,32,40,0.90,7,46,472,2803,-0,-215,1
834,19,383,142,30,40,0.89,7,47,472,2782,-0,-215,1
835,19,384,142,28,38,0.89,7,48,472,2761,-0,-215,1
836,19,382,141,28,38,0.89,7,49,472,2740,-0,-215,1
837,19,382,140,28,38,0.89,7,50,472,2720,-0,-215,1
838,19,381,139,28,37,0.89,7,51,472,2699,-0,-215,1
839,19,380,138,28,36,0.89,7,52,472,2678,-0,-215,1
840,19,380,137,28,37,0.89,7,53,471,2658,-0,-214,1
841,19,380,136,26,36,0.90,7,54,471,2637,-0,-214,1
842,19,378,135,28,36,0.90,7,55,471,2616,-0,-214,1
843,19,378,134,28,35,0.89,7,56,471,2595,-0,-214,1
844,19,378,134,26,35,0.89,7,57,471,2575,-0,-214,1
845,19,376,132,28,35,0.88,7,58,471,2554,-0,-214,1
846,19,377,131,26,34,0.86,7,59,471,2533,-0,-214,1
847,19,376,131,26,34,0.88,7,60,471,2513,-0,-213,1
848,19,376,130,24,34,0.87,7,61,471,2492,-0,-213,1
849,19,376,130,24,32,0.87,7,62,471,2471,-0,-213,1
850,19,376,129,24,32,0.87,7,63,470,2450,-0,-213,1
851,19,376,129,24,31,0.87,7,64,470,2429,-0,-213,1
852,19,376,128,24,31,0.85,7,65,470,2409,-0,-213,1
853,19,375,128,24,30,0.87,7,66,470,2388,-0,-213,1
854,19,374,126,24,30,0.88,7,67,470,2366,-0,-213,1
855,19,374,126,24,30,0.88,7,68,470,2345,-0,-213,1
856,19,375,126,22,30,0.88,7,69,470,2325,-0,-213,1
857,19,374,125,22,30,0.87,7,70,470,2304,-0,-213,1
858,19,374,125,20,29,0.86,7,71,470,2283,-0,-213,1
859,19,374,124,20,30,0.86,7,72,470,2263,-0,-213,1
860,19,373,124,22,28,0.85,7,73,470,2242,-0,-212,1
861,19,374,124,20,28,0.82,7,74,470,2222,-0,-212,1
862,19,373,123,20,27,0.85,7,75,470,2201,-0,-212,1
863,19,373,123,20,27,0.85,7,76,470,2180,-0,-212,1
864,19,373,123,20,26,0.81,7,77,470,2159,-0,-212,1
865,19,372,122,20,26,0.64,7,78,470,2138,-0,-212,1
866,19,372,122,20,26,0.77,7,79,470,2118,-0,-212,1
867,19,372,122,20,26,0.70,7,80,470,2097,-0,-212,1
868,19,372,122,20,25,0.64,7,81,470,2077,-0,-212,1
869,19,372,121,18,25,0.74,7,82,470,2056,-0,-212,1
869,20,510,426,72,69,0.93,2,1,468,3757,0,-200,1
870,19,372,121,18,25,0.74,7,83,470,2036,-0,-212,1
870,20,500,404,66,62,0.92,2,2,468,3733,3,-235,1
871,19,372,120,18,25,0.68,7,84,470,2016,-0,-212,1
871,20,487,374,58,56,0.92,2,3,468,3701,-0,-280,1
872,19,370,119,20,25,0.75,7,85,470,1995,-0,-211,1
872,20,478,357,56,52,0.91,2,4,468,3674,0,-276,1
873,19,371,119,18,25,0.77,7,86,470,1975,-0,-211,1
873,20,468,334,52,47,0.92,2,5,468,3643,1,-287,1
874,19,370,119,18,25,0.83,7,87,470,1954,-0,-211,1
874,20,462,320,46,45,0.92,2,6,468,3614,0,-287,1
875,19,370,118,18,25,0.83,7,88,470,1934,-0,-211,1
875,20,452,304,44,40,0.91,2,7,469,3582,-1,-292,1
876,19,372,118,16,25,0.84,7,89,470,1914,-0,-211,1
876,20,449,293,40,39,0.90,2,8,468,3554,-1,-292,1
877,19,372,118,16,25,0.81,7,90,470,1894,-0,-211,1
877,20,442,279,36,36,0.90,2,9,468,3523,-1,-294,1
878,19,371,118,16,25,0.83,7,91,470,1875,-0,-211,1
878,20,437,271,36,34,0.91,2,10,468,3493,-1,-294,1
879,19,370,117,16,24,0.67,7,92,470,1854,-0,-211,1
879,20,431,260,34,32,0.89,2,11,468,3463,-2,-295,1
880,19,369,117,18,24,0.64,7,93,470,1835,-0,-210,1
880,20,428,253,32,30,0.89,2,12,468,3433,-2,-296,1
881,19,370,117,16,24,0.76,7,94,470,1815,-0,-210,1
881,20,422,244,32,28,0.89,2,13,468,3402,-2,-297,1
882,19,369,116,16,23,0.68,7,95,470,1794,-0,-210,1
882,20,420,237,28,28,0.89,2,14,468,3372,-2,-297,1
883,19,369,116,16,23,0.68,7,96,470,1774,-0,-210,1
883,20,416,229,28,27,0.89,2,15,468,3341,-2,-298,1
884,19,369,116,16,23,0.69,7,97,470,1754,-0,-210,1
884,20,414,226,26,24,0.89,2,16,468,3311,-2,-298,1
885,19,369,116,16,23,0.60,7,98,470,1735,-0,-210,1
885,20,408,218,28,24,0.88,2,17,468,3280,-3,-299,1
886,19,368,116,16,22,0.39,7,99,470,1715,-0,-210,1
886,20,404,214,28,23,0.88,2,18,467,3250,-3,-299,1
887,19,368,115,16,22,0.54,7,100,470,1695,-0,-210,1
887,20,404,208,24,23,0.89,2,19,467,3219,-3,-300,1
888,19,368,115,16,22,0.47,7,101,470,1675,-0,-210,1
888,20,402,204,24,22,0.87,2,20,467,3189,-3,-300,1
889,19,368,115,16,21,0.34,7,102,470,1655,-0,-209,1
889,20,398,198,24,22,0.87,2,21,467,3158,-3,-300,1
890,19,366,114,16,21,0.54,7,103,470,1634,-0,-209,1
890,20,395,196,24,22,0.88,2,22,466,3128,-3,-300,1
891,19,366,114,16,21,0.51,7,104,470,1614,-0,-209,1
891,20,394,191,22,21,0.86,2,23,466,3097,-3,-301,1
892,19,367,114,14,20,0.30,7,105,470,1594,-0,-209,1
892,20,391,188,22,20,0.87,2,24,466,3067,-4,-301,1
893,19,367,114,14,20,0.36,7,106,470,1574,-0,-209,1
893,20,390,184,20,20,0.87,2,25,465,3037,-4,-301,1
894,19,368,113,12,19,0.50,7,107,470,1553,-0,-209,1
894,20,388,182,20,20,0.86,2,26,465,3007,-4,-301,1
895,19,368,113,12,19,0.51,7,108,470,1533,-0,-209,1
895,20,385,177,20,21,0.87,2,27,464,2976,-4,-301,1
896,19,368,113,12,19,0.52,7,109,470,1512,-0,-209,1
896,20,384,175,20,20,0.85,2,28,464,2946,-4,-301,1
897,19,366,113,12,18,0.10,7,110,470,1492,-0,-209,1
897,20,382,173,20,18,0.86,2,29,463,2916,-4,-301,1
898,20,380,170,20,20,0.86,2,30,463,2886,-4,-301,1
899,19,366,112,12,18,0.47,7,111,470,1450,-0,-209,1
899,20,378,168,20,18,0.86,2,31,462,2856,-5,-301,1
900,19,366,112,12,19,0.54,7,112,470,1430,-0,-209,1
900,20,378,166,20,18,0.85,2,32,462,2826,-5,-301,1
901,19,366,111,12,19,0.50,7,113,470,1410,-0,-209,1
901,20,377,163,18,18,0.85,2,33,461,2795,-5,-301,1
