17,0,478,298,130,190,0.93,7,1,456,3794,0,-200,1
18,0,472,287,124,176,0.93,7,2,456,3772,6,-226,1
19,0,465,272,110,162,0.93,7,3,456,3742,1,-259,1
20,0,460,262,104,151,0.92,7,4,456,3715,2,-263,1
21,0,454,251,96,138,0.94,7,5,456,3685,2,-272,1
22,0,450,243,92,132,0.93,7,6,456,3659,2,-270,1
23,0,446,233,84,122,0.94,7,7,456,3630,2,-274,1
24,0,442,226,82,115,0.93,7,8,456,3601,3,-275,1
25,0,438,217,76,108,0.93,7,9,456,3572,3,-278,1
26,0,436,212,72,103,0.93,7,10,457,3543,3,-279,1
27,0,430,205,68,97,0.92,7,11,457,3514,2,-280,1
28,0,430,200,64,94,0.93,7,12,457,3486,2,-280,1
29,0,426,194,62,88,0.92,7,13,457,3457,2,-282,1
30,0,424,190,60,86,0.92,7,14,457,3429,2,-281,1
31,0,422,185,56,82,0.92,7,15,457,3400,2,-281,1
32,0,420,182,56,80,0.92,7,16,457,3373,2,-281,1
33,0,418,177,52,76,0.92,7,17,458,3345,2,-281,1
34,0,416,175,52,72,0.91,7,18,458,3317,2,-281,1
35,0,414,170,48,70,0.91,7,19,458,3289,2,-281,1
36,0,412,167,48,69,0.92,7,20,458,3261,2,-280,1
37,0,410,163,44,67,0.92,7,21,458,3234,1,-280,1
38,0,408,161,44,65,0.92,7,22,458,3207,1,-280,1
39,0,406,158,44,62,0.91,7,23,458,3179,1,-280,1
40,0,406,156,40,61,0.91,7,24,458,3152,1,-279,1
41,0,404,152,40,59,0.91,7,25,458,3124,1,-279,1
42,0,402,150,40,58,0.91,7,26,458,3096,1,-279,1
43,0,401,148,38,56,0.90,7,27,458,3069,1,-279,1
44,0,400,146,36,56,0.91,7,28,458,3042,0,-279,1
45,0,398,143,36,53,0.91,7,29,458,3014,0,-279,1
46,0,398,142,36,52,0.90,7,30,458,2987,0,-278,1
47,0,396,139,34,51,0.90,7,31,458,2959,0,-278,1
48,0,396,138,32,50,0.90,7,32,458,2932,0,-278,1
49,0,394,136,32,48,0.90,7,33,458,2904,-0,-278,1
50,0,393,134,32,48,0.90,7,34,458,2877,-0,-278,1
51,0,392,132,32,46,0.89,7,35,457,2849,-0,-278,1
52,0,392,131,30,46,0.89,7,36,457,2821,-0,-278,1
53,0,390,129,30,45,0.90,7,37,457,2794,-0,-278,1
54,0,390,128,28,44,0.90,7,38,457,2766,-0,-278,1
55,0,388,126,30,44,0.90,7,39,457,2739,-0,-278,1
56,0,388,124,28,43,0.89,7,40,457,2712,-1,-278,1
57,0,386,124,28,41,0.89,7,41,457,2684,-1,-278,1
58,0,386,123,28,41,0.89,7,42,456,2657,-1,-277,1
59,0,384,122,28,40,0.88,7,43,456,2630,-1,-277,1
60,0,383,120,28,40,0.88,7,44,456,2603,-1,-277,1
61,0,383,117,26,40,0.88,7,45,456,2575,-1,-277,1
62,0,382,117,26,38,0.88,7,46,455,2547,-1,-277,1
63,0,381,116,26,38,0.88,7,47,455,2520,-1,-277,1
64,0,380,115,26,38,0.88,7,48,455,2493,-1,-277,1
65,0,379,114,26,36,0.90,7,49,454,2465,-1,-277,1
66,0,378,113,26,36,0.89,7,50,454,2437,-1,-277,1
67,0,376,112,28,35,0.88,7,51,454,2410,-1,-277,1
68,0,376,111,26,35,0.88,7,52,454,2382,-2,-277,1
69,0,376,110,24,35,0.88,7,53,453,2355,-2,-277,1
70,0,376,110,24,34,0.84,7,54,453,2327,-2,-277,1
71,0,375,109,24,34,0.85,7,55,452,2300,-2,-277,1
72,0,374,108,24,34,0.85,7,56,452,2273,-2,-277,1
73,0,375,107,22,33,0.88,7,57,452,2246,-2,-276,1
74,0,374,106,22,32,0.87,7,58,451,2218,-2,-276,1
75,0,373,106,22,31,0.87,7,59,451,2191,-2,-276,1
76,0,373,105,22,30,0.87,7,60,450,2163,-2,-277,1
77,0,373,104,21,30,0.86,7,61,450,2135,-2,-277,1
78,0,372,104,22,30,0.85,7,62,450,2107,-2,-277,1
79,0,372,102,21,30,0.75,7,63,449,2079,-2,-277,1
80,0,371,102,22,30,0.70,7,64,449,2052,-2,-277,1
81,0,370,101,22,30,0.80,7,65,448,2025,-2,-277,1
82,0,371,101,20,29,0.73,7,66,448,1997,-2,-276,1
83,0,371,100,20,29,0.63,7,67,448,1970,-2,-276,1
84,0,370,100,20,29,0.82,7,68,447,1942,-2,-276,1
85,0,370,99,19,28,0.68,7,69,447,1915,-2,-276,1
86,0,370,99,19,27,0.78,7,70,446,1887,-2,-276,1
87,0,370,98,18,26,0.84,2,71,446,1859,-2,-276,1
88,0,369,98,19,26,0.84,2,72,446,1831,-2,-276,1
89,0,369,98,18,26,0.83,2,73,445,1804,-2,-276,1
90,0,369,97,18,25,0.83,2,74,445,1776,-2,-276,1
91,0,368,96,18,26,0.84,2,75,444,1748,-2,-276,1
92,0,368,96,18,25,0.84,2,76,444,1721,-2,-276,1
93,0,368,95,18,25,0.83,2,77,444,1693,-3,-276,1
93,1,322,83,8,8,0.41,2,1,243,-193,0,200,1
94,0,367,95,19,24,0.83,2,78,443,1665,-3,-277,1
94,1,322,83,8,8,0.40,2,2,243,-173,5,199,1
95,0,367,95,18,24,0.84,2,79,443,1637,-3,-277,1
96,0,367,94,18,24,0.83,2,80,443,1610,-3,-277,1
97,0,367,93,18,24,0.82,2,81,442,1582,-3,-277,1
98,0,367,94,18,23,0.83,2,82,442,1554,-3,-277,1
99,0,368,94,16,22,0.82,2,83,442,1526,-3,-277,1
100,0,367,96,16,20,0.80,2,84,441,1499,-3,-277,1
101,0,368,96,15,18,0.80,2,85,441,1471,-3,-277,1
102,0,367,96,16,18,0.81,2,86,441,1443,-3,-277,1
103,0,368,98,15,16,0.80,2,87,440,1415,-3,-277,1
104,0,368,97,15,16,0.80,2,88,440,1387,-3,-277,1
105,0,368,96,15,16,0.81,2,89,440,1359,-3,-277,1
106,0,368,95,15,18,0.81,2,90,439,1332,-2,-277,1
107,0,366,92,16,19,0.83,2,91,439,1304,-2,-277,1
108,0,366,92,16,19,0.83,2,92,439,1276,-2,-277,1
109,0,366,91,16,20,0.83,2,93,439,1249,-2,-277,1
110,0,366,91,16,20,0.83,2,94,438,1221,-2,-277,1
110,2,456,266,164,260,0.89,7,1,447,3825,0,-200,1
111,0,366,91,15,18,0.81,2,95,438,1194,-2,-277,1
111,2,448,256,144,230,0.91,7,2,447,3795,-14,-299,1
112,0,366,88,15,19,0.82,2,96,438,1165,-2,-277,1
112,2,445,248,132,214,0.89,7,3,447,3769,-6,-281,1
113,0,366,87,15,20,0.83,2,97,438,1137,-2,-277,1
113,2,438,236,124,195,0.91,7,4,447,3738,-4,-288,1
114,0,366,87,15,20,0.83,2,98,438,1109,-2,-277,1
114,2,436,232,116,182,0.92,7,5,447,3713,-2,-280,1
114,3,414,438,72,90,0.92,2,1,414,3826,0,-200,1
115,0,366,87,15,20,0.84,2,99,437,1081,-2,-277,1
115,2,431,222,110,167,0.93,7,6,447,3683,-0,-283,1
115,3,406,394,64,80,0.91,2,2,414,3782,-6,-434,1
116,0,366,88,14,18,0.81,2,100,437,1053,-2,-277,1
116,2,428,217,104,158,0.92,7,7,447,3657,0,-280,1
116,3,402,371,60,73,0.91,2,3,414,3748,-2,-386,1
117,0,366,88,14,19,0.81,2,101,437,1025,-2,-277,1
117,2,424,209,96,146,0.93,7,8,447,3628,0,-281,1
117,3,396,340,52,65,0.91,2,4,414,3707,-5,-397,1
118,0,365,87,14,18,0.83,2,102,437,997,-2,-277,1
118,2,422,204,92,138,0.93,7,9,447,3600,1,-280,1
118,3,394,322,48,61,0.90,2,5,413,3670,-4,-389,1
119,0,365,88,14,17,0.81,2,103,437,969,-2,-277,1
119,2,419,199,86,128,0.93,7,10,447,3572,1,-281,1
119,3,390,300,44,54,0.90,2,6,413,3628,-4,-394,1
120,0,366,87,13,16,0.83,2,104,436,941,-2,-277,1
120,2,418,194,80,122,0.92,7,11,447,3544,1,-281,1
120,3,387,286,42,52,0.90,2,7,413,3591,-4,-392,1
121,0,366,88,13,16,0.82,2,105,436,913,-2,-277,1
121,2,415,190,78,113,0.92,7,12,447,3515,1,-282,1
121,3,383,269,38,46,0.91,2,8,413,3549,-4,-395,1
122,0,365,88,13,14,0.81,2,106,436,884,-2,-277,1
122,2,412,186,76,109,0.93,7,13,447,3487,1,-281,1
122,3,382,258,36,45,0.90,2,9,413,3510,-4,-394,1
123,0,365,88,12,14,0.81,2,107,436,856,-2,-277,1
123,2,410,181,72,103,0.92,7,14,448,3459,1,-282,1
123,3,378,244,32,41,0.90,2,10,412,3469,-5,-397,1
124,0,365,88,12,14,0.80,2,108,436,828,-2,-277,1
124,2,408,178,68,99,0.92,7,15,448,3431,1,-281,1
124,3,376,236,32,39,0.90,2,11,412,3429,-5,-397,1
124,4,312,96,11,12,0.57,2,1,258,1177,0,200,1
125,0,365,88,12,14,0.79,2,109,436,800,-2,-277,1
125,2,406,174,64,94,0.92,7,16,448,3403,1,-281,1
125,3,375,225,30,37,0.90,2,12,412,3388,-5,-398,1
125,4,312,96,11,12,0.58,2,2,258,1197,7,195,1
126,0,365,88,12,13,0.76,2,110,435,772,-2,-277,1
126,2,406,172,62,90,0.91,7,17,448,3376,1,-281,1
126,3,374,219,28,35,0.90,2,13,411,3349,-5,-397,1
127,0,364,88,12,13,0.77,2,111,435,743,-2,-277,1
127,2,405,168,58,85,0.92,7,18,448,3347,1,-281,1
127,3,372,210,28,33,0.89,2,14,411,3308,-5,-398,1
128,0,364,88,12,13,0.77,2,112,435,715,-2,-277,1
128,2,404,165,56,83,0.92,7,19,448,3320,1,-281,1
128,3,371,205,26,32,0.90,2,15,410,3269,-5,-398,1
128,4,311,100,10,11,0.12,2,4,259,1287,4,274,1
129,0,364,88,12,13,0.76,2,113,435,688,-2,-277,1
129,2,400,162,56,80,0.91,7,20,448,3292,1,-280,1
129,3,369,198,26,30,0.90,2,16,410,3229,-5,-398,1
130,0,364,87,12,12,0.75,2,114,435,659,-2,-277,1
130,2,398,160,56,78,0.91,7,21,448,3266,1,-280,1
130,3,369,194,25,29,0.89,2,17,410,3191,-5,-397,1
130,4,311,101,10,11,0.53,2,5,259,1358,5,301,1
131,0,364,87,12,12,0.73,2,115,435,631,-2,-278,1
131,2,397,156,52,74,0.90,7,22,448,3237,1,-280,1
131,3,368,187,24,28,0.88,2,18,409,3151,-5,-397,1
132,0,364,87,12,12,0.72,2,116,434,603,-2,-278,1
132,2,396,154,52,73,0.90,7,23,448,3211,1,-279,1
132,3,367,182,24,27,0.87,2,19,409,3111,-5,-397,1
133,0,364,87,12,12,0.72,2,117,434,574,-2,-278,1
133,2,396,152,48,70,0.88,7,24,448,3183,1,-279,1
133,3,366,176,23,26,0.88,2,20,408,3071,-5,-397,1
133,4,308,103,12,12,0.65,2,6,260,1486,4,343,1
134,0,364,86,12,12,0.70,2,118,434,546,-2,-278,1
134,2,394,150,48,68,0.89,7,25,448,3157,0,-278,1
134,3,366,174,21,25,0.89,2,21,408,3032,-5,-397,1
134,4,308,103,12,12,0.65,2,7,260,1520,4,343,1
135,0,364,85,12,13,0.72,2,119,434,518,-2,-278,1
135,2,393,148,46,66,0.90,7,26,448,3130,0,-278,1
135,3,364,168,22,25,0.88,2,22,407,2992,-5,-397,1
136,0,364,85,12,13,0.73,2,120,434,490,-2,-278,1
136,2,393,146,44,64,0.90,7,27,448,3103,0,-277,1
136,3,365,165,20,24,0.87,2,23,407,2952,-5,-397,1
136,4,307,105,12,12,0.74,2,8,261,1595,4,348,1
137,0,363,83,12,14,0.75,2,121,434,462,-2,-278,1
137,2,392,144,42,61,0.88,7,28,448,3076,0,-277,1
137,3,364,161,21,24,0.87,2,24,407,2913,-5,-397,1
138,0,363,83,12,14,0.75,2,122,433,433,-2,-278,1
138,2,391,141,42,61,0.88,7,29,448,3049,0,-277,1
138,3,363,158,20,23,0.86,2,25,406,2873,-5,-397,1
138,4,306,106,12,12,0.39,2,9,261,1657,3,343,1
139,0,363,82,12,14,0.80,2,123,433,405,-2,-278,1
139,2,390,140,40,58,0.89,7,30,448,3022,0,-277,1
139,3,363,155,20,22,0.86,2,26,406,2834,-4,-397,1
139,4,304,108,13,13,0.75,2,10,261,1713,3,357,1
140,0,363,82,12,14,0.77,2,124,433,377,-2,-278,1
140,2,390,137,40,58,0.88,7,31,448,2995,0,-277,1
140,3,362,152,20,22,0.87,2,27,405,2795,-4,-397,1
140,4,304,108,13,14,0.46,2,11,262,1761,4,365,1
141,0,363,80,12,15,0.77,2,125,433,348,-2,-278,1
141,2,388,134,40,58,0.87,7,32,448,2968,0,-276,1
141,3,362,149,18,20,0.85,2,28,405,2755,-4,-397,1
141,4,303,109,14,14,0.57,2,12,262,1805,4,369,1
142,0,363,80,12,15,0.77,2,126,433,320,-2,-278,1
142,2,388,133,36,56,0.86,7,33,448,2941,0,-276,1
142,3,362,148,18,20,0.87,2,29,405,2715,-4,-397,1
142,4,303,109,14,14,0.57,2,13,262,1839,4,367,1
143,0,363,80,12,15,0.77,2,127,433,291,-2,-278,1
143,2,388,132,36,53,0.85,7,34,448,2913,0,-276,1
143,3,361,144,17,20,0.85,2,30,404,2676,-4,-397,1
144,0,363,80,12,15,0.77,2,128,433,263,-2,-278,1
144,2,386,132,36,52,0.76,7,35,448,2887,0,-276,1
144,3,360,141,17,20,0.85,2,31,404,2636,-4,-397,1
144,4,301,112,14,14,0.52,2,14,263,1915,4,369,1
145,0,362,80,12,14,0.76,2,129,432,235,-2,-278,1
145,2,385,130,36,50,0.76,7,36,448,2859,0,-276,1
145,3,360,139,18,20,0.85,2,32,404,2597,-4,-396,1
145,4,301,113,14,14,0.76,2,15,263,1952,4,369,1
146,0,362,80,12,14,0.76,2,130,432,206,-2,-278,1
146,2,384,129,36,50,0.86,7,37,448,2833,-0,-275,1
146,3,359,138,18,19,0.84,2,33,403,2558,-4,-396,1
146,4,301,113,14,14,0.77,2,16,263,1982,4,366,1
147,0,363,81,11,13,0.67,2,131,432,178,-2,-278,1
147,2,383,128,34,47,0.89,7,38,448,2806,-0,-275,1
147,3,358,135,18,19,0.84,2,34,403,2518,-4,-396,1
147,4,298,116,14,13,0.75,2,17,264,2018,3,366,1
148,0,363,81,11,13,0.67,2,132,432,150,-2,-278,1
148,2,382,127,36,46,0.88,7,39,448,2779,-0,-275,1
148,3,358,133,18,19,0.85,2,35,403,2479,-4,-396,1
148,4,298,116,14,13,0.75,2,18,264,2048,3,363,1
149,0,363,81,11,13,0.67,2,133,432,122,-2,-278,1
149,2,383,126,32,46,0.81,7,40,448,2752,-0,-275,1
149,3,358,132,18,18,0.84,2,36,402,2440,-4,-396,1
149,4,297,118,14,13,0.22,2,19,264,2082,3,362,1
150,0,363,80,10,12,0.59,2,134,432,93,-2,-278,1
150,2,382,125,32,44,0.71,7,41,448,2726,-0,-275,1
150,3,358,130,16,17,0.84,2,37,402,2400,-4,-396,1
150,4,296,119,15,15,0.11,2,20,264,2124,3,364,1
151,0,362,80,11,13,0.59,2,135,432,65,-2,-278,1
151,2,382,122,30,44,0.80,7,42,448,2698,-0,-275,1
151,3,357,128,16,17,0.85,2,38,402,2361,-4,-396,1
151,4,295,120,16,14,0.79,2,21,265,2158,3,363,1
152,0,362,79,11,13,0.55,2,136,432,36,-2,-278,1
152,2,380,122,32,43,0.79,7,43,447,2672,-0,-274,1
152,3,358,127,15,16,0.84,2,39,401,2321,-4,-396,1
152,4,295,121,16,14,0.75,2,22,265,2191,3,362,1
153,0,362,79,11,13,0.53,2,137,431,8,-2,-278,1
153,2,380,119,30,43,0.81,7,44,447,2644,-0,-274,1
153,3,357,125,16,16,0.83,2,40,401,2282,-4,-396,1
153,4,294,122,16,15,0.79,2,23,265,2226,3,362,1
154,0,362,79,11,13,0.53,2,138,431,-21,-2,-279,1
154,2,380,119,30,42,0.79,7,45,447,2617,-0,-274,1
154,3,358,124,14,16,0.83,2,41,401,2243,-4,-396,1
154,4,292,124,16,15,0.79,2,24,265,2263,3,362,1
155,0,362,80,11,12,0.44,2,139,431,-49,-2,-279,1
155,2,380,118,28,40,0.79,7,46,447,2590,-0,-274,1
155,3,357,122,14,16,0.84,2,42,400,2203,-4,-396,1
155,4,291,124,16,16,0.79,2,25,266,2298,3,361,1
156,0,362,80,11,12,0.44,2,140,431,-77,-2,-279,1
156,2,379,117,28,40,0.79,7,47,447,2563,-0,-274,1
156,3,357,120,14,16,0.85,2,43,400,2164,-4,-396,1
156,4,291,125,16,17,0.78,2,26,266,2334,3,361,1
157,0,362,79,10,12,0.42,2,141,431,-105,-2,-279,1
157,2,378,117,28,38,0.54,7,48,447,2535,-0,-274,1
157,3,356,119,14,15,0.84,2,44,400,2124,-4,-396,1
157,4,289,127,18,17,0.73,2,27,266,2370,3,361,1
158,0,361,79,11,11,0.43,2,142,431,-134,-2,-279,1
158,2,378,116,28,38,0.77,7,49,447,2509,-0,-274,1
158,3,356,118,14,16,0.84,2,45,399,2085,-4,-396,1
158,4,288,128,18,16,0.77,2,28,266,2402,3,360,1
159,0,361,79,11,11,0.42,2,143,431,-162,-2,-279,1
159,2,376,114,28,38,0.74,7,50,447,2482,-0,-274,1
159,3,356,117,14,14,0.82,2,46,399,2045,-4,-396,1
159,4,286,131,18,17,0.80,2,29,266,2439,3,361,1
160,0,361,79,11,11,0.43,2,144,431,-191,-2,-279,1
160,2,376,114,28,37,0.72,7,51,447,2455,-0,-274,1
160,3,356,116,13,14,0.83,2,47,399,2006,-4,-396,1
160,4,285,132,18,16,0.81,2,30,267,2472,3,360,1
161,0,361,79,10,10,0.38,2,145,430,-220,-2,-279,1
161,2,376,113,26,36,0.67,7,52,446,2428,-1,-274,1
161,3,357,115,12,13,0.82,2,48,398,1966,-4,-396,1
161,4,286,136,17,16,0.79,2,31,267,2509,3,360,1
162,0,361,79,10,10,0.37,2,146,430,-248,-2,-279,1
162,2,376,112,26,36,0.73,7,53,446,2401,-1,-274,1
162,3,357,113,12,14,0.82,2,49,398,1927,-4,-396,1
162,4,283,137,18,16,0.82,2,32,267,2544,3,360,1
163,0,361,78,10,10,0.37,2,147,430,-277,-2,-279,1
163,2,376,112,24,34,0.63,7,54,446,2374,-1,-274,1
163,3,354,112,14,14,0.80,2,50,398,1887,-4,-396,1
163,4,281,139,18,16,0.82,2,33,267,2578,3,359,1
164,0,361,78,10,11,0.39,2,148,430,-305,-2,-279,1
164,2,376,115,24,30,0.78,7,55,446,2347,-1,-274,1
164,3,354,112,14,14,0.80,2,51,397,1848,-4,-396,1
164,4,280,140,19,16,0.82,2,34,267,2610,3,358,1
165,0,361,78,10,10,0.36,2,149,430,-334,-2,-279,1
165,2,376,111,24,33,0.71,7,56,446,2320,-1,-274,1
165,3,354,110,14,14,0.80,2,52,397,1809,-4,-395,1
165,4,278,142,20,18,0.84,2,35,268,2646,3,358,1
166,0,361,78,10,10,0.38,2,150,430,-363,-2,-279,1
166,2,376,110,22,32,0.71,7,57,446,2293,-1,-274,1
166,3,354,109,14,14,0.80,2,53,397,1769,-4,-395,1
166,4,277,143,20,19,0.83,2,36,268,2680,3,358,1
167,0,360,78,10,10,0.29,2,151,430,-391,-2,-279,1
167,2,375,113,22,28,0.81,2,58,446,2265,-1,-273,1
167,3,355,108,12,13,0.76,2,54,396,1730,-4,-395,1
167,4,274,146,20,18,0.82,2,37,268,2714,2,357,1
168,0,360,78,10,10,0.29,2,152,430,-420,-2,-279,1
168,2,375,109,22,31,0.77,2,59,445,2238,-1,-273,1
168,3,354,108,13,13,0.80,2,55,396,1690,-4,-395,1
168,4,272,149,21,18,0.83,2,38,268,2748,2,357,1
169,0,360,78,10,10,0.27,2,153,429,-448,-2,-279,1
169,2,374,108,22,31,0.71,2,60,445,2212,-1,-273,1
169,3,355,107,12,12,0.78,2,56,396,1651,-4,-395,1
169,4,270,153,21,18,0.84,2,39,268,2784,2,357,1
170,0,360,78,10,10,0.23,2,154,429,-476,-2,-279,1
170,2,373,110,22,27,0.81,2,61,445,2184,-1,-273,1
170,3,354,106,14,14,0.54,2,57,395,1612,-4,-395,1
170,4,269,156,20,16,0.83,2,40,268,2817,2,357,1
171,0,360,78,10,10,0.23,2,155,429,-505,-2,-279,1
171,2,373,110,22,26,0.82,2,62,445,2157,-1,-273,1
171,3,354,105,13,13,0.74,2,58,395,1573,-4,-395,1
171,4,266,157,22,20,0.84,2,41,268,2853,2,357,1
172,0,360,78,10,10,0.22,2,156,429,-533,-2,-279,1
172,2,372,108,22,28,0.84,2,63,445,2130,-1,-273,1
172,3,354,104,13,12,0.74,2,59,395,1533,-4,-395,1
172,4,264,157,24,22,0.83,2,42,269,2887,2,356,1
173,0,360,78,10,10,0.22,2,157,429,-561,-2,-279,1
173,2,372,106,21,27,0.82,2,64,445,2103,-1,-273,1
173,3,354,103,12,13,0.74,2,60,394,1494,-4,-395,1
173,4,262,162,22,22,0.86,2,43,269,2923,2,356,1
174,0,359,78,10,10,0.22,2,158,429,-589,-2,-279,1
174,2,372,105,20,28,0.80,2,65,445,2076,-1,-273,1
174,3,353,102,14,13,0.73,2,61,394,1454,-4,-395,1
174,4,260,166,24,20,0.84,2,44,269,2956,2,356,1
175,0,360,78,9,10,0.20,2,159,428,-617,-2,-279,1
175,2,372,105,20,27,0.82,2,66,444,2049,-1,-273,1
175,3,354,100,12,12,0.73,2,62,394,1414,-4,-395,1
175,4,256,170,24,22,0.84,2,45,269,2993,2,356,1
176,0,360,77,9,10,0.14,2,160,428,-646,-2,-279,1
176,2,371,106,20,25,0.82,2,67,444,2021,-1,-273,1
176,3,354,101,12,11,0.23,2,63,393,1375,-4,-395,1
176,4,254,173,24,22,0.83,2,46,269,3027,2,356,1
177,0,360,77,9,10,0.15,2,161,428,-674,-2,-279,1
177,2,370,105,20,25,0.81,2,68,444,1994,-1,-273,1
177,3,354,101,12,11,0.53,2,64,393,1335,-4,-395,1
177,4,251,178,24,22,0.87,2,47,269,3062,2,356,1
178,0,360,77,9,10,0.14,2,162,428,-702,-2,-279,1
178,2,370,103,20,27,0.80,2,69,444,1968,-1,-273,1
178,3,354,99,12,12,0.65,2,65,393,1295,-4,-395,1
178,4,248,182,25,22,0.84,2,48,269,3097,2,355,1
179,0,360,77,9,10,0.12,2,163,428,-731,-2,-279,1
179,2,370,102,20,27,0.78,2,70,444,1941,-1,-273,1
179,3,354,99,12,11,0.58,2,66,392,1256,-4,-395,1
179,4,244,188,26,22,0.84,2,49,269,3132,2,355,1
180,0,360,77,9,10,0.12,2,164,428,-759,-2,-279,1
180,2,371,105,18,23,0.83,2,71,444,1914,-1,-273,1
180,3,354,99,12,11,0.59,2,67,392,1216,-3,-395,1
180,4,240,189,28,26,0.85,2,50,269,3167,2,355,1
181,0,360,76,9,10,0.12,2,165,428,-787,-2,-279,1
181,2,370,100,19,27,0.62,2,72,443,1887,-1,-273,1
181,3,354,98,12,11,0.58,2,68,392,1177,-3,-395,1
181,4,235,194,29,28,0.85,2,51,269,3203,2,355,1
182,2,370,100,18,27,0.58,2,73,443,1861,-1,-273,1
182,3,354,97,12,11,0.60,2,69,392,1137,-3,-395,1
182,4,232,198,30,28,0.85,2,52,270,3237,2,355,1
183,2,370,100,18,25,0.79,2,74,443,1834,-1,-273,1
183,3,354,98,12,10,0.31,2,70,391,1098,-3,-395,1
183,4,226,205,32,30,0.87,2,53,270,3273,2,355,1
184,2,369,101,18,23,0.83,2,75,443,1807,-1,-273,1
184,3,353,96,12,11,0.56,2,71,391,1058,-3,-395,1
184,4,222,207,32,34,0.89,2,54,270,3307,2,355,1
185,2,369,100,18,23,0.81,2,76,443,1779,-1,-273,1
185,3,353,96,12,11,0.56,2,72,391,1019,-3,-395,1
185,4,214,218,35,34,0.85,2,55,270,3344,2,355,1
186,2,369,99,18,23,0.82,2,77,442,1752,-1,-273,1
186,3,352,94,12,11,0.55,2,73,391,979,-3,-395,1
186,4,209,221,36,37,0.88,2,56,270,3379,2,355,1
187,0,358,74,9,11,0.14,2,166,427,-955,-2,-279,1
187,2,369,98,17,23,0.80,2,78,442,1725,-1,-273,1
187,3,353,94,11,10,0.73,2,74,390,939,-3,-395,1
187,4,202,233,38,38,0.89,2,57,270,3416,2,355,1
188,0,359,73,8,11,0.12,2,167,426,-984,-2,-279,1
188,2,369,98,17,22,0.81,2,79,442,1697,-1,-273,1
188,3,353,94,11,10,0.73,2,75,390,900,-3,-395,1
188,4,197,239,38,41,0.90,2,58,270,3451,2,355,1
189,2,368,98,18,22,0.83,2,80,442,1670,-1,-273,1
189,3,353,94,10,10,0.53,2,76,390,860,-3,-395,1
189,4,187,252,42,42,0.90,2,59,270,3488,2,355,1
190,0,358,73,9,10,0.12,2,168,426,-1040,-2,-280,1
190,2,368,96,18,23,0.79,2,81,442,1643,-1,-273,1
190,3,353,93,10,10,0.58,2,77,390,821,-3,-395,1
190,4,179,260,44,46,0.90,2,60,270,3523,2,355,1
191,0,359,72,8,10,0.10,2,169,426,-1069,-2,-280,1
191,2,368,97,16,21,0.82,2,82,442,1615,-1,-273,1
191,3,353,92,10,9,0.23,2,78,389,781,-3,-395,1
191,4,167,275,49,51,0.91,2,61,270,3561,2,356,1
192,0,359,72,8,10,0.10,2,170,426,-1098,-2,-280,1
192,2,368,97,16,21,0.83,2,83,441,1588,-1,-273,1
192,3,353,92,10,9,0.22,2,79,389,741,-3,-395,1
192,4,159,287,50,54,0.90,2,62,271,3597,2,356,1
193,2,368,95,16,22,0.82,2,84,441,1561,-1,-273,1
193,3,353,91,10,10,0.42,2,80,389,701,-3,-395,1
193,4,143,306,55,59,0.91,2,63,271,3635,2,356,1
194,2,368,96,16,20,0.84,2,85,441,1533,-1,-273,1
194,4,131,320,59,64,0.92,2,64,271,3671,2,356,1
195,2,368,96,16,20,0.83,2,86,441,1506,-1,-273,1
195,4,111,346,66,71,0.92,2,65,271,3708,2,357,1
196,2,367,96,16,19,0.82,2,87,441,1479,-1,-273,1
196,3,353,90,10,8,0.29,2,81,388,582,-3,-396,1
196,4,95,366,71,76,0.91,2,66,272,3744,2,357,1
197,2,367,96,16,19,0.82,2,88,441,1451,-1,-273,1
197,4,68,398,79,89,0.92,2,67,272,3782,2,357,1
198,2,367,95,16,19,0.83,2,89,440,1424,-1,-273,1
198,4,48,426,86,97,0.92,2,68,272,3817,2,357,1
199,2,366,94,16,18,0.83,2,90,440,1396,-1,-273,1
200,2,366,94,16,18,0.83,2,91,440,1369,-1,-273,1
201,2,366,93,15,18,0.84,2,92,440,1341,-1,-273,1
202,2,366,93,15,18,0.84,2,93,440,1314,-1,-273,1
203,2,366,93,15,17,0.81,2,94,440,1286,-1,-273,1
204,2,366,92,14,17,0.81,2,95,439,1258,-1,-273,1
205,2,367,91,14,18,0.81,2,96,439,1230,-1,-273,1
206,2,366,91,14,17,0.82,2,97,439,1203,-1,-273,1
207,2,366,90,15,17,0.84,2,98,439,1175,-1,-273,1
208,2,366,90,15,17,0.83,2,99,439,1147,-1,-273,1
209,2,366,90,15,17,0.83,2,100,439,1119,-1,-273,1
210,2,366,90,14,17,0.84,2,101,439,1091,-1,-273,1
211,2,366,89,14,16,0.84,2,102,439,1063,-1,-273,1
212,2,365,89,14,16,0.84,2,103,438,1035,-1,-273,1
213,2,365,89,14,16,0.83,2,104,438,1008,-1,-273,1
214,2,365,89,14,16,0.83,2,105,438,980,-1,-273,1
215,2,365,88,14,16,0.82,2,106,438,952,-1,-274,1
216,2,365,88,14,16,0.80,2,107,438,925,-1,-274,1
217,2,365,88,14,16,0.80,2,108,438,897,-1,-274,1
218,2,364,87,14,15,0.78,2,109,438,869,-1,-274,1
219,2,365,87,12,15,0.75,2,110,438,841,-1,-274,1
220,2,364,86,12,15,0.76,2,111,438,813,-1,-274,1
221,2,364,86,12,15,0.76,2,112,438,785,-1,-274,1
222,2,364,86,12,15,0.77,2,113,437,758,-1,-274,1
223,2,364,86,12,15,0.77,2,114,437,730,-1,-274,1
224,2,364,86,12,15,0.77,2,115,437,702,-1,-274,1
225,2,364,85,12,14,0.74,2,116,437,674,-1,-274,1
226,2,364,85,12,14,0.74,2,117,437,646,-1,-274,1
227,2,363,84,12,14,0.76,2,118,437,618,-1,-274,1
228,2,363,84,12,14,0.77,2,119,437,590,-1,-274,1
229,2,363,84,12,14,0.77,2,120,437,562,-1,-274,1
230,2,363,83,12,14,0.77,2,121,437,534,-1,-274,1
231,2,363,83,12,14,0.77,2,122,436,506,-1,-274,1
232,2,363,83,12,14,0.75,2,123,436,478,-1,-274,1
233,2,363,83,12,13,0.74,2,124,436,450,-1,-274,1
234,2,363,83,12,13,0.75,2,125,436,422,-1,-274,1
235,2,363,83,12,13,0.75,2,126,436,394,-1,-274,1
236,2,362,82,12,13,0.76,2,127,436,366,-1,-275,1
237,2,362,82,12,13,0.74,2,128,436,338,-1,-275,1
238,2,362,82,12,13,0.74,2,129,436,310,-1,-275,1
239,2,362,81,11,13,0.73,2,130,436,282,-1,-275,1
240,2,362,81,11,13,0.73,2,131,435,254,-1,-275,1
241,2,362,81,12,13,0.67,2,132,435,226,-1,-275,1
242,2,362,81,11,12,0.65,2,133,435,197,-1,-275,1
243,2,362,80,10,13,0.67,2,134,435,169,-1,-275,1
244,2,362,80,10,13,0.67,2,135,435,141,-1,-275,1
245,2,362,80,10,13,0.67,2,136,435,113,-1,-275,1
246,2,362,80,10,13,0.67,2,137,435,85,-1,-275,1
247,2,362,79,10,13,0.70,2,138,435,57,-1,-275,1
248,2,362,79,10,13,0.70,2,139,435,29,-1,-275,1
249,2,362,79,10,13,0.71,2,140,434,1,-1,-275,1
250,2,362,79,10,12,0.67,2,141,434,-27,-1,-275,1
251,2,361,79,10,12,0.65,2,142,434,-55,-1,-275,1
252,2,361,79,10,12,0.65,2,143,434,-83,-1,-275,1
253,2,361,79,10,12,0.60,2,144,434,-111,-1,-275,1
254,2,361,78,10,12,0.60,2,145,434,-139,-1,-275,1
255,2,361,78,10,12,0.57,2,146,434,-167,-1,-275,1
256,2,361,78,10,12,0.57,2,147,434,-195,-1,-275,1
257,2,361,78,10,12,0.55,2,148,433,-223,-1,-275,1
258,2,361,78,10,11,0.54,2,149,433,-251,-1,-275,1
259,2,362,78,9,11,0.53,2,150,433,-280,-1,-276,1
260,2,362,78,9,11,0.53,2,151,433,-308,-1,-276,1
261,2,361,77,10,11,0.48,2,152,433,-336,-1,-276,1
262,2,361,77,10,11,0.48,2,153,433,-364,-1,-276,1
263,2,360,77,10,11,0.54,2,154,433,-392,-1,-276,1
264,2,360,77,10,11,0.54,2,155,433,-421,-1,-276,1
265,2,360,77,10,11,0.49,2,156,433,-449,-1,-276,1
266,2,360,76,10,11,0.49,2,157,432,-477,-1,-276,1
267,2,360,77,10,11,0.30,2,158,432,-505,-1,-276,1
268,2,360,77,10,11,0.30,2,159,432,-533,-1,-276,1
269,2,360,77,10,11,0.30,2,160,432,-561,-1,-276,1
270,2,360,76,9,11,0.23,2,161,432,-589,-1,-276,1
271,2,360,76,9,11,0.23,2,162,432,-617,-1,-276,1
272,2,360,76,10,10,0.27,2,163,432,-645,-1,-276,1
273,2,360,76,9,10,0.28,2,164,432,-673,-1,-276,1
274,2,360,76,9,10,0.28,2,165,432,-701,-1,-276,1
275,2,359,76,10,10,0.24,2,166,431,-729,-1,-276,1
276,2,360,75,9,10,0.21,2,167,431,-757,-1,-276,1
277,2,360,75,9,10,0.25,2,168,431,-786,-1,-276,1
278,2,360,75,9,10,0.25,2,169,431,-814,-1,-276,1
279,2,360,75,9,10,0.25,2,170,431,-842,-1,-276,1
280,2,359,74,9,11,0.23,2,171,431,-870,-1,-276,1
281,2,359,74,9,11,0.22,2,172,431,-898,-1,-276,1
282,2,359,74,9,11,0.18,2,173,431,-926,-1,-276,1
283,2,359,73,9,11,0.17,2,174,431,-954,-1,-276,1
284,2,359,73,9,11,0.17,2,175,430,-982,-1,-276,1
285,2,358,73,9,11,0.10,2,176,430,-1011,-1,-276,1
287,2,357,72,10,11,0.13,2,177,430,-1066,-1,-276,1
288,2,358,72,9,11,0.19,2,178,430,-1095,-1,-276,1
289,2,358,72,9,11,0.19,2,179,430,-1123,-1,-276,1
290,2,358,72,9,11,0.19,2,180,430,-1151,-1,-276,1
291,2,358,72,9,11,0.18,2,181,429,-1179,-1,-277,1
292,2,358,72,9,11,0.18,2,182,429,-1207,-1,-277,1
293,2,358,71,9,10,0.12,2,183,429,-1235,-1,-277,1
294,2,358,71,9,10,0.12,2,184,429,-1264,-1,-277,1
295,2,358,71,9,10,0.11,2,185,429,-1292,-1,-277,1
319,5,432,418,68,79,0.92,2,1,423,3802,0,-200,1
320,5,426,396,64,70,0.92,2,2,423,3774,-1,-276,1
321,5,419,362,58,63,0.92,2,3,423,3734,-1,-341,1
322,5,414,340,56,62,0.91,2,4,423,3700,-1,-340,1
323,5,409,306,50,65,0.89,2,5,423,3661,-1,-352,1
324,5,406,304,48,50,0.91,2,6,423,3625,-1,-354,1
325,5,402,285,44,45,0.91,2,7,423,3585,-1,-362,1
326,5,399,274,40,43,0.90,2,8,423,3548,-2,-363,1
327,5,396,259,36,39,0.91,2,9,423,3509,-2,-367,1
328,5,393,250,36,38,0.91,2,10,423,3471,-2,-368,1
329,5,390,237,34,36,0.91,2,11,422,3432,-3,-370,1
330,5,388,230,32,35,0.90,2,12,422,3395,-3,-371,1
331,5,387,221,30,32,0.90,2,13,422,3356,-3,-372,1
332,5,385,215,30,31,0.90,2,14,422,3319,-3,-372,1
333,5,383,208,28,29,0.90,2,15,422,3281,-3,-373,1
334,5,381,203,28,28,0.89,2,16,421,3244,-3,-373,1
335,5,380,196,26,27,0.89,2,17,421,3206,-3,-373,1
336,5,380,192,24,26,0.90,2,18,421,3169,-3,-373,1
337,5,378,186,24,25,0.89,2,19,421,3131,-3,-373,1
338,5,376,182,24,24,0.88,2,20,420,3093,-3,-374,1
339,5,376,176,22,24,0.89,2,21,420,3055,-3,-374,1
340,5,375,174,22,22,0.88,2,22,420,3018,-3,-374,1
341,5,373,169,22,22,0.89,2,23,419,2980,-3,-374,1
342,5,373,167,21,20,0.88,2,24,419,2942,-3,-374,1
343,5,372,162,21,21,0.88,2,25,419,2905,-3,-374,1
344,5,371,160,21,21,0.88,2,26,418,2868,-3,-374,1
345,5,370,156,20,20,0.86,2,27,418,2830,-3,-374,1
345,6,332,83,8,9,0.50,2,1,292,-103,0,200,1
346,5,370,153,19,20,0.87,2,28,418,2792,-3,-374,1
346,6,332,83,8,9,0.50,2,2,292,-84,3,199,1
347,5,369,151,18,19,0.87,2,29,418,2755,-3,-374,1
347,6,332,83,8,9,0.27,2,3,292,-65,4,194,1
348,5,369,149,18,19,0.87,2,30,417,2718,-3,-374,1
348,6,332,83,8,9,0.27,2,4,292,-48,3,184,1
349,5,367,146,18,19,0.85,2,31,417,2681,-3,-374,1
350,5,367,144,18,18,0.85,2,32,417,2644,-3,-374,1
351,5,366,140,17,18,0.85,2,33,416,2606,-3,-374,1
351,6,332,84,8,9,0.19,2,5,292,7,4,184,1
352,5,366,139,18,18,0.85,2,34,416,2569,-3,-374,1
352,6,331,84,8,9,0.30,2,6,293,22,0,179,1
353,5,365,137,17,17,0.85,2,35,416,2531,-3,-374,1
354,5,365,135,17,18,0.86,2,36,415,2494,-3,-374,1
354,6,330,86,10,10,0.61,2,7,293,133,1,262,1
355,5,364,132,17,18,0.85,2,37,415,2457,-3,-374,1
355,6,330,86,9,10,0.28,2,8,293,199,1,302,1
356,5,363,131,18,18,0.84,2,38,415,2420,-3,-374,1
356,6,330,86,10,10,0.38,2,9,293,247,2,319,1
357,5,364,129,16,17,0.85,2,39,414,2383,-3,-374,1
357,6,330,86,10,11,0.55,2,10,293,307,3,342,1
358,5,364,128,15,16,0.85,2,40,414,2345,-3,-374,1
358,6,330,86,10,11,0.56,2,11,293,353,3,351,1
359,5,363,126,16,17,0.85,2,41,413,2308,-3,-374,1
359,6,330,88,10,10,0.66,2,12,293,408,4,365,1
360,5,362,124,16,17,0.85,2,42,413,2271,-3,-374,1
360,6,330,88,10,11,0.71,2,13,294,469,4,382,1
361,5,362,124,16,16,0.84,2,43,413,2234,-3,-374,1
361,6,329,88,10,12,0.70,2,14,294,535,4,399,1
362,5,362,122,15,16,0.84,2,44,412,2197,-3,-374,1
362,6,329,88,10,12,0.70,2,15,295,588,4,406,1
363,5,362,120,14,16,0.85,2,45,412,2160,-3,-373,1
363,6,328,90,10,11,0.75,2,16,295,645,4,416,1
364,5,362,119,14,15,0.85,2,46,412,2122,-3,-373,1
364,6,328,90,10,12,0.71,2,17,296,706,4,426,1
365,5,362,117,14,16,0.84,2,47,411,2085,-3,-373,1
365,6,328,90,10,12,0.75,2,18,296,755,4,429,1
366,5,362,117,14,15,0.84,2,48,411,2048,-3,-373,1
366,6,328,90,10,12,0.75,2,19,297,796,4,428,1
367,5,361,114,14,16,0.82,2,49,411,2010,-3,-373,1
367,6,327,92,10,12,0.76,2,20,297,854,4,435,1
368,5,360,113,14,16,0.83,2,50,411,1973,-3,-373,1
368,6,328,92,10,12,0.76,2,21,297,901,4,437,1
369,5,360,112,14,16,0.83,2,51,410,1936,-3,-373,1
369,6,326,92,11,12,0.80,2,22,298,942,4,435,1
370,5,360,112,14,15,0.83,2,52,410,1899,-3,-373,1
370,6,326,92,11,12,0.80,2,23,298,977,3,432,1
371,5,360,110,14,15,0.83,2,53,410,1861,-3,-373,1
371,6,326,94,11,13,0.81,2,24,298,1033,3,437,1
372,5,360,110,14,15,0.83,2,54,409,1824,-3,-373,1
372,6,326,94,11,13,0.81,2,25,299,1081,3,439,1
373,5,360,108,13,15,0.82,2,55,409,1787,-3,-373,1
373,6,326,95,11,13,0.79,2,26,299,1130,3,441,1
374,5,360,108,12,14,0.83,2,56,409,1750,-3,-373,1
374,6,325,96,12,13,0.80,2,27,299,1180,3,443,1
375,5,359,106,13,15,0.83,2,57,408,1712,-3,-373,1
375,6,326,96,11,13,0.78,2,28,299,1223,4,442,1
376,5,359,106,13,15,0.84,2,58,408,1675,-3,-373,1
376,6,324,98,12,13,0.78,2,29,300,1275,4,445,1
377,5,359,105,12,14,0.83,2,59,408,1638,-3,-373,1
377,6,324,99,12,13,0.80,2,30,300,1327,4,447,1
378,5,358,105,13,14,0.83,2,60,408,1601,-3,-373,1
378,6,324,99,12,13,0.81,2,31,301,1371,4,447,1
379,5,358,104,13,14,0.83,2,61,407,1564,-3,-373,1
379,6,324,100,12,14,0.84,2,32,301,1422,4,449,1
380,5,358,103,12,14,0.83,2,62,407,1527,-3,-373,1
380,6,323,100,12,14,0.82,2,33,301,1466,4,448,1
381,5,358,102,12,13,0.82,2,63,407,1490,-3,-373,1
381,6,323,101,12,14,0.83,2,34,302,1511,4,448,1
382,5,358,102,13,14,0.82,2,64,406,1453,-3,-373,1
382,6,323,102,12,14,0.82,2,35,302,1555,4,448,1
383,5,358,100,12,13,0.82,2,65,406,1415,-3,-373,1
383,6,322,103,13,14,0.83,2,36,302,1599,4,448,1
384,5,358,100,12,13,0.82,2,66,406,1378,-3,-373,1
384,6,322,104,14,15,0.84,2,37,303,1647,4,449,1
385,5,358,99,12,13,0.82,2,67,406,1341,-3,-373,1
385,6,322,106,13,14,0.83,2,38,303,1693,4,449,1
386,5,358,98,12,13,0.80,2,68,405,1303,-3,-373,1
386,6,322,106,13,14,0.83,2,39,303,1735,4,448,1
387,5,357,97,12,12,0.77,2,69,405,1265,-3,-373,1
387,6,321,107,14,16,0.82,2,40,304,1784,4,449,1
388,5,357,98,11,12,0.77,2,70,405,1228,-3,-373,1
388,6,321,107,14,16,0.82,2,41,304,1827,4,449,1
389,5,356,96,12,13,0.79,2,71,405,1191,-3,-373,1
389,6,319,109,15,16,0.83,2,42,305,1873,4,449,1
390,5,356,96,12,12,0.78,2,72,404,1153,-3,-373,1
390,6,319,110,16,16,0.83,2,43,305,1917,4,449,1
391,5,356,95,12,12,0.76,2,73,404,1116,-3,-373,1
391,6,319,112,14,16,0.83,2,44,306,1963,4,449,1
392,5,356,94,12,12,0.75,2,74,404,1078,-3,-373,1
392,6,320,112,14,16,0.84,2,45,306,2004,4,448,1
393,5,356,94,12,12,0.74,2,75,403,1041,-3,-373,1
393,6,319,113,14,17,0.83,2,46,307,2047,4,448,1
394,5,356,95,12,13,0.71,2,76,403,1004,-3,-373,1
394,6,318,115,14,16,0.83,2,47,307,2088,4,447,1
395,5,355,93,12,12,0.65,2,77,403,967,-3,-373,1
395,6,316,116,16,18,0.84,2,48,307,2134,4,447,1
396,5,355,92,12,13,0.72,2,78,403,929,-3,-373,1
396,6,316,117,16,18,0.85,2,49,308,2177,4,447,1
397,5,355,92,12,12,0.67,2,79,402,892,-3,-373,1
397,6,316,119,16,18,0.84,2,50,308,2220,4,447,1
398,5,354,91,12,12,0.66,2,80,402,854,-3,-373,1
398,6,317,121,14,17,0.84,2,51,309,2261,4,446,1
399,5,354,91,12,12,0.59,2,81,402,817,-3,-373,1
399,6,314,123,16,18,0.84,2,52,309,2305,4,446,1
400,5,354,91,12,12,0.60,2,82,402,780,-3,-373,1
400,6,314,124,16,18,0.85,2,53,310,2347,4,445,1
401,5,354,90,12,11,0.63,2,83,401,742,-3,-373,1
401,6,313,125,17,20,0.83,2,54,310,2390,4,445,1
402,5,355,90,10,10,0.60,2,84,401,705,-3,-373,1
402,6,312,126,18,20,0.83,2,55,310,2431,4,445,1
403,5,355,90,10,10,0.58,2,85,401,667,-3,-373,1
403,6,311,129,18,20,0.85,2,56,311,2474,4,444,1
404,5,355,89,10,10,0.55,2,86,400,629,-3,-373,1
404,6,310,131,19,20,0.85,2,57,311,2515,4,444,1
405,5,355,88,10,10,0.47,2,87,400,591,-3,-373,1
405,6,309,133,18,21,0.85,2,58,312,2558,4,444,1
406,5,355,88,10,10,0.46,2,88,400,554,-3,-374,1
406,6,307,134,19,22,0.84,2,59,312,2599,4,443,1
407,5,355,88,10,10,0.46,2,89,399,516,-3,-374,1
407,6,306,138,20,21,0.86,2,60,312,2641,4,443,1
408,5,355,86,10,9,0.14,2,90,399,478,-3,-374,1
408,6,305,139,20,22,0.86,2,61,313,2681,4,442,1
409,5,355,85,10,10,0.45,2,91,399,439,-3,-374,1
409,6,304,142,20,24,0.87,2,62,313,2724,4,442,1
410,5,355,86,9,9,0.29,2,92,399,401,-3,-374,1
410,6,302,143,20,24,0.87,2,63,313,2764,4,441,1
411,5,355,86,9,9,0.30,2,93,398,363,-3,-374,1
411,6,303,148,18,24,0.86,2,64,314,2806,4,441,1
412,5,355,86,9,9,0.30,2,94,398,325,-3,-374,1
412,6,300,150,20,24,0.87,2,65,314,2846,4,440,1
413,5,354,85,10,9,0.21,2,95,398,287,-3,-374,1
413,6,297,154,22,26,0.87,2,66,314,2889,4,440,1
414,5,355,85,9,9,0.21,2,96,398,249,-3,-374,1
414,6,296,156,22,26,0.87,2,67,314,2929,3,439,1
415,5,354,84,9,9,0.57,2,97,397,211,-3,-374,1
415,6,294,161,22,27,0.88,2,68,315,2971,3,439,1
416,5,354,85,9,9,0.41,2,98,397,173,-3,-374,1
416,6,293,164,22,28,0.88,2,69,315,3011,3,439,1
417,5,354,85,9,9,0.40,2,99,397,136,-3,-374,1
417,6,289,169,25,29,0.90,2,70,315,3053,3,438,1
417,7,319,80,10,13,0.53,2,1,241,33,0,200,1
418,5,354,84,10,9,0.37,2,100,396,98,-3,-374,1
418,6,288,172,25,30,0.88,2,71,315,3094,3,438,1
418,7,319,80,10,13,0.53,2,2,241,52,5,198,1
419,5,354,82,9,9,0.44,2,101,396,60,-3,-374,1
419,6,282,180,26,34,0.90,2,72,315,3140,3,438,1
419,7,319,81,10,13,0.20,2,3,241,74,7,208,1
420,5,354,82,9,9,0.44,2,102,396,22,-3,-374,1
420,6,282,180,26,34,0.90,2,73,315,3180,3,438,1
420,7,319,81,10,13,0.20,2,4,241,97,7,216,1
421,5,354,82,9,9,0.44,2,103,396,-17,-3,-375,1
421,6,278,187,28,36,0.90,2,74,316,3221,3,437,1
421,7,319,82,10,13,0.44,2,5,242,131,8,246,1
422,5,355,82,8,8,0.28,2,104,395,-55,-3,-375,1
422,6,276,191,28,38,0.89,2,75,316,3261,3,437,1
422,7,319,83,10,13,0.21,2,6,242,182,10,299,1
423,5,355,82,8,8,0.19,2,105,395,-93,-3,-375,1
423,6,270,200,32,40,0.90,2,76,316,3303,3,437,1
423,7,319,83,10,13,0.23,2,7,243,232,11,333,1
424,5,355,82,8,8,0.18,2,106,395,-131,-3,-375,1
424,6,268,205,32,41,0.89,2,77,316,3343,3,436,1
424,7,319,83,10,13,0.13,2,8,243,277,12,350,1
425,6,262,214,35,45,0.90,2,78,316,3385,3,436,1
425,7,318,83,10,13,0.14,2,9,244,316,10,354,1
426,6,258,218,36,50,0.90,2,79,316,3426,3,436,1
426,7,318,83,10,14,0.40,2,10,245,365,10,370,1
427,6,253,230,38,54,0.90,2,80,316,3469,3,436,1
427,7,318,83,10,14,0.34,2,11,245,405,9,372,1
428,6,245,240,42,56,0.91,2,81,316,3510,3,435,1
428,7,316,85,11,14,0.49,2,12,246,476,9,403,1
429,6,236,254,47,64,0.90,2,82,316,3554,3,435,1
429,7,316,85,11,14,0.51,2,13,246,532,8,416,1
430,6,231,266,48,68,0.91,2,83,316,3596,3,435,1
430,7,316,85,11,14,0.51,2,14,247,575,8,417,1
431,6,220,287,52,75,0.90,2,84,316,3640,3,435,1
431,7,317,86,10,13,0.53,2,15,248,610,8,412,1
432,6,211,301,58,84,0.91,2,85,316,3682,3,435,1
432,7,316,86,11,14,0.34,2,16,248,653,8,413,1
433,6,196,328,64,96,0.92,2,86,317,3726,3,435,1
433,7,316,86,11,14,0.67,2,17,249,688,8,409,1
434,6,181,348,72,108,0.92,2,87,317,3769,3,435,1
434,7,316,86,11,14,0.60,2,18,249,717,7,402,1
435,6,162,387,80,126,0.94,2,88,317,3812,3,435,1
435,7,316,86,11,14,0.58,2,19,250,741,7,394,1
436,7,315,87,12,14,0.66,2,20,250,773,7,390,1
437,7,316,87,11,15,0.20,2,21,251,810,7,389,1
438,7,316,87,11,16,0.29,2,22,251,853,8,390,1
439,7,314,88,12,15,0.64,2,23,252,889,7,389,1
440,7,314,88,12,16,0.48,2,24,253,930,7,390,1
441,7,313,88,12,17,0.53,2,25,253,974,7,392,1
442,7,313,88,12,17,0.53,2,26,254,1012,7,392,1
443,7,313,88,12,17,0.58,2,27,254,1045,7,389,1
444,7,313,88,12,17,0.55,2,28,255,1073,7,385,1
445,7,311,89,14,18,0.60,2,29,255,1113,7,386,1
446,7,312,89,13,18,0.52,2,30,256,1148,6,385,1
447,7,311,90,14,18,0.64,2,31,256,1185,6,384,1
448,7,310,91,14,17,0.75,2,32,257,1218,6,382,1
449,7,310,91,14,18,0.55,2,33,257,1254,6,382,1
450,7,310,91,14,18,0.55,2,34,258,1285,6,379,1
451,7,309,93,14,18,0.78,2,35,258,1325,6,380,1
452,7,309,93,14,18,0.53,2,36,259,1359,6,379,1
453,7,309,93,14,19,0.73,2,37,259,1396,6,379,1
454,7,309,93,14,19,0.74,2,38,259,1428,6,377,1
455,7,308,95,14,19,0.64,2,39,260,1467,6,377,1
456,7,308,95,14,19,0.64,2,40,260,1501,6,377,1
457,7,308,96,14,19,0.81,2,41,261,1537,6,376,1
458,7,307,97,14,20,0.60,2,42,261,1578,6,377,1
459,7,306,97,16,20,0.77,2,43,262,1614,6,377,1
460,7,306,98,15,20,0.77,2,44,262,1651,6,376,1
461,7,304,98,16,20,0.75,2,45,263,1684,6,375,1
462,7,304,99,16,20,0.68,2,46,263,1718,6,374,1
463,7,303,99,17,21,0.76,2,47,263,1752,6,374,1
464,7,303,99,16,21,0.79,2,48,264,1783,5,372,1
465,7,303,101,16,22,0.74,2,49,264,1821,5,372,1
466,7,303,101,16,22,0.74,2,50,265,1855,5,372,1
467,7,302,102,16,22,0.82,2,51,265,1889,5,371,1
468,7,302,104,16,21,0.84,2,52,265,1922,5,371,1
469,7,300,104,17,22,0.80,2,53,266,1956,5,370,1
470,7,299,106,18,22,0.80,2,54,266,1992,5,370,1
471,7,298,105,18,23,0.84,2,55,267,2025,5,369,1
472,7,298,106,18,23,0.84,2,56,267,2057,5,368,1
473,7,297,107,18,23,0.74,2,57,267,2089,5,367,1
474,7,297,107,18,24,0.63,2,58,268,2121,5,366,1
475,7,295,109,18,24,0.70,2,59,268,2154,5,366,1
476,7,295,109,18,24,0.70,2,60,268,2185,5,365,1
477,7,293,109,20,26,0.82,7,61,269,2217,5,364,1
478,7,292,110,20,26,0.83,7,62,269,2248,5,363,1
479,7,290,112,20,27,0.80,7,63,269,2283,5,363,1
480,7,291,111,20,28,0.83,7,64,269,2315,5,362,1
481,7,289,114,20,28,0.82,7,65,270,2349,5,362,1
482,7,289,114,20,28,0.82,7,66,270,2381,5,361,1
483,7,286,114,22,30,0.82,7,67,270,2413,4,361,1
484,7,285,115,22,30,0.87,7,68,270,2444,4,360,1
485,7,284,116,22,30,0.87,7,69,271,2474,4,359,1
486,7,282,116,23,31,0.85,7,70,271,2503,4,358,1
487,7,282,118,22,31,0.85,7,71,271,2533,4,357,1
488,7,280,119,24,32,0.85,7,72,271,2562,4,356,1
489,7,278,121,24,34,0.88,7,73,271,2595,4,356,1
490,7,278,121,24,34,0.88,7,74,271,2625,4,355,1
491,7,273,124,26,35,0.87,7,75,271,2658,4,355,1
492,7,274,124,25,36,0.87,7,76,271,2689,4,354,1
493,7,271,125,26,37,0.88,7,77,271,2720,4,354,1
494,7,268,128,26,38,0.89,7,78,271,2752,4,353,1
495,7,268,129,26,38,0.89,7,79,271,2783,4,353,1
496,7,267,130,26,38,0.89,7,80,271,2812,3,352,1
497,7,263,135,26,38,0.89,7,81,271,2844,3,351,1
498,7,262,135,28,39,0.89,7,82,271,2874,3,351,1
499,7,260,138,28,40,0.89,7,83,271,2904,3,350,1
500,7,259,140,28,40,0.89,7,84,271,2934,3,350,1
501,7,256,142,29,42,0.90,7,85,271,2965,3,349,1
502,7,254,143,29,43,0.90,7,86,271,2995,3,348,1
503,7,249,146,32,44,0.90,7,87,271,3025,3,348,1
504,7,247,148,32,45,0.90,7,88,271,3055,3,347,1
505,7,244,152,32,47,0.91,7,89,271,3087,3,347,1
506,7,242,154,33,48,0.90,7,90,271,3117,3,347,1
507,7,237,158,34,49,0.91,7,91,270,3149,3,346,1
508,7,235,160,34,50,0.91,7,92,270,3179,3,346,1
508,8,333,85,8,9,0.45,2,1,301,107,0,200,1
509,7,230,164,37,52,0.91,7,93,270,3210,3,345,1
509,8,333,85,8,9,0.45,2,2,301,126,3,198,1
510,7,226,166,38,54,0.90,7,94,270,3240,3,345,1
510,8,332,85,8,8,0.13,2,3,301,143,-14,181,1
511,7,222,173,38,55,0.90,7,95,270,3271,3,344,1
512,7,217,175,40,58,0.91,7,96,270,3302,3,344,1
513,7,212,181,42,60,0.91,7,97,270,3334,3,344,1
514,7,209,184,42,62,0.90,7,98,270,3365,3,343,1
515,7,201,190,46,66,0.91,7,99,270,3396,3,343,1
516,7,196,195,48,68,0.91,7,100,270,3427,3,343,1
517,7,182,206,53,76,0.91,7,101,270,3461,3,343,1
518,7,182,206,53,76,0.91,7,102,270,3492,2,342,1
519,7,172,216,56,80,0.91,7,103,270,3524,2,342,1
520,7,166,220,58,86,0.91,7,104,270,3555,2,342,1
521,7,153,232,64,93,0.91,7,105,270,3587,2,342,1
521,8,330,90,10,11,0.61,2,4,292,599,1,379,1
522,7,145,238,66,100,0.92,7,106,270,3619,2,341,1
522,8,330,90,10,11,0.54,2,5,293,670,2,403,1
523,7,117,260,80,115,0.93,7,107,270,3654,2,341,1
523,8,329,92,10,10,0.48,2,6,294,737,2,421,1
524,7,117,260,80,115,0.93,7,108,270,3685,2,341,1
524,8,329,92,10,10,0.48,2,7,295,781,2,421,1
525,7,86,284,93,144,0.92,7,109,270,3721,2,341,1
525,8,329,92,10,10,0.50,2,8,296,814,1,416,1
526,7,87,284,92,143,0.92,7,110,270,3752,2,341,1
526,8,329,92,10,10,0.50,2,9,297,840,1,407,1
527,7,46,324,109,169,0.92,7,111,270,3787,3,341,1
527,8,329,94,10,10,0.19,2,10,297,889,2,412,1
528,7,46,324,108,169,0.92,7,112,270,3818,3,341,1
528,8,329,94,10,10,0.22,2,11,298,928,2,411,1
529,8,329,95,10,10,0.11,2,12,299,972,2,412,1
530,8,329,95,10,10,0.11,2,13,299,1008,2,410,1
532,8,327,97,12,11,0.71,2,14,300,1104,2,416,1
533,8,327,97,12,11,0.71,2,15,301,1148,2,417,1
534,8,326,99,11,12,0.19,2,16,302,1215,2,426,1
535,8,326,99,12,12,0.72,2,17,302,1269,3,430,1
536,8,326,100,12,12,0.68,2,18,303,1321,3,434,1
537,8,326,101,12,13,0.15,2,19,303,1381,3,439,1
538,8,325,101,13,13,0.38,2,20,304,1430,3,441,1
539,8,326,102,12,12,0.74,2,21,304,1472,3,440,1
540,8,324,104,14,14,0.44,2,22,305,1535,3,446,1
541,8,324,104,14,13,0.32,2,23,306,1581,3,447,1
542,8,325,105,12,13,0.73,2,24,306,1626,3,447,1
543,8,325,105,12,13,0.74,2,25,307,1665,3,445,1
544,8,324,106,13,14,0.71,2,26,307,1709,3,445,1
545,8,324,107,12,14,0.79,2,27,308,1752,3,445,1
546,8,324,107,12,14,0.78,2,28,308,1790,3,443,1
547,8,322,109,14,14,0.62,2,29,309,1832,3,442,1
548,8,322,110,14,14,0.74,2,30,309,1873,3,442,1
549,8,322,111,14,14,0.75,2,31,310,1912,3,440,1
550,8,321,112,14,14,0.76,2,32,310,1951,3,439,1
551,8,320,114,14,14,0.79,2,33,311,1993,3,439,1
552,8,320,114,14,15,0.75,2,34,311,2032,3,438,1
553,8,319,116,14,14,0.78,2,35,312,2071,3,437,1
554,8,319,116,14,15,0.80,2,36,312,2109,3,435,1
555,8,317,117,16,16,0.80,2,37,312,2148,3,434,1
556,8,317,119,16,16,0.81,2,38,313,2188,3,434,1
557,8,317,120,16,16,0.83,2,39,313,2226,3,433,1
558,8,316,122,16,17,0.79,2,40,313,2268,3,432,1
559,8,315,125,16,16,0.80,2,41,313,2310,3,432,1
560,8,315,125,16,16,0.79,2,42,314,2347,3,431,1
561,8,315,128,16,16,0.81,2,43,314,2387,3,430,1
562,8,314,128,17,18,0.82,2,44,314,2427,3,430,1
563,8,312,132,18,16,0.81,2,45,314,2466,3,429,1
564,8,312,133,17,16,0.81,2,46,315,2504,3,428,1
565,8,310,136,18,17,0.82,2,47,315,2544,3,428,1
566,8,310,137,18,18,0.81,2,48,315,2584,3,427,1
567,8,309,138,18,19,0.83,2,49,315,2622,3,426,1
568,8,308,141,18,18,0.83,2,50,315,2660,3,426,1
569,8,307,144,19,20,0.83,2,51,316,2701,3,425,1
570,8,306,146,19,20,0.83,2,52,316,2740,3,425,1
571,8,305,150,20,20,0.84,2,53,316,2781,3,424,1
572,8,304,152,21,21,0.85,2,54,316,2821,3,424,1
573,8,303,156,20,20,0.86,2,55,317,2860,3,424,1
574,8,302,158,21,22,0.85,2,56,317,2899,3,423,1
575,8,300,162,22,22,0.87,2,57,317,2938,3,423,1
576,8,299,166,22,22,0.86,2,58,317,2977,3,422,1
577,8,296,170,23,23,0.86,2,59,317,3017,3,422,1
578,8,294,174,24,23,0.86,2,60,318,3055,3,421,1
579,8,292,179,26,25,0.87,2,61,318,3095,3,421,1
580,8,291,184,24,25,0.88,2,62,318,3135,3,421,1
581,8,285,194,28,27,0.87,2,63,318,3180,3,421,1
582,8,285,194,28,27,0.86,2,64,319,3218,3,420,1
583,8,282,201,28,28,0.88,2,65,319,3257,3,420,1
584,8,279,208,30,30,0.88,2,66,319,3297,3,420,1
585,8,275,216,31,32,0.89,2,67,319,3337,3,420,1
586,8,272,223,32,32,0.90,2,68,319,3376,3,419,1
587,8,267,234,34,36,0.90,2,69,320,3418,3,419,1
588,8,264,242,36,38,0.90,2,70,320,3457,3,419,1
589,8,252,266,42,45,0.90,2,71,320,3507,3,420,1
590,8,252,266,42,45,0.90,2,72,320,3546,3,419,1
591,8,244,285,44,49,0.90,2,73,320,3588,3,419,1
592,8,239,299,48,52,0.91,2,74,321,3628,3,419,1
593,8,228,324,52,59,0.91,2,75,321,3671,3,419,1
594,8,221,342,54,66,0.93,2,76,321,3712,3,419,1
595,8,193,401,70,86,0.92,2,77,321,3761,3,420,1
657,9,462,266,168,245,0.93,7,1,453,3813,0,-200,1
658,9,458,257,152,227,0.94,7,2,453,3791,-4,-221,1
659,9,446,238,128,188,0.92,7,3,453,3744,-5,-349,1
660,9,440,226,116,170,0.93,7,4,453,3699,-2,-381,1
661,9,440,226,116,170,0.93,7,5,453,3676,-0,-342,1
662,9,438,221,108,159,0.93,7,6,453,3653,1,-320,1
663,9,433,212,100,145,0.93,7,7,453,3624,1,-315,1
664,9,430,208,96,136,0.92,7,8,453,3597,2,-310,1
665,9,426,200,88,126,0.93,7,9,453,3566,2,-309,1
666,9,424,196,84,120,0.93,7,10,453,3537,2,-306,1
667,9,418,185,76,108,0.93,7,11,453,3502,1,-311,1
668,9,418,185,76,108,0.93,7,12,453,3473,1,-309,1
669,9,414,180,72,100,0.93,7,13,453,3443,1,-309,1
670,9,410,172,66,91,0.92,7,14,453,3408,1,-312,1
671,9,410,172,66,91,0.92,7,15,453,3378,1,-311,1
672,9,408,169,64,88,0.92,7,16,454,3349,1,-310,1
673,9,406,164,60,84,0.93,7,17,454,3318,1,-309,1
674,9,405,162,58,82,0.92,7,18,454,3290,1,-308,1
675,9,404,158,54,78,0.92,7,19,454,3260,0,-307,1
676,9,402,156,52,76,0.92,7,20,454,3231,0,-306,1
677,9,400,152,52,73,0.91,7,21,454,3201,0,-306,1
678,9,397,147,48,68,0.92,7,22,454,3169,0,-307,1
679,9,396,145,46,66,0.92,7,23,454,3137,-0,-307,1
680,9,396,145,48,66,0.92,7,24,453,3107,-0,-307,1
681,9,393,141,44,62,0.91,7,25,453,3076,-0,-307,1
682,9,393,141,44,62,0.91,7,26,453,3047,-0,-306,1
683,9,390,138,44,60,0.90,7,27,453,3017,-0,-306,1
684,9,390,136,40,58,0.91,7,28,453,2987,-1,-306,1
685,9,389,134,40,57,0.91,7,29,453,2958,-1,-306,1
686,9,389,133,38,56,0.91,7,30,453,2929,-1,-305,1
687,9,388,131,36,53,0.91,7,31,452,2899,-1,-305,1
688,9,387,129,36,53,0.91,7,32,452,2869,-1,-304,1
689,9,385,127,36,52,0.91,7,33,452,2840,-1,-304,1
690,9,385,126,34,50,0.91,7,34,452,2810,-1,-304,1
691,9,384,124,34,50,0.91,7,35,452,2781,-1,-304,1
692,9,382,124,34,48,0.90,7,36,451,2752,-1,-303,1
692,10,403,445,78,88,0.92,2,1,410,3829,0,-200,1
693,9,382,122,32,47,0.90,7,37,451,2722,-1,-303,1
693,10,396,390,68,74,0.93,2,2,410,3773,1,-560,1
694,9,382,121,32,47,0.90,7,38,451,2694,-1,-302,1
694,10,393,360,60,68,0.93,2,3,411,3729,1,-499,1
695,9,381,119,30,46,0.90,7,39,450,2665,-2,-302,1
695,10,389,323,52,60,0.91,2,4,411,3676,1,-511,1
696,9,380,117,32,46,0.90,7,40,450,2636,-2,-302,1
696,10,386,302,48,54,0.90,2,5,411,3626,1,-507,1
697,9,379,116,30,44,0.89,7,41,450,2606,-2,-302,1
697,10,381,276,44,49,0.90,2,6,411,3572,-1,-514,1
698,9,378,116,30,43,0.90,7,42,450,2577,-2,-301,1
698,10,380,264,40,44,0.91,2,7,411,3522,-1,-511,1
699,9,377,114,30,42,0.90,7,43,449,2547,-2,-301,1
699,10,377,245,36,40,0.90,2,8,410,3469,-2,-515,1
700,9,378,114,28,40,0.90,7,44,449,2517,-2,-301,1
700,10,375,233,34,38,0.90,2,9,410,3417,-2,-516,1
701,9,377,112,28,40,0.90,7,45,449,2487,-2,-301,1
701,10,372,221,34,34,0.89,2,10,410,3363,-2,-518,1
702,9,376,112,28,39,0.90,7,46,448,2458,-2,-301,1
702,10,371,214,32,32,0.90,2,11,410,3312,-3,-517,1
703,9,376,110,28,39,0.90,7,47,448,2428,-2,-301,1
703,10,370,205,28,29,0.88,2,12,410,3261,-3,-517,1
704,9,375,110,28,38,0.90,7,48,448,2399,-2,-301,1
704,10,369,198,28,28,0.88,2,13,410,3210,-3,-516,1
705,9,374,108,28,38,0.89,7,49,447,2369,-2,-301,1
705,10,366,191,28,25,0.87,2,14,409,3158,-3,-516,1
706,9,375,108,26,37,0.89,7,50,447,2340,-2,-301,1
706,10,366,184,26,26,0.87,2,15,409,3108,-3,-515,1
707,9,374,107,26,36,0.88,7,51,447,2310,-2,-301,1
707,10,365,176,25,25,0.88,2,16,409,3056,-3,-515,1
708,9,374,106,26,36,0.89,7,52,446,2280,-2,-301,1
708,10,365,172,24,23,0.87,2,17,409,3005,-3,-515,1
709,9,374,105,24,36,0.89,7,53,446,2251,-2,-300,1
709,10,363,166,24,22,0.86,2,18,408,2953,-3,-516,1
710,9,374,104,24,36,0.89,7,54,446,2222,-2,-300,1
710,10,363,162,22,22,0.86,2,19,408,2902,-3,-515,1
711,9,374,104,24,34,0.89,7,55,446,2192,-2,-300,1
711,10,362,158,22,21,0.83,2,20,408,2851,-3,-515,1
712,9,373,103,24,34,0.90,7,56,445,2162,-2,-300,1
712,10,362,154,22,21,0.85,2,21,407,2800,-3,-515,1
713,9,371,102,24,34,0.89,7,57,445,2133,-2,-300,1
713,10,361,150,20,20,0.82,2,22,407,2749,-3,-515,1
713,11,480,299,154,234,0.93,7,1,454,3830,0,-200,1
714,9,372,102,23,33,0.89,7,58,445,2104,-2,-300,1
714,10,360,147,20,19,0.85,2,23,407,2698,-3,-514,1
714,11,474,296,148,198,0.91,7,2,454,3802,25,-284,1
715,9,371,101,23,32,0.89,7,59,445,2074,-2,-300,1
715,10,360,143,18,19,0.84,2,24,406,2646,-4,-514,1
715,11,468,277,128,180,0.92,7,3,454,3767,17,-314,1
716,9,371,100,22,32,0.89,7,60,444,2044,-2,-300,1
716,10,360,140,18,19,0.84,2,25,406,2595,-4,-514,1
716,11,462,269,120,168,0.93,7,4,454,3740,12,-298,1
717,9,371,99,22,31,0.89,7,61,444,2014,-2,-300,1
717,10,359,137,19,18,0.84,2,26,406,2544,-4,-514,1
717,11,456,255,108,156,0.93,7,5,455,3711,8,-296,1
718,9,371,99,22,31,0.88,7,62,444,1984,-2,-300,1
718,10,359,135,18,18,0.85,2,27,405,2493,-4,-514,1
718,11,452,246,104,148,0.93,7,6,455,3685,7,-290,1
719,9,370,98,22,31,0.88,7,63,444,1955,-2,-300,1
719,10,358,132,18,18,0.83,2,28,405,2442,-4,-514,1
719,11,444,236,98,134,0.92,7,7,455,3654,6,-292,1
720,9,370,98,21,30,0.87,7,64,443,1925,-2,-300,1
720,10,358,130,18,18,0.84,2,29,405,2392,-4,-513,1
720,11,441,230,92,127,0.93,7,8,456,3627,5,-290,1
721,9,369,97,22,30,0.88,7,65,443,1895,-2,-300,1
721,10,358,128,17,16,0.85,2,30,404,2341,-4,-513,1
721,11,438,221,84,120,0.93,7,9,456,3598,4,-290,1
722,9,370,96,20,30,0.88,7,66,443,1865,-2,-300,1
722,10,357,125,17,17,0.83,2,31,404,2290,-4,-513,1
722,11,434,216,80,114,0.92,7,10,456,3571,4,-288,1
723,9,369,96,21,29,0.88,7,67,443,1836,-2,-300,1
723,10,356,123,16,17,0.86,2,32,403,2239,-4,-513,1
723,11,430,208,76,106,0.92,7,11,456,3542,3,-288,1
723,12,404,404,64,74,0.91,2,1,412,3785,0,-200,1
724,9,369,96,20,29,0.88,7,68,442,1806,-2,-299,1
724,10,356,122,15,16,0.87,2,33,403,2188,-4,-513,1
724,11,428,203,72,101,0.92,7,12,456,3513,3,-288,1
724,12,402,380,60,66,0.92,2,2,412,3754,9,-311,1
725,9,368,95,20,28,0.89,7,69,442,1776,-2,-299,1
725,10,356,119,16,16,0.86,2,34,403,2137,-4,-513,1
725,11,425,196,68,96,0.92,7,13,456,3484,3,-289,1
725,12,396,346,54,60,0.90,2,3,412,3710,2,-376,1
726,9,368,94,20,28,0.88,7,70,442,1747,-2,-299,1
726,10,356,118,14,15,0.82,2,35,402,2086,-4,-513,1
726,11,424,193,64,91,0.93,7,14,456,3455,3,-288,1
726,12,392,328,48,54,0.90,2,4,412,3672,-3,-378,1
727,9,368,94,19,27,0.88,7,71,442,1717,-2,-299,1
727,10,356,116,14,15,0.83,2,36,402,2035,-4,-513,1
727,11,422,187,60,88,0.91,7,15,457,3426,2,-288,1
727,12,388,304,46,48,0.90,2,5,412,3628,-3,-394,1
728,9,368,93,19,27,0.87,7,72,442,1686,-2,-299,1
728,10,355,115,14,14,0.83,2,37,401,1984,-4,-513,1
728,11,418,184,60,86,0.93,7,16,457,3399,2,-287,1
728,12,385,289,44,46,0.90,2,6,412,3588,-3,-395,1
729,9,368,93,18,27,0.87,7,73,441,1657,-2,-299,1
729,10,356,114,13,13,0.83,2,38,401,1932,-4,-513,1
729,11,416,179,56,82,0.92,7,17,457,3371,2,-287,1
729,12,384,271,40,42,0.90,2,7,412,3545,-2,-401,1
730,9,368,92,18,26,0.87,7,74,441,1626,-2,-300,1
730,10,355,113,13,13,0.81,2,39,401,1881,-4,-513,1
730,11,414,176,56,78,0.91,7,18,457,3343,2,-286,1
730,12,381,260,40,40,0.90,2,8,412,3505,-2,-401,1
731,9,368,92,18,26,0.85,7,75,441,1596,-2,-300,1
731,10,354,112,14,13,0.79,2,40,400,1830,-4,-512,1
731,11,412,173,52,74,0.91,7,19,457,3315,2,-286,1
731,12,379,245,34,36,0.90,2,9,412,3461,-2,-406,1
732,9,367,92,18,26,0.85,7,76,441,1567,-2,-299,1
732,10,353,111,14,13,0.75,2,41,400,1780,-4,-512,1
732,11,410,169,52,74,0.91,7,20,457,3288,1,-285,1
732,12,376,236,32,36,0.90,2,10,412,3420,-3,-406,1
733,9,367,91,18,26,0.85,7,77,440,1537,-2,-299,1
733,10,354,109,12,13,0.68,2,42,399,1729,-4,-512,1
733,11,408,166,50,71,0.92,7,21,457,3261,1,-284,1
733,12,374,226,32,33,0.90,2,11,412,3378,-4,-408,1
734,9,368,90,18,26,0.85,7,78,440,1507,-2,-299,1
734,10,354,108,12,12,0.74,2,43,399,1678,-4,-512,1
734,11,408,163,48,70,0.91,7,22,457,3234,1,-283,1
734,12,373,219,32,31,0.89,2,12,411,3337,-4,-408,1
735,9,367,90,18,25,0.84,7,79,440,1477,-2,-299,1
735,10,354,106,12,13,0.71,2,44,398,1627,-4,-512,1
735,11,404,160,48,67,0.92,7,23,457,3207,1,-283,1
735,12,372,211,28,29,0.89,2,13,411,3295,-4,-409,1
736,9,367,90,18,25,0.85,7,80,440,1447,-2,-299,1
736,10,354,106,12,12,0.69,2,45,398,1576,-4,-512,1
736,11,406,158,44,65,0.92,7,24,457,3181,1,-282,1
736,12,370,205,28,28,0.88,2,14,411,3255,-4,-409,1
737,9,367,89,17,25,0.85,7,81,440,1417,-2,-299,1
737,10,353,104,12,12,0.53,2,46,397,1525,-4,-512,1
737,11,402,155,44,62,0.91,7,25,457,3153,1,-282,1
737,12,368,197,28,28,0.87,2,15,410,3213,-4,-409,1
738,9,367,89,17,25,0.86,7,82,440,1387,-2,-299,1
738,10,353,102,12,13,0.67,2,47,397,1474,-4,-512,1
738,11,402,153,42,61,0.91,7,26,457,3126,1,-281,1
738,12,368,193,26,26,0.88,2,16,410,3173,-4,-409,1
739,9,366,88,17,24,0.86,7,83,439,1357,-2,-299,1
739,10,353,102,12,12,0.43,2,48,397,1423,-4,-512,1
739,11,401,150,40,60,0.90,7,27,457,3100,1,-281,1
739,12,366,186,26,26,0.87,2,17,410,3132,-4,-409,1
740,9,366,88,17,24,0.85,7,84,439,1327,-2,-299,1
740,10,353,102,12,11,0.49,2,49,396,1372,-4,-512,1
740,11,400,148,40,58,0.90,7,28,457,3073,1,-280,1
740,12,366,182,24,24,0.87,2,18,409,3091,-4,-409,1
741,9,366,88,17,24,0.78,7,85,439,1297,-2,-299,1
741,11,398,146,40,57,0.91,7,29,456,3046,1,-280,1
741,12,365,175,25,25,0.89,2,19,409,3050,-4,-409,1
742,9,366,87,17,24,0.77,7,86,439,1267,-2,-299,1
742,10,353,99,12,11,0.62,2,50,395,1269,-4,-512,1
742,11,398,144,36,54,0.91,7,30,456,3019,1,-280,1
742,12,364,172,24,24,0.88,2,20,409,3010,-4,-409,1
743,9,366,86,16,24,0.76,7,87,439,1237,-2,-299,1
743,10,352,97,11,12,0.42,2,51,395,1218,-4,-512,1
743,11,396,142,36,54,0.90,7,31,456,2992,0,-279,1
743,12,364,167,22,23,0.88,2,21,408,2969,-4,-409,1
744,9,366,86,16,23,0.72,7,88,439,1207,-2,-300,1
744,10,353,97,11,11,0.44,2,52,394,1166,-4,-512,1
744,11,396,140,36,53,0.90,7,32,456,2966,0,-279,1
744,12,364,164,22,23,0.86,2,22,408,2928,-4,-408,1
745,9,365,86,16,23,0.80,7,89,438,1177,-2,-300,1
745,10,352,96,12,11,0.15,2,53,394,1115,-4,-512,1
745,11,394,138,36,52,0.90,7,33,456,2939,0,-278,1
745,12,363,159,22,23,0.87,2,23,407,2887,-4,-408,1
746,9,365,86,16,22,0.72,7,90,438,1147,-2,-300,1
746,11,394,136,34,51,0.90,7,34,456,2912,0,-278,1
746,12,362,156,22,22,0.83,2,24,407,2847,-4,-408,1
747,9,365,85,16,23,0.84,7,91,438,1117,-2,-300,1
747,11,394,135,32,49,0.90,7,35,456,2886,0,-278,1
747,12,361,154,21,20,0.86,2,25,407,2806,-4,-408,1
748,9,365,85,16,22,0.79,7,92,438,1087,-2,-300,1
748,11,392,133,32,48,0.90,7,36,456,2859,0,-277,1
748,12,361,150,22,21,0.83,2,26,406,2765,-4,-408,1
749,9,365,84,16,22,0.76,7,93,438,1056,-2,-300,1
749,11,391,131,32,47,0.89,7,37,456,2831,0,-277,1
749,12,361,147,21,20,0.84,2,27,406,2724,-4,-408,1
750,9,364,84,16,22,0.81,7,94,438,1026,-2,-300,1
750,11,390,130,32,47,0.90,7,38,456,2805,0,-277,1
750,12,360,145,20,20,0.85,2,28,405,2683,-4,-408,1
751,9,364,84,16,22,0.82,7,95,437,996,-2,-300,1
751,11,388,129,32,44,0.90,7,39,456,2778,0,-277,1
751,12,359,142,20,20,0.85,2,29,405,2643,-4,-408,1
752,9,364,83,16,21,0.67,7,96,437,965,-2,-300,1
752,10,352,92,9,10,0.22,2,54,391,756,-4,-512,1
752,11,388,128,32,44,0.90,7,40,456,2751,0,-276,1
752,12,360,140,19,19,0.84,2,30,405,2602,-4,-408,1
753,9,364,82,15,21,0.81,7,97,437,935,-2,-300,1
753,10,352,90,9,10,0.32,2,55,390,704,-4,-512,1
753,11,388,126,30,43,0.89,7,41,455,2724,0,-276,1
753,12,359,138,18,18,0.83,2,31,404,2561,-4,-408,1
754,9,364,82,15,21,0.81,7,98,437,904,-2,-300,1
754,10,352,90,9,10,0.35,2,56,390,653,-4,-512,1
754,11,387,125,30,42,0.89,7,42,455,2697,0,-276,1
754,12,360,136,18,18,0.84,2,32,404,2521,-4,-408,1
755,9,364,82,14,21,0.81,7,99,437,874,-2,-300,1
755,10,353,90,8,9,0.10,2,57,389,601,-4,-512,1
755,11,386,123,28,42,0.89,7,43,455,2671,-0,-276,1
755,12,359,134,18,18,0.83,2,33,404,2480,-4,-408,1
756,9,364,82,14,21,0.84,7,100,437,843,-2,-300,1
756,10,353,90,8,9,0.10,2,58,389,550,-4,-512,1
756,11,385,122,28,41,0.89,7,44,455,2644,-0,-276,1
756,12,359,132,18,17,0.82,2,34,403,2440,-4,-408,1
757,9,364,82,14,20,0.84,7,101,437,813,-2,-300,1
757,10,353,90,8,9,0.10,2,59,388,499,-4,-512,1
757,11,384,121,28,41,0.89,7,45,455,2617,-0,-275,1
757,12,359,130,16,16,0.82,2,35,403,2398,-4,-408,1
758,9,364,82,14,20,0.82,7,102,436,783,-2,-300,1
758,11,384,120,28,40,0.89,7,46,455,2591,-0,-275,1
758,12,358,128,16,16,0.84,2,36,403,2357,-4,-408,1
759,9,364,82,14,19,0.63,7,103,436,752,-2,-300,1
759,11,382,118,28,39,0.88,7,47,455,2564,-0,-275,1
759,12,358,126,16,16,0.83,2,37,402,2316,-4,-408,1
760,9,364,81,14,19,0.64,7,104,436,721,-2,-300,1
760,11,382,118,28,38,0.88,7,48,455,2537,-0,-275,1
760,12,358,125,16,16,0.82,2,38,402,2276,-4,-408,1
761,9,363,81,14,19,0.67,7,105,436,691,-2,-300,1
761,11,382,116,26,38,0.88,7,49,454,2510,-0,-275,1
761,12,358,124,15,14,0.79,2,39,402,2235,-4,-408,1
762,9,363,81,14,20,0.62,7,106,436,661,-2,-300,1
762,11,381,115,26,38,0.88,7,50,454,2483,-0,-275,1
762,12,359,123,14,14,0.78,2,40,401,2194,-4,-408,1
763,9,364,80,13,19,0.66,7,107,436,630,-2,-300,1
763,10,352,85,8,9,0.35,2,60,386,191,-4,-512,1
763,11,382,115,24,37,0.88,7,51,454,2457,-0,-274,1
763,12,358,120,14,14,0.81,2,41,401,2152,-4,-408,1
764,9,363,80,14,18,0.63,7,108,436,599,-2,-300,1
764,11,380,114,26,36,0.89,7,52,454,2430,-1,-274,1
764,12,357,118,14,15,0.79,2,42,401,2111,-4,-408,1
765,9,363,80,13,18,0.58,7,109,436,569,-2,-300,1
765,11,379,113,26,36,0.90,7,53,454,2403,-1,-274,1
765,12,357,117,14,14,0.76,2,43,401,2070,-3,-409,1
766,9,363,80,13,18,0.76,7,110,435,538,-2,-300,1
766,10,352,83,8,8,0.11,2,61,385,36,-4,-513,1
766,11,378,112,26,36,0.89,7,54,453,2377,-1,-274,1
766,12,357,116,14,14,0.77,2,44,400,2029,-3,-409,1
767,9,363,79,13,18,0.66,7,111,435,507,-2,-301,1
767,10,352,84,8,8,0.14,2,62,384,-16,-4,-513,1
767,11,378,112,24,35,0.89,7,55,453,2351,-1,-274,1
767,12,356,115,14,14,0.81,2,45,400,1988,-3,-409,1
768,9,363,79,13,18,0.60,7,112,435,477,-2,-301,1
768,11,378,111,24,35,0.88,7,56,453,2325,-1,-273,1
768,12,356,113,14,14,0.79,2,46,400,1947,-3,-409,1
769,9,363,79,13,18,0.61,7,113,435,446,-2,-301,1
769,11,378,110,24,34,0.88,7,57,453,2299,-1,-273,1
769,12,356,112,14,14,0.78,2,47,399,1905,-3,-409,1
770,9,363,78,12,18,0.49,7,114,435,415,-2,-301,1
770,11,377,109,24,34,0.87,7,58,453,2273,-1,-273,1
770,12,356,112,14,14,0.66,2,48,399,1865,-3,-409,1
771,9,363,78,12,18,0.69,7,115,435,385,-2,-301,1
771,11,377,108,22,33,0.87,7,59,452,2246,-1,-273,1
771,12,356,111,14,14,0.77,2,49,399,1824,-3,-409,1
772,9,363,78,12,18,0.69,7,116,435,354,-2,-301,1
772,11,377,108,22,32,0.87,7,60,452,2219,-1,-273,1
772,12,356,109,13,13,0.71,2,50,399,1783,-3,-409,1
773,9,362,77,13,18,0.73,7,117,435,323,-2,-301,1
773,11,377,106,22,34,0.87,7,61,452,2193,-1,-273,1
773,12,355,108,14,13,0.68,2,51,398,1742,-3,-409,1
774,9,362,77,13,18,0.72,7,118,434,293,-2,-301,1
774,11,376,106,22,33,0.87,7,62,452,2167,-1,-272,1
774,12,355,108,14,13,0.70,2,52,398,1701,-3,-409,1
775,9,362,77,12,17,0.72,7,119,434,262,-2,-301,1
775,11,375,105,22,32,0.88,7,63,452,2141,-1,-272,1
775,12,356,106,13,13,0.77,2,53,398,1660,-3,-409,1
776,9,362,77,12,17,0.50,7,120,434,231,-2,-301,1
776,11,375,104,22,32,0.88,7,64,451,2115,-1,-272,1
776,12,354,105,13,13,0.75,2,54,398,1619,-3,-409,1
777,9,362,77,12,17,0.50,7,121,434,200,-2,-301,1
777,11,376,104,20,31,0.87,7,65,451,2088,-1,-272,1
777,12,355,104,12,13,0.75,2,55,397,1578,-3,-409,1
778,9,362,77,12,16,0.57,7,122,434,169,-2,-301,1
778,11,375,103,20,30,0.87,7,66,451,2061,-1,-272,1
778,12,355,103,12,12,0.77,2,56,397,1537,-3,-409,1
779,9,362,77,12,16,0.56,7,123,434,139,-2,-301,1
779,11,374,102,20,30,0.87,7,67,451,2034,-1,-272,1
779,12,355,103,12,12,0.78,2,57,397,1496,-3,-409,1
780,9,362,77,12,16,0.58,7,124,434,108,-2,-301,1
780,11,374,101,20,30,0.88,7,68,451,2008,-1,-272,1
780,12,354,102,12,12,0.65,2,58,396,1455,-3,-409,1
781,9,362,76,11,16,0.52,7,125,434,77,-2,-301,1
781,11,374,101,20,30,0.88,7,69,450,1981,-1,-272,1
781,12,354,101,12,12,0.70,2,59,396,1414,-3,-409,1
782,9,362,76,11,16,0.44,7,126,433,46,-2,-301,1
782,11,373,100,20,30,0.88,7,70,450,1955,-1,-272,1
782,12,354,100,12,11,0.64,2,60,396,1372,-3,-409,1
783,9,362,76,11,16,0.44,7,127,433,15,-2,-301,1
783,11,373,100,19,29,0.87,7,71,450,1928,-1,-271,1
783,12,355,99,11,11,0.65,2,61,396,1331,-3,-409,1
784,9,362,76,11,16,0.42,7,128,433,-15,-2,-301,1
784,11,373,100,19,29,0.87,7,72,450,1902,-1,-271,1
784,12,355,99,11,11,0.65,2,62,395,1289,-3,-409,1
785,9,362,76,11,15,0.47,7,129,433,-46,-2,-302,1
785,11,373,99,18,28,0.86,7,73,450,1875,-1,-271,1
785,12,354,98,11,11,0.51,2,63,395,1248,-3,-409,1
786,9,362,76,11,15,0.45,7,130,433,-77,-2,-302,1
786,11,373,98,18,28,0.87,7,74,449,1849,-1,-271,1
786,12,354,98,11,10,0.51,2,64,395,1206,-3,-409,1
787,9,362,76,10,15,0.45,7,131,433,-108,-2,-302,1
787,11,372,98,18,28,0.87,7,75,449,1822,-1,-271,1
787,12,355,97,10,10,0.47,2,65,394,1165,-3,-410,1
787,13,326,67,10,15,0.35,7,1,231,-1592,0,200,1
788,9,361,75,11,14,0.30,7,132,433,-139,-2,-302,1
788,11,372,97,18,27,0.86,7,76,449,1795,-1,-271,1
788,12,354,96,10,10,0.29,2,66,394,1123,-3,-410,1
788,13,326,67,10,15,0.55,7,2,231,-1572,3,200,1
789,9,361,75,11,14,0.31,7,133,433,-170,-2,-302,1
789,11,371,97,18,27,0.86,7,77,449,1769,-1,-271,1
789,12,354,95,10,10,0.36,2,67,394,1082,-3,-410,1
789,13,326,67,10,15,0.54,7,3,231,-1553,4,198,1
790,9,361,75,11,14,0.31,7,134,433,-201,-2,-302,1
790,11,371,96,18,27,0.86,7,78,449,1742,-1,-271,1
790,12,354,95,10,10,0.38,2,68,394,1040,-3,-410,1
790,13,326,67,10,15,0.55,7,4,231,-1534,5,195,1
791,9,361,75,11,14,0.27,7,135,432,-232,-2,-302,1
791,11,371,96,18,27,0.87,7,79,448,1716,-1,-271,1
791,13,326,67,10,15,0.29,7,5,231,-1516,5,190,1
792,9,361,75,10,14,0.31,7,136,432,-263,-2,-302,1
792,11,371,95,17,26,0.88,7,80,448,1689,-1,-271,1
792,13,326,67,10,16,0.23,7,6,231,-1493,5,199,1
793,9,361,75,10,14,0.30,7,137,432,-294,-2,-302,1
793,11,371,95,17,26,0.87,7,81,448,1662,-1,-271,1
793,12,354,92,10,10,0.36,2,69,393,916,-3,-410,1
793,13,326,67,10,16,0.19,7,7,232,-1468,5,207,1
794,9,361,75,10,14,0.22,7,138,432,-324,-2,-302,1
794,11,371,94,16,26,0.86,7,82,448,1636,-1,-271,1
794,12,354,92,10,10,0.38,2,70,393,875,-3,-410,1
794,13,325,67,10,16,0.19,7,8,232,-1442,2,214,1
795,9,361,74,10,14,0.19,7,139,432,-355,-2,-302,1
795,11,371,93,16,26,0.86,7,83,448,1609,-1,-271,1
795,12,354,90,10,10,0.46,2,71,392,833,-3,-410,1
795,13,325,67,10,16,0.20,7,9,232,-1418,1,218,1
796,9,361,74,10,14,0.19,7,140,432,-386,-2,-302,1
796,11,371,93,16,26,0.85,7,84,447,1582,-1,-271,1
796,12,354,90,10,10,0.46,2,72,392,791,-3,-410,1
796,13,325,67,10,16,0.20,7,10,232,-1396,0,218,1
797,9,360,74,10,14,0.16,7,141,432,-417,-2,-302,1
797,11,370,92,16,25,0.85,7,85,447,1555,-1,-271,1
797,12,354,90,10,9,0.24,2,73,392,749,-3,-411,1
797,13,325,67,10,16,0.20,7,11,232,-1376,0,216,1
798,9,360,74,10,14,0.13,7,142,432,-448,-2,-302,1
798,11,370,92,16,25,0.85,7,86,447,1528,-1,-271,1
798,12,354,90,10,9,0.15,2,74,392,707,-3,-411,1
798,13,325,67,10,16,0.20,7,12,232,-1359,0,212,1
799,9,360,74,10,14,0.15,7,143,432,-479,-2,-302,1
799,11,370,91,16,25,0.85,7,87,447,1501,-1,-271,1
799,12,354,89,10,9,0.38,2,75,391,665,-3,-411,1
799,13,325,68,10,16,0.28,7,13,232,-1319,1,227,1
800,9,360,73,10,14,0.16,7,144,431,-510,-2,-302,1
800,11,369,91,16,24,0.85,7,88,447,1474,-1,-271,1
800,13,325,68,10,16,0.36,7,14,232,-1284,1,237,1
801,9,360,73,10,14,0.16,7,145,431,-540,-2,-302,1
801,11,369,91,16,24,0.84,7,89,447,1447,-1,-271,1
801,13,324,68,11,17,0.51,7,15,232,-1224,1,263,1
802,9,360,73,10,13,0.17,7,146,431,-571,-2,-302,1
802,11,369,91,16,24,0.84,7,90,446,1421,-1,-271,1
802,12,353,87,10,9,0.20,2,76,391,540,-3,-411,1
802,13,324,68,11,17,0.51,7,16,232,-1173,2,280,1
803,11,369,91,16,24,0.84,7,91,446,1394,-1,-270,1
804,11,369,91,16,23,0.84,7,92,446,1367,-1,-270,1
805,11,369,90,15,22,0.76,7,93,446,1340,-1,-270,1
805,13,323,69,10,17,0.11,7,17,232,-1043,1,305,1
806,11,369,90,15,22,0.80,7,94,446,1313,-1,-270,1
807,11,368,90,15,22,0.72,7,95,446,1286,-1,-270,1
807,13,323,70,10,18,0.61,7,18,233,-883,2,354,1
808,9,360,72,9,13,0.13,7,147,430,-754,-2,-302,1
808,11,369,89,14,22,0.70,7,96,446,1260,-1,-270,1
808,13,322,70,11,17,0.75,7,19,233,-822,2,367,1
809,9,360,72,9,13,0.13,7,148,430,-785,-2,-303,1
809,11,369,88,14,22,0.69,7,97,445,1232,-1,-270,1
809,13,322,70,11,17,0.75,7,20,233,-773,2,372,1
810,9,360,72,9,12,0.15,7,149,430,-816,-2,-303,1
810,11,368,88,15,22,0.77,7,98,445,1205,-1,-270,1
810,13,322,70,12,18,0.75,7,21,233,-708,3,384,1
811,9,360,72,9,12,0.17,7,150,430,-847,-2,-303,1
811,11,368,88,14,22,0.70,7,99,445,1179,-1,-270,1
811,13,322,70,12,18,0.74,7,22,234,-655,3,390,1
812,9,360,71,9,12,0.14,7,151,430,-878,-2,-303,1
812,11,368,87,14,22,0.76,7,100,445,1152,-1,-270,1
812,13,322,70,12,18,0.74,7,23,234,-611,3,393,1
813,9,360,71,8,12,0.12,7,152,430,-909,-2,-303,1
813,11,368,87,15,22,0.72,7,101,445,1125,-1,-270,1
813,13,322,70,12,18,0.74,7,24,235,-572,3,392,1
814,9,360,71,8,12,0.12,7,153,429,-940,-2,-303,1
814,11,368,87,15,22,0.71,7,102,445,1098,-1,-270,1
814,13,322,70,12,18,0.74,7,25,235,-539,3,390,1
815,11,368,87,14,21,0.60,7,103,445,1071,-1,-270,1
815,13,321,70,12,18,0.71,7,26,236,-509,3,387,1
815,14,410,424,64,72,0.89,2,1,413,3801,0,-200,1
816,11,367,86,14,20,0.68,7,104,445,1044,-1,-270,1
816,13,321,70,13,19,0.69,7,27,236,-467,3,388,1
816,14,406,400,60,66,0.89,2,2,413,3774,-1,-268,1
817,9,359,71,9,11,0.10,7,154,429,-1032,-2,-303,1
817,11,367,85,14,20,0.78,7,105,445,1017,-1,-270,1
817,13,320,70,14,20,0.76,7,28,237,-413,3,393,1
817,14,402,370,56,60,0.90,2,3,413,3738,2,-314,1
818,9,359,71,9,11,0.10,7,155,429,-1063,-2,-303,1
818,11,368,85,13,20,0.76,7,106,444,989,-1,-270,1
818,13,320,70,14,20,0.75,7,29,237,-366,3,395,1
818,14,400,352,50,56,0.90,2,4,413,3708,1,-310,1
819,11,367,85,13,19,0.66,7,107,444,962,-1,-270,1
819,13,320,70,14,21,0.75,7,30,238,-310,4,401,1
819,14,397,328,46,52,0.90,2,5,413,3673,1,-321,1
820,11,367,85,13,19,0.66,7,108,444,934,-1,-270,1
820,13,320,70,14,21,0.75,7,31,238,-261,4,403,1
820,14,394,313,44,50,0.89,2,6,413,3641,0,-321,1
821,11,366,85,13,18,0.55,7,109,444,907,-1,-271,1
821,13,320,70,14,21,0.75,7,32,239,-218,4,404,1
821,14,390,296,44,44,0.91,2,7,413,3605,0,-328,1
821,15,333,81,8,10,0.33,2,1,294,-221,0,200,1
822,11,366,85,13,18,0.54,7,110,444,880,-1,-271,1
822,13,320,70,14,21,0.74,7,33,239,-180,4,404,1
822,14,388,285,42,43,0.90,2,8,413,3572,0,-327,1
822,15,333,82,8,10,0.33,2,2,294,-200,4,206,1
823,11,367,84,12,18,0.60,7,111,444,852,-1,-271,1
823,13,320,70,14,21,0.75,7,34,240,-145,4,402,1
823,14,386,270,40,41,0.89,2,9,413,3538,0,-329,1
823,15,332,81,8,11,0.27,2,3,294,-178,-14,215,1
824,11,367,84,12,18,0.44,7,112,444,824,-1,-271,1
824,13,319,70,14,21,0.72,7,35,241,-113,4,400,1
824,14,384,262,40,38,0.90,2,10,413,3505,0,-330,1
824,15,332,82,8,11,0.26,2,4,294,-147,-11,244,1
825,11,366,84,12,18,0.44,7,113,444,797,-1,-271,1
825,13,318,71,14,22,0.65,7,36,241,-61,4,403,1
825,14,383,250,36,36,0.90,2,11,413,3470,0,-331,1
825,15,332,83,9,11,0.16,2,5,294,-100,-4,301,1
826,11,366,84,12,18,0.42,7,114,444,770,-1,-271,1
826,13,318,71,14,22,0.65,7,37,242,-15,4,404,1
826,14,381,242,34,34,0.90,2,12,413,3437,-0,-332,1
826,15,332,84,9,10,0.22,2,6,293,-47,-1,348,1
827,11,366,84,12,18,0.53,7,115,443,743,-1,-271,1
827,13,317,72,14,22,0.63,7,38,242,38,4,408,1
827,14,379,232,32,33,0.90,2,13,413,3402,-1,-333,1
827,15,331,85,10,10,0.59,2,7,293,26,1,411,1
828,11,365,83,12,18,0.53,7,116,443,715,-1,-271,1
828,13,317,72,14,22,0.56,7,39,243,85,4,409,1
828,14,379,226,32,32,0.89,2,14,413,3368,-1,-333,1
828,15,331,85,10,10,0.36,2,8,294,94,2,449,1
829,11,365,82,12,18,0.53,7,117,443,688,-1,-271,1
829,13,317,72,14,22,0.56,7,40,243,127,4,409,1
829,14,377,218,32,30,0.89,2,15,413,3334,-1,-334,1
829,15,331,85,10,10,0.36,2,9,294,153,3,466,1
830,11,365,82,12,18,0.54,7,118,443,661,-1,-271,1
830,13,317,73,12,22,0.62,7,41,244,176,4,411,1
830,14,377,214,30,29,0.88,2,16,413,3301,-0,-334,1
830,15,331,85,10,11,0.54,2,10,294,221,4,491,1
831,11,365,82,12,18,0.63,7,119,443,633,-1,-271,1
831,13,317,74,13,22,0.69,7,42,244,229,4,414,1
831,14,374,207,28,28,0.89,2,17,413,3267,-1,-334,1
831,15,330,85,10,11,0.49,2,11,294,278,3,498,1
832,11,365,82,12,18,0.48,7,120,443,606,-1,-271,1
832,13,317,73,14,22,0.76,7,43,244,267,4,413,1
832,14,374,202,28,28,0.88,2,18,413,3234,-1,-334,1
832,15,330,85,10,11,0.47,2,12,295,322,3,494,1
833,11,365,82,12,17,0.60,7,121,443,579,-1,-271,1
833,13,316,74,14,22,0.78,7,44,245,310,4,413,1
833,14,372,196,28,27,0.88,2,19,413,3201,-1,-334,1
833,15,330,86,10,11,0.48,2,13,295,376,3,497,1
834,11,365,82,12,17,0.58,7,122,443,552,-1,-271,1
834,13,316,74,14,22,0.76,7,45,245,349,4,413,1
834,14,372,192,28,26,0.88,2,20,413,3168,-1,-334,1
834,15,330,86,10,12,0.50,2,14,295,437,3,506,1
835,11,364,81,12,17,0.52,7,123,443,524,-1,-271,1
835,13,316,74,14,23,0.74,7,46,246,393,4,413,1
835,14,371,188,26,24,0.87,2,21,413,3134,-1,-334,1
835,15,330,86,11,12,0.66,2,15,296,485,4,504,1
836,11,364,80,12,17,0.56,7,124,442,497,-1,-271,1
836,13,316,74,14,23,0.74,7,47,246,432,4,413,1
836,14,370,183,25,25,0.88,2,22,413,3101,-1,-334,1
836,15,330,86,11,12,0.66,2,16,296,525,4,497,1
837,11,364,80,12,17,0.47,7,125,442,469,-1,-271,1
837,13,316,76,14,23,0.81,7,48,246,484,4,415,1
837,14,369,178,24,24,0.87,2,23,413,3067,-1,-334,1
837,15,330,85,10,15,0.50,2,17,296,587,4,505,1
838,11,364,80,12,17,0.55,7,126,442,442,-1,-271,1
838,13,316,76,14,23,0.81,7,49,247,530,4,416,1
838,14,368,175,24,24,0.87,2,24,412,3034,-1,-334,1
838,15,330,85,10,15,0.49,2,18,297,637,4,505,1
839,11,364,80,11,17,0.57,7,127,442,414,-1,-271,1
839,13,315,76,14,23,0.81,7,50,247,573,4,416,1
839,14,368,171,24,23,0.86,2,25,412,3001,-1,-334,1
839,15,329,85,11,15,0.73,2,19,297,679,4,500,1
840,11,363,79,12,17,0.61,7,128,442,387,-1,-271,1
840,13,315,76,14,24,0.81,7,51,248,618,4,417,1
840,14,368,169,22,22,0.87,2,26,412,2968,-1,-334,1
840,15,329,86,11,15,0.72,2,20,298,726,4,498,1
841,11,363,79,12,17,0.60,7,129,442,359,-1,-271,1
841,13,314,76,15,23,0.82,7,52,248,654,4,416,1
841,14,366,164,22,23,0.86,2,27,412,2935,-2,-334,1
841,15,329,86,11,15,0.73,2,21,298,766,4,493,1
842,11,363,79,12,17,0.63,7,130,442,332,-1,-271,1
842,13,314,77,15,24,0.82,7,53,249,698,4,416,1
842,14,366,162,21,22,0.87,2,28,412,2902,-2,-333,1
842,15,329,86,12,16,0.75,2,22,299,810,5,491,1
843,11,363,79,11,17,0.57,7,131,442,305,-1,-271,1
843,13,314,78,15,24,0.84,7,54,249,746,4,417,1
843,14,366,158,20,22,0.87,2,29,412,2868,-2,-333,1
843,15,328,86,12,18,0.64,2,23,299,870,5,496,1
844,11,363,79,11,16,0.47,7,132,441,277,-1,-271,1
844,13,314,78,15,24,0.83,7,55,250,789,4,418,1
844,14,365,156,21,22,0.87,2,30,411,2835,-2,-333,1
844,15,328,87,12,17,0.76,2,24,300,919,5,496,1
845,11,362,78,11,16,0.52,7,133,441,250,-1,-271,1
845,13,313,79,16,24,0.85,7,56,250,834,4,418,1
845,14,365,154,20,20,0.86,2,31,411,2802,-2,-333,1
845,15,328,88,12,16,0.77,2,25,300,961,5,492,1
846,11,362,78,11,16,0.52,7,134,441,222,-1,-271,1
846,13,313,79,16,24,0.85,7,57,251,875,4,418,1
846,14,364,152,20,20,0.86,2,32,411,2769,-2,-333,1
846,15,328,89,12,15,0.78,2,26,301,998,5,487,1
847,11,362,78,11,16,0.46,7,135,441,195,-1,-271,1
847,13,312,78,16,24,0.83,7,58,251,909,4,417,1
847,14,364,149,20,20,0.85,2,33,411,2736,-2,-333,1
847,15,327,91,12,14,0.80,2,27,302,1038,5,484,1
848,11,363,78,10,16,0.52,7,136,441,167,-1,-271,1
848,13,312,78,16,25,0.85,7,59,252,944,4,416,1
848,14,363,148,20,19,0.85,2,34,410,2703,-2,-333,1
848,15,327,91,12,15,0.77,2,28,302,1081,4,482,1
849,11,363,78,10,16,0.53,7,137,441,140,-1,-271,1
849,13,312,78,16,25,0.84,7,60,252,977,4,414,1
849,14,363,145,20,19,0.85,2,35,410,2670,-2,-333,1
849,15,326,91,13,16,0.72,2,29,302,1125,4,481,1
850,11,362,78,10,15,0.35,7,138,440,112,-1,-271,1
850,13,312,79,16,26,0.85,7,61,253,1017,4,414,1
850,14,363,144,18,18,0.84,2,36,410,2637,-2,-333,1
850,15,327,91,12,16,0.71,2,30,303,1164,4,478,1
851,11,362,78,10,15,0.39,7,139,440,85,-1,-271,1
851,13,311,80,16,25,0.85,7,62,253,1054,4,413,1
851,14,362,140,18,19,0.84,2,37,410,2604,-2,-333,1
851,15,326,94,12,15,0.79,2,31,303,1213,4,478,1
852,11,362,78,10,14,0.39,7,140,440,57,-1,-271,1
852,13,310,81,16,24,0.85,7,63,253,1089,4,412,1
852,14,362,139,18,18,0.84,2,38,409,2571,-2,-333,1
852,15,326,93,12,16,0.79,2,32,304,1255,4,476,1
853,11,362,78,10,14,0.39,7,141,440,30,-1,-271,1
853,13,310,81,16,24,0.85,7,64,254,1121,4,411,1
853,14,362,138,18,18,0.84,2,39,409,2538,-2,-332,1
853,15,325,94,12,16,0.79,2,33,304,1298,4,475,1
854,11,362,78,10,14,0.50,7,142,440,2,-1,-271,1
854,13,310,81,16,25,0.85,7,65,254,1154,4,410,1
854,14,361,136,18,17,0.84,2,40,409,2505,-2,-332,1
854,15,325,96,12,15,0.81,2,34,305,1342,4,474,1
855,11,362,78,10,14,0.37,7,143,440,-25,-1,-271,1
855,13,309,81,17,26,0.85,7,66,255,1190,4,409,1
855,14,361,134,18,17,0.84,2,41,409,2472,-2,-332,1
855,15,324,95,13,18,0.76,2,35,305,1393,4,475,1
856,11,362,78,10,14,0.37,7,144,439,-53,-1,-271,1
856,13,309,82,16,25,0.85,7,67,255,1223,4,408,1
856,14,361,133,18,16,0.83,2,42,408,2439,-2,-332,1
856,15,325,96,12,17,0.79,2,36,305,1438,4,474,1
857,11,362,78,9,14,0.22,7,145,439,-80,-1,-271,1
857,13,308,83,17,26,0.85,7,68,255,1261,4,408,1
857,14,361,131,18,17,0.83,2,43,408,2406,-2,-332,1
857,15,324,98,12,15,0.78,2,37,305,1477,4,472,1
858,11,362,78,9,14,0.21,7,146,439,-107,-1,-271,1
858,13,309,83,16,25,0.84,7,69,256,1293,4,406,1
858,14,361,130,17,16,0.83,2,44,408,2373,-2,-332,1
858,15,324,98,13,16,0.78,2,38,306,1517,4,470,1
859,11,362,78,9,13,0.22,7,147,439,-135,-1,-271,1
859,13,309,83,16,25,0.85,7,70,256,1323,4,405,1
859,14,361,128,16,16,0.85,2,45,408,2340,-2,-332,1
859,15,323,99,14,17,0.75,2,39,306,1562,4,469,1
860,11,362,76,9,14,0.37,7,148,439,-162,-1,-272,1
860,13,308,84,18,28,0.84,7,71,256,1365,4,405,1
860,14,360,127,18,17,0.85,2,46,408,2307,-2,-332,1
860,15,322,100,14,17,0.76,2,40,306,1607,4,469,1
860,16,328,90,11,10,0.44,2,1,297,639,0,200,1
861,11,362,77,9,14,0.29,7,149,439,-190,-1,-272,1
861,13,307,84,18,28,0.84,7,72,257,1403,4,405,1
861,14,360,126,16,16,0.83,2,47,407,2274,-2,-332,1
861,15,322,101,14,18,0.75,2,41,307,1656,4,469,1
861,16,329,90,10,10,0.59,2,2,297,659,19,197,1
862,11,362,77,9,14,0.30,7,150,438,-217,-1,-272,1
862,13,307,84,18,28,0.82,7,73,257,1439,4,404,1
862,14,360,125,16,15,0.81,2,48,407,2241,-2,-332,1
862,15,321,102,14,17,0.79,2,42,307,1699,4,468,1
862,16,329,90,10,10,0.46,2,3,298,677,15,187,1
863,11,362,77,9,14,0.31,7,151,438,-244,-1,-272,1
863,13,306,85,18,30,0.84,7,74,257,1482,4,405,1
863,14,360,124,16,15,0.81,2,49,407,2209,-2,-332,1
863,15,321,102,14,18,0.77,2,43,307,1742,4,467,1
863,16,329,90,10,11,0.60,2,4,298,697,12,194,1
864,11,362,76,9,13,0.19,7,152,438,-272,-1,-272,1
864,13,306,85,18,30,0.83,7,75,258,1522,4,404,1
864,14,359,123,16,15,0.80,2,50,407,2176,-2,-332,1
864,15,320,104,14,16,0.78,2,44,307,1780,3,465,1
864,16,329,90,10,11,0.46,2,5,299,716,10,192,1
865,11,362,76,8,12,0.14,7,153,438,-300,-1,-272,1
865,13,304,86,20,31,0.83,7,76,258,1566,4,405,1
865,14,358,121,15,14,0.83,2,51,407,2143,-2,-332,1
865,15,320,106,14,17,0.78,2,45,308,1825,3,465,1
865,16,329,92,10,10,0.60,2,6,299,746,10,213,1
866,11,362,76,8,12,0.14,7,154,438,-328,-1,-272,1
866,13,304,86,20,31,0.84,7,77,259,1606,4,405,1
866,14,358,120,15,15,0.84,2,52,406,2110,-2,-332,1
866,15,320,106,14,17,0.78,2,46,308,1865,3,464,1
866,16,328,94,10,10,0.66,2,7,299,808,8,281,1
866,17,332,84,9,8,0.43,2,1,294,-105,0,200,1
866,18,318,77,12,17,0.40,7,1,245,135,0,200,1
867,11,362,76,8,12,0.14,7,155,438,-356,-1,-272,1
867,13,303,87,20,31,0.86,7,78,259,1646,4,405,1
867,14,358,118,14,14,0.83,2,53,406,2077,-2,-332,1
867,15,319,108,14,17,0.83,2,47,308,1908,3,463,1
867,16,328,93,11,10,0.33,2,8,300,841,8,288,1
867,17,332,85,9,9,0.21,2,2,294,-83,5,214,1
867,18,318,77,12,18,0.45,7,2,245,155,6,206,1
868,11,361,74,9,14,0.17,7,156,437,-383,-1,-272,1
868,13,302,87,21,32,0.84,7,79,260,1686,4,405,1
868,14,358,117,14,14,0.82,2,54,406,2044,-2,-332,1
868,15,318,108,15,18,0.82,2,48,308,1950,3,462,1
868,16,328,94,11,10,0.42,2,9,300,883,8,304,1
868,17,331,85,10,9,0.19,2,3,294,-57,-3,238,1
868,18,318,77,12,18,0.34,7,3,245,178,7,215,1
869,11,361,74,9,14,0.18,7,157,437,-411,-1,-272,1
869,13,302,88,21,32,0.84,7,80,260,1726,4,405,1
869,14,358,116,14,14,0.80,2,55,406,2011,-2,-332,1
869,15,318,110,15,18,0.83,2,49,308,1994,3,461,1
869,16,328,94,11,10,0.39,2,10,301,915,7,306,1
869,17,331,86,10,9,0.13,2,4,294,-17,-2,291,1
869,18,318,78,12,19,0.41,7,4,245,216,9,272,1
870,11,362,74,9,14,0.18,7,158,437,-439,-1,-272,1
870,13,302,88,20,32,0.84,7,81,261,1762,4,404,1
870,14,358,116,14,14,0.79,2,56,405,1978,-2,-332,1
870,15,318,110,14,18,0.84,2,50,309,2033,3,460,1
870,16,327,94,12,10,0.24,2,11,301,940,7,300,1
870,17,331,86,10,9,0.13,2,5,294,32,1,342,1
870,18,318,78,12,19,0.49,7,5,245,264,11,325,1
871,11,362,74,9,14,0.18,7,159,437,-466,-1,-272,1
871,13,301,89,20,32,0.85,7,82,261,1799,4,404,1
871,14,358,114,14,14,0.79,2,57,405,1945,-2,-332,1
871,15,317,112,15,18,0.81,2,51,309,2074,3,459,1
871,16,326,97,10,10,0.74,2,12,301,1007,5,334,1
871,17,333,86,8,8,0.26,2,6,294,72,6,353,1
871,18,318,78,12,18,0.52,7,6,246,301,11,333,1
872,11,362,74,9,14,0.18,7,160,437,-494,-1,-272,1
872,13,300,89,20,34,0.86,7,83,261,1838,4,404,1
872,14,358,114,14,14,0.79,2,58,405,1912,-2,-331,1
872,15,316,114,16,17,0.80,2,52,309,2113,3,458,1
872,16,326,97,10,10,0.78,2,13,302,1056,4,348,1
872,17,333,86,8,8,0.27,2,7,294,107,8,353,1
872,18,318,78,12,19,0.48,7,7,246,349,12,358,1
873,11,361,74,9,14,0.14,7,161,437,-521,-1,-272,1
873,13,300,90,20,34,0.87,7,84,262,1877,4,403,1
873,14,357,113,14,14,0.78,2,59,405,1879,-2,-331,1
873,15,315,115,16,18,0.80,2,53,309,2154,3,457,1
873,16,326,99,10,10,0.75,2,14,302,1122,4,371,1
873,17,332,87,8,8,0.12,2,8,295,155,7,371,1
873,18,316,79,13,20,0.44,7,8,247,432,11,425,1
874,11,361,74,9,14,0.15,7,162,437,-549,-1,-272,1
874,13,300,90,20,35,0.87,7,85,262,1915,4,403,1
874,14,358,113,13,13,0.79,2,60,405,1847,-2,-331,1
874,15,314,116,16,18,0.82,2,54,309,2193,3,455,1
874,16,326,98,10,10,0.76,2,15,302,1160,4,372,1
874,18,316,79,14,20,0.53,7,9,248,500,11,456,1
875,11,361,74,9,14,0.14,7,163,436,-576,-1,-272,1
875,13,298,91,21,35,0.87,7,86,263,1953,4,403,1
875,14,358,111,13,13,0.79,2,61,404,1814,-2,-331,1
875,15,314,118,16,19,0.83,2,55,309,2236,3,455,1
875,16,325,100,11,10,0.68,2,16,302,1213,4,382,1
875,17,332,87,9,9,0.11,2,9,296,247,7,391,1
875,18,315,79,14,21,0.50,7,10,248,574,11,488,1
876,13,298,91,21,35,0.88,7,87,263,1987,4,402,1
876,14,358,111,13,13,0.79,2,62,404,1781,-2,-331,1
876,15,312,118,17,20,0.82,2,56,310,2276,3,454,1
876,16,325,100,10,10,0.74,2,17,302,1255,3,385,1
876,18,316,80,13,21,0.31,7,11,249,649,12,515,1
877,13,296,92,22,36,0.88,7,88,264,2024,4,402,1
877,14,357,109,13,13,0.80,2,63,404,1748,-2,-331,1
877,15,312,121,16,19,0.84,2,57,310,2317,3,453,1
877,16,325,102,10,10,0.73,2,18,302,1309,3,394,1
877,17,332,89,8,9,0.24,2,10,297,373,8,434,1
877,18,315,80,14,21,0.52,7,12,250,708,12,521,1
878,13,296,93,22,36,0.88,7,89,264,2060,4,401,1
878,14,357,108,13,13,0.80,2,64,404,1715,-2,-331,1
878,15,311,122,17,20,0.85,2,58,310,2358,3,452,1
878,16,325,102,10,10,0.80,2,19,303,1352,3,396,1
878,17,332,89,8,9,0.19,2,11,298,433,8,448,1
878,18,314,80,14,21,0.58,7,13,251,755,10,517,1
879,13,294,94,23,37,0.89,7,90,265,2098,4,401,1
879,14,356,107,14,14,0.78,2,65,403,1682,-2,-331,1
879,15,310,123,18,21,0.85,2,59,310,2399,3,452,1
879,16,324,102,10,12,0.73,2,20,303,1406,3,403,1
879,17,332,89,8,10,0.30,2,12,298,498,8,464,1
879,18,314,81,14,21,0.71,7,14,251,806,10,516,1
880,13,293,95,24,37,0.89,7,91,265,2134,4,401,1
880,14,356,107,13,13,0.79,2,66,403,1649,-2,-331,1
880,15,309,124,18,22,0.86,2,60,310,2440,3,451,1
880,16,324,102,11,12,0.77,2,21,303,1449,3,405,1
880,17,332,89,8,10,0.30,2,13,299,548,8,466,1
880,18,314,81,14,21,0.71,7,15,252,847,10,509,1
881,13,292,95,24,38,0.89,7,92,265,2170,4,400,1
881,14,356,106,13,13,0.77,2,67,403,1616,-2,-331,1
881,15,308,126,18,22,0.86,2,61,310,2480,3,450,1
881,16,323,104,12,12,0.72,2,22,303,1500,3,410,1
881,17,331,89,9,10,0.39,2,14,300,587,7,461,1
881,18,314,81,14,22,0.75,7,16,253,893,10,505,1
882,13,292,96,24,38,0.89,7,93,266,2205,4,400,1
882,14,356,106,13,13,0.77,2,68,403,1584,-2,-331,1
882,15,308,127,18,23,0.88,2,62,310,2519,3,449,1
882,16,324,104,11,12,0.71,2,23,303,1543,3,411,1
882,17,331,89,8,10,0.41,2,15,300,619,7,452,1
882,18,313,82,14,22,0.79,7,17,254,942,9,505,1
883,13,290,97,25,39,0.89,7,94,266,2241,4,399,1
883,14,356,105,13,12,0.73,2,69,403,1551,-2,-331,1
883,15,306,130,19,22,0.87,2,63,310,2558,3,448,1
883,16,322,106,12,12,0.70,2,24,303,1592,3,414,1
883,17,330,90,9,10,0.54,2,16,301,659,6,449,1
883,18,312,81,16,23,0.76,7,18,254,983,9,499,1
884,13,289,97,26,40,0.89,7,95,266,2276,4,399,1
884,14,357,105,12,12,0.77,2,70,402,1518,-2,-331,1
884,15,304,132,20,23,0.84,2,64,310,2599,3,447,1
884,16,322,107,12,12,0.74,2,25,304,1640,3,417,1
884,17,330,90,9,10,0.56,2,17,301,693,6,443,1
884,18,312,82,16,23,0.79,7,19,255,1027,9,496,1
885,13,288,97,26,42,0.89,7,96,267,2312,4,398,1
885,14,356,104,12,11,0.77,2,71,402,1485,-2,-331,1
885,15,304,133,20,25,0.86,2,65,310,2639,3,447,1
885,16,321,108,12,12,0.80,2,26,304,1686,3,419,1
885,17,330,91,9,9,0.63,2,18,302,721,6,434,1
885,18,311,82,16,23,0.71,7,20,256,1064,8,489,1
886,13,288,98,26,42,0.88,7,97,267,2347,4,398,1
886,14,356,103,12,11,0.77,2,72,402,1452,-2,-331,1
886,15,303,135,20,26,0.86,2,66,310,2680,2,446,1
886,16,321,110,12,11,0.79,2,27,304,1730,3,420,1
886,17,330,92,9,10,0.71,2,19,302,768,5,436,1
886,18,311,83,16,23,0.79,7,21,256,1105,8,485,1
887,13,285,99,28,43,0.89,7,98,267,2382,4,397,1
887,14,356,102,12,11,0.72,2,73,402,1418,-2,-331,1
887,15,302,138,20,26,0.86,2,67,310,2720,2,446,1
887,16,320,110,12,12,0.80,2,28,304,1774,3,420,1
887,17,329,92,10,10,0.72,2,20,302,807,5,434,1
887,18,311,83,16,23,0.80,7,22,257,1139,8,478,1
888,13,284,100,28,43,0.89,7,99,268,2417,4,397,1
888,14,355,101,12,11,0.75,2,74,401,1385,-2,-331,1
888,15,301,140,20,27,0.87,2,68,311,2761,2,445,1
888,16,320,111,12,12,0.79,2,29,305,1816,3,420,1
888,17,330,92,9,10,0.69,2,21,303,840,5,430,1
888,18,311,84,15,23,0.83,7,23,257,1176,8,474,1
889,13,283,101,28,44,0.89,7,100,268,2452,4,396,1
889,14,355,101,12,11,0.75,2,75,401,1352,-2,-331,1
889,15,298,143,22,28,0.87,2,69,311,2802,2,445,1
889,16,319,112,13,14,0.84,2,30,305,1867,3,423,1
889,17,329,93,10,10,0.66,2,22,303,879,5,428,1
889,18,310,84,16,23,0.82,7,24,258,1209,7,467,1
890,13,282,102,29,46,0.89,7,101,268,2488,4,396,1
890,14,355,101,12,11,0.76,2,76,401,1319,-2,-331,1
890,15,298,144,21,29,0.86,2,70,311,2841,2,444,1
890,16,319,113,13,14,0.83,2,31,305,1914,3,425,1
890,17,329,94,10,10,0.67,2,23,303,921,5,427,1
890,18,310,84,16,24,0.83,7,25,258,1244,7,462,1
891,13,280,102,30,46,0.90,7,102,269,2522,4,396,1
891,14,356,100,11,11,0.68,2,77,401,1286,-2,-331,1
891,15,296,148,23,30,0.87,2,71,311,2882,2,443,1
891,16,318,114,13,13,0.84,2,32,305,1955,3,424,1
891,17,329,94,10,10,0.69,2,24,304,958,5,425,1
891,18,310,84,16,24,0.83,7,26,259,1275,7,456,1
892,13,279,104,30,46,0.90,7,103,269,2556,4,395,1
892,14,355,100,11,11,0.73,2,78,401,1253,-2,-331,1
892,15,294,151,24,30,0.88,2,72,311,2922,2,443,1
892,16,318,114,13,14,0.84,2,33,306,1995,3,424,1
892,17,328,95,10,10,0.64,2,25,304,998,5,424,1
892,18,309,85,16,24,0.84,7,27,259,1308,7,451,1
893,13,278,105,30,48,0.90,7,104,269,2592,4,395,1
893,14,356,99,10,11,0.69,2,79,400,1220,-2,-331,1
893,15,292,154,24,32,0.89,2,73,311,2962,2,442,1
893,16,317,116,14,14,0.84,2,34,306,2036,3,423,1
893,17,329,96,10,10,0.71,2,26,304,1041,5,424,1
893,18,309,86,16,24,0.84,7,28,259,1344,7,448,1
894,13,276,106,32,48,0.90,7,105,269,2626,4,394,1
894,14,356,98,10,10,0.64,2,80,400,1187,-2,-331,1
894,15,291,157,24,32,0.89,2,74,311,3001,2,441,1
894,16,317,116,14,14,0.84,2,35,306,2073,3,422,1
894,17,329,96,10,10,0.68,2,27,305,1078,5,422,1
894,18,309,86,16,24,0.86,7,29,260,1375,7,443,1
895,13,274,107,32,50,0.90,7,106,270,2660,4,394,1
895,14,355,98,10,10,0.64,2,81,400,1153,-2,-331,1
895,15,288,162,26,34,0.89,2,75,311,3042,2,441,1
895,16,316,118,14,15,0.84,2,36,306,2115,3,421,1
895,17,328,96,10,11,0.70,2,28,305,1118,5,422,1
895,18,308,86,17,24,0.86,7,30,260,1403,6,437,1
896,13,274,107,32,51,0.90,7,107,270,2694,4,393,1
896,14,355,97,10,11,0.68,2,82,400,1120,-2,-331,1
896,15,287,166,26,34,0.90,2,76,311,3082,2,440,1
896,16,316,119,14,15,0.84,2,37,307,2154,3,421,1
896,17,328,97,10,11,0.72,2,29,305,1160,5,422,1
896,18,308,87,17,24,0.86,7,31,261,1433,6,433,1
897,13,271,108,34,52,0.90,7,108,270,2727,4,393,1
897,14,355,97,10,10,0.57,2,83,399,1087,-2,-331,1
897,15,284,170,28,36,0.90,2,77,311,3122,2,440,1
897,16,316,121,14,15,0.87,2,38,307,2195,3,420,1
897,17,328,98,10,11,0.75,2,30,306,1204,5,422,1
897,18,307,87,17,24,0.87,7,32,261,1460,6,427,1
898,13,270,109,34,53,0.90,7,109,271,2761,4,392,1
898,14,355,96,10,11,0.57,2,84,399,1054,-2,-331,1
898,15,281,174,30,38,0.90,2,78,312,3162,2,439,1
898,16,315,122,14,15,0.86,2,39,307,2234,3,420,1
898,17,328,98,10,12,0.76,2,31,306,1249,5,423,1
898,18,306,87,17,25,0.87,7,33,261,1489,6,423,1
899,13,268,111,34,55,0.90,7,110,271,2795,4,392,1
899,14,354,95,10,10,0.58,2,85,399,1021,-2,-331,1
899,15,278,179,30,41,0.90,2,79,312,3204,2,439,1
899,16,314,124,14,15,0.83,2,40,307,2274,3,419,1
899,17,328,99,10,11,0.74,2,32,306,1288,5,422,1
899,18,306,88,18,26,0.87,7,34,262,1524,6,421,1
900,13,266,112,35,56,0.91,7,111,271,2828,4,391,1
900,14,354,94,10,11,0.49,2,86,399,988,-2,-331,1
900,15,276,184,31,42,0.91,2,80,312,3244,2,438,1
900,16,314,125,14,15,0.82,2,41,308,2311,3,418,1
900,17,327,99,11,12,0.78,2,33,307,1329,5,422,1
900,18,306,88,18,26,0.85,7,35,262,1556,6,418,1
901,13,264,114,36,56,0.90,7,112,271,2861,4,391,1
901,14,354,94,10,11,0.48,2,87,398,954,-2,-331,1
901,15,270,190,34,46,0.90,2,81,312,3286,2,438,1
901,16,312,127,16,16,0.84,2,42,308,2352,3,418,1
901,17,327,100,11,12,0.78,2,34,307,1370,5,421,1
901,18,306,88,18,27,0.85,7,36,262,1588,6,415,1
