1,-1,196,248,36,62,0.91,7,-1,-1
1,-1,258,191,16,21,0.83,2,-1,-1
1,-1,278,187,10,12,0.76,2,-1,-1
1,-1,279,170,9,10,0.73,2,-1,-1
1,-1,262,172,12,16,0.53,2,-1,-1
2,-1,194,251,37,64,0.90,7,-1,-1
2,-1,258,190,16,22,0.80,2,-1,-1
2,-1,278,187,11,12,0.78,2,-1,-1
2,-1,279,170,9,10,0.75,2,-1,-1
2,-1,263,174,11,14,0.71,2,-1,-1
3,-1,189,254,40,70,0.91,7,-1,-1
3,-1,257,192,16,22,0.84,2,-1,-1
3,-1,278,188,12,13,0.81,2,-1,-1
3,-1,279,170,9,10,0.77,2,-1,-1
3,-1,263,175,11,14,0.75,2,-1,-1
4,-1,185,260,41,71,0.90,7,-1,-1
4,-1,278,189,12,12,0.78,2,-1,-1
4,-1,256,192,17,24,0.77,2,-1,-1
4,-1,279,171,10,11,0.75,2,-1,-1
4,-1,262,176,11,14,0.64,2,-1,-1
5,-1,179,266,44,76,0.90,7,-1,-1
5,-1,255,194,17,24,0.85,2,-1,-1
5,-1,277,190,12,14,0.81,2,-1,-1
5,-1,278,172,10,11,0.76,2,-1,-1
5,-1,264,177,10,14,0.29,2,-1,-1
6,-1,175,271,45,79,0.90,7,-1,-1
6,-1,255,194,17,26,0.84,2,-1,-1
6,-1,277,191,12,14,0.81,2,-1,-1
6,-1,279,172,10,11,0.75,2,-1,-1
6,-1,264,177,10,14,0.40,2,-1,-1
7,-1,168,279,47,84,0.91,7,-1,-1
7,-1,277,194,12,13,0.83,2,-1,-1
7,-1,279,173,9,11,0.76,2,-1,-1
7,-1,254,194,18,27,0.60,2,-1,-1
7,-1,263,178,10,15,0.39,2,-1,-1
8,-1,162,284,50,88,0.91,7,-1,-1
8,-1,276,194,13,14,0.84,2,-1,-1
8,-1,279,173,9,11,0.78,2,-1,-1
8,-1,252,195,18,28,0.71,2,-1,-1
8,-1,263,179,10,16,0.35,2,-1,-1
9,-1,152,294,54,96,0.93,7,-1,-1
9,-1,275,196,13,14,0.80,2,-1,-1
9,-1,278,174,10,12,0.80,2,-1,-1
9,-1,251,197,18,28,0.62,2,-1,-1
9,-1,261,179,12,18,0.53,2,-1,-1
10,-1,146,302,58,102,0.91,7,-1,-1
10,-1,275,197,13,14,0.83,2,-1,-1
10,-1,279,175,10,12,0.77,2,-1,-1
10,-1,250,198,18,28,0.77,7,-1,-1
10,-1,260,179,12,20,0.67,2,-1,-1
11,-1,135,310,63,114,0.93,7,-1,-1
11,-1,274,199,13,15,0.82,2,-1,-1
11,-1,279,176,10,12,0.76,2,-1,-1
11,-1,248,199,20,30,0.67,7,-1,-1
11,-1,260,180,13,21,0.58,2,-1,-1
12,-1,126,316,67,124,0.90,7,-1,-1
12,-1,274,199,14,16,0.85,2,-1,-1
12,-1,279,177,10,12,0.80,2,-1,-1
12,-1,247,200,20,31,0.58,7,-1,-1
12,-1,258,180,14,22,0.55,7,-1,-1
13,-1,109,333,77,136,0.92,7,-1,-1
13,-1,273,202,14,16,0.86,2,-1,-1
13,-1,247,204,18,29,0.82,2,-1,-1
13,-1,279,178,10,12,0.81,2,-1,-1
13,-1,257,182,14,21,0.60,7,-1,-1
14,-1,100,342,80,149,0.92,7,-1,-1
14,-1,272,203,14,16,0.86,2,-1,-1
14,-1,246,206,19,29,0.86,2,-1,-1
14,-1,278,178,10,12,0.82,2,-1,-1
14,-1,256,182,15,22,0.76,7,-1,-1
15,-1,78,364,92,166,0.92,7,-1,-1
15,-1,272,205,15,17,0.85,2,-1,-1
15,-1,278,179,10,12,0.81,2,-1,-1
15,-1,256,182,15,23,0.81,7,-1,-1
15,-1,244,207,19,31,0.75,2,-1,-1
16,-1,271,208,15,16,0.86,2,-1,-1
16,-1,255,184,15,22,0.81,7,-1,-1
16,-1,278,180,10,12,0.80,2,-1,-1
16,-1,242,209,20,32,0.65,2,-1,-1
17,-1,270,210,15,17,0.87,2,-1,-1
17,-1,254,183,16,24,0.85,7,-1,-1
17,-1,278,181,11,12,0.82,2,-1,-1
17,-1,240,209,20,34,0.66,2,-1,-1
18,-1,270,211,15,18,0.87,2,-1,-1
18,-1,254,184,16,24,0.86,7,-1,-1
18,-1,278,181,11,12,0.83,2,-1,-1
18,-1,239,212,21,33,0.82,2,-1,-1
19,-1,253,184,16,25,0.88,7,-1,-1
19,-1,269,214,15,19,0.88,2,-1,-1
19,-1,278,183,11,12,0.84,2,-1,-1
19,-1,237,212,22,37,0.80,2,-1,-1
20,-1,253,185,16,24,0.89,7,-1,-1
20,-1,268,216,15,19,0.88,2,-1,-1
20,-1,278,183,12,13,0.82,2,-1,-1
20,-1,235,212,23,39,0.59,2,-1,-1
21,-1,252,186,16,24,0.90,7,-1,-1
21,-1,266,218,16,20,0.87,2,-1,-1
21,-1,278,184,11,14,0.84,2,-1,-1
21,-1,232,216,24,40,0.70,2,-1,-1
22,-1,251,187,16,26,0.89,7,-1,-1
22,-1,266,220,16,21,0.88,2,-1,-1
22,-1,278,186,12,13,0.86,2,-1,-1
22,-1,230,218,25,41,0.82,7,-1,-1
23,-1,278,186,12,14,0.88,2,-1,-1
23,-1,251,188,16,26,0.87,7,-1,-1
23,-1,264,224,16,22,0.87,2,-1,-1
23,-1,228,221,26,42,0.65,7,-1,-1
24,-1,263,226,17,22,0.89,2,-1,-1
24,-1,278,187,12,14,0.87,2,-1,-1
24,-1,250,189,16,26,0.87,7,-1,-1
24,-1,226,222,26,45,0.66,2,-1,-1
25,-1,250,190,17,27,0.88,7,-1,-1
25,-1,276,189,12,14,0.87,2,-1,-1
25,-1,262,230,18,23,0.87,2,-1,-1
25,-1,223,226,28,45,0.60,7,-1,-1
26,-1,260,233,18,24,0.88,2,-1,-1
26,-1,249,190,18,28,0.88,7,-1,-1
26,-1,277,190,12,14,0.86,2,-1,-1
26,-1,222,229,28,46,0.71,2,-1,-1
27,-1,248,191,18,28,0.87,7,-1,-1
27,-1,258,237,19,26,0.87,2,-1,-1
27,-1,276,191,13,15,0.86,2,-1,-1
27,-1,218,231,29,49,0.82,2,-1,-1
28,-1,258,241,19,26,0.90,2,-1,-1
28,-1,247,191,18,29,0.87,7,-1,-1
28,-1,276,192,13,15,0.86,2,-1,-1
28,-1,216,234,30,50,0.82,7,-1,-1
29,-1,255,246,21,27,0.89,2,-1,-1
29,-1,246,192,18,30,0.87,7,-1,-1
29,-1,275,193,14,16,0.86,2,-1,-1
29,-1,212,238,32,52,0.58,7,-1,-1
30,-1,254,250,22,28,0.89,2,-1,-1
30,-1,246,192,19,31,0.87,7,-1,-1
30,-1,210,242,32,54,0.87,2,-1,-1
30,-1,274,194,14,16,0.86,2,-1,-1
31,-1,252,258,22,29,0.89,2,-1,-1
31,-1,244,194,20,31,0.88,7,-1,-1
31,-1,274,195,14,16,0.86,2,-1,-1
31,-1,206,246,34,56,0.84,7,-1,-1
32,-1,243,195,20,32,0.88,7,-1,-1
32,-1,250,262,22,31,0.88,2,-1,-1
32,-1,274,196,14,17,0.87,2,-1,-1
32,-1,202,250,35,58,0.59,2,-1,-1
33,-1,248,268,22,33,0.89,2,-1,-1
33,-1,273,198,14,17,0.88,2,-1,-1
33,-1,242,197,21,32,0.88,7,-1,-1
33,-1,198,256,37,62,0.86,2,-1,-1
34,-1,246,274,24,34,0.89,2,-1,-1
34,-1,272,200,14,17,0.88,2,-1,-1
34,-1,241,198,21,32,0.87,7,-1,-1
34,-1,194,259,39,64,0.87,7,-1,-1
35,-1,242,283,26,38,0.90,2,-1,-1
35,-1,240,200,21,33,0.88,7,-1,-1
35,-1,272,202,15,17,0.88,2,-1,-1
35,-1,189,266,40,67,0.83,7,-1,-1
36,-1,240,290,27,38,0.90,2,-1,-1
36,-1,240,201,21,34,0.89,7,-1,-1
36,-1,185,270,40,71,0.88,7,-1,-1
36,-1,271,202,15,18,0.87,2,-1,-1
37,-1,237,300,28,43,0.90,2,-1,-1
37,-1,239,202,21,34,0.88,7,-1,-1
37,-1,178,278,45,76,0.87,7,-1,-1
37,-1,270,205,16,18,0.87,2,-1,-1
38,-1,172,284,47,78,0.90,7,-1,-1
38,-1,234,308,30,47,0.90,2,-1,-1
38,-1,238,203,21,35,0.88,7,-1,-1
38,-1,270,206,16,19,0.88,2,-1,-1
39,-1,165,293,50,86,0.91,7,-1,-1
39,-1,230,323,32,50,0.90,2,-1,-1
39,-1,236,204,22,36,0.89,7,-1,-1
39,-1,269,209,15,19,0.88,2,-1,-1
40,-1,159,299,54,91,0.90,7,-1,-1
40,-1,226,332,34,56,0.90,2,-1,-1
40,-1,268,211,16,19,0.89,2,-1,-1
40,-1,236,205,22,37,0.88,7,-1,-1
41,-1,150,309,56,101,0.92,7,-1,-1
41,-1,221,352,36,62,0.91,2,-1,-1
41,-1,267,213,16,20,0.89,2,-1,-1
41,-1,234,207,23,38,0.87,7,-1,-1
42,-1,216,366,39,68,0.93,2,-1,-1
42,-1,142,317,62,108,0.90,7,-1,-1
42,-1,266,215,16,20,0.88,2,-1,-1
42,-1,233,208,24,39,0.87,7,-1,-1
43,-1,208,390,44,81,0.91,2,-1,-1
43,-1,129,328,68,121,0.91,7,-1,-1
43,-1,264,218,18,21,0.89,2,-1,-1
43,-1,230,211,25,39,0.88,7,-1,-1
44,-1,201,410,48,91,0.92,2,-1,-1
44,-1,120,341,72,128,0.91,7,-1,-1
44,-1,264,220,18,21,0.89,2,-1,-1
44,-1,229,212,25,40,0.88,7,-1,-1
45,-1,103,362,80,142,0.93,7,-1,-1
45,-1,228,214,26,41,0.90,7,-1,-1
45,-1,262,223,18,23,0.86,2,-1,-1
46,-1,90,373,88,156,0.92,7,-1,-1
46,-1,226,216,26,42,0.89,7,-1,-1
46,-1,262,225,18,23,0.88,2,-1,-1
47,-1,224,217,28,44,0.89,7,-1,-1
47,-1,260,228,19,24,0.87,2,-1,-1
48,-1,222,219,28,45,0.89,7,-1,-1
48,-1,260,231,20,26,0.87,2,-1,-1
49,-1,220,221,30,46,0.89,7,-1,-1
49,-1,258,235,20,26,0.88,2,-1,-1
50,-1,219,224,30,47,0.89,7,-1,-1
50,-1,256,238,20,27,0.87,2,-1,-1
51,-1,216,227,30,48,0.90,7,-1,-1
51,-1,254,243,22,29,0.89,2,-1,-1
52,-1,215,228,30,50,0.89,7,-1,-1
52,-1,253,245,22,29,0.89,2,-1,-1
53,-1,212,232,32,51,0.90,7,-1,-1
53,-1,251,251,23,31,0.90,2,-1,-1
54,-1,210,234,32,52,0.89,7,-1,-1
54,-1,250,255,24,32,0.87,2,-1,-1
55,-1,207,237,33,54,0.90,7,-1,-1
55,-1,247,261,24,34,0.88,2,-1,-1
56,-1,205,240,34,56,0.90,7,-1,-1
56,-1,246,266,25,35,0.89,2,-1,-1
57,-1,243,272,26,38,0.91,2,-1,-1
57,-1,201,245,35,56,0.90,7,-1,-1
58,-1,199,247,36,58,0.92,7,-1,-1
58,-1,240,278,28,40,0.90,2,-1,-1
59,-1,195,250,38,62,0.91,7,-1,-1
59,-1,237,286,29,43,0.89,2,-1,-1
60,-1,192,253,39,64,0.91,7,-1,-1
60,-1,236,292,30,45,0.89,2,-1,-1
61,-1,188,258,42,67,0.92,7,-1,-1
61,-1,232,302,32,48,0.90,2,-1,-1
62,-1,185,262,42,69,0.91,7,-1,-1
62,-1,229,310,34,52,0.91,2,-1,-1
63,-1,179,266,45,74,0.91,7,-1,-1
63,-1,224,323,36,58,0.91,2,-1,-1
64,-1,221,334,38,62,0.91,2,-1,-1
64,-1,175,272,46,74,0.90,7,-1,-1
65,-1,215,350,41,69,0.94,2,-1,-1
65,-1,170,278,48,79,0.92,7,-1,-1
66,-1,210,362,44,76,0.92,2,-1,-1
66,-1,165,282,50,83,0.91,7,-1,-1
67,-1,202,384,48,87,0.92,2,-1,-1
67,-1,157,290,53,89,0.91,7,-1,-1
68,-1,152,296,56,92,0.93,7,-1,-1
68,-1,197,401,50,96,0.93,2,-1,-1
69,-1,144,304,59,101,0.91,7,-1,-1
70,-1,137,308,63,108,0.93,7,-1,-1
71,-1,125,318,68,118,0.92,7,-1,-1
72,-1,117,326,74,124,0.92,7,-1,-1
73,-1,105,342,78,132,0.93,7,-1,-1
74,-1,95,350,83,142,0.93,7,-1,-1
75,-1,76,366,94,159,0.93,7,-1,-1
76,-1,-1,-1,-1,-1,-1,-1,-1,-1
77,-1,-1,-1,-1,-1,-1,-1,-1,-1
78,-1,-1,-1,-1,-1,-1,-1,-1,-1
79,-1,-1,-1,-1,-1,-1,-1,-1,-1
80,-1,-1,-1,-1,-1,-1,-1,-1,-1
81,-1,-1,-1,-1,-1,-1,-1,-1,-1
82,-1,-1,-1,-1,-1,-1,-1,-1,-1
83,-1,-1,-1,-1,-1,-1,-1,-1,-1
84,-1,-1,-1,-1,-1,-1,-1,-1,-1
85,-1,-1,-1,-1,-1,-1,-1,-1,-1
86,-1,-1,-1,-1,-1,-1,-1,-1,-1
87,-1,-1,-1,-1,-1,-1,-1,-1,-1
88,-1,-1,-1,-1,-1,-1,-1,-1,-1
89,-1,-1,-1,-1,-1,-1,-1,-1,-1
90,-1,-1,-1,-1,-1,-1,-1,-1,-1
91,-1,-1,-1,-1,-1,-1,-1,-1,-1
92,-1,-1,-1,-1,-1,-1,-1,-1,-1
93,-1,-1,-1,-1,-1,-1,-1,-1,-1
94,-1,-1,-1,-1,-1,-1,-1,-1,-1
95,-1,-1,-1,-1,-1,-1,-1,-1,-1
96,-1,-1,-1,-1,-1,-1,-1,-1,-1
97,-1,-1,-1,-1,-1,-1,-1,-1,-1
98,-1,-1,-1,-1,-1,-1,-1,-1,-1
99,-1,-1,-1,-1,-1,-1,-1,-1,-1
100,-1,-1,-1,-1,-1,-1,-1,-1,-1
101,-1,-1,-1,-1,-1,-1,-1,-1,-1
102,-1,-1,-1,-1,-1,-1,-1,-1,-1
103,-1,-1,-1,-1,-1,-1,-1,-1,-1
104,-1,-1,-1,-1,-1,-1,-1,-1,-1
105,-1,-1,-1,-1,-1,-1,-1,-1,-1
106,-1,-1,-1,-1,-1,-1,-1,-1,-1
107,-1,-1,-1,-1,-1,-1,-1,-1,-1
108,-1,-1,-1,-1,-1,-1,-1,-1,-1
109,-1,-1,-1,-1,-1,-1,-1,-1,-1
110,-1,-1,-1,-1,-1,-1,-1,-1,-1
111,-1,-1,-1,-1,-1,-1,-1,-1,-1
112,-1,-1,-1,-1,-1,-1,-1,-1,-1
113,-1,-1,-1,-1,-1,-1,-1,-1,-1
114,-1,-1,-1,-1,-1,-1,-1,-1,-1
115,-1,-1,-1,-1,-1,-1,-1,-1,-1
116,-1,-1,-1,-1,-1,-1,-1,-1,-1
117,-1,-1,-1,-1,-1,-1,-1,-1,-1
118,-1,-1,-1,-1,-1,-1,-1,-1,-1
119,-1,-1,-1,-1,-1,-1,-1,-1,-1
120,-1,-1,-1,-1,-1,-1,-1,-1,-1
121,-1,-1,-1,-1,-1,-1,-1,-1,-1
122,-1,-1,-1,-1,-1,-1,-1,-1,-1
123,-1,-1,-1,-1,-1,-1,-1,-1,-1
124,-1,-1,-1,-1,-1,-1,-1,-1,-1
125,-1,-1,-1,-1,-1,-1,-1,-1,-1
126,-1,-1,-1,-1,-1,-1,-1,-1,-1
127,-1,-1,-1,-1,-1,-1,-1,-1,-1
128,-1,-1,-1,-1,-1,-1,-1,-1,-1
129,-1,-1,-1,-1,-1,-1,-1,-1,-1
130,-1,-1,-1,-1,-1,-1,-1,-1,-1
131,-1,-1,-1,-1,-1,-1,-1,-1,-1
132,-1,-1,-1,-1,-1,-1,-1,-1,-1
133,-1,-1,-1,-1,-1,-1,-1,-1,-1
134,-1,-1,-1,-1,-1,-1,-1,-1,-1
135,-1,-1,-1,-1,-1,-1,-1,-1,-1
136,-1,-1,-1,-1,-1,-1,-1,-1,-1
137,-1,-1,-1,-1,-1,-1,-1,-1,-1
138,-1,-1,-1,-1,-1,-1,-1,-1,-1
139,-1,-1,-1,-1,-1,-1,-1,-1,-1
140,-1,402,372,89,142,0.93,7,-1,-1
141,-1,394,350,82,132,0.92,7,-1,-1
142,-1,388,344,76,120,0.92,7,-1,-1
143,-1,382,329,68,111,0.91,7,-1,-1
144,-1,378,320,65,104,0.92,7,-1,-1
145,-1,374,306,61,99,0.92,7,-1,-1
146,-1,370,302,58,93,0.91,7,-1,-1
146,-1,264,155,8,13,0.13,7,-1,-1
147,-1,366,292,54,87,0.91,7,-1,-1
147,-1,264,154,8,14,0.19,7,-1,-1
148,-1,364,286,52,84,0.90,7,-1,-1
148,-1,265,156,8,13,0.12,7,-1,-1
149,-1,361,279,48,79,0.91,7,-1,-1
149,-1,265,156,8,13,0.17,7,-1,-1
150,-1,360,274,46,76,0.90,7,-1,-1
150,-1,266,157,8,12,0.18,7,-1,-1
151,-1,356,268,44,72,0.90,7,-1,-1
151,-1,266,157,8,13,0.32,7,-1,-1
152,-1,354,264,42,70,0.91,7,-1,-1
152,-1,266,155,9,15,0.66,7,-1,-1
153,-1,352,258,39,66,0.91,7,-1,-1
153,-1,266,156,9,15,0.68,7,-1,-1
154,-1,350,254,38,64,0.90,7,-1,-1
154,-1,266,156,10,16,0.73,7,-1,-1
155,-1,349,248,35,62,0.90,7,-1,-1
155,-1,266,156,10,16,0.73,7,-1,-1
156,-1,348,245,34,60,0.90,7,-1,-1
156,-1,266,156,10,16,0.73,7,-1,-1
157,-1,346,241,33,59,0.91,7,-1,-1
157,-1,266,156,10,17,0.77,7,-1,-1
158,-1,344,239,32,57,0.89,7,-1,-1
158,-1,266,156,10,16,0.76,7,-1,-1
159,-1,343,234,31,54,0.90,7,-1,-1
159,-1,266,156,10,17,0.80,7,-1,-1
160,-1,342,232,30,54,0.90,7,-1,-1
160,-1,265,156,11,17,0.74,7,-1,-1
161,-1,340,228,30,52,0.90,7,-1,-1
161,-1,265,156,11,17,0.74,7,-1,-1
162,-1,340,226,29,51,0.89,7,-1,-1
162,-1,266,156,10,17,0.74,7,-1,-1
163,-1,338,223,29,50,0.90,7,-1,-1
163,-1,266,157,11,18,0.80,7,-1,-1
164,-1,336,220,29,49,0.89,7,-1,-1
164,-1,266,158,10,18,0.73,7,-1,-1
165,-1,336,218,28,48,0.89,7,-1,-1
165,-1,266,159,10,18,0.71,7,-1,-1
166,-1,335,216,27,46,0.88,7,-1,-1
166,-1,266,159,11,18,0.76,7,-1,-1
167,-1,334,214,26,45,0.88,7,-1,-1
167,-1,266,158,11,19,0.81,7,-1,-1
168,-1,334,211,25,44,0.88,7,-1,-1
168,-1,266,158,11,20,0.83,7,-1,-1
169,-1,332,209,26,43,0.89,7,-1,-1
169,-1,266,159,12,20,0.71,7,-1,-1
170,-1,331,207,26,42,0.90,7,-1,-1
170,-1,266,159,12,20,0.69,7,-1,-1
171,-1,330,205,25,42,0.88,7,-1,-1
171,-1,266,160,12,19,0.65,7,-1,-1
172,-1,330,204,24,41,0.88,7,-1,-1
172,-1,266,160,12,20,0.74,7,-1,-1
173,-1,329,202,24,40,0.88,7,-1,-1
173,-1,266,160,12,20,0.78,7,-1,-1
174,-1,329,202,23,38,0.88,7,-1,-1
174,-1,266,160,12,20,0.79,7,-1,-1
175,-1,328,200,23,38,0.87,7,-1,-1
175,-1,266,161,12,21,0.77,7,-1,-1
176,-1,327,199,23,37,0.87,7,-1,-1
176,-1,266,161,12,20,0.77,7,-1,-1
177,-1,326,197,22,37,0.88,7,-1,-1
177,-1,266,162,12,21,0.76,7,-1,-1
178,-1,326,196,22,36,0.89,7,-1,-1
178,-1,267,162,12,20,0.75,7,-1,-1
179,-1,326,194,22,35,0.88,7,-1,-1
179,-1,266,162,12,22,0.81,7,-1,-1
180,-1,325,193,22,35,0.88,7,-1,-1
180,-1,266,162,12,22,0.82,7,-1,-1
181,-1,324,192,21,34,0.87,7,-1,-1
181,-1,266,164,12,22,0.63,7,-1,-1
182,-1,324,191,21,34,0.87,7,-1,-1
182,-1,266,165,12,22,0.57,7,-1,-1
183,-1,323,189,21,34,0.88,7,-1,-1
183,-1,266,165,13,22,0.72,7,-1,-1
184,-1,323,189,20,32,0.88,7,-1,-1
184,-1,266,164,13,22,0.73,7,-1,-1
185,-1,322,188,20,32,0.88,7,-1,-1
185,-1,264,165,14,23,0.76,7,-1,-1
186,-1,322,188,20,31,0.88,7,-1,-1
186,-1,264,165,14,24,0.77,7,-1,-1
187,-1,322,186,19,31,0.88,7,-1,-1
187,-1,264,167,14,23,0.74,7,-1,-1
188,-1,322,185,18,31,0.88,7,-1,-1
188,-1,264,168,14,23,0.68,7,-1,-1
189,-1,321,184,19,30,0.87,7,-1,-1
189,-1,264,168,14,23,0.69,7,-1,-1
190,-1,320,184,19,30,0.87,7,-1,-1
190,-1,264,168,14,24,0.74,7,-1,-1
191,-1,319,182,19,30,0.87,7,-1,-1
191,-1,264,168,14,25,0.83,7,-1,-1
192,-1,320,182,18,29,0.87,7,-1,-1
192,-1,263,168,14,26,0.83,7,-1,-1
193,-1,318,181,18,28,0.87,7,-1,-1
193,-1,263,168,15,27,0.84,7,-1,-1
194,-1,319,180,18,28,0.86,7,-1,-1
194,-1,262,168,16,27,0.81,7,-1,-1
195,-1,318,180,17,28,0.86,7,-1,-1
195,-1,262,169,16,28,0.82,7,-1,-1
196,-1,318,179,17,27,0.85,7,-1,-1
196,-1,262,169,16,28,0.85,7,-1,-1
197,-1,318,178,17,27,0.86,7,-1,-1
197,-1,262,170,16,28,0.82,7,-1,-1
198,-1,318,178,16,26,0.86,7,-1,-1
198,-1,262,170,16,29,0.85,7,-1,-1
199,-1,261,170,16,30,0.87,7,-1,-1
199,-1,318,177,16,26,0.87,7,-1,-1
200,-1,260,170,16,30,0.88,7,-1,-1
200,-1,317,176,16,26,0.87,7,-1,-1
201,-1,260,172,17,30,0.88,7,-1,-1
201,-1,317,175,16,26,0.88,7,-1,-1
202,-1,260,172,17,30,0.88,7,-1,-1
202,-1,317,175,15,24,0.87,7,-1,-1
203,-1,260,172,17,32,0.88,7,-1,-1
203,-1,316,174,15,24,0.86,7,-1,-1
204,-1,258,173,18,32,0.87,7,-1,-1
204,-1,317,174,14,24,0.87,7,-1,-1
205,-1,258,174,18,32,0.88,7,-1,-1
205,-1,316,174,14,24,0.85,7,-1,-1
206,-1,257,174,18,34,0.87,7,-1,-1
206,-1,316,173,14,24,0.85,7,-1,-1
207,-1,256,175,19,34,0.87,7,-1,-1
207,-1,316,172,14,24,0.84,7,-1,-1
208,-1,256,176,19,34,0.87,7,-1,-1
208,-1,315,172,14,24,0.84,7,-1,-1
209,-1,256,176,19,35,0.87,7,-1,-1
209,-1,315,171,14,23,0.80,7,-1,-1
210,-1,255,176,20,36,0.86,7,-1,-1
210,-1,315,171,14,23,0.77,7,-1,-1
211,-1,314,170,14,23,0.87,7,-1,-1
211,-1,254,178,20,36,0.86,7,-1,-1
212,-1,254,178,20,37,0.87,7,-1,-1
212,-1,314,169,14,22,0.85,7,-1,-1
213,-1,253,178,21,39,0.87,7,-1,-1
213,-1,314,169,13,22,0.84,7,-1,-1
214,-1,252,179,21,40,0.88,7,-1,-1
214,-1,314,168,14,22,0.84,7,-1,-1
215,-1,251,180,22,40,0.88,7,-1,-1
215,-1,313,168,14,22,0.82,7,-1,-1
216,-1,250,180,22,41,0.88,7,-1,-1
216,-1,313,168,13,22,0.83,7,-1,-1
217,-1,248,181,23,42,0.88,7,-1,-1
217,-1,313,167,13,20,0.78,7,-1,-1
218,-1,247,182,24,44,0.87,7,-1,-1
218,-1,313,167,12,20,0.76,7,-1,-1
219,-1,246,183,25,44,0.88,7,-1,-1
219,-1,312,167,13,20,0.82,7,-1,-1
220,-1,245,184,26,45,0.88,7,-1,-1
220,-1,312,166,12,20,0.78,7,-1,-1
221,-1,244,185,26,46,0.89,7,-1,-1
221,-1,312,166,12,19,0.73,7,-1,-1
222,-1,242,186,27,47,0.89,7,-1,-1
222,-1,312,166,12,19,0.52,7,-1,-1
223,-1,241,187,27,48,0.89,7,-1,-1
223,-1,312,166,12,19,0.53,7,-1,-1
224,-1,240,187,28,50,0.89,7,-1,-1
224,-1,312,165,11,18,0.48,2,-1,-1
225,-1,238,189,28,51,0.89,7,-1,-1
225,-1,311,164,11,18,0.65,7,-1,-1
226,-1,238,190,29,52,0.90,7,-1,-1
226,-1,311,164,11,18,0.70,7,-1,-1
227,-1,236,191,30,54,0.89,7,-1,-1
227,-1,310,164,11,18,0.57,7,-1,-1
228,-1,235,192,30,55,0.89,7,-1,-1
228,-1,310,164,11,18,0.73,7,-1,-1
229,-1,232,194,32,57,0.91,7,-1,-1
229,-1,310,163,10,18,0.62,7,-1,-1
230,-1,230,195,33,58,0.90,7,-1,-1
230,-1,310,162,10,18,0.69,7,-1,-1
231,-1,228,197,34,60,0.90,7,-1,-1
231,-1,310,162,10,18,0.83,7,-1,-1
232,-1,227,198,34,61,0.91,7,-1,-1
232,-1,310,161,10,17,0.86,7,-1,-1
233,-1,224,200,35,64,0.91,7,-1,-1
233,-1,309,161,10,17,0.87,7,-1,-1
234,-1,222,201,36,66,0.92,7,-1,-1
234,-1,308,161,10,16,0.73,7,-1,-1
235,-1,220,204,38,68,0.92,7,-1,-1
235,-1,308,160,10,16,0.61,7,-1,-1
236,-1,217,204,39,71,0.92,7,-1,-1
236,-1,308,160,10,17,0.80,7,-1,-1
237,-1,214,207,41,74,0.91,7,-1,-1
237,-1,307,159,10,17,0.82,7,-1,-1
238,-1,212,208,42,77,0.90,7,-1,-1
238,-1,307,159,10,17,0.82,7,-1,-1
239,-1,208,211,44,80,0.90,7,-1,-1
239,-1,306,159,10,16,0.83,7,-1,-1
240,-1,206,213,45,82,0.91,7,-1,-1
240,-1,306,159,10,16,0.79,7,-1,-1
241,-1,202,216,47,87,0.92,7,-1,-1
241,-1,306,159,10,16,0.79,7,-1,-1
242,-1,199,217,49,90,0.92,7,-1,-1
242,-1,306,158,10,16,0.80,7,-1,-1
243,-1,194,221,53,95,0.91,7,-1,-1
243,-1,305,158,10,16,0.83,7,-1,-1
244,-1,191,224,54,97,0.91,7,-1,-1
244,-1,305,158,10,16,0.83,7,-1,-1
245,-1,186,228,57,104,0.92,7,-1,-1
245,-1,304,158,10,15,0.80,7,-1,-1
246,-1,182,229,58,110,0.93,7,-1,-1
246,-1,304,158,10,16,0.78,7,-1,-1
247,-1,175,234,63,115,0.91,7,-1,-1
247,-1,304,156,10,16,0.82,7,-1,-1
248,-1,170,237,66,122,0.92,7,-1,-1
248,-1,304,156,10,16,0.82,7,-1,-1
249,-1,163,242,71,132,0.93,7,-1,-1
249,-1,303,156,10,16,0.82,7,-1,-1
249,-1,275,166,8,8,0.16,2,-1,-1
250,-1,156,244,76,140,0.93,7,-1,-1
250,-1,302,156,9,16,0.80,7,-1,-1
250,-1,276,166,8,9,0.36,2,-1,-1
251,-1,148,250,82,152,0.93,7,-1,-1
251,-1,302,156,10,15,0.77,7,-1,-1
251,-1,276,166,9,9,0.38,2,-1,-1
252,-1,142,254,85,162,0.92,7,-1,-1
252,-1,302,155,10,15,0.75,7,-1,-1
252,-1,275,167,9,10,0.46,2,-1,-1
253,-1,129,260,93,178,0.93,7,-1,-1
253,-1,276,168,9,10,0.60,2,-1,-1
253,-1,302,156,9,14,0.29,7,-1,-1
254,-1,120,265,100,192,0.92,7,-1,-1
254,-1,276,168,9,10,0.59,2,-1,-1
254,-1,302,156,9,14,0.31,7,-1,-1
255,-1,105,272,111,215,0.92,7,-1,-1
255,-1,276,169,9,10,0.54,2,-1,-1
255,-1,300,155,9,14,0.15,7,-1,-1
256,-1,94,278,118,236,0.88,7,-1,-1
256,-1,276,169,10,10,0.49,2,-1,-1
256,-1,300,155,9,14,0.15,7,-1,-1
257,-1,276,169,10,10,0.54,2,-1,-1
257,-1,300,154,9,14,0.33,7,-1,-1
258,-1,276,170,10,10,0.60,2,-1,-1
258,-1,299,154,9,14,0.26,7,-1,-1
259,-1,277,171,10,10,0.71,2,-1,-1
259,-1,298,154,8,13,0.22,7,-1,-1
260,-1,277,172,10,10,0.71,2,-1,-1
260,-1,297,154,8,13,0.33,7,-1,-1
261,-1,277,172,10,10,0.73,2,-1,-1
261,-1,297,154,8,12,0.35,7,-1,-1
262,-1,277,173,10,10,0.74,2,-1,-1
262,-1,297,154,8,12,0.35,7,-1,-1
263,-1,276,173,11,10,0.73,2,-1,-1
263,-1,296,154,8,12,0.18,7,-1,-1
264,-1,276,173,11,11,0.72,2,-1,-1
265,-1,276,174,11,12,0.76,2,-1,-1
266,-1,276,174,11,12,0.75,2,-1,-1
267,-1,276,176,12,12,0.75,2,-1,-1
268,-1,276,177,12,12,0.80,2,-1,-1
269,-1,276,178,12,12,0.81,2,-1,-1
270,-1,276,178,12,12,0.84,2,-1,-1
271,-1,276,180,12,12,0.82,2,-1,-1
272,-1,276,181,12,12,0.82,2,-1,-1
273,-1,276,182,12,12,0.82,2,-1,-1
273,-1,291,151,8,12,0.14,7,-1,-1
274,-1,276,182,12,12,0.82,2,-1,-1
275,-1,275,183,12,13,0.81,2,-1,-1
276,-1,275,183,12,14,0.82,2,-1,-1
277,-1,274,185,12,13,0.83,2,-1,-1
278,-1,274,186,12,14,0.85,2,-1,-1
279,-1,273,187,13,14,0.86,2,-1,-1
280,-1,273,188,14,14,0.84,2,-1,-1
281,-1,272,189,14,15,0.84,2,-1,-1
282,-1,272,190,14,15,0.83,2,-1,-1
283,-1,272,192,13,15,0.85,2,-1,-1
284,-1,272,192,13,16,0.84,2,-1,-1
285,-1,270,194,14,16,0.86,2,-1,-1
286,-1,270,196,14,16,0.86,2,-1,-1
287,-1,269,198,14,16,0.86,2,-1,-1
288,-1,268,198,14,17,0.87,2,-1,-1
289,-1,267,200,15,18,0.88,2,-1,-1
290,-1,266,202,15,18,0.87,2,-1,-1
291,-1,266,204,15,17,0.86,2,-1,-1
292,-1,266,206,15,18,0.86,2,-1,-1
293,-1,264,208,16,18,0.87,2,-1,-1
294,-1,349,431,50,73,0.94,2,-1,-1
294,-1,264,210,16,18,0.86,2,-1,-1
295,-1,342,399,44,62,0.91,2,-1,-1
295,-1,263,214,16,18,0.86,2,-1,-1
296,-1,338,380,42,56,0.91,2,-1,-1
296,-1,262,216,16,18,0.87,2,-1,-1
297,-1,334,356,38,50,0.90,2,-1,-1
297,-1,262,218,16,19,0.86,2,-1,-1
298,-1,332,342,34,46,0.90,2,-1,-1
298,-1,261,220,16,20,0.87,2,-1,-1
299,-1,328,324,31,43,0.89,2,-1,-1
299,-1,259,224,17,20,0.86,2,-1,-1
300,-1,327,314,30,40,0.90,2,-1,-1
300,-1,258,226,17,20,0.88,2,-1,-1
301,-1,324,301,28,36,0.88,2,-1,-1
301,-1,257,229,18,22,0.87,2,-1,-1
302,-1,322,292,28,35,0.89,2,-1,-1
302,-1,255,232,19,23,0.85,2,-1,-1
302,-1,267,158,8,11,0.17,2,-1,-1
303,-1,320,281,26,33,0.89,2,-1,-1
303,-1,254,236,18,24,0.86,2,-1,-1
304,-1,319,276,24,31,0.88,2,-1,-1
304,-1,254,238,18,24,0.86,2,-1,-1
304,-1,266,162,8,9,0.11,2,-1,-1
305,-1,416,444,61,77,0.90,2,-1,-1
305,-1,318,267,23,28,0.88,2,-1,-1
305,-1,251,244,20,25,0.86,2,-1,-1
305,-1,267,162,8,9,0.33,2,-1,-1
306,-1,407,422,56,72,0.92,2,-1,-1
306,-1,317,262,22,28,0.88,2,-1,-1
306,-1,249,248,21,26,0.88,2,-1,-1
306,-1,268,164,8,10,0.27,2,-1,-1
307,-1,395,394,49,61,0.91,2,-1,-1
307,-1,246,254,22,28,0.88,2,-1,-1
307,-1,317,254,20,26,0.87,2,-1,-1
307,-1,267,165,8,9,0.33,2,-1,-1
308,-1,389,378,45,56,0.92,2,-1,-1
308,-1,245,258,22,29,0.89,2,-1,-1
308,-1,316,251,19,24,0.89,2,-1,-1
308,-1,268,165,8,9,0.30,2,-1,-1
309,-1,381,358,40,50,0.90,2,-1,-1
309,-1,242,264,24,31,0.88,2,-1,-1
309,-1,316,244,18,24,0.88,2,-1,-1
309,-1,268,167,9,9,0.34,2,-1,-1
310,-1,376,346,37,46,0.91,2,-1,-1
310,-1,240,270,24,32,0.88,2,-1,-1
310,-1,315,240,18,24,0.87,2,-1,-1
310,-1,268,167,9,9,0.47,2,-1,-1
311,-1,370,328,34,44,0.91,2,-1,-1
311,-1,314,234,18,24,0.90,2,-1,-1
311,-1,237,277,26,35,0.88,2,-1,-1
311,-1,269,167,9,10,0.67,2,-1,-1
312,-1,366,320,32,40,0.90,2,-1,-1
312,-1,234,283,27,37,0.90,2,-1,-1
312,-1,314,230,17,24,0.86,2,-1,-1
312,-1,269,167,9,10,0.67,2,-1,-1
313,-1,230,292,30,41,0.90,2,-1,-1
313,-1,362,307,29,38,0.89,2,-1,-1
313,-1,313,227,17,21,0.89,2,-1,-1
313,-1,269,168,10,10,0.66,2,-1,-1
314,-1,227,298,31,44,0.90,2,-1,-1
314,-1,359,299,28,36,0.90,2,-1,-1
314,-1,312,224,17,21,0.85,2,-1,-1
314,-1,269,168,10,10,0.66,2,-1,-1
315,-1,354,289,27,33,0.90,2,-1,-1
315,-1,222,312,32,47,0.90,2,-1,-1
315,-1,312,220,16,21,0.88,2,-1,-1
315,-1,269,169,10,10,0.61,2,-1,-1
316,-1,218,320,35,50,0.91,2,-1,-1
316,-1,352,282,25,32,0.89,2,-1,-1
316,-1,311,218,16,20,0.87,2,-1,-1
316,-1,270,170,9,10,0.73,2,-1,-1
317,-1,211,336,38,57,0.92,2,-1,-1
317,-1,349,274,24,31,0.89,2,-1,-1
317,-1,311,215,15,19,0.88,2,-1,-1
317,-1,270,170,10,10,0.75,2,-1,-1
318,-1,206,349,40,61,0.91,2,-1,-1
318,-1,348,269,22,28,0.88,2,-1,-1
318,-1,310,213,15,19,0.88,2,-1,-1
318,-1,270,172,10,10,0.71,2,-1,-1
319,-1,198,370,44,69,0.93,2,-1,-1
319,-1,310,210,15,18,0.88,2,-1,-1
319,-1,345,262,22,28,0.87,2,-1,-1
319,-1,270,172,10,10,0.75,2,-1,-1
320,-1,192,386,48,77,0.91,2,-1,-1
320,-1,310,208,15,18,0.89,2,-1,-1
320,-1,343,258,22,27,0.89,2,-1,-1
320,-1,270,172,10,10,0.75,2,-1,-1
321,-1,181,414,52,90,0.93,2,-1,-1
321,-1,340,251,21,26,0.88,2,-1,-1
321,-1,309,205,14,18,0.87,2,-1,-1
321,-1,270,173,10,10,0.74,2,-1,-1
321,-1,275,165,8,8,0.13,2,-1,-1
322,-1,308,204,14,17,0.88,2,-1,-1
322,-1,339,247,20,26,0.87,2,-1,-1
322,-1,270,174,10,11,0.77,2,-1,-1
323,-1,308,201,14,17,0.89,2,-1,-1
323,-1,338,242,20,25,0.88,2,-1,-1
323,-1,271,174,10,11,0.78,2,-1,-1
324,-1,308,200,14,16,0.89,2,-1,-1
324,-1,337,240,18,24,0.86,2,-1,-1
324,-1,271,176,10,11,0.75,2,-1,-1
324,-1,277,166,8,8,0.35,2,-1,-1
325,-1,335,234,18,24,0.88,2,-1,-1
325,-1,307,198,14,16,0.86,2,-1,-1
325,-1,270,177,10,11,0.77,2,-1,-1
325,-1,277,166,8,9,0.54,2,-1,-1
326,-1,307,196,14,16,0.86,2,-1,-1
326,-1,334,231,18,22,0.85,2,-1,-1
326,-1,270,177,10,12,0.78,2,-1,-1
326,-1,277,167,8,9,0.52,2,-1,-1
327,-1,333,228,17,22,0.88,2,-1,-1
327,-1,306,194,14,16,0.87,2,-1,-1
327,-1,271,178,10,12,0.80,2,-1,-1
327,-1,278,167,8,9,0.61,2,-1,-1
328,-1,332,226,16,21,0.88,2,-1,-1
328,-1,306,193,13,15,0.85,2,-1,-1
328,-1,271,179,10,12,0.81,2,-1,-1
328,-1,278,167,8,10,0.64,2,-1,-1
329,-1,331,222,16,20,0.88,2,-1,-1
329,-1,306,191,13,15,0.84,2,-1,-1
329,-1,271,180,10,12,0.79,2,-1,-1
329,-1,278,168,9,10,0.69,2,-1,-1
330,-1,330,219,16,20,0.88,2,-1,-1
330,-1,305,191,13,14,0.84,2,-1,-1
330,-1,271,181,10,12,0.81,2,-1,-1
330,-1,278,168,9,10,0.62,2,-1,-1
331,-1,329,216,16,20,0.86,2,-1,-1
331,-1,304,189,13,14,0.85,2,-1,-1
331,-1,271,182,10,12,0.81,2,-1,-1
331,-1,278,170,9,10,0.63,2,-1,-1
332,-1,328,215,16,19,0.86,2,-1,-1
332,-1,304,189,12,13,0.86,2,-1,-1
332,-1,271,183,10,12,0.81,2,-1,-1
332,-1,278,170,9,10,0.64,2,-1,-1
333,-1,304,187,12,12,0.87,2,-1,-1
333,-1,326,212,16,19,0.86,2,-1,-1
333,-1,271,184,10,12,0.79,2,-1,-1
333,-1,278,171,10,10,0.75,2,-1,-1
334,-1,326,210,16,18,0.87,2,-1,-1
334,-1,304,185,12,14,0.87,2,-1,-1
334,-1,270,184,12,13,0.82,2,-1,-1
334,-1,278,172,10,10,0.77,2,-1,-1
335,-1,325,207,15,18,0.89,2,-1,-1
335,-1,304,184,12,14,0.85,2,-1,-1
335,-1,270,185,12,14,0.83,2,-1,-1
335,-1,278,172,10,10,0.79,2,-1,-1
336,-1,325,205,14,18,0.88,2,-1,-1
336,-1,270,186,12,13,0.84,2,-1,-1
336,-1,304,183,12,14,0.84,2,-1,-1
336,-1,278,172,10,10,0.77,2,-1,-1
337,-1,324,203,14,18,0.88,2,-1,-1
337,-1,270,188,12,14,0.85,2,-1,-1
337,-1,303,182,12,13,0.84,2,-1,-1
337,-1,278,173,10,10,0.78,2,-1,-1
338,-1,324,202,14,18,0.88,2,-1,-1
338,-1,270,190,12,14,0.85,2,-1,-1
338,-1,303,181,11,13,0.83,2,-1,-1
338,-1,278,173,9,10,0.77,2,-1,-1
339,-1,323,200,14,17,0.88,2,-1,-1
339,-1,270,191,12,14,0.85,2,-1,-1
339,-1,302,180,11,13,0.83,2,-1,-1
339,-1,278,174,10,10,0.77,2,-1,-1
340,-1,322,198,14,16,0.87,2,-1,-1
340,-1,269,192,12,14,0.85,2,-1,-1
340,-1,302,179,11,12,0.84,2,-1,-1
340,-1,278,174,10,10,0.76,2,-1,-1
341,-1,269,194,12,14,0.87,2,-1,-1
341,-1,322,196,14,16,0.85,2,-1,-1
341,-1,302,179,11,12,0.85,2,-1,-1
341,-1,278,175,10,11,0.79,2,-1,-1
342,-1,268,195,13,15,0.86,2,-1,-1
342,-1,321,196,14,16,0.84,2,-1,-1
342,-1,302,178,10,12,0.81,2,-1,-1
342,-1,278,176,11,12,0.80,2,-1,-1
343,-1,320,194,14,16,0.86,2,-1,-1
343,-1,268,196,13,15,0.85,2,-1,-1
343,-1,278,177,11,12,0.83,2,-1,-1
343,-1,302,178,10,12,0.81,2,-1,-1
344,-1,320,192,14,16,0.88,2,-1,-1
344,-1,267,197,14,16,0.86,2,-1,-1
344,-1,278,178,11,12,0.84,2,-1,-1
344,-1,302,178,10,11,0.79,2,-1,-1
345,-1,266,199,14,17,0.87,2,-1,-1
345,-1,320,192,13,16,0.86,2,-1,-1
345,-1,278,179,11,12,0.84,2,-1,-1
345,-1,302,176,10,10,0.70,2,-1,-1
346,-1,266,201,14,16,0.86,2,-1,-1
346,-1,319,191,13,15,0.85,2,-1,-1
346,-1,278,180,11,12,0.81,2,-1,-1
346,-1,302,176,10,10,0.69,2,-1,-1
347,-1,352,445,54,78,0.92,2,-1,-1
347,-1,318,190,12,14,0.86,2,-1,-1
347,-1,265,203,14,17,0.84,2,-1,-1
347,-1,278,180,11,12,0.82,2,-1,-1
347,-1,302,176,9,10,0.68,2,-1,-1
348,-1,346,423,49,68,0.94,2,-1,-1
348,-1,318,188,12,15,0.87,2,-1,-1
348,-1,265,205,15,17,0.85,2,-1,-1
348,-1,278,182,11,12,0.82,2,-1,-1
348,-1,301,175,9,10,0.62,2,-1,-1
349,-1,342,393,42,58,0.92,2,-1,-1
349,-1,317,187,12,14,0.87,2,-1,-1
349,-1,264,207,14,18,0.86,2,-1,-1
349,-1,278,182,10,12,0.84,2,-1,-1
349,-1,300,174,9,9,0.57,2,-1,-1
350,-1,338,376,40,54,0.91,2,-1,-1
350,-1,317,186,12,13,0.88,2,-1,-1
350,-1,264,208,15,19,0.86,2,-1,-1
350,-1,277,183,11,12,0.83,2,-1,-1
350,-1,300,174,9,9,0.57,2,-1,-1
351,-1,334,354,36,47,0.91,2,-1,-1
351,-1,316,184,12,14,0.86,2,-1,-1
351,-1,263,212,15,19,0.86,2,-1,-1
351,-1,277,184,11,13,0.84,2,-1,-1
351,-1,300,173,9,9,0.51,2,-1,-1
352,-1,332,342,34,42,0.89,2,-1,-1
352,-1,262,214,15,19,0.87,2,-1,-1
352,-1,317,184,11,13,0.85,2,-1,-1
352,-1,277,184,11,12,0.84,2,-1,-1
352,-1,299,171,9,9,0.46,2,-1,-1
353,-1,329,324,31,40,0.89,2,-1,-1
353,-1,276,186,12,13,0.86,2,-1,-1
353,-1,261,217,16,20,0.86,2,-1,-1
353,-1,316,183,11,13,0.83,2,-1,-1
353,-1,299,171,9,9,0.56,2,-1,-1
354,-1,328,314,29,38,0.90,2,-1,-1
354,-1,260,219,16,21,0.88,2,-1,-1
354,-1,276,187,12,14,0.87,2,-1,-1
354,-1,316,182,11,13,0.82,2,-1,-1
354,-1,298,170,9,9,0.52,2,-1,-1
355,-1,324,302,28,35,0.88,2,-1,-1
355,-1,259,223,16,21,0.86,2,-1,-1
355,-1,276,188,12,14,0.86,2,-1,-1
355,-1,316,181,11,12,0.82,2,-1,-1
355,-1,298,170,9,9,0.45,2,-1,-1
356,-1,323,294,28,33,0.88,2,-1,-1
356,-1,258,226,16,22,0.88,2,-1,-1
356,-1,276,190,12,14,0.85,2,-1,-1
356,-1,315,181,10,12,0.82,2,-1,-1
356,-1,298,169,9,9,0.52,2,-1,-1
357,-1,321,283,25,32,0.89,2,-1,-1
357,-1,256,230,17,22,0.85,2,-1,-1
357,-1,274,191,13,14,0.84,2,-1,-1
357,-1,314,180,11,12,0.81,2,-1,-1
357,-1,297,168,8,8,0.48,2,-1,-1
358,-1,320,277,24,30,0.88,2,-1,-1
358,-1,255,233,18,24,0.87,2,-1,-1
358,-1,274,192,13,15,0.85,2,-1,-1
358,-1,314,180,11,12,0.82,2,-1,-1
358,-1,297,168,8,8,0.59,2,-1,-1
359,-1,319,268,22,28,0.87,2,-1,-1
359,-1,253,238,18,25,0.85,2,-1,-1
359,-1,274,192,13,16,0.85,2,-1,-1
359,-1,314,178,11,12,0.84,2,-1,-1
359,-1,296,167,8,8,0.51,2,-1,-1
360,-1,318,264,21,26,0.89,2,-1,-1
360,-1,252,242,20,26,0.88,2,-1,-1
360,-1,272,194,14,15,0.85,2,-1,-1
360,-1,314,178,10,12,0.84,2,-1,-1
360,-1,296,166,8,8,0.10,2,-1,-1
361,-1,317,257,21,25,0.89,2,-1,-1
361,-1,249,247,20,27,0.88,2,-1,-1
361,-1,272,196,14,15,0.85,2,-1,-1
361,-1,312,177,11,11,0.82,2,-1,-1
361,-1,296,166,8,8,0.45,2,-1,-1
362,-1,247,252,22,29,0.88,2,-1,-1
362,-1,316,254,20,24,0.87,2,-1,-1
362,-1,272,197,14,16,0.85,2,-1,-1
362,-1,312,176,10,11,0.79,2,-1,-1
362,-1,295,166,8,8,0.36,2,-1,-1
363,-1,245,259,22,30,0.90,2,-1,-1
363,-1,272,199,14,16,0.86,2,-1,-1
363,-1,315,247,19,24,0.86,2,-1,-1
363,-1,312,175,10,12,0.82,2,-1,-1
364,-1,314,243,19,23,0.89,2,-1,-1
364,-1,243,264,23,32,0.88,2,-1,-1
364,-1,271,200,14,16,0.87,2,-1,-1
364,-1,312,175,10,11,0.82,2,-1,-1
364,-1,294,165,8,8,0.10,2,-1,-1
365,-1,239,271,24,35,0.89,2,-1,-1
365,-1,270,203,14,16,0.87,2,-1,-1
365,-1,314,238,18,22,0.86,2,-1,-1
365,-1,312,174,9,10,0.80,2,-1,-1
365,-1,294,164,8,8,0.13,2,-1,-1
366,-1,313,234,18,22,0.89,2,-1,-1
366,-1,236,278,26,36,0.89,2,-1,-1
366,-1,269,204,15,16,0.87,2,-1,-1
366,-1,311,174,9,10,0.79,2,-1,-1
366,-1,293,164,8,8,0.16,2,-1,-1
367,-1,232,288,28,40,0.90,2,-1,-1
367,-1,268,207,15,17,0.88,2,-1,-1
367,-1,312,230,17,21,0.87,2,-1,-1
367,-1,310,173,9,10,0.78,2,-1,-1
367,-1,292,163,8,9,0.11,2,-1,-1
368,-1,229,296,30,42,0.90,2,-1,-1
368,-1,312,227,17,20,0.88,2,-1,-1
368,-1,268,208,14,18,0.88,2,-1,-1
368,-1,310,172,9,10,0.77,2,-1,-1
369,-1,223,309,32,48,0.90,2,-1,-1
369,-1,266,210,16,18,0.87,2,-1,-1
369,-1,311,223,17,19,0.87,2,-1,-1
369,-1,310,172,9,10,0.76,2,-1,-1
370,-1,219,319,34,52,0.91,2,-1,-1
370,-1,266,213,15,18,0.87,2,-1,-1
370,-1,310,220,17,20,0.87,2,-1,-1
370,-1,310,172,9,10,0.77,2,-1,-1
371,-1,213,336,37,58,0.92,2,-1,-1
371,-1,264,216,16,19,0.86,2,-1,-1
371,-1,310,218,16,18,0.86,2,-1,-1
371,-1,309,171,9,9,0.76,2,-1,-1
372,-1,206,350,40,63,0.91,2,-1,-1
372,-1,310,216,16,18,0.87,2,-1,-1
372,-1,264,217,16,20,0.85,2,-1,-1
372,-1,308,170,9,9,0.71,2,-1,-1
373,-1,197,373,45,76,0.93,2,-1,-1
373,-1,310,213,15,18,0.88,2,-1,-1
373,-1,262,220,16,20,0.87,2,-1,-1
373,-1,308,170,9,9,0.52,2,-1,-1
374,-1,190,391,49,86,0.91,2,-1,-1
374,-1,309,211,15,17,0.88,2,-1,-1
374,-1,262,222,17,21,0.86,2,-1,-1
374,-1,308,169,9,9,0.44,2,-1,-1
375,-1,174,424,58,106,0.92,2,-1,-1
375,-1,259,226,18,22,0.88,2,-1,-1
375,-1,308,207,15,18,0.88,2,-1,-1
375,-1,306,168,9,9,0.53,2,-1,-1
376,-1,258,228,18,22,0.87,2,-1,-1
376,-1,308,206,16,17,0.87,2,-1,-1
376,-1,306,168,9,9,0.65,2,-1,-1
377,-1,308,203,15,18,0.88,2,-1,-1
377,-1,256,232,19,23,0.87,2,-1,-1
377,-1,306,168,8,9,0.69,2,-1,-1
378,-1,307,202,15,17,0.88,2,-1,-1
378,-1,256,236,19,24,0.87,2,-1,-1
378,-1,306,167,8,9,0.57,2,-1,-1
379,-1,307,200,14,16,0.88,2,-1,-1
379,-1,254,241,20,24,0.88,2,-1,-1
379,-1,304,165,8,9,0.69,2,-1,-1
380,-1,252,244,20,25,0.87,2,-1,-1
380,-1,307,199,14,16,0.86,2,-1,-1
380,-1,304,165,8,9,0.71,2,-1,-1
381,-1,250,250,20,26,0.88,2,-1,-1
381,-1,306,196,14,16,0.86,2,-1,-1
381,-1,304,165,8,9,0.66,2,-1,-1
382,-1,248,254,22,28,0.87,2,-1,-1
382,-1,306,196,14,15,0.84,2,-1,-1
382,-1,304,164,8,9,0.65,2,-1,-1
383,-1,246,260,22,29,0.89,2,-1,-1
383,-1,306,194,14,15,0.85,2,-1,-1
383,-1,303,164,8,9,0.57,2,-1,-1
384,-1,244,264,22,30,0.89,2,-1,-1
384,-1,306,192,14,15,0.85,2,-1,-1
384,-1,302,163,8,9,0.40,2,-1,-1
385,-1,240,272,24,32,0.88,2,-1,-1
385,-1,306,191,13,15,0.83,2,-1,-1
385,-1,301,162,8,10,0.10,2,-1,-1
386,-1,350,436,50,70,0.93,2,-1,-1
386,-1,238,278,25,34,0.88,2,-1,-1
386,-1,305,189,13,15,0.84,2,-1,-1
386,-1,301,162,8,10,0.17,2,-1,-1
387,-1,344,406,44,59,0.92,2,-1,-1
387,-1,234,286,27,37,0.90,2,-1,-1
387,-1,305,189,13,14,0.85,2,-1,-1
387,-1,301,162,8,10,0.17,2,-1,-1
388,-1,340,390,41,53,0.91,2,-1,-1
388,-1,231,293,29,39,0.90,2,-1,-1
388,-1,304,188,13,14,0.86,2,-1,-1
389,-1,227,304,30,43,0.90,2,-1,-1
389,-1,336,366,38,48,0.90,2,-1,-1
389,-1,304,186,13,13,0.87,2,-1,-1
390,-1,224,313,32,46,0.91,2,-1,-1
390,-1,334,354,36,44,0.91,2,-1,-1
390,-1,304,186,12,12,0.86,2,-1,-1
391,-1,218,327,35,51,0.91,2,-1,-1
391,-1,330,336,31,40,0.89,2,-1,-1
391,-1,304,184,12,13,0.85,2,-1,-1
392,-1,214,338,36,55,0.92,2,-1,-1
392,-1,328,326,29,37,0.89,2,-1,-1
392,-1,304,184,12,12,0.84,2,-1,-1
393,-1,206,358,40,62,0.92,2,-1,-1
393,-1,324,312,28,34,0.89,2,-1,-1
393,-1,304,182,11,12,0.84,2,-1,-1
394,-1,200,372,42,68,0.92,2,-1,-1
394,-1,323,304,28,32,0.89,2,-1,-1
394,-1,304,182,10,12,0.82,2,-1,-1
395,-1,190,397,47,80,0.91,2,-1,-1
395,-1,321,293,26,31,0.89,2,-1,-1
395,-1,304,180,11,12,0.82,2,-1,-1
396,-1,183,417,50,89,0.93,2,-1,-1
396,-1,320,287,24,29,0.88,2,-1,-1
396,-1,303,180,10,11,0.82,2,-1,-1
397,-1,318,278,22,28,0.87,2,-1,-1
397,-1,304,178,10,12,0.83,2,-1,-1
398,-1,317,272,22,27,0.89,2,-1,-1
398,-1,303,178,10,11,0.83,2,-1,-1
399,-1,316,265,22,25,0.89,2,-1,-1
399,-1,303,177,10,12,0.81,2,-1,-1
400,-1,316,260,21,24,0.87,2,-1,-1
400,-1,303,176,10,11,0.74,2,-1,-1
401,-1,314,254,20,23,0.85,2,-1,-1
401,-1,302,175,10,11,0.76,2,-1,-1
402,-1,313,251,20,22,0.89,2,-1,-1
402,-1,303,176,10,10,0.65,2,-1,-1
403,-1,312,245,18,22,0.88,2,-1,-1
403,-1,302,175,10,10,0.48,2,-1,-1
404,-1,312,242,18,20,0.88,2,-1,-1
404,-1,303,175,10,10,0.38,2,-1,-1
405,-1,311,236,17,20,0.88,2,-1,-1
405,-1,302,174,9,9,0.56,2,-1,-1
406,-1,310,233,17,20,0.87,2,-1,-1
406,-1,302,173,9,9,0.38,2,-1,-1
407,-1,310,229,17,20,0.87,2,-1,-1
407,-1,302,174,9,9,0.34,2,-1,-1
408,-1,310,227,17,20,0.86,2,-1,-1
408,-1,302,172,9,9,0.50,2,-1,-1
409,-1,308,223,17,18,0.88,2,-1,-1
409,-1,300,172,9,9,0.50,2,-1,-1
410,-1,308,221,16,18,0.87,2,-1,-1
410,-1,300,172,9,9,0.13,2,-1,-1
411,-1,308,217,16,18,0.88,2,-1,-1
411,-1,300,170,9,8,0.30,2,-1,-1
412,-1,308,216,16,18,0.88,2,-1,-1
412,-1,299,170,9,8,0.26,2,-1,-1
413,-1,308,212,15,18,0.87,2,-1,-1
413,-1,298,168,9,8,0.51,2,-1,-1
414,-1,307,210,15,18,0.88,2,-1,-1
414,-1,298,168,9,9,0.51,2,-1,-1
415,-1,306,208,15,17,0.87,2,-1,-1
416,-1,306,206,15,16,0.86,2,-1,-1
416,-1,298,168,9,9,0.13,2,-1,-1
417,-1,306,204,15,16,0.85,2,-1,-1
417,-1,297,166,8,8,0.45,2,-1,-1
418,-1,305,202,15,16,0.86,2,-1,-1
419,-1,305,200,15,16,0.86,2,-1,-1
419,-1,296,164,8,8,0.12,2,-1,-1
420,-1,305,199,14,16,0.85,2,-1,-1
421,-1,304,197,14,15,0.84,2,-1,-1
422,-1,304,196,14,15,0.85,2,-1,-1
423,-1,304,194,14,15,0.85,2,-1,-1
424,-1,304,193,14,15,0.85,2,-1,-1
425,-1,304,192,13,14,0.84,2,-1,-1
426,-1,304,191,13,14,0.84,2,-1,-1
427,-1,304,190,13,14,0.84,2,-1,-1
428,-1,304,189,12,13,0.85,2,-1,-1
429,-1,304,188,12,12,0.84,2,-1,-1
430,-1,303,186,12,13,0.85,2,-1,-1
431,-1,303,185,11,12,0.83,2,-1,-1
432,-1,303,184,12,13,0.84,2,-1,-1
433,-1,303,183,11,13,0.83,2,-1,-1
434,-1,303,183,11,12,0.82,2,-1,-1
435,-1,302,182,11,12,0.82,2,-1,-1
436,-1,303,181,10,12,0.82,2,-1,-1
437,-1,302,179,10,12,0.83,2,-1,-1
438,-1,302,179,10,12,0.83,2,-1,-1
439,-1,302,178,10,11,0.82,2,-1,-1
440,-1,302,178,10,11,0.80,2,-1,-1
441,-1,302,177,10,10,0.64,2,-1,-1
442,-1,302,177,10,10,0.63,2,-1,-1
443,-1,302,175,10,10,0.73,2,-1,-1
444,-1,302,175,10,11,0.72,2,-1,-1
445,-1,302,175,10,10,0.48,2,-1,-1
446,-1,302,174,10,9,0.34,2,-1,-1
447,-1,302,174,10,9,0.32,2,-1,-1
448,-1,302,173,9,9,0.20,2,-1,-1
449,-1,-1,-1,-1,-1,-1,-1,-1,-1
450,-1,300,172,9,9,0.20,2,-1,-1
451,-1,300,171,9,9,0.33,2,-1,-1
452,-1,300,171,9,9,0.35,2,-1,-1
453,-1,299,169,10,10,0.45,2,-1,-1
454,-1,299,169,10,10,0.44,2,-1,-1
455,-1,298,168,9,10,0.37,2,-1,-1
456,-1,348,438,51,74,0.93,2,-1,-1
456,-1,298,168,9,9,0.48,2,-1,-1
457,-1,342,406,45,64,0.91,2,-1,-1
457,-1,298,168,8,8,0.57,2,-1,-1
458,-1,338,388,42,57,0.90,2,-1,-1
458,-1,298,168,9,9,0.35,2,-1,-1
459,-1,334,362,39,52,0.90,2,-1,-1
459,-1,297,166,8,8,0.50,2,-1,-1
460,-1,332,350,36,48,0.90,2,-1,-1
460,-1,297,166,8,8,0.50,2,-1,-1
461,-1,328,330,32,46,0.89,2,-1,-1
461,-1,298,167,7,8,0.10,2,-1,-1
462,-1,326,322,30,42,0.90,2,-1,-1
462,-1,296,165,8,8,0.18,2,-1,-1
463,-1,323,306,29,40,0.89,2,-1,-1
463,-1,296,165,8,8,0.19,2,-1,-1
463,-1,266,156,9,13,0.15,2,-1,-1
464,-1,322,299,29,38,0.90,2,-1,-1
464,-1,266,157,9,13,0.21,2,-1,-1
464,-1,296,165,8,8,0.19,2,-1,-1
465,-1,320,289,26,34,0.90,2,-1,-1
465,-1,266,157,9,13,0.19,2,-1,-1
465,-1,294,163,8,8,0.11,2,-1,-1
466,-1,320,282,25,32,0.89,2,-1,-1
466,-1,266,157,9,14,0.14,2,-1,-1
466,-1,294,163,8,8,0.11,2,-1,-1
467,-1,318,272,22,32,0.89,2,-1,-1
467,-1,266,158,9,13,0.35,2,-1,-1
468,-1,318,268,22,30,0.89,2,-1,-1
468,-1,266,158,9,14,0.39,2,-1,-1
469,-1,316,260,22,29,0.88,2,-1,-1
469,-1,267,159,9,14,0.55,2,-1,-1
470,-1,315,256,22,27,0.88,2,-1,-1
470,-1,267,159,9,14,0.55,2,-1,-1
471,-1,314,250,20,26,0.88,2,-1,-1
471,-1,267,159,9,14,0.59,2,-1,-1
472,-1,392,350,112,182,0.93,7,-1,-1
472,-1,314,245,20,26,0.86,2,-1,-1
472,-1,267,160,9,14,0.60,2,-1,-1
473,-1,384,337,100,164,0.94,7,-1,-1
473,-1,312,240,20,25,0.88,2,-1,-1
473,-1,267,161,10,14,0.68,2,-1,-1
474,-1,381,327,92,152,0.93,7,-1,-1
474,-1,312,238,18,23,0.87,2,-1,-1
474,-1,267,161,10,14,0.68,2,-1,-1
475,-1,376,314,83,138,0.93,7,-1,-1
475,-1,311,231,19,24,0.86,2,-1,-1
475,-1,267,162,9,14,0.58,2,-1,-1
476,-1,372,306,77,130,0.93,7,-1,-1
476,-1,310,228,19,24,0.87,2,-1,-1
476,-1,267,163,10,13,0.64,2,-1,-1
477,-1,367,296,72,119,0.93,7,-1,-1
477,-1,310,225,18,22,0.87,2,-1,-1
477,-1,267,164,10,12,0.61,2,-1,-1
478,-1,364,290,68,112,0.93,7,-1,-1
478,-1,310,223,18,21,0.86,2,-1,-1
478,-1,267,164,10,12,0.62,2,-1,-1
479,-1,361,281,62,104,0.93,7,-1,-1
479,-1,310,219,16,20,0.88,2,-1,-1
479,-1,267,165,10,12,0.48,2,-1,-1
480,-1,359,277,59,98,0.93,7,-1,-1
480,-1,310,216,17,21,0.87,2,-1,-1
480,-1,268,166,10,12,0.56,2,-1,-1
481,-1,356,269,56,93,0.92,7,-1,-1
481,-1,309,214,16,20,0.88,2,-1,-1
481,-1,267,165,11,13,0.54,2,-1,-1
482,-1,354,264,53,89,0.91,7,-1,-1
482,-1,308,212,16,20,0.88,2,-1,-1
482,-1,267,165,10,13,0.54,2,-1,-1
483,-1,352,258,49,85,0.91,7,-1,-1
483,-1,308,209,16,19,0.88,2,-1,-1
483,-1,267,164,11,14,0.53,2,-1,-1
484,-1,350,254,47,82,0.90,7,-1,-1
484,-1,308,207,15,19,0.89,2,-1,-1
484,-1,267,165,11,14,0.51,2,-1,-1
485,-1,348,249,44,78,0.90,7,-1,-1
485,-1,308,205,16,18,0.88,2,-1,-1
485,-1,267,166,11,14,0.67,2,-1,-1
486,-1,346,245,42,76,0.91,7,-1,-1
486,-1,308,203,16,18,0.87,2,-1,-1
486,-1,267,166,11,14,0.65,2,-1,-1
487,-1,344,240,40,72,0.92,7,-1,-1
487,-1,308,201,15,18,0.88,2,-1,-1
487,-1,268,168,11,13,0.60,2,-1,-1
488,-1,344,238,38,69,0.92,7,-1,-1
488,-1,308,200,14,17,0.88,2,-1,-1
488,-1,267,167,11,14,0.65,2,-1,-1
489,-1,342,234,37,66,0.92,7,-1,-1
489,-1,307,198,14,16,0.86,2,-1,-1
489,-1,267,167,11,14,0.70,2,-1,-1
490,-1,340,232,36,64,0.91,7,-1,-1
490,-1,306,196,14,16,0.86,2,-1,-1
490,-1,267,167,11,14,0.71,2,-1,-1
491,-1,340,228,34,62,0.91,7,-1,-1
491,-1,306,194,14,16,0.87,2,-1,-1
491,-1,267,168,11,15,0.70,2,-1,-1
492,-1,338,225,34,60,0.91,7,-1,-1
492,-1,306,194,14,15,0.86,2,-1,-1
492,-1,267,170,11,14,0.63,2,-1,-1
493,-1,336,221,33,59,0.89,7,-1,-1
493,-1,306,193,13,14,0.84,2,-1,-1
493,-1,266,169,12,15,0.70,2,-1,-1
494,-1,335,219,32,58,0.90,7,-1,-1
494,-1,306,192,13,14,0.83,2,-1,-1
494,-1,267,168,12,16,0.71,2,-1,-1
495,-1,334,216,32,56,0.90,7,-1,-1
495,-1,306,190,13,14,0.83,2,-1,-1
495,-1,266,168,12,17,0.75,2,-1,-1
496,-1,334,214,30,54,0.89,7,-1,-1
496,-1,306,189,13,14,0.84,2,-1,-1
496,-1,266,168,12,17,0.72,2,-1,-1
497,-1,333,212,30,52,0.90,7,-1,-1
497,-1,305,188,12,14,0.86,2,-1,-1
497,-1,266,169,12,16,0.76,2,-1,-1
498,-1,332,210,30,52,0.89,7,-1,-1
498,-1,306,186,12,13,0.87,2,-1,-1
498,-1,266,169,12,17,0.77,2,-1,-1
499,-1,331,207,28,50,0.89,7,-1,-1
499,-1,305,185,12,13,0.86,2,-1,-1
499,-1,266,169,12,18,0.78,2,-1,-1
500,-1,330,205,28,50,0.89,7,-1,-1
500,-1,305,184,12,14,0.85,2,-1,-1
500,-1,265,169,13,18,0.80,2,-1,-1
501,-1,330,204,27,48,0.89,7,-1,-1
501,-1,304,183,12,14,0.83,2,-1,-1
501,-1,265,170,13,18,0.80,2,-1,-1
502,-1,329,202,26,48,0.90,7,-1,-1
502,-1,304,182,12,13,0.83,2,-1,-1
502,-1,264,170,14,18,0.78,2,-1,-1
503,-1,327,200,26,46,0.87,7,-1,-1
503,-1,304,181,12,13,0.84,2,-1,-1
503,-1,264,171,13,18,0.76,2,-1,-1
504,-1,326,199,26,44,0.87,7,-1,-1
504,-1,304,180,12,13,0.84,2,-1,-1
504,-1,264,171,14,18,0.78,2,-1,-1
505,-1,326,197,26,43,0.88,7,-1,-1
505,-1,304,180,12,12,0.83,2,-1,-1
505,-1,265,174,12,16,0.73,2,-1,-1
505,-1,266,154,10,12,0.12,7,-1,-1
506,-1,324,196,26,43,0.88,7,-1,-1
506,-1,304,178,12,12,0.82,2,-1,-1
506,-1,264,173,13,18,0.76,2,-1,-1
506,-1,266,155,10,12,0.12,2,-1,-1
507,-1,324,194,26,42,0.89,7,-1,-1
507,-1,304,178,12,12,0.82,2,-1,-1
507,-1,264,175,13,17,0.80,2,-1,-1
507,-1,266,155,10,12,0.17,2,-1,-1
508,-1,324,194,25,41,0.89,7,-1,-1
508,-1,304,178,11,12,0.82,2,-1,-1
508,-1,264,175,13,17,0.81,2,-1,-1
508,-1,266,155,10,12,0.16,2,-1,-1
509,-1,322,192,25,40,0.88,7,-1,-1
509,-1,263,175,13,18,0.81,2,-1,-1
509,-1,303,177,11,12,0.76,2,-1,-1
510,-1,322,191,25,40,0.88,7,-1,-1
510,-1,263,174,14,20,0.82,2,-1,-1
510,-1,303,176,10,10,0.70,2,-1,-1
511,-1,322,189,23,39,0.88,7,-1,-1
511,-1,262,175,13,19,0.84,2,-1,-1
511,-1,303,176,10,10,0.74,2,-1,-1
512,-1,321,188,23,38,0.88,7,-1,-1
512,-1,262,174,14,21,0.81,2,-1,-1
512,-1,303,174,10,11,0.73,2,-1,-1
513,-1,320,188,23,37,0.88,7,-1,-1
513,-1,262,176,14,20,0.80,2,-1,-1
513,-1,303,174,10,11,0.74,2,-1,-1
513,-1,267,160,12,17,0.26,7,-1,-1
514,-1,320,187,22,36,0.88,7,-1,-1
514,-1,262,177,14,19,0.81,2,-1,-1
514,-1,302,174,9,10,0.74,2,-1,-1
514,-1,268,159,11,17,0.21,7,-1,-1
515,-1,319,186,22,35,0.88,7,-1,-1
515,-1,261,179,14,18,0.82,2,-1,-1
515,-1,302,173,8,9,0.70,2,-1,-1
515,-1,269,161,10,17,0.16,7,-1,-1
516,-1,320,185,21,34,0.89,7,-1,-1
516,-1,261,179,14,18,0.80,2,-1,-1
516,-1,302,173,8,9,0.70,2,-1,-1
516,-1,269,161,10,18,0.16,7,-1,-1
517,-1,318,184,21,34,0.88,7,-1,-1
517,-1,260,180,14,18,0.81,2,-1,-1
517,-1,302,172,8,9,0.71,2,-1,-1
517,-1,270,165,10,14,0.34,2,-1,-1
518,-1,318,183,21,34,0.87,7,-1,-1
518,-1,260,182,14,18,0.82,2,-1,-1
518,-1,302,172,8,9,0.70,2,-1,-1
518,-1,269,160,10,18,0.36,7,-1,-1
519,-1,318,182,20,33,0.87,7,-1,-1
519,-1,259,180,15,20,0.79,2,-1,-1
519,-1,269,161,10,19,0.62,7,-1,-1
519,-1,300,171,8,9,0.60,2,-1,-1
520,-1,318,182,20,32,0.86,7,-1,-1
520,-1,259,180,15,22,0.80,2,-1,-1
520,-1,300,171,8,10,0.62,2,-1,-1
520,-1,269,161,10,20,0.59,7,-1,-1
521,-1,318,180,19,32,0.85,7,-1,-1
521,-1,258,178,16,24,0.73,2,-1,-1
521,-1,270,163,10,18,0.48,2,-1,-1
521,-1,300,170,8,9,0.34,2,-1,-1
522,-1,317,179,19,32,0.86,7,-1,-1
522,-1,258,180,15,24,0.72,2,-1,-1
522,-1,269,162,11,20,0.41,7,-1,-1
522,-1,299,169,8,9,0.21,2,-1,-1
523,-1,316,178,19,32,0.85,7,-1,-1
523,-1,258,180,16,24,0.77,2,-1,-1
523,-1,269,162,11,19,0.42,7,-1,-1
523,-1,299,169,8,9,0.19,2,-1,-1
524,-1,316,178,19,31,0.82,7,-1,-1
524,-1,257,180,16,24,0.71,2,-1,-1
524,-1,269,162,11,20,0.64,7,-1,-1
524,-1,299,168,8,9,0.18,2,-1,-1
525,-1,316,177,18,30,0.84,7,-1,-1
525,-1,256,178,16,28,0.61,2,-1,-1
525,-1,270,163,10,21,0.55,7,-1,-1
525,-1,298,167,8,8,0.35,2,-1,-1
526,-1,316,177,18,30,0.76,7,-1,-1
526,-1,256,179,16,28,0.64,2,-1,-1
526,-1,269,163,11,21,0.50,7,-1,-1
526,-1,298,166,7,8,0.33,2,-1,-1
527,-1,316,176,17,29,0.82,7,-1,-1
527,-1,256,180,16,27,0.76,2,-1,-1
527,-1,269,165,11,20,0.39,7,-1,-1
527,-1,297,166,8,8,0.29,2,-1,-1
528,-1,315,176,17,28,0.78,7,-1,-1
528,-1,255,180,17,30,0.69,2,-1,-1
528,-1,269,165,11,20,0.50,7,-1,-1
528,-1,297,166,8,8,0.19,2,-1,-1
529,-1,314,175,17,28,0.79,7,-1,-1
529,-1,268,166,11,21,0.56,7,-1,-1
529,-1,254,182,17,28,0.55,2,-1,-1
529,-1,296,164,8,8,0.33,2,-1,-1
530,-1,314,174,17,28,0.74,7,-1,-1
530,-1,254,182,18,28,0.70,2,-1,-1
530,-1,268,166,11,22,0.69,7,-1,-1
530,-1,296,164,8,8,0.32,2,-1,-1
531,-1,314,174,16,28,0.80,7,-1,-1
531,-1,268,167,12,22,0.73,7,-1,-1
531,-1,253,182,18,29,0.64,2,-1,-1
531,-1,295,164,8,8,0.23,2,-1,-1
532,-1,313,173,17,26,0.79,7,-1,-1
532,-1,268,167,12,22,0.71,7,-1,-1
532,-1,253,184,18,28,0.60,2,-1,-1
532,-1,294,164,8,8,0.27,2,-1,-1
533,-1,313,172,17,26,0.79,7,-1,-1
533,-1,268,168,12,22,0.74,7,-1,-1
533,-1,252,186,17,28,0.72,2,-1,-1
533,-1,294,163,8,8,0.16,2,-1,-1
534,-1,312,171,17,26,0.84,7,-1,-1
534,-1,268,168,13,22,0.77,7,-1,-1
534,-1,252,185,18,30,0.64,7,-1,-1
534,-1,293,163,8,8,0.17,2,-1,-1
535,-1,251,184,18,33,0.84,7,-1,-1
535,-1,312,171,16,26,0.79,7,-1,-1
535,-1,267,168,13,22,0.69,7,-1,-1
535,-1,292,162,8,8,0.17,2,-1,-1
536,-1,250,185,19,32,0.83,7,-1,-1
536,-1,312,171,16,25,0.77,7,-1,-1
536,-1,267,168,13,23,0.74,7,-1,-1
537,-1,250,184,19,35,0.86,7,-1,-1
537,-1,266,168,13,24,0.82,7,-1,-1
537,-1,312,170,16,25,0.58,7,-1,-1
538,-1,249,184,20,36,0.87,7,-1,-1
538,-1,266,168,14,25,0.83,7,-1,-1
538,-1,312,170,15,24,0.63,7,-1,-1
539,-1,248,185,20,36,0.88,7,-1,-1
539,-1,266,168,14,26,0.84,7,-1,-1
539,-1,311,169,16,24,0.52,7,-1,-1
540,-1,247,185,21,38,0.88,7,-1,-1
540,-1,266,170,14,25,0.83,7,-1,-1
540,-1,312,170,15,23,0.68,2,-1,-1
541,-1,246,186,21,39,0.87,7,-1,-1
541,-1,265,171,14,25,0.72,7,-1,-1
541,-1,311,168,15,24,0.65,7,-1,-1
542,-1,246,186,22,39,0.88,7,-1,-1
542,-1,265,171,15,26,0.79,7,-1,-1
542,-1,311,168,15,24,0.68,7,-1,-1
543,-1,245,187,22,40,0.88,7,-1,-1
543,-1,264,171,16,27,0.82,7,-1,-1
543,-1,311,168,14,22,0.71,2,-1,-1
544,-1,244,188,22,40,0.88,7,-1,-1
544,-1,264,170,16,28,0.85,7,-1,-1
544,-1,311,169,14,21,0.79,2,-1,-1
545,-1,243,188,22,42,0.88,7,-1,-1
545,-1,264,170,16,29,0.86,7,-1,-1
545,-1,312,172,13,18,0.76,2,-1,-1
546,-1,241,189,24,43,0.88,7,-1,-1
546,-1,263,171,16,30,0.86,7,-1,-1
546,-1,311,170,13,19,0.77,2,-1,-1
547,-1,240,190,24,44,0.88,7,-1,-1
547,-1,262,172,17,29,0.85,7,-1,-1
547,-1,311,168,13,19,0.79,2,-1,-1
548,-1,240,190,24,45,0.88,7,-1,-1
548,-1,262,172,17,30,0.85,7,-1,-1
548,-1,311,168,12,18,0.76,2,-1,-1
549,-1,238,192,25,46,0.88,7,-1,-1
549,-1,261,173,18,31,0.85,7,-1,-1
549,-1,310,166,12,20,0.80,2,-1,-1
550,-1,238,192,24,46,0.87,7,-1,-1
550,-1,261,174,18,31,0.86,7,-1,-1
550,-1,310,166,12,20,0.80,2,-1,-1
551,-1,236,194,25,48,0.89,7,-1,-1
551,-1,261,174,18,32,0.87,7,-1,-1
551,-1,310,165,12,20,0.76,2,-1,-1
552,-1,236,194,26,48,0.90,7,-1,-1
552,-1,260,174,18,32,0.88,7,-1,-1
552,-1,310,164,12,19,0.69,2,-1,-1
553,-1,234,196,27,49,0.90,7,-1,-1
553,-1,260,176,18,32,0.88,7,-1,-1
553,-1,310,164,12,19,0.57,2,-1,-1
553,-1,275,164,8,8,0.31,2,-1,-1
554,-1,232,197,28,50,0.89,7,-1,-1
554,-1,259,176,18,33,0.88,7,-1,-1
554,-1,309,163,12,19,0.51,7,-1,-1
554,-1,276,165,8,8,0.25,2,-1,-1
555,-1,231,198,28,52,0.89,7,-1,-1
555,-1,258,177,19,33,0.87,7,-1,-1
555,-1,309,163,12,19,0.52,2,-1,-1
555,-1,276,165,8,8,0.23,2,-1,-1
556,-1,230,199,29,53,0.89,7,-1,-1
556,-1,257,178,19,34,0.88,7,-1,-1
556,-1,308,162,12,20,0.79,7,-1,-1
556,-1,276,165,8,8,0.22,2,-1,-1
557,-1,228,200,30,54,0.89,7,-1,-1
557,-1,256,178,20,35,0.87,7,-1,-1
557,-1,308,162,12,18,0.66,7,-1,-1
557,-1,276,167,8,8,0.36,2,-1,-1
558,-1,227,201,31,56,0.90,7,-1,-1
558,-1,256,178,20,36,0.87,7,-1,-1
558,-1,308,162,12,18,0.81,7,-1,-1
558,-1,276,167,8,9,0.43,2,-1,-1
559,-1,225,203,31,57,0.89,7,-1,-1
559,-1,254,179,20,37,0.87,7,-1,-1
559,-1,308,162,12,18,0.69,7,-1,-1
559,-1,277,167,8,9,0.56,2,-1,-1
560,-1,223,205,32,58,0.88,7,-1,-1
560,-1,254,179,21,38,0.88,7,-1,-1
560,-1,308,162,11,18,0.72,2,-1,-1
560,-1,277,168,8,9,0.65,2,-1,-1
561,-1,221,206,33,60,0.89,7,-1,-1
561,-1,252,180,22,38,0.88,7,-1,-1
561,-1,306,160,12,18,0.74,7,-1,-1
561,-1,277,168,8,10,0.66,2,-1,-1
562,-1,219,207,34,62,0.90,7,-1,-1
562,-1,252,181,22,39,0.88,7,-1,-1
562,-1,306,160,12,18,0.77,7,-1,-1
562,-1,277,169,9,9,0.63,2,-1,-1
563,-1,217,210,36,63,0.90,7,-1,-1
563,-1,250,182,23,40,0.88,7,-1,-1
563,-1,306,160,12,18,0.78,7,-1,-1
563,-1,278,170,9,9,0.57,2,-1,-1
564,-1,215,212,36,65,0.91,7,-1,-1
564,-1,249,182,23,41,0.88,7,-1,-1
564,-1,305,159,12,18,0.79,7,-1,-1
564,-1,278,170,9,9,0.73,2,-1,-1
565,-1,213,214,36,66,0.91,7,-1,-1
565,-1,248,183,24,42,0.87,7,-1,-1
565,-1,278,170,9,9,0.73,2,-1,-1
565,-1,304,160,12,16,0.52,7,-1,-1
566,-1,211,215,37,69,0.92,7,-1,-1
566,-1,247,184,25,43,0.88,7,-1,-1
566,-1,278,170,9,10,0.72,2,-1,-1
566,-1,304,160,12,17,0.48,7,-1,-1
567,-1,208,218,38,71,0.91,7,-1,-1
567,-1,245,184,26,44,0.88,7,-1,-1
567,-1,304,158,11,18,0.81,7,-1,-1
567,-1,278,172,9,10,0.72,2,-1,-1
568,-1,206,219,40,73,0.92,7,-1,-1
568,-1,244,186,26,45,0.89,7,-1,-1
568,-1,304,158,11,18,0.80,7,-1,-1
568,-1,278,172,9,10,0.72,2,-1,-1
569,-1,243,186,27,46,0.90,7,-1,-1
569,-1,203,221,41,76,0.89,7,-1,-1
569,-1,304,158,11,17,0.69,7,-1,-1
569,-1,278,172,9,10,0.62,2,-1,-1
570,-1,200,223,43,78,0.90,7,-1,-1
570,-1,241,187,28,47,0.89,7,-1,-1
570,-1,278,174,9,10,0.67,2,-1,-1
570,-1,303,158,11,16,0.62,7,-1,-1
571,-1,196,227,44,80,0.91,7,-1,-1
571,-1,240,188,28,48,0.89,7,-1,-1
571,-1,303,156,10,17,0.76,7,-1,-1
571,-1,278,174,9,10,0.70,2,-1,-1
572,-1,194,229,45,83,0.90,7,-1,-1
572,-1,239,189,29,49,0.90,7,-1,-1
572,-1,278,174,9,10,0.71,2,-1,-1
572,-1,302,157,10,16,0.69,7,-1,-1
573,-1,190,232,46,86,0.91,7,-1,-1
573,-1,238,191,29,50,0.90,7,-1,-1
573,-1,302,156,10,16,0.76,7,-1,-1
573,-1,278,175,10,10,0.76,2,-1,-1
574,-1,188,234,48,90,0.91,7,-1,-1
574,-1,237,192,30,51,0.91,7,-1,-1
574,-1,278,175,10,10,0.76,2,-1,-1
574,-1,302,157,10,16,0.66,7,-1,-1
575,-1,182,238,50,93,0.92,7,-1,-1
575,-1,236,193,30,53,0.90,7,-1,-1
575,-1,278,176,10,10,0.75,2,-1,-1
575,-1,301,156,10,16,0.74,7,-1,-1
576,-1,180,241,52,96,0.92,7,-1,-1
576,-1,234,194,30,54,0.90,7,-1,-1
576,-1,277,176,10,10,0.75,2,-1,-1
576,-1,300,156,10,16,0.71,7,-1,-1
577,-1,174,244,54,102,0.92,7,-1,-1
577,-1,232,195,32,57,0.91,7,-1,-1
577,-1,277,178,10,11,0.84,2,-1,-1
577,-1,300,155,10,16,0.79,7,-1,-1
578,-1,171,247,56,107,0.92,7,-1,-1
578,-1,230,196,33,58,0.91,7,-1,-1
578,-1,277,178,10,11,0.84,2,-1,-1
578,-1,299,155,10,16,0.77,7,-1,-1
579,-1,165,252,59,112,0.92,7,-1,-1
579,-1,228,198,34,60,0.91,7,-1,-1
579,-1,276,178,11,12,0.86,2,-1,-1
579,-1,299,155,10,16,0.79,7,-1,-1
580,-1,160,254,62,118,0.92,7,-1,-1
580,-1,227,198,34,62,0.91,7,-1,-1
580,-1,276,179,11,12,0.85,2,-1,-1
580,-1,298,155,10,16,0.74,7,-1,-1
581,-1,152,260,67,126,0.93,7,-1,-1
581,-1,224,200,36,64,0.91,7,-1,-1
581,-1,276,180,11,12,0.82,2,-1,-1
581,-1,298,155,10,15,0.72,7,-1,-1
582,-1,148,264,68,132,0.93,7,-1,-1
582,-1,222,202,37,65,0.92,7,-1,-1
582,-1,276,181,11,11,0.83,2,-1,-1
582,-1,298,155,10,15,0.70,7,-1,-1
583,-1,140,270,73,142,0.92,7,-1,-1
583,-1,219,204,38,68,0.92,7,-1,-1
583,-1,276,182,11,11,0.82,2,-1,-1
583,-1,298,154,10,14,0.69,7,-1,-1
584,-1,133,274,77,150,0.93,7,-1,-1
584,-1,218,205,39,70,0.92,7,-1,-1
584,-1,276,182,11,12,0.82,2,-1,-1
584,-1,297,154,9,14,0.64,7,-1,-1
585,-1,123,282,83,161,0.92,7,-1,-1
585,-1,214,207,41,74,0.92,7,-1,-1
585,-1,276,183,11,12,0.81,2,-1,-1
585,-1,296,154,9,14,0.58,7,-1,-1
586,-1,116,287,87,171,0.93,7,-1,-1
586,-1,213,209,42,76,0.91,7,-1,-1
586,-1,276,183,11,12,0.80,2,-1,-1
586,-1,296,154,9,14,0.64,7,-1,-1
587,-1,102,296,96,187,0.93,7,-1,-1
587,-1,210,211,43,79,0.90,7,-1,-1
587,-1,275,185,12,12,0.82,2,-1,-1
587,-1,296,154,9,13,0.37,7,-1,-1
588,-1,93,302,102,200,0.92,7,-1,-1
588,-1,208,212,45,82,0.91,7,-1,-1
588,-1,275,185,12,12,0.82,2,-1,-1
588,-1,296,154,9,13,0.30,7,-1,-1
588,-1,276,164,8,7,0.20,2,-1,-1
589,-1,204,215,48,87,0.91,7,-1,-1
589,-1,78,312,110,222,0.90,7,-1,-1
589,-1,274,186,12,12,0.85,2,-1,-1
589,-1,296,154,9,14,0.38,7,-1,-1
589,-1,276,164,8,7,0.36,2,-1,-1
590,-1,201,216,50,89,0.92,7,-1,-1
590,-1,274,187,12,13,0.85,2,-1,-1
590,-1,295,155,8,12,0.24,2,-1,-1
590,-1,276,165,8,8,0.14,2,-1,-1
591,-1,196,220,53,92,0.92,7,-1,-1
591,-1,274,188,12,14,0.84,2,-1,-1
591,-1,276,165,8,8,0.30,2,-1,-1
591,-1,295,155,8,11,0.16,2,-1,-1
592,-1,194,222,54,96,0.91,7,-1,-1
592,-1,274,188,12,14,0.84,2,-1,-1
592,-1,276,166,8,8,0.36,2,-1,-1
592,-1,294,154,8,12,0.18,2,-1,-1
593,-1,190,226,56,101,0.92,7,-1,-1
593,-1,274,191,12,13,0.83,2,-1,-1
593,-1,276,167,9,8,0.23,2,-1,-1
593,-1,294,154,8,12,0.17,2,-1,-1
594,-1,187,228,57,104,0.92,7,-1,-1
594,-1,274,192,12,13,0.84,2,-1,-1
594,-1,276,167,8,8,0.43,2,-1,-1
594,-1,293,152,9,13,0.10,7,-1,-1
595,-1,181,231,61,112,0.93,7,-1,-1
595,-1,273,194,12,13,0.87,2,-1,-1
595,-1,277,167,8,8,0.67,2,-1,-1
595,-1,293,153,8,12,0.19,2,-1,-1
596,-1,176,234,64,116,0.92,7,-1,-1
596,-1,272,194,12,14,0.87,2,-1,-1
596,-1,278,168,8,9,0.46,2,-1,-1
596,-1,292,152,8,12,0.13,7,-1,-1
597,-1,171,238,67,124,0.92,7,-1,-1
597,-1,272,194,13,14,0.88,2,-1,-1
597,-1,278,168,8,9,0.52,2,-1,-1
598,-1,166,241,71,131,0.93,7,-1,-1
598,-1,271,195,13,16,0.88,2,-1,-1
598,-1,278,169,8,9,0.59,2,-1,-1
598,-1,292,152,8,12,0.11,7,-1,-1
599,-1,158,244,76,141,0.93,7,-1,-1
599,-1,271,196,13,16,0.88,2,-1,-1
599,-1,278,169,8,8,0.25,2,-1,-1
599,-1,291,151,8,12,0.11,7,-1,-1
600,-1,153,248,79,148,0.93,7,-1,-1
600,-1,271,198,13,16,0.87,2,-1,-1
600,-1,278,170,8,9,0.49,2,-1,-1
600,-1,290,151,8,12,0.12,7,-1,-1
601,-1,145,254,83,160,0.93,7,-1,-1
601,-1,270,200,14,16,0.88,2,-1,-1
601,-1,280,171,8,8,0.58,2,-1,-1
602,-1,139,257,88,171,0.92,7,-1,-1
602,-1,269,201,14,16,0.88,2,-1,-1
602,-1,280,172,8,8,0.43,2,-1,-1
603,-1,127,262,96,186,0.92,7,-1,-1
603,-1,268,202,15,16,0.87,2,-1,-1
603,-1,280,172,8,9,0.40,2,-1,-1
604,-1,118,268,102,200,0.92,7,-1,-1
604,-1,268,204,15,17,0.87,2,-1,-1
604,-1,280,172,8,8,0.19,2,-1,-1
605,-1,104,275,113,223,0.90,7,-1,-1
605,-1,267,206,16,16,0.86,2,-1,-1
605,-1,280,173,8,8,0.47,2,-1,-1
605,-1,288,148,9,13,0.33,7,-1,-1
606,-1,93,281,121,239,0.90,7,-1,-1
606,-1,267,206,16,18,0.87,2,-1,-1
606,-1,280,174,8,10,0.37,2,-1,-1
606,-1,288,148,8,12,0.29,7,-1,-1
607,-1,266,209,16,18,0.86,2,-1,-1
607,-1,280,174,8,10,0.62,2,-1,-1
607,-1,288,148,8,12,0.14,7,-1,-1
608,-1,265,210,16,18,0.85,2,-1,-1
608,-1,280,174,8,10,0.52,2,-1,-1
608,-1,288,148,8,12,0.14,7,-1,-1
609,-1,264,213,16,18,0.86,2,-1,-1
609,-1,280,175,8,10,0.54,2,-1,-1
610,-1,264,215,16,19,0.86,2,-1,-1
610,-1,280,176,8,10,0.64,2,-1,-1
611,-1,262,216,16,20,0.85,2,-1,-1
611,-1,280,177,9,10,0.59,2,-1,-1
612,-1,262,218,17,20,0.87,2,-1,-1
612,-1,280,178,9,10,0.69,2,-1,-1
613,-1,260,221,17,22,0.88,2,-1,-1
613,-1,280,178,9,11,0.76,2,-1,-1
614,-1,260,223,17,22,0.86,2,-1,-1
614,-1,279,179,10,11,0.77,2,-1,-1
615,-1,258,227,18,23,0.89,2,-1,-1
615,-1,279,180,10,11,0.76,2,-1,-1
616,-1,258,229,18,23,0.86,2,-1,-1
616,-1,279,181,10,11,0.76,2,-1,-1
617,-1,256,232,19,25,0.86,2,-1,-1
617,-1,278,182,10,11,0.78,2,-1,-1
618,-1,255,235,18,24,0.88,2,-1,-1
618,-1,278,182,10,12,0.76,2,-1,-1
619,-1,253,239,19,26,0.86,2,-1,-1
619,-1,278,183,10,12,0.80,2,-1,-1
620,-1,252,242,20,26,0.88,2,-1,-1
620,-1,278,183,11,12,0.81,2,-1,-1
621,-1,250,247,20,26,0.87,2,-1,-1
621,-1,277,184,11,13,0.82,2,-1,-1
622,-1,249,250,21,27,0.87,2,-1,-1
622,-1,276,185,12,13,0.84,2,-1,-1
623,-1,247,256,22,29,0.88,2,-1,-1
623,-1,276,186,12,13,0.85,2,-1,-1
624,-1,245,259,22,30,0.90,2,-1,-1
624,-1,275,187,13,14,0.85,2,-1,-1
625,-1,243,265,22,32,0.89,2,-1,-1
625,-1,275,188,12,14,0.84,2,-1,-1
626,-1,242,270,23,33,0.88,2,-1,-1
626,-1,275,189,12,14,0.85,2,-1,-1
627,-1,238,276,25,36,0.88,2,-1,-1
627,-1,274,190,13,14,0.83,2,-1,-1
628,-1,236,281,26,37,0.90,2,-1,-1
628,-1,274,192,13,14,0.83,2,-1,-1
628,-1,270,164,9,9,0.21,2,-1,-1
629,-1,232,289,28,40,0.90,2,-1,-1
629,-1,272,193,14,14,0.84,2,-1,-1
629,-1,269,164,9,10,0.27,2,-1,-1
630,-1,230,295,28,41,0.89,2,-1,-1
630,-1,272,194,14,15,0.85,2,-1,-1
630,-1,270,165,10,10,0.26,2,-1,-1
631,-1,227,304,30,44,0.90,2,-1,-1
631,-1,272,196,14,16,0.86,2,-1,-1
631,-1,270,165,11,10,0.49,2,-1,-1
632,-1,224,312,31,47,0.90,2,-1,-1
632,-1,272,197,14,14,0.85,2,-1,-1
632,-1,270,165,10,10,0.46,2,-1,-1
633,-1,220,324,32,52,0.90,2,-1,-1
633,-1,272,199,13,15,0.86,2,-1,-1
633,-1,270,166,11,10,0.54,2,-1,-1
634,-1,217,332,34,55,0.90,2,-1,-1
634,-1,271,201,14,15,0.87,2,-1,-1
634,-1,270,166,12,10,0.57,2,-1,-1
635,-1,212,348,36,62,0.90,2,-1,-1
635,-1,270,202,14,16,0.88,2,-1,-1
635,-1,272,166,12,10,0.57,2,-1,-1
636,-1,207,360,38,65,0.92,2,-1,-1
636,-1,269,204,14,16,0.87,2,-1,-1
636,-1,272,166,12,10,0.56,2,-1,-1
637,-1,201,378,41,75,0.93,2,-1,-1
637,-1,268,206,14,16,0.87,2,-1,-1
637,-1,272,167,12,11,0.57,2,-1,-1
638,-1,195,392,44,82,0.91,2,-1,-1
638,-1,268,207,14,16,0.87,2,-1,-1
638,-1,271,167,12,11,0.61,2,-1,-1
639,-1,186,418,50,94,0.92,2,-1,-1
639,-1,266,209,15,17,0.86,2,-1,-1
639,-1,272,167,12,12,0.61,2,-1,-1
640,-1,266,211,15,17,0.85,2,-1,-1
640,-1,272,167,12,12,0.60,2,-1,-1
641,-1,264,214,16,18,0.86,2,-1,-1
641,-1,273,168,12,12,0.58,2,-1,-1
642,-1,263,216,16,18,0.86,2,-1,-1
642,-1,274,168,12,12,0.61,2,-1,-1
643,-1,262,219,16,18,0.85,2,-1,-1
643,-1,274,168,12,12,0.59,2,-1,-1
644,-1,262,221,16,18,0.86,2,-1,-1
644,-1,274,168,12,12,0.65,2,-1,-1
645,-1,260,224,16,18,0.87,2,-1,-1
645,-1,274,169,12,13,0.55,2,-1,-1
646,-1,258,227,18,20,0.88,2,-1,-1
646,-1,274,170,11,13,0.65,2,-1,-1
647,-1,258,230,18,20,0.87,2,-1,-1
647,-1,276,171,11,12,0.64,2,-1,-1
648,-1,256,233,18,21,0.86,2,-1,-1
648,-1,275,171,11,13,0.65,2,-1,-1
649,-1,255,237,18,22,0.87,2,-1,-1
649,-1,276,171,11,14,0.61,2,-1,-1
650,-1,254,240,18,22,0.86,2,-1,-1
650,-1,274,171,12,14,0.64,2,-1,-1
651,-1,252,245,19,24,0.87,2,-1,-1
651,-1,274,171,12,14,0.67,2,-1,-1
652,-1,251,249,20,24,0.88,2,-1,-1
652,-1,274,173,12,14,0.66,2,-1,-1
653,-1,248,255,20,24,0.86,2,-1,-1
653,-1,275,175,12,13,0.70,2,-1,-1
654,-1,247,258,21,26,0.89,2,-1,-1
654,-1,275,176,12,13,0.71,2,-1,-1
654,-1,277,168,10,10,0.33,2,-1,-1
655,-1,245,265,22,26,0.89,2,-1,-1
655,-1,276,178,11,12,0.76,2,-1,-1
655,-1,278,168,9,10,0.43,2,-1,-1
655,-1,268,178,10,10,0.14,2,-1,-1
656,-1,243,270,22,28,0.88,2,-1,-1
656,-1,276,178,11,13,0.74,2,-1,-1
656,-1,267,178,10,10,0.46,2,-1,-1
656,-1,278,169,10,10,0.33,2,-1,-1
657,-1,240,277,24,30,0.88,2,-1,-1
657,-1,275,180,11,12,0.70,2,-1,-1
657,-1,267,179,9,10,0.53,2,-1,-1
657,-1,278,170,10,9,0.40,2,-1,-1
658,-1,238,282,24,32,0.89,2,-1,-1
658,-1,275,180,11,12,0.71,2,-1,-1
658,-1,267,179,10,10,0.64,2,-1,-1
658,-1,278,171,10,9,0.48,2,-1,-1
659,-1,235,292,26,34,0.90,2,-1,-1
659,-1,266,180,10,10,0.68,2,-1,-1
659,-1,274,181,12,12,0.65,2,-1,-1
659,-1,278,171,10,9,0.56,2,-1,-1
660,-1,232,298,27,36,0.90,2,-1,-1
660,-1,267,180,10,10,0.68,2,-1,-1
660,-1,274,182,12,12,0.64,2,-1,-1
660,-1,278,171,10,10,0.63,2,-1,-1
661,-1,228,310,28,39,0.89,2,-1,-1
661,-1,267,181,10,11,0.66,2,-1,-1
661,-1,278,172,10,10,0.64,2,-1,-1
662,-1,225,318,30,42,0.90,2,-1,-1
662,-1,267,182,10,11,0.67,2,-1,-1
662,-1,278,172,10,10,0.64,2,-1,-1
663,-1,220,332,32,46,0.90,2,-1,-1
663,-1,266,182,10,11,0.75,2,-1,-1
663,-1,278,173,10,10,0.67,2,-1,-1
663,-1,273,186,12,13,0.64,2,-1,-1
664,-1,216,344,34,49,0.90,2,-1,-1
664,-1,266,183,10,10,0.75,2,-1,-1
664,-1,278,174,9,10,0.70,2,-1,-1
664,-1,273,186,12,13,0.69,2,-1,-1
665,-1,208,362,38,55,0.91,2,-1,-1
665,-1,279,174,9,10,0.75,2,-1,-1
665,-1,266,184,10,10,0.67,2,-1,-1
665,-1,273,188,12,13,0.64,2,-1,-1
666,-1,204,376,38,60,0.92,2,-1,-1
666,-1,278,174,10,11,0.76,2,-1,-1
666,-1,266,184,10,10,0.66,2,-1,-1
666,-1,273,188,12,14,0.64,2,-1,-1
667,-1,194,402,44,70,0.94,2,-1,-1
667,-1,278,175,10,12,0.78,2,-1,-1
667,-1,272,189,13,14,0.76,2,-1,-1
667,-1,265,185,10,12,0.71,2,-1,-1
668,-1,186,421,46,80,0.93,2,-1,-1
668,-1,272,190,13,15,0.78,2,-1,-1
668,-1,279,175,10,12,0.78,2,-1,-1
668,-1,265,185,10,12,0.73,2,-1,-1
669,-1,264,186,10,12,0.79,2,-1,-1
669,-1,272,192,12,14,0.77,2,-1,-1
669,-1,279,177,10,12,0.75,2,-1,-1
670,-1,264,186,10,12,0.78,2,-1,-1
670,-1,271,192,13,15,0.77,2,-1,-1
670,-1,278,177,10,12,0.76,2,-1,-1
671,-1,279,178,10,12,0.80,2,-1,-1
671,-1,264,188,10,12,0.79,2,-1,-1
671,-1,270,194,13,14,0.71,2,-1,-1
672,-1,279,179,10,12,0.81,2,-1,-1
672,-1,264,189,11,12,0.73,2,-1,-1
672,-1,270,195,14,14,0.71,2,-1,-1
673,-1,263,190,11,12,0.81,2,-1,-1
673,-1,279,180,10,12,0.79,2,-1,-1
673,-1,270,196,13,15,0.79,2,-1,-1
674,-1,270,196,13,16,0.81,2,-1,-1
674,-1,263,190,11,12,0.80,2,-1,-1
674,-1,279,180,10,12,0.79,2,-1,-1
675,-1,269,198,14,16,0.81,2,-1,-1
675,-1,279,181,10,12,0.80,2,-1,-1
675,-1,262,191,11,12,0.78,2,-1,-1
676,-1,278,182,10,12,0.82,2,-1,-1
676,-1,268,199,14,17,0.79,2,-1,-1
676,-1,262,193,12,12,0.76,2,-1,-1
677,-1,278,182,11,13,0.83,2,-1,-1
677,-1,267,202,14,16,0.83,2,-1,-1
677,-1,262,193,12,12,0.80,2,-1,-1
678,-1,278,184,11,13,0.82,2,-1,-1
678,-1,266,202,15,17,0.82,2,-1,-1
678,-1,262,194,12,12,0.78,2,-1,-1
679,-1,278,185,11,12,0.84,2,-1,-1
679,-1,266,204,15,18,0.83,2,-1,-1
679,-1,261,194,12,13,0.82,2,-1,-1
680,-1,278,186,11,13,0.85,2,-1,-1
680,-1,266,206,15,18,0.84,2,-1,-1
680,-1,260,195,12,13,0.83,2,-1,-1
681,-1,278,186,11,14,0.83,2,-1,-1
681,-1,265,208,15,18,0.83,2,-1,-1
681,-1,260,196,13,14,0.81,2,-1,-1
682,-1,277,187,12,14,0.84,2,-1,-1
682,-1,259,196,13,14,0.83,2,-1,-1
682,-1,265,210,16,18,0.82,2,-1,-1
683,-1,277,188,12,14,0.86,2,-1,-1
683,-1,264,212,16,18,0.85,2,-1,-1
683,-1,258,197,13,14,0.83,2,-1,-1
684,-1,263,214,16,18,0.86,2,-1,-1
684,-1,276,190,12,14,0.85,2,-1,-1
684,-1,258,198,13,15,0.82,2,-1,-1
685,-1,264,216,15,19,0.85,2,-1,-1
685,-1,258,200,12,15,0.84,2,-1,-1
685,-1,276,191,12,14,0.84,2,-1,-1
686,-1,257,201,12,14,0.87,2,-1,-1
686,-1,263,218,15,19,0.85,2,-1,-1
686,-1,276,192,12,14,0.84,2,-1,-1
687,-1,256,202,13,15,0.88,2,-1,-1
687,-1,262,221,16,20,0.86,2,-1,-1
687,-1,275,194,13,14,0.85,2,-1,-1
688,-1,255,204,14,15,0.88,2,-1,-1
688,-1,261,223,16,20,0.86,2,-1,-1
688,-1,274,194,13,15,0.86,2,-1,-1
689,-1,259,226,17,21,0.88,2,-1,-1
689,-1,254,205,12,15,0.86,2,-1,-1
689,-1,274,195,13,16,0.84,2,-1,-1
690,-1,258,228,17,21,0.88,2,-1,-1
690,-1,254,206,12,16,0.86,2,-1,-1
690,-1,274,196,13,16,0.84,2,-1,-1
691,-1,252,207,14,16,0.87,2,-1,-1
691,-1,273,198,14,15,0.85,2,-1,-1
691,-1,257,231,18,22,0.85,2,-1,-1
692,-1,256,233,19,23,0.88,2,-1,-1
692,-1,252,208,14,16,0.87,2,-1,-1
692,-1,273,200,14,16,0.87,2,-1,-1
693,-1,272,201,14,16,0.87,2,-1,-1
693,-1,255,236,18,24,0.86,2,-1,-1
693,-1,251,210,14,18,0.86,2,-1,-1
694,-1,272,202,14,16,0.87,2,-1,-1
694,-1,254,239,20,25,0.87,2,-1,-1
694,-1,250,211,14,17,0.86,2,-1,-1
695,-1,252,244,20,26,0.88,2,-1,-1
695,-1,271,205,14,16,0.87,2,-1,-1
695,-1,249,214,14,17,0.86,2,-1,-1
696,-1,250,247,21,27,0.88,2,-1,-1
696,-1,270,206,14,17,0.87,2,-1,-1
696,-1,248,215,15,17,0.85,2,-1,-1
697,-1,270,208,15,17,0.88,2,-1,-1
697,-1,248,251,22,29,0.88,2,-1,-1
697,-1,246,217,15,18,0.86,2,-1,-1
697,-1,276,165,8,7,0.10,2,-1,-1
698,-1,269,210,15,18,0.88,2,-1,-1
698,-1,247,255,22,30,0.88,2,-1,-1
698,-1,245,218,15,18,0.87,2,-1,-1
698,-1,277,165,7,7,0.13,2,-1,-1
699,-1,245,261,23,31,0.89,2,-1,-1
699,-1,268,212,14,18,0.88,2,-1,-1
699,-1,244,220,16,18,0.87,2,-1,-1
699,-1,277,167,8,8,0.11,2,-1,-1
700,-1,243,265,24,32,0.90,2,-1,-1
700,-1,268,214,14,18,0.88,2,-1,-1
700,-1,242,222,16,18,0.86,2,-1,-1
700,-1,278,166,8,8,0.46,2,-1,-1
701,-1,240,272,26,34,0.88,2,-1,-1
701,-1,267,216,15,18,0.87,2,-1,-1
701,-1,241,224,16,20,0.85,2,-1,-1
701,-1,278,167,8,9,0.65,2,-1,-1
702,-1,238,276,26,35,0.88,2,-1,-1
702,-1,266,218,16,20,0.88,2,-1,-1
702,-1,240,226,16,20,0.87,2,-1,-1
702,-1,278,167,8,9,0.67,2,-1,-1
703,-1,235,284,27,38,0.90,2,-1,-1
703,-1,264,221,16,20,0.88,2,-1,-1
703,-1,238,228,16,20,0.87,2,-1,-1
703,-1,278,167,9,9,0.67,2,-1,-1
704,-1,232,290,29,39,0.91,2,-1,-1
704,-1,237,230,17,21,0.87,2,-1,-1
704,-1,264,223,17,20,0.86,2,-1,-1
704,-1,278,168,9,10,0.57,2,-1,-1
705,-1,230,299,30,43,0.91,2,-1,-1
705,-1,235,233,17,22,0.88,2,-1,-1
705,-1,262,226,18,22,0.88,2,-1,-1
705,-1,278,168,9,10,0.68,2,-1,-1
706,-1,227,306,30,44,0.91,2,-1,-1
706,-1,234,235,18,23,0.88,2,-1,-1
706,-1,262,228,17,22,0.87,2,-1,-1
706,-1,278,168,9,10,0.68,2,-1,-1
707,-1,222,318,33,49,0.90,2,-1,-1
707,-1,260,232,18,22,0.87,2,-1,-1
707,-1,232,239,18,23,0.85,2,-1,-1
707,-1,280,170,9,9,0.65,2,-1,-1
708,-1,219,326,35,52,0.91,2,-1,-1
708,-1,260,235,18,23,0.90,2,-1,-1
708,-1,230,241,18,24,0.88,2,-1,-1
708,-1,280,170,9,10,0.73,2,-1,-1
709,-1,214,341,37,57,0.90,2,-1,-1
709,-1,258,239,19,24,0.88,2,-1,-1
709,-1,228,244,18,26,0.87,2,-1,-1
709,-1,280,171,9,10,0.72,2,-1,-1
710,-1,209,351,40,61,0.92,2,-1,-1
710,-1,257,242,19,25,0.90,2,-1,-1
710,-1,226,247,20,26,0.86,2,-1,-1
710,-1,280,171,9,10,0.72,2,-1,-1
711,-1,202,370,43,68,0.94,2,-1,-1
711,-1,223,252,20,26,0.87,2,-1,-1
711,-1,255,246,20,26,0.87,2,-1,-1
711,-1,280,172,9,10,0.76,2,-1,-1
712,-1,197,383,46,75,0.93,2,-1,-1
712,-1,254,250,20,27,0.88,2,-1,-1
712,-1,222,254,20,28,0.87,2,-1,-1
712,-1,280,173,9,10,0.67,2,-1,-1
713,-1,188,406,49,88,0.92,2,-1,-1
713,-1,219,259,20,29,0.88,2,-1,-1
713,-1,252,256,22,28,0.88,2,-1,-1
713,-1,280,173,9,10,0.72,2,-1,-1
714,-1,180,426,53,96,0.93,2,-1,-1
714,-1,250,259,22,30,0.88,2,-1,-1
714,-1,217,262,22,29,0.87,2,-1,-1
714,-1,280,174,9,11,0.76,2,-1,-1
715,-1,214,268,22,31,0.90,2,-1,-1
715,-1,248,265,22,31,0.88,2,-1,-1
715,-1,280,174,9,11,0.76,2,-1,-1
716,-1,246,270,24,32,0.88,2,-1,-1
716,-1,211,272,23,32,0.88,2,-1,-1
716,-1,280,175,9,11,0.75,2,-1,-1
717,-1,243,277,25,34,0.90,2,-1,-1
717,-1,207,277,24,34,0.88,2,-1,-1
717,-1,280,176,10,10,0.72,2,-1,-1
718,-1,204,282,25,35,0.90,2,-1,-1
718,-1,241,282,26,36,0.90,2,-1,-1
718,-1,280,177,10,10,0.74,2,-1,-1
719,-1,200,288,27,36,0.90,2,-1,-1
719,-1,238,290,28,38,0.90,2,-1,-1
719,-1,280,178,10,10,0.79,2,-1,-1
720,-1,236,296,28,41,0.89,2,-1,-1
720,-1,197,293,27,38,0.89,2,-1,-1
720,-1,280,178,10,11,0.82,2,-1,-1
721,-1,232,307,30,44,0.91,2,-1,-1
721,-1,192,300,28,42,0.90,2,-1,-1
721,-1,280,180,10,10,0.81,2,-1,-1
722,-1,229,314,32,48,0.91,2,-1,-1
722,-1,188,307,30,42,0.90,2,-1,-1
722,-1,280,180,10,11,0.80,2,-1,-1
723,-1,224,326,34,52,0.90,2,-1,-1
723,-1,182,316,32,46,0.90,2,-1,-1
723,-1,280,181,10,12,0.81,2,-1,-1
724,-1,222,336,35,55,0.90,2,-1,-1
724,-1,177,323,33,49,0.90,2,-1,-1
724,-1,280,182,10,12,0.81,2,-1,-1
725,-1,216,352,38,62,0.92,2,-1,-1
725,-1,170,335,36,52,0.90,2,-1,-1
725,-1,280,183,10,12,0.82,2,-1,-1
726,-1,211,365,40,66,0.92,2,-1,-1
726,-1,165,343,37,56,0.90,2,-1,-1
726,-1,280,183,10,13,0.81,2,-1,-1
727,-1,204,386,44,75,0.92,2,-1,-1
727,-1,155,358,40,61,0.92,2,-1,-1
727,-1,279,184,11,13,0.82,2,-1,-1
728,-1,149,368,42,65,0.92,2,-1,-1
728,-1,197,402,48,82,0.92,2,-1,-1
728,-1,279,186,10,12,0.84,2,-1,-1
729,-1,137,386,47,72,0.93,2,-1,-1
729,-1,187,429,52,97,0.91,2,-1,-1
729,-1,278,186,12,14,0.85,2,-1,-1
730,-1,129,398,50,79,0.91,2,-1,-1
730,-1,278,187,12,14,0.85,2,-1,-1
731,-1,113,420,56,91,0.92,2,-1,-1
731,-1,277,189,12,14,0.85,2,-1,-1
732,-1,277,189,12,14,0.85,2,-1,-1
733,-1,276,191,13,14,0.84,2,-1,-1
734,-1,276,192,14,15,0.85,2,-1,-1
735,-1,275,192,14,16,0.85,2,-1,-1
736,-1,276,194,13,15,0.85,2,-1,-1
737,-1,274,196,14,15,0.84,2,-1,-1
738,-1,274,197,14,16,0.84,2,-1,-1
739,-1,273,199,14,16,0.85,2,-1,-1
740,-1,272,200,15,16,0.85,2,-1,-1
741,-1,272,203,15,16,0.85,2,-1,-1
742,-1,272,204,15,17,0.84,2,-1,-1
743,-1,270,206,16,17,0.84,2,-1,-1
744,-1,270,206,16,18,0.86,2,-1,-1
745,-1,270,210,15,18,0.87,2,-1,-1
746,-1,270,211,16,20,0.86,2,-1,-1
747,-1,268,214,16,19,0.87,2,-1,-1
748,-1,268,216,16,19,0.86,2,-1,-1
749,-1,266,219,17,20,0.88,2,-1,-1
750,-1,265,221,17,20,0.87,2,-1,-1
751,-1,264,225,18,20,0.86,2,-1,-1
752,-1,263,228,18,22,0.87,2,-1,-1
753,-1,262,230,18,23,0.85,2,-1,-1
754,-1,262,234,18,23,0.88,2,-1,-1
754,-1,266,161,8,10,0.15,2,-1,-1
755,-1,260,238,18,24,0.86,2,-1,-1
755,-1,266,160,9,12,0.50,2,-1,-1
756,-1,259,241,19,25,0.88,2,-1,-1
756,-1,266,160,9,12,0.48,2,-1,-1
757,-1,257,247,20,26,0.86,2,-1,-1
757,-1,266,159,9,14,0.43,7,-1,-1
758,-1,256,250,20,26,0.88,2,-1,-1
758,-1,266,159,9,14,0.41,7,-1,-1
759,-1,254,256,22,28,0.88,2,-1,-1
759,-1,266,160,9,14,0.41,2,-1,-1
760,-1,253,261,22,29,0.88,2,-1,-1
760,-1,266,160,10,14,0.41,2,-1,-1
761,-1,250,267,23,31,0.88,2,-1,-1
761,-1,266,159,9,14,0.42,7,-1,-1
762,-1,249,272,23,32,0.87,2,-1,-1
762,-1,266,160,10,15,0.49,7,-1,-1
763,-1,246,280,24,35,0.88,2,-1,-1
763,-1,266,160,10,16,0.46,7,-1,-1
764,-1,245,286,26,37,0.89,2,-1,-1
764,-1,266,161,10,15,0.57,2,-1,-1
765,-1,241,296,27,40,0.89,2,-1,-1
765,-1,267,162,10,14,0.62,2,-1,-1
766,-1,239,303,28,42,0.89,2,-1,-1
766,-1,266,161,10,15,0.59,2,-1,-1
767,-1,236,314,30,47,0.90,2,-1,-1
767,-1,267,161,10,16,0.59,7,-1,-1
768,-1,233,324,32,50,0.90,2,-1,-1
768,-1,267,161,10,17,0.59,7,-1,-1
769,-1,229,339,34,56,0.91,2,-1,-1
769,-1,268,163,10,16,0.63,7,-1,-1
770,-1,225,351,36,60,0.91,2,-1,-1
770,-1,268,163,10,16,0.62,7,-1,-1
771,-1,219,372,39,68,0.92,2,-1,-1
771,-1,268,164,10,16,0.69,7,-1,-1
772,-1,214,387,42,75,0.93,2,-1,-1
772,-1,268,164,10,16,0.46,2,-1,-1
773,-1,206,414,46,88,0.92,2,-1,-1
773,-1,268,166,11,16,0.50,2,-1,-1
774,-1,200,436,51,98,0.93,2,-1,-1
774,-1,268,166,11,16,0.51,2,-1,-1
775,-1,268,166,11,17,0.45,7,-1,-1
776,-1,268,165,11,18,0.67,7,-1,-1
777,-1,268,167,11,17,0.66,2,-1,-1
778,-1,268,167,11,18,0.55,2,-1,-1
779,-1,268,167,11,18,0.48,2,-1,-1
780,-1,268,169,11,16,0.75,2,-1,-1
781,-1,267,170,11,16,0.71,2,-1,-1
782,-1,266,170,11,17,0.59,2,-1,-1
783,-1,266,170,12,18,0.56,2,-1,-1
784,-1,266,172,12,17,0.79,2,-1,-1
785,-1,265,171,12,20,0.56,7,-1,-1
785,-1,278,166,8,8,0.12,2,-1,-1
786,-1,266,172,12,18,0.59,2,-1,-1
786,-1,278,166,8,8,0.17,2,-1,-1
787,-1,264,171,13,20,0.68,7,-1,-1
787,-1,279,167,8,8,0.32,2,-1,-1
788,-1,264,172,13,21,0.77,7,-1,-1
788,-1,278,168,9,8,0.33,2,-1,-1
789,-1,278,168,9,8,0.55,2,-1,-1
789,-1,264,172,14,22,0.51,2,-1,-1
790,-1,263,171,14,23,0.80,7,-1,-1
790,-1,279,168,8,9,0.53,2,-1,-1
791,-1,262,174,14,21,0.53,2,-1,-1
791,-1,278,168,9,10,0.50,2,-1,-1
792,-1,262,173,14,22,0.60,7,-1,-1
792,-1,278,169,9,10,0.49,2,-1,-1
793,-1,262,173,14,24,0.76,7,-1,-1
793,-1,279,171,9,8,0.28,2,-1,-1
794,-1,262,174,14,24,0.83,7,-1,-1
794,-1,280,171,8,9,0.66,2,-1,-1
795,-1,261,175,14,24,0.85,7,-1,-1
795,-1,279,171,9,10,0.67,2,-1,-1
796,-1,260,176,15,24,0.87,7,-1,-1
796,-1,279,171,9,10,0.64,2,-1,-1
797,-1,260,175,16,26,0.89,7,-1,-1
797,-1,280,173,9,10,0.67,2,-1,-1
798,-1,260,176,16,26,0.89,7,-1,-1
798,-1,279,173,9,10,0.65,2,-1,-1
799,-1,259,178,16,26,0.87,7,-1,-1
799,-1,279,174,10,10,0.64,2,-1,-1
799,-1,276,167,9,9,0.24,2,-1,-1
800,-1,258,178,16,26,0.87,7,-1,-1
800,-1,280,174,9,10,0.68,2,-1,-1
800,-1,277,168,8,10,0.15,2,-1,-1
801,-1,258,179,16,26,0.85,7,-1,-1
801,-1,278,176,10,10,0.56,2,-1,-1
801,-1,277,167,9,10,0.55,2,-1,-1
802,-1,256,180,17,27,0.85,7,-1,-1
802,-1,278,174,10,12,0.56,2,-1,-1
803,-1,256,181,17,28,0.84,7,-1,-1
803,-1,278,176,10,12,0.70,2,-1,-1
803,-1,277,168,10,10,0.42,2,-1,-1
804,-1,256,181,17,28,0.86,7,-1,-1
804,-1,278,176,10,12,0.69,2,-1,-1
804,-1,278,168,10,10,0.49,2,-1,-1
805,-1,255,182,18,29,0.86,7,-1,-1
805,-1,279,180,10,10,0.68,2,-1,-1
805,-1,278,168,10,10,0.48,2,-1,-1
806,-1,254,182,18,30,0.87,7,-1,-1
806,-1,279,180,10,11,0.72,2,-1,-1
806,-1,278,169,10,10,0.17,2,-1,-1
807,-1,254,184,18,30,0.85,7,-1,-1
807,-1,279,181,10,12,0.73,2,-1,-1
807,-1,278,172,10,10,0.47,2,-1,-1
808,-1,253,184,18,31,0.86,7,-1,-1
808,-1,279,181,10,12,0.75,2,-1,-1
808,-1,278,172,10,10,0.41,2,-1,-1
809,-1,252,186,18,32,0.87,7,-1,-1
809,-1,279,183,10,11,0.73,2,-1,-1
809,-1,278,172,10,10,0.69,2,-1,-1
810,-1,251,187,20,32,0.88,7,-1,-1
810,-1,279,183,10,12,0.72,2,-1,-1
810,-1,278,173,10,10,0.62,2,-1,-1
811,-1,250,188,20,33,0.87,7,-1,-1
811,-1,278,184,11,12,0.75,2,-1,-1
811,-1,278,172,10,11,0.71,2,-1,-1
812,-1,249,188,21,34,0.88,7,-1,-1
812,-1,278,185,11,13,0.78,2,-1,-1
812,-1,278,172,10,11,0.70,2,-1,-1
813,-1,247,189,22,34,0.88,7,-1,-1
813,-1,278,186,12,13,0.80,2,-1,-1
813,-1,279,174,10,10,0.72,2,-1,-1
814,-1,246,190,22,36,0.88,7,-1,-1
814,-1,278,186,12,13,0.79,2,-1,-1
814,-1,278,174,10,11,0.75,2,-1,-1
815,-1,244,190,24,38,0.88,7,-1,-1
815,-1,278,175,10,11,0.77,2,-1,-1
815,-1,277,189,12,13,0.77,2,-1,-1
816,-1,243,192,24,38,0.88,7,-1,-1
816,-1,276,190,12,13,0.76,2,-1,-1
816,-1,279,176,10,11,0.71,2,-1,-1
817,-1,242,192,24,40,0.87,7,-1,-1
817,-1,278,178,10,12,0.78,2,-1,-1
817,-1,276,191,12,14,0.77,2,-1,-1
818,-1,240,194,25,40,0.87,7,-1,-1
818,-1,279,178,10,12,0.80,2,-1,-1
818,-1,276,192,13,14,0.80,2,-1,-1
819,-1,239,196,26,40,0.88,7,-1,-1
819,-1,279,179,10,12,0.81,2,-1,-1
819,-1,276,194,13,14,0.80,2,-1,-1
820,-1,238,196,26,42,0.88,7,-1,-1
820,-1,279,179,11,12,0.82,2,-1,-1
820,-1,274,194,14,14,0.79,2,-1,-1
821,-1,236,198,28,44,0.88,7,-1,-1
821,-1,279,181,10,12,0.81,2,-1,-1
821,-1,274,196,14,15,0.79,2,-1,-1
822,-1,234,199,28,44,0.89,7,-1,-1
822,-1,278,181,11,13,0.83,2,-1,-1
822,-1,274,197,14,15,0.80,2,-1,-1
823,-1,232,202,28,46,0.88,7,-1,-1
823,-1,279,182,11,13,0.82,2,-1,-1
823,-1,273,200,14,16,0.82,2,-1,-1
824,-1,231,203,29,46,0.88,7,-1,-1
824,-1,272,202,14,16,0.85,2,-1,-1
824,-1,279,182,11,13,0.82,2,-1,-1
825,-1,228,206,29,48,0.89,7,-1,-1
825,-1,278,184,11,14,0.84,2,-1,-1
825,-1,272,204,15,16,0.81,2,-1,-1
826,-1,227,207,30,48,0.88,7,-1,-1
826,-1,278,185,12,14,0.85,2,-1,-1
826,-1,271,205,15,16,0.82,2,-1,-1
827,-1,224,211,31,50,0.89,7,-1,-1
827,-1,278,186,12,14,0.87,2,-1,-1
827,-1,270,208,15,16,0.84,2,-1,-1
828,-1,223,212,32,50,0.89,7,-1,-1
828,-1,270,209,14,17,0.87,2,-1,-1
828,-1,278,188,12,14,0.86,2,-1,-1
829,-1,220,214,34,54,0.89,7,-1,-1
829,-1,278,189,12,14,0.87,2,-1,-1
829,-1,268,212,15,17,0.87,2,-1,-1
830,-1,219,216,34,54,0.89,7,-1,-1
830,-1,268,214,15,17,0.87,2,-1,-1
830,-1,276,190,13,15,0.86,2,-1,-1
831,-1,216,218,36,58,0.91,7,-1,-1
831,-1,266,216,16,19,0.87,2,-1,-1
831,-1,276,192,13,15,0.86,2,-1,-1
832,-1,213,220,37,60,0.89,7,-1,-1
832,-1,276,193,13,14,0.87,2,-1,-1
832,-1,266,219,15,18,0.86,2,-1,-1
833,-1,209,224,38,62,0.90,7,-1,-1
833,-1,264,222,16,20,0.87,2,-1,-1
833,-1,276,194,13,15,0.86,2,-1,-1
834,-1,206,228,39,62,0.90,7,-1,-1
834,-1,274,194,14,16,0.86,2,-1,-1
834,-1,264,225,16,20,0.86,2,-1,-1
835,-1,202,230,42,66,0.90,7,-1,-1
835,-1,262,228,18,22,0.87,2,-1,-1
835,-1,274,197,14,16,0.86,2,-1,-1
836,-1,199,235,42,67,0.90,7,-1,-1
836,-1,274,198,14,17,0.87,2,-1,-1
836,-1,260,230,18,22,0.86,2,-1,-1
837,-1,195,237,45,73,0.90,7,-1,-1
837,-1,260,236,18,22,0.89,2,-1,-1
837,-1,272,200,15,18,0.87,2,-1,-1
838,-1,192,241,47,75,0.89,7,-1,-1
838,-1,258,239,18,22,0.86,2,-1,-1
838,-1,272,202,14,18,0.86,2,-1,-1
839,-1,188,247,48,78,0.91,7,-1,-1
839,-1,256,245,19,24,0.88,2,-1,-1
839,-1,271,203,16,18,0.86,2,-1,-1
840,-1,183,250,51,82,0.91,7,-1,-1
840,-1,256,248,20,24,0.88,2,-1,-1
840,-1,271,205,15,18,0.86,2,-1,-1
841,-1,175,256,55,87,0.91,7,-1,-1
841,-1,253,254,22,27,0.87,2,-1,-1
841,-1,269,208,16,20,0.87,2,-1,-1
842,-1,172,260,56,91,0.91,7,-1,-1
842,-1,268,210,16,20,0.88,2,-1,-1
842,-1,251,258,22,28,0.88,2,-1,-1
843,-1,166,266,58,100,0.92,7,-1,-1
843,-1,267,212,17,20,0.89,2,-1,-1
843,-1,249,266,22,30,0.87,2,-1,-1
843,-1,274,163,8,7,0.13,2,-1,-1
844,-1,159,270,62,106,0.91,7,-1,-1
844,-1,267,214,16,20,0.87,2,-1,-1
844,-1,247,272,23,30,0.87,2,-1,-1
844,-1,274,162,8,8,0.16,2,-1,-1
845,-1,150,275,68,118,0.93,7,-1,-1
845,-1,245,280,24,32,0.89,2,-1,-1
845,-1,265,217,18,21,0.88,2,-1,-1
846,-1,143,282,72,125,0.92,7,-1,-1
846,-1,264,220,18,22,0.89,2,-1,-1
846,-1,242,287,25,34,0.89,2,-1,-1
847,-1,131,289,80,140,0.92,7,-1,-1
847,-1,239,298,27,36,0.89,2,-1,-1
847,-1,264,223,18,23,0.85,2,-1,-1
848,-1,122,294,86,152,0.92,7,-1,-1
848,-1,237,306,28,39,0.89,2,-1,-1
848,-1,263,226,18,24,0.88,2,-1,-1
849,-1,107,304,97,173,0.91,7,-1,-1
849,-1,234,320,30,43,0.90,2,-1,-1
849,-1,262,230,18,24,0.86,2,-1,-1
849,-1,276,164,8,8,0.31,2,-1,-1
850,-1,230,330,31,47,0.90,2,-1,-1
850,-1,94,304,107,196,0.90,7,-1,-1
850,-1,260,232,19,26,0.88,2,-1,-1
850,-1,276,164,9,9,0.49,2,-1,-1
851,-1,224,348,34,53,0.90,2,-1,-1
851,-1,258,236,19,28,0.87,2,-1,-1
851,-1,276,165,9,8,0.35,2,-1,-1
852,-1,221,363,36,58,0.90,2,-1,-1
852,-1,258,240,19,28,0.89,2,-1,-1
852,-1,277,166,9,9,0.57,2,-1,-1
853,-1,214,387,40,68,0.92,2,-1,-1
853,-1,255,246,21,30,0.88,2,-1,-1
853,-1,278,166,9,9,0.64,2,-1,-1
854,-1,208,407,44,76,0.91,2,-1,-1
854,-1,253,250,22,31,0.90,2,-1,-1
854,-1,278,166,9,9,0.64,2,-1,-1
855,-1,197,440,52,94,0.93,2,-1,-1
855,-1,251,257,22,32,0.88,2,-1,-1
855,-1,278,168,9,10,0.60,2,-1,-1
856,-1,249,261,24,34,0.87,2,-1,-1
856,-1,278,168,9,10,0.71,2,-1,-1
857,-1,246,269,25,36,0.88,2,-1,-1
857,-1,278,168,9,10,0.67,2,-1,-1
858,-1,245,274,26,38,0.90,2,-1,-1
858,-1,278,169,10,10,0.60,2,-1,-1
859,-1,241,283,28,42,0.90,2,-1,-1
859,-1,278,170,10,10,0.72,2,-1,-1
860,-1,238,290,29,44,0.90,2,-1,-1
860,-1,278,170,10,10,0.73,2,-1,-1
861,-1,234,302,31,48,0.89,2,-1,-1
861,-1,278,172,10,10,0.73,2,-1,-1
862,-1,231,311,32,51,0.91,2,-1,-1
862,-1,278,172,10,11,0.73,2,-1,-1
863,-1,226,326,36,58,0.90,2,-1,-1
863,-1,278,172,10,10,0.74,2,-1,-1
864,-1,222,338,37,62,0.91,2,-1,-1
864,-1,279,173,10,11,0.72,2,-1,-1
865,-1,215,358,41,71,0.94,2,-1,-1
865,-1,279,174,10,11,0.70,2,-1,-1
866,-1,209,373,45,79,0.92,2,-1,-1
866,-1,279,174,10,11,0.73,2,-1,-1
867,-1,200,402,50,94,0.93,2,-1,-1
867,-1,279,175,10,11,0.71,2,-1,-1
868,-1,192,424,54,105,0.92,2,-1,-1
868,-1,279,176,10,12,0.73,2,-1,-1
869,-1,278,177,11,12,0.75,2,-1,-1
870,-1,278,178,11,12,0.78,2,-1,-1
871,-1,278,178,12,12,0.81,2,-1,-1
872,-1,278,180,12,12,0.79,2,-1,-1
873,-1,278,182,11,12,0.80,2,-1,-1
874,-1,278,182,11,12,0.81,2,-1,-1
875,-1,277,183,12,12,0.79,2,-1,-1
876,-1,277,184,12,13,0.82,2,-1,-1
876,-1,276,164,8,8,0.17,2,-1,-1
877,-1,276,185,12,13,0.84,2,-1,-1
877,-1,276,165,8,8,0.37,2,-1,-1
878,-1,276,186,12,14,0.86,2,-1,-1
878,-1,276,165,8,8,0.49,2,-1,-1
879,-1,276,188,12,14,0.86,2,-1,-1
879,-1,276,165,9,9,0.42,2,-1,-1
880,-1,275,188,13,14,0.86,2,-1,-1
880,-1,277,166,9,10,0.54,2,-1,-1
881,-1,274,190,13,14,0.82,2,-1,-1
881,-1,278,166,8,10,0.61,2,-1,-1
882,-1,274,191,13,14,0.82,2,-1,-1
882,-1,278,167,9,10,0.64,2,-1,-1
883,-1,273,192,14,15,0.84,2,-1,-1
883,-1,278,168,9,10,0.68,2,-1,-1
884,-1,272,194,14,16,0.85,2,-1,-1
884,-1,278,168,9,10,0.69,2,-1,-1
885,-1,272,194,15,16,0.85,2,-1,-1
885,-1,278,168,9,10,0.69,2,-1,-1
886,-1,272,196,14,16,0.85,2,-1,-1
886,-1,278,168,9,10,0.69,2,-1,-1
887,-1,272,198,14,16,0.85,2,-1,-1
887,-1,279,170,9,11,0.74,2,-1,-1
888,-1,271,200,14,16,0.87,2,-1,-1
888,-1,279,170,9,11,0.77,2,-1,-1
889,-1,269,202,16,17,0.87,2,-1,-1
889,-1,278,172,10,11,0.71,2,-1,-1
890,-1,268,204,16,17,0.87,2,-1,-1
890,-1,278,172,10,11,0.71,2,-1,-1
891,-1,268,206,15,17,0.87,2,-1,-1
891,-1,279,172,10,12,0.75,2,-1,-1
892,-1,267,207,16,18,0.87,2,-1,-1
892,-1,278,173,10,11,0.79,2,-1,-1
893,-1,266,210,16,18,0.86,2,-1,-1
893,-1,278,174,10,12,0.78,2,-1,-1
894,-1,264,213,16,18,0.87,2,-1,-1
894,-1,278,175,10,12,0.78,2,-1,-1
895,-1,264,216,16,19,0.86,2,-1,-1
895,-1,278,176,11,12,0.80,2,-1,-1
896,-1,263,217,16,20,0.85,2,-1,-1
896,-1,278,176,11,12,0.80,2,-1,-1
897,-1,262,221,16,20,0.87,2,-1,-1
897,-1,278,177,11,13,0.84,2,-1,-1
898,-1,260,224,17,21,0.86,2,-1,-1
898,-1,278,178,11,13,0.82,2,-1,-1
899,-1,258,228,18,22,0.88,2,-1,-1
899,-1,278,179,11,14,0.84,2,-1,-1
900,-1,257,230,18,22,0.85,2,-1,-1
900,-1,278,180,11,14,0.84,2,-1,-1
