2,0,198,206,58,98,0.92,7,1,355,3419,0,200,1
2,1,246,190,24,35,0.86,7,1,349,2890,0,200,1
2,2,263,175,14,20,0.71,7,1,344,2394,0,200,1
2,3,263,160,14,18,0.40,7,1,315,1894,0,200,1
3,0,194,207,60,104,0.92,7,2,355,3442,-3,227,1
3,1,246,191,24,36,0.85,7,2,349,2911,15,210,1
3,2,263,175,14,21,0.74,7,2,344,2415,11,203,1
3,3,266,160,12,17,0.16,7,2,315,1911,66,168,1
4,0,190,210,64,108,0.92,7,3,355,3468,3,241,1
4,1,244,193,24,36,0.86,7,3,349,2935,2,221,1
4,2,262,176,16,22,0.76,7,3,344,2444,14,249,1
4,3,266,161,12,17,0.12,7,3,316,1922,47,138,1
5,0,188,211,64,112,0.92,7,4,355,3488,4,227,1
5,1,244,193,24,38,0.85,7,4,349,2957,4,222,1
5,2,262,176,16,22,0.78,7,4,344,2465,14,236,1
5,3,266,160,12,18,0.21,7,4,317,1924,34,98,1
6,0,182,214,68,118,0.91,7,5,356,3511,3,229,1
6,1,243,194,24,40,0.88,7,5,349,2984,4,233,1
6,2,260,176,16,23,0.78,7,5,345,2486,6,230,1
7,0,180,216,70,123,0.92,7,6,356,3533,5,227,1
7,1,241,195,26,40,0.88,7,6,350,3003,3,225,1
7,2,261,176,16,24,0.82,7,6,345,2506,7,224,1
7,3,265,161,14,18,0.13,7,5,320,1937,24,85,1
8,0,176,218,72,128,0.92,7,7,356,3553,5,223,1
8,1,240,196,26,40,0.87,7,7,350,3018,2,213,1
8,2,260,176,16,25,0.83,7,7,345,2526,6,220,1
8,3,265,161,14,18,0.27,7,6,321,1939,19,74,1
9,0,170,220,76,136,0.93,7,8,356,3575,5,222,1
9,1,239,198,26,40,0.87,7,8,350,3035,1,206,1
9,2,260,178,16,24,0.84,7,8,345,2546,5,217,1
9,3,267,162,14,18,0.38,7,7,322,1952,22,82,1
10,0,165,223,78,146,0.92,7,9,356,3599,5,224,1
10,1,237,200,28,42,0.88,7,9,350,3058,1,209,1
10,2,260,177,16,26,0.85,7,9,346,2566,5,214,1
10,3,266,162,14,20,0.41,7,8,323,1985,22,113,1
11,0,158,226,84,152,0.93,7,10,357,3621,5,224,1
11,1,236,200,28,44,0.89,7,10,350,3079,1,209,1
11,2,260,178,16,26,0.83,7,10,346,2585,6,212,1
11,3,265,162,14,20,0.57,7,9,324,2008,20,126,1
12,0,154,227,88,160,0.92,7,11,357,3641,5,222,1
12,1,234,202,30,44,0.89,7,11,350,3099,1,209,1
12,2,258,178,16,27,0.83,7,11,346,2604,5,210,1
12,3,269,162,14,20,0.39,7,10,325,2023,22,129,1
13,0,146,231,92,172,0.92,7,12,357,3664,5,222,1
13,1,232,203,32,46,0.89,7,12,350,3120,1,209,1
13,2,257,178,18,28,0.83,7,12,347,2623,4,208,1
13,3,269,163,14,20,0.34,7,11,326,2042,23,135,1
14,0,136,234,100,187,0.92,7,13,358,3687,5,223,1
14,1,230,204,32,48,0.89,7,13,350,3141,1,209,1
14,2,257,177,18,30,0.83,7,13,347,2641,4,206,1
14,3,274,165,12,18,0.30,7,12,328,2058,26,136,1
15,0,130,239,104,195,0.93,7,14,358,3709,5,223,1
15,1,228,206,32,48,0.89,7,14,350,3161,1,208,1
15,2,257,180,18,28,0.83,7,14,347,2659,4,204,1
15,3,270,164,14,21,0.45,7,13,330,2083,26,145,1
16,0,120,241,112,216,0.93,7,15,359,3733,6,224,1
16,1,226,208,34,50,0.89,7,15,350,3183,1,209,1
16,2,256,183,18,26,0.83,7,15,347,2677,4,202,1
16,3,268,164,16,22,0.49,7,14,332,2110,26,154,1
17,0,111,244,120,231,0.94,7,16,359,3756,6,224,1
17,1,224,209,36,52,0.90,7,16,350,3204,1,209,1
17,2,256,182,18,27,0.82,7,16,348,2691,4,198,1
17,3,268,164,16,22,0.49,7,15,334,2131,25,158,1
18,0,97,248,130,254,0.93,7,17,360,3779,6,225,1
18,1,221,212,38,53,0.90,7,17,350,3226,1,210,1
18,2,255,184,18,27,0.83,7,17,348,2709,3,196,1
18,3,266,164,16,24,0.49,7,16,336,2162,24,167,1
19,0,81,251,144,276,0.91,7,18,360,3802,6,225,1
19,1,220,212,38,54,0.91,7,18,350,3246,1,209,1
19,2,255,184,18,27,0.83,7,18,348,2723,3,193,1
19,3,265,165,18,24,0.52,7,17,338,2191,23,175,1
20,1,218,214,40,57,0.90,7,19,350,3267,1,209,1
20,2,254,185,20,28,0.83,7,19,348,2740,3,192,1
20,3,267,166,16,24,0.31,7,18,340,2220,22,181,1
21,1,217,216,40,58,0.90,7,20,350,3287,1,209,1
21,2,253,184,20,29,0.84,7,20,348,2754,3,189,1
21,3,262,165,16,24,0.38,7,19,342,2241,20,183,1
21,4,372,307,132,226,0.93,7,1,512,3809,0,-200,1
22,1,214,216,42,62,0.91,7,21,350,3307,1,208,1
22,2,252,186,20,30,0.84,7,21,348,2773,3,190,1
22,3,262,168,16,23,0.41,7,20,343,2268,19,187,1
22,4,365,295,120,196,0.91,7,2,512,3776,-4,-328,1
23,1,213,218,42,64,0.92,7,22,350,3327,1,208,1
23,2,252,186,20,30,0.84,7,22,349,2789,3,188,1
23,3,262,167,16,24,0.52,7,21,344,2289,17,188,1
23,4,364,290,106,180,0.92,7,3,512,3749,-3,-301,1
24,1,210,222,44,66,0.91,7,23,350,3349,1,208,1
24,2,252,188,20,30,0.84,7,23,349,2807,3,188,1
24,3,261,168,16,24,0.58,7,22,345,2312,16,190,1
24,4,360,280,96,159,0.93,7,4,511,3716,-1,-311,1
25,1,208,223,44,68,0.91,7,24,350,3369,1,208,1
25,2,251,188,20,30,0.85,7,24,349,2822,3,186,1
25,3,262,169,16,24,0.71,7,23,346,2334,15,191,1
25,4,356,275,90,149,0.93,7,5,511,3689,-2,-301,1
26,1,204,227,48,70,0.91,7,25,351,3390,1,208,1
26,2,250,190,20,30,0.85,7,25,349,2839,3,185,1
26,3,260,171,16,22,0.77,7,24,347,2354,14,191,1
26,4,352,266,84,135,0.92,7,6,511,3658,-3,-302,1
27,1,201,230,50,72,0.90,7,26,351,3411,1,208,1
27,2,250,190,20,32,0.85,7,26,349,2857,3,185,1
27,3,262,172,14,23,0.76,7,25,347,2376,14,193,1
27,4,350,260,80,129,0.93,7,7,511,3630,-3,-298,1
28,1,198,232,52,76,0.92,7,27,351,3432,1,208,1
28,2,250,191,20,32,0.86,7,27,349,2874,3,184,1
28,3,260,172,16,24,0.80,7,26,348,2400,13,194,1
28,4,347,255,72,118,0.92,7,8,511,3602,-3,-296,1
29,1,195,233,54,80,0.93,7,28,351,3453,1,208,1
29,2,248,191,22,33,0.88,7,28,349,2890,3,184,1
29,3,260,173,16,23,0.79,7,27,348,2419,12,195,1
29,4,346,251,68,111,0.92,7,9,511,3574,-3,-293,1
30,1,190,238,56,84,0.92,7,29,351,3475,1,209,1
30,2,246,192,24,34,0.87,7,29,350,2908,3,183,1
30,3,260,173,16,24,0.76,7,28,349,2439,12,195,1
30,4,342,246,64,103,0.91,7,10,511,3546,-4,-292,1
31,1,188,242,56,84,0.91,7,30,351,3496,1,209,1
31,2,245,192,24,36,0.88,7,30,350,2926,2,183,1
31,3,260,173,16,24,0.76,7,29,349,2457,11,194,1
31,4,342,242,62,98,0.90,7,11,510,3518,-4,-291,1
32,1,182,246,60,90,0.92,7,31,352,3517,2,209,1
32,2,244,194,24,36,0.88,7,31,350,2945,2,183,1
32,3,260,173,16,26,0.79,7,30,349,2477,11,194,1
32,4,341,238,56,92,0.90,7,12,510,3490,-4,-290,1
33,1,177,248,64,94,0.93,7,32,352,3538,2,209,1
33,2,244,194,24,36,0.88,7,32,350,2961,2,183,1
33,3,259,173,18,26,0.80,7,31,349,2495,11,194,1
33,4,340,234,52,87,0.91,7,13,510,3462,-4,-289,1
34,1,172,253,68,100,0.93,7,33,352,3560,2,209,1
34,2,243,195,24,38,0.88,7,33,350,2979,2,183,1
34,3,258,172,18,28,0.84,7,32,350,2513,10,194,1
34,4,338,230,48,82,0.91,7,14,509,3434,-4,-288,1
35,1,166,256,72,106,0.92,7,34,352,3582,2,210,1
35,2,241,195,26,40,0.88,7,34,350,2997,2,183,1
35,3,258,174,18,28,0.84,7,33,350,2534,10,194,1
35,4,336,228,48,78,0.89,7,15,509,3406,-4,-288,1
36,1,159,262,76,114,0.92,7,35,352,3604,2,210,1
36,2,240,197,26,40,0.87,7,35,350,3016,2,183,1
36,3,256,172,20,31,0.83,7,34,350,2555,10,194,1
36,4,336,224,44,74,0.89,7,16,509,3378,-4,-287,1
37,1,154,264,80,122,0.93,7,36,353,3627,2,210,1
37,2,240,198,26,40,0.86,7,36,351,3033,2,183,1
37,3,257,173,18,30,0.85,7,35,350,2573,10,194,1
37,4,334,222,44,72,0.89,7,17,508,3351,-4,-286,1
38,1,146,269,84,132,0.92,7,37,353,3649,2,211,1
38,2,238,199,28,40,0.87,7,37,351,3050,2,182,1
38,3,256,173,20,32,0.86,7,36,350,2593,9,194,1
38,4,333,218,42,70,0.90,7,18,508,3324,-4,-285,1
39,1,139,273,90,140,0.92,7,38,353,3671,2,211,1
39,2,236,199,28,42,0.88,7,38,351,3066,2,182,1
39,3,256,174,20,32,0.88,7,37,351,2613,9,194,1
39,4,332,216,40,68,0.89,7,19,508,3298,-4,-284,1
40,1,128,278,98,156,0.92,7,39,353,3694,2,212,1
40,2,235,201,28,43,0.89,7,39,351,3084,2,182,1
40,3,255,174,20,34,0.88,7,38,351,2635,9,195,1
40,4,332,213,36,65,0.89,7,20,507,3271,-4,-283,1
40,5,278,173,8,10,0.39,2,1,363,2051,0,200,1
41,1,120,282,104,169,0.92,7,40,354,3717,2,212,1
41,2,234,203,28,42,0.89,7,40,351,3101,2,181,1
41,3,255,176,20,34,0.87,7,39,351,2658,9,196,1
41,4,331,212,36,62,0.88,7,21,507,3245,-4,-282,1
41,5,278,174,8,10,0.39,2,2,363,2072,8,208,1
42,1,106,289,116,188,0.92,7,41,354,3740,2,213,1
42,2,234,203,28,46,0.89,7,41,351,3119,2,181,1
42,3,255,177,20,34,0.87,7,40,351,2680,9,197,1
42,4,330,208,34,61,0.88,7,22,506,3219,-4,-281,1
42,5,277,175,10,10,0.55,2,3,363,2097,9,233,1
43,1,96,295,124,202,0.91,7,42,354,3763,2,213,1
43,2,232,204,28,46,0.89,7,42,351,3136,2,181,1
43,3,254,177,20,34,0.87,7,41,352,2700,9,197,1
43,4,330,206,32,60,0.88,7,23,506,3193,-4,-280,1
43,5,277,175,10,10,0.55,2,4,364,2119,9,226,1
44,2,230,205,30,48,0.88,7,43,351,3154,2,181,1
44,3,254,176,20,36,0.86,7,42,352,2719,8,196,1
44,4,328,204,32,56,0.88,7,24,506,3166,-4,-279,1
44,5,278,177,8,10,0.42,2,5,364,2155,10,259,1
45,2,229,207,30,48,0.88,7,44,351,3172,2,181,1
45,3,253,177,20,36,0.85,7,43,352,2738,8,196,1
45,4,328,203,30,54,0.88,7,25,505,3139,-4,-279,1
45,5,277,177,10,10,0.41,2,6,364,2178,10,255,1
46,2,226,210,32,49,0.89,7,45,351,3190,2,181,1
46,3,253,178,20,37,0.86,7,44,353,2758,8,196,1
46,4,327,200,30,54,0.87,7,26,505,3113,-4,-278,1
46,5,278,177,8,10,0.35,2,7,365,2193,9,237,1
47,2,225,211,32,50,0.89,7,46,351,3208,1,181,1
47,3,251,180,22,37,0.86,7,45,353,2779,8,197,1
47,4,328,199,28,52,0.87,7,27,504,3087,-4,-277,1
47,5,278,178,8,10,0.43,2,8,365,2212,9,230,1
48,2,223,212,34,53,0.89,7,47,351,3227,1,181,1
48,3,250,180,22,38,0.86,7,46,353,2799,8,197,1
48,4,326,197,30,50,0.85,7,28,504,3061,-4,-277,1
48,5,278,178,8,10,0.46,2,9,366,2225,8,218,1
49,2,222,212,34,54,0.89,7,48,351,3244,1,181,1
49,3,250,180,22,39,0.87,7,47,353,2819,8,197,1
49,4,326,196,28,49,0.85,7,29,503,3035,-4,-276,1
49,5,278,180,8,10,0.29,2,10,366,2250,9,222,1
50,2,221,214,34,56,0.89,7,49,351,3262,1,181,1
50,3,248,180,24,40,0.86,7,48,354,2837,8,197,1
50,4,326,195,28,47,0.81,7,30,503,3009,-4,-276,1
50,5,277,178,10,12,0.46,2,11,367,2268,8,218,1
51,2,218,213,36,60,0.89,7,50,351,3280,1,181,1
51,3,248,181,24,40,0.86,7,49,354,2856,7,196,1
51,4,325,195,26,44,0.83,7,31,503,2983,-4,-275,1
51,5,278,182,10,10,0.60,2,12,367,2295,9,222,1
52,2,216,214,38,62,0.90,7,51,351,3298,1,181,1
52,3,246,183,24,40,0.87,7,50,354,2875,7,196,1
52,4,324,194,28,44,0.80,7,32,502,2958,-4,-274,1
52,5,278,182,8,10,0.65,2,13,368,2315,9,221,1
53,2,214,215,38,64,0.89,7,52,351,3316,1,181,1
53,3,246,184,24,42,0.87,7,51,354,2895,7,196,1
53,4,324,199,24,36,0.81,7,33,502,2934,-4,-273,1
53,5,276,184,12,10,0.68,2,14,369,2343,9,224,1
54,2,212,218,40,66,0.91,7,53,351,3334,1,181,1
54,3,245,184,24,44,0.88,7,52,355,2916,7,197,1
54,4,323,192,24,40,0.84,7,34,502,2908,-4,-273,1
54,5,277,185,10,10,0.68,2,15,370,2369,9,227,1
55,2,210,221,40,67,0.90,7,54,351,3352,1,181,1
55,3,244,184,24,44,0.89,7,53,355,2935,7,196,1
55,4,322,191,24,39,0.85,7,35,502,2883,-4,-272,1
55,5,278,185,10,10,0.74,2,16,370,2389,9,226,1
56,2,207,224,42,68,0.90,7,55,351,3370,1,181,1
56,3,242,185,28,46,0.89,7,54,355,2955,7,196,1
56,4,321,188,24,39,0.82,7,36,501,2857,-4,-272,1
56,5,278,186,10,10,0.58,2,17,371,2410,10,225,1
57,2,205,226,44,70,0.90,7,56,351,3388,1,181,1
57,3,242,186,26,46,0.89,7,55,355,2974,7,196,1
57,4,320,186,24,40,0.85,7,37,501,2832,-4,-271,1
57,5,277,186,10,10,0.64,2,18,372,2428,9,222,1
58,2,202,229,44,72,0.90,7,57,351,3406,1,181,1
58,3,240,186,28,48,0.89,7,56,355,2994,7,196,1
58,4,320,185,22,38,0.84,7,38,501,2806,-4,-271,1
58,5,278,187,8,10,0.60,2,19,373,2446,9,219,1
59,2,200,230,46,76,0.91,7,58,351,3425,1,181,1
59,3,240,186,28,50,0.88,7,57,356,3013,7,196,1
59,4,320,184,22,38,0.86,7,39,500,2781,-4,-270,1
59,5,277,188,10,10,0.63,2,20,373,2464,9,218,1
60,2,196,230,48,82,0.91,7,59,352,3443,1,181,1
60,3,238,188,28,50,0.89,7,58,356,3032,6,196,1
60,4,319,184,22,36,0.86,7,40,500,2755,-4,-270,1
60,5,277,187,10,12,0.67,2,21,374,2483,9,216,1
61,2,193,232,50,85,0.91,7,60,352,3462,1,181,1
61,3,238,188,28,52,0.89,7,59,356,3052,6,196,1
61,4,320,186,20,33,0.85,7,41,499,2730,-4,-269,1
61,5,276,190,12,10,0.67,2,22,375,2503,9,215,1
62,2,190,235,52,89,0.91,7,61,352,3480,1,181,1
62,3,234,189,32,54,0.89,7,60,356,3071,6,196,1
62,4,320,188,20,29,0.83,7,42,499,2705,-4,-269,1
62,5,276,190,12,11,0.68,2,23,376,2522,9,214,1
63,2,187,240,54,90,0.91,7,62,352,3499,1,181,1
63,3,235,190,30,55,0.89,7,61,356,3091,6,196,1
63,4,319,186,20,29,0.83,7,43,499,2680,-4,-269,1
63,5,274,191,12,12,0.70,2,24,376,2545,8,215,1
64,2,182,244,56,94,0.92,7,63,352,3518,1,181,1
64,3,232,190,32,58,0.89,7,62,357,3111,6,196,1
64,4,318,185,20,28,0.80,7,44,498,2654,-4,-268,1
64,5,276,191,12,13,0.76,2,25,377,2567,8,215,1
65,2,178,248,58,96,0.92,7,64,352,3537,1,181,1
65,3,232,192,32,58,0.88,7,63,357,3130,6,196,1
65,4,318,182,20,30,0.84,7,45,498,2629,-4,-268,1
65,5,276,193,10,12,0.67,2,26,378,2588,8,215,1
66,2,173,254,62,100,0.92,7,65,352,3556,1,182,1
66,3,230,193,32,60,0.89,7,64,357,3150,6,196,1
66,4,318,181,20,30,0.83,7,46,497,2604,-4,-268,1
66,5,275,193,12,13,0.64,2,27,378,2609,8,215,1
67,2,170,259,64,102,0.92,7,66,352,3575,1,182,1
67,3,229,193,34,62,0.89,7,65,357,3170,6,196,1
67,4,318,181,20,29,0.83,7,47,497,2579,-4,-267,1
67,5,274,194,12,13,0.62,2,28,379,2629,8,214,1
68,2,163,263,68,110,0.92,7,67,352,3595,1,182,1
68,3,226,194,36,64,0.89,7,66,357,3189,6,196,1
68,4,318,182,18,26,0.53,7,48,497,2554,-4,-267,1
68,5,274,196,12,13,0.68,2,29,380,2652,8,215,1
69,2,158,264,72,117,0.93,7,68,352,3614,1,182,1
69,3,224,195,36,66,0.90,7,67,358,3209,6,196,1
69,4,318,180,18,27,0.84,7,49,496,2528,-4,-266,1
69,5,274,196,12,14,0.73,2,30,380,2673,7,215,1
70,2,150,268,76,128,0.92,7,69,353,3634,1,182,1
70,3,222,197,38,68,0.89,7,68,358,3229,6,196,1
70,4,317,178,18,28,0.80,7,50,496,2504,-4,-266,1
70,5,272,197,12,14,0.77,2,31,381,2694,7,215,1
71,2,146,271,80,134,0.92,7,70,353,3653,1,182,1
71,3,220,197,40,70,0.90,7,69,358,3248,6,196,1
71,4,318,178,16,26,0.77,7,51,496,2478,-4,-266,1
71,5,272,198,12,14,0.79,2,32,381,2715,7,214,1
72,2,137,276,86,146,0.93,7,71,353,3673,1,183,1
72,3,219,198,40,73,0.89,7,70,358,3268,6,196,1
72,4,316,177,18,26,0.79,7,52,495,2453,-4,-266,1
72,5,272,200,12,14,0.79,2,33,382,2736,7,214,1
73,2,132,286,88,150,0.92,7,72,353,3693,1,183,1
73,3,218,200,40,74,0.89,7,71,359,3288,5,196,1
73,4,316,176,16,26,0.80,7,53,495,2428,-4,-265,1
73,5,272,201,12,14,0.80,2,34,382,2757,7,214,1
74,2,119,293,98,164,0.92,7,73,353,3713,2,183,1
74,3,215,203,42,75,0.90,7,72,359,3307,5,196,1
74,4,316,176,16,24,0.83,7,54,495,2403,-4,-265,1
74,5,272,202,12,14,0.83,2,35,383,2777,6,213,1
75,2,111,296,104,176,0.93,7,74,354,3733,2,184,1
75,3,214,204,42,78,0.90,7,73,359,3327,5,196,1
75,4,316,175,16,24,0.84,7,55,494,2377,-4,-265,1
75,5,272,205,12,13,0.81,2,36,383,2797,6,213,1
76,2,98,305,112,195,0.92,7,75,354,3754,2,184,1
76,3,212,205,44,82,0.89,7,74,359,3347,5,196,1
76,4,316,174,16,24,0.77,7,56,494,2352,-4,-265,1
76,5,270,206,12,14,0.83,2,37,383,2819,6,213,1
77,2,88,307,120,212,0.92,7,76,354,3775,2,184,1
77,3,208,206,46,84,0.88,7,75,359,3366,5,196,1
77,4,316,174,16,24,0.80,7,57,494,2327,-4,-264,1
77,5,270,207,12,14,0.83,2,38,384,2839,6,213,1
78,3,206,208,48,88,0.89,7,76,360,3386,5,196,1
78,4,315,173,16,24,0.82,7,58,493,2302,-3,-264,1
78,5,269,209,14,14,0.82,2,39,384,2860,6,213,1
79,3,204,210,48,90,0.90,7,77,360,3406,5,196,1
79,4,315,173,16,24,0.82,7,59,493,2278,-3,-264,1
79,5,268,210,16,15,0.81,2,40,384,2882,6,213,1
80,3,200,212,52,94,0.90,7,78,360,3426,5,196,1
80,4,314,172,16,24,0.82,7,60,493,2254,-3,-263,1
80,5,267,211,16,16,0.84,2,41,384,2904,6,213,1
81,3,198,214,52,98,0.92,7,79,360,3446,5,196,1
81,4,313,171,16,23,0.82,7,61,492,2229,-3,-263,1
81,5,266,212,16,16,0.85,2,42,385,2924,5,213,1
82,3,192,216,56,104,0.92,7,80,361,3466,5,197,1
82,4,312,172,16,22,0.77,7,62,492,2205,-4,-263,1
82,5,265,214,16,16,0.84,2,43,385,2945,5,213,1
83,3,190,217,56,107,0.91,7,81,361,3486,5,197,1
83,4,313,171,14,22,0.75,7,63,492,2181,-4,-262,1
83,5,264,216,16,17,0.84,2,44,385,2967,5,213,1
84,3,185,222,60,111,0.91,7,82,361,3507,5,197,1
84,4,312,170,16,21,0.79,7,64,491,2156,-4,-262,1
84,5,264,218,16,17,0.85,2,45,385,2989,5,213,1
85,3,182,224,60,115,0.92,7,83,361,3527,5,197,1
85,4,312,170,16,21,0.78,7,65,491,2131,-4,-262,1
85,5,264,220,16,16,0.85,2,46,386,3009,5,213,1
86,3,176,227,66,122,0.92,7,84,362,3548,5,197,1
86,4,311,169,16,20,0.58,7,66,490,2106,-4,-262,1
86,5,262,222,16,18,0.85,2,47,386,3031,5,213,1
87,3,172,229,68,128,0.93,7,85,362,3568,5,197,1
87,4,310,169,16,20,0.61,7,67,490,2082,-4,-261,1
87,5,262,222,16,20,0.85,2,48,386,3053,5,213,1
88,3,166,230,72,140,0.92,7,86,362,3589,5,197,1
88,4,311,168,14,20,0.58,7,68,490,2057,-4,-261,1
88,5,262,225,16,20,0.84,2,49,386,3076,4,214,1
89,3,160,234,76,144,0.92,7,87,362,3610,5,197,1
89,4,310,168,12,19,0.51,7,69,489,2032,-4,-261,1
89,5,259,226,18,22,0.83,2,50,386,3098,4,214,1
90,3,152,237,84,156,0.93,7,88,363,3631,5,197,1
90,4,310,168,14,19,0.60,7,70,489,2008,-4,-261,1
90,5,256,230,20,22,0.85,2,51,386,3122,4,214,1
91,3,148,241,86,162,0.92,7,89,363,3652,5,198,1
91,5,256,232,20,22,0.86,2,52,386,3145,4,215,1
92,3,138,245,92,176,0.92,7,90,363,3673,5,198,1
92,4,310,166,12,19,0.22,7,71,488,1957,-4,-260,1
92,5,256,236,20,23,0.88,2,53,386,3169,4,215,1
92,6,264,163,12,14,0.39,7,1,313,1856,0,200,1
93,3,132,248,98,187,0.91,7,91,363,3694,5,198,1
93,4,310,166,12,19,0.32,7,72,487,1933,-4,-260,1
93,5,254,237,20,24,0.88,2,54,386,3192,4,215,1
93,6,264,162,12,15,0.30,7,2,313,1875,9,190,1
94,3,120,254,108,203,0.92,7,92,364,3716,5,198,1
94,5,254,242,20,24,0.87,2,55,386,3216,4,216,1
95,3,112,256,112,218,0.93,7,93,364,3738,5,198,1
95,4,309,166,12,18,0.34,7,73,486,1883,-4,-260,1
95,5,253,245,20,24,0.88,2,56,386,3239,4,216,1
96,3,98,259,124,246,0.94,7,94,364,3761,5,199,1
96,4,308,166,12,17,0.29,7,74,486,1859,-4,-260,1
96,5,251,248,22,26,0.86,2,57,386,3263,4,217,1
96,6,264,162,12,16,0.30,7,4,313,1905,3,122,1
96,7,338,439,50,73,0.90,2,1,474,3791,0,-200,1
97,3,86,270,136,258,0.93,7,95,365,3784,5,199,1
97,5,250,252,22,26,0.87,2,58,386,3287,4,217,1
97,6,264,162,12,16,0.17,7,5,313,1909,4,106,1
97,7,336,420,48,66,0.92,2,2,474,3768,4,-239,1
98,5,249,257,22,27,0.87,2,59,386,3312,4,217,1
98,6,265,162,12,16,0.15,7,6,313,1910,6,91,1
98,7,330,393,44,58,0.90,2,3,474,3732,-6,-296,1
99,4,308,164,12,18,0.35,7,75,484,1784,-4,-259,1
99,5,246,260,24,28,0.88,2,60,387,3336,3,218,1
99,7,328,378,40,52,0.90,2,4,474,3702,-7,-298,1
100,4,306,162,12,18,0.10,7,76,484,1759,-4,-259,1
100,5,245,266,24,29,0.89,2,61,387,3361,3,218,1
100,6,264,162,12,16,0.11,7,7,314,1916,5,75,1
100,7,324,358,40,47,0.90,2,5,474,3668,-7,-309,1
101,4,306,162,12,17,0.33,7,77,483,1735,-4,-259,1
101,5,244,270,24,30,0.90,2,62,387,3385,3,219,1
101,6,263,162,14,17,0.20,7,8,314,1926,5,78,1
101,7,324,347,32,44,0.90,2,6,474,3639,-8,-306,1
102,4,306,162,12,17,0.48,7,78,483,1711,-4,-259,1
102,5,242,276,24,32,0.90,2,63,387,3411,3,219,1
102,6,264,162,14,18,0.30,7,9,315,1944,7,88,1
102,7,321,330,28,41,0.90,2,7,473,3606,-10,-310,1
103,4,306,159,12,20,0.55,7,79,482,1687,-4,-258,1
103,5,240,280,28,34,0.88,2,64,387,3436,3,220,1
103,7,319,320,30,39,0.88,2,8,473,3575,-10,-310,1
104,4,305,158,12,19,0.50,7,80,481,1663,-4,-258,1
104,5,238,288,28,36,0.88,2,65,387,3462,3,221,1
104,7,318,307,30,38,0.88,2,9,472,3543,-9,-311,1
105,4,306,158,12,19,0.14,7,81,481,1638,-4,-258,1
105,5,236,293,28,38,0.90,2,66,387,3488,3,221,1
105,6,266,165,12,17,0.40,7,10,316,1994,9,106,1
105,7,316,301,32,34,0.88,2,10,472,3512,-8,-311,1
106,4,306,160,12,16,0.27,7,82,480,1614,-4,-258,1
106,5,232,302,30,40,0.89,2,67,387,3514,3,222,1
106,6,266,165,12,18,0.32,7,11,317,2024,10,120,1
106,7,316,292,24,31,0.89,2,11,471,3480,-8,-312,1
107,4,304,160,12,16,0.22,7,83,480,1589,-4,-258,1
107,5,230,309,32,42,0.89,2,68,388,3540,3,223,1
107,6,266,166,12,19,0.46,7,12,318,2063,12,138,1
107,7,314,285,24,31,0.87,2,12,470,3450,-8,-311,1
108,4,304,160,12,16,0.49,7,84,479,1566,-4,-258,1
108,5,226,320,32,46,0.89,2,69,388,3567,3,223,1
108,6,266,166,12,20,0.54,7,13,319,2098,13,151,1
108,7,312,276,24,30,0.87,2,13,470,3418,-8,-311,1
109,4,304,160,12,16,0.49,7,85,478,1542,-5,-257,1
109,5,224,328,32,49,0.91,2,70,388,3593,3,224,1
109,6,266,166,12,20,0.48,7,14,321,2123,13,157,1
109,7,312,270,24,30,0.87,2,14,469,3388,-8,-311,1
110,4,302,160,12,15,0.51,7,86,477,1518,-5,-257,1
110,5,218,340,36,54,0.90,2,71,388,3620,3,224,1
110,6,264,166,14,20,0.54,7,15,322,2143,13,160,1
110,7,311,264,24,27,0.87,2,15,469,3357,-8,-311,1
110,8,346,445,52,69,0.90,2,1,479,3793,0,-200,1
111,4,302,160,12,14,0.51,7,87,477,1494,-5,-257,1
111,5,216,350,36,58,0.90,2,72,389,3646,3,225,1
111,6,262,166,16,21,0.67,7,16,324,2166,12,163,1
111,7,310,260,24,27,0.88,2,16,468,3326,-8,-310,1
111,8,342,425,48,60,0.89,2,2,479,3767,-7,-265,1
112,4,302,160,12,14,0.50,7,88,476,1471,-5,-257,1
112,5,210,366,40,65,0.89,2,73,389,3673,3,226,1
112,6,264,167,14,20,0.71,7,17,325,2183,12,164,1
112,7,310,254,20,26,0.87,2,17,467,3296,-8,-310,1
112,8,338,397,40,52,0.90,2,3,479,3730,-10,-319,1
113,4,303,160,10,14,0.33,7,89,475,1447,-5,-256,1
113,5,205,379,42,70,0.90,2,74,389,3699,3,226,1
113,6,262,167,16,22,0.73,7,18,326,2208,12,168,1
113,7,310,249,20,26,0.87,2,18,467,3266,-8,-310,1
113,8,334,380,40,48,0.90,2,4,479,3699,-9,-316,1
114,4,302,160,12,14,0.35,7,90,474,1424,-5,-256,1
114,5,198,401,46,79,0.91,2,75,390,3727,3,227,1
114,6,263,169,14,21,0.78,7,19,327,2233,12,171,1
114,7,309,245,20,24,0.87,2,19,466,3235,-8,-309,1
114,8,330,360,36,44,0.89,2,5,478,3665,-10,-322,1
115,4,302,160,12,14,0.30,7,91,473,1401,-5,-256,1
115,5,193,418,48,88,0.90,2,76,390,3754,3,228,1
115,6,263,169,14,21,0.78,7,20,329,2254,11,173,1
115,7,308,243,20,22,0.87,2,20,465,3205,-7,-309,1
115,8,328,347,32,42,0.90,2,6,478,3634,-11,-318,1
116,4,300,159,12,14,0.19,7,92,473,1377,-5,-256,1
116,6,263,169,14,22,0.79,7,21,330,2275,11,175,1
116,7,308,237,20,22,0.86,2,21,465,3174,-7,-309,1
116,8,325,331,30,38,0.90,2,7,477,3601,-11,-321,1
117,4,300,159,12,14,0.20,7,93,472,1355,-5,-255,1
117,6,262,168,16,22,0.73,7,22,331,2290,11,174,1
117,7,306,234,20,22,0.84,2,22,464,3144,-7,-309,1
117,8,324,321,28,36,0.89,2,8,477,3569,-11,-321,1
118,6,262,169,16,23,0.79,7,23,332,2309,11,175,1
118,7,307,230,18,21,0.85,2,23,464,3113,-7,-309,1
118,8,320,306,32,36,0.88,2,9,476,3536,-10,-322,1
119,6,262,168,16,24,0.80,7,24,333,2326,11,174,1
119,7,306,228,20,20,0.84,2,24,463,3083,-7,-308,1
119,8,320,300,28,32,0.89,2,10,475,3504,-10,-322,1
120,6,262,170,16,24,0.80,7,25,334,2348,11,176,1
120,7,306,224,18,20,0.84,2,25,462,3052,-7,-308,1
120,8,318,292,24,29,0.88,2,11,475,3471,-10,-322,1
121,6,262,169,16,25,0.81,7,26,335,2366,11,176,1
121,7,306,222,16,20,0.85,2,26,462,3022,-7,-308,1
121,8,316,284,24,28,0.88,2,12,474,3439,-10,-322,1
122,6,262,169,16,26,0.80,7,27,336,2385,11,176,1
122,7,306,220,16,18,0.85,2,27,461,2992,-7,-308,1
122,8,316,276,22,26,0.88,2,13,473,3406,-10,-323,1
123,6,262,169,16,26,0.82,7,28,337,2402,11,176,1
123,7,306,218,16,18,0.84,2,28,461,2962,-7,-307,1
123,8,315,270,22,27,0.87,2,14,473,3374,-10,-322,1
124,6,260,170,16,26,0.81,7,29,338,2419,10,176,1
124,7,306,215,16,18,0.84,2,29,460,2932,-7,-307,1
124,8,314,264,20,24,0.85,2,15,472,3342,-10,-323,1
124,9,362,287,116,205,0.91,7,1,509,3773,0,-200,1
125,6,261,171,16,26,0.83,7,30,339,2437,10,176,1
125,7,305,213,16,18,0.84,2,30,459,2903,-7,-306,1
125,8,314,260,20,24,0.88,2,16,471,3311,-9,-322,1
125,9,359,280,108,188,0.92,7,2,509,3750,-0,-235,1
126,6,260,173,16,25,0.82,7,31,340,2456,10,176,1
126,7,304,210,16,17,0.84,2,31,459,2872,-7,-306,1
126,8,313,252,18,23,0.88,2,17,470,3278,-9,-322,1
126,9,356,272,92,166,0.92,7,3,509,3716,-5,-286,1
127,6,260,173,16,26,0.84,7,32,341,2475,10,177,1
127,7,304,210,16,16,0.85,2,32,458,2843,-7,-306,1
127,8,312,250,20,22,0.86,2,18,470,3247,-9,-322,1
127,9,352,267,92,152,0.92,7,4,509,3686,-1,-290,1
128,6,260,176,16,25,0.85,7,33,341,2496,10,178,1
128,7,304,207,16,16,0.84,2,33,458,2813,-6,-306,1
128,8,310,244,20,21,0.86,2,19,469,3215,-9,-322,1
128,9,350,259,82,136,0.93,7,5,509,3652,0,-304,1
129,6,259,175,16,26,0.85,7,34,342,2515,10,178,1
129,7,304,206,14,16,0.84,2,34,457,2784,-6,-305,1
129,8,310,241,20,20,0.86,2,20,468,3183,-9,-321,1
129,9,348,254,76,128,0.93,7,6,509,3622,-0,-303,1
130,6,258,175,16,27,0.85,7,35,343,2534,9,179,1
130,7,304,204,14,16,0.83,2,35,457,2755,-6,-305,1
130,8,310,236,16,20,0.86,2,21,468,3151,-9,-321,1
130,9,346,248,68,117,0.92,7,7,509,3590,-1,-306,1
131,6,258,176,16,27,0.86,7,36,344,2553,9,179,1
131,7,304,204,14,14,0.82,2,36,456,2725,-6,-304,1
131,8,310,234,16,19,0.85,2,22,467,3119,-8,-321,1
131,9,345,245,62,110,0.91,7,8,509,3561,-2,-304,1
132,6,257,177,18,28,0.85,7,37,344,2574,9,180,1
132,7,304,200,12,15,0.81,2,37,456,2696,-6,-304,1
132,8,308,230,16,18,0.83,2,23,466,3087,-8,-321,1
132,9,344,239,56,102,0.91,7,9,508,3529,-2,-305,1
132,10,277,192,10,12,0.49,2,1,383,2568,0,200,1
133,6,258,177,16,28,0.85,7,38,345,2593,9,180,1
133,7,304,200,12,14,0.81,2,38,455,2667,-6,-304,1
133,8,308,228,16,17,0.85,2,24,465,3056,-8,-321,1
133,9,342,236,56,96,0.91,7,10,508,3500,-2,-304,1
133,10,277,193,10,12,0.58,2,2,383,2588,7,197,1
134,6,256,177,18,30,0.84,7,39,346,2614,9,181,1
134,7,304,198,12,14,0.83,2,39,455,2637,-6,-304,1
134,8,307,224,16,17,0.83,2,25,465,3024,-8,-320,1
134,9,340,232,50,88,0.92,7,11,508,3468,-2,-306,1
134,10,276,194,12,13,0.66,2,3,383,2614,9,229,1
135,6,256,178,16,30,0.85,7,40,346,2634,9,181,1
135,7,304,197,12,14,0.82,2,40,454,2608,-6,-303,1
135,8,306,222,16,16,0.84,2,26,464,2993,-8,-320,1
135,9,338,228,48,86,0.90,7,12,508,3438,-2,-304,1
135,10,276,196,12,13,0.66,2,4,384,2647,10,261,1
136,6,256,179,16,30,0.85,7,41,347,2654,9,181,1
136,7,304,195,12,14,0.78,2,41,453,2579,-6,-303,1
136,8,306,219,16,16,0.83,2,27,463,2961,-8,-320,1
136,9,336,224,46,80,0.89,7,13,508,3408,-3,-305,1
136,10,274,196,12,14,0.74,2,5,384,2673,4,262,1
137,6,256,180,16,30,0.85,7,42,347,2674,8,182,1
137,7,304,194,12,14,0.79,2,42,453,2550,-6,-302,1
137,8,306,217,16,16,0.79,2,28,463,2930,-8,-320,1
137,9,335,223,44,76,0.90,7,14,508,3378,-3,-304,1
137,10,274,198,12,14,0.79,2,6,384,2702,3,267,1
138,6,254,181,18,30,0.85,7,43,348,2693,8,182,1
138,7,304,194,12,13,0.74,2,43,452,2522,-6,-302,1
138,8,306,215,16,16,0.79,2,29,462,2899,-8,-319,1
138,9,334,221,40,70,0.91,7,15,507,3348,-3,-304,1
138,10,274,200,12,14,0.81,2,7,384,2731,3,272,1
139,6,254,182,16,30,0.85,7,44,348,2712,8,182,1
139,7,304,192,12,13,0.76,2,44,452,2493,-6,-302,1
139,8,306,214,14,14,0.78,2,30,461,2869,-8,-319,1
139,9,334,216,38,70,0.91,7,16,507,3319,-3,-303,1
139,10,274,202,12,14,0.78,2,8,384,2760,4,274,1
140,6,254,182,16,31,0.86,7,45,349,2730,8,182,1
140,7,304,192,12,12,0.73,2,45,452,2464,-6,-301,1
140,8,306,211,12,14,0.78,2,31,460,2838,-8,-318,1
140,9,334,213,36,67,0.89,7,17,507,3290,-3,-302,1
140,10,272,204,12,14,0.82,2,9,385,2790,2,277,1
141,6,252,184,18,31,0.87,7,46,349,2750,8,183,1
141,7,302,190,12,12,0.74,2,46,451,2436,-6,-301,1
141,8,306,209,12,14,0.73,2,32,460,2807,-8,-318,1
141,9,332,211,36,64,0.90,7,18,506,3261,-3,-302,1
141,10,272,207,12,14,0.82,2,10,385,2822,2,282,1
142,6,250,185,20,31,0.88,7,47,350,2769,8,183,1
142,7,302,189,12,12,0.80,2,47,451,2407,-6,-301,1
142,8,306,207,12,14,0.71,2,33,459,2776,-8,-318,1
142,9,331,208,34,62,0.90,7,19,506,3232,-3,-301,1
142,10,272,209,12,14,0.78,2,11,385,2852,3,284,1
143,6,251,185,18,32,0.88,7,48,350,2788,7,183,1
143,7,302,188,12,12,0.78,2,48,450,2378,-6,-300,1
143,8,306,205,12,14,0.72,2,34,458,2745,-8,-317,1
143,9,332,206,32,60,0.90,7,20,506,3203,-3,-300,1
143,10,272,210,12,16,0.84,2,12,385,2884,3,287,1
144,6,250,186,20,32,0.88,7,49,350,2806,7,183,1
144,7,302,187,12,12,0.67,2,49,450,2350,-6,-300,1
144,8,306,202,12,14,0.73,2,35,458,2714,-8,-317,1
144,9,330,204,30,56,0.88,7,21,506,3173,-3,-300,1
144,10,270,210,14,18,0.84,2,13,385,2914,3,288,1
145,6,249,186,20,34,0.88,7,50,351,2825,7,183,1
145,7,302,187,10,10,0.50,2,50,449,2321,-6,-300,1
145,8,304,201,14,14,0.71,2,36,457,2684,-8,-317,1
145,9,329,202,30,55,0.89,7,22,505,3144,-3,-300,1
145,10,269,212,14,19,0.84,2,14,385,2944,3,289,1
146,6,248,188,20,34,0.88,7,51,351,2844,7,183,1
146,7,302,187,10,10,0.51,2,51,449,2293,-6,-299,1
146,8,304,198,12,14,0.76,2,37,456,2653,-8,-317,1
146,9,328,200,28,53,0.89,7,23,505,3115,-3,-299,1
146,10,266,215,16,20,0.86,2,15,386,2978,3,293,1
147,6,248,188,20,35,0.88,7,52,351,2863,7,183,1
147,7,302,186,10,10,0.59,2,52,448,2265,-6,-299,1
147,8,304,198,12,13,0.78,2,38,456,2622,-7,-316,1
147,9,328,199,28,50,0.89,7,24,505,3086,-3,-299,1
147,10,266,217,16,20,0.83,2,16,386,3008,2,293,1
148,6,245,190,22,36,0.88,7,53,352,2884,7,184,1
148,7,302,183,10,12,0.65,2,53,448,2237,-6,-299,1
148,8,303,196,12,14,0.73,2,39,455,2592,-7,-316,1
148,9,326,197,28,49,0.89,7,25,504,3057,-3,-298,1
148,10,265,219,16,22,0.82,2,17,386,3039,2,294,1
149,6,244,191,22,36,0.89,7,54,352,2904,7,184,1
149,8,304,196,12,13,0.77,2,40,454,2562,-7,-315,1
149,9,326,197,28,46,0.88,7,26,504,3029,-3,-298,1
149,10,263,222,18,22,0.83,2,18,386,3070,2,295,1
150,6,242,192,24,37,0.89,7,55,352,2924,7,184,1
150,7,302,184,10,10,0.24,2,54,447,2179,-6,-298,1
150,8,302,192,12,14,0.70,2,41,454,2532,-7,-315,1
150,9,324,195,28,44,0.88,7,27,504,2999,-3,-298,1
150,10,262,226,16,22,0.84,2,19,386,3101,2,296,1
151,6,242,192,24,38,0.89,7,56,352,2943,6,184,1
151,8,302,191,12,14,0.75,2,42,453,2502,-7,-315,1
151,9,322,194,28,44,0.88,7,28,503,2972,-3,-297,1
151,10,261,229,18,22,0.85,2,20,386,3130,2,296,1
152,6,242,193,24,40,0.88,7,57,352,2963,6,185,1
152,8,302,190,12,14,0.70,2,43,452,2472,-7,-314,1
152,9,324,193,24,42,0.87,7,29,503,2944,-3,-296,1
152,10,258,233,20,24,0.83,2,21,386,3163,2,297,1
153,6,241,195,24,39,0.89,7,58,353,2983,6,185,1
153,8,302,190,12,12,0.66,2,44,452,2441,-7,-314,1
153,9,322,191,24,42,0.88,7,30,503,2917,-3,-295,1
153,10,258,236,20,25,0.84,2,22,386,3194,2,298,1
154,6,240,196,24,40,0.88,7,59,353,3002,6,185,1
154,8,303,188,10,12,0.61,2,45,451,2411,-7,-314,1
154,9,322,189,24,40,0.88,7,31,502,2888,-3,-295,1
154,10,256,241,20,26,0.86,2,23,386,3227,2,300,1
155,6,239,197,24,40,0.89,7,60,353,3021,6,185,1
155,8,302,186,12,13,0.57,2,46,451,2381,-7,-314,1
155,9,322,189,22,38,0.87,7,32,502,2860,-3,-294,1
155,10,254,245,20,26,0.87,2,24,387,3258,1,300,1
156,6,238,198,24,41,0.89,7,61,353,3039,6,185,1
156,8,302,187,10,10,0.58,2,47,450,2350,-7,-313,1
156,9,321,186,22,38,0.87,7,33,502,2832,-3,-294,1
156,10,252,250,20,28,0.88,2,25,387,3291,1,301,1
157,6,236,200,24,42,0.90,7,62,353,3058,6,185,1
157,8,302,187,10,10,0.55,2,48,449,2320,-7,-313,1
157,9,320,185,22,38,0.87,7,34,501,2804,-4,-294,1
157,10,250,254,22,30,0.87,2,26,387,3323,1,302,1
158,6,234,200,26,44,0.89,7,63,353,3077,6,185,1
158,8,304,186,8,10,0.53,2,49,449,2290,-7,-313,1
158,9,320,184,20,36,0.88,7,35,501,2775,-4,-293,1
158,10,246,262,24,31,0.88,2,27,387,3357,1,304,1
159,6,234,201,26,46,0.89,7,64,354,3097,6,185,1
159,8,302,186,8,10,0.48,2,50,448,2261,-7,-312,1
159,9,319,184,22,35,0.87,7,36,500,2747,-4,-293,1
159,10,246,267,24,32,0.89,2,28,387,3390,1,304,1
160,6,232,204,28,46,0.89,7,65,354,3117,5,186,1
160,8,302,184,8,10,0.40,2,51,447,2231,-7,-312,1
160,9,319,182,20,36,0.87,7,37,500,2720,-4,-292,1
160,10,242,275,24,35,0.89,2,29,387,3424,1,306,1
161,6,230,204,28,47,0.88,7,66,354,3136,5,186,1
161,8,302,182,8,12,0.37,2,52,447,2202,-7,-312,1
161,9,319,181,20,34,0.87,7,38,499,2692,-4,-292,1
161,10,238,281,28,37,0.88,2,30,387,3458,1,307,1
162,6,228,207,28,48,0.88,7,67,354,3155,5,186,1
162,8,302,182,8,10,0.34,2,53,446,2172,-7,-311,1
162,9,318,180,20,34,0.87,7,39,499,2665,-4,-292,1
162,10,235,291,28,40,0.90,2,31,387,3493,1,308,1
163,6,227,208,28,50,0.90,7,68,354,3175,5,186,1
163,8,302,181,8,10,0.38,2,54,445,2143,-7,-311,1
163,9,318,179,20,34,0.87,7,40,499,2638,-4,-291,1
163,10,232,298,32,44,0.90,2,32,387,3526,1,309,1
164,6,225,210,30,52,0.90,7,69,354,3195,5,186,1
164,8,302,180,8,10,0.42,2,55,445,2113,-7,-311,1
164,9,317,178,20,32,0.86,7,41,498,2610,-4,-291,1
164,10,228,310,32,49,0.89,2,33,387,3561,1,311,1
165,6,224,212,30,52,0.90,7,70,354,3215,5,186,1
165,8,302,180,8,10,0.43,2,56,444,2084,-7,-310,1
165,9,316,178,20,32,0.84,7,42,498,2583,-4,-290,1
165,10,223,320,34,52,0.90,2,34,387,3595,1,311,1
166,6,221,214,32,54,0.90,7,71,354,3235,5,186,1
166,8,300,178,8,10,0.32,2,57,444,2054,-7,-310,1
166,9,316,176,20,32,0.84,7,43,497,2555,-4,-290,1
166,10,216,336,36,60,0.89,2,35,387,3631,1,313,1
167,6,220,216,32,56,0.90,7,72,354,3255,5,187,1
167,8,300,178,8,10,0.34,2,58,443,2025,-7,-310,1
167,9,316,176,18,30,0.85,7,44,497,2528,-4,-289,1
167,10,212,348,38,65,0.89,2,36,387,3665,1,314,1
168,6,218,218,32,58,0.90,7,73,355,3276,5,187,1
168,8,300,178,8,10,0.27,2,59,442,1997,-7,-309,1
168,9,314,174,20,30,0.84,7,45,496,2500,-4,-289,1
168,10,204,372,42,75,0.90,2,37,388,3701,2,315,1
169,6,216,219,32,60,0.90,7,74,355,3296,5,187,1
169,8,300,177,8,10,0.31,2,60,442,1968,-7,-309,1
169,9,315,173,18,30,0.84,7,46,496,2472,-4,-289,1
169,10,196,389,48,85,0.91,2,38,388,3736,2,316,1
170,6,212,223,34,62,0.90,7,75,355,3316,5,187,1
170,9,314,173,18,28,0.84,7,47,495,2444,-4,-289,1
170,10,182,422,56,102,0.91,2,39,388,3773,2,318,1
171,6,210,225,36,63,0.91,7,76,355,3337,5,188,1
171,9,314,172,18,28,0.85,7,48,495,2416,-4,-289,1
172,6,208,228,36,65,0.91,7,77,355,3357,5,188,1
172,9,314,171,16,28,0.81,7,49,494,2389,-4,-288,1
173,6,205,230,38,68,0.90,7,78,355,3378,5,188,1
173,9,314,171,16,26,0.83,7,50,494,2360,-4,-288,1
174,6,200,234,40,70,0.90,7,79,355,3399,5,188,1
174,9,314,170,16,26,0.82,7,51,493,2332,-4,-288,1
175,6,198,237,40,72,0.91,7,80,356,3419,4,189,1
175,9,313,170,16,26,0.82,7,52,493,2305,-4,-288,1
176,6,194,241,42,76,0.89,7,81,356,3440,4,189,1
176,9,312,169,16,26,0.81,7,53,492,2277,-4,-288,1
177,6,191,244,44,78,0.90,7,82,356,3461,4,189,1
177,9,312,169,16,26,0.81,7,54,492,2251,-4,-287,1
178,6,186,248,46,82,0.91,7,83,356,3482,4,189,1
178,9,311,168,16,25,0.82,7,55,491,2223,-4,-287,1
179,6,183,252,48,84,0.92,7,84,356,3503,4,190,1
179,9,310,168,16,24,0.79,7,56,491,2196,-4,-287,1
180,6,177,257,50,90,0.91,7,85,356,3525,4,190,1
180,9,310,166,16,24,0.81,7,57,490,2168,-4,-286,1
181,6,173,260,52,94,0.92,7,86,356,3546,4,190,1
181,9,310,166,16,24,0.81,7,58,490,2141,-4,-286,1
182,6,166,266,56,101,0.91,7,87,357,3568,4,191,1
182,9,311,166,14,22,0.73,7,59,489,2113,-4,-286,1
183,6,162,271,58,106,0.92,7,88,357,3590,4,191,1
183,8,296,168,8,8,0.25,2,61,432,1538,-7,-309,1
183,9,312,165,12,23,0.75,7,60,489,2086,-4,-286,1
183,11,264,160,12,17,0.61,7,1,313,1856,0,200,1
184,6,154,277,62,114,0.92,7,89,357,3612,4,191,1
184,9,310,164,12,23,0.71,7,61,488,2058,-4,-286,1
184,11,266,161,12,16,0.61,7,2,313,1874,69,186,1
185,6,148,283,64,120,0.92,7,90,357,3634,4,192,1
185,9,310,165,12,22,0.81,7,62,487,2032,-5,-285,1
185,11,267,161,12,16,0.16,7,3,314,1886,62,153,1
186,6,138,291,72,130,0.93,7,91,357,3656,4,192,1
186,9,310,164,12,22,0.80,7,63,487,2005,-5,-285,1
186,11,266,166,12,12,0.12,7,4,316,1899,42,144,1
187,6,130,296,76,140,0.92,7,92,358,3679,4,192,1
187,9,309,164,14,22,0.82,7,64,486,1978,-5,-285,1
187,11,266,166,12,12,0.11,7,5,317,1906,32,126,1
188,6,116,307,84,152,0.93,7,93,358,3702,4,193,1
188,9,310,165,12,20,0.77,7,65,486,1951,-5,-285,1
188,11,267,162,12,16,0.17,7,6,318,1909,29,106,1
189,6,108,312,88,164,0.93,7,94,358,3724,4,193,1
189,9,310,164,12,20,0.82,7,66,485,1924,-5,-284,1
189,11,267,162,12,17,0.24,7,7,319,1922,27,110,1
190,6,94,326,96,182,0.92,7,95,358,3747,4,194,1
190,9,308,164,12,20,0.66,7,67,484,1898,-5,-284,1
190,11,266,162,12,18,0.42,7,8,321,1943,24,125,1
191,6,80,336,104,196,0.92,7,96,359,3771,4,194,1
191,9,308,164,12,19,0.45,7,68,484,1872,-5,-284,1
191,11,266,162,12,18,0.45,7,9,322,1959,21,128,1
192,9,308,163,12,20,0.70,7,69,483,1845,-5,-283,1
192,11,266,162,12,18,0.30,7,10,323,1969,19,126,1
193,9,308,164,12,19,0.57,7,70,482,1820,-5,-283,1
193,11,266,164,12,18,0.26,7,11,324,1996,18,141,1
194,9,308,163,12,18,0.74,7,71,482,1793,-5,-283,1
194,11,266,163,12,20,0.41,7,12,325,2025,18,154,1
195,9,307,164,12,17,0.58,7,72,481,1767,-5,-282,1
195,11,266,173,12,12,0.28,7,13,326,2064,18,173,1
196,9,307,163,12,17,0.62,7,73,481,1741,-5,-282,1
196,11,266,173,12,12,0.27,7,14,327,2092,18,182,1
197,9,307,162,12,17,0.49,7,74,480,1714,-5,-282,1
197,11,266,166,12,18,0.20,7,15,328,2108,17,180,1
198,9,307,162,12,17,0.29,7,75,479,1688,-5,-282,1
198,11,265,164,14,20,0.54,7,16,329,2121,16,177,1
199,9,306,161,12,17,0.55,7,76,479,1662,-5,-281,1
199,11,265,164,14,20,0.50,7,17,330,2131,15,172,1
200,11,263,164,14,20,0.18,7,18,331,2141,14,168,1
201,9,304,159,10,17,0.41,7,77,477,1607,-5,-281,1
201,11,263,166,14,21,0.54,7,19,332,2164,13,171,1
202,9,302,159,12,16,0.36,7,78,477,1581,-5,-281,1
202,11,264,167,12,20,0.45,7,20,332,2183,13,172,1
203,9,302,158,12,17,0.46,7,79,476,1555,-5,-281,1
203,11,263,167,14,22,0.62,7,21,333,2208,12,176,1
204,9,303,158,10,17,0.49,7,80,475,1529,-5,-280,1
204,11,263,166,14,23,0.67,7,22,334,2229,12,178,1
205,9,303,158,10,17,0.45,7,81,474,1503,-5,-280,1
205,11,264,169,12,23,0.71,7,23,334,2260,12,184,1
206,9,302,158,12,16,0.31,7,82,473,1477,-5,-280,1
206,11,263,168,14,24,0.78,7,24,335,2286,12,187,1
207,9,302,158,12,16,0.23,7,83,473,1451,-6,-280,1
207,11,263,168,14,24,0.81,7,25,336,2307,12,188,1
208,9,301,158,10,14,0.15,7,84,472,1425,-6,-279,1
208,11,263,169,14,24,0.74,7,26,336,2329,12,189,1
209,9,302,157,8,16,0.41,7,85,471,1400,-6,-279,1
209,11,263,169,14,24,0.79,7,27,337,2348,12,189,1
210,11,262,170,16,26,0.79,7,28,338,2374,12,192,1
211,11,263,170,14,25,0.81,7,29,339,2393,11,192,1
212,11,262,171,16,25,0.83,7,30,340,2413,11,192,1
213,11,262,171,16,26,0.84,7,31,340,2433,11,193,1
214,11,260,173,16,26,0.85,7,32,341,2457,11,194,1
215,11,261,173,16,27,0.85,7,33,342,2479,11,195,1
216,11,260,173,16,28,0.85,7,34,343,2502,11,196,1
217,11,260,174,16,28,0.85,7,35,344,2524,11,197,1
218,11,260,176,16,28,0.84,7,36,344,2548,11,198,1
219,11,259,175,16,30,0.85,7,37,345,2572,10,199,1
220,11,258,176,16,30,0.85,7,38,346,2595,10,200,1
221,11,258,175,16,32,0.85,7,39,347,2617,10,200,1
222,11,256,176,18,32,0.86,7,40,347,2639,10,201,1
223,11,256,176,16,33,0.85,7,41,348,2660,10,201,1
224,11,255,178,18,34,0.85,7,42,349,2685,10,202,1
224,12,264,162,10,14,0.35,7,1,307,1818,0,200,1
225,11,255,179,18,33,0.86,7,43,349,2706,9,203,1
225,12,262,160,12,16,0.17,7,2,307,1837,-22,193,1
226,11,254,180,18,34,0.85,7,44,350,2729,9,203,1
226,12,263,158,12,17,0.55,7,3,306,1845,-0,137,1
227,11,253,179,18,36,0.86,7,45,351,2750,9,203,1
227,12,263,157,12,18,0.36,7,4,306,1839,1,71,1
228,11,252,181,18,36,0.87,7,46,351,2773,9,204,1
228,12,264,160,12,17,0.32,7,5,306,1850,8,79,1
229,11,250,182,20,37,0.87,7,47,352,2796,9,205,1
229,12,264,160,12,16,0.42,7,6,307,1844,8,52,1
230,11,250,184,20,37,0.87,7,48,352,2820,8,205,1
230,12,264,160,12,16,0.56,7,7,307,1839,8,35,1
231,11,249,184,20,38,0.88,7,49,352,2842,8,206,1
231,12,264,161,12,16,0.60,7,8,308,1846,8,41,1
232,11,248,186,20,38,0.87,7,50,353,2865,8,206,1
232,12,264,161,12,16,0.65,7,9,308,1852,8,43,1
233,11,248,186,20,40,0.87,7,51,353,2887,8,206,1
233,12,264,161,12,16,0.71,7,10,309,1856,7,43,1
234,11,245,187,22,40,0.88,7,52,354,2909,8,207,1
234,12,266,162,12,16,0.41,7,11,309,1869,10,51,1
235,11,244,188,22,41,0.89,7,53,354,2931,8,207,1
235,12,266,161,12,16,0.23,7,12,310,1869,10,47,1
236,11,243,189,22,43,0.88,7,54,354,2953,7,207,1
236,12,264,162,12,18,0.63,7,13,311,1897,10,66,1
237,11,242,190,24,43,0.88,7,55,354,2975,7,207,1
237,12,265,162,12,18,0.62,7,14,312,1918,11,77,1
238,11,240,192,24,44,0.88,7,56,355,2997,7,208,1
238,12,266,162,12,18,0.63,7,15,313,1934,11,83,1
239,11,240,193,24,44,0.88,7,57,355,3018,7,208,1
239,12,266,162,16,18,0.65,7,16,314,1946,12,86,1
240,11,237,195,26,46,0.89,7,58,355,3040,7,208,1
240,12,268,163,12,18,0.21,7,17,315,1963,13,91,1
241,11,236,195,26,47,0.89,7,59,355,3062,7,208,1
241,12,264,164,12,18,0.36,7,18,317,1985,13,98,1
242,11,235,196,26,48,0.90,7,60,355,3083,7,208,1
242,12,264,164,12,18,0.49,7,19,318,2002,12,102,1
243,11,233,198,28,50,0.89,7,61,356,3104,7,208,1
243,12,265,166,12,18,0.52,7,20,319,2028,12,111,1
244,11,232,199,28,52,0.89,7,62,356,3126,6,208,1
244,12,266,168,12,17,0.67,7,21,320,2055,12,118,1
245,11,229,200,30,54,0.89,7,63,356,3148,6,209,1
245,12,266,168,12,17,0.68,7,22,321,2076,13,123,1
246,11,226,202,32,56,0.89,7,64,356,3171,6,209,1
246,12,266,168,12,18,0.66,7,23,323,2100,13,128,1
247,11,224,203,32,58,0.90,7,65,356,3193,6,209,1
247,12,266,168,12,18,0.64,7,24,324,2119,13,131,1
248,11,223,206,32,59,0.89,7,66,357,3216,6,209,1
248,12,266,169,12,17,0.50,7,25,325,2136,13,133,1
249,11,222,208,32,60,0.90,7,67,357,3238,6,210,1
249,12,265,170,12,18,0.59,7,26,327,2159,13,137,1
250,11,218,211,36,62,0.90,7,68,357,3261,6,210,1
250,12,264,172,12,16,0.40,7,27,328,2179,12,139,1
251,11,216,213,36,64,0.90,7,69,357,3283,6,210,1
251,12,263,170,14,18,0.58,7,28,329,2196,12,140,1
252,11,214,215,36,68,0.90,7,70,357,3307,6,210,1
252,12,263,169,14,20,0.78,7,29,330,2215,12,142,1
253,11,212,217,36,70,0.90,7,71,357,3329,6,211,1
253,12,262,168,16,22,0.78,7,30,331,2235,11,144,1
254,11,206,220,40,74,0.90,7,72,357,3353,6,211,1
254,12,263,169,14,22,0.79,7,31,332,2255,11,146,1
255,11,205,223,40,75,0.90,7,73,358,3376,5,211,1
255,12,263,170,14,22,0.81,7,32,333,2276,11,148,1
256,11,201,227,42,78,0.90,7,74,358,3400,5,212,1
256,12,262,170,14,23,0.82,7,33,334,2298,11,150,1
257,11,198,230,44,81,0.92,7,75,358,3423,5,212,1
257,12,262,170,16,24,0.84,7,34,335,2320,11,152,1
258,11,194,233,44,86,0.91,7,76,358,3447,5,212,1
258,12,262,172,14,23,0.84,7,35,336,2343,11,154,1
259,11,186,240,48,93,0.90,7,77,358,3473,5,213,1
259,12,260,171,16,24,0.84,7,36,337,2363,11,156,1
260,11,184,241,50,95,0.91,7,78,359,3497,5,213,1
260,12,260,171,16,25,0.84,7,37,338,2383,10,157,1
261,11,180,244,52,100,0.93,7,79,359,3520,5,214,1
261,12,260,172,16,24,0.84,7,38,339,2401,10,158,1
262,11,174,249,54,107,0.92,7,80,359,3545,5,214,1
262,12,260,172,16,26,0.84,7,39,340,2422,10,159,1
263,11,170,253,56,112,0.91,7,81,359,3569,5,214,1
263,12,260,172,16,26,0.83,7,40,340,2440,10,160,1
264,11,160,259,64,122,0.92,7,82,359,3593,5,215,1
264,12,259,173,16,27,0.85,7,41,341,2462,10,161,1
265,11,154,263,66,130,0.92,7,83,360,3618,5,215,1
265,12,259,174,16,27,0.85,7,42,342,2483,10,162,1
266,11,144,271,72,142,0.93,7,84,360,3643,5,216,1
266,12,257,175,18,28,0.85,7,43,343,2506,10,164,1
267,11,138,276,76,152,0.92,7,85,360,3668,5,216,1
267,12,258,175,16,28,0.85,7,44,343,2527,9,165,1
268,11,123,285,86,168,0.92,7,86,360,3694,5,217,1
268,12,256,176,18,30,0.85,7,45,344,2552,9,167,1
269,11,114,292,92,180,0.92,7,87,361,3719,5,217,1
269,12,256,176,18,30,0.85,7,46,345,2574,9,168,1
270,11,98,305,102,202,0.92,7,88,361,3746,5,218,1
270,12,256,176,16,32,0.85,7,47,345,2597,9,170,1
271,12,256,177,16,32,0.85,7,48,346,2620,9,171,1
272,12,256,179,16,31,0.85,7,49,346,2642,9,172,1
273,12,254,180,18,32,0.85,7,50,347,2665,9,173,1
274,12,252,180,20,33,0.86,7,51,348,2688,9,174,1
275,12,252,181,20,34,0.86,7,52,348,2711,8,175,1
276,12,252,182,20,34,0.86,7,53,349,2733,8,176,1
277,12,250,182,20,35,0.87,7,54,349,2755,8,177,1
278,12,250,185,20,34,0.86,7,55,350,2777,8,178,1
279,12,249,184,20,36,0.87,7,56,350,2799,8,178,1
280,12,248,186,20,36,0.88,7,57,351,2821,8,179,1
281,12,246,186,22,38,0.87,7,58,351,2843,8,180,1
282,12,244,188,24,38,0.88,7,59,351,2866,8,181,1
283,12,244,189,24,40,0.89,7,60,352,2889,7,182,1
284,12,242,190,24,41,0.88,7,61,352,2913,7,183,1
285,12,242,191,24,42,0.88,7,62,352,2936,7,183,1
286,12,239,193,26,42,0.88,7,63,353,2959,7,184,1
287,12,238,193,28,44,0.88,7,64,353,2981,7,185,1
288,12,237,195,26,44,0.89,7,65,353,3003,7,185,1
289,12,236,196,28,46,0.90,7,66,354,3026,7,186,1
290,12,234,198,28,48,0.89,7,67,354,3049,7,187,1
291,12,232,199,28,48,0.89,7,68,354,3071,7,187,1
292,12,230,201,28,50,0.90,7,69,354,3094,6,188,1
293,12,230,203,28,50,0.90,7,70,355,3116,6,188,1
294,12,226,204,32,54,0.90,7,71,355,3139,6,189,1
295,12,224,206,32,54,0.91,7,72,355,3162,6,190,1
296,12,222,208,32,56,0.90,7,73,355,3185,6,190,1
297,12,221,209,32,59,0.90,7,74,356,3208,6,191,1
298,12,218,212,34,61,0.90,7,75,356,3231,6,191,1
299,12,215,214,36,62,0.90,7,76,356,3254,6,192,1
300,12,212,216,36,66,0.90,7,77,356,3277,6,192,1
301,12,210,218,36,68,0.91,7,78,356,3300,6,193,1
302,12,206,221,40,72,0.89,7,79,357,3324,6,193,1
303,12,204,224,40,74,0.91,7,80,357,3348,6,194,1
304,12,198,228,44,78,0.90,7,81,357,3372,5,195,1
305,12,196,230,44,81,0.91,7,82,357,3396,5,195,1
306,12,190,235,48,86,0.90,7,83,357,3421,5,196,1
307,12,188,239,48,88,0.90,7,84,358,3445,5,196,1
308,12,183,243,50,91,0.91,7,85,358,3470,5,197,1
309,12,176,248,54,99,0.92,7,86,358,3495,5,198,1
310,12,170,252,56,107,0.92,7,87,358,3520,5,198,1
311,12,164,257,60,112,0.92,7,88,359,3546,5,199,1
312,12,154,263,64,124,0.92,7,89,359,3572,5,200,1
313,12,148,268,68,131,0.92,7,90,359,3598,5,201,1
314,12,138,276,76,144,0.93,7,91,360,3625,5,201,1
315,12,129,283,80,154,0.92,7,92,360,3651,5,202,1
316,12,114,293,90,173,0.92,7,93,360,3679,5,203,1
317,12,105,300,96,188,0.92,7,94,361,3706,5,204,1
348,13,401,416,64,82,0.91,2,1,515,3779,0,-200,1
349,13,394,396,56,76,0.91,2,2,515,3753,-14,-258,1
350,13,384,372,52,66,0.89,2,3,515,3716,-11,-318,1
351,13,378,358,48,59,0.90,2,4,515,3683,-10,-321,1
352,13,374,338,40,55,0.90,2,5,514,3647,-9,-331,1
353,13,368,328,40,52,0.90,2,6,514,3616,-9,-327,1
354,13,362,314,36,46,0.91,2,7,514,3580,-10,-332,1
355,13,360,306,34,44,0.91,2,8,513,3548,-9,-330,1
356,13,358,294,28,41,0.90,2,9,513,3514,-9,-332,1
357,13,352,287,32,39,0.89,2,10,512,3481,-9,-331,1
358,13,350,278,28,36,0.89,2,11,511,3447,-9,-332,1
359,13,350,272,24,35,0.89,2,12,511,3414,-8,-332,1
360,13,347,264,24,34,0.88,2,13,510,3381,-8,-332,1
361,13,345,260,24,32,0.89,2,14,510,3348,-7,-332,1
362,13,342,254,24,30,0.88,2,15,509,3315,-7,-331,1
363,13,340,250,24,30,0.89,2,16,509,3283,-7,-331,1
364,13,339,245,22,28,0.87,2,17,508,3251,-7,-330,1
365,13,338,242,20,27,0.87,2,18,508,3219,-7,-329,1
366,13,336,237,20,26,0.88,2,19,507,3187,-7,-329,1
367,13,335,233,20,26,0.88,2,20,507,3155,-7,-328,1
368,13,334,230,20,24,0.87,2,21,506,3123,-6,-328,1
369,13,332,226,20,24,0.87,2,22,506,3090,-6,-328,1
370,13,330,223,20,22,0.86,2,23,505,3058,-6,-328,1
371,13,330,222,20,21,0.86,2,24,505,3026,-6,-327,1
372,13,330,219,18,20,0.86,2,25,504,2994,-6,-327,1
373,13,329,217,18,20,0.86,2,26,504,2962,-6,-327,1
374,13,328,214,16,19,0.85,2,27,503,2930,-6,-327,1
375,13,328,213,16,18,0.85,2,28,503,2898,-6,-326,1
376,13,326,210,16,18,0.85,2,29,502,2866,-6,-326,1
377,13,326,208,16,18,0.85,2,30,502,2835,-5,-325,1
378,13,324,206,16,18,0.85,2,31,501,2804,-5,-325,1
379,13,324,204,16,18,0.87,2,32,501,2772,-5,-325,1
380,13,324,202,14,17,0.86,2,33,501,2741,-5,-324,1
381,13,322,201,16,17,0.84,2,34,500,2710,-5,-324,1
382,13,323,200,14,16,0.84,2,35,500,2679,-5,-323,1
383,13,322,198,14,16,0.83,2,36,499,2648,-5,-323,1
384,13,321,196,14,16,0.84,2,37,499,2618,-5,-322,1
385,13,320,194,14,16,0.84,2,38,498,2587,-5,-322,1
386,13,319,192,14,17,0.84,2,39,498,2556,-5,-322,1
387,13,319,192,14,16,0.84,2,40,497,2526,-5,-321,1
388,13,320,191,12,14,0.84,2,41,497,2495,-5,-321,1
389,13,318,190,12,14,0.86,2,42,496,2464,-5,-320,1
390,13,317,189,14,14,0.85,2,43,496,2434,-5,-320,1
391,13,318,189,12,13,0.85,2,44,495,2404,-5,-320,1
392,13,317,187,12,13,0.84,2,45,495,2373,-5,-319,1
393,13,316,185,12,14,0.83,2,46,494,2343,-5,-319,1
394,13,316,184,12,14,0.83,2,47,494,2313,-5,-318,1
395,13,315,184,12,13,0.83,2,48,493,2283,-5,-318,1
396,13,314,183,12,12,0.82,2,49,493,2252,-5,-318,1
397,13,314,183,12,12,0.80,2,50,492,2223,-5,-317,1
398,13,314,181,12,12,0.77,2,51,492,2192,-5,-317,1
399,13,313,181,12,12,0.80,2,52,491,2163,-5,-316,1
400,13,312,180,12,12,0.79,2,53,490,2133,-5,-316,1
401,13,312,178,12,12,0.79,2,54,490,2103,-6,-316,1
402,13,312,178,12,12,0.77,2,55,489,2074,-6,-315,1
403,13,312,177,12,12,0.78,2,56,489,2044,-6,-315,1
404,13,310,176,12,12,0.76,2,57,488,2015,-6,-315,1
405,13,310,176,12,12,0.76,2,58,487,1986,-6,-314,1
406,13,311,175,10,12,0.77,2,59,487,1956,-6,-314,1
407,13,311,174,10,11,0.54,2,60,486,1927,-6,-313,1
408,13,310,174,10,10,0.76,2,61,485,1897,-6,-313,1
409,13,310,174,10,10,0.76,2,62,485,1868,-6,-313,1
410,13,310,173,8,10,0.70,2,63,484,1838,-6,-313,1
411,13,309,173,10,10,0.69,2,64,483,1809,-6,-312,1
412,13,308,172,10,10,0.70,2,65,482,1780,-6,-312,1
413,13,308,171,8,10,0.60,2,66,482,1751,-6,-311,1
414,13,307,170,10,10,0.50,2,67,481,1722,-6,-311,1
415,13,308,170,8,10,0.68,2,68,480,1693,-6,-311,1
416,13,306,169,10,10,0.70,2,69,479,1664,-6,-310,1
417,13,306,168,8,10,0.71,2,70,479,1635,-6,-310,1
418,13,306,167,8,10,0.66,2,71,478,1606,-6,-310,1
419,13,305,166,8,10,0.50,2,72,477,1577,-6,-310,1
422,14,342,430,48,68,0.92,2,1,477,3779,0,-200,1
423,14,340,410,44,60,0.92,2,2,477,3751,2,-278,1
424,14,334,385,40,52,0.91,2,3,477,3714,-7,-325,1
425,14,333,369,38,48,0.91,2,4,477,3683,-4,-322,1
426,14,330,350,34,42,0.90,2,5,477,3646,-5,-333,1
427,14,326,338,32,40,0.91,2,6,477,3614,-7,-330,1
428,14,326,323,28,36,0.90,2,7,476,3579,-7,-334,1
429,14,324,313,28,36,0.90,2,8,476,3547,-7,-332,1
430,14,321,302,28,32,0.89,2,9,475,3513,-7,-333,1
431,14,320,295,28,30,0.89,2,10,475,3480,-6,-332,1
432,14,318,285,24,28,0.89,2,11,475,3446,-7,-333,1
433,14,316,280,24,26,0.89,2,12,474,3413,-7,-333,1
434,14,316,271,24,26,0.88,2,13,474,3380,-7,-333,1
435,14,316,267,22,24,0.89,2,14,473,3348,-7,-332,1
436,14,316,260,20,24,0.88,2,15,473,3315,-7,-332,1
437,14,314,256,20,22,0.86,2,16,472,3282,-7,-331,1
438,14,312,249,20,22,0.87,2,17,472,3250,-7,-331,1
439,14,312,245,18,22,0.88,2,18,471,3217,-7,-331,1
440,14,310,240,20,21,0.87,2,19,470,3184,-7,-330,1
441,14,311,238,18,20,0.87,2,20,470,3152,-7,-330,1
442,14,310,232,16,20,0.86,2,21,469,3120,-7,-330,1
443,14,310,230,16,19,0.85,2,22,469,3087,-7,-329,1
444,14,310,227,16,18,0.86,2,23,468,3055,-7,-329,1
445,14,309,224,16,18,0.86,2,24,467,3023,-7,-329,1
446,14,308,221,16,18,0.86,2,25,467,2991,-7,-328,1
447,14,308,218,16,18,0.85,2,26,466,2960,-7,-328,1
447,15,400,432,56,70,0.91,2,1,512,3783,0,-200,1
448,14,306,216,16,16,0.84,2,27,465,2928,-7,-327,1
448,15,388,400,50,58,0.90,2,2,512,3738,-8,-446,1
449,14,306,214,16,16,0.83,2,28,465,2896,-7,-327,1
449,15,384,380,44,53,0.90,2,3,511,3703,0,-398,1
450,14,306,211,16,16,0.85,2,29,464,2864,-7,-327,1
450,15,374,357,40,46,0.90,2,4,511,3661,-4,-404,1
450,16,339,430,52,71,0.91,2,1,476,3782,0,-200,1
451,14,306,210,14,16,0.84,2,30,463,2833,-7,-326,1
451,15,368,344,36,43,0.88,2,5,511,3626,-8,-390,1
451,16,336,411,48,64,0.91,2,2,476,3756,-6,-253,1
452,14,305,207,14,16,0.83,2,31,463,2802,-7,-326,1
452,15,362,326,36,38,0.88,2,6,511,3586,-8,-392,1
452,16,332,386,44,55,0.90,2,3,476,3720,-6,-310,1
453,14,305,205,14,16,0.84,2,32,462,2770,-7,-325,1
453,15,360,316,28,35,0.88,2,7,511,3549,-8,-389,1
453,16,330,372,40,50,0.91,2,4,476,3690,-7,-306,1
454,14,305,204,14,14,0.84,2,33,461,2739,-7,-325,1
454,15,355,302,28,32,0.87,2,8,510,3510,-8,-390,1
454,16,326,352,36,45,0.90,2,5,476,3655,-9,-317,1
455,14,306,202,12,14,0.83,2,34,461,2707,-7,-324,1
455,15,352,294,28,30,0.87,2,9,510,3472,-8,-388,1
455,16,324,341,34,42,0.90,2,6,475,3624,-9,-315,1
456,14,306,200,12,13,0.83,2,35,460,2676,-7,-324,1
456,15,348,282,24,29,0.88,2,10,509,3433,-8,-388,1
456,16,322,326,30,38,0.89,2,7,475,3591,-10,-319,1
457,14,304,198,12,15,0.84,2,36,459,2645,-7,-324,1
457,15,347,277,22,27,0.87,2,11,509,3396,-8,-386,1
457,16,322,317,28,36,0.89,2,8,474,3559,-9,-318,1
458,14,304,197,12,14,0.85,2,37,459,2614,-7,-323,1
458,15,344,269,20,24,0.87,2,12,508,3357,-8,-386,1
458,16,319,304,30,35,0.88,2,9,474,3527,-9,-319,1
459,14,304,196,12,14,0.84,2,38,458,2583,-7,-323,1
459,15,342,263,20,24,0.87,2,13,507,3320,-8,-385,1
459,16,319,298,26,32,0.88,2,10,473,3495,-8,-319,1
460,14,304,194,12,14,0.82,2,39,457,2552,-7,-322,1
460,15,339,255,20,24,0.85,2,14,507,3283,-8,-384,1
460,16,316,288,24,29,0.88,2,11,473,3462,-9,-320,1
461,14,303,193,12,14,0.82,2,40,457,2522,-7,-322,1
461,15,338,251,20,22,0.86,2,15,506,3245,-8,-383,1
461,16,316,282,22,28,0.88,2,12,472,3431,-9,-320,1
462,14,304,191,12,14,0.83,2,41,456,2491,-7,-322,1
462,15,336,246,18,20,0.86,2,16,506,3208,-8,-383,1
462,16,314,273,22,28,0.87,2,13,472,3398,-9,-320,1
463,14,303,190,12,14,0.82,2,42,455,2461,-7,-321,1
463,15,334,242,18,20,0.84,2,17,505,3171,-8,-382,1
463,16,314,268,22,26,0.86,2,14,471,3366,-9,-320,1
464,14,302,188,12,13,0.80,2,43,455,2430,-7,-321,1
464,15,332,236,18,20,0.85,2,18,504,3134,-8,-381,1
464,16,312,262,22,25,0.87,2,15,470,3335,-8,-320,1
465,14,302,188,12,12,0.79,2,44,454,2399,-7,-321,1
465,15,331,233,18,19,0.84,2,19,504,3097,-7,-380,1
465,16,312,258,20,24,0.87,2,16,470,3303,-8,-319,1
466,14,302,187,12,12,0.78,2,45,454,2369,-7,-320,1
466,15,330,228,16,18,0.84,2,20,503,3060,-7,-380,1
466,16,310,251,20,24,0.88,2,17,469,3272,-8,-319,1
467,14,302,186,12,12,0.77,2,46,453,2338,-7,-320,1
467,15,329,227,16,16,0.83,2,21,502,3023,-7,-379,1
467,16,310,247,20,24,0.87,2,18,468,3241,-8,-318,1
468,14,302,185,12,12,0.76,2,47,452,2308,-7,-319,1
468,15,327,223,16,16,0.83,2,22,502,2986,-7,-379,1
468,16,310,244,18,21,0.86,2,19,467,3209,-8,-318,1
469,14,302,184,12,12,0.77,2,48,452,2277,-7,-319,1
469,15,326,220,16,16,0.84,2,23,501,2950,-7,-378,1
469,16,309,240,18,20,0.86,2,20,467,3178,-8,-318,1
470,14,302,183,12,12,0.72,2,49,451,2247,-7,-319,1
470,15,326,216,14,16,0.82,2,24,500,2913,-7,-378,1
470,16,308,236,16,20,0.85,2,21,466,3146,-8,-318,1
471,14,302,182,10,12,0.73,2,50,450,2217,-7,-318,1
471,15,324,214,16,16,0.86,2,25,500,2877,-7,-377,1
471,16,308,233,16,19,0.85,2,22,465,3115,-8,-318,1
472,14,300,181,12,12,0.76,2,51,450,2187,-7,-318,1
472,15,324,212,14,15,0.83,2,26,499,2841,-7,-376,1
472,16,308,228,16,19,0.85,2,23,465,3083,-8,-318,1
473,14,301,180,10,12,0.77,2,52,449,2157,-7,-318,1
473,15,323,209,14,16,0.83,2,27,498,2805,-7,-375,1
473,16,307,226,16,18,0.85,2,24,464,3052,-8,-317,1
474,14,301,179,10,12,0.78,2,53,448,2127,-7,-317,1
474,15,322,207,14,14,0.84,2,28,498,2769,-7,-375,1
474,16,307,222,16,18,0.85,2,25,463,3020,-8,-317,1
475,14,301,178,10,12,0.77,2,54,448,2098,-7,-317,1
475,15,322,205,12,14,0.83,2,29,497,2733,-7,-374,1
475,16,306,220,16,17,0.86,2,26,462,2989,-8,-317,1
476,14,301,179,10,10,0.67,2,55,447,2068,-7,-316,1
476,15,322,204,12,14,0.82,2,30,496,2697,-7,-374,1
476,16,306,219,16,16,0.85,2,27,462,2958,-8,-317,1
477,14,301,178,10,11,0.70,2,56,447,2038,-7,-316,1
477,15,320,201,12,14,0.82,2,31,496,2662,-7,-373,1
477,16,306,217,14,16,0.82,2,28,461,2927,-8,-316,1
478,14,301,178,10,10,0.64,2,57,446,2009,-7,-316,1
478,15,319,200,12,13,0.84,2,32,495,2627,-7,-372,1
478,16,305,213,14,16,0.84,2,29,460,2896,-8,-316,1
478,17,380,311,52,62,0.46,7,1,528,3603,0,-200,1
479,14,302,177,8,10,0.15,2,58,445,1980,-7,-315,1
479,15,319,197,12,14,0.83,2,33,494,2591,-7,-372,1
479,16,305,212,14,16,0.84,2,30,460,2866,-8,-316,1
480,14,302,176,8,10,0.35,2,59,445,1950,-6,-315,1
480,15,318,195,12,14,0.79,2,34,494,2556,-7,-371,1
480,16,306,209,12,16,0.81,2,31,459,2835,-8,-315,1
481,14,300,176,8,10,0.24,2,60,444,1921,-6,-314,1
481,15,318,195,12,12,0.75,2,35,493,2520,-7,-371,1
481,16,304,208,14,14,0.82,2,32,458,2804,-8,-315,1
482,15,317,193,12,13,0.78,2,36,492,2486,-7,-370,1
482,16,304,206,12,14,0.84,2,33,458,2774,-8,-315,1
483,15,316,192,12,13,0.78,2,37,492,2451,-7,-369,1
483,16,304,205,12,14,0.81,2,34,457,2743,-8,-315,1
484,15,316,190,12,12,0.76,2,38,491,2416,-7,-369,1
484,16,304,203,14,14,0.77,2,35,456,2713,-7,-314,1
484,17,356,263,36,37,0.82,2,4,527,3399,-7,-341,1
485,15,316,189,12,12,0.73,2,39,490,2381,-7,-368,1
485,16,304,201,12,14,0.75,2,36,456,2683,-7,-314,1
485,17,356,260,32,34,0.83,2,5,527,3363,-6,-343,1
486,14,300,172,8,9,0.12,2,61,441,1766,-6,-314,1
486,15,315,187,12,12,0.68,2,40,490,2346,-7,-368,1
486,16,304,200,12,13,0.82,2,37,455,2653,-7,-313,1
486,17,351,252,32,34,0.85,2,6,526,3328,-7,-345,1
486,18,341,429,48,68,0.92,2,1,477,3778,0,-200,1
487,15,314,186,12,12,0.66,2,41,489,2311,-7,-367,1
487,16,303,198,12,13,0.81,2,38,454,2623,-7,-313,1
487,17,349,248,32,32,0.80,2,7,526,3293,-7,-345,1
487,18,336,407,44,62,0.91,2,2,477,3750,-16,-279,1
488,14,300,170,8,9,0.34,2,62,440,1705,-6,-314,1
488,15,314,186,12,11,0.50,2,42,488,2277,-7,-367,1
488,16,304,196,12,13,0.73,2,39,454,2592,-7,-313,1
488,17,349,244,28,29,0.82,2,8,525,3258,-6,-345,1
488,18,331,382,40,51,0.90,2,3,476,3709,-14,-344,1
489,14,300,170,8,8,0.14,2,63,439,1675,-6,-314,1
489,15,314,184,10,11,0.66,2,43,488,2242,-7,-366,1
489,16,303,196,12,12,0.75,2,40,453,2562,-7,-312,1
489,17,346,241,28,28,0.82,2,9,525,3225,-6,-344,1
489,18,328,366,40,47,0.90,2,4,476,3676,-11,-339,1
489,19,346,262,72,104,0.86,7,1,509,3589,0,-200,1
490,14,298,170,10,8,0.44,2,64,438,1645,-6,-313,1
490,15,312,184,12,10,0.63,2,44,487,2207,-7,-366,1
490,16,302,195,12,12,0.72,2,41,452,2533,-7,-312,1
490,17,344,234,28,28,0.79,2,10,525,3190,-6,-345,1
490,18,324,346,32,41,0.89,2,5,475,3638,-14,-352,1
490,19,344,239,66,112,0.82,7,2,509,3560,-10,-293,1
491,14,298,170,10,8,0.44,2,65,438,1616,-6,-313,1
491,15,313,184,10,10,0.64,2,45,486,2173,-7,-365,1
491,16,302,193,12,12,0.69,2,42,452,2503,-7,-312,1
491,17,343,232,26,27,0.82,2,11,524,3156,-6,-344,1
491,18,322,334,30,38,0.89,2,6,475,3603,-14,-351,1
491,19,344,256,60,86,0.83,7,3,509,3530,-4,-294,1
492,14,299,168,8,8,0.22,2,66,437,1587,-7,-313,1
492,15,313,182,10,10,0.63,2,46,485,2139,-7,-365,1
492,16,303,193,10,10,0.71,2,43,451,2473,-7,-311,1
492,17,341,228,24,24,0.80,2,12,524,3121,-6,-344,1
492,18,319,318,28,34,0.88,2,7,474,3565,-15,-356,1
492,19,344,241,52,90,0.84,7,4,509,3499,-4,-298,1
493,14,299,168,8,8,0.28,2,67,436,1557,-7,-312,1
493,15,312,181,10,10,0.63,2,47,485,2105,-7,-364,1
493,16,303,192,10,11,0.67,2,44,451,2443,-7,-311,1
493,17,340,226,24,23,0.69,2,13,523,3087,-6,-344,1
493,18,316,308,28,33,0.88,2,8,473,3530,-15,-356,1
493,19,341,229,52,94,0.86,7,5,509,3471,-4,-294,1
494,15,311,179,10,10,0.51,2,48,484,2070,-7,-364,1
494,16,302,190,12,12,0.68,2,45,450,2414,-7,-311,1
494,17,339,222,22,22,0.78,2,14,523,3052,-6,-344,1
494,18,316,297,24,30,0.89,2,9,473,3493,-14,-357,1
494,19,340,231,48,82,0.79,7,6,509,3441,-4,-296,1
495,15,312,179,8,9,0.47,2,49,483,2035,-7,-363,1
495,16,303,188,10,11,0.68,2,46,449,2384,-7,-310,1
495,17,338,220,20,22,0.75,2,15,522,3019,-6,-344,1
495,18,314,290,24,28,0.88,2,10,472,3458,-14,-356,1
495,19,340,231,44,76,0.84,7,7,509,3413,-4,-293,1
496,15,312,178,8,10,0.46,2,50,483,2001,-7,-363,1
496,16,302,187,12,11,0.71,2,47,449,2354,-7,-310,1
496,17,336,217,20,22,0.74,2,16,522,2986,-6,-343,1
496,18,314,280,20,26,0.88,2,11,471,3421,-14,-357,1
496,19,337,225,42,74,0.83,7,8,508,3384,-4,-292,1
497,15,310,178,10,9,0.36,2,51,482,1968,-7,-362,1
497,16,302,188,10,11,0.68,2,48,448,2325,-7,-310,1
497,17,336,214,20,22,0.71,2,17,521,2953,-6,-342,1
497,18,312,273,20,26,0.88,2,12,470,3386,-14,-357,1
497,19,337,225,40,70,0.83,7,9,508,3359,-5,-288,1
498,15,310,176,8,8,0.40,2,52,481,1933,-7,-362,1
498,16,304,186,8,10,0.48,2,49,448,2296,-7,-309,1
498,17,335,212,20,20,0.18,2,18,521,2920,-6,-342,1
498,18,310,266,20,24,0.88,2,13,469,3350,-14,-357,1
498,19,336,214,36,74,0.81,7,10,508,3331,-5,-286,1
499,15,310,176,8,8,0.39,2,53,480,1898,-7,-362,1
499,16,302,186,10,10,0.41,2,50,447,2266,-7,-309,1
499,17,334,210,20,19,0.47,2,19,520,2886,-6,-341,1
499,18,310,261,20,22,0.88,2,14,468,3315,-13,-357,1
499,19,336,214,36,70,0.71,7,11,507,3305,-4,-283,1
500,15,310,175,8,8,0.32,2,54,480,1864,-7,-361,1
500,17,334,206,20,21,0.23,2,20,520,2853,-5,-341,1
500,18,309,254,18,22,0.87,2,15,467,3279,-13,-357,1
500,19,332,208,36,69,0.82,7,12,507,3278,-5,-283,1
501,15,309,175,8,8,0.23,2,55,479,1830,-7,-361,1
501,16,302,184,8,10,0.20,2,51,446,2207,-7,-309,1
501,18,308,250,18,22,0.86,2,16,466,3245,-13,-356,1
501,19,331,207,36,66,0.83,7,13,507,3251,-5,-282,1
502,15,308,173,8,8,0.24,2,56,478,1796,-7,-361,1
502,18,307,244,18,20,0.86,2,17,465,3209,-12,-356,1
502,19,331,204,32,64,0.86,7,14,506,3223,-5,-281,1
503,17,332,203,16,16,0.67,2,21,518,2752,-5,-340,1
503,18,308,241,16,20,0.84,2,18,464,3175,-12,-355,1
503,19,332,227,32,38,0.59,7,15,506,3199,-4,-278,1
504,18,306,235,16,19,0.83,2,19,463,3139,-12,-355,1
504,19,330,200,32,59,0.82,7,16,506,3171,-4,-279,1
505,15,306,170,8,9,0.23,2,57,476,1690,-7,-360,1
505,18,306,232,16,19,0.85,2,20,462,3104,-12,-355,1
505,19,328,200,32,56,0.86,7,17,505,3143,-4,-278,1
506,15,306,171,8,8,0.20,2,58,475,1656,-7,-360,1
506,17,329,197,16,16,0.29,2,22,517,2651,-5,-340,1
506,18,306,228,16,18,0.83,2,21,461,3069,-11,-355,1
506,19,328,200,30,52,0.81,7,18,505,3116,-4,-278,1
507,18,306,226,16,17,0.84,2,22,460,3035,-11,-354,1
507,19,328,199,28,51,0.82,7,19,505,3090,-4,-277,1
508,18,305,222,16,16,0.84,2,23,459,3000,-11,-354,1
508,19,326,196,28,50,0.85,7,20,505,3063,-4,-277,1
509,16,304,168,8,8,0.10,2,52,441,1958,-7,-309,1
509,18,304,220,16,16,0.85,2,24,458,2965,-11,-354,1
509,19,325,195,28,48,0.85,7,21,504,3036,-4,-276,1
510,17,325,193,16,14,0.14,2,23,515,2519,-5,-339,1
510,18,304,216,16,16,0.83,2,25,458,2930,-10,-353,1
510,19,325,196,28,44,0.77,7,22,504,3009,-4,-276,1
511,18,305,215,14,16,0.82,2,26,457,2897,-10,-353,1
511,19,324,196,28,42,0.73,7,23,504,2983,-4,-275,1
512,18,304,210,16,16,0.84,2,27,456,2862,-10,-352,1
512,19,324,200,24,36,0.59,7,24,503,2958,-4,-274,1
513,18,304,209,16,16,0.82,2,28,455,2828,-10,-352,1
513,19,324,197,24,37,0.54,7,25,503,2933,-4,-273,1
514,16,297,169,10,12,0.14,2,53,438,1806,-7,-309,1
514,18,304,208,14,14,0.80,2,29,454,2794,-9,-351,1
514,19,326,200,20,31,0.49,7,26,503,2907,-4,-273,1
515,16,297,169,10,12,0.13,2,54,437,1777,-7,-308,1
515,18,304,206,14,14,0.83,2,30,454,2760,-9,-351,1
515,19,323,187,22,42,0.56,7,27,502,2881,-4,-272,1
516,18,304,204,12,14,0.82,2,31,453,2726,-9,-350,1
516,19,322,188,22,39,0.70,7,28,502,2856,-4,-271,1
517,18,304,202,12,14,0.81,2,32,452,2693,-9,-350,1
517,19,322,188,20,38,0.65,7,29,501,2832,-4,-270,1
518,16,295,166,10,13,0.13,2,55,436,1687,-7,-308,1
518,18,303,199,12,14,0.81,2,33,452,2659,-9,-349,1
518,19,320,187,20,36,0.57,7,30,501,2807,-4,-270,1
519,18,303,199,12,14,0.78,2,34,451,2626,-9,-349,1
519,19,320,184,20,37,0.64,7,31,501,2781,-4,-269,1
520,18,303,196,12,14,0.78,2,35,450,2593,-9,-348,1
520,19,320,182,20,37,0.78,7,32,500,2756,-4,-269,1
521,18,302,196,12,13,0.79,2,36,450,2560,-9,-348,1
521,19,319,182,20,36,0.83,7,33,500,2731,-4,-268,1
522,18,302,194,12,12,0.75,2,37,449,2527,-8,-347,1
522,19,319,182,20,34,0.72,7,34,499,2705,-4,-268,1
523,18,302,193,12,12,0.79,2,38,449,2494,-8,-347,1
523,19,318,182,20,33,0.67,7,35,499,2681,-4,-267,1
524,18,303,191,10,12,0.78,2,39,448,2460,-8,-346,1
524,19,316,182,20,31,0.45,7,36,498,2656,-4,-266,1
525,18,302,190,12,12,0.77,2,40,447,2427,-8,-346,1
525,19,318,190,16,22,0.67,7,37,498,2631,-5,-266,1
526,18,302,188,12,12,0.76,2,41,447,2394,-8,-346,1
526,19,318,188,16,23,0.68,7,38,497,2607,-5,-265,1
527,18,302,188,12,12,0.77,2,42,446,2362,-8,-345,1
527,19,318,188,16,22,0.71,7,39,497,2583,-5,-265,1
528,18,302,187,10,10,0.68,2,43,446,2329,-8,-345,1
528,19,316,177,18,31,0.57,7,40,496,2559,-5,-264,1
529,18,300,186,12,11,0.75,2,44,445,2296,-8,-344,1
529,19,316,182,16,25,0.54,7,41,495,2534,-5,-263,1
530,18,302,185,10,10,0.72,2,45,444,2263,-8,-344,1
530,19,316,179,16,26,0.64,7,42,495,2510,-5,-263,1
531,18,301,184,10,11,0.74,2,46,444,2231,-8,-343,1
531,19,317,188,14,15,0.70,7,43,494,2484,-5,-263,1
532,18,302,183,8,10,0.77,2,47,443,2199,-8,-343,1
532,19,315,180,16,22,0.67,7,44,494,2459,-5,-263,1
533,18,300,181,10,10,0.73,2,48,443,2166,-8,-343,1
533,19,315,179,16,22,0.63,7,45,493,2434,-5,-262,1
534,18,300,180,10,10,0.71,2,49,442,2133,-8,-342,1
534,19,314,177,16,24,0.44,7,46,493,2410,-5,-262,1
535,18,300,179,8,10,0.52,2,50,442,2100,-8,-342,1
535,19,314,173,16,26,0.54,7,47,492,2385,-5,-262,1
536,18,300,179,8,10,0.48,2,51,441,2068,-8,-342,1
536,19,313,172,16,26,0.61,7,48,492,2360,-5,-261,1
537,18,300,178,8,10,0.22,2,52,440,2036,-8,-341,1
537,19,314,178,14,20,0.34,7,49,491,2336,-5,-261,1
538,19,312,175,16,22,0.40,7,50,490,2312,-5,-260,1
539,19,312,180,16,16,0.69,7,51,490,2288,-5,-260,1
540,19,313,179,14,16,0.43,7,52,489,2264,-5,-260,1
541,19,312,177,16,17,0.66,7,53,489,2240,-5,-259,1
542,18,299,174,8,9,0.10,2,53,437,1867,-8,-341,1
542,19,312,175,16,18,0.71,7,54,488,2216,-5,-259,1
543,19,312,178,12,14,0.35,7,55,488,2192,-5,-258,1
544,18,298,173,8,8,0.34,2,54,436,1801,-8,-341,1
544,19,311,173,14,18,0.47,7,56,487,2168,-5,-258,1
545,18,298,172,8,8,0.14,2,55,435,1768,-8,-340,1
545,19,310,170,16,20,0.50,7,57,487,2143,-5,-258,1
546,18,298,171,8,9,0.37,2,56,434,1736,-8,-340,1
546,19,312,172,12,17,0.54,7,58,486,2119,-5,-258,1
547,18,296,171,8,9,0.41,2,57,434,1705,-8,-339,1
547,19,311,170,14,18,0.49,7,59,485,2094,-5,-258,1
548,18,296,170,8,8,0.19,2,58,433,1673,-8,-339,1
548,19,311,172,14,16,0.46,7,60,485,2070,-5,-257,1
549,18,296,170,8,8,0.43,2,59,432,1641,-8,-339,1
549,19,311,176,12,12,0.52,7,61,484,2046,-5,-257,1
549,20,412,435,60,74,0.93,2,1,518,3789,0,-200,1
550,19,309,170,14,16,0.36,7,62,484,2022,-5,-257,1
550,20,401,404,50,64,0.92,2,2,518,3749,-12,-397,1
551,18,296,169,8,8,0.32,2,60,431,1576,-8,-338,1
551,19,309,169,14,16,0.31,7,63,483,1997,-5,-256,1
551,20,394,387,46,59,0.91,2,3,518,3720,-9,-346,1
552,19,308,168,14,17,0.29,7,64,483,1973,-5,-256,1
552,20,386,364,40,53,0.90,2,4,518,3683,-9,-352,1
553,19,308,166,14,18,0.29,7,65,482,1949,-5,-256,1
553,20,380,352,40,49,0.91,2,5,517,3652,-8,-341,1
554,19,307,166,14,18,0.33,7,66,482,1925,-5,-256,1
554,20,372,334,36,45,0.90,2,6,517,3618,-10,-343,1
555,19,308,166,12,17,0.22,7,67,481,1902,-5,-255,1
555,20,369,324,34,43,0.90,2,7,517,3586,-9,-338,1
556,19,308,170,12,12,0.13,7,68,480,1877,-5,-255,1
556,20,364,311,32,39,0.90,2,8,516,3552,-9,-338,1
557,19,307,166,12,16,0.26,7,69,480,1854,-5,-255,1
557,20,362,303,28,38,0.90,2,9,516,3520,-9,-335,1
558,19,306,166,12,14,0.17,7,70,479,1829,-5,-255,1
558,20,356,293,28,34,0.89,2,10,515,3487,-9,-336,1
559,19,307,168,12,13,0.42,7,71,478,1806,-5,-254,1
559,20,355,285,26,34,0.90,2,11,514,3454,-8,-334,1
560,19,306,168,12,12,0.64,7,72,478,1782,-5,-254,1
560,20,352,277,24,31,0.89,2,12,514,3421,-8,-334,1
560,21,336,424,52,85,0.91,2,1,474,3789,0,-200,1
561,19,306,168,12,12,0.65,7,73,477,1759,-5,-254,1
561,20,350,272,24,30,0.89,2,13,513,3388,-8,-333,1
561,21,332,400,48,76,0.90,2,2,474,3758,-8,-310,1
562,19,304,166,12,12,0.36,7,74,476,1735,-5,-254,1
562,20,347,265,22,28,0.89,2,14,513,3355,-8,-333,1
562,21,328,370,44,66,0.90,2,3,474,3714,-6,-374,1
563,19,304,166,12,12,0.37,7,75,476,1711,-5,-254,1
563,20,346,260,20,27,0.88,2,15,512,3323,-8,-332,1
563,21,326,353,40,60,0.90,2,4,474,3677,-6,-373,1
564,19,305,167,10,10,0.14,7,76,475,1687,-6,-253,1
564,20,344,254,20,26,0.88,2,16,511,3290,-7,-332,1
564,21,320,332,36,53,0.90,2,5,473,3635,-10,-386,1
565,20,342,251,20,24,0.88,2,17,511,3258,-7,-331,1
565,21,320,321,32,48,0.90,2,6,473,3597,-10,-385,1
566,19,304,166,8,10,0.18,7,77,474,1638,-6,-253,1
566,20,340,245,20,24,0.88,2,18,510,3225,-7,-331,1
566,21,317,304,32,44,0.89,2,7,472,3555,-10,-391,1
567,20,339,242,18,24,0.86,2,19,510,3194,-7,-330,1
567,21,316,296,30,40,0.89,2,8,472,3516,-10,-391,1
568,19,304,164,10,11,0.23,7,78,472,1589,-6,-253,1
568,20,338,237,18,22,0.88,2,20,509,3161,-7,-330,1
568,21,314,284,26,37,0.90,2,9,471,3475,-10,-393,1
569,19,304,164,10,11,0.27,7,79,471,1565,-6,-253,1
569,20,338,234,16,22,0.86,2,21,509,3129,-7,-329,1
569,21,314,276,24,36,0.89,2,10,471,3436,-10,-392,1
570,20,336,229,16,22,0.87,2,22,508,3097,-6,-329,1
570,21,312,268,24,32,0.89,2,11,470,3397,-10,-393,1
571,19,303,163,10,10,0.11,7,80,470,1516,-6,-253,1
571,20,335,228,16,20,0.86,2,23,507,3065,-6,-328,1
571,21,312,262,24,31,0.88,2,12,469,3358,-9,-392,1
572,19,304,162,8,10,0.13,7,81,469,1491,-6,-253,1
572,20,334,224,16,20,0.87,2,24,507,3033,-6,-328,1
572,21,310,254,22,29,0.89,2,13,469,3319,-9,-392,1
573,20,333,222,16,19,0.87,2,25,506,3001,-6,-328,1
573,21,310,250,20,28,0.88,2,14,468,3281,-9,-391,1
574,20,333,220,14,18,0.88,2,26,506,2970,-6,-327,1
574,21,309,245,20,28,0.88,2,15,467,3244,-9,-390,1
575,20,332,217,14,18,0.86,2,27,506,2938,-6,-327,1
575,21,308,239,20,26,0.86,2,16,467,3205,-9,-389,1
576,20,331,214,14,18,0.84,2,28,505,2906,-5,-326,1
576,21,308,234,18,24,0.87,2,17,466,3167,-9,-389,1
577,20,330,212,14,18,0.85,2,29,505,2875,-5,-326,1
577,21,307,231,18,24,0.85,2,18,465,3129,-9,-388,1
578,20,330,210,12,16,0.85,2,30,504,2843,-5,-326,1
578,21,306,227,18,22,0.85,2,19,464,3091,-9,-388,1
579,20,330,208,12,16,0.85,2,31,504,2811,-5,-325,1
579,21,306,223,16,22,0.85,2,20,464,3053,-9,-387,1
580,20,328,206,12,16,0.87,2,32,504,2780,-5,-325,1
580,21,306,220,16,21,0.85,2,21,463,3016,-9,-387,1
581,20,328,205,12,16,0.87,2,33,503,2749,-5,-324,1
581,21,306,217,16,20,0.84,2,22,462,2978,-9,-386,1
582,20,327,203,12,15,0.87,2,34,503,2718,-5,-324,1
582,21,304,214,16,20,0.85,2,23,461,2940,-9,-386,1
583,20,326,202,12,14,0.85,2,35,503,2686,-5,-324,1
583,21,304,212,16,20,0.85,2,24,460,2904,-9,-385,1
584,20,326,199,12,14,0.86,2,36,502,2655,-5,-323,1
584,21,304,208,16,20,0.84,2,25,460,2867,-9,-384,1
585,20,325,198,12,15,0.86,2,37,502,2624,-4,-323,1
585,21,304,206,16,19,0.84,2,26,459,2830,-8,-383,1
586,20,324,197,12,15,0.87,2,38,502,2594,-4,-322,1
586,21,304,205,14,18,0.84,2,27,458,2793,-8,-383,1
587,20,324,195,12,16,0.86,2,39,501,2564,-4,-322,1
587,21,303,203,14,17,0.86,2,28,457,2757,-8,-382,1
588,20,323,194,12,14,0.81,2,40,501,2533,-4,-321,1
588,21,304,200,12,17,0.84,2,29,457,2720,-8,-382,1
589,20,322,193,12,14,0.79,2,41,501,2503,-4,-321,1
589,21,302,199,14,16,0.83,2,30,456,2683,-8,-381,1
590,20,322,193,12,12,0.79,2,42,500,2472,-4,-321,1
590,21,302,197,12,16,0.82,2,31,455,2647,-8,-380,1
590,22,277,173,8,9,0.40,2,1,359,2019,0,200,1
591,20,322,192,12,12,0.81,2,43,500,2442,-4,-320,1
591,21,302,196,12,16,0.82,2,32,455,2611,-8,-380,1
591,22,277,174,8,10,0.32,2,2,359,2042,10,231,1
592,20,320,190,12,12,0.83,2,44,500,2411,-4,-320,1
592,21,302,193,12,16,0.80,2,33,454,2575,-8,-379,1
592,22,276,174,10,11,0.58,2,3,359,2077,12,289,1
593,20,320,189,12,12,0.83,2,45,500,2381,-4,-319,1
593,21,302,193,12,14,0.80,2,34,453,2539,-8,-379,1
593,22,276,174,10,11,0.58,2,4,359,2109,12,300,1
594,20,320,186,12,14,0.82,2,46,499,2351,-4,-319,1
594,21,302,191,12,14,0.83,2,35,452,2502,-8,-378,1
594,22,278,174,8,12,0.43,2,5,360,2141,17,306,1
595,20,320,186,10,13,0.80,2,47,499,2321,-4,-319,1
595,21,301,190,12,14,0.81,2,36,451,2466,-8,-377,1
595,22,278,174,8,12,0.44,2,6,360,2162,17,285,1
596,20,318,184,12,14,0.81,2,48,499,2291,-4,-318,1
596,21,300,188,12,14,0.83,2,37,451,2431,-8,-377,1
596,22,277,176,10,10,0.74,2,7,361,2174,16,259,1
597,20,318,185,12,12,0.77,2,49,498,2261,-4,-318,1
597,21,300,187,12,14,0.81,2,38,450,2395,-8,-376,1
597,22,278,176,8,12,0.52,2,8,362,2201,15,260,1
598,20,318,185,12,12,0.80,2,50,498,2232,-4,-317,1
598,21,300,186,12,14,0.80,2,39,449,2360,-8,-376,1
598,22,278,177,8,12,0.53,2,9,363,2228,15,262,1
599,20,316,183,12,12,0.81,2,51,497,2202,-4,-317,1
599,21,300,184,12,14,0.80,2,40,448,2324,-8,-375,1
599,22,277,178,10,11,0.61,2,10,364,2247,14,254,1
600,20,316,182,12,12,0.82,2,52,497,2173,-4,-316,1
600,21,300,183,12,14,0.78,2,41,448,2289,-8,-375,1
600,22,276,180,10,11,0.48,2,11,365,2276,13,257,1
601,20,316,181,12,12,0.81,2,53,497,2144,-4,-316,1
601,21,300,182,10,14,0.76,2,42,447,2254,-8,-374,1
601,22,277,181,10,11,0.70,2,12,366,2304,13,259,1
602,20,316,180,12,12,0.81,2,54,496,2114,-4,-315,1
602,21,300,181,10,14,0.70,2,43,446,2220,-8,-373,1
602,22,276,183,10,10,0.70,2,13,367,2331,13,260,1
603,20,316,180,12,12,0.74,2,55,496,2085,-4,-315,1
603,21,300,182,10,12,0.54,2,44,445,2185,-8,-373,1
603,22,276,184,10,10,0.68,2,14,367,2358,12,261,1
604,20,315,178,10,12,0.59,2,56,495,2056,-4,-314,1
604,21,300,180,10,12,0.55,2,45,445,2150,-8,-372,1
604,22,276,186,10,10,0.44,2,15,368,2389,12,264,1
605,20,314,179,12,11,0.53,2,57,495,2027,-4,-314,1
605,21,300,180,10,11,0.62,2,46,444,2115,-8,-371,1
605,22,276,186,10,10,0.42,2,16,369,2414,12,263,1
606,20,314,178,10,11,0.62,2,58,495,1998,-4,-313,1
606,21,300,179,8,10,0.43,2,47,443,2080,-8,-371,1
606,22,276,185,10,12,0.74,2,17,370,2437,11,262,1
607,20,313,178,10,10,0.63,2,59,494,1970,-4,-313,1
607,21,300,178,8,10,0.30,2,48,442,2045,-8,-371,1
607,22,276,186,10,12,0.73,2,18,371,2461,11,260,1
608,20,314,177,8,10,0.65,2,60,494,1941,-4,-312,1
608,21,299,177,10,10,0.39,2,49,441,2010,-8,-370,1
608,22,276,188,12,12,0.78,2,19,371,2488,11,260,1
609,20,312,177,10,10,0.66,2,61,493,1912,-4,-312,1
609,21,300,178,8,10,0.31,2,50,441,1976,-8,-369,1
609,22,276,189,12,12,0.78,2,20,372,2513,11,260,1
610,20,312,175,10,12,0.52,2,62,493,1885,-5,-311,1
610,21,299,175,8,12,0.21,2,51,440,1942,-8,-369,1
610,22,274,190,12,13,0.77,2,21,373,2541,11,261,1
611,20,312,175,8,10,0.52,2,63,492,1856,-5,-311,1
611,21,300,176,8,10,0.15,2,52,439,1908,-8,-368,1
611,22,274,191,12,12,0.78,2,22,374,2565,11,260,1
612,20,311,175,10,10,0.50,2,64,491,1828,-5,-310,1
612,21,299,174,8,10,0.26,2,53,438,1874,-8,-368,1
612,22,274,192,12,14,0.77,2,23,375,2594,10,261,1
613,20,312,174,8,10,0.46,2,65,491,1800,-5,-310,1
613,21,298,174,8,9,0.41,2,54,438,1840,-8,-367,1
613,22,274,194,12,13,0.76,2,24,376,2620,10,261,1
614,20,312,173,8,9,0.65,2,66,490,1771,-5,-310,1
614,21,298,172,8,9,0.49,2,55,437,1805,-8,-367,1
614,22,274,195,12,14,0.81,2,25,377,2648,10,262,1
615,20,312,173,8,9,0.65,2,67,490,1742,-5,-309,1
615,21,298,172,8,9,0.49,2,56,436,1770,-8,-366,1
615,22,272,196,14,14,0.84,2,26,377,2674,10,262,1
616,20,310,172,8,9,0.30,2,68,489,1714,-5,-309,1
616,21,298,173,8,8,0.13,2,57,435,1736,-8,-366,1
616,22,272,197,12,14,0.85,2,27,378,2699,10,262,1
617,20,309,171,10,9,0.52,2,69,488,1685,-5,-309,1
617,21,298,172,8,8,0.34,2,58,435,1702,-8,-366,1
617,22,272,198,12,15,0.85,2,28,379,2725,9,261,1
618,20,310,171,8,9,0.69,2,70,488,1657,-5,-308,1
618,22,272,200,12,15,0.84,2,29,379,2751,9,261,1
619,21,297,170,8,8,0.30,2,59,433,1631,-8,-365,1
619,22,271,201,14,16,0.84,2,30,380,2777,9,261,1
620,20,307,169,10,9,0.58,2,71,486,1597,-5,-308,1
620,22,270,204,16,15,0.84,2,31,381,2804,9,262,1
621,22,270,206,14,15,0.83,2,32,381,2830,9,262,1
622,21,296,168,8,8,0.10,2,60,431,1524,-8,-365,1
622,22,268,207,16,16,0.85,2,33,382,2857,8,262,1
623,22,268,209,16,16,0.83,2,34,382,2883,8,262,1
624,22,267,210,16,16,0.84,2,35,383,2907,8,261,1
625,22,266,212,16,18,0.84,2,36,384,2934,8,262,1
626,22,266,216,16,18,0.85,2,37,384,2964,8,262,1
627,22,264,218,18,18,0.85,2,38,384,2991,8,263,1
628,22,264,220,16,20,0.84,2,39,385,3021,7,264,1
629,22,262,222,18,21,0.84,2,40,385,3050,7,264,1
630,22,261,226,18,20,0.83,2,41,386,3079,7,265,1
631,22,260,228,18,22,0.84,2,42,386,3108,7,266,1
632,22,259,232,18,22,0.82,2,43,386,3137,7,266,1
633,22,257,235,20,23,0.86,2,44,387,3166,7,267,1
634,22,255,239,20,24,0.87,2,45,387,3196,6,268,1
635,22,254,244,20,24,0.88,2,46,387,3227,6,268,1
636,22,252,248,20,26,0.87,2,47,388,3258,6,269,1
637,22,250,252,24,28,0.87,2,48,388,3289,6,270,1
638,22,248,259,24,29,0.88,2,49,388,3322,6,272,1
639,22,246,263,24,30,0.88,2,50,388,3353,6,272,1
640,22,244,271,24,32,0.89,2,51,388,3386,6,274,1
641,22,242,276,26,33,0.90,2,52,389,3417,5,274,1
642,22,239,285,28,37,0.89,2,53,389,3452,5,276,1
643,22,238,292,28,38,0.89,2,54,389,3484,5,277,1
644,22,233,302,30,44,0.89,2,55,389,3518,5,278,1
645,22,230,311,32,46,0.89,2,56,390,3551,5,279,1
646,22,226,326,32,51,0.90,2,57,390,3585,5,280,1
647,22,220,337,36,54,0.90,2,58,390,3618,5,281,1
648,22,214,356,40,63,0.90,2,59,391,3652,5,282,1
649,22,209,372,42,68,0.91,2,60,391,3686,5,283,1
671,23,364,297,120,216,0.93,7,1,507,3793,0,-200,1
672,23,359,287,108,190,0.92,7,2,507,3762,-7,-307,1
673,23,356,278,100,178,0.92,7,3,507,3734,-3,-294,1
674,23,352,271,92,159,0.92,7,4,507,3703,-3,-300,1
675,23,350,266,86,148,0.92,7,5,507,3675,-2,-293,1
676,23,347,259,82,136,0.92,7,6,507,3646,-2,-293,1
677,23,345,254,76,128,0.92,7,7,507,3619,-2,-289,1
678,23,343,248,70,119,0.92,7,8,507,3590,-2,-289,1
679,23,342,244,66,114,0.92,7,9,507,3564,-2,-286,1
680,23,340,240,58,104,0.91,7,10,507,3536,-3,-286,1
681,23,338,236,56,99,0.92,7,11,506,3508,-4,-285,1
682,23,336,233,56,92,0.92,7,12,506,3479,-3,-285,1
683,23,335,230,52,89,0.91,7,13,506,3453,-4,-283,1
684,23,334,226,48,84,0.90,7,14,506,3425,-4,-282,1
685,23,333,224,46,80,0.90,7,15,505,3398,-4,-281,1
686,23,332,220,44,77,0.90,7,16,505,3371,-4,-281,1
687,23,331,218,44,74,0.90,7,17,504,3345,-4,-280,1
688,23,330,215,42,70,0.90,7,18,504,3317,-4,-280,1
689,23,330,213,40,69,0.88,7,19,504,3291,-4,-278,1
690,23,329,212,36,64,0.89,7,20,503,3265,-4,-278,1
691,23,328,209,36,63,0.88,7,21,503,3239,-4,-277,1
692,23,328,207,34,60,0.88,7,22,503,3212,-4,-276,1
693,23,326,205,34,59,0.88,7,23,502,3186,-4,-275,1
694,23,326,203,32,56,0.89,7,24,502,3160,-4,-275,1
695,23,325,200,32,56,0.88,7,25,502,3133,-4,-274,1
696,23,324,199,32,54,0.88,7,26,501,3108,-4,-274,1
697,23,326,199,28,51,0.88,7,27,501,3082,-4,-273,1
698,23,324,197,28,50,0.88,7,28,500,3056,-4,-272,1
699,23,324,196,28,48,0.87,7,29,500,3031,-4,-272,1
700,23,322,195,28,46,0.87,7,30,500,3005,-4,-271,1
701,23,323,199,26,40,0.87,7,31,499,2981,-4,-270,1
702,23,322,197,24,40,0.85,7,32,499,2956,-4,-269,1
703,23,320,192,24,42,0.77,7,33,499,2932,-4,-269,1
704,23,320,191,24,42,0.80,7,34,498,2907,-4,-268,1
705,23,320,191,24,40,0.77,7,35,498,2884,-4,-267,1
706,23,319,188,24,42,0.84,7,36,498,2860,-4,-266,1
707,23,320,191,24,36,0.82,7,37,497,2836,-4,-265,1
708,23,319,188,22,36,0.78,7,38,497,2811,-4,-265,1
709,23,318,187,24,36,0.75,7,39,496,2787,-4,-264,1
710,23,320,188,20,32,0.72,7,40,496,2762,-4,-264,1
711,23,319,189,20,30,0.65,7,41,496,2737,-4,-264,1
712,23,318,184,20,34,0.83,7,42,495,2713,-4,-263,1
713,23,317,185,20,31,0.71,7,43,495,2689,-4,-263,1
714,23,316,182,20,32,0.83,7,44,494,2664,-4,-262,1
715,23,316,181,20,32,0.82,7,45,494,2639,-4,-262,1
716,23,316,182,20,29,0.62,7,46,494,2615,-4,-261,1
717,23,316,184,18,27,0.68,7,47,493,2591,-4,-261,1
718,23,316,180,18,28,0.71,7,48,493,2566,-4,-261,1
719,23,316,182,16,26,0.68,7,49,492,2542,-4,-260,1
720,23,316,182,16,24,0.80,7,50,492,2517,-4,-260,1
721,23,316,180,16,25,0.77,7,51,492,2493,-4,-260,1
722,23,314,179,16,24,0.54,7,52,491,2468,-4,-259,1
723,23,315,180,16,24,0.76,7,53,491,2445,-4,-259,1
724,23,314,177,16,24,0.50,7,54,490,2420,-4,-259,1
724,24,276,170,8,9,0.31,2,1,351,1914,0,200,1
725,23,314,178,16,22,0.76,7,55,490,2395,-4,-258,1
725,24,276,170,8,9,0.33,2,2,351,1933,6,190,1
726,23,314,176,16,23,0.49,7,56,490,2371,-4,-258,1
726,24,277,170,8,9,0.31,2,3,351,1945,19,156,1
727,23,312,173,16,26,0.84,7,57,489,2347,-4,-258,1
727,24,278,173,8,8,0.18,2,4,352,1968,27,178,1
728,23,313,174,16,24,0.73,7,58,489,2323,-4,-258,1
728,24,277,174,8,9,0.31,2,5,353,2011,23,242,1
729,23,312,174,16,24,0.80,7,59,488,2300,-4,-257,1
729,24,277,174,8,8,0.55,2,6,354,2029,20,231,1
730,23,312,172,16,23,0.75,7,60,488,2275,-4,-257,1
730,24,278,174,8,9,0.66,2,7,354,2052,20,230,1
731,23,312,173,16,22,0.70,7,61,488,2251,-4,-257,1
731,24,278,175,8,9,0.52,2,8,356,2078,20,234,1
732,23,312,171,16,23,0.75,7,62,487,2227,-4,-256,1
732,24,278,176,8,9,0.55,2,9,357,2105,19,239,1
733,23,311,171,16,22,0.80,7,63,487,2203,-4,-256,1
733,24,278,176,8,9,0.54,2,10,358,2125,18,234,1
734,23,310,170,16,22,0.78,7,64,486,2179,-4,-256,1
734,24,278,176,8,10,0.64,2,11,359,2147,18,233,1
735,23,310,170,16,22,0.78,7,65,486,2155,-4,-256,1
735,24,278,177,8,10,0.66,2,12,360,2172,17,234,1
736,23,310,169,16,21,0.65,7,66,485,2131,-4,-255,1
736,24,278,178,8,10,0.66,2,13,361,2197,17,236,1
737,23,310,170,14,20,0.62,7,67,485,2107,-4,-255,1
737,24,278,178,8,10,0.66,2,14,362,2217,16,233,1
738,23,310,169,14,20,0.61,7,68,485,2083,-4,-255,1
738,24,277,180,10,10,0.78,2,15,363,2244,16,236,1
739,23,310,169,14,20,0.61,7,69,484,2060,-4,-255,1
739,24,277,180,10,11,0.77,2,16,365,2271,15,238,1
740,23,310,170,12,18,0.54,7,70,484,2036,-4,-254,1
740,24,277,181,10,11,0.80,2,17,366,2298,15,240,1
741,23,310,167,12,20,0.62,7,71,483,2012,-4,-254,1
741,24,278,182,8,10,0.82,2,18,367,2319,15,238,1
742,23,310,167,12,20,0.59,7,72,483,1989,-4,-254,1
742,24,278,184,8,10,0.81,2,19,368,2346,14,240,1
743,23,310,167,12,20,0.57,7,73,482,1966,-4,-253,1
743,24,278,184,8,10,0.81,2,20,369,2368,14,239,1
744,23,309,166,12,18,0.50,7,74,482,1942,-4,-253,1
744,24,277,184,10,12,0.80,2,21,370,2394,14,240,1
745,23,308,166,12,18,0.51,7,75,481,1918,-4,-253,1
745,24,277,185,10,11,0.83,2,22,371,2416,14,239,1
746,23,308,167,12,16,0.63,7,76,481,1894,-4,-253,1
746,24,277,186,10,11,0.79,2,23,372,2438,13,238,1
747,23,308,166,12,17,0.48,7,77,480,1870,-4,-253,1
747,24,277,187,10,12,0.82,2,24,373,2463,13,239,1
748,23,308,166,12,16,0.44,7,78,480,1846,-4,-252,1
748,24,276,188,12,12,0.83,2,25,374,2487,13,239,1
749,23,306,165,12,16,0.37,7,79,479,1822,-4,-252,1
749,24,276,190,12,11,0.79,2,26,375,2511,13,239,1
750,23,306,163,12,18,0.68,7,80,479,1799,-4,-252,1
750,24,275,191,12,12,0.82,2,27,376,2538,13,240,1
751,23,306,163,12,17,0.72,7,81,478,1775,-4,-252,1
751,24,275,192,12,12,0.83,2,28,377,2563,12,240,1
752,23,304,162,12,17,0.58,7,82,478,1751,-4,-252,1
752,24,274,192,12,13,0.78,2,29,378,2587,12,240,1
753,23,305,162,12,16,0.36,7,83,477,1727,-4,-252,1
753,24,274,193,12,14,0.79,2,30,379,2613,12,241,1
754,23,304,162,12,16,0.50,7,84,476,1703,-4,-251,1
754,24,274,194,12,15,0.81,2,31,379,2640,11,242,1
755,23,304,162,12,16,0.42,7,85,476,1680,-4,-251,1
755,24,274,196,12,14,0.81,2,32,380,2665,11,242,1
756,23,304,162,12,16,0.45,7,86,475,1656,-5,-251,1
756,24,274,198,12,14,0.84,2,33,381,2692,11,243,1
757,23,303,162,12,15,0.46,7,87,474,1633,-5,-251,1
757,24,274,199,12,14,0.84,2,34,382,2717,11,243,1
758,23,302,162,12,14,0.28,7,88,474,1609,-5,-251,1
758,24,272,200,12,15,0.84,2,35,383,2742,11,244,1
759,23,302,160,12,15,0.53,7,89,473,1585,-5,-250,1
759,24,271,202,14,15,0.85,2,36,383,2769,10,244,1
760,23,303,160,10,15,0.50,7,90,472,1562,-5,-250,1
760,24,272,204,12,15,0.85,2,37,384,2795,10,245,1
761,23,302,160,12,14,0.36,7,91,472,1538,-5,-250,1
761,24,270,207,14,14,0.85,2,38,385,2821,10,245,1
762,23,302,160,12,14,0.36,7,92,471,1514,-5,-250,1
762,24,270,207,14,16,0.85,2,39,385,2847,10,246,1
763,23,302,160,12,14,0.36,7,93,470,1491,-5,-250,1
763,24,270,209,12,16,0.85,2,40,386,2873,10,246,1
764,23,301,160,12,14,0.30,7,94,469,1468,-5,-250,1
764,24,268,212,16,16,0.86,2,41,386,2900,9,247,1
765,23,300,160,12,14,0.17,7,95,469,1445,-5,-249,1
765,24,268,214,16,17,0.86,2,42,387,2928,9,247,1
766,23,300,158,12,15,0.61,7,96,468,1422,-5,-249,1
766,24,266,217,16,17,0.84,2,43,387,2957,9,248,1
767,23,299,158,12,14,0.42,7,97,467,1398,-5,-249,1
767,24,266,218,16,18,0.84,2,44,388,2984,9,249,1
768,23,298,158,12,14,0.33,7,98,466,1375,-5,-249,1
768,24,264,223,16,16,0.84,2,45,388,3012,9,250,1
769,23,298,157,12,14,0.27,7,99,465,1352,-5,-249,1
769,24,264,224,16,18,0.85,2,46,389,3040,8,250,1
770,23,298,157,12,14,0.13,7,100,464,1329,-5,-248,1
770,24,263,228,16,18,0.85,2,47,389,3068,8,251,1
771,23,298,157,12,14,0.13,7,101,464,1306,-5,-248,1
771,24,262,230,16,19,0.85,2,48,389,3097,8,252,1
772,24,262,233,16,20,0.86,2,49,390,3125,8,252,1
773,24,260,237,16,20,0.87,2,50,390,3154,8,253,1
774,24,260,242,16,21,0.85,2,51,390,3184,8,254,1
775,24,258,244,18,21,0.88,2,52,391,3212,7,255,1
776,24,256,249,18,24,0.87,2,53,391,3243,7,256,1
777,24,254,254,20,23,0.88,2,54,391,3273,7,256,1
778,24,253,259,20,26,0.89,2,55,391,3304,7,258,1
779,24,251,262,22,28,0.87,2,56,392,3334,7,258,1
780,24,250,271,20,28,0.88,2,57,392,3366,7,260,1
781,24,248,275,22,30,0.90,2,58,392,3397,7,260,1
782,24,245,284,24,32,0.90,2,59,392,3430,7,261,1
783,24,244,290,24,34,0.90,2,60,393,3461,7,262,1
784,24,240,301,26,37,0.89,2,61,393,3495,6,264,1
785,24,237,309,28,38,0.89,2,62,393,3527,6,265,1
786,24,233,322,30,43,0.91,2,63,394,3561,6,266,1
787,24,230,332,32,45,0.90,2,64,394,3593,6,267,1
788,24,225,350,34,50,0.90,2,65,394,3626,6,268,1
789,24,221,363,36,55,0.90,2,66,395,3658,6,269,1
806,25,265,162,12,16,0.40,7,1,318,1893,0,200,1
807,25,266,162,12,16,0.41,7,2,318,1911,38,187,1
808,25,266,162,12,18,0.56,7,3,319,1936,32,219,1
809,25,266,162,12,18,0.55,7,4,320,1960,27,225,1
810,25,268,162,12,17,0.42,7,5,321,1964,30,178,1
811,25,268,163,12,16,0.22,7,6,322,1963,28,140,1
812,25,268,166,10,14,0.24,7,7,323,1972,24,132,1
815,25,270,169,8,12,0.15,7,8,327,2004,21,124,1
818,25,268,162,12,20,0.19,7,9,331,2036,18,120,1
819,25,266,162,12,22,0.42,7,10,332,2068,15,135,1
820,25,266,165,12,20,0.68,7,11,333,2097,14,146,1
821,25,266,163,12,22,0.71,7,12,334,2116,13,149,1
822,25,264,163,12,24,0.74,7,13,334,2147,12,159,1
823,25,264,164,12,24,0.69,7,14,335,2176,11,167,1
824,25,264,166,12,22,0.78,7,15,335,2198,11,170,1
825,25,264,165,14,24,0.81,7,16,335,2221,10,173,1
826,25,262,163,16,26,0.83,7,17,336,2240,10,174,1
827,25,262,164,16,25,0.84,7,18,336,2255,10,173,1
828,25,263,167,14,23,0.60,7,19,337,2273,9,173,1
829,25,264,168,12,23,0.81,7,20,337,2291,9,173,1
830,25,264,166,12,26,0.76,7,21,337,2311,9,174,1
831,25,264,171,12,22,0.79,7,22,338,2331,9,175,1
832,25,264,172,12,22,0.81,7,23,338,2352,9,177,1
833,25,262,169,14,26,0.80,7,24,339,2373,9,178,1
834,25,262,172,14,24,0.80,7,25,339,2395,9,179,1
835,25,262,172,14,24,0.80,7,26,340,2413,9,180,1
836,25,260,168,16,29,0.82,7,27,340,2433,9,180,1
837,25,261,174,14,24,0.82,7,28,341,2452,8,181,1
838,25,260,171,16,28,0.82,7,29,342,2472,8,181,1
839,25,260,171,16,28,0.82,7,30,342,2489,8,181,1
840,25,260,177,14,24,0.83,7,31,343,2509,8,181,1
841,25,260,177,14,24,0.85,7,32,343,2527,8,181,1
842,25,258,175,16,28,0.85,7,33,344,2547,8,182,1
843,25,258,175,16,29,0.85,7,34,344,2567,8,182,1
844,25,257,178,16,28,0.85,7,35,345,2590,8,183,1
845,25,257,178,16,29,0.84,7,36,345,2611,7,184,1
846,25,256,178,16,30,0.83,7,37,345,2632,7,185,1
847,25,256,179,16,30,0.83,7,38,346,2653,7,185,1
848,25,255,176,18,34,0.83,7,39,346,2673,7,186,1
849,25,256,176,16,36,0.84,7,40,347,2694,7,186,1
850,25,254,175,18,38,0.85,7,41,347,2715,7,187,1
851,25,253,176,18,38,0.86,7,42,348,2735,7,187,1
852,25,253,175,18,40,0.85,7,43,348,2754,7,187,1
853,25,252,176,20,40,0.84,7,44,348,2773,7,187,1
854,25,250,178,20,41,0.86,7,45,349,2794,7,188,1
855,25,250,178,20,41,0.86,7,46,349,2814,7,188,1
856,25,250,178,20,43,0.87,7,47,350,2833,6,188,1
857,25,248,178,22,44,0.87,7,48,350,2852,6,188,1
858,25,246,179,24,46,0.88,7,49,350,2873,6,189,1
859,25,246,180,24,46,0.88,7,50,351,2893,6,189,1
860,25,244,179,24,49,0.89,7,51,351,2913,6,189,1
861,25,243,180,26,50,0.88,7,52,351,2933,6,189,1
862,25,242,180,28,51,0.88,7,53,352,2952,6,189,1
863,25,240,181,28,52,0.88,7,54,352,2972,6,189,1
864,25,239,182,28,54,0.88,7,55,352,2992,6,190,1
865,25,238,183,28,54,0.88,7,56,353,3012,6,190,1
866,25,238,184,28,54,0.88,7,57,353,3031,6,190,1
867,25,236,184,28,57,0.88,7,58,353,3050,6,190,1
868,25,236,185,28,58,0.89,7,59,354,3069,6,190,1
869,25,234,186,30,60,0.90,7,60,354,3089,6,190,1
870,25,232,186,32,61,0.89,7,61,354,3108,5,190,1
871,25,230,188,32,63,0.88,7,62,355,3128,5,190,1
872,25,228,190,34,64,0.90,7,63,355,3148,5,190,1
873,25,227,191,34,66,0.90,7,64,355,3168,5,190,1
874,25,226,192,36,68,0.90,7,65,355,3188,5,191,1
875,25,223,192,38,72,0.90,7,66,356,3208,5,191,1
875,26,379,342,106,178,0.91,7,1,511,3799,0,-200,1
876,25,220,194,40,74,0.89,7,67,356,3229,5,191,1
876,26,370,323,92,155,0.93,7,2,511,3763,-21,-358,1
877,25,220,195,40,76,0.89,7,68,356,3249,5,191,1
877,26,366,312,84,142,0.93,7,3,510,3731,-12,-337,1
878,25,218,196,40,80,0.89,7,69,356,3270,5,191,1
878,26,361,300,76,124,0.93,7,4,510,3695,-8,-346,1
879,25,215,198,42,81,0.90,7,70,357,3291,5,192,1
879,26,358,292,72,116,0.93,7,5,510,3664,-6,-336,1
880,25,212,200,44,84,0.91,7,71,357,3312,5,192,1
880,26,352,281,64,104,0.93,7,6,509,3630,-8,-338,1
881,25,211,201,44,88,0.91,7,72,357,3333,5,192,1
881,26,351,275,60,97,0.91,7,7,509,3598,-7,-334,1
882,25,206,203,48,92,0.90,7,73,358,3354,5,192,1
882,26,346,266,56,90,0.90,7,8,509,3565,-7,-333,1
883,25,205,205,48,94,0.90,7,74,358,3375,5,193,1
883,26,346,261,52,84,0.85,7,9,508,3533,-7,-331,1
884,25,202,208,50,98,0.90,7,75,358,3397,5,193,1
884,26,344,254,46,78,0.89,7,10,508,3501,-7,-331,1
885,25,198,209,52,102,0.91,7,76,358,3418,5,193,1
885,26,342,250,44,74,0.92,7,11,508,3470,-7,-329,1
886,25,194,211,56,108,0.92,7,77,359,3440,5,194,1
886,26,339,244,42,68,0.91,7,12,507,3436,-7,-329,1
887,25,191,213,58,112,0.92,7,78,359,3462,5,194,1
887,26,338,240,40,66,0.88,7,13,507,3405,-6,-328,1
888,25,186,216,60,118,0.91,7,79,359,3484,5,194,1
888,26,336,235,38,62,0.77,7,14,506,3373,-6,-327,1
889,25,182,218,64,124,0.92,7,80,360,3506,5,195,1
889,26,335,232,36,59,0.62,7,15,506,3342,-6,-326,1
890,25,176,222,68,131,0.92,7,81,360,3529,5,195,1
890,26,334,228,34,55,0.62,7,16,505,3310,-6,-326,1
891,25,172,224,72,138,0.92,7,82,360,3551,5,195,1
891,26,334,226,32,54,0.86,2,17,505,3280,-6,-324,1
892,25,166,227,74,148,0.93,7,83,361,3574,5,196,1
892,26,331,221,32,52,0.67,2,18,504,3248,-6,-323,1
893,25,160,230,80,156,0.93,7,84,361,3597,5,196,1
893,26,330,219,32,50,0.81,2,19,504,3218,-6,-322,1
894,25,150,233,88,169,0.92,7,85,361,3620,5,197,1
894,26,329,215,28,48,0.79,2,20,503,3187,-6,-322,1
895,25,144,236,92,178,0.92,7,86,362,3643,5,197,1
895,26,328,214,28,46,0.76,2,21,503,3157,-6,-320,1
896,25,133,241,100,196,0.92,7,87,362,3667,5,197,1
896,26,326,210,28,44,0.61,2,22,502,3126,-6,-320,1
897,25,124,245,106,206,0.92,7,88,363,3690,5,198,1
897,26,326,208,28,44,0.82,2,23,502,3096,-6,-319,1
898,25,110,248,116,230,0.94,7,89,363,3716,5,198,1
898,26,326,207,24,39,0.74,2,24,501,3064,-6,-319,1
899,25,102,255,122,246,0.94,7,90,364,3741,5,199,1
899,26,325,205,24,38,0.79,2,25,501,3033,-6,-319,1
900,26,324,203,24,37,0.84,2,26,500,3003,-6,-318,1
901,26,324,202,22,36,0.80,2,27,500,2973,-6,-317,1
