1,-1,0,272,220,262,0.96,7,-1,-1
1,-1,403,304,45,58,0.95,2,-1,-1
1,-1,291,101,24,36,0.91,7,-1,-1
2,-1,0,294,207,242,0.96,7,-1,-1
2,-1,398,282,40,53,0.95,2,-1,-1
2,-1,289,101,26,37,0.91,7,-1,-1
3,-1,0,312,197,223,0.96,7,-1,-1
3,-1,394,267,38,50,0.94,2,-1,-1
3,-1,288,103,26,38,0.91,7,-1,-1
4,-1,0,346,182,191,0.96,7,-1,-1
4,-1,391,248,36,48,0.94,2,-1,-1
4,-1,287,105,26,38,0.91,7,-1,-1
5,-1,0,374,164,161,0.96,7,-1,-1
5,-1,388,240,36,44,0.94,2,-1,-1
5,-1,286,106,26,38,0.92,7,-1,-1
6,-1,0,425,137,110,0.94,7,-1,-1
6,-1,385,226,33,42,0.93,2,-1,-1
6,-1,285,108,27,40,0.92,7,-1,-1
7,-1,284,110,27,40,0.93,7,-1,-1
7,-1,383,218,31,40,0.92,2,-1,-1
8,-1,381,204,29,41,0.93,2,-1,-1
8,-1,282,112,28,41,0.92,7,-1,-1
9,-1,379,200,28,36,0.93,2,-1,-1
9,-1,281,113,29,41,0.91,7,-1,-1
10,-1,378,191,27,33,0.93,2,-1,-1
10,-1,279,115,29,42,0.92,7,-1,-1
11,-1,278,117,30,43,0.93,7,-1,-1
11,-1,376,187,26,32,0.92,2,-1,-1
12,-1,276,119,31,44,0.94,7,-1,-1
12,-1,375,178,25,32,0.92,2,-1,-1
13,-1,276,120,32,46,0.93,7,-1,-1
13,-1,373,173,25,30,0.90,2,-1,-1
14,-1,273,123,33,47,0.93,7,-1,-1
14,-1,371,166,24,30,0.92,2,-1,-1
15,-1,272,126,33,47,0.94,7,-1,-1
15,-1,370,162,24,29,0.93,2,-1,-1
16,-1,270,129,34,49,0.92,7,-1,-1
16,-1,368,158,23,26,0.91,2,-1,-1
17,-1,268,130,35,51,0.92,7,-1,-1
17,-1,367,154,22,26,0.90,2,-1,-1
18,-1,265,134,38,53,0.93,7,-1,-1
18,-1,367,150,21,24,0.90,2,-1,-1
19,-1,264,136,38,53,0.93,7,-1,-1
19,-1,365,147,21,24,0.90,2,-1,-1
20,-1,261,138,40,57,0.93,7,-1,-1
20,-1,364,142,21,23,0.90,2,-1,-1
21,-1,260,140,41,59,0.93,7,-1,-1
21,-1,364,140,20,22,0.90,2,-1,-1
22,-1,257,144,42,61,0.94,7,-1,-1
22,-1,363,136,19,21,0.90,2,-1,-1
23,-1,254,146,43,63,0.95,7,-1,-1
23,-1,363,134,18,21,0.89,2,-1,-1
24,-1,251,150,46,67,0.94,7,-1,-1
24,-1,362,130,18,21,0.90,2,-1,-1
25,-1,249,152,46,69,0.94,7,-1,-1
25,-1,361,127,18,22,0.89,2,-1,-1
26,-1,244,157,49,73,0.95,7,-1,-1
26,-1,361,124,17,20,0.90,2,-1,-1
27,-1,241,161,51,75,0.94,7,-1,-1
27,-1,360,123,17,19,0.90,2,-1,-1
28,-1,236,166,54,80,0.94,7,-1,-1
28,-1,360,120,17,19,0.90,2,-1,-1
29,-1,232,169,57,84,0.94,7,-1,-1
29,-1,360,118,16,19,0.91,2,-1,-1
30,-1,227,175,60,89,0.95,7,-1,-1
30,-1,359,116,16,18,0.90,2,-1,-1
31,-1,223,179,63,94,0.95,7,-1,-1
31,-1,359,114,16,17,0.90,2,-1,-1
32,-1,215,186,67,100,0.96,7,-1,-1
32,-1,359,113,15,17,0.90,2,-1,-1
33,-1,211,190,70,106,0.96,7,-1,-1
33,-1,359,111,15,17,0.89,2,-1,-1
34,-1,202,198,75,116,0.96,7,-1,-1
34,-1,358,108,15,17,0.90,2,-1,-1
35,-1,196,203,79,123,0.95,7,-1,-1
35,-1,358,107,14,17,0.90,2,-1,-1
36,-1,185,213,85,135,0.95,7,-1,-1
36,-1,357,105,14,16,0.88,2,-1,-1
37,-1,177,219,91,147,0.96,7,-1,-1
37,-1,357,104,15,16,0.88,2,-1,-1
38,-1,163,230,101,163,0.95,7,-1,-1
38,-1,357,102,14,15,0.89,2,-1,-1
39,-1,152,237,108,177,0.96,7,-1,-1
39,-1,357,101,14,15,0.89,2,-1,-1
40,-1,133,249,123,202,0.95,7,-1,-1
40,-1,357,103,13,13,0.86,2,-1,-1
41,-1,118,259,135,222,0.95,7,-1,-1
41,-1,357,102,13,12,0.86,2,-1,-1
42,-1,91,274,156,260,0.94,7,-1,-1
42,-1,357,98,13,14,0.82,2,-1,-1
43,-1,68,287,175,250,0.94,7,-1,-1
43,-1,356,96,13,15,0.82,2,-1,-1
44,-1,24,307,211,230,0.94,7,-1,-1
44,-1,357,95,13,14,0.85,2,-1,-1
45,-1,6,320,222,217,0.95,7,-1,-1
45,-1,356,95,13,14,0.84,2,-1,-1
46,-1,4,347,214,189,0.94,7,-1,-1
46,-1,356,94,12,13,0.80,2,-1,-1
47,-1,9,371,202,167,0.89,7,-1,-1
47,-1,356,93,12,13,0.82,2,-1,-1
48,-1,4,406,193,131,0.83,7,-1,-1
48,-1,355,92,12,13,0.80,2,-1,-1
49,-1,355,91,12,13,0.81,2,-1,-1
49,-1,71,437,114,101,0.63,2,-1,-1
50,-1,48,488,120,51,0.82,7,-1,-1
50,-1,355,89,12,13,0.80,2,-1,-1
51,-1,355,89,11,12,0.78,2,-1,-1
52,-1,355,88,12,12,0.79,2,-1,-1
53,-1,355,89,12,11,0.74,2,-1,-1
54,-1,355,87,11,11,0.68,2,-1,-1
55,-1,355,86,11,11,0.58,2,-1,-1
56,-1,354,85,11,11,0.69,2,-1,-1
57,-1,355,85,10,11,0.15,2,-1,-1
58,-1,354,83,10,11,0.67,2,-1,-1
59,-1,354,83,10,11,0.66,2,-1,-1
61,-1,355,82,9,9,0.42,2,-1,-1
62,-1,355,82,9,9,0.43,2,-1,-1
64,-1,355,82,9,8,0.39,2,-1,-1
65,-1,355,81,9,8,0.37,2,-1,-1
68,-1,356,79,9,9,0.49,2,-1,-1
69,-1,356,79,9,9,0.50,2,-1,-1
71,-1,357,77,9,9,0.12,2,-1,-1
74,-1,358,76,9,8,0.11,2,-1,-1
86,-1,329,67,10,15,0.39,7,-1,-1
87,-1,328,68,10,15,0.37,7,-1,-1
88,-1,328,68,10,15,0.36,7,-1,-1
89,-1,328,68,10,14,0.32,7,-1,-1
90,-1,327,69,10,14,0.28,7,-1,-1
91,-1,327,68,10,15,0.34,7,-1,-1
92,-1,326,68,11,16,0.67,7,-1,-1
93,-1,326,68,11,16,0.60,7,-1,-1
94,-1,326,68,12,17,0.57,7,-1,-1
95,-1,326,68,12,17,0.54,7,-1,-1
96,-1,325,69,11,17,0.59,7,-1,-1
97,-1,325,68,12,17,0.72,7,-1,-1
98,-1,325,68,11,17,0.71,7,-1,-1
98,-1,347,50,15,22,0.24,7,-1,-1
99,-1,324,69,11,17,0.62,7,-1,-1
100,-1,324,69,11,17,0.62,7,-1,-1
100,-1,346,49,15,23,0.36,7,-1,-1
101,-1,324,69,13,18,0.64,7,-1,-1
101,-1,346,49,15,23,0.25,7,-1,-1
102,-1,323,70,13,19,0.38,7,-1,-1
103,-1,321,71,12,19,0.42,7,-1,-1
104,-1,321,71,12,19,0.74,7,-1,-1
105,-1,320,71,12,19,0.73,7,-1,-1
106,-1,320,72,12,19,0.72,7,-1,-1
107,-1,320,72,12,19,0.77,7,-1,-1
107,-1,342,53,15,21,0.15,7,-1,-1
108,-1,319,72,12,19,0.74,7,-1,-1
108,-1,341,53,15,20,0.46,7,-1,-1
109,-1,319,73,12,19,0.76,7,-1,-1
109,-1,340,54,15,21,0.40,7,-1,-1
110,-1,319,73,12,20,0.79,7,-1,-1
110,-1,340,54,14,21,0.57,7,-1,-1
111,-1,318,73,12,20,0.78,7,-1,-1
111,-1,339,54,15,21,0.54,7,-1,-1
112,-1,318,74,12,20,0.77,7,-1,-1
112,-1,338,54,15,21,0.47,7,-1,-1
113,-1,317,74,12,20,0.75,7,-1,-1
113,-1,338,55,15,20,0.34,7,-1,-1
114,-1,317,75,12,20,0.80,7,-1,-1
114,-1,337,55,15,21,0.60,7,-1,-1
115,-1,317,75,12,20,0.80,7,-1,-1
115,-1,337,55,15,21,0.58,7,-1,-1
116,-1,315,75,13,20,0.82,7,-1,-1
116,-1,336,55,16,21,0.68,7,-1,-1
117,-1,315,76,13,20,0.82,7,-1,-1
117,-1,335,55,15,21,0.76,7,-1,-1
118,-1,315,76,12,20,0.82,7,-1,-1
118,-1,335,55,15,21,0.75,7,-1,-1
119,-1,314,77,13,20,0.81,7,-1,-1
119,-1,334,56,16,21,0.74,7,-1,-1
120,-1,313,77,13,21,0.84,7,-1,-1
120,-1,333,56,16,21,0.81,7,-1,-1
121,-1,313,77,13,21,0.84,7,-1,-1
121,-1,333,56,16,21,0.80,7,-1,-1
122,-1,332,56,16,22,0.85,7,-1,-1
122,-1,312,78,14,21,0.85,7,-1,-1
123,-1,312,78,14,21,0.84,7,-1,-1
123,-1,332,56,16,22,0.82,7,-1,-1
124,-1,311,79,14,21,0.82,7,-1,-1
124,-1,331,56,16,22,0.80,7,-1,-1
125,-1,331,56,16,22,0.81,7,-1,-1
125,-1,311,79,13,21,0.81,7,-1,-1
126,-1,330,57,16,22,0.84,7,-1,-1
126,-1,311,79,13,22,0.83,7,-1,-1
127,-1,309,80,14,23,0.82,7,-1,-1
127,-1,329,57,16,23,0.80,7,-1,-1
128,-1,309,81,14,23,0.84,7,-1,-1
128,-1,329,58,16,24,0.83,7,-1,-1
129,-1,309,80,15,24,0.84,7,-1,-1
129,-1,329,57,16,24,0.82,7,-1,-1
130,-1,308,81,15,25,0.84,7,-1,-1
130,-1,328,58,16,24,0.82,7,-1,-1
131,-1,308,81,15,24,0.86,7,-1,-1
131,-1,327,58,16,24,0.82,7,-1,-1
132,-1,307,82,15,24,0.86,7,-1,-1
132,-1,327,58,16,24,0.84,7,-1,-1
133,-1,326,58,16,25,0.87,7,-1,-1
133,-1,306,83,16,24,0.86,7,-1,-1
134,-1,326,58,16,25,0.87,7,-1,-1
134,-1,305,83,16,25,0.87,7,-1,-1
135,-1,325,59,17,24,0.87,7,-1,-1
135,-1,305,84,16,25,0.87,7,-1,-1
136,-1,304,85,16,25,0.87,7,-1,-1
136,-1,324,59,17,25,0.86,7,-1,-1
137,-1,304,85,16,26,0.88,7,-1,-1
137,-1,324,59,17,26,0.85,7,-1,-1
138,-1,304,87,17,25,0.86,7,-1,-1
138,-1,323,59,17,26,0.86,7,-1,-1
139,-1,303,86,17,27,0.86,7,-1,-1
139,-1,323,59,17,26,0.85,7,-1,-1
140,-1,303,86,18,28,0.87,7,-1,-1
140,-1,323,60,17,26,0.85,7,-1,-1
141,-1,302,87,18,28,0.87,7,-1,-1
141,-1,321,60,17,27,0.85,7,-1,-1
142,-1,301,88,18,28,0.87,7,-1,-1
142,-1,321,60,17,27,0.85,7,-1,-1
143,-1,301,88,18,28,0.86,7,-1,-1
143,-1,321,60,17,27,0.85,7,-1,-1
144,-1,300,89,18,29,0.86,7,-1,-1
144,-1,320,61,17,28,0.86,7,-1,-1
145,-1,300,90,18,29,0.87,7,-1,-1
145,-1,320,61,18,28,0.86,7,-1,-1
146,-1,318,61,18,28,0.88,7,-1,-1
146,-1,299,91,19,30,0.87,7,-1,-1
147,-1,318,61,18,28,0.88,7,-1,-1
147,-1,298,91,19,30,0.87,7,-1,-1
148,-1,318,61,18,29,0.87,7,-1,-1
148,-1,297,92,20,31,0.86,7,-1,-1
149,-1,297,93,20,31,0.88,7,-1,-1
149,-1,317,61,19,29,0.86,7,-1,-1
150,-1,296,94,20,31,0.88,7,-1,-1
150,-1,317,62,18,30,0.87,7,-1,-1
151,-1,296,94,20,32,0.90,7,-1,-1
151,-1,316,62,18,30,0.87,7,-1,-1
152,-1,295,97,19,31,0.89,7,-1,-1
152,-1,316,62,19,30,0.87,7,-1,-1
153,-1,295,97,19,31,0.89,7,-1,-1
153,-1,315,63,18,30,0.87,7,-1,-1
154,-1,314,63,18,31,0.88,7,-1,-1
154,-1,294,99,20,32,0.88,7,-1,-1
155,-1,294,100,20,32,0.89,7,-1,-1
155,-1,314,64,19,31,0.88,7,-1,-1
156,-1,313,64,19,32,0.89,7,-1,-1
156,-1,292,101,21,31,0.89,7,-1,-1
157,-1,313,64,19,32,0.90,7,-1,-1
157,-1,292,102,20,32,0.89,7,-1,-1
158,-1,312,65,20,33,0.91,7,-1,-1
158,-1,291,104,21,32,0.90,7,-1,-1
159,-1,291,104,21,33,0.91,7,-1,-1
159,-1,312,65,20,33,0.90,7,-1,-1
160,-1,290,106,21,34,0.90,7,-1,-1
160,-1,311,65,20,34,0.90,7,-1,-1
161,-1,289,106,21,34,0.90,7,-1,-1
161,-1,310,65,20,34,0.90,7,-1,-1
162,-1,310,66,21,35,0.90,7,-1,-1
162,-1,288,108,22,34,0.90,7,-1,-1
163,-1,287,109,22,35,0.91,7,-1,-1
163,-1,309,66,21,34,0.90,7,-1,-1
164,-1,308,67,21,35,0.91,7,-1,-1
164,-1,287,109,23,37,0.91,7,-1,-1
165,-1,308,67,21,35,0.91,7,-1,-1
165,-1,286,111,23,36,0.90,7,-1,-1
166,-1,307,67,21,36,0.91,7,-1,-1
166,-1,285,113,24,37,0.91,7,-1,-1
167,-1,284,113,24,38,0.91,7,-1,-1
167,-1,306,67,22,37,0.90,7,-1,-1
168,-1,283,114,25,39,0.91,7,-1,-1
168,-1,305,68,22,38,0.90,7,-1,-1
169,-1,282,116,25,39,0.92,7,-1,-1
169,-1,305,68,22,38,0.90,7,-1,-1
170,-1,281,117,26,41,0.92,7,-1,-1
170,-1,304,68,22,39,0.91,7,-1,-1
171,-1,280,119,26,40,0.93,7,-1,-1
171,-1,304,68,22,39,0.90,7,-1,-1
172,-1,279,121,26,42,0.92,7,-1,-1
172,-1,303,69,23,40,0.91,7,-1,-1
173,-1,278,121,27,44,0.93,7,-1,-1
173,-1,303,69,23,40,0.92,7,-1,-1
174,-1,277,124,27,44,0.93,7,-1,-1
174,-1,302,70,23,41,0.92,7,-1,-1
175,-1,276,125,28,44,0.95,7,-1,-1
175,-1,301,70,23,42,0.93,7,-1,-1
176,-1,301,71,23,43,0.93,7,-1,-1
176,-1,275,128,28,46,0.92,7,-1,-1
177,-1,274,129,28,47,0.93,7,-1,-1
177,-1,300,71,23,42,0.93,7,-1,-1
178,-1,299,72,24,43,0.93,7,-1,-1
178,-1,272,131,29,49,0.92,7,-1,-1
179,-1,271,132,29,49,0.92,7,-1,-1
179,-1,299,73,24,44,0.92,7,-1,-1
180,-1,269,134,30,52,0.93,7,-1,-1
180,-1,298,73,25,44,0.92,7,-1,-1
181,-1,267,136,31,53,0.94,7,-1,-1
181,-1,298,74,25,45,0.92,7,-1,-1
182,-1,297,75,25,45,0.93,7,-1,-1
182,-1,266,139,31,54,0.92,7,-1,-1
183,-1,296,75,25,45,0.94,7,-1,-1
183,-1,265,142,32,53,0.93,7,-1,-1
184,-1,295,76,26,47,0.93,7,-1,-1
184,-1,263,145,32,56,0.93,7,-1,-1
185,-1,295,76,26,47,0.94,7,-1,-1
185,-1,261,147,33,57,0.94,7,-1,-1
186,-1,294,77,27,48,0.95,7,-1,-1
186,-1,259,149,35,59,0.93,7,-1,-1
187,-1,294,77,26,49,0.94,7,-1,-1
187,-1,258,152,35,60,0.93,7,-1,-1
188,-1,255,154,36,64,0.94,7,-1,-1
188,-1,293,79,26,49,0.93,7,-1,-1
189,-1,253,157,38,65,0.94,7,-1,-1
189,-1,292,79,26,50,0.91,7,-1,-1
190,-1,250,161,39,68,0.94,7,-1,-1
190,-1,292,80,27,51,0.91,7,-1,-1
191,-1,248,166,39,68,0.94,7,-1,-1
191,-1,292,81,26,51,0.92,7,-1,-1
192,-1,244,170,41,71,0.94,7,-1,-1
192,-1,290,81,27,53,0.93,7,-1,-1
193,-1,290,82,28,54,0.94,7,-1,-1
193,-1,242,174,42,73,0.94,7,-1,-1
194,-1,238,179,44,77,0.95,7,-1,-1
194,-1,289,84,29,55,0.94,7,-1,-1
195,-1,235,182,45,80,0.96,7,-1,-1
195,-1,289,84,29,56,0.94,7,-1,-1
196,-1,230,189,47,83,0.95,7,-1,-1
196,-1,287,85,30,57,0.94,7,-1,-1
197,-1,227,194,49,85,0.95,7,-1,-1
197,-1,287,86,29,58,0.94,7,-1,-1
198,-1,222,201,50,89,0.95,7,-1,-1
198,-1,286,87,31,60,0.94,7,-1,-1
199,-1,218,205,53,93,0.95,7,-1,-1
199,-1,285,88,30,60,0.93,7,-1,-1
200,-1,211,213,57,98,0.96,7,-1,-1
200,-1,284,88,31,62,0.94,7,-1,-1
201,-1,206,220,59,102,0.96,7,-1,-1
201,-1,282,88,32,64,0.93,7,-1,-1
202,-1,198,228,62,110,0.95,7,-1,-1
202,-1,281,89,34,66,0.92,7,-1,-1
203,-1,193,235,64,116,0.96,7,-1,-1
203,-1,280,90,34,67,0.93,7,-1,-1
203,-1,520,509,85,29,0.81,2,-1,-1
204,-1,183,246,70,125,0.97,7,-1,-1
204,-1,497,445,84,92,0.95,2,-1,-1
204,-1,278,92,35,67,0.93,7,-1,-1
205,-1,176,254,73,131,0.96,7,-1,-1
205,-1,484,412,73,88,0.95,2,-1,-1
205,-1,277,93,35,69,0.94,7,-1,-1
206,-1,162,267,80,142,0.96,7,-1,-1
206,-1,469,369,61,74,0.95,2,-1,-1
206,-1,276,94,35,71,0.95,7,-1,-1
207,-1,154,278,85,150,0.96,7,-1,-1
207,-1,275,95,36,73,0.95,7,-1,-1
207,-1,459,347,55,66,0.95,2,-1,-1
208,-1,138,294,93,166,0.95,7,-1,-1
208,-1,273,96,38,75,0.95,7,-1,-1
208,-1,449,316,48,57,0.94,2,-1,-1
209,-1,126,306,99,178,0.96,7,-1,-1
209,-1,272,98,38,76,0.94,7,-1,-1
209,-1,441,299,47,51,0.94,2,-1,-1
210,-1,104,326,113,200,0.96,7,-1,-1
210,-1,270,99,39,79,0.95,7,-1,-1
210,-1,434,276,41,47,0.94,2,-1,-1
211,-1,88,342,123,196,0.97,7,-1,-1
211,-1,269,100,40,80,0.95,7,-1,-1
211,-1,430,262,38,44,0.94,2,-1,-1
212,-1,69,370,130,168,0.96,7,-1,-1
212,-1,267,101,41,84,0.95,7,-1,-1
212,-1,423,245,35,40,0.94,2,-1,-1
213,-1,266,103,41,85,0.94,7,-1,-1
213,-1,49,390,140,147,0.94,7,-1,-1
213,-1,419,235,34,38,0.94,2,-1,-1
214,-1,263,105,44,88,0.95,7,-1,-1
214,-1,7,427,166,111,0.94,7,-1,-1
214,-1,415,221,31,36,0.93,2,-1,-1
215,-1,261,106,44,90,0.95,7,-1,-1
215,-1,18,456,140,81,0.95,7,-1,-1
215,-1,412,213,29,34,0.93,2,-1,-1
216,-1,259,108,45,94,0.95,7,-1,-1
216,-1,408,202,28,33,0.92,2,-1,-1
216,-1,16,512,121,27,0.48,7,-1,-1
217,-1,257,109,46,96,0.95,7,-1,-1
217,-1,405,195,27,32,0.92,2,-1,-1
218,-1,254,111,49,100,0.95,7,-1,-1
218,-1,401,187,26,30,0.92,2,-1,-1
219,-1,253,113,49,102,0.95,7,-1,-1
219,-1,400,181,24,28,0.91,2,-1,-1
220,-1,249,115,52,107,0.95,7,-1,-1
220,-1,397,174,24,26,0.90,2,-1,-1
221,-1,247,117,54,110,0.95,7,-1,-1
221,-1,394,169,23,26,0.92,2,-1,-1
222,-1,243,119,56,115,0.96,7,-1,-1
222,-1,392,163,23,25,0.91,2,-1,-1
223,-1,240,121,58,119,0.96,7,-1,-1
223,-1,391,160,22,24,0.90,2,-1,-1
224,-1,236,124,61,124,0.95,7,-1,-1
224,-1,389,154,21,23,0.89,2,-1,-1
225,-1,233,126,63,130,0.95,7,-1,-1
225,-1,387,151,21,22,0.90,2,-1,-1
226,-1,228,129,66,137,0.95,7,-1,-1
226,-1,385,146,20,21,0.90,2,-1,-1
227,-1,226,131,67,142,0.96,7,-1,-1
227,-1,384,143,20,21,0.90,2,-1,-1
228,-1,220,135,71,149,0.95,7,-1,-1
228,-1,383,139,19,20,0.90,2,-1,-1
229,-1,215,137,75,156,0.95,7,-1,-1
229,-1,382,137,19,20,0.88,2,-1,-1
230,-1,209,140,80,165,0.94,7,-1,-1
230,-1,381,132,19,20,0.89,2,-1,-1
231,-1,205,143,83,175,0.95,7,-1,-1
231,-1,381,131,17,18,0.90,2,-1,-1
232,-1,196,149,89,186,0.95,7,-1,-1
232,-1,379,127,16,18,0.89,2,-1,-1
233,-1,189,151,94,199,0.95,7,-1,-1
233,-1,378,125,16,18,0.90,2,-1,-1
234,-1,180,156,100,215,0.95,7,-1,-1
234,-1,377,122,17,17,0.88,2,-1,-1
235,-1,173,159,106,227,0.95,7,-1,-1
235,-1,376,121,16,17,0.87,2,-1,-1
236,-1,161,165,114,250,0.96,7,-1,-1
236,-1,376,118,15,16,0.89,2,-1,-1
237,-1,151,169,121,267,0.96,7,-1,-1
237,-1,375,116,14,16,0.89,2,-1,-1
238,-1,132,176,138,296,0.96,7,-1,-1
238,-1,375,114,14,16,0.89,2,-1,-1
239,-1,120,180,146,321,0.96,7,-1,-1
239,-1,375,112,13,16,0.87,2,-1,-1
240,-1,93,188,165,348,0.94,7,-1,-1
240,-1,373,110,14,15,0.87,2,-1,-1
241,-1,72,194,183,342,0.95,7,-1,-1
241,-1,372,108,14,15,0.87,2,-1,-1
242,-1,55,203,200,335,0.96,7,-1,-1
242,-1,372,107,13,15,0.86,2,-1,-1
243,-1,33,212,216,325,0.96,7,-1,-1
243,-1,371,106,13,14,0.86,2,-1,-1
244,-1,0,223,243,313,0.97,7,-1,-1
244,-1,370,104,13,14,0.87,2,-1,-1
245,-1,0,233,240,303,0.96,7,-1,-1
245,-1,370,103,13,14,0.85,2,-1,-1
246,-1,0,250,230,285,0.96,7,-1,-1
246,-1,370,102,12,13,0.81,2,-1,-1
247,-1,0,261,223,273,0.96,7,-1,-1
247,-1,370,101,12,13,0.83,2,-1,-1
248,-1,0,284,214,251,0.96,7,-1,-1
248,-1,369,99,12,12,0.80,2,-1,-1
249,-1,0,300,202,236,0.96,7,-1,-1
249,-1,369,98,12,12,0.78,2,-1,-1
250,-1,0,328,191,207,0.96,7,-1,-1
250,-1,369,97,12,12,0.67,2,-1,-1
251,-1,0,349,181,186,0.96,7,-1,-1
251,-1,368,97,12,11,0.64,2,-1,-1
252,-1,0,390,161,146,0.96,7,-1,-1
252,-1,369,96,11,11,0.54,2,-1,-1
253,-1,0,424,144,112,0.94,7,-1,-1
253,-1,368,93,11,11,0.60,2,-1,-1
254,-1,368,92,11,11,0.59,2,-1,-1
255,-1,368,92,10,11,0.52,2,-1,-1
256,-1,367,90,11,11,0.61,2,-1,-1
257,-1,368,89,10,11,0.70,2,-1,-1
258,-1,367,88,11,11,0.69,2,-1,-1
259,-1,367,87,11,11,0.63,2,-1,-1
260,-1,367,86,10,11,0.47,2,-1,-1
261,-1,367,86,10,10,0.51,2,-1,-1
262,-1,367,85,10,10,0.34,2,-1,-1
264,-1,367,83,10,10,0.44,2,-1,-1
265,-1,367,83,10,10,0.44,2,-1,-1
266,-1,368,83,9,9,0.11,2,-1,-1
267,-1,367,82,9,9,0.10,2,-1,-1
268,-1,368,81,9,9,0.41,2,-1,-1
269,-1,368,81,9,9,0.24,2,-1,-1
270,-1,367,80,9,9,0.46,2,-1,-1
271,-1,367,80,9,8,0.46,2,-1,-1
272,-1,367,79,9,8,0.26,2,-1,-1
273,-1,368,78,9,9,0.23,2,-1,-1
274,-1,368,78,9,9,0.23,2,-1,-1
276,-1,368,76,9,9,0.24,2,-1,-1
277,-1,368,76,9,9,0.23,2,-1,-1
278,-1,368,76,9,9,0.20,2,-1,-1
321,-1,599,508,38,29,0.18,7,-1,-1
322,-1,548,441,87,96,0.94,7,-1,-1
323,-1,532,407,103,130,0.95,7,-1,-1
324,-1,510,364,124,173,0.96,7,-1,-1
325,-1,499,342,136,195,0.97,7,-1,-1
326,-1,484,313,150,222,0.97,7,-1,-1
327,-1,476,295,152,225,0.96,7,-1,-1
328,-1,464,275,130,207,0.97,7,-1,-1
329,-1,457,261,121,188,0.96,7,-1,-1
330,-1,449,245,107,171,0.95,7,-1,-1
331,-1,445,234,99,159,0.96,7,-1,-1
332,-1,439,222,89,145,0.96,7,-1,-1
333,-1,434,214,82,136,0.96,7,-1,-1
334,-1,430,203,75,125,0.96,7,-1,-1
335,-1,426,197,72,119,0.96,7,-1,-1
336,-1,422,187,66,112,0.96,7,-1,-1
337,-1,419,183,64,105,0.96,7,-1,-1
338,-1,416,175,59,100,0.96,7,-1,-1
339,-1,414,171,57,96,0.95,7,-1,-1
340,-1,410,165,55,89,0.95,7,-1,-1
341,-1,409,160,51,87,0.95,7,-1,-1
342,-1,406,155,49,82,0.95,7,-1,-1
343,-1,404,152,46,80,0.95,7,-1,-1
344,-1,402,147,44,76,0.95,7,-1,-1
345,-1,400,144,43,74,0.95,7,-1,-1
346,-1,399,140,41,71,0.95,7,-1,-1
347,-1,397,138,40,68,0.94,7,-1,-1
348,-1,395,134,38,66,0.95,7,-1,-1
349,-1,394,132,37,65,0.95,7,-1,-1
350,-1,392,128,36,63,0.94,7,-1,-1
351,-1,392,126,34,62,0.93,7,-1,-1
352,-1,390,123,33,60,0.93,7,-1,-1
353,-1,391,122,31,58,0.92,7,-1,-1
354,-1,389,119,30,56,0.93,7,-1,-1
355,-1,387,117,31,56,0.93,7,-1,-1
356,-1,386,115,30,54,0.93,7,-1,-1
357,-1,385,113,30,53,0.93,7,-1,-1
358,-1,384,111,28,51,0.92,7,-1,-1
359,-1,383,110,28,50,0.93,7,-1,-1
360,-1,382,108,26,49,0.91,7,-1,-1
361,-1,382,106,26,49,0.91,7,-1,-1
362,-1,380,104,26,47,0.91,7,-1,-1
363,-1,379,104,25,45,0.91,7,-1,-1
364,-1,378,102,24,45,0.91,7,-1,-1
365,-1,378,101,24,44,0.91,7,-1,-1
366,-1,378,99,22,42,0.90,7,-1,-1
366,-1,436,515,77,23,0.82,2,-1,-1
367,-1,427,472,78,66,0.92,2,-1,-1
367,-1,377,99,22,41,0.89,7,-1,-1
368,-1,416,418,64,91,0.94,2,-1,-1
368,-1,376,97,22,41,0.89,7,-1,-1
369,-1,411,388,58,81,0.95,2,-1,-1
369,-1,376,97,21,39,0.90,7,-1,-1
370,-1,403,349,52,69,0.95,2,-1,-1
370,-1,376,95,20,39,0.88,7,-1,-1
371,-1,399,327,48,63,0.94,2,-1,-1
371,-1,376,94,20,38,0.90,7,-1,-1
372,-1,396,300,41,56,0.95,2,-1,-1
372,-1,375,92,19,39,0.88,7,-1,-1
373,-1,391,284,39,51,0.94,2,-1,-1
373,-1,375,92,19,38,0.89,7,-1,-1
374,-1,387,262,36,48,0.94,2,-1,-1
374,-1,374,90,19,37,0.88,7,-1,-1
375,-1,384,244,35,44,0.93,2,-1,-1
375,-1,373,91,18,34,0.86,7,-1,-1
376,-1,382,235,34,41,0.93,2,-1,-1
376,-1,373,94,18,30,0.79,2,-1,-1
377,-1,380,226,31,39,0.91,2,-1,-1
377,-1,372,89,18,34,0.81,7,-1,-1
378,-1,378,214,27,36,0.93,2,-1,-1
378,-1,372,102,17,20,0.83,2,-1,-1
379,-1,377,206,27,35,0.94,2,-1,-1
379,-1,372,101,17,20,0.77,2,-1,-1
380,-1,375,197,26,32,0.93,2,-1,-1
380,-1,372,100,16,19,0.84,2,-1,-1
381,-1,373,190,26,32,0.93,2,-1,-1
381,-1,371,100,16,18,0.86,2,-1,-1
382,-1,372,182,23,30,0.93,2,-1,-1
382,-1,371,99,15,17,0.85,2,-1,-1
383,-1,371,177,23,29,0.93,2,-1,-1
383,-1,371,90,16,26,0.62,7,-1,-1
384,-1,369,171,23,27,0.91,2,-1,-1
384,-1,370,85,16,29,0.68,7,-1,-1
385,-1,368,166,23,27,0.91,2,-1,-1
385,-1,370,82,17,31,0.88,7,-1,-1
386,-1,367,160,21,25,0.90,2,-1,-1
386,-1,370,80,17,31,0.83,7,-1,-1
387,-1,365,155,20,24,0.90,2,-1,-1
387,-1,370,80,16,30,0.80,7,-1,-1
388,-1,365,152,19,23,0.90,2,-1,-1
388,-1,369,96,14,13,0.82,2,-1,-1
389,-1,364,149,19,22,0.90,2,-1,-1
389,-1,369,92,14,16,0.76,2,-1,-1
390,-1,363,144,19,22,0.90,2,-1,-1
390,-1,369,88,14,19,0.73,2,-1,-1
391,-1,363,141,18,21,0.89,2,-1,-1
391,-1,369,93,13,14,0.79,2,-1,-1
392,-1,362,137,17,20,0.90,2,-1,-1
392,-1,368,93,13,13,0.78,2,-1,-1
393,-1,361,135,17,20,0.88,2,-1,-1
393,-1,368,93,13,13,0.79,2,-1,-1
394,-1,360,130,17,20,0.88,2,-1,-1
394,-1,368,91,12,12,0.80,2,-1,-1
395,-1,359,129,17,20,0.87,2,-1,-1
395,-1,368,91,12,12,0.80,2,-1,-1
396,-1,359,127,17,17,0.88,2,-1,-1
396,-1,367,91,12,12,0.82,2,-1,-1
397,-1,359,123,16,18,0.88,2,-1,-1
397,-1,367,90,12,12,0.82,2,-1,-1
398,-1,359,121,15,18,0.88,2,-1,-1
398,-1,367,89,12,12,0.84,2,-1,-1
398,-1,350,56,12,17,0.16,7,-1,-1
399,-1,358,119,15,17,0.88,2,-1,-1
399,-1,366,87,12,13,0.83,2,-1,-1
400,-1,358,117,14,16,0.87,2,-1,-1
400,-1,366,86,12,13,0.83,2,-1,-1
401,-1,358,115,14,16,0.86,2,-1,-1
401,-1,365,85,13,13,0.83,2,-1,-1
402,-1,357,113,14,16,0.84,2,-1,-1
402,-1,366,86,12,12,0.83,2,-1,-1
403,-1,357,111,14,16,0.84,2,-1,-1
403,-1,365,85,12,13,0.81,2,-1,-1
404,-1,357,109,13,15,0.86,2,-1,-1
404,-1,365,84,12,12,0.79,2,-1,-1
405,-1,357,108,13,15,0.85,2,-1,-1
405,-1,365,83,12,12,0.81,2,-1,-1
405,-1,344,56,13,18,0.18,7,-1,-1
406,-1,356,106,13,15,0.83,2,-1,-1
406,-1,365,83,11,12,0.80,2,-1,-1
407,-1,356,104,13,15,0.82,2,-1,-1
407,-1,365,83,11,11,0.79,2,-1,-1
407,-1,342,57,13,18,0.15,7,-1,-1
408,-1,356,103,13,14,0.83,2,-1,-1
408,-1,365,82,11,11,0.79,2,-1,-1
408,-1,342,57,13,18,0.15,7,-1,-1
409,-1,356,102,13,13,0.81,2,-1,-1
409,-1,365,82,11,10,0.78,2,-1,-1
410,-1,355,101,12,13,0.79,2,-1,-1
410,-1,365,81,11,10,0.76,2,-1,-1
411,-1,355,100,12,13,0.76,2,-1,-1
411,-1,365,81,11,11,0.74,2,-1,-1
411,-1,339,58,13,18,0.23,7,-1,-1
412,-1,355,98,12,12,0.78,2,-1,-1
412,-1,364,80,11,11,0.64,2,-1,-1
412,-1,338,59,13,17,0.20,7,-1,-1
413,-1,355,97,12,13,0.79,2,-1,-1
413,-1,364,79,11,10,0.62,2,-1,-1
413,-1,338,59,13,18,0.42,7,-1,-1
414,-1,355,96,12,12,0.77,2,-1,-1
414,-1,364,79,11,10,0.64,2,-1,-1
414,-1,338,59,13,17,0.43,7,-1,-1
415,-1,355,96,11,12,0.72,2,-1,-1
415,-1,364,79,11,11,0.66,2,-1,-1
415,-1,336,59,14,18,0.18,7,-1,-1
416,-1,355,96,11,11,0.71,2,-1,-1
416,-1,364,79,11,11,0.65,2,-1,-1
416,-1,336,60,14,19,0.62,7,-1,-1
417,-1,355,93,11,11,0.74,2,-1,-1
417,-1,335,60,13,18,0.66,7,-1,-1
417,-1,364,78,11,10,0.65,2,-1,-1
418,-1,355,93,10,11,0.71,2,-1,-1
418,-1,364,78,11,10,0.65,2,-1,-1
418,-1,334,61,14,18,0.47,7,-1,-1
419,-1,365,76,11,11,0.70,2,-1,-1
419,-1,355,91,11,11,0.70,2,-1,-1
419,-1,334,61,13,18,0.49,7,-1,-1
420,-1,355,89,11,12,0.75,2,-1,-1
420,-1,365,76,11,11,0.72,2,-1,-1
420,-1,333,61,13,19,0.64,7,-1,-1
421,-1,355,89,11,11,0.75,2,-1,-1
421,-1,365,75,10,11,0.72,2,-1,-1
421,-1,333,61,13,19,0.53,7,-1,-1
422,-1,355,88,11,11,0.77,2,-1,-1
422,-1,365,74,10,11,0.71,2,-1,-1
422,-1,331,61,14,19,0.67,7,-1,-1
423,-1,355,87,11,11,0.74,2,-1,-1
423,-1,365,75,10,11,0.68,2,-1,-1
423,-1,332,61,13,19,0.67,7,-1,-1
424,-1,355,86,11,11,0.72,2,-1,-1
424,-1,366,73,10,12,0.62,2,-1,-1
424,-1,331,62,14,19,0.31,7,-1,-1
425,-1,329,62,13,20,0.70,7,-1,-1
425,-1,355,86,10,11,0.67,2,-1,-1
425,-1,366,73,10,11,0.61,2,-1,-1
426,-1,329,62,13,20,0.72,7,-1,-1
426,-1,355,85,10,10,0.67,2,-1,-1
426,-1,366,73,10,11,0.62,2,-1,-1
427,-1,329,63,14,20,0.70,7,-1,-1
427,-1,355,85,10,10,0.66,2,-1,-1
427,-1,367,73,10,11,0.56,2,-1,-1
428,-1,329,63,13,20,0.64,7,-1,-1
428,-1,355,84,9,10,0.64,2,-1,-1
428,-1,367,73,10,10,0.53,2,-1,-1
429,-1,328,63,14,21,0.78,7,-1,-1
429,-1,355,83,9,9,0.66,2,-1,-1
429,-1,367,69,10,13,0.31,2,-1,-1
430,-1,429,466,83,72,0.94,2,-1,-1
430,-1,327,63,14,20,0.66,7,-1,-1
430,-1,356,82,9,9,0.60,2,-1,-1
430,-1,368,70,10,12,0.36,2,-1,-1
431,-1,417,413,75,109,0.94,2,-1,-1
431,-1,326,64,14,21,0.75,7,-1,-1
431,-1,356,82,9,9,0.64,2,-1,-1
431,-1,369,69,9,13,0.38,2,-1,-1
432,-1,412,384,66,95,0.95,2,-1,-1
432,-1,326,64,14,21,0.75,7,-1,-1
432,-1,356,82,9,8,0.64,2,-1,-1
432,-1,369,69,9,13,0.42,2,-1,-1
433,-1,405,347,58,82,0.95,2,-1,-1
433,-1,326,64,14,21,0.74,7,-1,-1
433,-1,356,82,9,8,0.61,2,-1,-1
433,-1,369,70,9,11,0.60,2,-1,-1
434,-1,400,324,55,75,0.95,2,-1,-1
434,-1,325,64,13,22,0.82,7,-1,-1
434,-1,356,82,9,8,0.63,2,-1,-1
434,-1,369,70,9,11,0.58,2,-1,-1
435,-1,396,299,47,65,0.95,2,-1,-1
435,-1,324,64,14,23,0.84,7,-1,-1
435,-1,356,80,9,8,0.66,2,-1,-1
435,-1,370,70,9,11,0.59,2,-1,-1
436,-1,393,283,43,59,0.94,2,-1,-1
436,-1,324,64,14,23,0.86,7,-1,-1
436,-1,357,79,9,8,0.61,2,-1,-1
436,-1,370,69,9,10,0.51,2,-1,-1
437,-1,390,270,40,56,0.95,2,-1,-1
437,-1,324,64,14,23,0.87,7,-1,-1
437,-1,357,79,9,8,0.60,2,-1,-1
437,-1,371,71,8,9,0.48,2,-1,-1
438,-1,386,250,37,52,0.93,2,-1,-1
438,-1,323,64,14,24,0.88,7,-1,-1
438,-1,357,78,9,9,0.73,2,-1,-1
438,-1,371,70,9,9,0.41,2,-1,-1
439,-1,383,235,36,47,0.94,2,-1,-1
439,-1,323,65,15,24,0.86,7,-1,-1
439,-1,357,77,9,9,0.71,2,-1,-1
439,-1,371,70,9,8,0.17,2,-1,-1
440,-1,381,225,33,45,0.93,2,-1,-1
440,-1,323,65,15,25,0.86,7,-1,-1
440,-1,358,77,9,9,0.71,2,-1,-1
440,-1,372,70,8,8,0.20,2,-1,-1
441,-1,379,213,31,43,0.94,2,-1,-1
441,-1,321,65,15,25,0.86,7,-1,-1
441,-1,358,76,8,8,0.80,2,-1,-1
441,-1,372,70,8,8,0.19,2,-1,-1
442,-1,377,205,29,41,0.95,2,-1,-1
442,-1,321,65,15,25,0.86,7,-1,-1
442,-1,358,76,8,8,0.73,2,-1,-1
442,-1,373,70,8,8,0.19,2,-1,-1
443,-1,376,196,28,37,0.95,2,-1,-1
443,-1,320,67,15,24,0.85,7,-1,-1
443,-1,359,76,8,8,0.71,2,-1,-1
443,-1,373,70,8,7,0.20,2,-1,-1
444,-1,374,189,27,36,0.94,2,-1,-1
444,-1,320,67,15,25,0.86,7,-1,-1
444,-1,359,75,8,7,0.52,2,-1,-1
444,-1,373,69,8,8,0.33,2,-1,-1
445,-1,372,181,26,34,0.94,2,-1,-1
445,-1,319,67,16,25,0.86,7,-1,-1
445,-1,374,69,9,7,0.24,2,-1,-1
446,-1,371,177,25,32,0.93,2,-1,-1
446,-1,319,67,16,25,0.87,7,-1,-1
446,-1,374,69,9,7,0.23,2,-1,-1
447,-1,542,482,92,56,0.95,2,-1,-1
447,-1,369,170,24,30,0.94,2,-1,-1
447,-1,318,68,16,26,0.86,7,-1,-1
447,-1,375,68,9,7,0.31,2,-1,-1
447,-1,360,73,8,8,0.10,2,-1,-1
448,-1,523,439,92,98,0.95,2,-1,-1
448,-1,368,166,24,29,0.92,2,-1,-1
448,-1,318,68,16,26,0.86,7,-1,-1
448,-1,376,67,8,8,0.36,2,-1,-1
449,-1,499,388,75,84,0.95,2,-1,-1
449,-1,367,160,23,28,0.92,2,-1,-1
449,-1,317,69,15,26,0.90,7,-1,-1
449,-1,376,67,8,8,0.41,2,-1,-1
450,-1,487,360,66,74,0.95,2,-1,-1
450,-1,366,156,22,28,0.93,2,-1,-1
450,-1,317,69,16,26,0.89,7,-1,-1
450,-1,376,66,8,9,0.51,2,-1,-1
451,-1,472,324,56,64,0.96,2,-1,-1
451,-1,365,151,20,26,0.92,2,-1,-1
451,-1,316,70,16,27,0.89,7,-1,-1
451,-1,377,66,8,8,0.35,2,-1,-1
452,-1,464,304,50,58,0.95,2,-1,-1
452,-1,364,148,20,25,0.91,2,-1,-1
452,-1,316,70,15,27,0.87,7,-1,-1
452,-1,377,66,8,8,0.32,2,-1,-1
453,-1,453,279,45,51,0.96,2,-1,-1
453,-1,364,143,19,25,0.91,2,-1,-1
453,-1,315,70,16,28,0.89,7,-1,-1
453,-1,377,64,8,9,0.39,2,-1,-1
453,-1,363,73,7,7,0.16,2,-1,-1
454,-1,446,264,42,47,0.94,2,-1,-1
454,-1,363,141,19,24,0.91,2,-1,-1
454,-1,314,70,16,28,0.89,7,-1,-1
454,-1,378,64,8,9,0.33,2,-1,-1
455,-1,442,251,38,45,0.95,2,-1,-1
455,-1,363,139,19,23,0.91,2,-1,-1
455,-1,314,70,17,28,0.90,7,-1,-1
455,-1,378,64,8,9,0.35,2,-1,-1
456,-1,433,234,36,41,0.95,2,-1,-1
456,-1,362,134,17,23,0.91,2,-1,-1
456,-1,313,71,17,29,0.89,7,-1,-1
456,-1,378,63,8,9,0.28,2,-1,-1
457,-1,427,221,32,36,0.94,2,-1,-1
457,-1,361,131,17,22,0.92,2,-1,-1
457,-1,312,71,18,30,0.89,7,-1,-1
458,-1,424,212,30,35,0.94,2,-1,-1
458,-1,361,128,17,22,0.92,2,-1,-1
458,-1,312,71,18,30,0.90,7,-1,-1
459,-1,418,201,28,32,0.94,2,-1,-1
459,-1,311,72,18,31,0.90,7,-1,-1
459,-1,360,126,17,21,0.88,2,-1,-1
460,-1,415,194,27,31,0.94,2,-1,-1
460,-1,311,73,18,30,0.90,7,-1,-1
460,-1,359,124,17,20,0.89,2,-1,-1
461,-1,412,187,26,30,0.93,2,-1,-1
461,-1,359,122,16,19,0.91,2,-1,-1
461,-1,310,73,18,31,0.90,7,-1,-1
462,-1,408,178,25,29,0.93,2,-1,-1
462,-1,309,74,18,32,0.90,7,-1,-1
462,-1,359,119,16,19,0.89,2,-1,-1
463,-1,406,173,23,28,0.92,2,-1,-1
463,-1,308,74,19,32,0.89,7,-1,-1
463,-1,359,117,16,19,0.88,2,-1,-1
464,-1,402,166,22,26,0.94,2,-1,-1
464,-1,307,75,19,33,0.89,7,-1,-1
464,-1,359,115,15,17,0.88,2,-1,-1
465,-1,400,160,21,24,0.92,2,-1,-1
465,-1,306,77,19,32,0.89,7,-1,-1
465,-1,359,113,14,17,0.87,2,-1,-1
466,-1,397,155,21,24,0.92,2,-1,-1
466,-1,306,76,19,33,0.90,7,-1,-1
466,-1,358,111,14,17,0.87,2,-1,-1
467,-1,395,152,22,23,0.92,2,-1,-1
467,-1,305,77,19,34,0.90,7,-1,-1
467,-1,358,109,14,17,0.88,2,-1,-1
468,-1,304,78,20,34,0.93,7,-1,-1
468,-1,393,147,21,23,0.91,2,-1,-1
468,-1,358,108,13,16,0.88,2,-1,-1
469,-1,304,79,20,35,0.93,7,-1,-1
469,-1,391,142,20,22,0.90,2,-1,-1
469,-1,357,106,13,16,0.86,2,-1,-1
470,-1,303,80,20,35,0.93,7,-1,-1
470,-1,389,139,20,21,0.91,2,-1,-1
470,-1,357,104,14,16,0.85,2,-1,-1
471,-1,302,80,21,35,0.93,7,-1,-1
471,-1,388,135,18,20,0.90,2,-1,-1
471,-1,357,103,13,16,0.85,2,-1,-1
472,-1,301,80,21,36,0.92,7,-1,-1
472,-1,387,132,18,20,0.90,2,-1,-1
472,-1,356,102,13,15,0.87,2,-1,-1
473,-1,386,130,17,19,0.92,2,-1,-1
473,-1,301,82,21,36,0.91,7,-1,-1
473,-1,356,101,13,14,0.85,2,-1,-1
474,-1,300,82,21,38,0.91,7,-1,-1
474,-1,385,127,17,19,0.89,2,-1,-1
474,-1,356,99,12,15,0.85,2,-1,-1
475,-1,299,83,21,38,0.92,7,-1,-1
475,-1,384,125,16,18,0.88,2,-1,-1
475,-1,356,97,12,15,0.83,2,-1,-1
476,-1,298,84,22,38,0.92,7,-1,-1
476,-1,383,122,16,18,0.88,2,-1,-1
476,-1,356,96,12,15,0.83,2,-1,-1
477,-1,297,85,22,39,0.93,7,-1,-1
477,-1,381,118,16,17,0.87,2,-1,-1
477,-1,356,95,12,14,0.84,2,-1,-1
478,-1,297,85,22,40,0.93,7,-1,-1
478,-1,380,116,15,17,0.88,2,-1,-1
478,-1,356,95,12,13,0.83,2,-1,-1
479,-1,296,86,22,40,0.93,7,-1,-1
479,-1,379,115,15,16,0.88,2,-1,-1
479,-1,355,93,12,14,0.83,2,-1,-1
480,-1,295,87,22,41,0.93,7,-1,-1
480,-1,379,113,15,15,0.86,2,-1,-1
480,-1,356,92,12,14,0.84,2,-1,-1
481,-1,294,88,23,42,0.93,7,-1,-1
481,-1,378,110,14,16,0.86,2,-1,-1
481,-1,355,90,11,14,0.83,2,-1,-1
482,-1,293,88,24,43,0.93,7,-1,-1
482,-1,377,108,14,15,0.84,2,-1,-1
482,-1,355,90,11,13,0.81,2,-1,-1
483,-1,292,89,24,44,0.93,7,-1,-1
483,-1,376,107,14,15,0.86,2,-1,-1
483,-1,355,89,11,13,0.82,2,-1,-1
484,-1,291,90,25,45,0.94,7,-1,-1
484,-1,355,87,11,13,0.83,2,-1,-1
484,-1,376,105,13,14,0.81,2,-1,-1
485,-1,290,90,25,46,0.94,7,-1,-1
485,-1,375,104,13,14,0.84,2,-1,-1
485,-1,355,87,11,13,0.82,2,-1,-1
486,-1,289,92,26,46,0.94,7,-1,-1
486,-1,374,103,13,13,0.84,2,-1,-1
486,-1,355,86,11,12,0.83,2,-1,-1
487,-1,289,94,26,46,0.93,7,-1,-1
487,-1,374,102,12,13,0.84,2,-1,-1
487,-1,355,85,11,13,0.80,2,-1,-1
488,-1,287,95,27,47,0.94,7,-1,-1
488,-1,373,99,13,13,0.84,2,-1,-1
488,-1,355,84,11,12,0.75,2,-1,-1
489,-1,286,96,28,48,0.94,7,-1,-1
489,-1,373,99,13,13,0.81,2,-1,-1
489,-1,354,83,11,12,0.75,2,-1,-1
490,-1,285,97,28,50,0.94,7,-1,-1
490,-1,372,98,13,12,0.80,2,-1,-1
490,-1,355,84,10,11,0.73,2,-1,-1
491,-1,284,98,28,50,0.94,7,-1,-1
491,-1,372,95,12,13,0.82,2,-1,-1
491,-1,355,82,10,12,0.72,2,-1,-1
492,-1,282,99,30,52,0.94,7,-1,-1
492,-1,372,94,12,13,0.83,2,-1,-1
492,-1,355,82,10,11,0.76,2,-1,-1
493,-1,281,100,30,53,0.96,7,-1,-1
493,-1,372,94,12,12,0.81,2,-1,-1
493,-1,355,81,10,11,0.67,2,-1,-1
494,-1,280,101,30,54,0.95,7,-1,-1
494,-1,371,93,11,11,0.82,2,-1,-1
494,-1,355,80,10,11,0.72,2,-1,-1
495,-1,279,103,31,56,0.95,7,-1,-1
495,-1,371,92,11,11,0.79,2,-1,-1
495,-1,355,79,10,11,0.77,2,-1,-1
496,-1,277,104,32,58,0.94,7,-1,-1
496,-1,356,79,9,11,0.72,2,-1,-1
496,-1,370,92,11,10,0.63,2,-1,-1
497,-1,276,106,32,59,0.93,7,-1,-1
497,-1,370,91,10,10,0.69,2,-1,-1
497,-1,356,79,9,10,0.62,2,-1,-1
498,-1,275,108,33,60,0.94,7,-1,-1
498,-1,356,78,9,10,0.64,2,-1,-1
498,-1,370,90,10,9,0.64,2,-1,-1
499,-1,274,109,34,62,0.94,7,-1,-1
499,-1,357,78,8,10,0.55,2,-1,-1
499,-1,369,88,10,10,0.52,2,-1,-1
500,-1,271,111,35,64,0.94,7,-1,-1
500,-1,369,87,10,9,0.55,2,-1,-1
500,-1,357,77,8,9,0.54,2,-1,-1
501,-1,270,111,36,66,0.94,7,-1,-1
501,-1,369,87,10,9,0.60,2,-1,-1
501,-1,357,77,8,9,0.55,2,-1,-1
502,-1,268,114,37,68,0.94,7,-1,-1
502,-1,370,85,9,9,0.57,2,-1,-1
502,-1,357,77,8,9,0.29,2,-1,-1
503,-1,265,119,38,71,0.94,7,-1,-1
503,-1,369,82,9,9,0.63,2,-1,-1
503,-1,358,75,8,9,0.44,2,-1,-1
504,-1,265,118,38,71,0.94,7,-1,-1
504,-1,369,82,9,9,0.63,2,-1,-1
504,-1,358,75,8,9,0.43,2,-1,-1
505,-1,263,120,39,73,0.94,7,-1,-1
505,-1,369,82,9,9,0.63,2,-1,-1
505,-1,358,75,8,9,0.42,2,-1,-1
506,-1,261,123,40,76,0.94,7,-1,-1
506,-1,368,82,9,9,0.59,2,-1,-1
506,-1,359,75,8,8,0.32,2,-1,-1
507,-1,259,125,41,77,0.94,7,-1,-1
507,-1,368,82,9,9,0.62,2,-1,-1
508,-1,254,129,44,83,0.96,7,-1,-1
508,-1,368,81,9,9,0.64,2,-1,-1
508,-1,360,75,7,8,0.15,2,-1,-1
509,-1,252,130,45,85,0.96,7,-1,-1
509,-1,368,80,8,9,0.55,2,-1,-1
510,-1,249,132,47,87,0.96,7,-1,-1
510,-1,368,80,8,9,0.55,2,-1,-1
511,-1,247,135,48,90,0.96,7,-1,-1
511,-1,368,79,9,8,0.58,2,-1,-1
512,-1,243,139,50,94,0.96,7,-1,-1
512,-1,369,79,8,8,0.17,2,-1,-1
513,-1,240,141,51,98,0.96,7,-1,-1
513,-1,369,79,8,8,0.19,2,-1,-1
514,-1,236,145,55,103,0.96,7,-1,-1
514,-1,369,78,8,8,0.45,2,-1,-1
515,-1,232,148,57,107,0.95,7,-1,-1
515,-1,370,77,7,8,0.26,2,-1,-1
516,-1,228,152,59,113,0.96,7,-1,-1
516,-1,370,77,7,8,0.23,2,-1,-1
517,-1,224,155,61,118,0.97,7,-1,-1
517,-1,370,76,7,8,0.35,2,-1,-1
518,-1,217,160,66,126,0.97,7,-1,-1
518,-1,427,457,77,80,0.95,2,-1,-1
519,-1,212,164,69,131,0.96,7,-1,-1
519,-1,419,419,68,93,0.95,2,-1,-1
520,-1,205,170,74,142,0.96,7,-1,-1
520,-1,410,373,57,76,0.95,2,-1,-1
521,-1,199,173,78,150,0.96,7,-1,-1
521,-1,406,348,51,67,0.95,2,-1,-1
522,-1,190,181,83,162,0.96,7,-1,-1
522,-1,399,316,48,58,0.95,2,-1,-1
523,-1,180,185,92,172,0.95,7,-1,-1
523,-1,396,297,42,52,0.94,2,-1,-1
524,-1,171,193,97,189,0.96,7,-1,-1
524,-1,391,274,37,46,0.94,2,-1,-1
525,-1,160,198,105,202,0.97,7,-1,-1
525,-1,388,259,36,43,0.94,2,-1,-1
526,-1,144,208,116,225,0.95,7,-1,-1
526,-1,384,242,36,39,0.93,2,-1,-1
527,-1,131,214,126,243,0.96,7,-1,-1
527,-1,382,231,33,37,0.94,2,-1,-1
528,-1,109,225,145,276,0.96,7,-1,-1
528,-1,380,217,28,35,0.93,2,-1,-1
529,-1,90,235,158,297,0.94,7,-1,-1
529,-1,377,209,27,33,0.94,2,-1,-1
530,-1,59,248,184,290,0.96,7,-1,-1
530,-1,376,197,26,31,0.94,2,-1,-1
531,-1,35,258,204,279,0.96,7,-1,-1
531,-1,374,190,26,30,0.93,2,-1,-1
532,-1,7,277,223,262,0.96,7,-1,-1
532,-1,372,182,23,28,0.93,2,-1,-1
532,-1,329,59,16,22,0.15,7,-1,-1
533,-1,9,290,215,247,0.95,7,-1,-1
533,-1,371,177,22,26,0.92,2,-1,-1
533,-1,328,60,15,22,0.49,7,-1,-1
534,-1,0,314,212,224,0.96,7,-1,-1
534,-1,369,169,23,25,0.92,2,-1,-1
534,-1,327,60,15,22,0.75,7,-1,-1
535,-1,0,332,203,205,0.97,7,-1,-1
535,-1,368,164,22,25,0.91,2,-1,-1
535,-1,327,60,15,22,0.75,7,-1,-1
536,-1,0,367,188,172,0.96,7,-1,-1
536,-1,367,158,21,24,0.91,2,-1,-1
536,-1,325,60,16,23,0.75,7,-1,-1
537,-1,0,405,168,132,0.96,7,-1,-1
537,-1,365,153,20,22,0.91,2,-1,-1
537,-1,324,61,15,22,0.80,7,-1,-1
538,-1,0,441,151,97,0.94,7,-1,-1
538,-1,365,150,20,21,0.90,2,-1,-1
538,-1,324,61,15,22,0.80,7,-1,-1
539,-1,364,145,18,20,0.90,2,-1,-1
539,-1,323,61,15,23,0.72,7,-1,-1
539,-1,1,506,120,33,0.47,7,-1,-1
540,-1,363,141,18,20,0.91,2,-1,-1
540,-1,323,61,14,23,0.74,7,-1,-1
541,-1,363,139,18,20,0.90,2,-1,-1
541,-1,322,61,15,24,0.81,7,-1,-1
542,-1,363,135,16,19,0.90,2,-1,-1
542,-1,321,62,15,24,0.79,7,-1,-1
543,-1,361,131,16,18,0.90,2,-1,-1
543,-1,321,63,15,25,0.84,7,-1,-1
544,-1,361,128,16,18,0.88,2,-1,-1
544,-1,321,63,15,25,0.84,7,-1,-1
544,-1,344,58,12,14,0.12,7,-1,-1
545,-1,360,125,16,17,0.89,2,-1,-1
545,-1,320,63,16,26,0.85,7,-1,-1
546,-1,360,122,16,17,0.88,2,-1,-1
546,-1,319,63,16,26,0.85,7,-1,-1
547,-1,360,119,16,17,0.88,2,-1,-1
547,-1,319,64,16,26,0.87,7,-1,-1
547,-1,342,59,12,14,0.18,7,-1,-1
548,-1,360,117,15,16,0.88,2,-1,-1
548,-1,319,64,16,26,0.86,7,-1,-1
548,-1,341,60,12,14,0.15,7,-1,-1
549,-1,359,115,14,16,0.89,2,-1,-1
549,-1,317,65,16,27,0.84,7,-1,-1
549,-1,341,58,13,15,0.25,7,-1,-1
550,-1,359,114,14,15,0.89,2,-1,-1
550,-1,317,64,16,27,0.84,7,-1,-1
550,-1,340,58,13,15,0.33,7,-1,-1
551,-1,358,111,14,16,0.89,2,-1,-1
551,-1,316,64,17,28,0.84,7,-1,-1
552,-1,358,109,14,15,0.89,2,-1,-1
552,-1,316,65,16,28,0.85,7,-1,-1
553,-1,316,65,16,29,0.88,7,-1,-1
553,-1,358,106,13,15,0.87,2,-1,-1
554,-1,315,66,16,29,0.86,7,-1,-1
554,-1,358,106,13,14,0.85,2,-1,-1
555,-1,315,65,16,30,0.86,7,-1,-1
555,-1,357,104,12,14,0.85,2,-1,-1
556,-1,314,67,16,29,0.89,7,-1,-1
556,-1,357,103,12,14,0.88,2,-1,-1
556,-1,335,60,13,15,0.12,7,-1,-1
557,-1,314,67,16,30,0.88,7,-1,-1
557,-1,357,101,12,14,0.88,2,-1,-1
558,-1,313,68,16,30,0.89,7,-1,-1
558,-1,356,100,12,13,0.87,2,-1,-1
559,-1,312,68,16,31,0.88,7,-1,-1
559,-1,356,99,12,12,0.84,2,-1,-1
559,-1,334,61,14,15,0.12,7,-1,-1
560,-1,311,68,17,31,0.87,7,-1,-1
560,-1,356,98,12,12,0.84,2,-1,-1
560,-1,334,62,13,15,0.12,7,-1,-1
561,-1,310,69,17,32,0.89,7,-1,-1
561,-1,356,95,11,13,0.82,2,-1,-1
561,-1,333,61,13,16,0.50,7,-1,-1
562,-1,310,69,18,32,0.89,7,-1,-1
562,-1,356,95,11,12,0.82,2,-1,-1
562,-1,333,62,13,15,0.52,7,-1,-1
563,-1,310,70,18,33,0.89,7,-1,-1
563,-1,356,93,11,12,0.76,2,-1,-1
563,-1,332,62,13,15,0.41,7,-1,-1
564,-1,309,70,18,33,0.89,7,-1,-1
564,-1,356,93,11,12,0.77,2,-1,-1
564,-1,332,62,13,15,0.37,7,-1,-1
565,-1,308,70,18,34,0.89,7,-1,-1
565,-1,356,91,11,12,0.77,2,-1,-1
565,-1,330,62,14,16,0.50,7,-1,-1
565,-1,438,524,76,14,0.49,2,-1,-1
566,-1,430,478,78,59,0.94,2,-1,-1
566,-1,308,70,18,35,0.89,7,-1,-1
566,-1,356,91,10,11,0.77,2,-1,-1
566,-1,330,63,14,16,0.33,7,-1,-1
567,-1,419,424,72,100,0.95,2,-1,-1
567,-1,307,71,19,35,0.88,7,-1,-1
567,-1,355,89,10,11,0.80,2,-1,-1
567,-1,329,63,13,16,0.49,7,-1,-1
568,-1,413,395,65,89,0.96,2,-1,-1
568,-1,307,71,19,36,0.88,7,-1,-1
568,-1,355,89,10,11,0.75,2,-1,-1
568,-1,329,63,13,16,0.49,7,-1,-1
569,-1,406,357,58,76,0.95,2,-1,-1
569,-1,306,72,18,38,0.88,7,-1,-1
569,-1,355,88,10,11,0.70,2,-1,-1
569,-1,329,63,13,17,0.59,7,-1,-1
570,-1,401,335,54,69,0.95,2,-1,-1
570,-1,305,72,19,38,0.89,7,-1,-1
570,-1,355,88,10,10,0.65,2,-1,-1
570,-1,329,63,13,17,0.58,7,-1,-1
571,-1,397,307,46,60,0.95,2,-1,-1
571,-1,305,73,18,38,0.89,7,-1,-1
571,-1,327,63,13,18,0.67,7,-1,-1
571,-1,355,86,10,11,0.65,2,-1,-1
572,-1,394,291,43,56,0.95,2,-1,-1
572,-1,304,74,19,38,0.90,7,-1,-1
572,-1,327,64,13,18,0.79,7,-1,-1
572,-1,356,86,9,9,0.60,2,-1,-1
573,-1,391,276,40,53,0.94,2,-1,-1
573,-1,303,75,19,39,0.92,7,-1,-1
573,-1,326,64,14,18,0.82,7,-1,-1
573,-1,356,85,9,11,0.33,2,-1,-1
574,-1,387,256,38,51,0.94,2,-1,-1
574,-1,302,76,20,39,0.92,7,-1,-1
574,-1,326,65,14,19,0.85,7,-1,-1
574,-1,356,84,9,10,0.53,2,-1,-1
575,-1,384,242,37,44,0.93,2,-1,-1
575,-1,301,77,21,40,0.91,7,-1,-1
575,-1,325,65,14,18,0.83,7,-1,-1
575,-1,356,84,8,8,0.17,2,-1,-1
576,-1,382,232,35,42,0.93,2,-1,-1
576,-1,301,77,21,40,0.91,7,-1,-1
576,-1,325,65,14,18,0.83,7,-1,-1
576,-1,356,84,8,7,0.23,2,-1,-1
577,-1,379,218,30,41,0.92,2,-1,-1
577,-1,300,77,22,42,0.90,7,-1,-1
577,-1,324,65,14,19,0.86,7,-1,-1
577,-1,356,84,8,7,0.21,2,-1,-1
578,-1,378,210,29,39,0.92,2,-1,-1
578,-1,299,78,22,42,0.90,7,-1,-1
578,-1,323,65,15,19,0.84,7,-1,-1
579,-1,376,199,28,37,0.93,2,-1,-1
579,-1,298,79,23,43,0.92,7,-1,-1
579,-1,322,66,15,19,0.83,7,-1,-1
580,-1,375,194,27,35,0.92,2,-1,-1
580,-1,297,79,23,43,0.92,7,-1,-1
580,-1,322,66,15,20,0.83,7,-1,-1
581,-1,296,80,24,45,0.92,7,-1,-1
581,-1,373,185,26,33,0.92,2,-1,-1
581,-1,321,66,15,20,0.84,7,-1,-1
581,-1,357,80,8,7,0.44,2,-1,-1
582,-1,371,180,24,33,0.94,2,-1,-1
582,-1,295,80,24,46,0.92,7,-1,-1
582,-1,320,66,16,21,0.84,7,-1,-1
582,-1,357,81,8,8,0.46,2,-1,-1
583,-1,369,172,24,31,0.93,2,-1,-1
583,-1,294,82,24,46,0.92,7,-1,-1
583,-1,320,66,16,21,0.84,7,-1,-1
583,-1,357,79,8,7,0.55,2,-1,-1
584,-1,294,82,25,48,0.92,7,-1,-1
584,-1,369,169,23,29,0.91,2,-1,-1
584,-1,320,67,16,21,0.84,7,-1,-1
584,-1,357,79,9,7,0.54,2,-1,-1
585,-1,367,163,22,28,0.93,2,-1,-1
585,-1,293,84,25,48,0.92,7,-1,-1
585,-1,319,67,15,21,0.86,7,-1,-1
585,-1,358,78,8,7,0.30,2,-1,-1
586,-1,292,85,25,48,0.93,7,-1,-1
586,-1,366,159,23,27,0.91,2,-1,-1
586,-1,319,67,15,21,0.88,7,-1,-1
586,-1,358,77,8,7,0.65,2,-1,-1
587,-1,291,86,26,50,0.93,7,-1,-1
587,-1,366,154,21,25,0.91,2,-1,-1
587,-1,318,68,15,21,0.87,7,-1,-1
587,-1,358,77,8,7,0.65,2,-1,-1
588,-1,290,86,26,51,0.94,7,-1,-1
588,-1,365,151,20,24,0.91,2,-1,-1
588,-1,317,69,15,21,0.88,7,-1,-1
588,-1,358,77,8,7,0.16,2,-1,-1
589,-1,289,86,27,52,0.94,7,-1,-1
589,-1,364,148,20,24,0.91,2,-1,-1
589,-1,317,69,15,21,0.90,7,-1,-1
589,-1,359,75,8,7,0.24,2,-1,-1
590,-1,288,87,27,54,0.94,7,-1,-1
590,-1,316,69,16,22,0.91,7,-1,-1
590,-1,363,143,20,24,0.90,2,-1,-1
590,-1,359,76,8,7,0.24,2,-1,-1
591,-1,286,87,28,56,0.94,7,-1,-1
591,-1,315,69,16,23,0.90,7,-1,-1
591,-1,362,139,20,23,0.90,2,-1,-1
592,-1,285,88,28,58,0.92,7,-1,-1
592,-1,315,69,16,23,0.90,7,-1,-1
592,-1,362,137,19,22,0.90,2,-1,-1
593,-1,284,91,29,57,0.92,7,-1,-1
593,-1,314,69,17,23,0.90,7,-1,-1
593,-1,361,132,19,22,0.89,2,-1,-1
594,-1,283,92,29,58,0.93,7,-1,-1
594,-1,360,129,18,22,0.90,2,-1,-1
594,-1,314,70,17,23,0.87,7,-1,-1
595,-1,282,93,30,60,0.92,7,-1,-1
595,-1,360,128,18,21,0.90,2,-1,-1
595,-1,314,70,17,24,0.88,7,-1,-1
596,-1,281,95,31,61,0.93,7,-1,-1
596,-1,313,70,18,24,0.89,7,-1,-1
596,-1,360,124,18,21,0.88,2,-1,-1
597,-1,279,96,31,63,0.94,7,-1,-1
597,-1,312,71,18,24,0.89,7,-1,-1
597,-1,359,122,17,20,0.89,2,-1,-1
598,-1,278,96,32,65,0.94,7,-1,-1
598,-1,359,120,17,19,0.89,2,-1,-1
598,-1,312,72,18,24,0.88,7,-1,-1
599,-1,276,98,34,67,0.93,7,-1,-1
599,-1,358,117,17,19,0.89,2,-1,-1
599,-1,311,72,18,24,0.88,7,-1,-1
600,-1,275,99,34,68,0.94,7,-1,-1
600,-1,358,116,16,18,0.89,2,-1,-1
600,-1,310,72,18,25,0.88,7,-1,-1
601,-1,274,101,35,69,0.94,7,-1,-1
601,-1,310,72,18,25,0.88,7,-1,-1
601,-1,357,114,16,18,0.88,2,-1,-1
602,-1,272,104,36,71,0.94,7,-1,-1
602,-1,357,114,15,17,0.88,2,-1,-1
602,-1,310,74,18,25,0.87,7,-1,-1
603,-1,270,104,37,75,0.94,7,-1,-1
603,-1,308,74,19,26,0.88,7,-1,-1
603,-1,356,110,16,17,0.87,2,-1,-1
604,-1,269,106,37,77,0.94,7,-1,-1
604,-1,357,108,15,16,0.88,2,-1,-1
604,-1,309,74,18,26,0.87,7,-1,-1
605,-1,267,108,38,80,0.94,7,-1,-1
605,-1,356,106,15,16,0.89,2,-1,-1
605,-1,308,75,19,27,0.88,7,-1,-1
606,-1,266,109,39,82,0.94,7,-1,-1
606,-1,307,75,19,27,0.88,7,-1,-1
606,-1,356,105,14,16,0.88,2,-1,-1
607,-1,264,112,41,85,0.94,7,-1,-1
607,-1,306,76,20,27,0.89,7,-1,-1
607,-1,355,104,14,16,0.89,2,-1,-1
607,-1,598,505,40,32,0.49,7,-1,-1
608,-1,262,113,42,88,0.95,7,-1,-1
608,-1,559,457,76,79,0.93,7,-1,-1
608,-1,355,102,14,16,0.90,2,-1,-1
608,-1,306,77,20,28,0.89,7,-1,-1
609,-1,540,418,95,119,0.96,7,-1,-1
609,-1,260,114,43,91,0.93,7,-1,-1
609,-1,355,102,13,15,0.88,2,-1,-1
609,-1,305,78,20,28,0.88,7,-1,-1
610,-1,517,373,117,163,0.96,7,-1,-1
610,-1,257,117,45,95,0.94,7,-1,-1
610,-1,305,77,20,28,0.89,7,-1,-1
610,-1,355,102,13,14,0.87,2,-1,-1
611,-1,504,348,130,188,0.96,7,-1,-1
611,-1,256,118,47,99,0.94,7,-1,-1
611,-1,304,78,20,29,0.89,7,-1,-1
611,-1,355,100,14,13,0.86,2,-1,-1
612,-1,479,299,156,233,0.96,7,-1,-1
612,-1,249,125,49,105,0.95,7,-1,-1
612,-1,303,80,20,29,0.89,7,-1,-1
612,-1,355,96,13,15,0.85,2,-1,-1
613,-1,479,299,157,234,0.96,7,-1,-1
613,-1,249,125,49,105,0.95,7,-1,-1
613,-1,303,80,20,29,0.89,7,-1,-1
613,-1,355,96,13,15,0.85,2,-1,-1
614,-1,467,277,139,221,0.96,7,-1,-1
614,-1,246,127,53,113,0.96,7,-1,-1
614,-1,303,81,20,29,0.90,7,-1,-1
614,-1,355,95,13,14,0.84,2,-1,-1
615,-1,459,262,126,204,0.96,7,-1,-1
615,-1,243,129,54,117,0.95,7,-1,-1
615,-1,302,82,20,30,0.91,7,-1,-1
615,-1,355,95,12,13,0.83,2,-1,-1
616,-1,450,245,111,178,0.96,7,-1,-1
616,-1,239,133,56,124,0.95,7,-1,-1
616,-1,301,83,21,30,0.90,7,-1,-1
616,-1,355,93,12,14,0.84,2,-1,-1
617,-1,443,230,98,159,0.97,7,-1,-1
617,-1,234,137,59,134,0.95,7,-1,-1
617,-1,301,84,21,31,0.90,7,-1,-1
617,-1,355,93,12,13,0.84,2,-1,-1
618,-1,439,220,93,150,0.96,7,-1,-1
618,-1,231,139,62,139,0.94,7,-1,-1
618,-1,300,85,22,30,0.90,7,-1,-1
618,-1,354,92,12,14,0.84,2,-1,-1
619,-1,432,208,84,136,0.96,7,-1,-1
619,-1,224,143,68,150,0.96,7,-1,-1
619,-1,300,85,22,32,0.91,7,-1,-1
619,-1,354,90,12,13,0.81,2,-1,-1
620,-1,429,201,78,127,0.96,7,-1,-1
620,-1,219,145,72,159,0.95,7,-1,-1
620,-1,299,86,22,31,0.90,7,-1,-1
620,-1,354,89,12,13,0.83,2,-1,-1
621,-1,423,191,73,117,0.95,7,-1,-1
621,-1,210,151,79,171,0.95,7,-1,-1
621,-1,298,87,23,32,0.91,7,-1,-1
621,-1,354,89,11,12,0.81,2,-1,-1
622,-1,421,186,69,111,0.96,7,-1,-1
622,-1,206,154,81,181,0.95,7,-1,-1
622,-1,297,88,23,32,0.92,7,-1,-1
622,-1,355,89,11,11,0.77,2,-1,-1
623,-1,199,157,87,193,0.95,7,-1,-1
623,-1,417,180,66,105,0.95,7,-1,-1
623,-1,297,88,23,33,0.92,7,-1,-1
623,-1,354,89,11,11,0.79,2,-1,-1
624,-1,415,172,60,98,0.95,7,-1,-1
624,-1,187,164,96,213,0.95,7,-1,-1
624,-1,296,89,23,33,0.92,7,-1,-1
624,-1,355,88,11,11,0.58,2,-1,-1
625,-1,411,166,58,92,0.95,7,-1,-1
625,-1,173,167,108,240,0.94,7,-1,-1
625,-1,295,90,24,34,0.92,7,-1,-1
625,-1,354,87,11,10,0.66,2,-1,-1
626,-1,161,171,117,258,0.96,7,-1,-1
626,-1,409,161,56,88,0.95,7,-1,-1
626,-1,295,91,24,34,0.92,7,-1,-1
626,-1,354,85,11,11,0.74,2,-1,-1
627,-1,406,156,50,84,0.95,7,-1,-1
627,-1,141,178,135,292,0.95,7,-1,-1
627,-1,294,92,24,35,0.92,7,-1,-1
627,-1,354,85,10,11,0.62,2,-1,-1
628,-1,404,153,49,80,0.95,7,-1,-1
628,-1,123,183,149,321,0.95,7,-1,-1
628,-1,293,94,25,35,0.92,7,-1,-1
628,-1,355,85,10,10,0.70,2,-1,-1
629,-1,403,149,46,78,0.95,7,-1,-1
629,-1,104,188,165,349,0.94,7,-1,-1
629,-1,293,94,25,36,0.91,7,-1,-1
629,-1,355,84,10,10,0.68,2,-1,-1
630,-1,400,144,45,75,0.94,7,-1,-1
630,-1,63,195,203,338,0.93,7,-1,-1
630,-1,292,95,26,37,0.92,7,-1,-1
631,-1,399,141,42,73,0.95,7,-1,-1
631,-1,23,201,242,336,0.95,7,-1,-1
631,-1,291,98,26,35,0.92,7,-1,-1
632,-1,7,211,254,326,0.94,7,-1,-1
632,-1,396,137,42,69,0.94,7,-1,-1
632,-1,290,99,26,37,0.92,7,-1,-1
633,-1,38,222,219,315,0.95,7,-1,-1
633,-1,395,134,39,68,0.95,7,-1,-1
633,-1,290,100,26,38,0.92,7,-1,-1
634,-1,2,235,247,302,0.95,7,-1,-1
634,-1,392,130,39,65,0.94,7,-1,-1
634,-1,289,101,26,39,0.92,7,-1,-1
635,-1,22,251,220,286,0.95,7,-1,-1
635,-1,391,128,36,62,0.93,7,-1,-1
635,-1,288,101,27,41,0.92,7,-1,-1
636,-1,8,261,229,275,0.96,7,-1,-1
636,-1,390,125,35,61,0.93,7,-1,-1
636,-1,287,102,27,42,0.91,7,-1,-1
637,-1,3,285,222,252,0.95,7,-1,-1
637,-1,389,123,32,58,0.93,7,-1,-1
637,-1,286,104,28,43,0.92,7,-1,-1
638,-1,7,300,210,237,0.95,7,-1,-1
638,-1,388,120,32,58,0.93,7,-1,-1
638,-1,285,106,28,43,0.92,7,-1,-1
639,-1,23,330,179,208,0.94,7,-1,-1
639,-1,386,117,32,56,0.93,7,-1,-1
639,-1,284,108,29,44,0.92,7,-1,-1
640,-1,14,353,175,186,0.94,7,-1,-1
640,-1,385,115,30,54,0.93,7,-1,-1
640,-1,282,109,31,44,0.92,7,-1,-1
641,-1,384,113,30,52,0.93,7,-1,-1
641,-1,281,112,31,44,0.93,7,-1,-1
641,-1,1,397,165,142,0.91,2,-1,-1
642,-1,280,113,32,46,0.94,7,-1,-1
642,-1,22,433,126,104,0.94,2,-1,-1
642,-1,382,112,30,51,0.93,7,-1,-1
643,-1,382,109,29,50,0.94,7,-1,-1
643,-1,278,113,32,48,0.92,7,-1,-1
643,-1,10,500,95,38,0.90,2,-1,-1
644,-1,381,108,28,49,0.92,7,-1,-1
644,-1,277,115,33,49,0.92,7,-1,-1
645,-1,275,117,35,50,0.92,7,-1,-1
645,-1,380,106,27,47,0.92,7,-1,-1
646,-1,274,119,35,52,0.93,7,-1,-1
646,-1,379,104,26,47,0.92,7,-1,-1
647,-1,271,121,38,54,0.93,7,-1,-1
647,-1,378,102,26,45,0.92,7,-1,-1
648,-1,270,122,38,55,0.94,7,-1,-1
648,-1,378,101,25,45,0.93,7,-1,-1
649,-1,268,125,38,56,0.94,7,-1,-1
649,-1,377,100,25,43,0.93,7,-1,-1
650,-1,376,99,24,42,0.93,7,-1,-1
650,-1,266,128,39,56,0.92,7,-1,-1
651,-1,264,130,40,58,0.93,7,-1,-1
651,-1,376,97,23,41,0.92,7,-1,-1
652,-1,263,131,42,61,0.94,7,-1,-1
652,-1,375,96,23,41,0.91,7,-1,-1
653,-1,261,133,44,62,0.94,7,-1,-1
653,-1,374,95,23,39,0.91,7,-1,-1
654,-1,260,136,44,65,0.94,7,-1,-1
654,-1,374,93,22,39,0.90,7,-1,-1
655,-1,256,137,46,69,0.94,7,-1,-1
655,-1,373,92,22,37,0.91,7,-1,-1
656,-1,253,142,47,69,0.94,7,-1,-1
656,-1,373,91,22,37,0.91,7,-1,-1
657,-1,250,145,49,73,0.95,7,-1,-1
657,-1,372,91,21,36,0.88,7,-1,-1
658,-1,248,147,51,75,0.96,7,-1,-1
658,-1,372,90,20,35,0.89,7,-1,-1
659,-1,244,151,53,79,0.96,7,-1,-1
659,-1,371,89,20,34,0.89,7,-1,-1
660,-1,241,154,55,82,0.95,7,-1,-1
660,-1,371,89,19,33,0.86,7,-1,-1
661,-1,237,157,57,88,0.95,7,-1,-1
661,-1,371,88,19,32,0.84,7,-1,-1
662,-1,233,160,60,92,0.96,7,-1,-1
662,-1,370,87,19,33,0.88,7,-1,-1
663,-1,228,166,65,96,0.95,7,-1,-1
663,-1,371,86,18,31,0.75,7,-1,-1
664,-1,225,169,66,100,0.95,7,-1,-1
664,-1,370,85,18,31,0.85,7,-1,-1
665,-1,218,175,71,107,0.95,7,-1,-1
665,-1,369,85,18,30,0.86,7,-1,-1
666,-1,213,179,75,112,0.95,7,-1,-1
666,-1,369,85,17,29,0.85,7,-1,-1
667,-1,208,183,77,118,0.95,7,-1,-1
667,-1,369,86,17,28,0.84,7,-1,-1
668,-1,201,190,82,126,0.95,7,-1,-1
668,-1,368,82,17,29,0.87,7,-1,-1
669,-1,192,197,89,138,0.94,7,-1,-1
669,-1,368,84,16,26,0.69,7,-1,-1
670,-1,185,199,94,150,0.94,7,-1,-1
670,-1,368,81,16,28,0.82,7,-1,-1
671,-1,174,210,102,162,0.95,7,-1,-1
671,-1,368,81,15,27,0.73,7,-1,-1
672,-1,165,214,110,176,0.95,7,-1,-1
672,-1,368,81,15,26,0.71,7,-1,-1
673,-1,150,222,121,196,0.95,7,-1,-1
673,-1,367,86,15,20,0.57,2,-1,-1
674,-1,140,227,128,214,0.96,7,-1,-1
674,-1,367,87,14,19,0.53,2,-1,-1
675,-1,128,235,137,231,0.96,7,-1,-1
675,-1,367,90,14,16,0.68,2,-1,-1
676,-1,105,247,155,265,0.95,7,-1,-1
676,-1,366,86,14,18,0.48,2,-1,-1
677,-1,77,261,178,276,0.94,7,-1,-1
677,-1,366,86,14,17,0.61,2,-1,-1
678,-1,54,269,201,268,0.94,7,-1,-1
678,-1,366,86,14,16,0.52,2,-1,-1
679,-1,21,289,227,247,0.96,7,-1,-1
679,-1,365,85,14,17,0.64,2,-1,-1
680,-1,2,301,241,234,0.95,7,-1,-1
680,-1,365,86,14,15,0.70,2,-1,-1
681,-1,8,320,229,216,0.95,7,-1,-1
681,-1,365,83,14,16,0.58,2,-1,-1
682,-1,10,337,222,199,0.93,7,-1,-1
682,-1,365,83,14,15,0.61,2,-1,-1
683,-1,12,363,209,175,0.90,7,-1,-1
683,-1,365,84,13,14,0.71,2,-1,-1
684,-1,98,385,116,153,0.86,7,-1,-1
684,-1,365,82,13,15,0.61,2,-1,-1
685,-1,11,414,191,125,0.84,7,-1,-1
685,-1,365,80,13,15,0.58,2,-1,-1
686,-1,14,444,177,94,0.77,2,-1,-1
686,-1,365,80,13,15,0.60,2,-1,-1
687,-1,365,80,12,13,0.42,2,-1,-1
687,-1,80,497,94,42,0.25,2,-1,-1
688,-1,365,80,13,13,0.53,2,-1,-1
689,-1,365,77,13,15,0.74,2,-1,-1
690,-1,365,79,12,13,0.66,2,-1,-1
691,-1,365,80,11,12,0.65,2,-1,-1
692,-1,365,79,12,12,0.65,2,-1,-1
693,-1,365,79,11,11,0.60,2,-1,-1
694,-1,365,79,11,10,0.66,2,-1,-1
695,-1,446,490,74,48,0.94,2,-1,-1
695,-1,365,79,11,10,0.66,2,-1,-1
696,-1,436,446,77,92,0.94,2,-1,-1
696,-1,365,78,10,11,0.65,2,-1,-1
697,-1,424,393,63,86,0.95,2,-1,-1
697,-1,366,78,10,10,0.65,2,-1,-1
698,-1,417,365,57,75,0.95,2,-1,-1
698,-1,366,78,10,10,0.71,2,-1,-1
699,-1,410,329,50,63,0.95,2,-1,-1
699,-1,366,77,10,9,0.71,2,-1,-1
700,-1,406,310,46,57,0.95,2,-1,-1
700,-1,366,77,10,9,0.70,2,-1,-1
701,-1,400,283,40,49,0.94,2,-1,-1
701,-1,366,77,10,9,0.74,2,-1,-1
702,-1,397,268,37,46,0.95,2,-1,-1
702,-1,366,75,11,10,0.50,2,-1,-1
703,-1,392,246,34,44,0.93,2,-1,-1
703,-1,367,76,10,9,0.59,2,-1,-1
704,-1,390,236,34,41,0.93,2,-1,-1
704,-1,366,75,10,9,0.61,2,-1,-1
705,-1,386,221,31,38,0.92,2,-1,-1
705,-1,367,75,10,9,0.60,2,-1,-1
706,-1,385,213,28,36,0.93,2,-1,-1
706,-1,367,74,10,9,0.61,2,-1,-1
707,-1,382,201,26,32,0.93,2,-1,-1
707,-1,368,71,10,11,0.42,2,-1,-1
707,-1,351,50,13,19,0.21,7,-1,-1
708,-1,380,194,26,31,0.93,2,-1,-1
708,-1,368,71,10,12,0.33,2,-1,-1
708,-1,351,51,12,18,0.26,7,-1,-1
709,-1,378,185,24,29,0.93,2,-1,-1
709,-1,368,72,9,10,0.47,2,-1,-1
709,-1,349,50,13,20,0.37,7,-1,-1
710,-1,377,178,23,30,0.91,2,-1,-1
710,-1,368,72,9,10,0.45,2,-1,-1
710,-1,349,50,13,20,0.24,7,-1,-1
711,-1,375,171,23,26,0.92,2,-1,-1
711,-1,349,50,13,20,0.64,7,-1,-1
711,-1,369,71,9,11,0.52,2,-1,-1
712,-1,374,166,22,26,0.89,2,-1,-1
712,-1,348,50,13,20,0.49,7,-1,-1
712,-1,370,69,9,11,0.45,2,-1,-1
713,-1,372,161,22,24,0.91,2,-1,-1
713,-1,370,68,10,12,0.38,2,-1,-1
713,-1,347,50,13,20,0.34,7,-1,-1
713,-1,338,68,12,14,0.25,7,-1,-1
714,-1,370,157,22,24,0.90,2,-1,-1
714,-1,370,67,10,13,0.38,2,-1,-1
714,-1,347,50,13,20,0.31,7,-1,-1
714,-1,338,68,12,14,0.26,7,-1,-1
715,-1,369,151,21,22,0.90,2,-1,-1
715,-1,371,67,9,12,0.34,2,-1,-1
715,-1,338,69,11,14,0.24,7,-1,-1
715,-1,346,51,13,19,0.12,7,-1,-1
716,-1,368,148,20,22,0.90,2,-1,-1
716,-1,345,52,13,19,0.38,7,-1,-1
716,-1,371,65,10,14,0.36,2,-1,-1
716,-1,338,69,12,14,0.28,7,-1,-1
716,-1,328,66,10,16,0.15,7,-1,-1
717,-1,367,143,20,21,0.90,2,-1,-1
717,-1,345,52,13,19,0.43,7,-1,-1
717,-1,371,64,10,15,0.40,2,-1,-1
717,-1,337,70,11,13,0.19,7,-1,-1
717,-1,328,66,11,16,0.18,7,-1,-1
718,-1,367,140,18,21,0.89,2,-1,-1
718,-1,344,52,13,19,0.36,7,-1,-1
718,-1,371,64,9,13,0.19,2,-1,-1
718,-1,337,71,12,13,0.15,7,-1,-1
719,-1,366,136,18,19,0.89,2,-1,-1
719,-1,344,52,13,20,0.39,7,-1,-1
719,-1,371,65,9,12,0.21,2,-1,-1
719,-1,336,71,11,13,0.12,7,-1,-1
720,-1,366,133,17,19,0.90,2,-1,-1
720,-1,344,53,13,20,0.60,7,-1,-1
720,-1,372,63,10,13,0.33,2,-1,-1
720,-1,335,71,12,14,0.20,7,-1,-1
721,-1,365,130,16,17,0.89,2,-1,-1
721,-1,343,53,13,20,0.49,7,-1,-1
721,-1,325,70,11,13,0.27,7,-1,-1
721,-1,373,65,9,11,0.19,2,-1,-1
721,-1,335,72,11,13,0.18,7,-1,-1
722,-1,364,127,16,18,0.88,2,-1,-1
722,-1,343,53,13,20,0.50,7,-1,-1
722,-1,325,69,11,14,0.44,7,-1,-1
722,-1,373,65,9,11,0.19,2,-1,-1
722,-1,335,72,11,14,0.13,7,-1,-1
723,-1,363,125,16,18,0.89,2,-1,-1
723,-1,342,53,13,20,0.71,7,-1,-1
723,-1,324,68,11,17,0.66,7,-1,-1
723,-1,336,75,10,11,0.17,2,-1,-1
723,-1,374,63,9,13,0.13,2,-1,-1
724,-1,363,122,15,17,0.88,2,-1,-1
724,-1,324,67,11,17,0.74,7,-1,-1
724,-1,340,54,13,20,0.74,7,-1,-1
724,-1,375,64,9,12,0.15,2,-1,-1
725,-1,362,119,16,16,0.88,2,-1,-1
725,-1,340,54,14,20,0.73,7,-1,-1
725,-1,323,67,12,18,0.70,7,-1,-1
725,-1,375,62,9,13,0.30,2,-1,-1
726,-1,362,117,16,16,0.89,2,-1,-1
726,-1,340,54,14,20,0.73,7,-1,-1
726,-1,322,67,12,19,0.71,7,-1,-1
726,-1,375,62,9,13,0.26,2,-1,-1
726,-1,335,72,14,16,0.23,7,-1,-1
727,-1,361,115,15,16,0.87,2,-1,-1
727,-1,338,54,14,20,0.74,7,-1,-1
727,-1,322,68,12,18,0.66,7,-1,-1
727,-1,335,71,16,17,0.22,7,-1,-1
728,-1,361,114,15,15,0.86,2,-1,-1
728,-1,339,54,14,20,0.78,7,-1,-1
728,-1,321,69,13,18,0.69,7,-1,-1
729,-1,361,110,14,15,0.86,2,-1,-1
729,-1,338,54,14,20,0.81,7,-1,-1
729,-1,320,68,13,20,0.77,7,-1,-1
729,-1,333,82,9,10,0.53,2,-1,-1
730,-1,360,109,14,15,0.85,2,-1,-1
730,-1,337,55,14,20,0.78,7,-1,-1
730,-1,320,67,13,21,0.77,7,-1,-1
730,-1,333,80,10,11,0.49,2,-1,-1
731,-1,360,107,13,14,0.86,2,-1,-1
731,-1,320,66,13,22,0.79,7,-1,-1
731,-1,336,55,14,20,0.70,7,-1,-1
731,-1,332,71,15,21,0.27,7,-1,-1
732,-1,360,106,12,14,0.84,2,-1,-1
732,-1,319,67,13,22,0.80,7,-1,-1
732,-1,336,55,14,20,0.70,7,-1,-1
732,-1,332,71,14,21,0.26,7,-1,-1
732,-1,378,60,8,13,0.15,2,-1,-1
733,-1,359,104,12,13,0.85,2,-1,-1
733,-1,318,68,13,22,0.80,7,-1,-1
733,-1,336,56,14,20,0.67,7,-1,-1
733,-1,330,70,11,22,0.23,7,-1,-1
734,-1,359,103,12,13,0.85,2,-1,-1
734,-1,318,69,13,21,0.79,7,-1,-1
734,-1,336,55,14,20,0.73,7,-1,-1
734,-1,331,84,9,10,0.51,2,-1,-1
735,-1,359,102,12,12,0.87,2,-1,-1
735,-1,318,67,14,24,0.83,7,-1,-1
735,-1,335,56,14,21,0.77,7,-1,-1
735,-1,331,84,10,12,0.47,2,-1,-1
736,-1,359,100,12,12,0.85,2,-1,-1
736,-1,317,68,14,24,0.84,7,-1,-1
736,-1,335,56,13,20,0.74,7,-1,-1
736,-1,330,85,9,10,0.43,2,-1,-1
737,-1,317,68,14,24,0.84,7,-1,-1
737,-1,359,99,12,12,0.83,2,-1,-1
737,-1,334,56,14,20,0.70,7,-1,-1
737,-1,330,82,11,15,0.20,2,-1,-1
738,-1,317,68,14,24,0.84,7,-1,-1
738,-1,359,97,12,12,0.83,2,-1,-1
738,-1,333,57,13,21,0.79,7,-1,-1
738,-1,330,85,11,13,0.42,2,-1,-1
739,-1,315,70,15,24,0.83,7,-1,-1
739,-1,358,95,11,12,0.81,2,-1,-1
739,-1,333,57,13,20,0.77,7,-1,-1
739,-1,329,88,10,11,0.58,2,-1,-1
740,-1,316,69,14,24,0.82,7,-1,-1
740,-1,328,88,10,11,0.77,2,-1,-1
740,-1,358,95,11,11,0.77,2,-1,-1
740,-1,333,57,13,20,0.75,7,-1,-1
741,-1,315,70,14,24,0.86,7,-1,-1
741,-1,328,89,11,11,0.82,2,-1,-1
741,-1,358,93,11,12,0.82,2,-1,-1
741,-1,332,57,13,21,0.79,7,-1,-1
742,-1,314,70,14,25,0.85,7,-1,-1
742,-1,328,90,11,12,0.84,2,-1,-1
742,-1,357,93,11,12,0.81,2,-1,-1
742,-1,331,57,13,21,0.76,7,-1,-1
743,-1,327,91,11,11,0.86,2,-1,-1
743,-1,314,70,14,25,0.83,7,-1,-1
743,-1,357,91,11,11,0.79,2,-1,-1
743,-1,330,58,14,21,0.77,7,-1,-1
744,-1,327,92,11,12,0.88,2,-1,-1
744,-1,313,70,14,25,0.84,7,-1,-1
744,-1,329,57,14,21,0.80,7,-1,-1
744,-1,357,90,11,11,0.79,2,-1,-1
745,-1,326,93,11,12,0.88,2,-1,-1
745,-1,313,71,14,26,0.85,7,-1,-1
745,-1,329,58,14,21,0.76,7,-1,-1
745,-1,358,89,10,10,0.74,2,-1,-1
746,-1,326,93,11,12,0.87,2,-1,-1
746,-1,313,71,15,25,0.84,7,-1,-1
746,-1,329,58,14,22,0.72,7,-1,-1
746,-1,357,88,11,10,0.64,2,-1,-1
747,-1,312,72,15,26,0.87,7,-1,-1
747,-1,325,94,12,13,0.82,2,-1,-1
747,-1,328,58,14,22,0.80,7,-1,-1
747,-1,357,87,11,10,0.75,2,-1,-1
748,-1,312,72,15,26,0.86,7,-1,-1
748,-1,328,58,14,23,0.80,7,-1,-1
748,-1,326,95,11,12,0.79,2,-1,-1
748,-1,357,87,11,10,0.74,2,-1,-1
749,-1,311,72,14,26,0.85,7,-1,-1
749,-1,325,96,11,12,0.81,2,-1,-1
749,-1,327,58,14,22,0.76,7,-1,-1
749,-1,357,87,10,10,0.65,2,-1,-1
750,-1,311,73,14,26,0.86,7,-1,-1
750,-1,324,97,12,13,0.78,2,-1,-1
750,-1,327,58,14,22,0.76,7,-1,-1
750,-1,357,85,10,9,0.75,2,-1,-1
751,-1,310,73,15,27,0.86,7,-1,-1
751,-1,325,59,15,23,0.77,7,-1,-1
751,-1,324,99,12,13,0.75,2,-1,-1
751,-1,357,85,10,9,0.28,2,-1,-1
752,-1,310,74,15,27,0.86,7,-1,-1
752,-1,325,59,15,24,0.79,7,-1,-1
752,-1,323,99,13,14,0.76,2,-1,-1
752,-1,357,84,10,9,0.69,2,-1,-1
753,-1,309,74,15,28,0.84,7,-1,-1
753,-1,452,516,69,21,0.83,2,-1,-1
753,-1,325,59,14,24,0.82,7,-1,-1
753,-1,323,100,13,14,0.76,2,-1,-1
753,-1,357,83,9,9,0.41,2,-1,-1
754,-1,444,473,79,64,0.94,2,-1,-1
754,-1,308,75,15,28,0.85,7,-1,-1
754,-1,324,59,14,24,0.80,7,-1,-1
754,-1,322,102,13,14,0.78,2,-1,-1
754,-1,358,83,9,9,0.37,2,-1,-1
755,-1,431,421,71,100,0.95,2,-1,-1
755,-1,308,76,16,28,0.88,7,-1,-1
755,-1,322,103,12,14,0.78,2,-1,-1
755,-1,324,59,14,25,0.76,7,-1,-1
755,-1,358,82,8,8,0.50,2,-1,-1
756,-1,425,393,65,88,0.96,2,-1,-1
756,-1,307,76,16,29,0.87,7,-1,-1
756,-1,322,104,12,14,0.78,2,-1,-1
756,-1,323,60,14,24,0.75,7,-1,-1
756,-1,358,82,8,8,0.49,2,-1,-1
757,-1,416,357,58,75,0.96,2,-1,-1
757,-1,306,77,16,30,0.87,7,-1,-1
757,-1,321,107,12,14,0.79,2,-1,-1
757,-1,322,60,14,24,0.70,7,-1,-1
758,-1,412,336,52,68,0.94,2,-1,-1
758,-1,306,77,16,30,0.85,7,-1,-1
758,-1,321,107,13,15,0.83,2,-1,-1
758,-1,322,60,15,25,0.73,7,-1,-1
759,-1,407,310,47,60,0.95,2,-1,-1
759,-1,306,77,16,30,0.86,7,-1,-1
759,-1,320,109,13,14,0.83,2,-1,-1
759,-1,321,61,15,26,0.74,7,-1,-1
759,-1,359,79,9,8,0.56,2,-1,-1
760,-1,403,294,44,55,0.94,2,-1,-1
760,-1,305,78,16,31,0.86,7,-1,-1
760,-1,320,110,13,15,0.83,2,-1,-1
760,-1,321,61,15,26,0.74,7,-1,-1
761,-1,398,273,39,51,0.94,2,-1,-1
761,-1,305,79,17,31,0.88,7,-1,-1
761,-1,320,111,13,16,0.83,2,-1,-1
761,-1,321,60,16,27,0.78,7,-1,-1
761,-1,359,79,9,8,0.55,2,-1,-1
762,-1,395,261,38,48,0.95,2,-1,-1
762,-1,304,79,17,31,0.89,7,-1,-1
762,-1,319,113,13,16,0.84,2,-1,-1
762,-1,320,61,16,27,0.83,7,-1,-1
762,-1,360,78,8,7,0.15,2,-1,-1
763,-1,392,244,35,45,0.94,2,-1,-1
763,-1,303,80,17,32,0.89,7,-1,-1
763,-1,319,115,13,16,0.88,2,-1,-1
763,-1,319,61,16,27,0.85,7,-1,-1
764,-1,390,236,33,42,0.95,2,-1,-1
764,-1,302,81,18,32,0.89,7,-1,-1
764,-1,318,117,13,16,0.87,2,-1,-1
764,-1,318,61,16,28,0.86,7,-1,-1
764,-1,360,77,8,7,0.54,2,-1,-1
765,-1,387,223,30,40,0.95,2,-1,-1
765,-1,302,81,18,33,0.90,7,-1,-1
765,-1,318,61,16,28,0.85,7,-1,-1
765,-1,317,119,13,16,0.85,2,-1,-1
765,-1,361,76,8,7,0.16,2,-1,-1
766,-1,385,215,29,38,0.94,2,-1,-1
766,-1,301,82,18,33,0.90,7,-1,-1
766,-1,318,62,16,28,0.85,7,-1,-1
766,-1,317,120,13,16,0.83,2,-1,-1
766,-1,361,76,8,7,0.20,2,-1,-1
767,-1,383,204,27,37,0.94,2,-1,-1
767,-1,301,83,19,33,0.90,7,-1,-1
767,-1,316,123,14,16,0.85,2,-1,-1
767,-1,317,62,16,28,0.83,7,-1,-1
768,-1,382,198,26,35,0.94,2,-1,-1
768,-1,300,84,19,33,0.90,7,-1,-1
768,-1,315,124,14,17,0.85,2,-1,-1
768,-1,317,62,16,29,0.83,7,-1,-1
769,-1,380,189,25,33,0.93,2,-1,-1
769,-1,300,84,19,35,0.90,7,-1,-1
769,-1,315,128,15,17,0.82,2,-1,-1
769,-1,316,63,16,28,0.79,7,-1,-1
770,-1,378,185,24,32,0.93,2,-1,-1
770,-1,299,85,19,35,0.90,7,-1,-1
770,-1,314,128,15,18,0.83,2,-1,-1
770,-1,315,63,16,28,0.78,7,-1,-1
771,-1,377,177,24,31,0.92,2,-1,-1
771,-1,298,86,20,36,0.90,7,-1,-1
771,-1,312,130,17,20,0.87,2,-1,-1
771,-1,315,63,16,29,0.79,7,-1,-1
772,-1,376,172,23,29,0.92,2,-1,-1
772,-1,297,86,20,36,0.89,7,-1,-1
772,-1,311,132,17,20,0.86,2,-1,-1
772,-1,315,64,16,29,0.80,7,-1,-1
773,-1,375,166,22,28,0.91,2,-1,-1
773,-1,297,87,20,37,0.88,7,-1,-1
773,-1,311,136,16,20,0.87,2,-1,-1
773,-1,314,64,16,29,0.80,7,-1,-1
774,-1,374,163,22,27,0.93,2,-1,-1
774,-1,296,87,21,38,0.89,7,-1,-1
774,-1,311,138,16,20,0.85,2,-1,-1
774,-1,314,64,16,29,0.80,7,-1,-1
775,-1,372,159,21,26,0.93,2,-1,-1
775,-1,296,88,21,39,0.90,7,-1,-1
775,-1,310,141,17,21,0.86,2,-1,-1
775,-1,313,65,17,30,0.82,7,-1,-1
776,-1,371,154,21,26,0.91,2,-1,-1
776,-1,295,89,21,38,0.90,7,-1,-1
776,-1,310,144,17,21,0.89,2,-1,-1
776,-1,312,65,17,31,0.86,7,-1,-1
777,-1,294,90,21,40,0.92,7,-1,-1
777,-1,370,151,21,24,0.90,2,-1,-1
777,-1,309,148,17,22,0.88,2,-1,-1
777,-1,312,65,17,31,0.86,7,-1,-1
778,-1,294,91,21,40,0.92,7,-1,-1
778,-1,369,148,20,22,0.90,2,-1,-1
778,-1,312,66,17,31,0.86,7,-1,-1
778,-1,309,151,17,22,0.86,2,-1,-1
779,-1,293,92,21,40,0.92,7,-1,-1
779,-1,368,145,20,23,0.90,2,-1,-1
779,-1,307,154,18,23,0.88,2,-1,-1
779,-1,311,66,17,31,0.86,7,-1,-1
780,-1,293,93,21,41,0.91,7,-1,-1
780,-1,368,140,19,22,0.89,2,-1,-1
780,-1,307,158,18,23,0.88,2,-1,-1
780,-1,311,67,18,31,0.85,7,-1,-1
781,-1,292,95,22,41,0.90,7,-1,-1
781,-1,367,138,18,20,0.90,2,-1,-1
781,-1,305,163,18,25,0.90,2,-1,-1
781,-1,310,67,17,31,0.84,7,-1,-1
782,-1,291,96,22,41,0.91,7,-1,-1
782,-1,304,166,19,26,0.89,2,-1,-1
782,-1,366,135,18,21,0.88,2,-1,-1
782,-1,310,67,18,32,0.86,7,-1,-1
783,-1,289,97,23,43,0.92,7,-1,-1
783,-1,303,171,19,28,0.90,2,-1,-1
783,-1,365,131,18,21,0.89,2,-1,-1
783,-1,309,68,18,33,0.87,7,-1,-1
784,-1,289,98,23,43,0.92,7,-1,-1
784,-1,302,176,20,27,0.90,2,-1,-1
784,-1,364,129,18,21,0.90,2,-1,-1
784,-1,308,68,18,34,0.84,7,-1,-1
785,-1,288,99,23,44,0.92,7,-1,-1
785,-1,300,180,21,29,0.92,2,-1,-1
785,-1,364,126,18,21,0.88,2,-1,-1
785,-1,438,516,83,22,0.87,2,-1,-1
785,-1,308,68,19,34,0.84,7,-1,-1
786,-1,427,451,87,87,0.93,2,-1,-1
786,-1,286,100,24,45,0.92,7,-1,-1
786,-1,298,186,22,31,0.90,2,-1,-1
786,-1,363,124,16,20,0.89,2,-1,-1
786,-1,307,68,19,35,0.84,7,-1,-1
787,-1,417,401,73,110,0.94,2,-1,-1
787,-1,285,101,25,46,0.91,7,-1,-1
787,-1,296,194,23,32,0.90,2,-1,-1
787,-1,363,122,16,18,0.90,2,-1,-1
787,-1,306,69,18,36,0.88,7,-1,-1
788,-1,412,372,66,101,0.95,2,-1,-1
788,-1,284,103,26,46,0.92,7,-1,-1
788,-1,295,199,23,33,0.91,2,-1,-1
788,-1,362,120,16,19,0.90,2,-1,-1
788,-1,306,69,19,36,0.88,7,-1,-1
789,-1,406,336,58,88,0.95,2,-1,-1
789,-1,292,208,25,36,0.92,2,-1,-1
789,-1,283,102,27,50,0.92,7,-1,-1
789,-1,362,116,17,19,0.90,2,-1,-1
789,-1,305,69,19,37,0.90,7,-1,-1
790,-1,291,214,25,38,0.94,2,-1,-1
790,-1,403,317,54,81,0.94,2,-1,-1
790,-1,282,103,27,51,0.91,7,-1,-1
790,-1,304,70,19,37,0.90,7,-1,-1
790,-1,361,115,16,18,0.89,2,-1,-1
791,-1,288,225,27,40,0.94,2,-1,-1
791,-1,398,291,47,72,0.94,2,-1,-1
791,-1,280,105,27,51,0.91,7,-1,-1
791,-1,304,70,20,37,0.90,7,-1,-1
791,-1,361,114,15,18,0.88,2,-1,-1
792,-1,396,277,44,66,0.94,2,-1,-1
792,-1,280,106,28,52,0.92,7,-1,-1
792,-1,286,233,28,42,0.92,2,-1,-1
792,-1,303,71,20,38,0.90,7,-1,-1
792,-1,360,112,16,17,0.89,2,-1,-1
793,-1,282,245,30,45,0.94,2,-1,-1
793,-1,392,258,42,61,0.94,2,-1,-1
793,-1,278,108,28,54,0.93,7,-1,-1
793,-1,303,71,20,39,0.88,7,-1,-1
793,-1,360,110,16,17,0.87,2,-1,-1
794,-1,280,256,31,48,0.94,2,-1,-1
794,-1,389,246,39,58,0.93,2,-1,-1
794,-1,277,109,29,56,0.92,7,-1,-1
794,-1,360,109,16,17,0.88,2,-1,-1
794,-1,302,72,20,39,0.87,7,-1,-1
795,-1,276,266,33,51,0.95,2,-1,-1
795,-1,276,110,29,57,0.93,7,-1,-1
795,-1,388,237,37,54,0.92,2,-1,-1
795,-1,359,107,15,17,0.87,2,-1,-1
795,-1,302,72,20,39,0.87,7,-1,-1
796,-1,271,284,35,55,0.95,2,-1,-1
796,-1,274,113,30,57,0.92,7,-1,-1
796,-1,386,223,35,50,0.92,2,-1,-1
796,-1,300,72,21,41,0.89,7,-1,-1
796,-1,359,105,15,16,0.89,2,-1,-1
797,-1,268,297,37,59,0.96,2,-1,-1
797,-1,385,216,31,47,0.93,2,-1,-1
797,-1,273,113,31,59,0.93,7,-1,-1
797,-1,300,73,21,40,0.90,7,-1,-1
797,-1,358,103,15,16,0.89,2,-1,-1
798,-1,270,115,32,62,0.95,7,-1,-1
798,-1,261,320,41,68,0.95,2,-1,-1
798,-1,382,204,31,45,0.93,2,-1,-1
798,-1,299,73,21,41,0.90,7,-1,-1
798,-1,358,102,15,16,0.90,2,-1,-1
799,-1,254,348,45,78,0.95,2,-1,-1
799,-1,268,117,34,63,0.93,7,-1,-1
799,-1,380,195,30,42,0.93,2,-1,-1
799,-1,298,74,23,42,0.90,7,-1,-1
799,-1,357,100,15,16,0.90,2,-1,-1
800,-1,247,369,50,86,0.95,2,-1,-1
800,-1,267,118,34,66,0.93,7,-1,-1
800,-1,379,189,29,41,0.93,2,-1,-1
800,-1,297,74,22,42,0.90,7,-1,-1
800,-1,358,101,14,15,0.88,2,-1,-1
801,-1,235,407,56,103,0.94,2,-1,-1
801,-1,378,181,27,38,0.94,2,-1,-1
801,-1,264,119,35,69,0.93,7,-1,-1
801,-1,297,75,23,43,0.90,7,-1,-1
801,-1,358,100,13,14,0.87,2,-1,-1
802,-1,226,437,62,101,0.94,2,-1,-1
802,-1,262,120,38,72,0.93,7,-1,-1
802,-1,377,176,27,38,0.92,2,-1,-1
802,-1,296,76,23,43,0.90,7,-1,-1
802,-1,357,100,14,13,0.87,2,-1,-1
803,-1,260,122,39,74,0.93,7,-1,-1
803,-1,376,169,25,35,0.91,2,-1,-1
803,-1,213,493,65,45,0.91,2,-1,-1
803,-1,295,76,23,44,0.90,7,-1,-1
803,-1,357,98,13,13,0.85,2,-1,-1
804,-1,258,123,40,76,0.93,7,-1,-1
804,-1,375,166,25,34,0.91,2,-1,-1
804,-1,295,77,23,45,0.90,7,-1,-1
804,-1,357,97,13,13,0.84,2,-1,-1
805,-1,256,129,40,76,0.94,7,-1,-1
805,-1,374,159,24,33,0.92,2,-1,-1
805,-1,293,78,24,46,0.90,7,-1,-1
805,-1,357,94,13,14,0.84,2,-1,-1
806,-1,254,130,41,79,0.94,7,-1,-1
806,-1,373,157,24,31,0.92,2,-1,-1
806,-1,293,79,24,46,0.90,7,-1,-1
806,-1,357,94,13,13,0.83,2,-1,-1
807,-1,250,132,43,83,0.94,7,-1,-1
807,-1,292,79,24,46,0.91,7,-1,-1
807,-1,372,152,23,29,0.91,2,-1,-1
807,-1,357,92,12,14,0.86,2,-1,-1
808,-1,248,134,44,85,0.95,7,-1,-1
808,-1,292,80,24,47,0.91,7,-1,-1
808,-1,372,148,22,28,0.91,2,-1,-1
808,-1,357,92,12,13,0.86,2,-1,-1
809,-1,244,139,46,88,0.94,7,-1,-1
809,-1,291,81,25,49,0.92,7,-1,-1
809,-1,371,143,22,27,0.91,2,-1,-1
809,-1,356,91,12,13,0.84,2,-1,-1
810,-1,243,142,45,90,0.95,7,-1,-1
810,-1,290,81,26,49,0.93,7,-1,-1
810,-1,371,140,22,27,0.90,2,-1,-1
810,-1,356,91,12,13,0.84,2,-1,-1
811,-1,239,147,47,93,0.95,7,-1,-1
811,-1,288,82,26,50,0.93,7,-1,-1
811,-1,370,138,21,25,0.90,2,-1,-1
811,-1,356,89,12,12,0.84,2,-1,-1
812,-1,235,148,49,98,0.95,7,-1,-1
812,-1,288,84,26,50,0.94,7,-1,-1
812,-1,370,135,20,25,0.90,2,-1,-1
812,-1,356,89,12,12,0.85,2,-1,-1
813,-1,230,152,51,104,0.95,7,-1,-1
813,-1,287,84,27,52,0.94,7,-1,-1
813,-1,369,131,20,24,0.90,2,-1,-1
813,-1,356,89,11,11,0.83,2,-1,-1
814,-1,227,156,54,106,0.95,7,-1,-1
814,-1,287,85,27,52,0.94,7,-1,-1
814,-1,368,129,20,24,0.90,2,-1,-1
814,-1,357,89,11,10,0.80,2,-1,-1
815,-1,285,85,28,53,0.95,7,-1,-1
815,-1,222,163,55,109,0.94,7,-1,-1
815,-1,368,125,19,24,0.90,2,-1,-1
815,-1,357,87,11,10,0.79,2,-1,-1
816,-1,218,166,58,115,0.96,7,-1,-1
816,-1,285,86,28,55,0.94,7,-1,-1
816,-1,369,124,18,23,0.89,2,-1,-1
816,-1,356,88,11,10,0.76,2,-1,-1
817,-1,211,172,62,122,0.95,7,-1,-1
817,-1,284,87,29,56,0.93,7,-1,-1
817,-1,368,121,18,22,0.90,2,-1,-1
817,-1,356,86,11,10,0.79,2,-1,-1
818,-1,208,175,63,128,0.96,7,-1,-1
818,-1,283,87,29,57,0.94,7,-1,-1
818,-1,367,119,18,22,0.90,2,-1,-1
818,-1,357,86,10,10,0.67,2,-1,-1
819,-1,199,181,70,137,0.96,7,-1,-1
819,-1,282,88,29,59,0.94,7,-1,-1
819,-1,367,117,18,21,0.90,2,-1,-1
819,-1,357,84,10,10,0.77,2,-1,-1
820,-1,193,187,73,143,0.95,7,-1,-1
820,-1,280,88,30,60,0.95,7,-1,-1
820,-1,368,115,17,21,0.89,2,-1,-1
820,-1,357,84,10,10,0.76,2,-1,-1
821,-1,185,196,76,152,0.95,7,-1,-1
821,-1,280,91,30,60,0.93,7,-1,-1
821,-1,368,114,16,19,0.89,2,-1,-1
821,-1,357,83,9,10,0.71,2,-1,-1
822,-1,178,202,80,160,0.95,7,-1,-1
822,-1,279,91,30,62,0.92,7,-1,-1
822,-1,368,112,16,19,0.88,2,-1,-1
822,-1,357,83,10,10,0.69,2,-1,-1
823,-1,166,211,88,176,0.95,7,-1,-1
823,-1,277,93,31,63,0.94,7,-1,-1
823,-1,367,109,16,20,0.89,2,-1,-1
823,-1,357,81,10,10,0.76,2,-1,-1
824,-1,158,218,92,187,0.95,7,-1,-1
824,-1,277,93,32,64,0.94,7,-1,-1
824,-1,367,108,16,18,0.88,2,-1,-1
824,-1,357,81,10,10,0.76,2,-1,-1
825,-1,143,226,102,209,0.96,7,-1,-1
825,-1,275,95,32,65,0.94,7,-1,-1
825,-1,367,107,15,18,0.87,2,-1,-1
825,-1,357,82,9,9,0.62,2,-1,-1
826,-1,133,233,109,225,0.96,7,-1,-1
826,-1,274,96,33,67,0.93,7,-1,-1
826,-1,367,106,15,17,0.87,2,-1,-1
826,-1,357,82,9,9,0.64,2,-1,-1
827,-1,113,246,123,255,0.96,7,-1,-1
827,-1,273,97,34,68,0.93,7,-1,-1
827,-1,367,103,14,18,0.89,2,-1,-1
827,-1,357,82,9,8,0.55,2,-1,-1
828,-1,96,257,135,274,0.96,7,-1,-1
828,-1,272,99,34,69,0.93,7,-1,-1
828,-1,367,102,14,18,0.89,2,-1,-1
828,-1,357,81,8,8,0.33,2,-1,-1
829,-1,69,274,155,263,0.96,7,-1,-1
829,-1,270,100,35,72,0.93,7,-1,-1
829,-1,367,101,14,17,0.88,2,-1,-1
829,-1,358,79,9,9,0.67,2,-1,-1
830,-1,58,285,160,251,0.96,7,-1,-1
830,-1,269,100,36,74,0.93,7,-1,-1
830,-1,367,100,13,16,0.88,2,-1,-1
830,-1,358,79,9,8,0.60,2,-1,-1
831,-1,23,308,185,229,0.96,7,-1,-1
831,-1,268,102,37,76,0.94,7,-1,-1
831,-1,367,99,13,16,0.88,2,-1,-1
831,-1,358,79,9,8,0.60,2,-1,-1
832,-1,2,326,198,208,0.96,7,-1,-1
832,-1,266,104,38,77,0.94,7,-1,-1
832,-1,367,98,13,16,0.87,2,-1,-1
832,-1,358,78,9,8,0.59,2,-1,-1
833,-1,0,357,186,182,0.95,7,-1,-1
833,-1,265,105,39,81,0.94,7,-1,-1
833,-1,367,96,13,15,0.86,2,-1,-1
833,-1,359,77,8,8,0.52,2,-1,-1
834,-1,0,381,174,158,0.95,7,-1,-1
834,-1,263,106,41,83,0.93,7,-1,-1
834,-1,367,95,13,15,0.86,2,-1,-1
834,-1,359,77,8,8,0.48,2,-1,-1
835,-1,261,109,42,84,0.94,7,-1,-1
835,-1,0,424,151,114,0.94,7,-1,-1
835,-1,367,93,13,15,0.88,2,-1,-1
835,-1,359,77,8,7,0.49,2,-1,-1
836,-1,259,110,44,87,0.94,7,-1,-1
836,-1,366,92,13,16,0.87,2,-1,-1
836,-1,359,76,8,8,0.43,2,-1,-1
837,-1,257,112,44,91,0.94,7,-1,-1
837,-1,367,92,12,14,0.87,2,-1,-1
837,-1,359,76,8,7,0.46,2,-1,-1
838,-1,255,114,45,92,0.94,7,-1,-1
838,-1,367,91,12,14,0.85,2,-1,-1
838,-1,359,76,8,7,0.57,2,-1,-1
839,-1,252,115,47,96,0.95,7,-1,-1
839,-1,366,90,12,15,0.82,2,-1,-1
840,-1,250,117,49,98,0.94,7,-1,-1
840,-1,367,89,11,14,0.82,2,-1,-1
840,-1,360,76,8,7,0.15,2,-1,-1
841,-1,247,120,51,101,0.95,7,-1,-1
841,-1,367,88,11,14,0.81,2,-1,-1
842,-1,245,122,51,105,0.95,7,-1,-1
842,-1,367,88,11,14,0.83,2,-1,-1
843,-1,242,125,53,110,0.95,7,-1,-1
843,-1,367,86,11,13,0.82,2,-1,-1
843,-1,346,54,14,19,0.18,7,-1,-1
844,-1,238,127,55,114,0.95,7,-1,-1
844,-1,367,86,11,13,0.83,2,-1,-1
844,-1,347,55,13,17,0.32,7,-1,-1
845,-1,235,129,57,117,0.95,7,-1,-1
845,-1,367,85,11,13,0.83,2,-1,-1
845,-1,347,55,13,17,0.36,7,-1,-1
846,-1,232,132,59,123,0.94,7,-1,-1
846,-1,367,84,10,12,0.81,2,-1,-1
846,-1,344,56,13,18,0.39,7,-1,-1
847,-1,227,136,63,130,0.95,7,-1,-1
847,-1,367,83,10,12,0.80,2,-1,-1
847,-1,344,56,13,18,0.42,7,-1,-1
848,-1,223,137,65,135,0.95,7,-1,-1
848,-1,367,83,10,12,0.81,2,-1,-1
848,-1,342,56,14,18,0.12,7,-1,-1
849,-1,216,141,70,142,0.95,7,-1,-1
849,-1,367,83,10,12,0.81,2,-1,-1
849,-1,342,57,13,17,0.29,7,-1,-1
850,-1,212,143,72,149,0.95,7,-1,-1
850,-1,367,81,10,12,0.83,2,-1,-1
850,-1,342,57,13,17,0.27,7,-1,-1
851,-1,206,148,76,158,0.96,7,-1,-1
851,-1,367,80,10,12,0.79,2,-1,-1
852,-1,200,151,80,166,0.95,7,-1,-1
852,-1,367,80,10,12,0.81,2,-1,-1
852,-1,341,57,14,17,0.11,7,-1,-1
853,-1,192,156,85,178,0.95,7,-1,-1
853,-1,367,79,9,12,0.81,2,-1,-1
853,-1,339,58,13,18,0.39,7,-1,-1
854,-1,186,160,90,188,0.95,7,-1,-1
854,-1,367,78,9,12,0.81,2,-1,-1
855,-1,177,165,97,202,0.95,7,-1,-1
855,-1,367,78,9,12,0.80,2,-1,-1
856,-1,170,168,102,215,0.96,7,-1,-1
856,-1,367,76,9,13,0.79,2,-1,-1
857,-1,157,175,111,233,0.96,7,-1,-1
857,-1,367,76,9,13,0.76,2,-1,-1
858,-1,147,180,119,251,0.96,7,-1,-1
858,-1,367,76,9,12,0.78,2,-1,-1
859,-1,130,188,130,277,0.96,7,-1,-1
859,-1,367,75,9,11,0.79,2,-1,-1
859,-1,335,59,13,18,0.38,7,-1,-1
860,-1,118,193,138,301,0.95,7,-1,-1
860,-1,368,75,9,11,0.77,2,-1,-1
860,-1,334,59,14,18,0.11,7,-1,-1
861,-1,99,200,154,323,0.95,7,-1,-1
861,-1,368,75,9,11,0.77,2,-1,-1
861,-1,334,59,14,18,0.15,7,-1,-1
862,-1,69,210,180,327,0.96,7,-1,-1
862,-1,368,74,9,11,0.76,2,-1,-1
862,-1,333,60,13,18,0.24,7,-1,-1
863,-1,46,222,197,316,0.97,7,-1,-1
863,-1,368,74,9,11,0.75,2,-1,-1
864,-1,29,230,209,305,0.96,7,-1,-1
864,-1,369,74,9,10,0.70,2,-1,-1
865,-1,0,246,232,290,0.97,7,-1,-1
865,-1,369,73,8,9,0.65,2,-1,-1
866,-1,0,256,227,279,0.96,7,-1,-1
866,-1,370,73,8,9,0.58,2,-1,-1
867,-1,0,277,215,259,0.96,7,-1,-1
867,-1,370,73,8,9,0.57,2,-1,-1
868,-1,0,289,208,247,0.97,7,-1,-1
868,-1,370,73,8,9,0.57,2,-1,-1
869,-1,0,315,195,222,0.96,7,-1,-1
869,-1,370,73,8,9,0.33,2,-1,-1
870,-1,0,336,184,202,0.96,7,-1,-1
870,-1,370,73,8,9,0.31,2,-1,-1
871,-1,0,372,163,165,0.96,7,-1,-1
871,-1,371,71,8,9,0.37,2,-1,-1
872,-1,0,398,150,141,0.95,7,-1,-1
872,-1,371,71,8,9,0.39,2,-1,-1
872,-1,328,63,13,20,0.19,7,-1,-1
873,-1,0,454,124,84,0.88,7,-1,-1
873,-1,328,63,12,20,0.41,7,-1,-1
874,-1,327,63,13,21,0.50,7,-1,-1
875,-1,326,64,14,21,0.55,7,-1,-1
876,-1,326,64,14,21,0.60,7,-1,-1
877,-1,325,64,14,21,0.80,7,-1,-1
878,-1,325,65,14,21,0.73,7,-1,-1
879,-1,324,65,14,21,0.77,7,-1,-1
880,-1,323,65,15,22,0.77,7,-1,-1
881,-1,322,65,15,23,0.78,7,-1,-1
882,-1,322,65,16,23,0.80,7,-1,-1
883,-1,321,66,15,23,0.81,7,-1,-1
884,-1,320,66,16,24,0.81,7,-1,-1
885,-1,320,66,16,24,0.80,7,-1,-1
885,-1,334,62,12,16,0.13,7,-1,-1
886,-1,319,67,16,23,0.81,7,-1,-1
886,-1,333,62,12,17,0.14,7,-1,-1
887,-1,319,67,16,24,0.82,7,-1,-1
888,-1,318,67,16,24,0.82,7,-1,-1
889,-1,317,68,16,24,0.82,7,-1,-1
889,-1,346,56,13,18,0.12,7,-1,-1
889,-1,329,62,14,18,0.10,7,-1,-1
890,-1,317,68,16,24,0.83,7,-1,-1
890,-1,329,64,13,18,0.12,7,-1,-1
891,-1,317,69,15,24,0.88,7,-1,-1
891,-1,345,56,12,16,0.45,7,-1,-1
891,-1,330,63,12,15,0.24,7,-1,-1
892,-1,316,70,16,24,0.87,7,-1,-1
892,-1,345,56,12,17,0.44,7,-1,-1
892,-1,330,63,12,15,0.20,7,-1,-1
893,-1,315,70,16,26,0.86,7,-1,-1
894,-1,315,70,16,26,0.85,7,-1,-1
894,-1,344,57,13,19,0.10,7,-1,-1
895,-1,314,71,16,25,0.88,7,-1,-1
895,-1,329,63,12,18,0.51,7,-1,-1
895,-1,343,57,12,18,0.28,7,-1,-1
896,-1,314,71,16,26,0.88,7,-1,-1
896,-1,329,63,12,18,0.51,7,-1,-1
896,-1,343,58,12,19,0.28,7,-1,-1
897,-1,313,71,16,27,0.87,7,-1,-1
897,-1,328,64,11,17,0.55,7,-1,-1
897,-1,340,58,15,21,0.52,7,-1,-1
898,-1,313,72,16,27,0.88,7,-1,-1
898,-1,328,64,11,18,0.59,7,-1,-1
898,-1,340,58,15,21,0.50,7,-1,-1
899,-1,312,72,17,27,0.86,7,-1,-1
899,-1,326,65,12,18,0.39,7,-1,-1
899,-1,339,58,14,19,0.35,7,-1,-1
900,-1,311,73,16,27,0.86,7,-1,-1
900,-1,326,65,12,18,0.70,7,-1,-1
900,-1,340,58,13,18,0.53,7,-1,-1
