1,-1,315,123,11,12,0.64,2,-1,-1
2,-1,315,124,11,12,0.74,2,-1,-1
3,-1,314,125,12,13,0.64,2,-1,-1
4,-1,314,126,11,12,0.73,2,-1,-1
5,-1,314,126,11,12,0.73,2,-1,-1
6,-1,313,126,12,12,0.70,2,-1,-1
7,-1,312,126,12,12,0.70,2,-1,-1
8,-1,312,126,12,12,0.70,2,-1,-1
9,-1,312,127,12,13,0.73,2,-1,-1
10,-1,311,128,12,13,0.79,2,-1,-1
11,-1,311,128,12,13,0.79,2,-1,-1
12,-1,311,129,11,12,0.80,2,-1,-1
13,-1,310,129,11,13,0.73,2,-1,-1
14,-1,310,131,11,12,0.84,2,-1,-1
15,-1,310,132,11,12,0.84,2,-1,-1
16,-1,309,133,11,12,0.84,2,-1,-1
17,-1,309,133,11,12,0.84,2,-1,-1
18,-1,308,134,12,13,0.78,2,-1,-1
19,-1,308,134,12,13,0.78,2,-1,-1
20,-1,306,136,12,13,0.80,2,-1,-1
21,-1,418,369,123,165,0.94,7,-1,-1
21,-1,306,136,12,13,0.80,2,-1,-1
22,-1,412,346,114,185,0.93,7,-1,-1
22,-1,305,137,13,14,0.84,2,-1,-1
23,-1,408,331,108,174,0.93,7,-1,-1
23,-1,304,138,13,14,0.85,2,-1,-1
24,-1,404,314,100,161,0.94,7,-1,-1
24,-1,304,139,14,14,0.86,2,-1,-1
25,-1,401,302,96,153,0.93,7,-1,-1
25,-1,302,141,14,13,0.86,2,-1,-1
26,-1,399,287,87,142,0.93,7,-1,-1
26,-1,303,141,13,14,0.85,2,-1,-1
27,-1,396,277,84,138,0.93,7,-1,-1
27,-1,302,142,14,14,0.86,2,-1,-1
28,-1,394,266,79,127,0.93,7,-1,-1
28,-1,300,143,14,14,0.86,2,-1,-1
29,-1,392,260,77,122,0.93,7,-1,-1
29,-1,300,144,14,14,0.86,2,-1,-1
30,-1,391,248,72,116,0.93,7,-1,-1
30,-1,299,145,15,15,0.86,2,-1,-1
31,-1,390,243,69,112,0.93,7,-1,-1
31,-1,298,146,15,15,0.85,2,-1,-1
32,-1,388,236,66,104,0.93,7,-1,-1
32,-1,297,147,16,15,0.85,2,-1,-1
33,-1,387,231,63,100,0.93,7,-1,-1
33,-1,511,370,124,159,0.93,7,-1,-1
33,-1,296,148,15,14,0.85,2,-1,-1
34,-1,501,351,116,145,0.93,7,-1,-1
34,-1,386,223,61,96,0.92,7,-1,-1
34,-1,295,150,15,14,0.84,2,-1,-1
35,-1,494,339,113,140,0.93,7,-1,-1
35,-1,384,220,59,92,0.92,7,-1,-1
35,-1,294,151,15,14,0.85,2,-1,-1
36,-1,486,324,105,128,0.93,7,-1,-1
36,-1,384,216,56,86,0.91,7,-1,-1
36,-1,294,153,15,14,0.87,2,-1,-1
37,-1,482,316,99,124,0.92,7,-1,-1
37,-1,383,210,54,86,0.91,7,-1,-1
37,-1,292,154,16,16,0.87,2,-1,-1
38,-1,476,303,92,115,0.93,7,-1,-1
38,-1,382,205,53,82,0.90,7,-1,-1
38,-1,290,156,16,16,0.86,2,-1,-1
39,-1,471,294,92,112,0.93,7,-1,-1
39,-1,382,205,51,77,0.90,7,-1,-1
39,-1,290,157,16,16,0.85,2,-1,-1
40,-1,465,284,84,106,0.93,7,-1,-1
40,-1,380,199,48,74,0.90,7,-1,-1
40,-1,288,158,17,16,0.84,2,-1,-1
41,-1,425,448,77,83,0.93,2,-1,-1
41,-1,462,277,81,102,0.92,7,-1,-1
41,-1,380,196,48,74,0.91,7,-1,-1
41,-1,287,159,17,17,0.85,2,-1,-1
42,-1,418,419,71,76,0.93,2,-1,-1
42,-1,456,268,77,96,0.93,7,-1,-1
42,-1,380,192,45,70,0.91,7,-1,-1
42,-1,286,162,17,17,0.86,2,-1,-1
43,-1,454,262,74,94,0.93,7,-1,-1
43,-1,378,190,45,68,0.91,7,-1,-1
43,-1,416,402,66,72,0.91,2,-1,-1
43,-1,284,164,18,17,0.85,2,-1,-1
43,-1,328,121,12,13,0.12,2,-1,-1
44,-1,450,254,69,89,0.93,7,-1,-1
44,-1,410,379,61,64,0.92,2,-1,-1
44,-1,378,187,43,64,0.91,7,-1,-1
44,-1,282,166,18,17,0.86,2,-1,-1
45,-1,446,250,67,86,0.91,7,-1,-1
45,-1,408,366,57,60,0.91,2,-1,-1
45,-1,378,185,43,64,0.90,7,-1,-1
45,-1,280,168,18,18,0.85,2,-1,-1
46,-1,442,242,65,82,0.92,7,-1,-1
46,-1,404,346,54,56,0.91,2,-1,-1
46,-1,378,181,41,62,0.90,7,-1,-1
46,-1,279,170,18,18,0.85,2,-1,-1
46,-1,328,122,12,13,0.36,2,-1,-1
47,-1,440,239,62,79,0.92,7,-1,-1
47,-1,402,334,50,53,0.91,2,-1,-1
47,-1,377,177,41,62,0.89,7,-1,-1
47,-1,278,172,18,18,0.85,2,-1,-1
47,-1,328,122,12,13,0.37,2,-1,-1
48,-1,436,232,60,77,0.92,7,-1,-1
48,-1,399,320,47,49,0.91,2,-1,-1
48,-1,376,176,40,60,0.90,7,-1,-1
48,-1,276,176,18,18,0.87,2,-1,-1
48,-1,328,122,11,12,0.21,2,-1,-1
49,-1,434,228,60,75,0.91,7,-1,-1
49,-1,397,309,46,48,0.90,2,-1,-1
49,-1,376,174,38,58,0.88,7,-1,-1
49,-1,274,177,19,19,0.87,2,-1,-1
49,-1,328,124,11,12,0.41,2,-1,-1
50,-1,432,224,56,72,0.91,7,-1,-1
50,-1,376,170,37,58,0.90,7,-1,-1
50,-1,394,296,44,46,0.90,2,-1,-1
50,-1,271,181,20,20,0.87,2,-1,-1
50,-1,328,123,12,12,0.61,2,-1,-1
51,-1,430,220,56,70,0.91,7,-1,-1
51,-1,376,168,36,57,0.90,7,-1,-1
51,-1,392,288,43,44,0.90,2,-1,-1
51,-1,269,183,20,20,0.87,2,-1,-1
51,-1,328,123,12,12,0.63,2,-1,-1
52,-1,426,216,54,66,0.91,7,-1,-1
52,-1,390,278,40,42,0.90,2,-1,-1
52,-1,376,167,35,54,0.89,7,-1,-1
52,-1,266,186,20,21,0.86,2,-1,-1
52,-1,328,124,11,13,0.53,2,-1,-1
53,-1,424,212,53,66,0.91,7,-1,-1
53,-1,375,165,35,54,0.90,7,-1,-1
53,-1,388,272,38,39,0.90,2,-1,-1
53,-1,264,188,21,22,0.87,2,-1,-1
53,-1,328,125,12,12,0.75,2,-1,-1
54,-1,376,162,33,54,0.90,7,-1,-1
54,-1,386,263,37,37,0.90,2,-1,-1
54,-1,422,208,51,64,0.90,7,-1,-1
54,-1,262,192,21,22,0.86,2,-1,-1
54,-1,328,126,12,12,0.70,2,-1,-1
55,-1,385,257,35,36,0.90,2,-1,-1
55,-1,420,205,50,63,0.90,7,-1,-1
55,-1,375,162,32,51,0.90,7,-1,-1
55,-1,259,196,22,22,0.88,2,-1,-1
55,-1,328,126,12,12,0.77,2,-1,-1
56,-1,418,202,47,61,0.89,7,-1,-1
56,-1,384,249,34,35,0.89,2,-1,-1
56,-1,375,160,32,49,0.88,7,-1,-1
56,-1,256,200,23,23,0.85,2,-1,-1
56,-1,328,126,11,12,0.74,2,-1,-1
57,-1,416,200,46,58,0.90,7,-1,-1
57,-1,253,202,24,24,0.90,2,-1,-1
57,-1,382,244,34,34,0.89,2,-1,-1
57,-1,374,159,32,49,0.88,7,-1,-1
57,-1,328,127,11,12,0.68,2,-1,-1
58,-1,414,195,45,58,0.90,7,-1,-1
58,-1,374,156,31,46,0.89,7,-1,-1
58,-1,380,238,32,32,0.89,2,-1,-1
58,-1,249,208,24,25,0.87,2,-1,-1
58,-1,327,128,12,12,0.68,2,-1,-1
59,-1,414,194,43,56,0.91,7,-1,-1
59,-1,374,156,31,46,0.89,7,-1,-1
59,-1,379,234,31,31,0.89,2,-1,-1
59,-1,246,212,25,26,0.87,2,-1,-1
59,-1,327,128,12,12,0.68,2,-1,-1
60,-1,411,190,42,54,0.90,7,-1,-1
60,-1,241,218,27,27,0.89,2,-1,-1
60,-1,373,154,30,45,0.89,7,-1,-1
60,-1,378,228,30,29,0.88,2,-1,-1
60,-1,326,128,12,13,0.71,2,-1,-1
61,-1,409,188,42,55,0.88,7,-1,-1
61,-1,377,224,29,30,0.88,2,-1,-1
61,-1,372,152,31,46,0.88,7,-1,-1
61,-1,238,222,27,28,0.87,2,-1,-1
61,-1,326,129,12,12,0.72,2,-1,-1
62,-1,232,229,28,30,0.89,2,-1,-1
62,-1,406,185,42,54,0.88,7,-1,-1
62,-1,376,218,28,28,0.88,2,-1,-1
62,-1,372,152,31,44,0.88,7,-1,-1
62,-1,326,130,12,12,0.79,2,-1,-1
63,-1,228,234,30,30,0.90,2,-1,-1
63,-1,406,183,41,53,0.89,7,-1,-1
63,-1,372,151,30,42,0.88,7,-1,-1
63,-1,375,216,28,27,0.87,2,-1,-1
63,-1,326,130,12,12,0.79,2,-1,-1
64,-1,222,243,32,33,0.90,2,-1,-1
64,-1,404,180,41,52,0.89,7,-1,-1
64,-1,372,150,29,42,0.89,7,-1,-1
64,-1,374,211,26,26,0.87,2,-1,-1
64,-1,325,131,12,12,0.83,2,-1,-1
65,-1,217,248,33,34,0.90,2,-1,-1
65,-1,404,179,39,50,0.89,7,-1,-1
65,-1,372,149,28,41,0.88,7,-1,-1
65,-1,374,208,26,26,0.88,2,-1,-1
65,-1,325,132,12,12,0.84,2,-1,-1
66,-1,210,259,34,36,0.91,2,-1,-1
66,-1,372,147,28,41,0.88,7,-1,-1
66,-1,372,203,25,25,0.88,2,-1,-1
66,-1,402,176,38,49,0.88,7,-1,-1
66,-1,325,133,12,12,0.81,2,-1,-1
67,-1,203,266,38,38,0.91,2,-1,-1
67,-1,372,200,24,24,0.89,2,-1,-1
67,-1,372,146,27,40,0.88,7,-1,-1
67,-1,401,174,38,50,0.88,7,-1,-1
67,-1,326,134,12,11,0.83,2,-1,-1
68,-1,194,278,40,42,0.90,2,-1,-1
68,-1,400,172,36,48,0.88,7,-1,-1
68,-1,372,145,27,40,0.87,7,-1,-1
68,-1,370,197,24,24,0.87,2,-1,-1
68,-1,325,135,12,12,0.82,2,-1,-1
69,-1,186,286,43,44,0.91,2,-1,-1
69,-1,370,194,24,24,0.88,2,-1,-1
69,-1,399,172,35,46,0.87,7,-1,-1
69,-1,372,144,26,40,0.87,7,-1,-1
69,-1,324,135,12,12,0.82,2,-1,-1
70,-1,174,301,46,48,0.91,2,-1,-1
70,-1,397,169,36,46,0.89,7,-1,-1
70,-1,371,143,26,38,0.89,7,-1,-1
70,-1,370,191,23,24,0.85,2,-1,-1
70,-1,324,136,12,13,0.80,2,-1,-1
71,-1,166,313,48,50,0.92,2,-1,-1
71,-1,371,143,26,38,0.89,7,-1,-1
71,-1,397,168,34,45,0.87,7,-1,-1
71,-1,369,189,23,23,0.86,2,-1,-1
71,-1,324,137,13,13,0.82,2,-1,-1
72,-1,150,332,53,56,0.91,2,-1,-1
72,-1,371,142,25,36,0.88,7,-1,-1
72,-1,368,186,22,23,0.87,2,-1,-1
72,-1,396,166,33,44,0.87,7,-1,-1
72,-1,322,138,13,13,0.83,2,-1,-1
73,-1,140,346,56,61,0.91,2,-1,-1
73,-1,372,141,25,36,0.88,7,-1,-1
73,-1,395,164,33,45,0.86,7,-1,-1
73,-1,323,138,13,13,0.84,2,-1,-1
73,-1,368,184,22,23,0.84,2,-1,-1
74,-1,119,372,62,69,0.92,2,-1,-1
74,-1,371,139,25,37,0.89,7,-1,-1
74,-1,394,162,32,44,0.87,7,-1,-1
74,-1,367,180,21,22,0.87,2,-1,-1
74,-1,322,140,14,14,0.83,2,-1,-1
75,-1,104,391,67,75,0.92,2,-1,-1
75,-1,371,139,24,36,0.88,7,-1,-1
75,-1,366,178,21,23,0.87,2,-1,-1
75,-1,394,161,31,44,0.87,7,-1,-1
75,-1,322,140,14,14,0.83,2,-1,-1
76,-1,78,424,76,87,0.92,2,-1,-1
76,-1,372,139,23,35,0.86,7,-1,-1
76,-1,366,176,21,22,0.85,2,-1,-1
76,-1,392,158,32,44,0.85,7,-1,-1
76,-1,321,142,14,14,0.83,2,-1,-1
77,-1,55,450,85,84,0.92,2,-1,-1
77,-1,372,139,23,33,0.87,7,-1,-1
77,-1,392,156,32,45,0.85,7,-1,-1
77,-1,366,175,21,22,0.85,2,-1,-1
77,-1,320,142,14,14,0.81,2,-1,-1
78,-1,364,172,21,22,0.87,2,-1,-1
78,-1,391,156,31,43,0.86,7,-1,-1
78,-1,372,138,22,32,0.86,7,-1,-1
78,-1,320,143,14,14,0.83,2,-1,-1
79,-1,391,154,30,43,0.87,7,-1,-1
79,-1,365,171,19,20,0.86,2,-1,-1
79,-1,371,137,23,32,0.86,7,-1,-1
79,-1,320,144,14,15,0.82,2,-1,-1
80,-1,365,170,19,19,0.86,2,-1,-1
80,-1,372,135,22,33,0.86,7,-1,-1
80,-1,392,154,28,41,0.85,7,-1,-1
80,-1,319,146,15,14,0.84,2,-1,-1
81,-1,364,168,18,20,0.87,2,-1,-1
81,-1,391,154,29,40,0.86,7,-1,-1
81,-1,372,135,22,30,0.85,7,-1,-1
81,-1,318,146,15,14,0.84,2,-1,-1
82,-1,364,165,19,20,0.88,2,-1,-1
82,-1,390,152,28,40,0.85,7,-1,-1
82,-1,318,149,14,13,0.84,2,-1,-1
82,-1,372,135,21,30,0.83,7,-1,-1
83,-1,364,164,19,20,0.88,2,-1,-1
83,-1,372,134,22,30,0.84,7,-1,-1
83,-1,318,150,15,14,0.84,2,-1,-1
83,-1,390,151,28,39,0.84,7,-1,-1
84,-1,363,162,19,20,0.86,2,-1,-1
84,-1,318,151,14,14,0.85,2,-1,-1
84,-1,372,132,20,30,0.84,7,-1,-1
84,-1,389,150,27,39,0.81,7,-1,-1
85,-1,362,161,18,20,0.87,2,-1,-1
85,-1,372,130,21,32,0.87,7,-1,-1
85,-1,316,152,16,15,0.86,2,-1,-1
85,-1,388,148,28,40,0.83,7,-1,-1
86,-1,316,154,16,16,0.87,2,-1,-1
86,-1,372,131,21,31,0.86,7,-1,-1
86,-1,362,160,18,18,0.86,2,-1,-1
86,-1,388,148,26,39,0.82,7,-1,-1
87,-1,362,159,18,18,0.88,2,-1,-1
87,-1,372,129,21,31,0.87,7,-1,-1
87,-1,316,155,16,16,0.86,2,-1,-1
87,-1,388,149,26,36,0.78,7,-1,-1
88,-1,362,157,18,18,0.88,2,-1,-1
88,-1,372,129,20,30,0.85,7,-1,-1
88,-1,314,158,17,16,0.85,2,-1,-1
88,-1,387,147,26,36,0.83,7,-1,-1
89,-1,361,156,18,18,0.87,2,-1,-1
89,-1,313,159,17,16,0.85,2,-1,-1
89,-1,372,129,20,29,0.84,7,-1,-1
89,-1,387,146,26,37,0.82,7,-1,-1
90,-1,361,154,17,18,0.87,2,-1,-1
90,-1,312,160,17,16,0.85,2,-1,-1
90,-1,372,129,20,28,0.84,7,-1,-1
90,-1,386,145,25,36,0.81,7,-1,-1
91,-1,360,154,18,18,0.87,2,-1,-1
91,-1,312,162,17,17,0.86,2,-1,-1
91,-1,372,128,20,28,0.84,7,-1,-1
91,-1,386,144,26,37,0.83,7,-1,-1
92,-1,360,152,17,17,0.86,2,-1,-1
92,-1,310,164,18,17,0.85,2,-1,-1
92,-1,385,143,25,36,0.84,7,-1,-1
92,-1,372,127,19,28,0.82,7,-1,-1
93,-1,310,166,18,17,0.86,2,-1,-1
93,-1,360,151,17,17,0.86,2,-1,-1
93,-1,384,143,25,35,0.84,7,-1,-1
93,-1,372,127,20,28,0.83,7,-1,-1
94,-1,308,169,18,18,0.87,2,-1,-1
94,-1,360,150,16,17,0.85,2,-1,-1
94,-1,385,142,23,34,0.79,7,-1,-1
94,-1,372,127,19,26,0.74,7,-1,-1
95,-1,308,171,18,18,0.86,2,-1,-1
95,-1,360,149,17,17,0.84,2,-1,-1
95,-1,372,126,19,28,0.83,7,-1,-1
95,-1,384,143,22,32,0.75,7,-1,-1
96,-1,307,174,18,18,0.86,2,-1,-1
96,-1,360,148,16,16,0.84,2,-1,-1
96,-1,372,126,19,27,0.82,7,-1,-1
96,-1,384,143,21,30,0.54,7,-1,-1
97,-1,306,176,18,19,0.86,2,-1,-1
97,-1,359,147,16,16,0.84,2,-1,-1
97,-1,385,154,19,18,0.80,2,-1,-1
97,-1,372,126,19,28,0.76,7,-1,-1
98,-1,305,178,19,20,0.87,2,-1,-1
98,-1,359,146,16,16,0.85,2,-1,-1
98,-1,372,125,18,26,0.73,7,-1,-1
98,-1,384,147,20,24,0.63,2,-1,-1
99,-1,304,181,20,20,0.87,2,-1,-1
99,-1,358,145,17,16,0.85,2,-1,-1
99,-1,372,124,18,26,0.78,7,-1,-1
99,-1,384,144,20,27,0.56,2,-1,-1
100,-1,302,185,20,20,0.86,2,-1,-1
100,-1,358,144,16,15,0.83,2,-1,-1
100,-1,372,124,18,24,0.70,7,-1,-1
100,-1,384,148,19,22,0.58,2,-1,-1
101,-1,301,187,20,21,0.88,2,-1,-1
101,-1,359,143,15,15,0.83,2,-1,-1
101,-1,372,124,18,24,0.64,7,-1,-1
101,-1,382,138,21,31,0.50,7,-1,-1
102,-1,299,192,21,21,0.86,2,-1,-1
102,-1,358,142,14,15,0.85,2,-1,-1
102,-1,372,122,18,26,0.82,7,-1,-1
102,-1,382,138,20,29,0.67,7,-1,-1
103,-1,297,194,23,22,0.87,2,-1,-1
103,-1,358,142,14,15,0.84,2,-1,-1
103,-1,372,122,17,26,0.83,7,-1,-1
103,-1,382,136,19,28,0.58,7,-1,-1
104,-1,296,199,22,22,0.85,2,-1,-1
104,-1,372,122,17,26,0.84,7,-1,-1
104,-1,358,142,13,14,0.84,2,-1,-1
104,-1,381,137,20,28,0.70,7,-1,-1
105,-1,294,202,23,24,0.89,2,-1,-1
105,-1,358,141,14,14,0.84,2,-1,-1
105,-1,372,122,16,25,0.84,7,-1,-1
105,-1,380,137,20,26,0.69,7,-1,-1
106,-1,292,208,24,24,0.88,2,-1,-1
106,-1,372,121,16,25,0.82,7,-1,-1
106,-1,359,140,14,14,0.80,2,-1,-1
106,-1,380,136,19,26,0.68,7,-1,-1
107,-1,290,211,24,26,0.89,2,-1,-1
107,-1,372,121,16,25,0.84,7,-1,-1
107,-1,359,141,13,14,0.80,2,-1,-1
107,-1,380,142,17,20,0.65,2,-1,-1
108,-1,288,218,25,26,0.88,2,-1,-1
108,-1,372,120,16,25,0.83,7,-1,-1
108,-1,358,139,13,14,0.79,2,-1,-1
108,-1,380,139,18,22,0.48,2,-1,-1
109,-1,286,222,26,28,0.88,2,-1,-1
109,-1,359,138,13,14,0.83,2,-1,-1
109,-1,372,120,17,25,0.77,7,-1,-1
109,-1,378,142,18,18,0.28,2,-1,-1
110,-1,282,229,28,30,0.89,2,-1,-1
110,-1,358,137,13,13,0.80,2,-1,-1
110,-1,372,120,17,25,0.70,7,-1,-1
110,-1,378,142,17,18,0.48,2,-1,-1
111,-1,280,234,29,30,0.90,2,-1,-1
111,-1,358,136,13,14,0.79,2,-1,-1
111,-1,372,119,16,24,0.64,7,-1,-1
111,-1,378,142,17,18,0.46,2,-1,-1
112,-1,275,244,31,32,0.90,2,-1,-1
112,-1,358,135,13,14,0.82,2,-1,-1
112,-1,372,119,16,23,0.49,7,-1,-1
112,-1,379,140,16,18,0.45,2,-1,-1
113,-1,273,250,32,34,0.89,2,-1,-1
113,-1,358,135,12,13,0.81,2,-1,-1
113,-1,371,119,16,25,0.55,7,-1,-1
113,-1,378,139,17,18,0.34,2,-1,-1
114,-1,268,261,35,36,0.90,2,-1,-1
114,-1,358,134,12,13,0.82,2,-1,-1
114,-1,378,140,16,16,0.49,2,-1,-1
114,-1,370,119,16,24,0.45,7,-1,-1
115,-1,264,268,36,38,0.90,2,-1,-1
115,-1,358,133,12,13,0.80,2,-1,-1
115,-1,377,140,16,16,0.58,2,-1,-1
115,-1,370,118,15,22,0.35,7,-1,-1
115,-1,330,128,10,10,0.24,2,-1,-1
116,-1,258,281,38,42,0.91,2,-1,-1
116,-1,358,133,12,13,0.80,2,-1,-1
116,-1,377,138,16,18,0.56,2,-1,-1
116,-1,370,118,15,22,0.30,7,-1,-1
117,-1,254,292,40,44,0.91,2,-1,-1
117,-1,358,133,12,12,0.79,2,-1,-1
117,-1,377,139,16,16,0.52,2,-1,-1
117,-1,370,118,15,22,0.32,7,-1,-1
118,-1,245,306,44,50,0.91,2,-1,-1
118,-1,358,132,11,12,0.74,2,-1,-1
118,-1,376,137,16,16,0.34,2,-1,-1
118,-1,370,118,15,23,0.23,7,-1,-1
119,-1,239,320,47,53,0.91,2,-1,-1
119,-1,359,132,11,12,0.71,2,-1,-1
119,-1,376,138,16,16,0.31,2,-1,-1
119,-1,369,117,16,26,0.25,7,-1,-1
120,-1,229,342,51,59,0.91,2,-1,-1
120,-1,360,132,10,12,0.65,2,-1,-1
120,-1,327,131,11,12,0.36,2,-1,-1
120,-1,376,138,14,14,0.21,2,-1,-1
120,-1,368,117,16,26,0.16,7,-1,-1
121,-1,221,360,54,64,0.92,2,-1,-1
121,-1,359,130,11,12,0.66,2,-1,-1
121,-1,327,131,11,11,0.61,2,-1,-1
121,-1,376,138,15,14,0.56,2,-1,-1
121,-1,370,116,15,25,0.11,7,-1,-1
122,-1,206,388,63,74,0.92,2,-1,-1
122,-1,359,130,11,12,0.61,2,-1,-1
122,-1,327,132,11,12,0.61,2,-1,-1
122,-1,376,138,15,13,0.51,2,-1,-1
122,-1,370,116,16,26,0.12,7,-1,-1
123,-1,195,411,67,82,0.92,2,-1,-1
123,-1,359,129,11,12,0.67,2,-1,-1
123,-1,327,132,11,12,0.62,2,-1,-1
123,-1,376,138,14,12,0.43,2,-1,-1
124,-1,358,129,11,12,0.53,2,-1,-1
124,-1,377,138,13,12,0.24,2,-1,-1
125,-1,326,135,11,12,0.77,2,-1,-1
125,-1,359,129,10,11,0.50,2,-1,-1
125,-1,376,137,13,13,0.21,2,-1,-1
126,-1,326,136,11,12,0.75,2,-1,-1
126,-1,359,129,10,11,0.49,2,-1,-1
126,-1,376,137,13,12,0.23,2,-1,-1
127,-1,358,127,11,12,0.51,2,-1,-1
127,-1,326,137,12,12,0.34,2,-1,-1
127,-1,375,136,13,12,0.18,2,-1,-1
128,-1,326,137,12,12,0.77,2,-1,-1
128,-1,358,127,11,12,0.49,2,-1,-1
128,-1,375,136,13,12,0.15,2,-1,-1
129,-1,324,138,12,14,0.82,2,-1,-1
129,-1,358,126,11,12,0.62,2,-1,-1
129,-1,375,134,13,12,0.20,2,-1,-1
129,-1,311,128,10,12,0.18,2,-1,-1
130,-1,324,139,13,14,0.78,2,-1,-1
130,-1,358,126,10,12,0.54,2,-1,-1
130,-1,310,128,10,12,0.25,2,-1,-1
130,-1,374,134,14,12,0.15,2,-1,-1
131,-1,322,140,12,14,0.76,2,-1,-1
131,-1,358,125,10,12,0.48,2,-1,-1
131,-1,375,134,13,12,0.28,2,-1,-1
131,-1,310,128,10,12,0.15,2,-1,-1
132,-1,322,140,13,14,0.73,2,-1,-1
132,-1,358,125,10,12,0.46,2,-1,-1
132,-1,310,130,10,12,0.42,2,-1,-1
132,-1,375,134,13,12,0.27,2,-1,-1
133,-1,322,141,13,14,0.77,2,-1,-1
133,-1,358,126,10,11,0.47,2,-1,-1
133,-1,373,130,14,15,0.44,2,-1,-1
133,-1,310,131,10,12,0.32,2,-1,-1
134,-1,321,144,13,14,0.77,2,-1,-1
134,-1,308,132,11,12,0.54,2,-1,-1
134,-1,372,130,14,14,0.45,2,-1,-1
134,-1,357,123,10,10,0.15,2,-1,-1
135,-1,320,145,14,14,0.80,2,-1,-1
135,-1,309,135,10,10,0.41,2,-1,-1
135,-1,372,130,14,14,0.41,2,-1,-1
135,-1,357,123,10,11,0.32,2,-1,-1
136,-1,321,145,14,14,0.82,2,-1,-1
136,-1,372,130,14,14,0.41,2,-1,-1
136,-1,357,124,10,11,0.29,2,-1,-1
137,-1,320,148,14,15,0.81,2,-1,-1
137,-1,372,130,13,13,0.30,2,-1,-1
137,-1,356,123,11,11,0.20,2,-1,-1
138,-1,320,149,14,14,0.83,2,-1,-1
138,-1,372,130,12,13,0.29,2,-1,-1
138,-1,307,138,10,10,0.21,2,-1,-1
138,-1,356,122,11,11,0.17,2,-1,-1
139,-1,320,150,14,15,0.82,2,-1,-1
139,-1,306,138,10,10,0.13,2,-1,-1
140,-1,318,152,15,16,0.84,2,-1,-1
140,-1,372,130,12,12,0.20,2,-1,-1
140,-1,356,121,11,11,0.10,2,-1,-1
141,-1,317,152,16,16,0.85,2,-1,-1
141,-1,304,140,11,11,0.31,2,-1,-1
142,-1,317,154,15,16,0.86,2,-1,-1
142,-1,303,142,11,11,0.23,2,-1,-1
142,-1,372,129,11,12,0.15,2,-1,-1
142,-1,355,120,11,11,0.14,2,-1,-1
143,-1,318,156,15,16,0.84,2,-1,-1
143,-1,302,142,12,12,0.69,2,-1,-1
143,-1,356,120,11,11,0.13,2,-1,-1
144,-1,315,158,17,17,0.82,2,-1,-1
144,-1,302,143,12,12,0.66,2,-1,-1
145,-1,314,160,18,17,0.85,2,-1,-1
145,-1,300,144,12,11,0.62,2,-1,-1
145,-1,312,128,10,11,0.39,2,-1,-1
146,-1,312,162,18,17,0.85,2,-1,-1
146,-1,298,146,14,12,0.77,2,-1,-1
146,-1,312,128,10,12,0.62,2,-1,-1
147,-1,312,164,18,17,0.85,2,-1,-1
147,-1,298,146,14,13,0.78,2,-1,-1
147,-1,311,129,10,12,0.60,2,-1,-1
148,-1,311,167,18,18,0.86,2,-1,-1
148,-1,297,148,14,12,0.76,2,-1,-1
148,-1,311,130,10,12,0.53,2,-1,-1
149,-1,310,168,18,19,0.86,2,-1,-1
149,-1,296,148,15,13,0.83,2,-1,-1
149,-1,310,130,10,12,0.69,2,-1,-1
150,-1,308,170,20,20,0.86,2,-1,-1
150,-1,295,150,15,12,0.82,2,-1,-1
150,-1,310,132,10,12,0.71,2,-1,-1
151,-1,308,173,20,20,0.86,2,-1,-1
151,-1,295,151,14,12,0.81,2,-1,-1
151,-1,310,133,10,12,0.76,2,-1,-1
152,-1,306,176,20,20,0.85,2,-1,-1
152,-1,292,153,15,12,0.84,2,-1,-1
152,-1,309,135,11,11,0.78,2,-1,-1
153,-1,305,179,21,20,0.86,2,-1,-1
153,-1,292,154,15,14,0.85,2,-1,-1
153,-1,309,135,10,11,0.80,2,-1,-1
154,-1,304,182,21,22,0.85,2,-1,-1
154,-1,290,156,16,14,0.83,2,-1,-1
154,-1,309,137,10,10,0.42,2,-1,-1
155,-1,302,185,22,22,0.87,2,-1,-1
155,-1,289,157,16,14,0.81,2,-1,-1
155,-1,308,138,12,10,0.65,2,-1,-1
156,-1,301,190,22,22,0.87,2,-1,-1
156,-1,288,160,16,14,0.81,2,-1,-1
156,-1,307,138,12,11,0.65,2,-1,-1
157,-1,299,193,23,23,0.88,2,-1,-1
157,-1,287,161,15,14,0.84,2,-1,-1
157,-1,306,138,12,12,0.76,2,-1,-1
157,-1,367,122,12,11,0.39,2,-1,-1
158,-1,298,198,23,24,0.87,2,-1,-1
158,-1,284,163,16,14,0.85,2,-1,-1
158,-1,304,139,13,13,0.81,2,-1,-1
158,-1,367,122,12,11,0.40,2,-1,-1
159,-1,296,200,24,26,0.88,2,-1,-1
159,-1,282,165,17,14,0.82,2,-1,-1
159,-1,304,140,13,13,0.81,2,-1,-1
159,-1,367,122,12,11,0.40,2,-1,-1
160,-1,294,208,26,26,0.87,2,-1,-1
160,-1,281,169,16,13,0.83,2,-1,-1
160,-1,303,142,13,13,0.81,2,-1,-1
160,-1,366,122,11,10,0.26,2,-1,-1
161,-1,292,210,27,28,0.88,2,-1,-1
161,-1,280,169,18,14,0.85,2,-1,-1
161,-1,302,143,13,13,0.81,2,-1,-1
161,-1,366,121,11,11,0.23,2,-1,-1
162,-1,290,218,27,28,0.89,2,-1,-1
162,-1,278,172,18,15,0.84,2,-1,-1
162,-1,301,144,13,13,0.82,2,-1,-1
163,-1,288,222,28,30,0.88,2,-1,-1
163,-1,300,145,14,13,0.84,2,-1,-1
163,-1,276,174,19,15,0.83,2,-1,-1
164,-1,284,232,30,31,0.87,2,-1,-1
164,-1,272,177,19,16,0.85,2,-1,-1
164,-1,300,146,14,14,0.85,2,-1,-1
165,-1,282,238,30,32,0.88,2,-1,-1
165,-1,270,179,19,16,0.85,2,-1,-1
165,-1,299,147,14,14,0.85,2,-1,-1
165,-1,316,117,11,16,0.15,2,-1,-1
166,-1,278,248,32,34,0.89,2,-1,-1
166,-1,268,183,20,17,0.85,2,-1,-1
166,-1,298,149,14,13,0.83,2,-1,-1
167,-1,275,255,33,36,0.89,2,-1,-1
167,-1,266,185,20,17,0.86,2,-1,-1
167,-1,297,150,15,13,0.83,2,-1,-1
168,-1,271,268,34,39,0.89,2,-1,-1
168,-1,263,188,21,18,0.86,2,-1,-1
168,-1,295,151,16,14,0.83,2,-1,-1
169,-1,266,277,37,41,0.90,2,-1,-1
169,-1,260,191,22,18,0.86,2,-1,-1
169,-1,294,153,16,14,0.85,2,-1,-1
170,-1,260,292,39,45,0.91,2,-1,-1
170,-1,257,195,22,19,0.86,2,-1,-1
170,-1,292,155,17,15,0.86,2,-1,-1
171,-1,255,304,42,49,0.90,2,-1,-1
171,-1,255,197,22,20,0.87,2,-1,-1
171,-1,292,156,17,15,0.84,2,-1,-1
172,-1,248,322,44,56,0.91,2,-1,-1
172,-1,250,201,23,22,0.86,2,-1,-1
172,-1,290,158,16,15,0.83,2,-1,-1
173,-1,241,339,49,60,0.91,2,-1,-1
173,-1,248,203,24,24,0.86,2,-1,-1
173,-1,289,161,17,15,0.83,2,-1,-1
174,-1,230,368,54,68,0.94,2,-1,-1
174,-1,242,210,25,24,0.89,2,-1,-1
174,-1,287,162,18,16,0.84,2,-1,-1
174,-1,314,118,13,16,0.21,2,-1,-1
175,-1,221,389,58,76,0.93,2,-1,-1
175,-1,239,214,26,25,0.85,2,-1,-1
175,-1,286,164,18,16,0.84,2,-1,-1
176,-1,515,358,120,176,0.93,7,-1,-1
176,-1,205,424,66,93,0.92,2,-1,-1
176,-1,233,220,28,28,0.87,2,-1,-1
176,-1,284,166,19,17,0.84,2,-1,-1
177,-1,229,226,28,27,0.87,2,-1,-1
177,-1,282,168,19,17,0.85,2,-1,-1
178,-1,496,326,137,176,0.92,7,-1,-1
178,-1,222,233,29,30,0.88,2,-1,-1
178,-1,281,170,20,18,0.85,2,-1,-1
179,-1,490,316,124,165,0.93,7,-1,-1
179,-1,217,237,31,32,0.88,2,-1,-1
179,-1,280,171,20,20,0.85,2,-1,-1
179,-1,312,120,12,16,0.27,7,-1,-1
180,-1,482,302,116,146,0.93,7,-1,-1
180,-1,208,247,33,35,0.88,2,-1,-1
180,-1,277,173,21,21,0.87,2,-1,-1
180,-1,312,121,12,17,0.49,2,-1,-1
181,-1,476,290,108,140,0.94,7,-1,-1
181,-1,202,254,36,37,0.89,2,-1,-1
181,-1,276,174,21,22,0.84,2,-1,-1
181,-1,312,124,11,15,0.47,2,-1,-1
182,-1,468,280,101,127,0.93,7,-1,-1
182,-1,192,261,38,44,0.89,2,-1,-1
182,-1,273,178,22,23,0.85,2,-1,-1
182,-1,311,125,11,14,0.70,2,-1,-1
183,-1,464,273,97,120,0.93,7,-1,-1
183,-1,185,274,40,42,0.90,2,-1,-1
183,-1,271,180,23,24,0.87,2,-1,-1
183,-1,311,125,11,14,0.70,2,-1,-1
184,-1,459,262,89,112,0.93,7,-1,-1
184,-1,174,287,42,46,0.90,2,-1,-1
184,-1,268,184,24,24,0.87,2,-1,-1
184,-1,310,126,12,15,0.58,2,-1,-1
185,-1,454,256,86,106,0.93,7,-1,-1
185,-1,164,298,44,48,0.90,2,-1,-1
185,-1,266,186,24,25,0.89,2,-1,-1
185,-1,310,126,12,15,0.68,2,-1,-1
186,-1,450,247,80,100,0.92,7,-1,-1
186,-1,149,314,50,56,0.91,2,-1,-1
186,-1,263,190,24,26,0.86,2,-1,-1
186,-1,310,126,12,15,0.74,2,-1,-1
187,-1,138,326,54,62,0.93,2,-1,-1
187,-1,447,242,77,96,0.92,7,-1,-1
187,-1,260,192,26,28,0.89,2,-1,-1
187,-1,309,127,12,15,0.81,2,-1,-1
188,-1,119,351,59,68,0.93,2,-1,-1
188,-1,442,234,72,89,0.92,7,-1,-1
188,-1,256,196,27,29,0.88,2,-1,-1
188,-1,308,127,13,16,0.78,2,-1,-1
189,-1,104,372,64,72,0.93,2,-1,-1
189,-1,438,230,70,86,0.92,7,-1,-1
189,-1,254,201,27,29,0.87,2,-1,-1
189,-1,307,128,14,16,0.78,2,-1,-1
190,-1,79,402,72,84,0.93,2,-1,-1
190,-1,435,223,66,81,0.92,7,-1,-1
190,-1,249,206,28,30,0.89,2,-1,-1
190,-1,306,128,14,16,0.82,2,-1,-1
191,-1,432,219,64,80,0.92,7,-1,-1
191,-1,56,426,80,94,0.91,2,-1,-1
191,-1,246,209,29,32,0.90,2,-1,-1
191,-1,306,130,13,16,0.83,2,-1,-1
192,-1,430,214,60,75,0.91,7,-1,-1
192,-1,240,216,31,34,0.89,2,-1,-1
192,-1,31,470,80,63,0.87,2,-1,-1
192,-1,306,130,13,16,0.84,2,-1,-1
192,-1,298,147,13,12,0.41,2,-1,-1
193,-1,428,210,58,73,0.91,7,-1,-1
193,-1,236,220,32,36,0.89,2,-1,-1
193,-1,305,131,14,16,0.85,2,-1,-1
193,-1,298,148,13,12,0.58,2,-1,-1
193,-1,8,502,83,33,0.47,2,-1,-1
194,-1,424,206,56,68,0.92,7,-1,-1
194,-1,230,229,34,37,0.90,2,-1,-1
194,-1,304,132,14,15,0.83,2,-1,-1
194,-1,297,149,13,13,0.71,2,-1,-1
195,-1,422,204,54,67,0.91,7,-1,-1
195,-1,224,235,36,38,0.90,2,-1,-1
195,-1,304,133,13,16,0.84,2,-1,-1
195,-1,296,150,13,14,0.73,2,-1,-1
196,-1,419,199,52,64,0.91,7,-1,-1
196,-1,217,244,38,42,0.90,2,-1,-1
196,-1,303,134,14,16,0.84,2,-1,-1
196,-1,295,153,13,12,0.54,2,-1,-1
197,-1,418,196,50,63,0.92,7,-1,-1
197,-1,210,250,40,45,0.91,2,-1,-1
197,-1,302,135,14,16,0.85,2,-1,-1
197,-1,294,154,13,12,0.66,2,-1,-1
198,-1,416,191,48,59,0.91,7,-1,-1
198,-1,201,261,43,48,0.90,2,-1,-1
198,-1,301,136,14,17,0.87,2,-1,-1
198,-1,293,156,14,14,0.74,2,-1,-1
199,-1,414,190,46,57,0.90,7,-1,-1
199,-1,194,269,44,51,0.90,2,-1,-1
199,-1,300,136,15,17,0.87,2,-1,-1
199,-1,292,157,14,14,0.76,2,-1,-1
200,-1,183,281,47,58,0.92,2,-1,-1
200,-1,412,186,44,56,0.90,7,-1,-1
200,-1,299,138,15,17,0.87,2,-1,-1
200,-1,291,158,14,14,0.75,2,-1,-1
200,-1,328,125,11,13,0.31,2,-1,-1
201,-1,410,184,44,55,0.91,7,-1,-1
201,-1,174,293,49,60,0.90,2,-1,-1
201,-1,298,138,16,18,0.87,2,-1,-1
201,-1,290,159,15,16,0.82,2,-1,-1
201,-1,327,125,11,12,0.64,2,-1,-1
202,-1,160,312,54,66,0.92,2,-1,-1
202,-1,408,181,43,54,0.91,7,-1,-1
202,-1,298,140,16,18,0.87,2,-1,-1
202,-1,288,162,16,16,0.82,2,-1,-1
202,-1,328,127,10,12,0.27,2,-1,-1
203,-1,149,325,56,73,0.92,2,-1,-1
203,-1,407,178,42,53,0.90,7,-1,-1
203,-1,297,141,16,18,0.87,2,-1,-1
203,-1,288,163,16,16,0.82,2,-1,-1
203,-1,328,130,9,10,0.11,2,-1,-1
204,-1,127,350,65,80,0.91,2,-1,-1
204,-1,406,176,40,51,0.91,7,-1,-1
204,-1,296,142,16,18,0.86,2,-1,-1
204,-1,286,164,17,18,0.84,2,-1,-1
204,-1,327,129,10,11,0.32,2,-1,-1
205,-1,112,370,71,88,0.92,2,-1,-1
205,-1,404,174,39,50,0.90,7,-1,-1
205,-1,296,143,16,18,0.86,2,-1,-1
205,-1,284,167,18,18,0.85,2,-1,-1
205,-1,326,128,12,13,0.32,2,-1,-1
206,-1,86,404,79,100,0.93,2,-1,-1
206,-1,402,171,38,49,0.90,7,-1,-1
206,-1,294,144,18,20,0.86,2,-1,-1
206,-1,282,171,18,17,0.83,2,-1,-1
206,-1,326,128,12,13,0.48,2,-1,-1
207,-1,65,429,86,102,0.92,2,-1,-1
207,-1,402,170,37,47,0.89,7,-1,-1
207,-1,293,145,17,20,0.87,2,-1,-1
207,-1,281,172,18,18,0.85,2,-1,-1
207,-1,326,129,12,13,0.58,2,-1,-1
208,-1,400,167,36,46,0.91,7,-1,-1
208,-1,292,147,18,20,0.88,2,-1,-1
208,-1,278,174,19,21,0.86,2,-1,-1
208,-1,52,477,74,58,0.75,2,-1,-1
208,-1,326,130,12,13,0.56,2,-1,-1
209,-1,398,166,36,46,0.90,7,-1,-1
209,-1,292,148,18,21,0.87,2,-1,-1
209,-1,277,176,20,20,0.85,2,-1,-1
209,-1,326,131,12,13,0.43,2,-1,-1
210,-1,398,163,35,43,0.89,7,-1,-1
210,-1,290,150,18,21,0.86,2,-1,-1
210,-1,275,180,20,21,0.85,2,-1,-1
210,-1,325,130,13,14,0.66,2,-1,-1
211,-1,396,162,35,44,0.90,7,-1,-1
211,-1,273,181,20,22,0.85,2,-1,-1
211,-1,290,151,18,21,0.85,2,-1,-1
211,-1,325,130,13,14,0.68,2,-1,-1
212,-1,395,160,34,42,0.89,7,-1,-1
212,-1,270,184,21,24,0.88,2,-1,-1
212,-1,288,153,18,22,0.86,2,-1,-1
212,-1,324,132,13,14,0.78,2,-1,-1
213,-1,268,188,21,24,0.88,2,-1,-1
213,-1,287,154,19,22,0.87,2,-1,-1
213,-1,395,160,32,40,0.87,7,-1,-1
213,-1,324,133,13,13,0.78,2,-1,-1
214,-1,286,156,19,22,0.87,2,-1,-1
214,-1,264,191,23,26,0.87,2,-1,-1
214,-1,392,158,32,40,0.86,7,-1,-1
214,-1,324,133,12,13,0.79,2,-1,-1
215,-1,392,156,30,39,0.89,7,-1,-1
215,-1,262,194,24,27,0.87,2,-1,-1
215,-1,286,158,19,22,0.85,2,-1,-1
215,-1,323,135,13,14,0.75,2,-1,-1
216,-1,392,154,29,38,0.89,7,-1,-1
216,-1,258,200,26,28,0.88,2,-1,-1
216,-1,284,160,20,23,0.86,2,-1,-1
216,-1,323,135,12,14,0.75,2,-1,-1
217,-1,391,154,30,38,0.88,7,-1,-1
217,-1,282,162,21,24,0.87,2,-1,-1
217,-1,255,204,26,29,0.86,2,-1,-1
217,-1,322,136,14,14,0.75,2,-1,-1
218,-1,250,210,28,31,0.89,2,-1,-1
218,-1,281,164,20,26,0.85,2,-1,-1
218,-1,390,152,30,38,0.85,7,-1,-1
218,-1,322,138,12,14,0.73,2,-1,-1
219,-1,246,214,29,32,0.88,2,-1,-1
219,-1,280,166,21,25,0.85,2,-1,-1
219,-1,322,138,13,14,0.75,2,-1,-1
219,-1,388,151,30,36,0.71,7,-1,-1
220,-1,278,168,22,26,0.89,2,-1,-1
220,-1,240,222,31,34,0.88,2,-1,-1
220,-1,388,149,29,37,0.77,7,-1,-1
220,-1,321,139,13,14,0.76,2,-1,-1
221,-1,277,171,22,26,0.89,2,-1,-1
221,-1,236,224,32,38,0.88,2,-1,-1
221,-1,387,148,28,36,0.77,7,-1,-1
221,-1,322,139,14,15,0.74,2,-1,-1
222,-1,228,236,31,38,0.89,2,-1,-1
222,-1,275,173,23,28,0.88,2,-1,-1
222,-1,322,138,14,17,0.71,2,-1,-1
222,-1,386,146,28,35,0.57,7,-1,-1
223,-1,222,241,34,42,0.90,2,-1,-1
223,-1,274,175,24,29,0.87,2,-1,-1
223,-1,386,146,27,34,0.73,7,-1,-1
223,-1,320,142,13,14,0.71,2,-1,-1
224,-1,212,254,38,42,0.90,2,-1,-1
224,-1,272,178,25,31,0.88,2,-1,-1
224,-1,320,142,14,16,0.77,2,-1,-1
224,-1,385,145,28,34,0.68,7,-1,-1
225,-1,206,261,39,46,0.90,2,-1,-1
225,-1,270,181,27,31,0.87,2,-1,-1
225,-1,320,144,14,16,0.79,2,-1,-1
225,-1,384,144,27,34,0.61,2,-1,-1
226,-1,195,274,42,50,0.90,2,-1,-1
226,-1,267,185,27,32,0.88,2,-1,-1
226,-1,384,143,27,34,0.83,7,-1,-1
226,-1,318,145,14,16,0.79,2,-1,-1
227,-1,187,285,44,53,0.91,2,-1,-1
227,-1,266,188,28,34,0.89,2,-1,-1
227,-1,318,147,14,14,0.81,2,-1,-1
227,-1,384,142,27,33,0.77,7,-1,-1
227,-1,323,140,12,10,0.25,2,-1,-1
228,-1,172,303,48,59,0.92,2,-1,-1
228,-1,263,192,29,35,0.89,2,-1,-1
228,-1,317,149,15,15,0.82,2,-1,-1
228,-1,384,141,25,32,0.77,7,-1,-1
228,-1,322,140,12,10,0.46,2,-1,-1
229,-1,159,316,53,65,0.91,2,-1,-1
229,-1,261,194,30,38,0.89,2,-1,-1
229,-1,317,149,15,14,0.79,2,-1,-1
229,-1,383,141,25,31,0.68,7,-1,-1
229,-1,322,141,12,10,0.28,2,-1,-1
230,-1,140,340,58,74,0.92,2,-1,-1
230,-1,258,200,31,39,0.88,2,-1,-1
230,-1,317,150,14,15,0.80,2,-1,-1
230,-1,382,140,24,31,0.64,7,-1,-1
230,-1,323,140,12,10,0.53,2,-1,-1
231,-1,124,359,64,80,0.92,2,-1,-1
231,-1,255,205,31,40,0.89,2,-1,-1
231,-1,315,152,16,15,0.79,2,-1,-1
231,-1,324,141,12,12,0.67,2,-1,-1
231,-1,382,140,24,30,0.61,7,-1,-1
232,-1,98,394,72,90,0.92,2,-1,-1
232,-1,252,210,34,42,0.89,2,-1,-1
232,-1,314,154,16,15,0.81,2,-1,-1
232,-1,324,142,12,12,0.67,2,-1,-1
232,-1,380,138,24,30,0.54,2,-1,-1
233,-1,78,418,78,102,0.92,2,-1,-1
233,-1,248,214,37,44,0.89,2,-1,-1
233,-1,314,155,16,15,0.82,2,-1,-1
233,-1,324,142,12,12,0.66,2,-1,-1
233,-1,381,138,24,30,0.60,7,-1,-1
234,-1,243,222,39,47,0.89,2,-1,-1
234,-1,53,466,75,69,0.84,7,-1,-1
234,-1,313,157,16,14,0.82,2,-1,-1
234,-1,380,138,23,28,0.74,2,-1,-1
234,-1,322,144,12,12,0.70,2,-1,-1
235,-1,240,227,40,50,0.90,2,-1,-1
235,-1,312,158,16,16,0.81,2,-1,-1
235,-1,380,137,22,28,0.73,2,-1,-1
235,-1,320,145,13,12,0.69,2,-1,-1
236,-1,234,236,42,54,0.90,2,-1,-1
236,-1,311,160,17,16,0.81,2,-1,-1
236,-1,320,146,13,12,0.79,2,-1,-1
236,-1,380,136,22,28,0.52,7,-1,-1
237,-1,230,243,42,56,0.90,2,-1,-1
237,-1,310,161,17,16,0.82,2,-1,-1
237,-1,320,146,13,12,0.80,2,-1,-1
237,-1,380,135,21,28,0.71,2,-1,-1
238,-1,224,253,46,62,0.91,2,-1,-1
238,-1,308,163,18,17,0.84,2,-1,-1
238,-1,318,149,14,12,0.79,2,-1,-1
238,-1,379,135,21,26,0.73,2,-1,-1
239,-1,218,262,48,67,0.92,2,-1,-1
239,-1,308,164,19,18,0.84,2,-1,-1
239,-1,318,149,14,12,0.81,2,-1,-1
239,-1,378,134,22,27,0.60,2,-1,-1
240,-1,210,273,53,74,0.92,2,-1,-1
240,-1,306,166,20,18,0.84,2,-1,-1
240,-1,318,150,14,14,0.77,2,-1,-1
240,-1,378,133,22,27,0.54,7,-1,-1
241,-1,203,283,56,78,0.91,2,-1,-1
241,-1,306,168,19,18,0.85,2,-1,-1
241,-1,317,152,14,12,0.80,2,-1,-1
241,-1,378,133,22,27,0.58,2,-1,-1
242,-1,195,294,60,85,0.92,2,-1,-1
242,-1,305,169,20,19,0.84,2,-1,-1
242,-1,316,153,14,12,0.82,2,-1,-1
242,-1,378,132,20,26,0.53,2,-1,-1
243,-1,183,312,65,96,0.92,2,-1,-1
243,-1,304,172,20,20,0.86,2,-1,-1
243,-1,315,154,15,14,0.84,2,-1,-1
243,-1,377,132,20,26,0.55,2,-1,-1
244,-1,168,336,72,106,0.93,2,-1,-1
244,-1,302,175,20,20,0.85,2,-1,-1
244,-1,314,155,16,14,0.82,2,-1,-1
244,-1,377,131,20,26,0.64,2,-1,-1
245,-1,157,354,76,118,0.92,2,-1,-1
245,-1,300,177,21,20,0.84,2,-1,-1
245,-1,314,157,16,14,0.82,2,-1,-1
245,-1,376,131,20,24,0.75,2,-1,-1
246,-1,136,385,87,136,0.94,2,-1,-1
246,-1,299,180,21,21,0.86,2,-1,-1
246,-1,313,157,17,15,0.83,2,-1,-1
246,-1,376,131,19,24,0.80,2,-1,-1
247,-1,298,181,21,22,0.86,2,-1,-1
247,-1,313,160,17,14,0.83,2,-1,-1
247,-1,376,131,19,24,0.80,2,-1,-1
248,-1,297,184,22,23,0.85,2,-1,-1
248,-1,312,161,17,15,0.83,2,-1,-1
248,-1,376,130,18,23,0.80,2,-1,-1
249,-1,295,186,23,24,0.87,2,-1,-1
249,-1,312,162,17,16,0.83,2,-1,-1
249,-1,376,129,19,23,0.80,2,-1,-1
250,-1,294,190,23,24,0.86,2,-1,-1
250,-1,312,164,18,16,0.83,2,-1,-1
250,-1,375,129,19,22,0.81,2,-1,-1
251,-1,422,450,75,82,0.92,2,-1,-1
251,-1,292,192,24,25,0.88,2,-1,-1
251,-1,310,166,18,16,0.83,2,-1,-1
251,-1,374,128,19,22,0.80,2,-1,-1
252,-1,416,418,66,73,0.91,2,-1,-1
252,-1,290,196,24,27,0.88,2,-1,-1
252,-1,308,167,20,18,0.86,2,-1,-1
252,-1,374,128,18,22,0.80,2,-1,-1
252,-1,328,126,9,11,0.21,2,-1,-1
253,-1,413,399,62,68,0.94,2,-1,-1
253,-1,288,198,26,29,0.88,2,-1,-1
253,-1,308,168,19,19,0.87,2,-1,-1
253,-1,375,128,18,22,0.79,2,-1,-1
253,-1,328,126,10,11,0.51,2,-1,-1
254,-1,408,373,56,61,0.92,2,-1,-1
254,-1,286,202,26,30,0.87,2,-1,-1
254,-1,307,171,20,18,0.84,2,-1,-1
254,-1,374,127,17,21,0.80,2,-1,-1
254,-1,328,126,10,11,0.52,2,-1,-1
255,-1,406,357,53,58,0.91,2,-1,-1
255,-1,283,204,28,32,0.87,2,-1,-1
255,-1,306,173,21,19,0.84,2,-1,-1
255,-1,374,126,18,20,0.80,2,-1,-1
255,-1,327,126,10,12,0.42,2,-1,-1
256,-1,401,337,48,54,0.91,2,-1,-1
256,-1,280,210,29,32,0.89,2,-1,-1
256,-1,305,175,20,20,0.86,2,-1,-1
256,-1,373,125,18,20,0.82,2,-1,-1
256,-1,327,126,10,12,0.38,2,-1,-1
257,-1,398,324,47,51,0.91,2,-1,-1
257,-1,279,214,30,34,0.88,2,-1,-1
257,-1,304,177,21,20,0.85,2,-1,-1
257,-1,374,126,17,20,0.83,2,-1,-1
257,-1,326,129,10,10,0.13,2,-1,-1
258,-1,395,308,44,48,0.90,2,-1,-1
258,-1,276,220,30,36,0.90,2,-1,-1
258,-1,303,179,21,22,0.88,2,-1,-1
258,-1,374,125,16,20,0.83,2,-1,-1
258,-1,326,129,10,10,0.12,2,-1,-1
259,-1,393,298,42,46,0.91,2,-1,-1
259,-1,274,225,32,36,0.89,2,-1,-1
259,-1,302,181,22,22,0.87,2,-1,-1
259,-1,373,124,17,21,0.82,2,-1,-1
259,-1,326,129,10,12,0.55,2,-1,-1
260,-1,269,230,34,40,0.90,2,-1,-1
260,-1,390,286,40,41,0.90,2,-1,-1
260,-1,299,184,24,24,0.87,2,-1,-1
260,-1,373,124,16,20,0.79,2,-1,-1
260,-1,326,130,10,12,0.56,2,-1,-1
261,-1,266,234,35,43,0.90,2,-1,-1
261,-1,389,278,38,40,0.90,2,-1,-1
261,-1,298,186,25,25,0.88,2,-1,-1
261,-1,373,124,16,20,0.80,2,-1,-1
261,-1,326,130,10,12,0.57,2,-1,-1
262,-1,263,239,37,45,0.90,2,-1,-1
262,-1,387,271,36,38,0.90,2,-1,-1
262,-1,298,188,24,26,0.87,2,-1,-1
262,-1,373,124,16,20,0.80,2,-1,-1
262,-1,325,131,11,12,0.61,2,-1,-1
263,-1,258,248,39,48,0.89,2,-1,-1
263,-1,385,260,34,36,0.89,2,-1,-1
263,-1,296,193,24,26,0.87,2,-1,-1
263,-1,372,123,16,20,0.81,2,-1,-1
263,-1,324,132,12,12,0.55,2,-1,-1
264,-1,252,257,42,52,0.90,2,-1,-1
264,-1,384,251,34,35,0.88,2,-1,-1
264,-1,294,197,25,27,0.86,2,-1,-1
264,-1,372,122,16,19,0.82,2,-1,-1
264,-1,324,132,11,12,0.60,2,-1,-1
265,-1,249,264,42,54,0.90,2,-1,-1
265,-1,382,246,33,33,0.88,2,-1,-1
265,-1,291,199,28,29,0.88,2,-1,-1
265,-1,372,122,16,20,0.75,2,-1,-1
265,-1,324,132,12,14,0.68,2,-1,-1
266,-1,244,275,44,59,0.90,2,-1,-1
266,-1,290,203,28,30,0.90,2,-1,-1
266,-1,381,238,30,32,0.88,2,-1,-1
266,-1,371,122,16,19,0.77,2,-1,-1
266,-1,324,134,11,12,0.62,2,-1,-1
267,-1,238,283,48,63,0.91,2,-1,-1
267,-1,288,208,28,30,0.88,2,-1,-1
267,-1,380,233,29,30,0.88,2,-1,-1
267,-1,371,122,16,19,0.77,2,-1,-1
267,-1,323,135,11,13,0.71,2,-1,-1
268,-1,230,297,51,70,0.91,2,-1,-1
268,-1,286,213,28,32,0.89,2,-1,-1
268,-1,378,226,28,29,0.89,2,-1,-1
268,-1,370,121,16,19,0.73,2,-1,-1
268,-1,322,135,12,13,0.72,2,-1,-1
269,-1,225,309,54,72,0.92,2,-1,-1
269,-1,378,222,28,28,0.90,2,-1,-1
269,-1,284,217,30,33,0.89,2,-1,-1
269,-1,370,121,16,19,0.73,2,-1,-1
269,-1,322,136,12,14,0.70,2,-1,-1
270,-1,215,327,58,80,0.92,2,-1,-1
270,-1,377,217,27,28,0.89,2,-1,-1
270,-1,280,223,31,35,0.88,2,-1,-1
270,-1,370,120,15,18,0.77,2,-1,-1
270,-1,322,136,12,14,0.68,2,-1,-1
271,-1,207,340,62,87,0.92,2,-1,-1
271,-1,279,227,31,37,0.90,2,-1,-1
271,-1,376,213,26,26,0.88,2,-1,-1
271,-1,370,120,16,18,0.74,2,-1,-1
271,-1,322,138,12,14,0.72,2,-1,-1
272,-1,194,366,69,96,0.92,2,-1,-1
272,-1,274,234,34,40,0.91,2,-1,-1
272,-1,376,208,24,26,0.87,2,-1,-1
272,-1,369,120,16,19,0.71,2,-1,-1
272,-1,322,139,12,14,0.69,2,-1,-1
273,-1,186,384,72,104,0.93,2,-1,-1
273,-1,271,239,35,42,0.89,2,-1,-1
273,-1,374,204,24,26,0.87,2,-1,-1
273,-1,370,119,15,18,0.69,2,-1,-1
273,-1,322,139,12,14,0.67,2,-1,-1
274,-1,169,416,80,115,0.93,2,-1,-1
274,-1,266,248,38,44,0.90,2,-1,-1
274,-1,374,199,24,25,0.87,2,-1,-1
274,-1,321,140,13,14,0.76,2,-1,-1
274,-1,369,119,15,17,0.68,2,-1,-1
275,-1,264,254,38,46,0.90,2,-1,-1
275,-1,373,197,24,24,0.88,2,-1,-1
275,-1,320,142,13,14,0.75,2,-1,-1
275,-1,368,119,14,17,0.65,2,-1,-1
276,-1,259,266,40,49,0.91,2,-1,-1
276,-1,372,192,23,24,0.89,2,-1,-1
276,-1,320,144,13,14,0.74,2,-1,-1
276,-1,368,119,14,17,0.65,2,-1,-1
277,-1,255,272,42,52,0.91,2,-1,-1
277,-1,372,190,22,24,0.87,2,-1,-1
277,-1,320,146,13,13,0.80,2,-1,-1
277,-1,368,118,14,18,0.57,2,-1,-1
278,-1,248,284,45,57,0.92,2,-1,-1
278,-1,370,186,23,24,0.87,2,-1,-1
278,-1,319,147,14,14,0.82,2,-1,-1
278,-1,368,117,14,18,0.52,2,-1,-1
279,-1,243,294,47,60,0.92,2,-1,-1
279,-1,370,183,23,24,0.85,2,-1,-1
279,-1,319,148,13,14,0.81,2,-1,-1
279,-1,368,117,14,18,0.52,2,-1,-1
280,-1,234,309,52,67,0.93,2,-1,-1
280,-1,369,180,22,22,0.86,2,-1,-1
280,-1,318,149,14,14,0.81,2,-1,-1
280,-1,368,117,14,17,0.53,2,-1,-1
281,-1,229,321,54,71,0.93,2,-1,-1
281,-1,368,178,22,23,0.87,2,-1,-1
281,-1,318,149,14,14,0.80,2,-1,-1
281,-1,368,116,14,17,0.51,2,-1,-1
282,-1,218,341,61,80,0.92,2,-1,-1
282,-1,368,175,22,22,0.85,2,-1,-1
282,-1,318,151,14,15,0.82,2,-1,-1
282,-1,366,116,14,17,0.60,2,-1,-1
283,-1,210,356,64,86,0.92,2,-1,-1
283,-1,368,174,21,22,0.86,2,-1,-1
283,-1,316,152,15,15,0.84,2,-1,-1
283,-1,366,116,14,17,0.60,2,-1,-1
284,-1,196,383,72,98,0.92,2,-1,-1
284,-1,367,172,21,22,0.87,2,-1,-1
284,-1,316,154,15,16,0.85,2,-1,-1
284,-1,366,115,14,16,0.55,2,-1,-1
285,-1,188,402,76,107,0.93,2,-1,-1
285,-1,367,170,20,21,0.86,2,-1,-1
285,-1,316,154,15,16,0.86,2,-1,-1
285,-1,366,115,14,16,0.59,2,-1,-1
286,-1,177,426,82,109,0.93,2,-1,-1
286,-1,366,168,19,21,0.85,2,-1,-1
286,-1,314,155,16,17,0.85,2,-1,-1
286,-1,366,115,13,16,0.63,2,-1,-1
287,-1,366,165,19,20,0.87,2,-1,-1
287,-1,313,158,16,16,0.83,2,-1,-1
287,-1,366,114,13,16,0.58,2,-1,-1
288,-1,365,164,20,20,0.87,2,-1,-1
288,-1,312,161,16,16,0.85,2,-1,-1
288,-1,366,115,13,16,0.65,2,-1,-1
289,-1,365,163,20,19,0.86,2,-1,-1
289,-1,311,162,17,18,0.85,2,-1,-1
289,-1,365,114,12,16,0.40,7,-1,-1
290,-1,364,160,19,19,0.87,2,-1,-1
290,-1,310,164,17,17,0.84,2,-1,-1
290,-1,364,113,13,16,0.36,2,-1,-1
291,-1,364,159,19,18,0.87,2,-1,-1
291,-1,309,166,18,18,0.86,2,-1,-1
291,-1,364,113,13,16,0.40,2,-1,-1
292,-1,308,168,19,19,0.87,2,-1,-1
292,-1,364,158,19,18,0.87,2,-1,-1
292,-1,364,113,13,16,0.54,2,-1,-1
293,-1,364,156,18,18,0.86,2,-1,-1
293,-1,306,170,19,19,0.85,2,-1,-1
293,-1,364,113,13,16,0.55,2,-1,-1
294,-1,364,154,18,18,0.87,2,-1,-1
294,-1,306,172,20,19,0.86,2,-1,-1
294,-1,364,113,13,15,0.46,2,-1,-1
295,-1,363,153,17,17,0.88,2,-1,-1
295,-1,305,174,20,20,0.86,2,-1,-1
295,-1,363,112,13,16,0.40,7,-1,-1
296,-1,363,152,17,16,0.87,2,-1,-1
296,-1,304,176,20,21,0.85,2,-1,-1
296,-1,362,112,14,16,0.46,2,-1,-1
297,-1,302,178,20,22,0.87,2,-1,-1
297,-1,362,150,17,17,0.85,2,-1,-1
297,-1,362,112,14,16,0.42,2,-1,-1
298,-1,299,182,22,22,0.85,2,-1,-1
298,-1,362,148,16,17,0.85,2,-1,-1
298,-1,362,111,13,15,0.39,2,-1,-1
298,-1,318,118,10,12,0.15,2,-1,-1
299,-1,299,185,21,23,0.86,2,-1,-1
299,-1,362,148,17,17,0.84,2,-1,-1
299,-1,362,111,13,15,0.39,2,-1,-1
299,-1,318,118,10,12,0.17,2,-1,-1
300,-1,297,187,22,24,0.87,2,-1,-1
300,-1,362,147,16,16,0.85,2,-1,-1
300,-1,362,111,12,15,0.33,2,-1,-1
301,-1,296,190,23,24,0.86,2,-1,-1
301,-1,360,145,17,17,0.84,2,-1,-1
301,-1,362,111,12,15,0.42,7,-1,-1
302,-1,292,194,25,27,0.88,2,-1,-1
302,-1,361,144,17,16,0.82,2,-1,-1
302,-1,361,111,12,15,0.33,7,-1,-1
303,-1,292,198,24,27,0.89,2,-1,-1
303,-1,361,144,16,16,0.80,2,-1,-1
303,-1,360,111,12,14,0.39,7,-1,-1
304,-1,289,202,24,28,0.88,2,-1,-1
304,-1,360,142,16,16,0.79,2,-1,-1
304,-1,360,111,12,14,0.29,7,-1,-1
305,-1,288,206,25,28,0.87,2,-1,-1
305,-1,360,142,17,16,0.79,2,-1,-1
305,-1,360,111,12,14,0.30,7,-1,-1
306,-1,284,212,26,29,0.88,2,-1,-1
306,-1,360,141,16,14,0.77,2,-1,-1
306,-1,360,111,11,14,0.33,7,-1,-1
307,-1,280,216,28,30,0.89,2,-1,-1
307,-1,360,141,15,14,0.73,2,-1,-1
307,-1,360,111,11,14,0.30,7,-1,-1
308,-1,277,224,29,31,0.88,2,-1,-1
308,-1,360,140,15,14,0.77,2,-1,-1
308,-1,359,110,11,13,0.11,7,-1,-1
309,-1,273,225,31,36,0.89,2,-1,-1
309,-1,360,139,15,14,0.74,2,-1,-1
309,-1,314,122,11,14,0.54,2,-1,-1
310,-1,268,232,32,38,0.90,2,-1,-1
310,-1,360,138,15,14,0.74,2,-1,-1
310,-1,314,122,11,14,0.55,2,-1,-1
311,-1,264,237,34,41,0.88,2,-1,-1
311,-1,360,137,14,14,0.76,2,-1,-1
311,-1,314,122,11,14,0.57,2,-1,-1
312,-1,259,248,35,42,0.88,2,-1,-1
312,-1,360,136,14,13,0.64,2,-1,-1
312,-1,314,122,11,14,0.35,2,-1,-1
313,-1,254,252,36,46,0.89,2,-1,-1
313,-1,359,136,14,14,0.80,2,-1,-1
313,-1,314,123,11,13,0.50,2,-1,-1
314,-1,246,263,40,50,0.89,2,-1,-1
314,-1,360,136,13,14,0.79,2,-1,-1
314,-1,314,123,11,13,0.52,2,-1,-1
315,-1,240,272,41,53,0.87,2,-1,-1
315,-1,359,135,12,12,0.76,2,-1,-1
315,-1,313,124,10,14,0.25,2,-1,-1
316,-1,230,284,45,58,0.87,2,-1,-1
316,-1,360,135,12,11,0.61,2,-1,-1
316,-1,312,124,11,14,0.49,2,-1,-1
317,-1,222,298,48,59,0.87,2,-1,-1
317,-1,360,135,12,11,0.56,2,-1,-1
317,-1,312,124,11,14,0.49,2,-1,-1
318,-1,209,318,52,63,0.91,2,-1,-1
318,-1,360,134,12,11,0.54,2,-1,-1
318,-1,312,123,11,15,0.52,2,-1,-1
319,-1,200,332,56,67,0.92,2,-1,-1
319,-1,312,123,11,16,0.50,2,-1,-1
319,-1,360,134,12,11,0.32,2,-1,-1
320,-1,182,356,62,74,0.93,2,-1,-1
320,-1,312,122,12,17,0.43,2,-1,-1
320,-1,359,132,12,12,0.35,2,-1,-1
321,-1,169,374,67,82,0.92,2,-1,-1
321,-1,311,122,12,17,0.37,2,-1,-1
321,-1,359,132,12,12,0.35,2,-1,-1
322,-1,146,405,75,94,0.93,2,-1,-1
322,-1,311,125,11,15,0.68,2,-1,-1
322,-1,359,131,12,11,0.13,2,-1,-1
323,-1,129,428,81,105,0.93,2,-1,-1
323,-1,311,125,11,15,0.66,2,-1,-1
323,-1,358,128,12,14,0.52,2,-1,-1
324,-1,310,125,12,16,0.67,2,-1,-1
324,-1,358,128,12,12,0.13,2,-1,-1
325,-1,310,124,12,18,0.45,2,-1,-1
325,-1,358,128,12,12,0.34,2,-1,-1
326,-1,310,125,12,16,0.74,2,-1,-1
326,-1,358,128,12,12,0.34,2,-1,-1
327,-1,310,126,12,16,0.77,2,-1,-1
327,-1,359,129,12,10,0.24,2,-1,-1
328,-1,309,129,12,15,0.79,2,-1,-1
328,-1,359,128,11,10,0.15,2,-1,-1
329,-1,309,129,12,15,0.79,2,-1,-1
329,-1,359,128,11,10,0.15,2,-1,-1
330,-1,308,131,12,14,0.75,2,-1,-1
331,-1,308,132,12,14,0.75,2,-1,-1
332,-1,307,132,12,14,0.76,2,-1,-1
333,-1,306,134,12,13,0.69,2,-1,-1
334,-1,306,134,12,13,0.66,2,-1,-1
335,-1,528,452,78,75,0.92,2,-1,-1
335,-1,306,135,12,14,0.79,2,-1,-1
336,-1,513,416,68,64,0.92,2,-1,-1
336,-1,305,135,12,14,0.80,2,-1,-1
337,-1,504,396,62,58,0.93,2,-1,-1
337,-1,305,136,12,14,0.77,2,-1,-1
338,-1,491,367,56,53,0.91,2,-1,-1
338,-1,304,136,12,14,0.83,2,-1,-1
339,-1,484,351,52,50,0.91,2,-1,-1
339,-1,304,136,12,14,0.83,2,-1,-1
340,-1,472,329,49,46,0.91,2,-1,-1
340,-1,304,137,13,16,0.82,2,-1,-1
341,-1,468,316,45,43,0.91,2,-1,-1
341,-1,303,138,12,15,0.86,2,-1,-1
342,-1,460,300,42,39,0.91,2,-1,-1
342,-1,303,138,12,15,0.86,2,-1,-1
343,-1,455,290,39,38,0.91,2,-1,-1
343,-1,302,138,13,16,0.86,2,-1,-1
344,-1,448,277,37,34,0.89,2,-1,-1
344,-1,301,139,14,16,0.87,2,-1,-1
345,-1,444,268,36,34,0.90,2,-1,-1
345,-1,300,140,14,16,0.87,2,-1,-1
346,-1,439,258,32,31,0.90,2,-1,-1
346,-1,300,140,14,16,0.85,2,-1,-1
347,-1,435,251,32,30,0.90,2,-1,-1
347,-1,299,142,14,16,0.85,2,-1,-1
348,-1,431,241,30,29,0.89,2,-1,-1
348,-1,298,144,14,14,0.83,2,-1,-1
348,-1,314,112,13,21,0.10,7,-1,-1
349,-1,428,236,29,28,0.89,2,-1,-1
349,-1,296,143,15,16,0.86,2,-1,-1
349,-1,312,112,14,21,0.13,7,-1,-1
350,-1,424,228,27,26,0.89,2,-1,-1
350,-1,296,144,15,16,0.86,2,-1,-1
350,-1,314,113,13,21,0.47,7,-1,-1
351,-1,547,491,86,44,0.88,2,-1,-1
351,-1,422,224,26,26,0.88,2,-1,-1
351,-1,295,145,15,16,0.87,2,-1,-1
351,-1,314,113,13,21,0.44,7,-1,-1
352,-1,528,448,73,71,0.92,2,-1,-1
352,-1,418,217,25,24,0.90,2,-1,-1
352,-1,294,146,15,16,0.87,2,-1,-1
352,-1,313,114,14,21,0.36,7,-1,-1
353,-1,517,424,68,64,0.93,2,-1,-1
353,-1,417,213,24,24,0.88,2,-1,-1
353,-1,294,146,15,16,0.87,2,-1,-1
353,-1,313,114,13,21,0.29,7,-1,-1
354,-1,502,390,60,57,0.91,2,-1,-1
354,-1,416,208,22,22,0.87,2,-1,-1
354,-1,293,148,16,17,0.86,2,-1,-1
354,-1,313,115,14,21,0.41,7,-1,-1
355,-1,493,371,56,53,0.92,2,-1,-1
355,-1,413,204,22,22,0.90,2,-1,-1
355,-1,292,149,15,16,0.87,2,-1,-1
355,-1,311,114,16,23,0.73,7,-1,-1
356,-1,482,346,50,48,0.92,2,-1,-1
356,-1,291,150,16,18,0.87,2,-1,-1
356,-1,409,198,23,22,0.86,2,-1,-1
356,-1,310,114,16,23,0.77,7,-1,-1
357,-1,474,332,48,46,0.91,2,-1,-1
357,-1,408,195,22,22,0.89,2,-1,-1
357,-1,290,150,16,18,0.87,2,-1,-1
357,-1,311,114,16,23,0.71,7,-1,-1
358,-1,466,313,43,41,0.91,2,-1,-1
358,-1,406,191,20,20,0.88,2,-1,-1
358,-1,290,151,16,18,0.86,2,-1,-1
358,-1,310,114,16,24,0.78,7,-1,-1
359,-1,461,302,40,39,0.90,2,-1,-1
359,-1,404,190,20,19,0.88,2,-1,-1
359,-1,289,151,16,18,0.86,2,-1,-1
359,-1,310,114,16,24,0.76,7,-1,-1
360,-1,452,286,38,36,0.90,2,-1,-1
360,-1,402,184,20,20,0.87,2,-1,-1
360,-1,288,153,16,19,0.85,2,-1,-1
360,-1,310,114,16,24,0.81,7,-1,-1
361,-1,448,277,36,35,0.89,2,-1,-1
361,-1,401,182,20,19,0.89,2,-1,-1
361,-1,287,154,16,19,0.85,2,-1,-1
361,-1,310,115,16,24,0.78,7,-1,-1
362,-1,443,265,34,32,0.90,2,-1,-1
362,-1,400,178,19,20,0.89,2,-1,-1
362,-1,286,155,17,20,0.86,2,-1,-1
362,-1,310,115,16,24,0.81,7,-1,-1
363,-1,439,258,32,31,0.90,2,-1,-1
363,-1,399,176,18,19,0.87,2,-1,-1
363,-1,286,156,16,19,0.86,2,-1,-1
363,-1,309,115,17,25,0.82,7,-1,-1
364,-1,284,159,16,19,0.88,2,-1,-1
364,-1,434,248,30,30,0.88,2,-1,-1
364,-1,398,174,17,18,0.87,2,-1,-1
364,-1,308,115,17,26,0.84,7,-1,-1
365,-1,432,242,28,29,0.89,2,-1,-1
365,-1,396,172,18,18,0.88,2,-1,-1
365,-1,283,159,17,20,0.86,2,-1,-1
365,-1,308,116,17,26,0.83,7,-1,-1
366,-1,428,234,26,27,0.88,2,-1,-1
366,-1,394,168,18,18,0.88,2,-1,-1
366,-1,282,160,18,20,0.87,2,-1,-1
366,-1,308,116,17,27,0.84,7,-1,-1
367,-1,425,228,26,26,0.89,2,-1,-1
367,-1,393,166,18,18,0.88,2,-1,-1
367,-1,281,161,18,20,0.88,2,-1,-1
367,-1,308,116,18,28,0.85,7,-1,-1
368,-1,280,162,18,21,0.88,2,-1,-1
368,-1,422,221,25,25,0.87,2,-1,-1
368,-1,391,164,18,17,0.87,2,-1,-1
368,-1,308,116,18,28,0.85,7,-1,-1
369,-1,420,217,24,24,0.90,2,-1,-1
369,-1,278,164,18,20,0.87,2,-1,-1
369,-1,390,163,18,17,0.87,2,-1,-1
369,-1,308,116,18,28,0.84,7,-1,-1
370,-1,417,210,23,24,0.89,2,-1,-1
370,-1,388,160,18,17,0.88,2,-1,-1
370,-1,277,166,18,21,0.86,2,-1,-1
370,-1,306,117,19,29,0.85,7,-1,-1
371,-1,388,159,18,17,0.88,2,-1,-1
371,-1,306,117,19,29,0.87,7,-1,-1
371,-1,416,208,22,22,0.87,2,-1,-1
371,-1,276,167,18,22,0.86,2,-1,-1
372,-1,413,202,21,22,0.89,2,-1,-1
372,-1,274,169,18,22,0.87,2,-1,-1
372,-1,386,158,17,16,0.87,2,-1,-1
372,-1,305,117,20,30,0.86,7,-1,-1
373,-1,273,170,18,22,0.89,2,-1,-1
373,-1,410,198,22,22,0.87,2,-1,-1
373,-1,304,117,20,30,0.87,7,-1,-1
373,-1,386,155,17,17,0.86,2,-1,-1
374,-1,408,194,20,21,0.89,2,-1,-1
374,-1,272,172,19,22,0.88,2,-1,-1
374,-1,304,117,20,30,0.86,7,-1,-1
374,-1,385,154,17,16,0.86,2,-1,-1
375,-1,407,191,20,20,0.88,2,-1,-1
375,-1,303,118,20,31,0.87,7,-1,-1
375,-1,385,152,17,17,0.86,2,-1,-1
375,-1,271,174,19,22,0.86,2,-1,-1
376,-1,406,186,19,21,0.88,2,-1,-1
376,-1,303,118,20,31,0.87,7,-1,-1
376,-1,268,176,20,24,0.87,2,-1,-1
376,-1,384,150,16,16,0.85,2,-1,-1
377,-1,404,184,19,20,0.88,2,-1,-1
377,-1,266,177,21,24,0.88,2,-1,-1
377,-1,302,119,21,32,0.87,7,-1,-1
377,-1,383,149,17,16,0.85,2,-1,-1
378,-1,402,180,19,20,0.88,2,-1,-1
378,-1,266,180,21,24,0.87,2,-1,-1
378,-1,302,120,21,32,0.86,7,-1,-1
378,-1,382,148,16,15,0.86,2,-1,-1
379,-1,400,177,18,20,0.88,2,-1,-1
379,-1,382,147,16,15,0.87,2,-1,-1
379,-1,302,120,20,32,0.86,7,-1,-1
379,-1,264,181,21,25,0.86,2,-1,-1
380,-1,262,184,21,26,0.88,2,-1,-1
380,-1,381,146,16,15,0.87,2,-1,-1
380,-1,400,175,18,18,0.87,2,-1,-1
380,-1,301,121,21,32,0.87,7,-1,-1
381,-1,260,186,22,26,0.89,2,-1,-1
381,-1,300,121,21,32,0.87,7,-1,-1
381,-1,381,145,15,14,0.87,2,-1,-1
381,-1,398,173,18,18,0.87,2,-1,-1
382,-1,397,170,18,18,0.88,2,-1,-1
382,-1,258,188,22,26,0.87,2,-1,-1
382,-1,300,122,21,32,0.87,7,-1,-1
382,-1,381,143,14,14,0.86,2,-1,-1
383,-1,396,168,18,17,0.88,2,-1,-1
383,-1,256,190,22,27,0.87,2,-1,-1
383,-1,299,122,21,33,0.87,7,-1,-1
383,-1,380,142,14,14,0.85,2,-1,-1
384,-1,254,193,23,27,0.88,2,-1,-1
384,-1,394,166,18,18,0.88,2,-1,-1
384,-1,298,123,22,34,0.86,7,-1,-1
384,-1,379,142,14,14,0.85,2,-1,-1
385,-1,252,195,24,27,0.90,2,-1,-1
385,-1,394,163,16,18,0.88,2,-1,-1
385,-1,297,124,22,34,0.87,7,-1,-1
385,-1,378,141,15,14,0.84,2,-1,-1
386,-1,250,198,24,28,0.88,2,-1,-1
386,-1,296,124,23,35,0.87,7,-1,-1
386,-1,392,161,17,18,0.87,2,-1,-1
386,-1,378,140,14,14,0.82,2,-1,-1
387,-1,248,200,24,28,0.88,2,-1,-1
387,-1,295,124,23,36,0.87,7,-1,-1
387,-1,391,159,16,17,0.87,2,-1,-1
387,-1,377,139,15,14,0.81,2,-1,-1
388,-1,245,204,25,30,0.89,2,-1,-1
388,-1,294,125,24,36,0.88,7,-1,-1
388,-1,390,158,16,17,0.86,2,-1,-1
388,-1,376,137,15,14,0.80,2,-1,-1
389,-1,292,126,24,37,0.89,7,-1,-1
389,-1,243,207,26,30,0.88,2,-1,-1
389,-1,389,157,16,16,0.87,2,-1,-1
389,-1,376,137,14,13,0.81,2,-1,-1
390,-1,240,210,27,32,0.90,2,-1,-1
390,-1,292,126,24,38,0.88,7,-1,-1
390,-1,388,154,16,16,0.88,2,-1,-1
390,-1,376,136,13,12,0.76,2,-1,-1
391,-1,238,213,28,32,0.88,2,-1,-1
391,-1,291,127,25,38,0.88,7,-1,-1
391,-1,387,154,16,16,0.88,2,-1,-1
391,-1,376,135,13,12,0.79,2,-1,-1
392,-1,234,217,29,33,0.89,2,-1,-1
392,-1,290,128,25,38,0.88,7,-1,-1
392,-1,386,152,16,16,0.86,2,-1,-1
392,-1,376,134,12,12,0.74,2,-1,-1
393,-1,231,220,29,34,0.90,2,-1,-1
393,-1,290,128,26,39,0.88,7,-1,-1
393,-1,386,150,16,16,0.85,2,-1,-1
393,-1,375,133,12,12,0.76,2,-1,-1
394,-1,227,225,31,35,0.90,2,-1,-1
394,-1,288,130,26,40,0.88,7,-1,-1
394,-1,385,149,15,15,0.84,2,-1,-1
394,-1,375,133,12,12,0.77,2,-1,-1
395,-1,224,229,31,36,0.89,2,-1,-1
395,-1,288,131,26,40,0.88,7,-1,-1
395,-1,374,132,12,12,0.81,2,-1,-1
395,-1,384,148,15,14,0.81,2,-1,-1
396,-1,220,234,32,38,0.90,2,-1,-1
396,-1,287,132,26,41,0.88,7,-1,-1
396,-1,383,146,15,15,0.84,2,-1,-1
396,-1,374,131,12,12,0.80,2,-1,-1
397,-1,216,238,34,39,0.89,2,-1,-1
397,-1,286,132,26,42,0.87,7,-1,-1
397,-1,382,145,15,15,0.85,2,-1,-1
397,-1,374,130,11,12,0.76,2,-1,-1
398,-1,211,244,36,40,0.90,2,-1,-1
398,-1,284,133,27,43,0.88,7,-1,-1
398,-1,382,144,14,14,0.85,2,-1,-1
398,-1,374,130,11,12,0.71,2,-1,-1
399,-1,207,249,36,41,0.91,2,-1,-1
399,-1,284,133,28,44,0.89,7,-1,-1
399,-1,382,143,14,14,0.84,2,-1,-1
399,-1,372,130,12,12,0.68,2,-1,-1
400,-1,201,256,38,43,0.90,2,-1,-1
400,-1,282,134,28,44,0.89,7,-1,-1
400,-1,381,142,14,14,0.86,2,-1,-1
400,-1,372,129,12,11,0.56,2,-1,-1
401,-1,197,260,39,45,0.91,2,-1,-1
401,-1,282,134,28,46,0.89,7,-1,-1
401,-1,380,141,14,14,0.86,2,-1,-1
401,-1,371,128,12,12,0.58,2,-1,-1
402,-1,190,269,41,46,0.90,2,-1,-1
402,-1,280,136,29,47,0.89,7,-1,-1
402,-1,379,140,14,14,0.84,2,-1,-1
402,-1,370,128,12,11,0.42,2,-1,-1
403,-1,186,275,42,48,0.91,2,-1,-1
403,-1,278,136,30,48,0.89,7,-1,-1
403,-1,378,140,14,14,0.82,2,-1,-1
403,-1,371,128,11,10,0.36,2,-1,-1
404,-1,178,283,44,52,0.90,2,-1,-1
404,-1,277,138,31,49,0.90,7,-1,-1
404,-1,378,138,14,14,0.79,2,-1,-1
404,-1,370,126,11,11,0.43,2,-1,-1
405,-1,172,291,46,53,0.91,2,-1,-1
405,-1,276,138,31,50,0.90,7,-1,-1
405,-1,377,137,14,14,0.79,2,-1,-1
405,-1,370,126,11,10,0.41,2,-1,-1
406,-1,163,302,49,57,0.91,2,-1,-1
406,-1,274,140,32,51,0.89,7,-1,-1
406,-1,377,136,13,13,0.74,2,-1,-1
406,-1,370,125,11,11,0.33,2,-1,-1
407,-1,155,311,52,58,0.91,2,-1,-1
407,-1,272,140,32,52,0.90,7,-1,-1
407,-1,376,136,14,13,0.70,2,-1,-1
407,-1,370,126,10,11,0.19,2,-1,-1
408,-1,144,325,57,62,0.91,2,-1,-1
408,-1,270,142,34,53,0.90,7,-1,-1
408,-1,376,134,13,13,0.69,2,-1,-1
408,-1,369,124,11,10,0.20,2,-1,-1
409,-1,136,335,60,65,0.91,2,-1,-1
409,-1,268,144,34,53,0.90,7,-1,-1
409,-1,376,134,11,12,0.65,2,-1,-1
409,-1,368,124,10,10,0.39,2,-1,-1
410,-1,123,351,63,72,0.92,2,-1,-1
410,-1,266,145,34,56,0.90,7,-1,-1
410,-1,375,133,11,11,0.59,2,-1,-1
410,-1,368,124,10,10,0.46,2,-1,-1
411,-1,265,146,35,57,0.92,7,-1,-1
411,-1,112,366,65,73,0.91,2,-1,-1
411,-1,376,133,11,12,0.73,2,-1,-1
411,-1,368,123,10,10,0.51,2,-1,-1
412,-1,96,386,70,78,0.91,2,-1,-1
412,-1,262,148,37,58,0.90,7,-1,-1
412,-1,375,132,11,12,0.76,2,-1,-1
412,-1,368,124,9,9,0.28,2,-1,-1
413,-1,84,402,72,82,0.91,2,-1,-1
413,-1,260,149,38,60,0.90,7,-1,-1
413,-1,374,132,11,11,0.67,2,-1,-1
413,-1,368,124,10,9,0.23,2,-1,-1
414,-1,258,150,40,62,0.90,7,-1,-1
414,-1,63,427,84,92,0.85,2,-1,-1
414,-1,374,132,11,10,0.62,2,-1,-1
414,-1,368,123,10,10,0.15,2,-1,-1
415,-1,256,151,42,64,0.90,7,-1,-1
415,-1,49,437,93,96,0.83,2,-1,-1
415,-1,374,131,10,10,0.56,2,-1,-1
416,-1,253,153,44,66,0.92,7,-1,-1
416,-1,374,130,10,10,0.55,2,-1,-1
417,-1,250,154,46,68,0.92,7,-1,-1
417,-1,373,130,10,10,0.49,2,-1,-1
418,-1,248,157,46,70,0.91,7,-1,-1
418,-1,372,129,11,11,0.55,2,-1,-1
419,-1,245,157,48,73,0.91,7,-1,-1
419,-1,372,128,11,10,0.58,2,-1,-1
420,-1,241,160,51,75,0.90,7,-1,-1
420,-1,371,127,11,11,0.48,2,-1,-1
421,-1,239,161,50,77,0.90,7,-1,-1
421,-1,371,125,12,11,0.36,2,-1,-1
422,-1,235,164,52,81,0.92,7,-1,-1
422,-1,370,125,12,12,0.21,2,-1,-1
423,-1,232,166,54,83,0.92,7,-1,-1
423,-1,370,125,12,12,0.20,2,-1,-1
424,-1,226,168,58,87,0.92,7,-1,-1
425,-1,223,170,62,90,0.91,7,-1,-1
426,-1,218,174,63,94,0.92,7,-1,-1
427,-1,214,176,65,98,0.92,7,-1,-1
427,-1,368,123,11,10,0.13,2,-1,-1
428,-1,208,180,68,103,0.92,7,-1,-1
428,-1,367,122,11,10,0.18,2,-1,-1
429,-1,203,182,71,108,0.93,7,-1,-1
429,-1,368,122,10,10,0.18,2,-1,-1
430,-1,195,186,76,114,0.93,7,-1,-1
431,-1,190,189,80,119,0.92,7,-1,-1
432,-1,182,193,85,128,0.93,7,-1,-1
433,-1,175,198,88,132,0.93,7,-1,-1
434,-1,164,202,96,144,0.93,7,-1,-1
435,-1,156,206,101,150,0.93,7,-1,-1
436,-1,146,212,107,164,0.93,7,-1,-1
437,-1,136,217,114,175,0.93,7,-1,-1
437,-1,328,121,12,14,0.21,2,-1,-1
438,-1,120,224,124,194,0.93,7,-1,-1
438,-1,328,122,12,14,0.46,2,-1,-1
439,-1,109,228,131,208,0.92,7,-1,-1
439,-1,328,123,12,13,0.42,2,-1,-1
440,-1,86,238,148,229,0.90,7,-1,-1
440,-1,328,124,12,13,0.44,2,-1,-1
441,-1,74,240,153,248,0.88,7,-1,-1
441,-1,328,124,12,13,0.45,2,-1,-1
442,-1,51,253,167,274,0.92,7,-1,-1
442,-1,328,125,12,13,0.39,2,-1,-1
443,-1,41,260,172,268,0.90,7,-1,-1
443,-1,328,125,12,13,0.41,2,-1,-1
444,-1,11,274,194,259,0.90,7,-1,-1
444,-1,327,124,12,14,0.75,2,-1,-1
445,-1,6,287,190,246,0.90,7,-1,-1
445,-1,327,126,12,14,0.54,2,-1,-1
446,-1,7,302,180,231,0.90,7,-1,-1
446,-1,327,126,12,14,0.57,2,-1,-1
447,-1,8,317,172,216,0.92,7,-1,-1
447,-1,326,126,12,14,0.73,2,-1,-1
448,-1,8,338,156,196,0.93,7,-1,-1
448,-1,326,127,12,14,0.80,2,-1,-1
449,-1,8,355,146,179,0.94,7,-1,-1
449,-1,326,128,12,15,0.80,2,-1,-1
450,-1,7,384,126,150,0.93,7,-1,-1
450,-1,325,128,12,15,0.84,2,-1,-1
451,-1,7,410,109,124,0.92,7,-1,-1
451,-1,324,129,12,15,0.83,2,-1,-1
452,-1,7,454,79,80,0.90,7,-1,-1
452,-1,324,129,13,16,0.84,2,-1,-1
453,-1,324,129,13,16,0.84,2,-1,-1
453,-1,6,492,60,43,0.73,7,-1,-1
454,-1,324,130,13,16,0.84,2,-1,-1
455,-1,322,131,14,17,0.83,2,-1,-1
456,-1,322,131,14,18,0.82,2,-1,-1
457,-1,322,133,14,16,0.82,2,-1,-1
458,-1,322,134,14,17,0.83,2,-1,-1
459,-1,321,134,15,18,0.83,2,-1,-1
460,-1,320,136,14,18,0.84,2,-1,-1
461,-1,320,137,14,18,0.84,2,-1,-1
462,-1,320,138,15,18,0.84,2,-1,-1
463,-1,319,138,15,18,0.84,2,-1,-1
464,-1,318,142,15,17,0.83,2,-1,-1
465,-1,318,143,15,17,0.84,2,-1,-1
466,-1,318,144,15,18,0.84,2,-1,-1
467,-1,317,144,16,18,0.86,2,-1,-1
468,-1,316,144,16,20,0.86,2,-1,-1
469,-1,420,420,88,114,0.91,2,-1,-1
469,-1,315,145,16,20,0.86,2,-1,-1
470,-1,413,382,76,105,0.90,2,-1,-1
470,-1,314,147,17,20,0.86,2,-1,-1
471,-1,408,360,72,98,0.91,2,-1,-1
471,-1,313,149,17,20,0.85,2,-1,-1
472,-1,403,334,64,86,0.92,2,-1,-1
472,-1,312,150,18,21,0.85,2,-1,-1
473,-1,311,152,18,21,0.83,2,-1,-1
473,-1,400,318,61,81,0.77,2,-1,-1
474,-1,310,154,18,22,0.85,2,-1,-1
474,-1,397,298,54,74,0.78,2,-1,-1
475,-1,309,156,18,22,0.86,2,-1,-1
475,-1,394,287,52,70,0.81,7,-1,-1
476,-1,391,272,50,63,0.91,2,-1,-1
476,-1,307,158,20,22,0.84,2,-1,-1
477,-1,390,262,48,60,0.90,2,-1,-1
477,-1,306,159,20,23,0.83,2,-1,-1
478,-1,386,250,44,56,0.90,2,-1,-1
478,-1,305,161,20,24,0.86,2,-1,-1
479,-1,384,244,42,52,0.90,2,-1,-1
479,-1,304,162,21,25,0.87,2,-1,-1
480,-1,383,234,40,50,0.87,2,-1,-1
480,-1,303,165,21,26,0.85,2,-1,-1
481,-1,382,226,38,50,0.87,2,-1,-1
481,-1,302,167,21,26,0.86,2,-1,-1
482,-1,380,219,36,46,0.90,2,-1,-1
482,-1,299,169,22,28,0.87,2,-1,-1
483,-1,378,214,35,45,0.88,2,-1,-1
483,-1,298,171,23,28,0.87,2,-1,-1
484,-1,378,207,33,42,0.88,2,-1,-1
484,-1,297,175,23,29,0.87,2,-1,-1
485,-1,376,204,32,40,0.90,2,-1,-1
485,-1,296,176,24,31,0.87,2,-1,-1
486,-1,376,198,31,38,0.90,2,-1,-1
486,-1,294,180,25,32,0.87,2,-1,-1
487,-1,375,194,30,38,0.90,2,-1,-1
487,-1,292,182,26,32,0.88,2,-1,-1
488,-1,290,186,27,35,0.90,2,-1,-1
488,-1,374,190,28,35,0.88,2,-1,-1
489,-1,288,190,28,36,0.89,2,-1,-1
489,-1,373,187,28,34,0.88,2,-1,-1
490,-1,286,193,29,38,0.90,2,-1,-1
490,-1,372,182,27,34,0.88,2,-1,-1
491,-1,284,196,30,40,0.90,2,-1,-1
491,-1,372,180,26,32,0.90,2,-1,-1
492,-1,370,177,26,32,0.89,2,-1,-1
492,-1,282,201,31,43,0.89,2,-1,-1
493,-1,280,206,32,43,0.89,2,-1,-1
493,-1,370,174,26,31,0.89,2,-1,-1
494,-1,276,212,34,46,0.90,2,-1,-1
494,-1,368,170,26,30,0.88,2,-1,-1
495,-1,273,218,36,48,0.91,2,-1,-1
495,-1,368,168,26,30,0.87,2,-1,-1
496,-1,270,225,38,52,0.91,2,-1,-1
496,-1,367,164,26,29,0.87,2,-1,-1
497,-1,267,229,39,56,0.90,2,-1,-1
497,-1,368,164,24,28,0.85,2,-1,-1
498,-1,262,240,42,58,0.91,2,-1,-1
498,-1,367,162,24,27,0.88,2,-1,-1
499,-1,258,247,44,62,0.92,2,-1,-1
499,-1,366,159,22,27,0.88,2,-1,-1
500,-1,251,259,48,66,0.93,2,-1,-1
500,-1,366,158,22,26,0.86,2,-1,-1
501,-1,245,266,52,72,0.92,2,-1,-1
501,-1,366,158,21,24,0.86,2,-1,-1
502,-1,236,281,58,80,0.91,2,-1,-1
502,-1,365,156,20,22,0.88,2,-1,-1
503,-1,231,292,60,86,0.92,2,-1,-1
503,-1,364,155,21,22,0.88,2,-1,-1
504,-1,221,311,64,96,0.92,2,-1,-1
504,-1,364,153,22,22,0.86,2,-1,-1
505,-1,214,326,68,104,0.92,2,-1,-1
505,-1,365,151,20,22,0.85,2,-1,-1
506,-1,198,353,76,118,0.93,2,-1,-1
506,-1,364,150,19,22,0.86,2,-1,-1
507,-1,189,372,81,130,0.93,2,-1,-1
507,-1,364,148,18,22,0.87,2,-1,-1
508,-1,364,147,18,20,0.86,2,-1,-1
509,-1,364,146,18,20,0.86,2,-1,-1
510,-1,364,144,17,20,0.86,2,-1,-1
511,-1,364,144,16,19,0.87,2,-1,-1
512,-1,362,141,18,20,0.85,2,-1,-1
513,-1,363,141,17,19,0.85,2,-1,-1
514,-1,362,140,16,19,0.84,2,-1,-1
515,-1,362,139,16,18,0.84,2,-1,-1
516,-1,362,138,16,18,0.84,2,-1,-1
517,-1,360,137,16,18,0.85,2,-1,-1
518,-1,360,136,16,18,0.85,2,-1,-1
519,-1,361,136,15,18,0.83,2,-1,-1
520,-1,361,134,14,17,0.81,2,-1,-1
521,-1,361,135,14,16,0.80,2,-1,-1
522,-1,360,134,14,16,0.79,2,-1,-1
523,-1,360,133,14,15,0.81,2,-1,-1
524,-1,360,132,14,16,0.81,2,-1,-1
525,-1,360,132,14,16,0.82,2,-1,-1
526,-1,359,130,13,15,0.80,2,-1,-1
527,-1,359,130,13,15,0.80,2,-1,-1
528,-1,359,129,12,14,0.79,2,-1,-1
529,-1,358,127,12,16,0.83,2,-1,-1
530,-1,358,127,13,16,0.83,2,-1,-1
531,-1,358,127,13,16,0.83,2,-1,-1
532,-1,357,126,12,14,0.82,2,-1,-1
533,-1,356,126,13,14,0.81,2,-1,-1
534,-1,357,125,12,14,0.82,2,-1,-1
535,-1,357,125,12,14,0.82,2,-1,-1
536,-1,354,124,13,14,0.70,2,-1,-1
537,-1,356,124,12,14,0.61,2,-1,-1
538,-1,356,123,12,14,0.51,2,-1,-1
539,-1,356,123,12,13,0.45,2,-1,-1
540,-1,356,123,12,13,0.52,2,-1,-1
541,-1,356,123,11,13,0.15,2,-1,-1
542,-1,356,122,11,11,0.17,2,-1,-1
543,-1,356,122,11,11,0.17,2,-1,-1
544,-1,356,122,11,11,0.17,2,-1,-1
545,-1,-1,-1,-1,-1,-1,-1,-1,-1
546,-1,-1,-1,-1,-1,-1,-1,-1,-1
547,-1,-1,-1,-1,-1,-1,-1,-1,-1
548,-1,-1,-1,-1,-1,-1,-1,-1,-1
549,-1,-1,-1,-1,-1,-1,-1,-1,-1
550,-1,-1,-1,-1,-1,-1,-1,-1,-1
551,-1,-1,-1,-1,-1,-1,-1,-1,-1
552,-1,-1,-1,-1,-1,-1,-1,-1,-1
553,-1,-1,-1,-1,-1,-1,-1,-1,-1
554,-1,-1,-1,-1,-1,-1,-1,-1,-1
555,-1,-1,-1,-1,-1,-1,-1,-1,-1
556,-1,-1,-1,-1,-1,-1,-1,-1,-1
557,-1,-1,-1,-1,-1,-1,-1,-1,-1
558,-1,-1,-1,-1,-1,-1,-1,-1,-1
559,-1,-1,-1,-1,-1,-1,-1,-1,-1
560,-1,-1,-1,-1,-1,-1,-1,-1,-1
561,-1,-1,-1,-1,-1,-1,-1,-1,-1
562,-1,-1,-1,-1,-1,-1,-1,-1,-1
563,-1,-1,-1,-1,-1,-1,-1,-1,-1
564,-1,-1,-1,-1,-1,-1,-1,-1,-1
565,-1,-1,-1,-1,-1,-1,-1,-1,-1
566,-1,-1,-1,-1,-1,-1,-1,-1,-1
567,-1,-1,-1,-1,-1,-1,-1,-1,-1
568,-1,-1,-1,-1,-1,-1,-1,-1,-1
569,-1,-1,-1,-1,-1,-1,-1,-1,-1
570,-1,-1,-1,-1,-1,-1,-1,-1,-1
571,-1,-1,-1,-1,-1,-1,-1,-1,-1
572,-1,-1,-1,-1,-1,-1,-1,-1,-1
573,-1,-1,-1,-1,-1,-1,-1,-1,-1
574,-1,-1,-1,-1,-1,-1,-1,-1,-1
575,-1,-1,-1,-1,-1,-1,-1,-1,-1
576,-1,-1,-1,-1,-1,-1,-1,-1,-1
577,-1,-1,-1,-1,-1,-1,-1,-1,-1
578,-1,-1,-1,-1,-1,-1,-1,-1,-1
579,-1,-1,-1,-1,-1,-1,-1,-1,-1
580,-1,-1,-1,-1,-1,-1,-1,-1,-1
581,-1,-1,-1,-1,-1,-1,-1,-1,-1
582,-1,-1,-1,-1,-1,-1,-1,-1,-1
583,-1,-1,-1,-1,-1,-1,-1,-1,-1
584,-1,-1,-1,-1,-1,-1,-1,-1,-1
585,-1,-1,-1,-1,-1,-1,-1,-1,-1
586,-1,-1,-1,-1,-1,-1,-1,-1,-1
587,-1,-1,-1,-1,-1,-1,-1,-1,-1
588,-1,-1,-1,-1,-1,-1,-1,-1,-1
589,-1,-1,-1,-1,-1,-1,-1,-1,-1
590,-1,-1,-1,-1,-1,-1,-1,-1,-1
591,-1,-1,-1,-1,-1,-1,-1,-1,-1
592,-1,-1,-1,-1,-1,-1,-1,-1,-1
593,-1,-1,-1,-1,-1,-1,-1,-1,-1
594,-1,-1,-1,-1,-1,-1,-1,-1,-1
595,-1,-1,-1,-1,-1,-1,-1,-1,-1
596,-1,-1,-1,-1,-1,-1,-1,-1,-1
597,-1,-1,-1,-1,-1,-1,-1,-1,-1
598,-1,-1,-1,-1,-1,-1,-1,-1,-1
599,-1,-1,-1,-1,-1,-1,-1,-1,-1
600,-1,-1,-1,-1,-1,-1,-1,-1,-1
601,-1,-1,-1,-1,-1,-1,-1,-1,-1
602,-1,-1,-1,-1,-1,-1,-1,-1,-1
603,-1,-1,-1,-1,-1,-1,-1,-1,-1
604,-1,-1,-1,-1,-1,-1,-1,-1,-1
605,-1,-1,-1,-1,-1,-1,-1,-1,-1
606,-1,-1,-1,-1,-1,-1,-1,-1,-1
607,-1,-1,-1,-1,-1,-1,-1,-1,-1
608,-1,-1,-1,-1,-1,-1,-1,-1,-1
609,-1,-1,-1,-1,-1,-1,-1,-1,-1
610,-1,-1,-1,-1,-1,-1,-1,-1,-1
611,-1,-1,-1,-1,-1,-1,-1,-1,-1
612,-1,-1,-1,-1,-1,-1,-1,-1,-1
613,-1,-1,-1,-1,-1,-1,-1,-1,-1
614,-1,-1,-1,-1,-1,-1,-1,-1,-1
615,-1,-1,-1,-1,-1,-1,-1,-1,-1
616,-1,-1,-1,-1,-1,-1,-1,-1,-1
617,-1,-1,-1,-1,-1,-1,-1,-1,-1
618,-1,-1,-1,-1,-1,-1,-1,-1,-1
619,-1,-1,-1,-1,-1,-1,-1,-1,-1
620,-1,-1,-1,-1,-1,-1,-1,-1,-1
621,-1,-1,-1,-1,-1,-1,-1,-1,-1
622,-1,-1,-1,-1,-1,-1,-1,-1,-1
623,-1,-1,-1,-1,-1,-1,-1,-1,-1
624,-1,-1,-1,-1,-1,-1,-1,-1,-1
625,-1,-1,-1,-1,-1,-1,-1,-1,-1
626,-1,-1,-1,-1,-1,-1,-1,-1,-1
627,-1,-1,-1,-1,-1,-1,-1,-1,-1
628,-1,-1,-1,-1,-1,-1,-1,-1,-1
629,-1,-1,-1,-1,-1,-1,-1,-1,-1
630,-1,-1,-1,-1,-1,-1,-1,-1,-1
631,-1,-1,-1,-1,-1,-1,-1,-1,-1
632,-1,-1,-1,-1,-1,-1,-1,-1,-1
633,-1,-1,-1,-1,-1,-1,-1,-1,-1
634,-1,-1,-1,-1,-1,-1,-1,-1,-1
635,-1,-1,-1,-1,-1,-1,-1,-1,-1
636,-1,-1,-1,-1,-1,-1,-1,-1,-1
637,-1,-1,-1,-1,-1,-1,-1,-1,-1
638,-1,-1,-1,-1,-1,-1,-1,-1,-1
639,-1,-1,-1,-1,-1,-1,-1,-1,-1
640,-1,-1,-1,-1,-1,-1,-1,-1,-1
641,-1,-1,-1,-1,-1,-1,-1,-1,-1
642,-1,-1,-1,-1,-1,-1,-1,-1,-1
643,-1,-1,-1,-1,-1,-1,-1,-1,-1
644,-1,-1,-1,-1,-1,-1,-1,-1,-1
645,-1,-1,-1,-1,-1,-1,-1,-1,-1
646,-1,-1,-1,-1,-1,-1,-1,-1,-1
647,-1,-1,-1,-1,-1,-1,-1,-1,-1
648,-1,-1,-1,-1,-1,-1,-1,-1,-1
649,-1,-1,-1,-1,-1,-1,-1,-1,-1
650,-1,532,446,77,74,0.92,2,-1,-1
651,-1,519,420,72,67,0.93,2,-1,-1
652,-1,504,386,61,60,0.93,2,-1,-1
653,-1,494,366,58,55,0.91,2,-1,-1
654,-1,482,340,52,50,0.92,2,-1,-1
655,-1,476,326,48,46,0.91,2,-1,-1
656,-1,466,306,44,42,0.91,2,-1,-1
657,-1,460,295,42,40,0.90,2,-1,-1
658,-1,452,280,39,37,0.90,2,-1,-1
659,-1,448,271,36,34,0.89,2,-1,-1
660,-1,441,259,34,32,0.90,2,-1,-1
661,-1,438,251,32,31,0.90,2,-1,-1
662,-1,433,241,30,30,0.88,2,-1,-1
663,-1,430,235,28,28,0.89,2,-1,-1
664,-1,426,226,27,28,0.89,2,-1,-1
665,-1,423,222,26,25,0.87,2,-1,-1
666,-1,420,215,24,25,0.88,2,-1,-1
667,-1,418,210,24,25,0.89,2,-1,-1
668,-1,416,205,21,22,0.88,2,-1,-1
669,-1,413,201,20,22,0.88,2,-1,-1
670,-1,410,195,21,22,0.89,2,-1,-1
671,-1,408,192,21,22,0.87,2,-1,-1
672,-1,406,188,20,20,0.88,2,-1,-1
673,-1,404,185,20,20,0.87,2,-1,-1
674,-1,402,181,19,20,0.89,2,-1,-1
675,-1,400,178,18,20,0.89,2,-1,-1
676,-1,398,175,18,19,0.87,2,-1,-1
677,-1,396,174,18,18,0.87,2,-1,-1
678,-1,395,169,18,19,0.88,2,-1,-1
679,-1,394,167,18,18,0.88,2,-1,-1
680,-1,392,165,18,18,0.87,2,-1,-1
681,-1,432,447,71,80,0.92,2,-1,-1
681,-1,390,163,18,18,0.87,2,-1,-1
682,-1,424,410,65,71,0.92,2,-1,-1
682,-1,389,160,18,18,0.88,2,-1,-1
683,-1,420,390,60,66,0.93,2,-1,-1
683,-1,388,159,18,18,0.88,2,-1,-1
684,-1,414,362,54,62,0.92,2,-1,-1
684,-1,386,157,17,17,0.87,2,-1,-1
685,-1,410,348,52,56,0.92,2,-1,-1
685,-1,386,155,17,17,0.87,2,-1,-1
686,-1,406,328,47,51,0.92,2,-1,-1
686,-1,385,153,16,17,0.87,2,-1,-1
687,-1,403,314,46,50,0.92,2,-1,-1
687,-1,384,152,16,17,0.86,2,-1,-1
688,-1,400,296,43,48,0.90,2,-1,-1
688,-1,384,150,16,16,0.86,2,-1,-1
689,-1,398,289,42,44,0.90,2,-1,-1
689,-1,383,148,16,16,0.86,2,-1,-1
690,-1,395,276,40,41,0.90,2,-1,-1
690,-1,382,147,15,16,0.87,2,-1,-1
691,-1,394,269,36,38,0.90,2,-1,-1
691,-1,382,145,14,16,0.87,2,-1,-1
692,-1,391,258,34,37,0.89,2,-1,-1
692,-1,380,144,15,15,0.88,2,-1,-1
693,-1,388,250,33,38,0.90,2,-1,-1
693,-1,380,143,14,15,0.87,2,-1,-1
694,-1,387,246,34,34,0.89,2,-1,-1
694,-1,378,142,15,15,0.86,2,-1,-1
695,-1,384,236,33,34,0.88,2,-1,-1
695,-1,378,141,15,15,0.85,2,-1,-1
696,-1,384,231,30,32,0.88,2,-1,-1
696,-1,378,140,14,14,0.84,2,-1,-1
697,-1,382,223,30,32,0.89,2,-1,-1
697,-1,376,138,15,14,0.86,2,-1,-1
698,-1,380,218,28,30,0.89,2,-1,-1
698,-1,376,138,15,14,0.84,2,-1,-1
699,-1,380,214,28,29,0.89,2,-1,-1
699,-1,376,137,15,14,0.83,2,-1,-1
700,-1,378,208,26,28,0.90,2,-1,-1
700,-1,375,136,14,14,0.81,2,-1,-1
701,-1,378,204,25,28,0.89,2,-1,-1
701,-1,375,134,13,14,0.83,2,-1,-1
702,-1,377,199,24,27,0.88,2,-1,-1
702,-1,375,134,12,13,0.83,2,-1,-1
703,-1,376,196,24,27,0.87,2,-1,-1
703,-1,375,133,13,13,0.82,2,-1,-1
704,-1,374,192,24,26,0.88,2,-1,-1
704,-1,374,133,12,13,0.80,2,-1,-1
705,-1,374,189,23,26,0.88,2,-1,-1
705,-1,374,132,12,14,0.77,2,-1,-1
706,-1,372,185,23,25,0.89,2,-1,-1
706,-1,374,130,12,13,0.77,2,-1,-1
707,-1,372,182,24,26,0.88,2,-1,-1
707,-1,372,130,12,13,0.75,2,-1,-1
708,-1,371,179,22,24,0.88,2,-1,-1
708,-1,372,129,12,12,0.72,2,-1,-1
709,-1,370,177,20,23,0.88,2,-1,-1
709,-1,370,128,13,12,0.76,2,-1,-1
710,-1,369,175,22,23,0.85,2,-1,-1
710,-1,370,127,12,12,0.74,2,-1,-1
711,-1,368,173,23,22,0.86,2,-1,-1
711,-1,370,128,12,12,0.72,2,-1,-1
712,-1,368,170,22,22,0.87,2,-1,-1
712,-1,561,490,74,44,0.86,2,-1,-1
712,-1,369,126,12,12,0.73,2,-1,-1
713,-1,546,460,86,74,0.91,2,-1,-1
713,-1,367,169,21,22,0.86,2,-1,-1
713,-1,368,126,13,12,0.71,2,-1,-1
714,-1,527,420,78,78,0.91,2,-1,-1
714,-1,367,166,20,21,0.86,2,-1,-1
714,-1,368,125,12,12,0.73,2,-1,-1
715,-1,516,396,71,70,0.92,2,-1,-1
715,-1,366,164,20,21,0.87,2,-1,-1
715,-1,368,124,12,11,0.71,2,-1,-1
716,-1,500,366,64,62,0.94,2,-1,-1
716,-1,366,162,19,20,0.86,2,-1,-1
716,-1,368,123,11,11,0.68,2,-1,-1
717,-1,492,348,60,59,0.92,2,-1,-1
717,-1,366,160,19,20,0.86,2,-1,-1
717,-1,368,123,11,11,0.69,2,-1,-1
718,-1,482,326,54,54,0.92,2,-1,-1
718,-1,365,159,18,20,0.87,2,-1,-1
718,-1,368,123,11,11,0.68,2,-1,-1
719,-1,474,312,50,50,0.92,2,-1,-1
719,-1,365,158,18,19,0.87,2,-1,-1
719,-1,368,123,11,11,0.46,2,-1,-1
720,-1,466,294,46,46,0.91,2,-1,-1
720,-1,364,157,18,18,0.85,2,-1,-1
720,-1,367,122,10,10,0.20,2,-1,-1
721,-1,460,285,44,44,0.90,2,-1,-1
721,-1,364,156,17,16,0.86,2,-1,-1
721,-1,367,122,10,10,0.34,2,-1,-1
722,-1,454,270,40,42,0.90,2,-1,-1
722,-1,364,152,17,18,0.88,2,-1,-1
722,-1,367,122,10,10,0.11,2,-1,-1
723,-1,450,262,38,40,0.90,2,-1,-1
723,-1,364,151,17,18,0.87,2,-1,-1
723,-1,366,120,10,10,0.13,2,-1,-1
724,-1,444,252,36,36,0.90,2,-1,-1
724,-1,364,150,16,17,0.85,2,-1,-1
724,-1,365,120,10,10,0.11,2,-1,-1
725,-1,440,246,34,35,0.89,2,-1,-1
725,-1,362,149,16,16,0.83,2,-1,-1
725,-1,364,118,10,10,0.22,2,-1,-1
726,-1,435,236,34,34,0.89,2,-1,-1
726,-1,362,147,16,16,0.84,2,-1,-1
726,-1,364,118,10,10,0.20,2,-1,-1
727,-1,432,230,32,32,0.88,2,-1,-1
727,-1,362,146,16,16,0.85,2,-1,-1
727,-1,363,118,11,10,0.27,2,-1,-1
728,-1,428,222,31,32,0.89,2,-1,-1
728,-1,362,146,16,16,0.84,2,-1,-1
728,-1,363,118,10,11,0.13,2,-1,-1
729,-1,426,218,29,30,0.89,2,-1,-1
729,-1,362,144,16,16,0.82,2,-1,-1
729,-1,361,117,11,11,0.17,2,-1,-1
730,-1,422,210,27,30,0.89,2,-1,-1
730,-1,361,144,16,16,0.82,2,-1,-1
730,-1,360,117,10,10,0.12,2,-1,-1
731,-1,420,207,28,28,0.88,2,-1,-1
731,-1,361,143,16,16,0.81,2,-1,-1
731,-1,361,117,9,10,0.11,2,-1,-1
732,-1,417,200,26,28,0.88,2,-1,-1
732,-1,360,142,15,14,0.79,2,-1,-1
732,-1,360,116,9,10,0.15,2,-1,-1
733,-1,416,197,24,27,0.87,2,-1,-1
733,-1,361,143,15,14,0.71,2,-1,-1
734,-1,412,191,24,27,0.90,2,-1,-1
734,-1,360,142,14,13,0.53,2,-1,-1
735,-1,410,189,24,26,0.88,2,-1,-1
735,-1,361,142,14,13,0.67,2,-1,-1
736,-1,407,186,24,24,0.88,2,-1,-1
736,-1,360,140,13,12,0.37,2,-1,-1
737,-1,406,182,22,24,0.87,2,-1,-1
737,-1,360,138,14,13,0.73,2,-1,-1
738,-1,404,178,22,23,0.89,2,-1,-1
738,-1,360,137,13,13,0.65,2,-1,-1
739,-1,403,176,21,22,0.87,2,-1,-1
739,-1,360,136,14,13,0.64,2,-1,-1
740,-1,401,174,21,22,0.86,2,-1,-1
740,-1,360,136,13,12,0.55,2,-1,-1
741,-1,400,172,21,22,0.88,2,-1,-1
741,-1,359,134,14,13,0.64,2,-1,-1
742,-1,398,168,20,21,0.87,2,-1,-1
742,-1,359,134,14,13,0.64,2,-1,-1
743,-1,433,464,88,71,0.91,2,-1,-1
743,-1,397,166,20,22,0.87,2,-1,-1
743,-1,360,134,13,12,0.41,2,-1,-1
744,-1,423,422,76,91,0.93,2,-1,-1
744,-1,395,164,20,21,0.88,2,-1,-1
744,-1,359,134,12,12,0.46,2,-1,-1
745,-1,418,397,71,84,0.92,2,-1,-1
745,-1,394,162,20,21,0.87,2,-1,-1
745,-1,358,133,12,12,0.46,2,-1,-1
746,-1,413,365,62,76,0.92,2,-1,-1
746,-1,392,159,18,20,0.87,2,-1,-1
746,-1,358,132,12,12,0.70,2,-1,-1
747,-1,408,348,59,70,0.92,2,-1,-1
747,-1,392,158,18,20,0.87,2,-1,-1
747,-1,358,132,12,12,0.72,2,-1,-1
748,-1,403,325,53,63,0.93,2,-1,-1
748,-1,390,157,19,19,0.86,2,-1,-1
748,-1,358,130,12,12,0.53,2,-1,-1
749,-1,400,312,50,59,0.93,2,-1,-1
749,-1,389,156,18,18,0.86,2,-1,-1
749,-1,358,130,12,12,0.54,2,-1,-1
750,-1,396,294,46,54,0.92,2,-1,-1
750,-1,388,153,18,18,0.88,2,-1,-1
750,-1,358,130,12,12,0.67,2,-1,-1
751,-1,394,284,46,51,0.91,2,-1,-1
751,-1,387,152,18,18,0.87,2,-1,-1
751,-1,358,130,12,12,0.66,2,-1,-1
752,-1,391,270,42,48,0.90,2,-1,-1
752,-1,386,150,17,18,0.86,2,-1,-1
752,-1,357,129,12,11,0.57,2,-1,-1
753,-1,389,262,39,45,0.91,2,-1,-1
753,-1,386,150,17,17,0.85,2,-1,-1
753,-1,356,128,12,11,0.57,2,-1,-1
754,-1,386,250,37,43,0.91,2,-1,-1
754,-1,384,148,17,17,0.84,2,-1,-1
754,-1,356,128,12,11,0.57,2,-1,-1
755,-1,384,244,36,41,0.91,2,-1,-1
755,-1,384,146,16,17,0.85,2,-1,-1
755,-1,357,127,12,11,0.56,2,-1,-1
756,-1,382,234,34,38,0.90,2,-1,-1
756,-1,384,144,16,16,0.85,2,-1,-1
756,-1,357,126,12,11,0.52,2,-1,-1
757,-1,382,229,32,37,0.89,2,-1,-1
757,-1,384,143,16,16,0.85,2,-1,-1
757,-1,358,127,10,10,0.12,2,-1,-1
758,-1,379,220,31,36,0.90,2,-1,-1
758,-1,382,142,16,16,0.84,2,-1,-1
759,-1,378,217,30,34,0.90,2,-1,-1
759,-1,382,142,16,15,0.84,2,-1,-1
760,-1,377,210,28,32,0.90,2,-1,-1
760,-1,381,141,15,14,0.86,2,-1,-1
761,-1,376,206,28,32,0.88,2,-1,-1
761,-1,381,140,14,14,0.87,2,-1,-1
762,-1,375,200,27,31,0.87,2,-1,-1
762,-1,379,139,15,15,0.86,2,-1,-1
763,-1,374,196,26,30,0.88,2,-1,-1
763,-1,379,138,14,14,0.84,2,-1,-1
764,-1,373,192,25,29,0.88,2,-1,-1
764,-1,378,136,14,14,0.83,2,-1,-1
765,-1,372,189,25,27,0.88,2,-1,-1
765,-1,378,136,15,15,0.82,2,-1,-1
766,-1,370,184,25,28,0.88,2,-1,-1
766,-1,378,135,14,14,0.79,2,-1,-1
767,-1,370,181,25,27,0.86,2,-1,-1
767,-1,378,134,14,14,0.81,2,-1,-1
768,-1,368,177,24,28,0.85,2,-1,-1
768,-1,376,132,14,15,0.81,2,-1,-1
769,-1,368,174,24,26,0.86,2,-1,-1
769,-1,376,130,14,15,0.80,2,-1,-1
770,-1,368,171,24,26,0.82,2,-1,-1
770,-1,376,130,14,14,0.80,2,-1,-1
771,-1,368,169,23,25,0.87,2,-1,-1
771,-1,376,130,14,14,0.80,2,-1,-1
772,-1,367,166,20,24,0.84,2,-1,-1
772,-1,376,130,13,14,0.79,2,-1,-1
773,-1,367,165,20,24,0.85,2,-1,-1
773,-1,375,129,12,14,0.75,2,-1,-1
774,-1,366,163,20,23,0.88,2,-1,-1
774,-1,375,129,12,13,0.69,2,-1,-1
775,-1,366,161,20,23,0.85,2,-1,-1
775,-1,375,129,12,13,0.69,2,-1,-1
776,-1,366,159,19,22,0.84,2,-1,-1
776,-1,374,128,12,12,0.65,2,-1,-1
777,-1,366,158,19,22,0.84,2,-1,-1
777,-1,374,127,12,12,0.62,2,-1,-1
778,-1,365,156,18,21,0.86,2,-1,-1
778,-1,373,126,12,12,0.58,2,-1,-1
779,-1,365,154,18,21,0.84,2,-1,-1
779,-1,372,126,12,12,0.47,2,-1,-1
780,-1,364,152,17,20,0.83,2,-1,-1
780,-1,372,125,12,12,0.50,2,-1,-1
781,-1,364,151,16,20,0.84,2,-1,-1
781,-1,372,125,11,10,0.13,2,-1,-1
782,-1,364,150,16,18,0.85,2,-1,-1
782,-1,372,125,11,11,0.35,2,-1,-1
783,-1,363,148,16,18,0.85,2,-1,-1
783,-1,371,124,11,11,0.33,2,-1,-1
784,-1,362,146,16,18,0.84,2,-1,-1
785,-1,361,145,17,19,0.83,2,-1,-1
786,-1,361,143,16,18,0.83,2,-1,-1
787,-1,362,142,15,18,0.83,2,-1,-1
787,-1,370,123,10,9,0.15,2,-1,-1
788,-1,361,141,16,18,0.84,2,-1,-1
788,-1,370,123,9,9,0.11,2,-1,-1
789,-1,361,141,16,16,0.81,2,-1,-1
789,-1,369,122,10,9,0.20,2,-1,-1
790,-1,361,141,14,16,0.80,2,-1,-1
791,-1,361,139,15,16,0.78,2,-1,-1
792,-1,360,137,14,16,0.78,2,-1,-1
793,-1,360,135,14,14,0.75,2,-1,-1
794,-1,360,134,14,14,0.79,2,-1,-1
794,-1,366,118,9,9,0.18,2,-1,-1
795,-1,359,133,14,14,0.79,2,-1,-1
795,-1,366,118,9,9,0.18,2,-1,-1
796,-1,360,133,14,15,0.74,2,-1,-1
797,-1,360,133,13,14,0.66,2,-1,-1
798,-1,360,132,13,13,0.47,2,-1,-1
799,-1,360,131,13,14,0.56,2,-1,-1
800,-1,358,130,13,13,0.54,2,-1,-1
801,-1,358,130,13,14,0.67,2,-1,-1
802,-1,358,130,12,14,0.67,2,-1,-1
803,-1,358,127,12,13,0.42,2,-1,-1
804,-1,358,128,13,14,0.60,2,-1,-1
805,-1,357,128,13,14,0.51,2,-1,-1
806,-1,357,126,13,14,0.59,2,-1,-1
807,-1,356,126,13,14,0.29,2,-1,-1
808,-1,356,126,13,13,0.10,2,-1,-1
809,-1,-1,-1,-1,-1,-1,-1,-1,-1
810,-1,-1,-1,-1,-1,-1,-1,-1,-1
811,-1,-1,-1,-1,-1,-1,-1,-1,-1
812,-1,-1,-1,-1,-1,-1,-1,-1,-1
813,-1,-1,-1,-1,-1,-1,-1,-1,-1
814,-1,-1,-1,-1,-1,-1,-1,-1,-1
815,-1,-1,-1,-1,-1,-1,-1,-1,-1
816,-1,-1,-1,-1,-1,-1,-1,-1,-1
817,-1,-1,-1,-1,-1,-1,-1,-1,-1
818,-1,-1,-1,-1,-1,-1,-1,-1,-1
819,-1,-1,-1,-1,-1,-1,-1,-1,-1
820,-1,-1,-1,-1,-1,-1,-1,-1,-1
821,-1,-1,-1,-1,-1,-1,-1,-1,-1
822,-1,-1,-1,-1,-1,-1,-1,-1,-1
823,-1,-1,-1,-1,-1,-1,-1,-1,-1
824,-1,-1,-1,-1,-1,-1,-1,-1,-1
825,-1,-1,-1,-1,-1,-1,-1,-1,-1
826,-1,-1,-1,-1,-1,-1,-1,-1,-1
827,-1,-1,-1,-1,-1,-1,-1,-1,-1
828,-1,-1,-1,-1,-1,-1,-1,-1,-1
829,-1,-1,-1,-1,-1,-1,-1,-1,-1
830,-1,-1,-1,-1,-1,-1,-1,-1,-1
831,-1,-1,-1,-1,-1,-1,-1,-1,-1
832,-1,-1,-1,-1,-1,-1,-1,-1,-1
833,-1,528,452,81,80,0.92,2,-1,-1
834,-1,510,412,71,72,0.92,2,-1,-1
835,-1,500,388,66,67,0.92,2,-1,-1
836,-1,487,360,58,58,0.92,2,-1,-1
837,-1,478,342,54,55,0.91,2,-1,-1
838,-1,468,320,50,49,0.93,2,-1,-1
839,-1,463,306,45,48,0.92,2,-1,-1
840,-1,454,289,42,44,0.91,2,-1,-1
841,-1,450,280,39,40,0.90,2,-1,-1
842,-1,442,266,37,38,0.90,2,-1,-1
843,-1,438,258,35,36,0.90,2,-1,-1
844,-1,433,247,32,34,0.88,2,-1,-1
845,-1,429,241,32,32,0.89,2,-1,-1
846,-1,424,232,30,31,0.89,2,-1,-1
847,-1,420,226,30,30,0.89,2,-1,-1
848,-1,417,218,27,28,0.89,2,-1,-1
849,-1,416,214,26,26,0.88,2,-1,-1
850,-1,418,406,72,88,0.92,2,-1,-1
850,-1,412,208,24,26,0.89,2,-1,-1
851,-1,414,384,66,82,0.92,2,-1,-1
851,-1,410,204,24,25,0.88,2,-1,-1
852,-1,408,358,62,73,0.93,2,-1,-1
852,-1,407,199,23,24,0.86,2,-1,-1
853,-1,406,343,58,68,0.94,2,-1,-1
853,-1,405,195,22,24,0.90,2,-1,-1
854,-1,402,322,51,62,0.93,2,-1,-1
854,-1,402,190,22,22,0.86,2,-1,-1
855,-1,400,310,48,58,0.91,2,-1,-1
855,-1,400,187,21,22,0.88,2,-1,-1
856,-1,396,293,45,55,0.91,2,-1,-1
856,-1,398,183,20,21,0.87,2,-1,-1
857,-1,394,284,46,51,0.91,2,-1,-1
857,-1,398,181,19,21,0.88,2,-1,-1
858,-1,392,271,42,48,0.90,2,-1,-1
858,-1,394,177,20,20,0.87,2,-1,-1
859,-1,390,263,39,46,0.91,2,-1,-1
859,-1,393,175,20,20,0.87,2,-1,-1
860,-1,387,252,37,44,0.91,2,-1,-1
860,-1,392,171,20,20,0.88,2,-1,-1
861,-1,386,246,36,41,0.90,2,-1,-1
861,-1,390,169,20,20,0.86,2,-1,-1
862,-1,384,237,35,40,0.90,2,-1,-1
862,-1,388,166,20,20,0.87,2,-1,-1
863,-1,384,232,34,38,0.89,2,-1,-1
863,-1,388,164,20,20,0.87,2,-1,-1
864,-1,382,224,31,36,0.90,2,-1,-1
864,-1,386,162,19,19,0.87,2,-1,-1
865,-1,380,220,30,35,0.90,2,-1,-1
865,-1,386,160,18,18,0.86,2,-1,-1
866,-1,379,214,29,32,0.88,2,-1,-1
866,-1,384,158,18,18,0.86,2,-1,-1
867,-1,378,210,28,32,0.91,2,-1,-1
867,-1,384,157,18,18,0.85,2,-1,-1
868,-1,377,204,28,32,0.89,2,-1,-1
868,-1,383,155,17,17,0.86,2,-1,-1
868,-1,327,129,10,11,0.11,2,-1,-1
869,-1,377,201,26,30,0.89,2,-1,-1
869,-1,382,153,16,17,0.86,2,-1,-1
869,-1,326,130,10,11,0.11,2,-1,-1
870,-1,376,195,25,30,0.88,2,-1,-1
870,-1,382,151,15,16,0.86,2,-1,-1
870,-1,327,130,10,12,0.70,2,-1,-1
871,-1,374,193,25,29,0.87,2,-1,-1
871,-1,381,151,16,15,0.85,2,-1,-1
871,-1,327,130,10,12,0.70,2,-1,-1
872,-1,374,189,24,28,0.87,2,-1,-1
872,-1,380,151,16,14,0.84,2,-1,-1
872,-1,326,132,10,11,0.40,2,-1,-1
873,-1,372,186,24,28,0.89,2,-1,-1
873,-1,380,148,15,14,0.84,2,-1,-1
873,-1,326,133,11,12,0.79,2,-1,-1
874,-1,371,182,25,26,0.88,2,-1,-1
874,-1,378,146,15,14,0.84,2,-1,-1
874,-1,326,133,11,12,0.78,2,-1,-1
875,-1,371,180,24,27,0.88,2,-1,-1
875,-1,378,145,16,15,0.82,2,-1,-1
875,-1,326,134,11,12,0.75,2,-1,-1
876,-1,370,176,24,26,0.88,2,-1,-1
876,-1,377,144,14,14,0.80,2,-1,-1
876,-1,324,134,12,13,0.73,2,-1,-1
877,-1,369,174,23,26,0.85,2,-1,-1
877,-1,376,143,15,14,0.80,2,-1,-1
877,-1,325,134,12,12,0.71,2,-1,-1
878,-1,368,172,23,24,0.85,2,-1,-1
878,-1,376,141,15,14,0.80,2,-1,-1
878,-1,324,135,12,13,0.33,2,-1,-1
879,-1,368,170,22,24,0.86,2,-1,-1
879,-1,375,141,14,13,0.82,2,-1,-1
879,-1,324,137,13,14,0.74,2,-1,-1
880,-1,368,166,21,24,0.83,2,-1,-1
880,-1,375,141,14,13,0.80,2,-1,-1
880,-1,324,138,13,14,0.76,2,-1,-1
881,-1,367,165,20,24,0.84,2,-1,-1
881,-1,374,139,13,12,0.79,2,-1,-1
881,-1,323,139,13,14,0.68,2,-1,-1
882,-1,366,163,20,23,0.87,2,-1,-1
882,-1,374,138,13,12,0.82,2,-1,-1
882,-1,322,140,14,14,0.74,2,-1,-1
883,-1,374,136,13,14,0.85,2,-1,-1
883,-1,367,161,20,22,0.84,2,-1,-1
883,-1,322,140,13,14,0.70,2,-1,-1
884,-1,366,159,18,22,0.83,2,-1,-1
884,-1,373,135,12,12,0.81,2,-1,-1
884,-1,322,143,13,14,0.70,2,-1,-1
885,-1,366,158,18,22,0.84,2,-1,-1
885,-1,373,134,12,12,0.79,2,-1,-1
885,-1,322,143,14,14,0.75,2,-1,-1
886,-1,366,156,18,20,0.86,2,-1,-1
886,-1,321,145,14,14,0.75,2,-1,-1
886,-1,372,134,13,12,0.72,2,-1,-1
887,-1,366,154,19,22,0.84,2,-1,-1
887,-1,320,147,14,14,0.79,2,-1,-1
887,-1,372,133,13,12,0.69,2,-1,-1
888,-1,365,152,19,21,0.81,2,-1,-1
888,-1,320,150,14,14,0.80,2,-1,-1
888,-1,372,132,12,12,0.67,2,-1,-1
889,-1,319,150,14,14,0.80,2,-1,-1
889,-1,365,151,18,20,0.79,2,-1,-1
889,-1,370,131,13,12,0.67,2,-1,-1
890,-1,364,150,18,20,0.82,2,-1,-1
890,-1,319,152,14,14,0.78,2,-1,-1
890,-1,370,130,13,12,0.61,2,-1,-1
891,-1,318,152,15,15,0.84,2,-1,-1
891,-1,364,149,16,18,0.83,2,-1,-1
891,-1,370,130,12,11,0.50,2,-1,-1
892,-1,316,153,16,16,0.86,2,-1,-1
892,-1,364,147,16,18,0.79,2,-1,-1
892,-1,370,130,12,11,0.51,2,-1,-1
893,-1,316,154,16,16,0.86,2,-1,-1
893,-1,364,146,16,19,0.80,2,-1,-1
893,-1,370,130,12,10,0.36,2,-1,-1
894,-1,316,157,15,16,0.83,2,-1,-1
894,-1,363,144,16,18,0.75,2,-1,-1
894,-1,370,130,11,10,0.19,2,-1,-1
895,-1,315,158,16,16,0.83,2,-1,-1
895,-1,362,143,16,18,0.75,2,-1,-1
896,-1,314,160,17,17,0.85,2,-1,-1
896,-1,362,142,15,16,0.75,2,-1,-1
897,-1,312,162,18,17,0.84,2,-1,-1
897,-1,363,142,15,17,0.76,2,-1,-1
898,-1,312,165,18,16,0.83,2,-1,-1
898,-1,362,141,15,17,0.75,2,-1,-1
899,-1,310,166,19,18,0.84,2,-1,-1
899,-1,362,140,16,17,0.76,2,-1,-1
900,-1,310,169,19,19,0.85,2,-1,-1
900,-1,363,140,14,16,0.75,2,-1,-1
