1,-1,148,208,92,136,0.93,7,-1,-1
1,-1,295,107,24,32,0.87,7,-1,-1
1,-1,294,176,24,22,0.87,2,-1,-1
2,-1,139,213,96,145,0.93,7,-1,-1
2,-1,295,107,24,32,0.87,7,-1,-1
2,-1,293,179,25,23,0.86,2,-1,-1
3,-1,125,223,105,156,0.93,7,-1,-1
3,-1,294,108,24,34,0.88,7,-1,-1
3,-1,292,185,24,22,0.88,2,-1,-1
4,-1,113,226,112,169,0.92,7,-1,-1
4,-1,293,109,24,34,0.88,7,-1,-1
4,-1,289,190,26,23,0.85,2,-1,-1
5,-1,94,238,123,188,0.92,7,-1,-1
5,-1,292,110,25,34,0.89,7,-1,-1
5,-1,286,193,26,26,0.87,2,-1,-1
6,-1,79,248,131,197,0.92,7,-1,-1
6,-1,291,111,26,34,0.89,7,-1,-1
6,-1,284,197,28,26,0.87,2,-1,-1
7,-1,57,260,144,223,0.93,7,-1,-1
7,-1,290,112,26,35,0.88,7,-1,-1
7,-1,281,204,28,28,0.87,2,-1,-1
8,-1,35,266,158,245,0.93,7,-1,-1
8,-1,279,208,29,30,0.88,2,-1,-1
8,-1,289,112,27,36,0.88,7,-1,-1
9,-1,276,216,30,31,0.90,2,-1,-1
9,-1,288,112,28,38,0.88,7,-1,-1
10,-1,272,221,32,32,0.88,2,-1,-1
10,-1,286,113,28,37,0.88,7,-1,-1
11,-1,267,231,34,34,0.90,2,-1,-1
11,-1,286,114,28,38,0.88,7,-1,-1
12,-1,264,238,36,36,0.90,2,-1,-1
12,-1,285,114,28,39,0.88,7,-1,-1
13,-1,260,249,36,39,0.90,2,-1,-1
13,-1,283,116,29,40,0.89,7,-1,-1
14,-1,254,256,39,41,0.91,2,-1,-1
14,-1,282,116,30,40,0.88,7,-1,-1
15,-1,247,271,42,46,0.91,2,-1,-1
15,-1,280,118,30,41,0.88,7,-1,-1
16,-1,243,282,44,49,0.91,2,-1,-1
16,-1,280,117,31,43,0.88,7,-1,-1
17,-1,233,299,48,54,0.91,2,-1,-1
17,-1,278,119,32,44,0.89,7,-1,-1
18,-1,226,314,52,57,0.91,2,-1,-1
18,-1,277,120,32,45,0.89,7,-1,-1
19,-1,215,336,56,64,0.92,2,-1,-1
19,-1,275,122,32,44,0.88,7,-1,-1
20,-1,205,354,60,70,0.92,2,-1,-1
20,-1,274,124,32,45,0.88,7,-1,-1
21,-1,190,385,66,81,0.92,2,-1,-1
21,-1,272,126,32,46,0.88,7,-1,-1
22,-1,179,408,72,90,0.92,2,-1,-1
22,-1,270,126,34,47,0.90,7,-1,-1
23,-1,269,127,34,48,0.90,7,-1,-1
24,-1,267,127,36,50,0.90,7,-1,-1
25,-1,265,129,36,52,0.90,7,-1,-1
26,-1,263,130,38,52,0.89,7,-1,-1
27,-1,261,131,40,54,0.90,7,-1,-1
28,-1,260,132,40,55,0.90,7,-1,-1
29,-1,256,134,43,57,0.90,7,-1,-1
30,-1,255,136,42,57,0.90,7,-1,-1
31,-1,252,138,43,60,0.90,7,-1,-1
32,-1,250,139,47,62,0.91,7,-1,-1
33,-1,246,141,47,64,0.90,7,-1,-1
34,-1,244,144,50,65,0.91,7,-1,-1
35,-1,241,145,52,68,0.91,7,-1,-1
36,-1,239,147,52,70,0.90,7,-1,-1
37,-1,234,150,55,72,0.92,7,-1,-1
38,-1,232,152,58,74,0.92,7,-1,-1
39,-1,226,154,62,78,0.92,7,-1,-1
40,-1,224,155,62,82,0.91,7,-1,-1
41,-1,218,159,66,85,0.92,7,-1,-1
42,-1,214,161,68,89,0.92,7,-1,-1
43,-1,209,164,70,93,0.93,7,-1,-1
44,-1,204,165,74,98,0.93,7,-1,-1
45,-1,197,169,77,104,0.93,7,-1,-1
46,-1,192,172,80,107,0.92,7,-1,-1
47,-1,183,177,86,113,0.93,7,-1,-1
48,-1,177,180,90,118,0.93,7,-1,-1
49,-1,168,185,96,126,0.93,7,-1,-1
50,-1,160,188,101,134,0.94,7,-1,-1
51,-1,148,194,110,145,0.94,7,-1,-1
52,-1,140,197,115,153,0.93,7,-1,-1
53,-1,128,203,124,168,0.93,7,-1,-1
54,-1,118,208,131,178,0.92,7,-1,-1
55,-1,103,215,140,195,0.93,7,-1,-1
56,-1,91,220,150,208,0.91,7,-1,-1
57,-1,66,226,167,236,0.93,7,-1,-1
58,-1,50,234,180,250,0.92,7,-1,-1
58,-1,321,90,10,11,0.29,2,-1,-1
59,-1,23,247,197,278,0.95,7,-1,-1
59,-1,320,90,10,11,0.31,2,-1,-1
60,-1,7,254,216,286,0.94,7,-1,-1
60,-1,320,90,10,11,0.24,2,-1,-1
61,-1,320,90,10,11,0.26,2,-1,-1
62,-1,320,90,10,11,0.27,2,-1,-1
65,-1,320,92,10,11,0.15,2,-1,-1
66,-1,320,92,10,11,0.15,2,-1,-1
67,-1,319,92,10,14,0.15,2,-1,-1
68,-1,319,92,10,14,0.15,2,-1,-1
69,-1,319,92,10,13,0.18,2,-1,-1
70,-1,319,92,10,13,0.18,2,-1,-1
71,-1,318,92,11,13,0.51,2,-1,-1
72,-1,318,92,11,14,0.43,2,-1,-1
73,-1,317,92,12,15,0.65,2,-1,-1
74,-1,317,92,12,16,0.67,2,-1,-1
75,-1,316,93,12,16,0.44,2,-1,-1
76,-1,316,92,12,17,0.44,2,-1,-1
77,-1,316,94,12,16,0.61,2,-1,-1
78,-1,314,93,14,19,0.44,7,-1,-1
79,-1,314,93,14,19,0.44,7,-1,-1
80,-1,314,93,14,19,0.44,7,-1,-1
81,-1,314,93,14,20,0.63,7,-1,-1
82,-1,314,93,14,20,0.68,7,-1,-1
83,-1,313,94,14,19,0.55,2,-1,-1
84,-1,312,94,15,20,0.52,2,-1,-1
85,-1,313,97,14,19,0.50,2,-1,-1
86,-1,311,97,16,19,0.50,2,-1,-1
87,-1,311,98,16,19,0.57,7,-1,-1
88,-1,311,98,16,19,0.65,7,-1,-1
89,-1,310,99,16,20,0.67,7,-1,-1
90,-1,310,100,16,20,0.69,7,-1,-1
90,-1,327,72,12,18,0.15,7,-1,-1
91,-1,310,100,16,19,0.54,7,-1,-1
91,-1,327,72,12,18,0.15,7,-1,-1
92,-1,308,101,16,20,0.55,7,-1,-1
92,-1,337,83,8,9,0.35,2,-1,-1
92,-1,328,73,11,17,0.16,7,-1,-1
93,-1,308,103,16,19,0.55,2,-1,-1
93,-1,326,72,12,18,0.46,7,-1,-1
93,-1,336,83,8,9,0.17,2,-1,-1
94,-1,308,103,16,19,0.49,2,-1,-1
94,-1,326,72,12,18,0.45,7,-1,-1
94,-1,336,83,8,9,0.17,2,-1,-1
95,-1,307,104,16,19,0.73,2,-1,-1
95,-1,326,72,12,18,0.61,7,-1,-1
96,-1,307,105,16,19,0.68,2,-1,-1
96,-1,326,72,12,18,0.60,7,-1,-1
97,-1,306,106,16,19,0.60,2,-1,-1
97,-1,336,86,8,8,0.32,2,-1,-1
98,-1,304,107,17,20,0.54,2,-1,-1
98,-1,335,86,8,8,0.40,2,-1,-1
99,-1,305,108,16,20,0.66,7,-1,-1
99,-1,335,85,8,8,0.36,2,-1,-1
100,-1,304,108,17,21,0.51,7,-1,-1
100,-1,335,85,8,9,0.29,2,-1,-1
101,-1,304,108,17,21,0.56,7,-1,-1
101,-1,335,85,8,9,0.29,2,-1,-1
102,-1,303,107,18,23,0.78,7,-1,-1
103,-1,304,108,17,24,0.78,7,-1,-1
103,-1,326,75,11,17,0.15,7,-1,-1
104,-1,302,107,18,25,0.84,7,-1,-1
105,-1,302,108,19,25,0.84,7,-1,-1
105,-1,326,76,10,17,0.14,7,-1,-1
106,-1,300,110,20,24,0.84,7,-1,-1
106,-1,326,74,11,18,0.58,7,-1,-1
107,-1,299,110,20,26,0.85,7,-1,-1
107,-1,326,74,11,18,0.58,7,-1,-1
108,-1,299,111,20,26,0.85,7,-1,-1
108,-1,326,74,11,18,0.58,7,-1,-1
109,-1,298,113,20,25,0.82,7,-1,-1
109,-1,325,74,12,18,0.74,7,-1,-1
110,-1,296,114,21,25,0.80,7,-1,-1
110,-1,324,75,12,19,0.77,7,-1,-1
111,-1,296,115,21,25,0.80,7,-1,-1
111,-1,324,75,12,19,0.78,7,-1,-1
112,-1,295,116,21,25,0.82,7,-1,-1
112,-1,324,75,12,19,0.76,7,-1,-1
113,-1,294,116,21,27,0.87,7,-1,-1
113,-1,324,76,12,18,0.70,7,-1,-1
114,-1,294,117,20,27,0.87,7,-1,-1
114,-1,324,76,12,18,0.68,7,-1,-1
115,-1,292,118,22,28,0.87,7,-1,-1
115,-1,324,77,12,18,0.54,7,-1,-1
116,-1,291,119,22,28,0.87,7,-1,-1
116,-1,323,77,12,18,0.52,7,-1,-1
117,-1,290,121,22,28,0.83,7,-1,-1
117,-1,323,77,12,18,0.53,7,-1,-1
118,-1,289,123,22,28,0.80,7,-1,-1
118,-1,323,78,12,18,0.56,7,-1,-1
119,-1,288,124,22,28,0.85,7,-1,-1
119,-1,323,78,12,18,0.56,7,-1,-1
120,-1,287,124,23,29,0.86,7,-1,-1
120,-1,323,78,12,18,0.54,7,-1,-1
121,-1,286,125,24,30,0.85,7,-1,-1
121,-1,323,77,12,19,0.62,7,-1,-1
121,-1,334,89,10,12,0.16,2,-1,-1
122,-1,284,126,24,30,0.68,7,-1,-1
122,-1,333,90,10,13,0.65,2,-1,-1
122,-1,323,78,12,19,0.50,7,-1,-1
123,-1,282,128,25,32,0.81,7,-1,-1
123,-1,333,90,10,13,0.65,2,-1,-1
123,-1,323,78,12,20,0.50,7,-1,-1
124,-1,282,129,24,31,0.86,7,-1,-1
124,-1,323,78,12,20,0.56,7,-1,-1
124,-1,334,88,10,14,0.28,2,-1,-1
125,-1,280,131,25,32,0.85,7,-1,-1
125,-1,323,78,12,20,0.56,7,-1,-1
125,-1,334,88,10,14,0.30,2,-1,-1
126,-1,278,132,25,32,0.83,7,-1,-1
126,-1,322,77,12,20,0.57,7,-1,-1
126,-1,333,87,11,16,0.33,2,-1,-1
127,-1,276,134,26,33,0.85,7,-1,-1
127,-1,322,78,12,20,0.41,7,-1,-1
127,-1,332,88,12,17,0.25,2,-1,-1
128,-1,276,136,26,34,0.85,7,-1,-1
128,-1,332,88,12,16,0.48,2,-1,-1
128,-1,322,79,12,18,0.18,7,-1,-1
129,-1,273,138,28,34,0.86,7,-1,-1
129,-1,332,88,12,17,0.38,2,-1,-1
129,-1,322,81,12,18,0.17,7,-1,-1
130,-1,272,140,28,34,0.85,7,-1,-1
130,-1,332,89,12,17,0.48,2,-1,-1
130,-1,321,81,12,18,0.17,2,-1,-1
131,-1,270,140,28,37,0.88,7,-1,-1
131,-1,334,96,11,12,0.74,2,-1,-1
131,-1,321,83,12,16,0.46,2,-1,-1
132,-1,269,142,28,38,0.89,7,-1,-1
132,-1,334,96,10,12,0.73,2,-1,-1
132,-1,321,83,12,16,0.50,2,-1,-1
133,-1,266,143,30,40,0.89,7,-1,-1
133,-1,332,94,12,14,0.51,2,-1,-1
133,-1,321,83,12,17,0.41,2,-1,-1
134,-1,264,144,31,41,0.87,7,-1,-1
134,-1,331,94,12,16,0.38,2,-1,-1
134,-1,321,83,12,17,0.35,2,-1,-1
135,-1,262,148,30,40,0.80,7,-1,-1
135,-1,331,94,12,15,0.41,2,-1,-1
135,-1,321,84,12,17,0.41,2,-1,-1
136,-1,260,150,30,41,0.82,7,-1,-1
136,-1,321,83,12,17,0.41,2,-1,-1
136,-1,331,94,12,16,0.40,2,-1,-1
137,-1,256,154,32,41,0.84,7,-1,-1
137,-1,320,82,13,19,0.48,7,-1,-1
137,-1,330,96,11,14,0.17,2,-1,-1
138,-1,254,156,32,42,0.82,7,-1,-1
138,-1,330,94,13,17,0.47,2,-1,-1
138,-1,320,82,14,20,0.33,7,-1,-1
139,-1,251,160,34,44,0.90,7,-1,-1
139,-1,330,94,13,18,0.45,2,-1,-1
139,-1,320,81,14,21,0.32,7,-1,-1
140,-1,250,160,34,46,0.90,7,-1,-1
140,-1,320,81,14,21,0.46,7,-1,-1
140,-1,329,96,12,16,0.29,2,-1,-1
141,-1,245,164,36,47,0.89,7,-1,-1
141,-1,330,94,12,18,0.43,2,-1,-1
141,-1,320,83,13,20,0.39,7,-1,-1
142,-1,242,166,36,50,0.91,7,-1,-1
142,-1,319,83,14,20,0.49,7,-1,-1
142,-1,330,100,12,14,0.36,2,-1,-1
143,-1,239,170,38,52,0.90,7,-1,-1
143,-1,330,99,12,15,0.60,2,-1,-1
143,-1,319,84,13,20,0.44,7,-1,-1
144,-1,236,172,39,54,0.91,7,-1,-1
144,-1,328,98,14,17,0.79,2,-1,-1
144,-1,319,82,12,21,0.53,7,-1,-1
145,-1,230,176,41,57,0.91,7,-1,-1
145,-1,328,98,14,18,0.77,2,-1,-1
145,-1,318,83,13,21,0.59,7,-1,-1
146,-1,227,180,42,58,0.90,7,-1,-1
146,-1,328,100,14,16,0.76,2,-1,-1
146,-1,318,83,13,21,0.55,7,-1,-1
147,-1,222,184,43,62,0.90,7,-1,-1
147,-1,327,99,15,19,0.75,2,-1,-1
147,-1,318,84,13,21,0.48,7,-1,-1
148,-1,217,188,45,62,0.91,7,-1,-1
148,-1,326,98,16,20,0.71,2,-1,-1
148,-1,318,84,13,21,0.55,7,-1,-1
149,-1,211,194,48,66,0.90,7,-1,-1
149,-1,328,102,14,18,0.77,2,-1,-1
149,-1,318,83,14,24,0.76,7,-1,-1
150,-1,206,198,51,68,0.91,7,-1,-1
150,-1,325,102,16,19,0.78,2,-1,-1
150,-1,318,83,14,23,0.77,7,-1,-1
151,-1,198,204,54,73,0.91,7,-1,-1
151,-1,326,101,15,20,0.80,2,-1,-1
151,-1,318,83,14,23,0.74,7,-1,-1
152,-1,193,208,56,76,0.92,7,-1,-1
152,-1,327,106,14,16,0.74,2,-1,-1
152,-1,317,82,14,24,0.69,7,-1,-1
153,-1,184,215,60,81,0.91,7,-1,-1
153,-1,326,105,14,18,0.80,2,-1,-1
153,-1,316,84,15,24,0.65,7,-1,-1
154,-1,178,222,63,86,0.91,7,-1,-1
154,-1,326,107,15,16,0.79,2,-1,-1
154,-1,315,85,15,23,0.48,7,-1,-1
155,-1,168,231,66,91,0.92,7,-1,-1
155,-1,324,107,16,18,0.80,2,-1,-1
155,-1,315,91,12,19,0.38,2,-1,-1
156,-1,161,239,68,96,0.92,7,-1,-1
156,-1,324,108,16,18,0.74,2,-1,-1
156,-1,316,85,14,22,0.29,7,-1,-1
157,-1,146,250,77,104,0.92,7,-1,-1
157,-1,323,107,17,21,0.79,2,-1,-1
157,-1,316,84,15,22,0.52,7,-1,-1
158,-1,138,260,79,109,0.93,7,-1,-1
158,-1,324,110,16,18,0.78,2,-1,-1
158,-1,314,86,14,24,0.52,7,-1,-1
159,-1,122,272,86,120,0.92,7,-1,-1
159,-1,323,110,17,19,0.77,2,-1,-1
159,-1,314,86,15,24,0.59,7,-1,-1
160,-1,111,286,90,126,0.92,7,-1,-1
160,-1,322,110,17,20,0.44,2,-1,-1
160,-1,313,88,15,22,0.43,7,-1,-1
161,-1,91,300,97,143,0.92,7,-1,-1
161,-1,323,114,16,16,0.72,2,-1,-1
161,-1,313,88,14,25,0.51,7,-1,-1
162,-1,77,317,102,150,0.93,7,-1,-1
162,-1,322,112,17,19,0.71,2,-1,-1
162,-1,312,88,15,24,0.43,7,-1,-1
163,-1,48,337,114,172,0.92,7,-1,-1
163,-1,320,110,18,22,0.65,2,-1,-1
163,-1,312,89,16,23,0.62,7,-1,-1
164,-1,31,354,122,186,0.92,7,-1,-1
164,-1,312,88,16,23,0.75,7,-1,-1
164,-1,319,110,18,23,0.69,2,-1,-1
165,-1,312,88,16,24,0.77,7,-1,-1
165,-1,320,115,17,19,0.68,2,-1,-1
166,-1,311,89,16,24,0.81,7,-1,-1
166,-1,319,112,18,24,0.78,2,-1,-1
167,-1,311,89,17,24,0.77,7,-1,-1
167,-1,316,110,20,27,0.66,7,-1,-1
168,-1,311,89,17,24,0.77,7,-1,-1
168,-1,316,112,19,26,0.56,2,-1,-1
169,-1,316,117,20,22,0.82,2,-1,-1
169,-1,310,90,17,24,0.76,7,-1,-1
170,-1,315,114,21,27,0.76,7,-1,-1
170,-1,310,90,17,26,0.75,7,-1,-1
171,-1,315,118,20,24,0.84,2,-1,-1
171,-1,308,90,18,30,0.81,7,-1,-1
172,-1,315,118,20,26,0.84,2,-1,-1
172,-1,308,90,19,30,0.82,7,-1,-1
173,-1,308,90,18,29,0.84,7,-1,-1
173,-1,313,118,22,27,0.82,2,-1,-1
173,-1,338,82,8,8,0.27,2,-1,-1
174,-1,308,90,18,29,0.84,7,-1,-1
174,-1,312,118,22,28,0.71,2,-1,-1
175,-1,306,92,19,28,0.84,7,-1,-1
175,-1,311,118,23,29,0.73,2,-1,-1
176,-1,305,92,20,29,0.84,7,-1,-1
176,-1,311,118,22,31,0.78,7,-1,-1
176,-1,338,82,8,8,0.36,2,-1,-1
177,-1,305,92,20,31,0.85,7,-1,-1
177,-1,310,121,23,30,0.82,7,-1,-1
178,-1,304,93,20,31,0.86,7,-1,-1
178,-1,309,122,24,31,0.74,7,-1,-1
179,-1,304,93,20,31,0.85,7,-1,-1
179,-1,308,123,24,32,0.80,7,-1,-1
179,-1,337,84,8,8,0.49,2,-1,-1
180,-1,308,123,24,33,0.88,7,-1,-1
180,-1,303,93,20,32,0.84,7,-1,-1
180,-1,338,84,8,9,0.32,2,-1,-1
181,-1,307,125,25,34,0.87,7,-1,-1
181,-1,303,94,20,33,0.84,7,-1,-1
181,-1,336,84,10,10,0.72,2,-1,-1
182,-1,302,95,20,32,0.84,7,-1,-1
182,-1,306,126,26,34,0.83,7,-1,-1
182,-1,337,84,8,10,0.60,2,-1,-1
183,-1,302,95,20,33,0.86,7,-1,-1
183,-1,305,127,26,36,0.86,7,-1,-1
183,-1,336,86,8,8,0.46,2,-1,-1
184,-1,302,95,20,34,0.86,7,-1,-1
184,-1,305,132,26,32,0.85,2,-1,-1
184,-1,336,86,8,9,0.58,2,-1,-1
185,-1,300,96,22,35,0.86,7,-1,-1
185,-1,304,130,27,36,0.85,7,-1,-1
185,-1,336,86,8,9,0.58,2,-1,-1
185,-1,320,96,8,12,0.29,2,-1,-1
186,-1,300,97,22,35,0.86,7,-1,-1
186,-1,303,132,28,36,0.84,7,-1,-1
186,-1,336,86,8,9,0.63,2,-1,-1
186,-1,320,96,8,12,0.30,2,-1,-1
187,-1,299,97,22,35,0.87,7,-1,-1
187,-1,302,134,28,36,0.82,7,-1,-1
187,-1,336,86,8,10,0.43,2,-1,-1
187,-1,320,95,9,12,0.31,2,-1,-1
188,-1,299,97,22,36,0.87,7,-1,-1
188,-1,300,136,28,38,0.76,7,-1,-1
188,-1,336,85,9,11,0.46,2,-1,-1
188,-1,318,90,12,18,0.14,7,-1,-1
189,-1,298,98,22,35,0.86,7,-1,-1
189,-1,299,136,30,40,0.86,7,-1,-1
189,-1,317,90,12,19,0.53,7,-1,-1
189,-1,336,85,9,11,0.44,2,-1,-1
190,-1,298,140,30,38,0.87,7,-1,-1
190,-1,298,99,22,34,0.85,7,-1,-1
190,-1,317,90,12,19,0.61,7,-1,-1
190,-1,336,85,9,11,0.45,2,-1,-1
191,-1,298,99,22,35,0.86,7,-1,-1
191,-1,297,140,31,42,0.78,7,-1,-1
191,-1,336,85,9,11,0.62,2,-1,-1
191,-1,315,89,14,20,0.59,7,-1,-1
192,-1,297,100,22,35,0.86,7,-1,-1
192,-1,296,142,32,42,0.78,7,-1,-1
192,-1,315,89,14,21,0.75,7,-1,-1
193,-1,296,101,23,36,0.87,7,-1,-1
193,-1,295,145,32,42,0.80,2,-1,-1
193,-1,314,89,14,22,0.68,7,-1,-1
193,-1,336,85,9,12,0.16,2,-1,-1
194,-1,296,100,23,38,0.87,7,-1,-1
194,-1,314,89,14,21,0.73,7,-1,-1
194,-1,294,148,32,41,0.70,2,-1,-1
194,-1,336,84,9,11,0.27,2,-1,-1
195,-1,294,102,24,37,0.87,7,-1,-1
195,-1,314,89,14,22,0.80,7,-1,-1
195,-1,335,85,10,12,0.72,2,-1,-1
195,-1,292,153,32,40,0.68,2,-1,-1
196,-1,294,102,24,38,0.87,7,-1,-1
196,-1,290,154,34,43,0.84,7,-1,-1
196,-1,314,90,15,21,0.83,7,-1,-1
196,-1,336,86,9,11,0.13,2,-1,-1
197,-1,293,103,24,38,0.87,7,-1,-1
197,-1,289,157,34,44,0.83,2,-1,-1
197,-1,313,90,15,22,0.83,7,-1,-1
198,-1,292,104,24,39,0.88,7,-1,-1
198,-1,287,158,36,46,0.88,7,-1,-1
198,-1,312,91,16,22,0.84,7,-1,-1
198,-1,334,88,10,12,0.41,2,-1,-1
199,-1,291,104,26,40,0.88,7,-1,-1
199,-1,286,161,36,48,0.86,7,-1,-1
199,-1,312,92,16,22,0.84,7,-1,-1
199,-1,334,89,10,12,0.57,2,-1,-1
200,-1,290,105,26,40,0.88,7,-1,-1
200,-1,283,165,38,48,0.87,7,-1,-1
200,-1,312,92,16,22,0.84,7,-1,-1
200,-1,335,89,10,14,0.78,2,-1,-1
201,-1,290,105,26,41,0.88,7,-1,-1
201,-1,312,92,16,22,0.84,7,-1,-1
201,-1,334,89,11,13,0.78,2,-1,-1
201,-1,282,166,38,52,0.78,2,-1,-1
202,-1,287,106,28,42,0.87,7,-1,-1
202,-1,311,94,16,22,0.82,7,-1,-1
202,-1,334,89,11,14,0.71,2,-1,-1
202,-1,279,168,40,54,0.62,7,-1,-1
203,-1,286,106,29,43,0.87,7,-1,-1
203,-1,277,173,42,55,0.81,7,-1,-1
203,-1,310,93,16,23,0.81,7,-1,-1
203,-1,334,91,10,12,0.67,2,-1,-1
204,-1,286,106,30,44,0.87,7,-1,-1
204,-1,309,93,18,22,0.80,7,-1,-1
204,-1,334,91,10,12,0.63,2,-1,-1
204,-1,274,177,44,56,0.63,7,-1,-1
205,-1,270,178,46,62,0.90,7,-1,-1
205,-1,285,106,30,46,0.87,7,-1,-1
205,-1,308,94,18,24,0.80,7,-1,-1
205,-1,333,90,12,13,0.76,2,-1,-1
206,-1,268,181,48,64,0.90,7,-1,-1
206,-1,284,107,30,46,0.88,7,-1,-1
206,-1,308,94,18,23,0.83,7,-1,-1
206,-1,334,91,11,14,0.76,2,-1,-1
207,-1,265,186,50,67,0.91,7,-1,-1
207,-1,284,108,29,46,0.88,7,-1,-1
207,-1,308,95,18,24,0.85,7,-1,-1
207,-1,334,93,10,12,0.76,2,-1,-1
208,-1,262,190,53,69,0.92,7,-1,-1
208,-1,282,108,30,47,0.89,7,-1,-1
208,-1,307,95,18,24,0.86,7,-1,-1
208,-1,333,93,12,12,0.79,2,-1,-1
209,-1,256,194,58,75,0.91,7,-1,-1
209,-1,281,110,30,48,0.89,7,-1,-1
209,-1,307,95,18,24,0.87,7,-1,-1
209,-1,332,92,12,14,0.63,2,-1,-1
210,-1,254,195,60,82,0.91,7,-1,-1
210,-1,280,110,32,48,0.89,7,-1,-1
210,-1,307,95,18,25,0.86,7,-1,-1
210,-1,332,94,11,13,0.68,2,-1,-1
211,-1,247,203,66,86,0.92,7,-1,-1
211,-1,279,111,32,49,0.88,7,-1,-1
211,-1,306,96,18,25,0.87,7,-1,-1
211,-1,331,95,12,13,0.75,2,-1,-1
212,-1,243,209,68,88,0.92,7,-1,-1
212,-1,278,112,32,50,0.88,7,-1,-1
212,-1,306,96,18,24,0.87,7,-1,-1
212,-1,332,94,11,14,0.70,2,-1,-1
213,-1,236,209,72,103,0.92,7,-1,-1
213,-1,277,113,31,51,0.89,7,-1,-1
213,-1,305,98,19,24,0.87,7,-1,-1
213,-1,332,93,12,15,0.61,2,-1,-1
214,-1,233,222,72,99,0.92,7,-1,-1
214,-1,276,114,32,52,0.89,7,-1,-1
214,-1,305,98,19,24,0.88,7,-1,-1
214,-1,331,98,11,12,0.70,2,-1,-1
215,-1,223,224,80,114,0.93,7,-1,-1
215,-1,274,114,33,53,0.89,7,-1,-1
215,-1,304,98,19,26,0.88,7,-1,-1
215,-1,331,98,12,13,0.68,2,-1,-1
216,-1,218,235,84,116,0.92,7,-1,-1
216,-1,274,115,32,54,0.89,7,-1,-1
216,-1,304,98,20,27,0.87,7,-1,-1
216,-1,331,96,12,14,0.35,2,-1,-1
217,-1,208,234,90,138,0.92,7,-1,-1
217,-1,272,116,33,56,0.88,7,-1,-1
217,-1,303,99,20,26,0.87,7,-1,-1
217,-1,332,99,12,14,0.65,2,-1,-1
218,-1,200,240,98,149,0.93,7,-1,-1
218,-1,271,116,34,57,0.89,7,-1,-1
218,-1,303,99,20,27,0.87,7,-1,-1
218,-1,329,100,14,14,0.71,2,-1,-1
219,-1,187,250,106,168,0.91,7,-1,-1
219,-1,269,118,35,57,0.89,7,-1,-1
219,-1,302,100,20,26,0.88,7,-1,-1
219,-1,329,103,13,12,0.53,2,-1,-1
220,-1,178,259,113,178,0.92,7,-1,-1
220,-1,268,121,36,56,0.90,7,-1,-1
220,-1,302,101,20,27,0.88,7,-1,-1
220,-1,329,102,13,13,0.54,2,-1,-1
221,-1,162,274,126,201,0.90,7,-1,-1
221,-1,266,122,36,58,0.89,7,-1,-1
221,-1,301,101,20,27,0.88,7,-1,-1
221,-1,329,102,14,14,0.54,2,-1,-1
222,-1,152,282,134,218,0.91,7,-1,-1
222,-1,264,122,37,60,0.88,7,-1,-1
222,-1,301,102,20,26,0.88,7,-1,-1
222,-1,329,102,12,14,0.58,2,-1,-1
223,-1,262,122,39,63,0.89,7,-1,-1
223,-1,300,103,20,28,0.88,7,-1,-1
223,-1,328,102,13,15,0.67,2,-1,-1
224,-1,261,126,40,60,0.89,7,-1,-1
224,-1,300,103,20,28,0.88,7,-1,-1
224,-1,328,103,14,14,0.59,2,-1,-1
225,-1,258,126,42,64,0.90,7,-1,-1
225,-1,83,330,190,210,0.88,7,-1,-1
225,-1,299,103,21,29,0.88,7,-1,-1
225,-1,328,108,12,12,0.68,2,-1,-1
225,-1,330,100,11,10,0.30,2,-1,-1
226,-1,257,127,42,64,0.90,7,-1,-1
226,-1,298,104,22,29,0.87,7,-1,-1
226,-1,331,99,11,11,0.29,2,-1,-1
227,-1,255,128,44,68,0.89,7,-1,-1
227,-1,298,104,22,30,0.87,7,-1,-1
227,-1,327,109,12,12,0.75,2,-1,-1
227,-1,330,99,11,8,0.44,2,-1,-1
228,-1,254,128,46,70,0.90,7,-1,-1
228,-1,297,105,22,29,0.87,7,-1,-1
228,-1,326,111,12,12,0.32,2,-1,-1
229,-1,250,129,48,73,0.90,7,-1,-1
229,-1,296,106,22,30,0.86,7,-1,-1
229,-1,326,109,13,14,0.72,2,-1,-1
230,-1,248,132,48,73,0.91,7,-1,-1
230,-1,296,106,22,30,0.87,7,-1,-1
230,-1,326,106,14,18,0.68,2,-1,-1
231,-1,246,134,47,76,0.91,7,-1,-1
231,-1,294,107,23,30,0.87,7,-1,-1
231,-1,325,110,14,16,0.69,2,-1,-1
232,-1,243,134,51,78,0.91,7,-1,-1
232,-1,294,108,23,31,0.88,7,-1,-1
232,-1,326,108,14,19,0.70,2,-1,-1
233,-1,240,137,51,80,0.91,7,-1,-1
233,-1,293,108,24,32,0.88,7,-1,-1
233,-1,325,109,14,20,0.47,2,-1,-1
234,-1,238,139,52,80,0.90,7,-1,-1
234,-1,292,108,24,32,0.88,7,-1,-1
234,-1,325,110,14,19,0.68,2,-1,-1
235,-1,234,139,56,85,0.91,7,-1,-1
235,-1,291,109,24,32,0.88,7,-1,-1
235,-1,324,116,14,14,0.73,2,-1,-1
235,-1,328,105,12,10,0.43,2,-1,-1
236,-1,231,141,58,88,0.91,7,-1,-1
236,-1,290,110,24,33,0.88,7,-1,-1
236,-1,324,115,14,15,0.73,2,-1,-1
236,-1,326,107,13,12,0.26,2,-1,-1
237,-1,227,143,59,91,0.91,7,-1,-1
237,-1,290,111,24,34,0.88,7,-1,-1
237,-1,323,118,14,15,0.69,2,-1,-1
237,-1,327,107,12,10,0.55,2,-1,-1
238,-1,224,146,60,92,0.92,7,-1,-1
238,-1,289,112,24,34,0.88,7,-1,-1
238,-1,321,119,16,16,0.75,2,-1,-1
238,-1,327,107,12,11,0.68,2,-1,-1
239,-1,219,149,64,96,0.93,7,-1,-1
239,-1,289,112,24,34,0.87,7,-1,-1
239,-1,321,120,16,16,0.79,2,-1,-1
239,-1,327,107,12,11,0.76,2,-1,-1
240,-1,215,152,66,98,0.92,7,-1,-1
240,-1,288,113,25,34,0.87,7,-1,-1
240,-1,326,108,12,11,0.78,2,-1,-1
240,-1,321,122,16,15,0.78,2,-1,-1
241,-1,210,153,70,104,0.93,7,-1,-1
241,-1,286,114,25,35,0.87,7,-1,-1
241,-1,320,124,15,15,0.79,2,-1,-1
241,-1,326,108,12,11,0.76,2,-1,-1
242,-1,206,153,72,110,0.93,7,-1,-1
242,-1,286,115,26,35,0.88,7,-1,-1
242,-1,320,122,17,18,0.68,2,-1,-1
242,-1,326,109,13,11,0.67,2,-1,-1
243,-1,200,155,76,115,0.92,7,-1,-1
243,-1,284,115,27,36,0.89,7,-1,-1
243,-1,319,126,16,16,0.81,2,-1,-1
243,-1,326,111,12,11,0.60,2,-1,-1
244,-1,197,157,78,120,0.93,7,-1,-1
244,-1,284,116,26,38,0.89,7,-1,-1
244,-1,318,127,17,17,0.81,2,-1,-1
244,-1,325,112,13,11,0.67,2,-1,-1
245,-1,188,159,84,127,0.93,7,-1,-1
245,-1,282,117,27,38,0.89,7,-1,-1
245,-1,318,128,17,18,0.82,2,-1,-1
245,-1,324,113,13,12,0.80,2,-1,-1
246,-1,184,162,86,132,0.93,7,-1,-1
246,-1,281,117,28,39,0.88,7,-1,-1
246,-1,318,130,16,17,0.82,2,-1,-1
246,-1,324,114,14,12,0.80,2,-1,-1
247,-1,176,165,92,139,0.93,7,-1,-1
247,-1,280,118,28,40,0.88,7,-1,-1
247,-1,316,132,17,17,0.80,2,-1,-1
247,-1,323,114,14,12,0.80,2,-1,-1
247,-1,327,84,8,10,0.20,2,-1,-1
248,-1,170,168,95,144,0.93,7,-1,-1
248,-1,278,120,28,39,0.88,7,-1,-1
248,-1,316,135,16,16,0.84,2,-1,-1
248,-1,323,115,14,12,0.80,2,-1,-1
248,-1,326,84,8,10,0.24,2,-1,-1
249,-1,160,172,102,155,0.93,7,-1,-1
249,-1,277,121,28,39,0.89,7,-1,-1
249,-1,314,136,18,18,0.82,2,-1,-1
249,-1,323,116,14,12,0.80,2,-1,-1
249,-1,326,84,8,10,0.28,2,-1,-1
250,-1,154,174,106,163,0.93,7,-1,-1
250,-1,276,122,29,40,0.89,7,-1,-1
250,-1,313,137,19,18,0.84,2,-1,-1
250,-1,322,116,14,12,0.80,2,-1,-1
250,-1,326,84,9,10,0.38,2,-1,-1
251,-1,143,178,114,176,0.92,7,-1,-1
251,-1,274,124,30,40,0.89,7,-1,-1
251,-1,312,139,20,20,0.86,2,-1,-1
251,-1,323,118,12,12,0.78,2,-1,-1
252,-1,135,180,120,185,0.92,7,-1,-1
252,-1,274,124,30,41,0.89,7,-1,-1
252,-1,311,141,20,20,0.86,2,-1,-1
252,-1,322,119,14,12,0.81,2,-1,-1
253,-1,122,185,129,200,0.92,7,-1,-1
253,-1,271,125,32,42,0.90,7,-1,-1
253,-1,310,144,20,20,0.86,2,-1,-1
253,-1,321,120,14,12,0.80,2,-1,-1
254,-1,114,186,134,212,0.91,7,-1,-1
254,-1,270,126,32,42,0.90,7,-1,-1
254,-1,310,146,19,19,0.86,2,-1,-1
254,-1,321,121,14,13,0.83,2,-1,-1
254,-1,324,86,10,10,0.46,2,-1,-1
255,-1,98,192,144,231,0.94,7,-1,-1
255,-1,526,444,80,80,0.92,2,-1,-1
255,-1,269,128,33,44,0.90,7,-1,-1
255,-1,309,148,21,21,0.87,2,-1,-1
255,-1,320,122,14,13,0.84,2,-1,-1
255,-1,324,86,10,10,0.47,2,-1,-1
256,-1,85,190,154,252,0.93,7,-1,-1
256,-1,512,416,74,73,0.92,2,-1,-1
256,-1,268,129,33,44,0.91,7,-1,-1
256,-1,307,150,22,22,0.86,2,-1,-1
256,-1,320,122,15,14,0.84,2,-1,-1
256,-1,324,86,10,10,0.47,2,-1,-1
257,-1,61,204,172,265,0.92,7,-1,-1
257,-1,496,379,68,65,0.91,2,-1,-1
257,-1,266,131,34,45,0.90,7,-1,-1
257,-1,307,154,20,22,0.87,2,-1,-1
257,-1,319,125,15,14,0.82,2,-1,-1
257,-1,323,86,10,10,0.53,2,-1,-1
258,-1,48,204,186,286,0.95,7,-1,-1
258,-1,493,358,56,60,0.92,2,-1,-1
258,-1,264,132,34,46,0.90,7,-1,-1
258,-1,305,155,22,22,0.86,2,-1,-1
258,-1,319,126,16,14,0.79,2,-1,-1
258,-1,323,85,9,11,0.18,2,-1,-1
259,-1,33,212,198,304,0.96,7,-1,-1
259,-1,482,338,56,58,0.91,2,-1,-1
259,-1,262,132,36,48,0.90,7,-1,-1
259,-1,305,158,21,23,0.86,2,-1,-1
259,-1,319,127,15,14,0.80,2,-1,-1
259,-1,323,85,9,11,0.18,2,-1,-1
260,-1,14,219,212,317,0.94,7,-1,-1
260,-1,262,134,36,48,0.90,7,-1,-1
260,-1,477,322,50,53,0.90,2,-1,-1
260,-1,302,160,24,24,0.88,2,-1,-1
260,-1,318,128,16,14,0.80,2,-1,-1
260,-1,323,85,9,11,0.18,2,-1,-1
261,-1,3,226,216,311,0.94,7,-1,-1
261,-1,260,136,36,50,0.91,7,-1,-1
261,-1,469,302,42,46,0.91,2,-1,-1
261,-1,302,164,22,25,0.87,2,-1,-1
261,-1,318,129,16,16,0.84,2,-1,-1
261,-1,323,84,9,11,0.16,2,-1,-1
262,-1,3,238,210,299,0.95,7,-1,-1
262,-1,461,288,42,44,0.90,2,-1,-1
262,-1,258,136,37,52,0.90,7,-1,-1
262,-1,301,166,24,26,0.88,2,-1,-1
262,-1,316,130,18,16,0.84,2,-1,-1
263,-1,254,139,38,52,0.91,7,-1,-1
263,-1,452,271,38,41,0.90,2,-1,-1
263,-1,299,172,24,26,0.88,2,-1,-1
263,-1,316,132,17,16,0.82,2,-1,-1
264,-1,253,140,38,52,0.91,7,-1,-1
264,-1,448,261,36,39,0.89,2,-1,-1
264,-1,298,175,24,26,0.88,2,-1,-1
264,-1,314,134,18,16,0.83,2,-1,-1
265,-1,252,142,38,54,0.90,7,-1,-1
265,-1,442,249,34,36,0.89,2,-1,-1
265,-1,294,179,27,29,0.87,2,-1,-1
265,-1,314,136,18,17,0.85,2,-1,-1
266,-1,249,143,40,56,0.92,7,-1,-1
266,-1,438,240,32,35,0.90,2,-1,-1
266,-1,292,182,28,30,0.88,2,-1,-1
266,-1,314,137,18,16,0.86,2,-1,-1
267,-1,245,143,44,60,0.90,7,-1,-1
267,-1,432,230,32,33,0.89,2,-1,-1
267,-1,290,189,28,32,0.87,2,-1,-1
267,-1,313,138,18,18,0.84,2,-1,-1
268,-1,430,225,28,30,0.90,2,-1,-1
268,-1,244,146,44,60,0.90,7,-1,-1
268,-1,288,193,30,32,0.89,2,-1,-1
268,-1,312,140,19,18,0.86,2,-1,-1
269,-1,241,150,44,60,0.91,7,-1,-1
269,-1,285,200,30,34,0.89,2,-1,-1
269,-1,424,216,28,29,0.89,2,-1,-1
269,-1,311,142,20,18,0.85,2,-1,-1
269,-1,336,76,10,16,0.25,7,-1,-1
270,-1,238,151,45,62,0.91,7,-1,-1
270,-1,282,204,33,36,0.90,2,-1,-1
270,-1,422,210,28,28,0.88,2,-1,-1
270,-1,310,145,20,18,0.84,2,-1,-1
270,-1,337,76,10,16,0.24,7,-1,-1
271,-1,236,154,46,64,0.91,7,-1,-1
271,-1,278,212,34,38,0.89,2,-1,-1
271,-1,420,202,24,28,0.88,2,-1,-1
271,-1,310,147,20,18,0.86,2,-1,-1
271,-1,336,76,10,16,0.24,7,-1,-1
272,-1,233,155,48,66,0.91,7,-1,-1
272,-1,276,218,34,41,0.89,2,-1,-1
272,-1,416,198,24,26,0.86,2,-1,-1
272,-1,309,149,20,18,0.86,2,-1,-1
272,-1,336,77,11,17,0.21,7,-1,-1
273,-1,229,158,50,68,0.92,7,-1,-1
273,-1,270,228,39,43,0.89,2,-1,-1
273,-1,412,191,24,24,0.87,2,-1,-1
273,-1,308,153,20,18,0.86,2,-1,-1
273,-1,335,78,11,16,0.23,7,-1,-1
274,-1,226,160,52,70,0.91,7,-1,-1
274,-1,267,236,38,45,0.89,2,-1,-1
274,-1,412,187,22,23,0.86,2,-1,-1
274,-1,308,156,20,18,0.86,2,-1,-1
274,-1,0,406,70,134,0.77,2,-1,-1
274,-1,320,92,10,11,0.43,2,-1,-1
274,-1,335,77,11,17,0.20,7,-1,-1
275,-1,222,163,53,73,0.91,7,-1,-1
275,-1,260,248,42,48,0.90,2,-1,-1
275,-1,306,157,20,20,0.84,2,-1,-1
275,-1,410,182,20,23,0.83,2,-1,-1
275,-1,319,93,10,10,0.44,2,-1,-1
275,-1,334,78,11,16,0.16,7,-1,-1
276,-1,218,165,56,74,0.92,7,-1,-1
276,-1,256,256,44,55,0.91,2,-1,-1
276,-1,408,178,20,23,0.87,2,-1,-1
276,-1,306,160,20,20,0.86,2,-1,-1
276,-1,335,78,11,17,0.17,7,-1,-1
277,-1,214,168,57,78,0.91,7,-1,-1
277,-1,248,272,48,61,0.91,2,-1,-1
277,-1,304,163,22,20,0.86,2,-1,-1
277,-1,405,173,20,22,0.85,2,-1,-1
277,-1,318,94,10,10,0.52,2,-1,-1
277,-1,336,83,10,13,0.31,2,-1,-1
278,-1,209,171,60,80,0.91,7,-1,-1
278,-1,242,284,49,64,0.91,2,-1,-1
278,-1,402,170,22,22,0.86,2,-1,-1
278,-1,303,165,22,22,0.86,2,-1,-1
278,-1,318,94,10,10,0.53,2,-1,-1
278,-1,336,83,10,13,0.31,2,-1,-1
279,-1,205,174,62,85,0.92,7,-1,-1
279,-1,232,304,56,73,0.90,2,-1,-1
279,-1,300,170,23,21,0.88,2,-1,-1
279,-1,400,165,20,22,0.85,2,-1,-1
279,-1,317,94,12,13,0.74,2,-1,-1
279,-1,336,81,10,14,0.28,2,-1,-1
280,-1,200,178,64,87,0.92,7,-1,-1
280,-1,225,321,58,78,0.91,2,-1,-1
280,-1,299,172,24,22,0.87,2,-1,-1
280,-1,398,163,20,21,0.86,2,-1,-1
280,-1,318,93,12,14,0.74,2,-1,-1
280,-1,336,81,10,15,0.27,2,-1,-1
281,-1,194,182,68,92,0.92,7,-1,-1
281,-1,212,348,63,90,0.91,2,-1,-1
281,-1,297,177,24,23,0.89,2,-1,-1
281,-1,396,159,20,21,0.85,2,-1,-1
281,-1,317,94,12,13,0.76,2,-1,-1
281,-1,336,81,10,14,0.22,2,-1,-1
282,-1,189,185,70,95,0.93,7,-1,-1
282,-1,200,369,70,100,0.92,2,-1,-1
282,-1,296,180,25,24,0.87,2,-1,-1
282,-1,396,157,20,20,0.84,2,-1,-1
282,-1,317,94,11,13,0.38,2,-1,-1
282,-1,336,81,10,15,0.23,2,-1,-1
283,-1,182,406,80,117,0.93,2,-1,-1
283,-1,181,189,74,100,0.92,7,-1,-1
283,-1,293,185,26,24,0.87,2,-1,-1
283,-1,394,153,18,20,0.85,2,-1,-1
283,-1,314,95,14,15,0.76,2,-1,-1
283,-1,335,81,10,15,0.32,2,-1,-1
284,-1,176,192,78,105,0.92,7,-1,-1
284,-1,292,189,26,25,0.88,2,-1,-1
284,-1,392,151,20,20,0.84,2,-1,-1
284,-1,315,95,13,15,0.75,2,-1,-1
284,-1,335,81,10,15,0.31,2,-1,-1
285,-1,167,197,82,112,0.93,7,-1,-1
285,-1,289,195,28,26,0.88,2,-1,-1
285,-1,391,149,18,18,0.84,2,-1,-1
285,-1,314,95,13,15,0.76,2,-1,-1
285,-1,335,81,10,16,0.30,2,-1,-1
286,-1,160,201,86,117,0.92,7,-1,-1
286,-1,287,199,28,28,0.89,2,-1,-1
286,-1,390,147,16,18,0.84,2,-1,-1
286,-1,314,96,14,15,0.78,2,-1,-1
286,-1,334,82,12,17,0.45,2,-1,-1
287,-1,150,207,92,127,0.92,7,-1,-1
287,-1,283,206,30,28,0.89,2,-1,-1
287,-1,390,144,16,18,0.86,2,-1,-1
287,-1,334,82,12,17,0.42,2,-1,-1
287,-1,316,94,12,17,0.12,2,-1,-1
288,-1,143,211,96,133,0.93,7,-1,-1
288,-1,281,211,30,30,0.89,2,-1,-1
288,-1,387,142,18,18,0.85,2,-1,-1
288,-1,317,94,12,16,0.50,2,-1,-1
288,-1,334,82,12,17,0.44,7,-1,-1
289,-1,132,218,102,144,0.93,7,-1,-1
289,-1,277,219,32,31,0.88,2,-1,-1
289,-1,386,140,18,18,0.84,2,-1,-1
289,-1,314,95,14,18,0.47,2,-1,-1
289,-1,334,83,12,17,0.38,7,-1,-1
290,-1,124,223,106,151,0.93,7,-1,-1
290,-1,275,225,32,33,0.90,2,-1,-1
290,-1,386,138,16,18,0.84,2,-1,-1
290,-1,334,83,12,17,0.40,7,-1,-1
290,-1,314,95,14,17,0.38,2,-1,-1
291,-1,108,231,117,164,0.92,7,-1,-1
291,-1,269,234,36,36,0.90,2,-1,-1
291,-1,384,136,16,16,0.84,2,-1,-1
291,-1,314,96,14,18,0.61,2,-1,-1
291,-1,334,84,12,18,0.59,2,-1,-1
292,-1,97,237,124,174,0.92,7,-1,-1
292,-1,266,241,37,38,0.91,2,-1,-1
292,-1,384,136,16,16,0.82,2,-1,-1
292,-1,313,97,14,17,0.77,2,-1,-1
292,-1,334,84,12,18,0.70,2,-1,-1
293,-1,80,248,134,188,0.92,7,-1,-1
293,-1,260,252,39,41,0.91,2,-1,-1
293,-1,382,131,16,16,0.83,2,-1,-1
293,-1,312,98,14,18,0.80,2,-1,-1
293,-1,334,85,12,18,0.62,2,-1,-1
294,-1,66,254,144,202,0.92,7,-1,-1
294,-1,256,262,40,43,0.90,2,-1,-1
294,-1,382,131,16,16,0.83,2,-1,-1
294,-1,311,98,16,18,0.81,2,-1,-1
294,-1,334,84,12,18,0.66,2,-1,-1
295,-1,43,266,158,223,0.93,7,-1,-1
295,-1,248,277,45,47,0.92,2,-1,-1
295,-1,381,129,16,16,0.84,2,-1,-1
295,-1,311,98,16,18,0.82,2,-1,-1
295,-1,333,85,12,18,0.52,2,-1,-1
296,-1,28,270,166,246,0.93,7,-1,-1
296,-1,243,289,46,50,0.91,2,-1,-1
296,-1,380,127,16,16,0.83,2,-1,-1
296,-1,312,99,15,18,0.81,2,-1,-1
296,-1,333,85,12,18,0.59,2,-1,-1
297,-1,234,309,51,56,0.91,2,-1,-1
297,-1,380,125,16,17,0.83,2,-1,-1
297,-1,311,99,16,20,0.77,2,-1,-1
297,-1,333,86,12,18,0.60,2,-1,-1
298,-1,228,323,53,60,0.92,2,-1,-1
298,-1,310,101,15,17,0.83,2,-1,-1
298,-1,379,123,16,16,0.83,2,-1,-1
298,-1,332,86,13,19,0.70,2,-1,-1
299,-1,215,349,58,68,0.92,2,-1,-1
299,-1,378,122,16,16,0.80,2,-1,-1
299,-1,308,94,18,25,0.66,7,-1,-1
299,-1,332,86,14,20,0.54,2,-1,-1
300,-1,205,368,64,74,0.93,2,-1,-1
300,-1,378,120,16,17,0.80,2,-1,-1
300,-1,332,86,14,20,0.61,2,-1,-1
300,-1,308,95,18,26,0.58,7,-1,-1
301,-1,188,401,72,88,0.93,2,-1,-1
301,-1,378,120,16,16,0.79,2,-1,-1
301,-1,331,89,14,19,0.64,2,-1,-1
301,-1,308,95,18,26,0.58,7,-1,-1
302,-1,175,426,80,102,0.93,2,-1,-1
302,-1,307,99,18,22,0.76,2,-1,-1
302,-1,377,120,16,16,0.74,2,-1,-1
302,-1,330,87,15,20,0.52,2,-1,-1
303,-1,377,117,16,16,0.67,2,-1,-1
303,-1,331,88,14,21,0.60,7,-1,-1
303,-1,306,98,18,25,0.56,2,-1,-1
304,-1,377,116,16,16,0.73,2,-1,-1
304,-1,305,102,18,22,0.73,2,-1,-1
304,-1,331,88,14,21,0.59,7,-1,-1
305,-1,375,114,17,16,0.79,2,-1,-1
305,-1,305,101,18,25,0.57,2,-1,-1
305,-1,331,88,14,21,0.46,2,-1,-1
306,-1,374,113,16,16,0.80,2,-1,-1
306,-1,305,104,18,22,0.72,2,-1,-1
306,-1,330,88,14,21,0.43,7,-1,-1
307,-1,374,113,16,16,0.78,2,-1,-1
307,-1,304,103,19,24,0.58,7,-1,-1
307,-1,330,89,15,22,0.42,2,-1,-1
308,-1,374,112,15,16,0.79,2,-1,-1
308,-1,303,103,20,25,0.63,7,-1,-1
308,-1,330,89,15,22,0.44,7,-1,-1
309,-1,302,103,20,26,0.81,7,-1,-1
309,-1,374,111,14,16,0.73,2,-1,-1
309,-1,330,90,14,22,0.59,7,-1,-1
310,-1,302,100,20,30,0.87,7,-1,-1
310,-1,373,111,14,15,0.73,2,-1,-1
310,-1,329,90,16,22,0.69,7,-1,-1
311,-1,302,100,20,31,0.87,7,-1,-1
311,-1,372,108,14,15,0.82,2,-1,-1
311,-1,328,91,16,22,0.56,7,-1,-1
312,-1,301,100,20,31,0.87,7,-1,-1
312,-1,372,108,13,13,0.68,2,-1,-1
312,-1,328,91,16,23,0.60,7,-1,-1
313,-1,300,102,20,30,0.80,7,-1,-1
313,-1,372,108,13,13,0.78,2,-1,-1
313,-1,328,91,16,24,0.65,7,-1,-1
314,-1,300,102,20,31,0.83,7,-1,-1
314,-1,372,108,13,13,0.78,2,-1,-1
314,-1,327,92,16,25,0.53,7,-1,-1
315,-1,372,106,12,13,0.78,2,-1,-1
315,-1,298,105,21,30,0.77,7,-1,-1
315,-1,327,92,16,25,0.54,7,-1,-1
316,-1,298,106,21,30,0.78,7,-1,-1
316,-1,372,106,12,13,0.77,2,-1,-1
316,-1,326,98,16,20,0.44,2,-1,-1
317,-1,296,106,22,31,0.83,7,-1,-1
317,-1,371,104,12,12,0.77,2,-1,-1
317,-1,326,94,16,26,0.65,7,-1,-1
318,-1,296,107,22,31,0.85,7,-1,-1
318,-1,326,94,16,26,0.78,7,-1,-1
318,-1,371,104,12,12,0.74,2,-1,-1
319,-1,296,108,22,32,0.87,7,-1,-1
319,-1,324,95,18,26,0.78,7,-1,-1
319,-1,370,102,12,13,0.75,2,-1,-1
320,-1,295,108,22,32,0.87,7,-1,-1
320,-1,324,95,18,26,0.82,7,-1,-1
320,-1,370,102,12,13,0.75,2,-1,-1
321,-1,293,109,24,33,0.88,7,-1,-1
321,-1,324,96,18,27,0.86,7,-1,-1
321,-1,370,101,12,13,0.75,2,-1,-1
322,-1,292,109,24,34,0.88,7,-1,-1
322,-1,324,97,18,27,0.85,7,-1,-1
322,-1,370,100,12,13,0.79,2,-1,-1
323,-1,291,109,24,35,0.87,7,-1,-1
323,-1,323,97,19,28,0.85,7,-1,-1
323,-1,370,100,12,13,0.79,2,-1,-1
324,-1,289,110,26,36,0.88,7,-1,-1
324,-1,322,98,19,28,0.85,7,-1,-1
324,-1,370,99,12,13,0.72,2,-1,-1
325,-1,288,111,26,37,0.86,7,-1,-1
325,-1,322,99,19,28,0.85,7,-1,-1
325,-1,369,98,12,13,0.78,2,-1,-1
326,-1,288,111,26,38,0.87,7,-1,-1
326,-1,322,100,19,28,0.86,7,-1,-1
326,-1,369,98,12,13,0.77,2,-1,-1
327,-1,321,100,20,29,0.87,7,-1,-1
327,-1,286,112,27,38,0.87,7,-1,-1
327,-1,369,98,12,13,0.78,2,-1,-1
328,-1,286,113,26,39,0.88,7,-1,-1
328,-1,321,101,20,30,0.87,7,-1,-1
328,-1,369,96,12,12,0.60,2,-1,-1
329,-1,284,114,28,40,0.88,7,-1,-1
329,-1,320,101,20,30,0.86,7,-1,-1
329,-1,369,96,11,11,0.69,2,-1,-1
330,-1,283,115,28,40,0.89,7,-1,-1
330,-1,320,101,20,31,0.85,7,-1,-1
330,-1,368,95,11,11,0.67,2,-1,-1
331,-1,282,115,29,43,0.88,7,-1,-1
331,-1,319,103,20,30,0.85,7,-1,-1
331,-1,368,95,11,11,0.67,2,-1,-1
332,-1,280,116,30,43,0.88,7,-1,-1
332,-1,319,104,20,31,0.84,7,-1,-1
332,-1,369,95,10,11,0.68,2,-1,-1
333,-1,279,117,30,44,0.88,7,-1,-1
333,-1,318,104,21,32,0.86,7,-1,-1
333,-1,368,94,10,10,0.49,2,-1,-1
334,-1,278,119,30,44,0.88,7,-1,-1
334,-1,318,104,22,33,0.86,7,-1,-1
334,-1,368,94,10,11,0.52,2,-1,-1
335,-1,276,121,30,45,0.89,7,-1,-1
335,-1,316,106,23,34,0.87,7,-1,-1
335,-1,368,93,10,10,0.66,2,-1,-1
336,-1,274,122,32,46,0.89,7,-1,-1
336,-1,316,106,23,34,0.87,7,-1,-1
336,-1,368,93,10,10,0.52,2,-1,-1
337,-1,272,124,32,47,0.88,7,-1,-1
337,-1,315,108,24,35,0.87,7,-1,-1
337,-1,368,92,10,11,0.39,2,-1,-1
338,-1,271,125,33,47,0.89,7,-1,-1
338,-1,315,108,24,36,0.87,7,-1,-1
338,-1,368,92,10,11,0.40,2,-1,-1
339,-1,269,127,34,49,0.91,7,-1,-1
339,-1,314,109,24,36,0.87,7,-1,-1
339,-1,367,91,10,10,0.51,2,-1,-1
340,-1,268,128,34,50,0.90,7,-1,-1
340,-1,314,110,24,37,0.86,7,-1,-1
340,-1,367,90,10,10,0.50,2,-1,-1
341,-1,265,129,35,52,0.89,7,-1,-1
341,-1,313,112,24,38,0.86,7,-1,-1
341,-1,367,90,10,10,0.50,2,-1,-1
342,-1,263,131,36,52,0.90,7,-1,-1
342,-1,311,113,26,38,0.86,7,-1,-1
342,-1,367,89,10,10,0.50,2,-1,-1
343,-1,260,133,37,54,0.89,7,-1,-1
343,-1,310,114,26,38,0.87,7,-1,-1
343,-1,367,89,10,10,0.51,2,-1,-1
344,-1,259,134,38,56,0.90,7,-1,-1
344,-1,310,116,26,39,0.87,7,-1,-1
344,-1,367,89,10,10,0.51,2,-1,-1
345,-1,256,136,40,56,0.91,7,-1,-1
345,-1,309,117,26,40,0.87,7,-1,-1
345,-1,328,107,12,9,0.19,2,-1,-1
346,-1,254,138,40,58,0.91,7,-1,-1
346,-1,308,118,26,41,0.88,7,-1,-1
346,-1,329,108,12,10,0.34,2,-1,-1
347,-1,250,140,42,60,0.90,7,-1,-1
347,-1,306,119,28,42,0.89,7,-1,-1
347,-1,329,108,12,10,0.55,2,-1,-1
348,-1,248,142,42,62,0.92,7,-1,-1
348,-1,306,120,28,43,0.89,7,-1,-1
348,-1,329,108,12,10,0.53,2,-1,-1
349,-1,244,144,44,64,0.92,7,-1,-1
349,-1,304,122,28,44,0.89,7,-1,-1
349,-1,328,110,12,10,0.69,2,-1,-1
349,-1,366,87,9,9,0.11,2,-1,-1
349,-1,326,77,10,16,0.11,7,-1,-1
350,-1,242,146,46,66,0.91,7,-1,-1
350,-1,304,123,28,44,0.89,7,-1,-1
350,-1,328,110,12,10,0.66,2,-1,-1
350,-1,366,87,9,9,0.11,2,-1,-1
350,-1,326,76,10,16,0.10,7,-1,-1
351,-1,238,149,48,70,0.92,7,-1,-1
351,-1,302,125,29,46,0.89,7,-1,-1
351,-1,327,112,12,10,0.73,2,-1,-1
351,-1,326,76,10,16,0.12,7,-1,-1
351,-1,366,87,9,9,0.10,2,-1,-1
352,-1,234,151,52,72,0.92,7,-1,-1
352,-1,301,126,30,47,0.90,7,-1,-1
352,-1,327,112,12,11,0.72,2,-1,-1
352,-1,324,77,11,16,0.17,7,-1,-1
353,-1,229,155,54,74,0.92,7,-1,-1
353,-1,300,128,30,48,0.89,7,-1,-1
353,-1,327,112,12,12,0.73,2,-1,-1
353,-1,324,77,11,16,0.14,7,-1,-1
353,-1,366,85,9,9,0.11,2,-1,-1
354,-1,227,156,55,78,0.92,7,-1,-1
354,-1,299,130,30,49,0.89,7,-1,-1
354,-1,326,114,12,11,0.62,2,-1,-1
354,-1,366,85,9,9,0.15,2,-1,-1
355,-1,222,160,57,82,0.92,7,-1,-1
355,-1,297,132,32,50,0.89,7,-1,-1
355,-1,326,115,12,11,0.58,2,-1,-1
355,-1,366,85,9,9,0.16,2,-1,-1
356,-1,217,162,60,84,0.92,7,-1,-1
356,-1,296,133,32,52,0.89,7,-1,-1
356,-1,325,116,12,11,0.71,2,-1,-1
356,-1,323,78,12,17,0.27,7,-1,-1
356,-1,366,85,9,9,0.17,2,-1,-1
357,-1,211,165,63,90,0.93,7,-1,-1
357,-1,294,136,32,53,0.90,7,-1,-1
357,-1,324,116,13,12,0.80,2,-1,-1
357,-1,323,78,12,18,0.31,7,-1,-1
358,-1,206,169,66,94,0.93,7,-1,-1
358,-1,293,138,33,54,0.90,7,-1,-1
358,-1,323,118,14,12,0.79,2,-1,-1
358,-1,323,78,12,17,0.28,7,-1,-1
359,-1,199,173,70,100,0.92,7,-1,-1
359,-1,290,141,34,56,0.90,7,-1,-1
359,-1,324,119,13,11,0.71,2,-1,-1
359,-1,322,79,12,17,0.49,7,-1,-1
360,-1,194,176,73,104,0.92,7,-1,-1
360,-1,289,143,36,57,0.90,7,-1,-1
360,-1,323,119,14,12,0.78,2,-1,-1
360,-1,323,79,11,17,0.34,7,-1,-1
361,-1,186,180,76,112,0.93,7,-1,-1
361,-1,286,146,36,60,0.89,7,-1,-1
361,-1,322,121,14,12,0.78,2,-1,-1
361,-1,322,79,12,17,0.44,7,-1,-1
362,-1,178,184,81,118,0.93,7,-1,-1
362,-1,285,148,37,61,0.90,7,-1,-1
362,-1,322,121,14,13,0.78,2,-1,-1
362,-1,322,79,12,17,0.44,7,-1,-1
363,-1,170,189,86,127,0.93,7,-1,-1
363,-1,282,151,39,64,0.90,7,-1,-1
363,-1,321,122,14,13,0.79,2,-1,-1
363,-1,322,79,12,16,0.25,7,-1,-1
364,-1,161,194,91,134,0.93,7,-1,-1
364,-1,280,154,40,67,0.89,7,-1,-1
364,-1,320,124,15,14,0.79,2,-1,-1
364,-1,322,79,12,16,0.27,7,-1,-1
365,-1,148,199,99,147,0.93,7,-1,-1
365,-1,277,157,42,70,0.91,7,-1,-1
365,-1,319,124,16,15,0.82,2,-1,-1
365,-1,322,80,12,16,0.29,2,-1,-1
366,-1,139,204,105,155,0.93,7,-1,-1
366,-1,276,159,43,73,0.90,7,-1,-1
366,-1,319,126,16,14,0.79,2,-1,-1
366,-1,322,80,12,14,0.35,2,-1,-1
367,-1,271,164,46,78,0.92,7,-1,-1
367,-1,126,212,112,172,0.92,7,-1,-1
367,-1,319,128,16,14,0.83,2,-1,-1
367,-1,322,80,12,16,0.28,2,-1,-1
368,-1,114,219,120,182,0.92,7,-1,-1
368,-1,268,167,48,80,0.91,7,-1,-1
368,-1,319,129,16,14,0.79,2,-1,-1
368,-1,322,80,12,15,0.28,2,-1,-1
369,-1,93,228,134,203,0.92,7,-1,-1
369,-1,264,172,50,84,0.91,7,-1,-1
369,-1,317,130,17,15,0.82,2,-1,-1
369,-1,322,81,11,14,0.41,2,-1,-1
370,-1,261,176,52,88,0.92,7,-1,-1
370,-1,79,234,144,218,0.91,7,-1,-1
370,-1,316,133,18,14,0.77,2,-1,-1
370,-1,322,81,11,15,0.41,2,-1,-1
371,-1,54,244,160,251,0.93,7,-1,-1
371,-1,256,182,54,94,0.92,7,-1,-1
371,-1,316,134,17,15,0.78,2,-1,-1
371,-1,322,81,11,15,0.41,2,-1,-1
372,-1,32,252,176,267,0.92,7,-1,-1
372,-1,252,186,56,97,0.92,7,-1,-1
372,-1,315,136,18,15,0.82,2,-1,-1
372,-1,322,81,11,13,0.41,2,-1,-1
373,-1,246,192,61,104,0.92,7,-1,-1
373,-1,314,136,18,16,0.84,2,-1,-1
373,-1,322,81,11,13,0.41,2,-1,-1
374,-1,241,197,64,112,0.93,7,-1,-1
374,-1,313,138,18,17,0.84,2,-1,-1
374,-1,322,82,11,14,0.43,2,-1,-1
375,-1,234,205,70,122,0.92,7,-1,-1
375,-1,311,140,18,18,0.84,2,-1,-1
375,-1,322,82,11,14,0.42,2,-1,-1
376,-1,228,211,73,130,0.92,7,-1,-1
376,-1,311,143,19,17,0.84,2,-1,-1
376,-1,321,82,12,15,0.35,2,-1,-1
377,-1,218,221,79,142,0.92,7,-1,-1
377,-1,310,146,18,16,0.81,2,-1,-1
377,-1,321,83,12,12,0.61,2,-1,-1
378,-1,212,228,84,152,0.92,7,-1,-1
378,-1,310,147,18,17,0.82,2,-1,-1
378,-1,321,83,12,12,0.61,2,-1,-1
379,-1,199,242,92,168,0.93,7,-1,-1
379,-1,307,150,20,18,0.84,2,-1,-1
379,-1,318,84,14,19,0.41,2,-1,-1
380,-1,191,251,98,182,0.91,7,-1,-1
380,-1,307,152,20,18,0.85,2,-1,-1
380,-1,318,84,14,19,0.44,2,-1,-1
381,-1,173,268,110,207,0.92,7,-1,-1
381,-1,305,157,20,17,0.82,2,-1,-1
381,-1,317,86,14,19,0.40,2,-1,-1
382,-1,162,279,117,227,0.93,7,-1,-1
382,-1,304,158,20,18,0.83,2,-1,-1
382,-1,317,86,14,19,0.41,2,-1,-1
383,-1,303,162,20,18,0.84,2,-1,-1
383,-1,316,86,15,21,0.52,2,-1,-1
384,-1,302,163,20,20,0.85,2,-1,-1
384,-1,316,86,15,20,0.55,2,-1,-1
385,-1,300,167,21,20,0.84,2,-1,-1
385,-1,315,86,16,21,0.55,2,-1,-1
386,-1,298,168,22,21,0.86,2,-1,-1
386,-1,315,86,16,21,0.71,2,-1,-1
387,-1,296,175,22,20,0.84,2,-1,-1
387,-1,315,86,16,21,0.71,2,-1,-1
388,-1,295,175,23,23,0.86,2,-1,-1
388,-1,315,86,16,21,0.67,2,-1,-1
389,-1,292,180,24,23,0.86,2,-1,-1
389,-1,315,87,16,22,0.64,7,-1,-1
390,-1,290,184,24,23,0.87,2,-1,-1
390,-1,316,87,15,23,0.57,7,-1,-1
391,-1,286,189,26,25,0.86,2,-1,-1
391,-1,315,87,16,22,0.54,2,-1,-1
392,-1,285,192,26,26,0.86,2,-1,-1
392,-1,315,87,15,22,0.56,2,-1,-1
393,-1,280,198,28,28,0.88,2,-1,-1
393,-1,314,87,16,22,0.58,2,-1,-1
394,-1,279,202,28,29,0.87,2,-1,-1
394,-1,314,87,16,23,0.50,7,-1,-1
395,-1,276,210,29,29,0.87,2,-1,-1
395,-1,312,88,17,24,0.70,7,-1,-1
396,-1,273,215,30,31,0.89,2,-1,-1
396,-1,312,88,18,25,0.78,7,-1,-1
397,-1,268,223,32,33,0.90,2,-1,-1
397,-1,312,89,18,26,0.76,7,-1,-1
398,-1,264,229,35,35,0.90,2,-1,-1
398,-1,311,89,18,26,0.78,7,-1,-1
399,-1,258,239,37,37,0.90,2,-1,-1
399,-1,310,90,18,26,0.82,7,-1,-1
400,-1,254,246,38,40,0.90,2,-1,-1
400,-1,310,89,18,27,0.84,7,-1,-1
401,-1,247,258,40,43,0.90,2,-1,-1
401,-1,310,90,18,27,0.82,7,-1,-1
402,-1,242,267,44,46,0.90,2,-1,-1
402,-1,310,90,18,28,0.82,7,-1,-1
403,-1,233,282,48,51,0.90,2,-1,-1
403,-1,310,91,18,28,0.74,7,-1,-1
404,-1,226,294,50,54,0.91,2,-1,-1
404,-1,310,91,18,28,0.74,7,-1,-1
405,-1,410,413,78,95,0.91,2,-1,-1
405,-1,216,315,55,58,0.91,2,-1,-1
405,-1,307,92,20,28,0.72,7,-1,-1
406,-1,405,387,72,86,0.92,2,-1,-1
406,-1,208,328,60,63,0.92,2,-1,-1
406,-1,307,92,20,29,0.79,7,-1,-1
407,-1,196,354,63,73,0.90,2,-1,-1
407,-1,400,352,64,76,0.90,2,-1,-1
407,-1,306,93,20,29,0.74,7,-1,-1
408,-1,183,374,70,80,0.92,2,-1,-1
408,-1,398,334,56,70,0.91,2,-1,-1
408,-1,306,93,20,29,0.75,7,-1,-1
409,-1,167,406,76,94,0.93,2,-1,-1
409,-1,394,308,52,63,0.91,2,-1,-1
409,-1,306,94,20,29,0.65,7,-1,-1
410,-1,151,432,85,106,0.92,2,-1,-1
410,-1,390,294,52,58,0.91,2,-1,-1
410,-1,304,95,20,29,0.52,7,-1,-1
411,-1,388,274,46,55,0.91,2,-1,-1
411,-1,304,96,20,28,0.46,2,-1,-1
412,-1,386,265,44,50,0.90,2,-1,-1
412,-1,304,96,20,29,0.69,7,-1,-1
413,-1,384,250,40,47,0.91,2,-1,-1
413,-1,303,98,20,28,0.59,7,-1,-1
414,-1,384,240,36,46,0.91,2,-1,-1
414,-1,303,98,20,29,0.72,7,-1,-1
415,-1,380,228,36,42,0.91,2,-1,-1
415,-1,302,99,20,29,0.71,7,-1,-1
416,-1,379,222,36,40,0.92,2,-1,-1
416,-1,302,100,20,28,0.80,7,-1,-1
416,-1,327,77,9,11,0.11,2,-1,-1
417,-1,377,213,36,37,0.90,2,-1,-1
417,-1,301,100,20,30,0.83,7,-1,-1
417,-1,327,77,9,11,0.13,2,-1,-1
418,-1,377,208,32,36,0.91,2,-1,-1
418,-1,301,100,20,30,0.83,7,-1,-1
418,-1,326,78,10,11,0.23,2,-1,-1
419,-1,376,200,28,34,0.90,2,-1,-1
419,-1,301,100,20,31,0.84,7,-1,-1
419,-1,326,79,9,10,0.23,2,-1,-1
420,-1,375,197,30,32,0.90,2,-1,-1
420,-1,299,101,21,31,0.83,7,-1,-1
420,-1,326,79,9,10,0.23,2,-1,-1
421,-1,374,189,28,31,0.90,2,-1,-1
421,-1,298,102,22,32,0.81,7,-1,-1
421,-1,326,79,9,10,0.23,2,-1,-1
422,-1,373,185,28,31,0.90,2,-1,-1
422,-1,298,101,22,32,0.84,7,-1,-1
422,-1,326,79,9,10,0.30,2,-1,-1
423,-1,372,180,26,28,0.89,2,-1,-1
423,-1,297,103,22,32,0.81,7,-1,-1
423,-1,326,79,9,11,0.53,2,-1,-1
424,-1,371,176,26,28,0.89,2,-1,-1
424,-1,297,103,22,33,0.84,7,-1,-1
424,-1,326,79,9,11,0.54,2,-1,-1
425,-1,371,171,24,26,0.88,2,-1,-1
425,-1,295,105,24,33,0.86,7,-1,-1
425,-1,326,79,10,12,0.44,2,-1,-1
426,-1,370,168,24,26,0.89,2,-1,-1
426,-1,294,104,24,35,0.87,7,-1,-1
426,-1,326,79,10,12,0.53,2,-1,-1
427,-1,369,164,24,26,0.88,2,-1,-1
427,-1,294,105,24,36,0.88,7,-1,-1
427,-1,326,79,10,12,0.56,2,-1,-1
428,-1,292,105,26,37,0.88,7,-1,-1
428,-1,369,161,23,25,0.87,2,-1,-1
428,-1,325,80,10,12,0.62,2,-1,-1
429,-1,292,105,25,37,0.88,7,-1,-1
429,-1,368,157,22,24,0.87,2,-1,-1
429,-1,325,82,10,12,0.71,2,-1,-1
430,-1,292,107,25,37,0.88,7,-1,-1
430,-1,368,154,22,24,0.86,2,-1,-1
430,-1,325,81,10,12,0.72,2,-1,-1
431,-1,367,151,21,24,0.87,2,-1,-1
431,-1,289,107,27,38,0.87,7,-1,-1
431,-1,325,82,9,12,0.71,2,-1,-1
432,-1,367,148,20,24,0.87,2,-1,-1
432,-1,288,108,27,39,0.87,7,-1,-1
432,-1,324,82,10,12,0.76,2,-1,-1
433,-1,366,145,21,23,0.87,2,-1,-1
433,-1,286,108,28,41,0.87,7,-1,-1
433,-1,324,82,9,12,0.74,2,-1,-1
434,-1,366,143,20,23,0.87,2,-1,-1
434,-1,286,110,28,40,0.86,7,-1,-1
434,-1,324,82,9,11,0.76,2,-1,-1
435,-1,285,109,29,42,0.88,7,-1,-1
435,-1,364,141,20,22,0.86,2,-1,-1
435,-1,324,83,9,11,0.79,2,-1,-1
436,-1,284,110,29,42,0.88,7,-1,-1
436,-1,364,140,20,20,0.87,2,-1,-1
436,-1,324,82,10,11,0.79,2,-1,-1
437,-1,283,111,30,43,0.89,7,-1,-1
437,-1,364,137,19,21,0.87,2,-1,-1
437,-1,324,83,10,12,0.72,2,-1,-1
438,-1,282,111,30,44,0.89,7,-1,-1
438,-1,364,135,18,21,0.86,2,-1,-1
438,-1,324,83,9,12,0.70,2,-1,-1
439,-1,281,112,30,46,0.88,7,-1,-1
439,-1,364,133,18,20,0.85,2,-1,-1
439,-1,323,85,10,11,0.68,2,-1,-1
440,-1,280,113,30,46,0.89,7,-1,-1
440,-1,363,131,18,20,0.86,2,-1,-1
440,-1,323,85,10,12,0.69,2,-1,-1
441,-1,278,114,32,48,0.88,7,-1,-1
441,-1,362,129,18,20,0.85,2,-1,-1
441,-1,323,85,10,11,0.73,2,-1,-1
442,-1,278,114,32,49,0.88,7,-1,-1
442,-1,363,128,16,19,0.85,2,-1,-1
442,-1,323,86,10,11,0.72,2,-1,-1
443,-1,275,117,32,48,0.88,7,-1,-1
443,-1,362,126,17,18,0.85,2,-1,-1
443,-1,322,85,10,13,0.78,2,-1,-1
444,-1,274,116,33,50,0.89,7,-1,-1
444,-1,362,124,16,18,0.85,2,-1,-1
444,-1,322,85,10,13,0.77,2,-1,-1
445,-1,273,122,32,47,0.85,7,-1,-1
445,-1,361,122,16,18,0.85,2,-1,-1
445,-1,322,85,10,13,0.78,2,-1,-1
446,-1,271,121,34,50,0.88,7,-1,-1
446,-1,361,122,16,18,0.84,2,-1,-1
446,-1,322,86,10,13,0.77,2,-1,-1
447,-1,269,121,36,53,0.89,7,-1,-1
447,-1,360,120,15,18,0.85,2,-1,-1
447,-1,321,86,11,13,0.80,2,-1,-1
448,-1,268,125,36,50,0.90,7,-1,-1
448,-1,360,118,15,18,0.85,2,-1,-1
448,-1,321,87,11,14,0.81,2,-1,-1
449,-1,265,124,38,54,0.89,7,-1,-1
449,-1,360,117,15,17,0.85,2,-1,-1
449,-1,320,86,11,14,0.83,2,-1,-1
450,-1,264,125,39,56,0.89,7,-1,-1
450,-1,360,116,15,17,0.85,2,-1,-1
450,-1,320,86,12,16,0.84,2,-1,-1
451,-1,262,128,40,55,0.90,7,-1,-1
451,-1,360,114,14,16,0.84,2,-1,-1
451,-1,320,88,11,13,0.82,2,-1,-1
452,-1,260,128,40,58,0.90,7,-1,-1
452,-1,360,113,14,16,0.84,2,-1,-1
452,-1,320,88,11,13,0.82,2,-1,-1
453,-1,257,128,43,61,0.89,7,-1,-1
453,-1,359,112,14,16,0.84,2,-1,-1
453,-1,319,89,11,14,0.81,2,-1,-1
454,-1,255,132,44,60,0.89,7,-1,-1
454,-1,359,111,14,16,0.85,2,-1,-1
454,-1,319,89,11,14,0.81,2,-1,-1
455,-1,252,133,46,63,0.90,7,-1,-1
455,-1,359,110,14,16,0.84,2,-1,-1
455,-1,318,88,12,17,0.82,2,-1,-1
456,-1,251,134,46,65,0.90,7,-1,-1
456,-1,358,110,14,16,0.84,2,-1,-1
456,-1,318,88,12,17,0.83,2,-1,-1
457,-1,247,136,48,67,0.91,7,-1,-1
457,-1,358,108,14,16,0.84,2,-1,-1
457,-1,318,89,12,15,0.83,2,-1,-1
458,-1,245,138,50,68,0.91,7,-1,-1
458,-1,358,107,14,16,0.85,2,-1,-1
458,-1,318,89,12,16,0.83,2,-1,-1
459,-1,242,140,50,72,0.91,7,-1,-1
459,-1,316,89,13,18,0.85,2,-1,-1
459,-1,358,106,14,16,0.85,2,-1,-1
460,-1,240,140,51,74,0.91,7,-1,-1
460,-1,358,106,14,15,0.85,2,-1,-1
460,-1,316,90,13,17,0.84,2,-1,-1
461,-1,235,142,56,78,0.91,7,-1,-1
461,-1,358,105,14,15,0.85,2,-1,-1
461,-1,316,90,13,17,0.84,2,-1,-1
462,-1,232,143,58,80,0.92,7,-1,-1
462,-1,358,104,14,15,0.84,2,-1,-1
462,-1,315,91,14,18,0.82,2,-1,-1
463,-1,228,143,61,86,0.92,7,-1,-1
463,-1,358,103,14,15,0.85,2,-1,-1
463,-1,315,92,13,17,0.81,2,-1,-1
464,-1,224,146,64,88,0.92,7,-1,-1
464,-1,358,102,14,14,0.84,2,-1,-1
464,-1,315,92,13,17,0.82,2,-1,-1
465,-1,220,147,66,93,0.93,7,-1,-1
465,-1,357,102,14,14,0.85,2,-1,-1
465,-1,315,94,12,17,0.80,2,-1,-1
466,-1,216,150,68,96,0.93,7,-1,-1
466,-1,357,101,14,14,0.85,2,-1,-1
466,-1,314,95,13,17,0.81,2,-1,-1
467,-1,211,150,72,103,0.92,7,-1,-1
467,-1,358,100,13,14,0.86,2,-1,-1
467,-1,314,96,13,17,0.81,2,-1,-1
468,-1,206,152,75,106,0.93,7,-1,-1
468,-1,357,99,14,14,0.85,2,-1,-1
468,-1,312,96,14,18,0.83,2,-1,-1
469,-1,200,156,79,112,0.92,7,-1,-1
469,-1,358,99,13,14,0.85,2,-1,-1
469,-1,312,97,13,17,0.82,2,-1,-1
470,-1,195,158,82,116,0.93,7,-1,-1
470,-1,358,98,13,14,0.84,2,-1,-1
470,-1,312,95,14,18,0.82,2,-1,-1
471,-1,188,162,87,123,0.93,7,-1,-1
471,-1,358,98,12,14,0.83,2,-1,-1
471,-1,312,97,14,18,0.82,2,-1,-1
472,-1,182,164,91,130,0.93,7,-1,-1
472,-1,311,97,14,18,0.82,2,-1,-1
472,-1,357,97,13,14,0.82,2,-1,-1
473,-1,174,167,96,138,0.93,7,-1,-1
473,-1,357,96,13,14,0.82,2,-1,-1
473,-1,309,96,16,22,0.64,2,-1,-1
474,-1,166,170,102,144,0.93,7,-1,-1
474,-1,357,96,13,14,0.82,2,-1,-1
474,-1,310,97,16,22,0.70,2,-1,-1
475,-1,157,174,108,156,0.94,7,-1,-1
475,-1,357,95,12,13,0.82,2,-1,-1
475,-1,308,98,16,21,0.62,2,-1,-1
476,-1,147,177,116,165,0.93,7,-1,-1
476,-1,358,94,12,13,0.82,2,-1,-1
476,-1,308,98,16,23,0.55,7,-1,-1
477,-1,136,180,124,180,0.92,7,-1,-1
477,-1,357,94,12,12,0.82,2,-1,-1
477,-1,307,100,16,22,0.64,2,-1,-1
478,-1,125,184,132,190,0.92,7,-1,-1
478,-1,357,93,12,12,0.83,2,-1,-1
478,-1,307,100,16,22,0.69,2,-1,-1
479,-1,108,189,146,208,0.91,7,-1,-1
479,-1,357,93,12,12,0.83,2,-1,-1
479,-1,305,99,18,24,0.76,2,-1,-1
480,-1,97,194,154,222,0.93,7,-1,-1
480,-1,357,92,12,12,0.83,2,-1,-1
480,-1,305,101,18,23,0.75,2,-1,-1
481,-1,77,198,170,248,0.93,7,-1,-1
481,-1,357,92,12,12,0.82,2,-1,-1
481,-1,305,102,17,23,0.76,2,-1,-1
482,-1,58,202,186,261,0.91,7,-1,-1
482,-1,357,92,12,12,0.82,2,-1,-1
482,-1,304,101,18,24,0.63,2,-1,-1
483,-1,36,215,203,284,0.92,7,-1,-1
483,-1,358,91,12,12,0.80,2,-1,-1
483,-1,303,104,18,23,0.78,2,-1,-1
484,-1,15,222,221,306,0.95,7,-1,-1
484,-1,303,105,18,22,0.82,2,-1,-1
484,-1,357,90,12,12,0.78,2,-1,-1
485,-1,2,226,226,314,0.91,7,-1,-1
485,-1,302,107,17,21,0.85,2,-1,-1
485,-1,357,90,12,12,0.78,2,-1,-1
486,-1,4,236,220,298,0.93,7,-1,-1
486,-1,301,107,18,22,0.85,2,-1,-1
486,-1,357,90,12,12,0.79,2,-1,-1
487,-1,3,250,212,288,0.94,7,-1,-1
487,-1,300,108,18,23,0.83,2,-1,-1
487,-1,357,89,12,12,0.79,2,-1,-1
488,-1,300,107,18,24,0.83,2,-1,-1
488,-1,358,88,11,11,0.80,2,-1,-1
489,-1,358,89,11,11,0.80,2,-1,-1
489,-1,299,109,18,25,0.79,2,-1,-1
490,-1,358,88,11,11,0.80,2,-1,-1
490,-1,298,109,19,25,0.73,2,-1,-1
491,-1,357,87,11,10,0.70,2,-1,-1
491,-1,298,110,19,26,0.53,7,-1,-1
492,-1,296,109,20,29,0.82,7,-1,-1
492,-1,357,87,11,10,0.72,2,-1,-1
493,-1,296,109,21,30,0.81,7,-1,-1
493,-1,357,87,11,10,0.71,2,-1,-1
494,-1,294,110,22,30,0.79,7,-1,-1
494,-1,357,86,11,11,0.69,2,-1,-1
495,-1,293,111,22,31,0.85,7,-1,-1
495,-1,357,86,10,10,0.72,2,-1,-1
496,-1,292,111,22,32,0.85,7,-1,-1
496,-1,357,86,11,10,0.72,2,-1,-1
497,-1,291,113,22,32,0.84,7,-1,-1
497,-1,357,85,10,11,0.74,2,-1,-1
498,-1,289,114,23,32,0.80,7,-1,-1
498,-1,357,85,10,11,0.79,2,-1,-1
499,-1,289,115,22,32,0.81,2,-1,-1
499,-1,357,84,10,11,0.76,2,-1,-1
500,-1,357,84,10,11,0.76,2,-1,-1
500,-1,288,116,23,34,0.76,2,-1,-1
501,-1,357,84,10,11,0.76,2,-1,-1
501,-1,286,118,22,33,0.73,2,-1,-1
502,-1,285,116,24,36,0.81,7,-1,-1
502,-1,357,83,10,11,0.70,2,-1,-1
503,-1,283,119,24,37,0.82,7,-1,-1
503,-1,357,82,10,11,0.62,2,-1,-1
504,-1,282,120,25,38,0.87,7,-1,-1
504,-1,357,82,10,11,0.63,2,-1,-1
505,-1,280,121,26,38,0.85,7,-1,-1
505,-1,357,82,10,11,0.61,2,-1,-1
506,-1,279,124,26,37,0.86,7,-1,-1
506,-1,356,81,10,11,0.55,2,-1,-1
507,-1,278,126,26,38,0.85,7,-1,-1
507,-1,356,81,10,11,0.60,2,-1,-1
508,-1,276,126,26,40,0.88,7,-1,-1
508,-1,356,81,10,11,0.59,2,-1,-1
509,-1,274,128,26,40,0.87,7,-1,-1
509,-1,356,80,9,11,0.48,2,-1,-1
510,-1,272,130,28,41,0.87,7,-1,-1
510,-1,356,80,9,11,0.47,2,-1,-1
511,-1,270,131,28,44,0.88,7,-1,-1
511,-1,356,80,9,11,0.46,2,-1,-1
512,-1,268,133,29,44,0.89,7,-1,-1
512,-1,356,80,10,11,0.37,2,-1,-1
513,-1,266,135,30,45,0.89,7,-1,-1
513,-1,356,79,10,11,0.19,2,-1,-1
514,-1,264,137,30,46,0.90,7,-1,-1
514,-1,356,79,10,11,0.19,2,-1,-1
515,-1,261,140,30,47,0.90,7,-1,-1
516,-1,259,141,32,48,0.90,7,-1,-1
517,-1,256,144,32,50,0.90,7,-1,-1
518,-1,254,145,33,51,0.90,7,-1,-1
519,-1,250,148,34,53,0.90,7,-1,-1
520,-1,247,150,36,54,0.90,7,-1,-1
521,-1,244,154,36,56,0.91,7,-1,-1
522,-1,241,155,36,58,0.90,7,-1,-1
523,-1,236,159,38,60,0.90,7,-1,-1
524,-1,233,162,38,62,0.92,7,-1,-1
525,-1,228,164,44,68,0.91,7,-1,-1
526,-1,225,167,44,69,0.91,7,-1,-1
527,-1,219,171,48,74,0.90,7,-1,-1
528,-1,214,174,50,76,0.91,7,-1,-1
528,-1,338,81,8,9,0.26,2,-1,-1
529,-1,208,180,54,80,0.92,7,-1,-1
529,-1,338,81,8,9,0.26,2,-1,-1
530,-1,202,182,57,84,0.91,7,-1,-1
531,-1,194,189,59,90,0.92,7,-1,-1
532,-1,187,194,64,92,0.92,7,-1,-1
532,-1,338,84,8,8,0.58,2,-1,-1
533,-1,178,202,68,100,0.92,7,-1,-1
533,-1,337,84,8,8,0.52,2,-1,-1
534,-1,172,205,70,107,0.93,7,-1,-1
534,-1,337,84,8,8,0.52,2,-1,-1
535,-1,159,213,77,116,0.93,7,-1,-1
535,-1,337,84,8,9,0.51,2,-1,-1
536,-1,148,219,83,123,0.93,7,-1,-1
536,-1,336,85,9,10,0.54,2,-1,-1
537,-1,137,231,86,132,0.93,7,-1,-1
537,-1,337,85,8,9,0.74,2,-1,-1
538,-1,124,237,94,143,0.93,7,-1,-1
538,-1,337,85,8,9,0.74,2,-1,-1
539,-1,106,252,104,157,0.93,7,-1,-1
539,-1,336,86,9,9,0.54,2,-1,-1
540,-1,92,260,110,170,0.93,7,-1,-1
540,-1,336,86,10,10,0.54,2,-1,-1
541,-1,68,276,122,192,0.91,7,-1,-1
541,-1,335,87,10,10,0.59,2,-1,-1
542,-1,50,286,130,210,0.91,7,-1,-1
542,-1,335,87,10,10,0.51,2,-1,-1
543,-1,17,304,148,236,0.93,7,-1,-1
543,-1,335,87,10,10,0.51,2,-1,-1
544,-1,334,88,10,10,0.63,2,-1,-1
545,-1,334,88,10,10,0.65,2,-1,-1
546,-1,334,88,10,10,0.65,2,-1,-1
547,-1,335,89,10,10,0.74,2,-1,-1
548,-1,334,90,10,10,0.62,2,-1,-1
549,-1,334,90,10,10,0.65,2,-1,-1
550,-1,334,91,11,10,0.68,2,-1,-1
551,-1,333,91,12,12,0.74,2,-1,-1
552,-1,333,92,12,11,0.73,2,-1,-1
553,-1,333,92,11,11,0.80,2,-1,-1
554,-1,333,92,12,11,0.80,2,-1,-1
555,-1,333,92,11,11,0.79,2,-1,-1
556,-1,332,93,12,11,0.82,2,-1,-1
557,-1,332,94,11,11,0.78,2,-1,-1
558,-1,332,94,11,11,0.76,2,-1,-1
559,-1,331,96,11,11,0.80,2,-1,-1
560,-1,331,96,11,11,0.80,2,-1,-1
561,-1,331,97,12,12,0.80,2,-1,-1
562,-1,330,98,12,12,0.79,2,-1,-1
563,-1,330,98,12,12,0.77,2,-1,-1
564,-1,330,99,12,12,0.71,2,-1,-1
565,-1,329,100,12,12,0.81,2,-1,-1
566,-1,329,101,12,11,0.77,2,-1,-1
567,-1,328,101,12,12,0.81,2,-1,-1
568,-1,328,102,12,12,0.79,2,-1,-1
569,-1,328,104,12,12,0.83,2,-1,-1
570,-1,328,104,12,12,0.83,2,-1,-1
571,-1,326,105,13,13,0.83,2,-1,-1
572,-1,326,106,13,12,0.81,2,-1,-1
573,-1,326,107,13,13,0.83,2,-1,-1
574,-1,325,108,14,13,0.83,2,-1,-1
575,-1,324,109,14,13,0.81,2,-1,-1
576,-1,324,110,14,14,0.79,2,-1,-1
577,-1,324,112,14,14,0.79,2,-1,-1
578,-1,323,112,14,14,0.81,2,-1,-1
579,-1,322,113,14,14,0.81,2,-1,-1
580,-1,322,114,14,14,0.82,2,-1,-1
581,-1,321,116,14,14,0.80,2,-1,-1
582,-1,320,117,14,13,0.80,2,-1,-1
583,-1,320,119,14,14,0.83,2,-1,-1
584,-1,320,120,15,14,0.83,2,-1,-1
585,-1,319,122,14,14,0.85,2,-1,-1
586,-1,318,123,14,14,0.83,2,-1,-1
587,-1,316,125,16,15,0.84,2,-1,-1
588,-1,316,126,16,16,0.83,2,-1,-1
589,-1,316,128,16,16,0.85,2,-1,-1
590,-1,314,129,16,16,0.84,2,-1,-1
591,-1,313,132,16,16,0.83,2,-1,-1
592,-1,312,133,16,16,0.84,2,-1,-1
593,-1,311,136,16,16,0.84,2,-1,-1
594,-1,310,138,16,17,0.85,2,-1,-1
595,-1,308,140,18,18,0.85,2,-1,-1
596,-1,308,143,17,16,0.85,2,-1,-1
597,-1,306,146,17,17,0.84,2,-1,-1
598,-1,305,148,18,18,0.86,2,-1,-1
599,-1,304,152,18,18,0.85,2,-1,-1
600,-1,302,155,19,18,0.86,2,-1,-1
601,-1,300,159,20,19,0.85,2,-1,-1
602,-1,299,161,20,20,0.87,2,-1,-1
603,-1,296,166,22,21,0.86,2,-1,-1
604,-1,296,170,21,20,0.88,2,-1,-1
605,-1,293,174,22,22,0.88,2,-1,-1
606,-1,291,178,22,22,0.88,2,-1,-1
607,-1,288,185,24,23,0.88,2,-1,-1
608,-1,286,189,24,24,0.88,2,-1,-1
609,-1,282,195,26,27,0.88,2,-1,-1
610,-1,279,201,28,28,0.89,2,-1,-1
611,-1,275,210,29,29,0.90,2,-1,-1
612,-1,272,216,30,30,0.89,2,-1,-1
613,-1,267,227,32,32,0.89,2,-1,-1
614,-1,263,234,34,34,0.89,2,-1,-1
615,-1,256,247,37,38,0.90,2,-1,-1
616,-1,251,258,38,40,0.90,2,-1,-1
617,-1,242,275,42,46,0.90,2,-1,-1
618,-1,233,288,46,51,0.91,2,-1,-1
619,-1,221,313,52,56,0.91,2,-1,-1
620,-1,212,332,56,62,0.92,2,-1,-1
621,-1,194,365,63,73,0.92,2,-1,-1
622,-1,181,390,70,83,0.93,2,-1,-1
623,-1,155,438,82,102,0.93,2,-1,-1
707,-1,492,308,144,231,0.94,7,-1,-1
708,-1,486,299,148,214,0.92,7,-1,-1
709,-1,478,283,140,192,0.92,7,-1,-1
709,-1,416,452,80,87,0.92,2,-1,-1
710,-1,412,425,72,78,0.92,2,-1,-1
710,-1,470,272,132,178,0.92,7,-1,-1
711,-1,464,259,116,160,0.93,7,-1,-1
711,-1,406,388,64,68,0.92,2,-1,-1
712,-1,458,250,112,153,0.94,7,-1,-1
712,-1,404,366,58,63,0.92,2,-1,-1
713,-1,453,239,104,140,0.93,7,-1,-1
713,-1,401,338,52,56,0.91,2,-1,-1
714,-1,449,232,98,132,0.93,7,-1,-1
714,-1,398,322,48,53,0.91,2,-1,-1
715,-1,444,222,92,122,0.93,7,-1,-1
715,-1,394,300,44,48,0.91,2,-1,-1
716,-1,440,216,88,116,0.93,7,-1,-1
716,-1,390,288,44,44,0.91,2,-1,-1
717,-1,436,209,80,108,0.92,7,-1,-1
717,-1,389,271,40,42,0.91,2,-1,-1
718,-1,434,205,76,101,0.92,7,-1,-1
718,-1,386,261,40,40,0.90,2,-1,-1
719,-1,430,199,72,94,0.93,7,-1,-1
719,-1,384,248,36,38,0.91,2,-1,-1
720,-1,428,195,70,90,0.93,7,-1,-1
720,-1,383,239,34,37,0.90,2,-1,-1
721,-1,424,189,68,86,0.92,7,-1,-1
721,-1,382,228,32,35,0.90,2,-1,-1
722,-1,422,185,64,83,0.92,7,-1,-1
722,-1,381,224,32,32,0.90,2,-1,-1
723,-1,420,181,60,78,0.92,7,-1,-1
723,-1,379,215,30,30,0.90,2,-1,-1
724,-1,416,178,60,75,0.91,7,-1,-1
724,-1,378,210,28,29,0.89,2,-1,-1
725,-1,416,174,56,72,0.91,7,-1,-1
725,-1,376,203,28,28,0.89,2,-1,-1
726,-1,414,171,52,71,0.91,7,-1,-1
726,-1,376,199,26,27,0.89,2,-1,-1
727,-1,412,167,52,68,0.91,7,-1,-1
727,-1,375,192,26,26,0.89,2,-1,-1
728,-1,410,164,50,66,0.91,7,-1,-1
728,-1,374,188,24,25,0.87,2,-1,-1
729,-1,408,161,48,64,0.91,7,-1,-1
729,-1,373,182,24,24,0.89,2,-1,-1
730,-1,408,159,44,61,0.91,7,-1,-1
730,-1,372,179,23,23,0.88,2,-1,-1
731,-1,408,422,74,97,0.92,2,-1,-1
731,-1,406,155,44,60,0.90,7,-1,-1
731,-1,371,174,22,22,0.88,2,-1,-1
732,-1,404,394,68,89,0.91,2,-1,-1
732,-1,404,153,44,59,0.91,7,-1,-1
732,-1,370,171,22,22,0.88,2,-1,-1
733,-1,400,360,60,77,0.92,2,-1,-1
733,-1,402,151,42,55,0.90,7,-1,-1
733,-1,370,167,21,21,0.86,2,-1,-1
734,-1,396,340,58,72,0.90,2,-1,-1
734,-1,402,148,40,55,0.90,7,-1,-1
734,-1,369,164,21,21,0.86,2,-1,-1
735,-1,400,146,40,53,0.90,7,-1,-1
735,-1,392,314,52,64,0.90,2,-1,-1
735,-1,369,160,20,20,0.87,2,-1,-1
736,-1,399,144,38,52,0.90,7,-1,-1
736,-1,390,300,48,60,0.89,2,-1,-1
736,-1,368,158,20,20,0.87,2,-1,-1
737,-1,398,142,36,51,0.90,7,-1,-1
737,-1,388,280,44,55,0.88,2,-1,-1
737,-1,367,155,20,20,0.87,2,-1,-1
738,-1,397,140,36,50,0.90,7,-1,-1
738,-1,385,269,44,52,0.89,2,-1,-1
738,-1,367,153,19,19,0.86,2,-1,-1
739,-1,395,137,36,50,0.90,7,-1,-1
739,-1,382,254,40,48,0.89,2,-1,-1
739,-1,366,149,20,19,0.87,2,-1,-1
740,-1,380,244,38,46,0.91,2,-1,-1
740,-1,395,136,34,48,0.90,7,-1,-1
740,-1,366,147,18,19,0.87,2,-1,-1
741,-1,379,232,36,42,0.90,2,-1,-1
741,-1,394,135,32,46,0.90,7,-1,-1
741,-1,366,144,18,18,0.87,2,-1,-1
742,-1,378,226,36,40,0.91,2,-1,-1
742,-1,394,134,32,45,0.90,7,-1,-1
742,-1,365,143,18,18,0.87,2,-1,-1
743,-1,376,216,34,38,0.91,2,-1,-1
743,-1,392,131,32,44,0.89,7,-1,-1
743,-1,364,140,18,18,0.87,2,-1,-1
744,-1,375,212,32,36,0.90,2,-1,-1
744,-1,390,129,32,44,0.90,7,-1,-1
744,-1,364,138,17,18,0.86,2,-1,-1
745,-1,374,204,30,35,0.90,2,-1,-1
745,-1,389,128,32,44,0.90,7,-1,-1
745,-1,364,136,16,17,0.87,2,-1,-1
746,-1,373,200,30,32,0.91,2,-1,-1
746,-1,388,127,32,42,0.90,7,-1,-1
746,-1,364,135,16,17,0.87,2,-1,-1
747,-1,412,416,68,74,0.92,2,-1,-1
747,-1,373,193,28,31,0.91,2,-1,-1
747,-1,388,126,32,40,0.89,7,-1,-1
747,-1,364,133,16,16,0.85,2,-1,-1
748,-1,411,389,60,70,0.91,2,-1,-1
748,-1,387,124,30,41,0.89,7,-1,-1
748,-1,371,188,28,30,0.89,2,-1,-1
748,-1,363,132,16,16,0.85,2,-1,-1
749,-1,404,358,56,62,0.91,2,-1,-1
749,-1,371,182,26,29,0.89,2,-1,-1
749,-1,386,123,30,40,0.89,7,-1,-1
749,-1,363,129,16,16,0.85,2,-1,-1
750,-1,402,340,52,57,0.91,2,-1,-1
750,-1,371,178,24,28,0.89,2,-1,-1
750,-1,386,122,28,39,0.86,7,-1,-1
750,-1,362,128,15,15,0.85,2,-1,-1
751,-1,398,314,48,52,0.91,2,-1,-1
751,-1,369,174,25,26,0.88,2,-1,-1
751,-1,386,121,28,40,0.87,7,-1,-1
751,-1,362,127,15,15,0.84,2,-1,-1
752,-1,396,302,46,48,0.91,2,-1,-1
752,-1,385,120,28,38,0.89,7,-1,-1
752,-1,369,170,24,26,0.88,2,-1,-1
752,-1,362,125,15,16,0.84,2,-1,-1
753,-1,492,309,144,220,0.92,7,-1,-1
753,-1,394,282,40,45,0.90,2,-1,-1
753,-1,384,118,28,38,0.88,7,-1,-1
753,-1,368,166,23,26,0.87,2,-1,-1
753,-1,362,123,14,16,0.84,2,-1,-1
754,-1,489,298,142,208,0.92,7,-1,-1
754,-1,392,272,40,43,0.91,2,-1,-1
754,-1,383,117,28,37,0.88,7,-1,-1
754,-1,368,163,22,24,0.87,2,-1,-1
754,-1,362,122,14,15,0.84,2,-1,-1
755,-1,481,285,130,192,0.92,7,-1,-1
755,-1,388,258,40,39,0.90,2,-1,-1
755,-1,367,159,22,24,0.88,2,-1,-1
755,-1,382,116,28,36,0.87,7,-1,-1
755,-1,362,120,14,15,0.85,2,-1,-1
756,-1,476,280,124,180,0.92,7,-1,-1
756,-1,389,249,32,36,0.90,2,-1,-1
756,-1,383,115,26,35,0.87,7,-1,-1
756,-1,366,157,22,24,0.87,2,-1,-1
756,-1,361,119,14,15,0.84,2,-1,-1
757,-1,472,267,114,170,0.93,7,-1,-1
757,-1,386,233,32,39,0.90,2,-1,-1
757,-1,366,153,20,23,0.88,2,-1,-1
757,-1,382,114,26,35,0.87,7,-1,-1
757,-1,361,118,14,14,0.83,2,-1,-1
758,-1,468,260,108,164,0.93,7,-1,-1
758,-1,386,228,32,35,0.89,2,-1,-1
758,-1,365,151,20,23,0.88,2,-1,-1
758,-1,382,113,24,35,0.87,7,-1,-1
758,-1,362,117,13,13,0.80,2,-1,-1
759,-1,462,252,104,152,0.93,7,-1,-1
759,-1,384,222,32,31,0.90,2,-1,-1
759,-1,381,112,24,34,0.87,7,-1,-1
759,-1,364,148,20,22,0.87,2,-1,-1
759,-1,360,116,14,14,0.82,2,-1,-1
760,-1,459,245,100,146,0.93,7,-1,-1
760,-1,383,216,30,30,0.89,2,-1,-1
760,-1,364,145,20,22,0.88,2,-1,-1
760,-1,381,111,24,34,0.88,7,-1,-1
760,-1,360,115,13,14,0.82,2,-1,-1
761,-1,456,237,92,136,0.94,7,-1,-1
761,-1,382,208,28,30,0.89,2,-1,-1
761,-1,381,110,22,34,0.88,7,-1,-1
761,-1,364,143,18,21,0.86,2,-1,-1
761,-1,360,114,13,14,0.83,2,-1,-1
762,-1,452,232,88,130,0.93,7,-1,-1
762,-1,382,202,26,29,0.89,2,-1,-1
762,-1,380,109,22,34,0.88,7,-1,-1
762,-1,363,142,20,20,0.85,2,-1,-1
762,-1,360,113,13,14,0.82,2,-1,-1
763,-1,449,225,84,124,0.92,7,-1,-1
763,-1,380,197,26,26,0.89,2,-1,-1
763,-1,380,108,22,34,0.88,7,-1,-1
763,-1,363,139,19,20,0.86,2,-1,-1
763,-1,361,112,12,14,0.81,2,-1,-1
764,-1,446,220,82,120,0.93,7,-1,-1
764,-1,380,192,24,26,0.89,2,-1,-1
764,-1,380,108,20,32,0.87,7,-1,-1
764,-1,363,138,18,19,0.86,2,-1,-1
764,-1,361,110,12,14,0.81,2,-1,-1
765,-1,442,214,80,113,0.93,7,-1,-1
765,-1,378,185,24,27,0.88,2,-1,-1
765,-1,379,107,22,32,0.87,7,-1,-1
765,-1,363,135,18,19,0.84,2,-1,-1
765,-1,361,110,12,14,0.79,2,-1,-1
766,-1,440,210,76,110,0.93,7,-1,-1
766,-1,380,107,20,31,0.87,7,-1,-1
766,-1,378,182,22,25,0.86,2,-1,-1
766,-1,362,134,17,18,0.86,2,-1,-1
766,-1,360,109,12,13,0.79,2,-1,-1
767,-1,437,205,72,104,0.92,7,-1,-1
767,-1,377,178,22,24,0.88,2,-1,-1
767,-1,379,106,20,30,0.87,7,-1,-1
767,-1,361,132,18,18,0.86,2,-1,-1
767,-1,360,108,12,13,0.79,2,-1,-1
768,-1,435,202,70,100,0.92,7,-1,-1
768,-1,376,174,22,24,0.87,2,-1,-1
768,-1,378,105,20,30,0.86,7,-1,-1
768,-1,362,131,16,17,0.85,2,-1,-1
768,-1,360,108,12,12,0.75,2,-1,-1
769,-1,432,197,66,96,0.93,7,-1,-1
769,-1,376,170,20,22,0.88,2,-1,-1
769,-1,378,105,20,30,0.86,7,-1,-1
769,-1,361,128,16,17,0.84,2,-1,-1
769,-1,360,106,12,12,0.75,2,-1,-1
770,-1,430,194,64,94,0.93,7,-1,-1
770,-1,375,166,20,22,0.88,2,-1,-1
770,-1,378,104,20,30,0.86,7,-1,-1
770,-1,361,127,16,17,0.85,2,-1,-1
770,-1,360,106,12,12,0.77,2,-1,-1
771,-1,428,190,62,89,0.92,7,-1,-1
771,-1,374,162,20,22,0.88,2,-1,-1
771,-1,377,104,20,29,0.87,7,-1,-1
771,-1,361,125,15,17,0.84,2,-1,-1
771,-1,360,104,12,12,0.78,2,-1,-1
772,-1,426,187,60,87,0.91,7,-1,-1
772,-1,373,160,20,21,0.87,2,-1,-1
772,-1,377,103,20,28,0.87,7,-1,-1
772,-1,360,124,16,17,0.83,2,-1,-1
772,-1,360,104,12,12,0.75,2,-1,-1
773,-1,424,184,58,83,0.92,7,-1,-1
773,-1,373,156,18,21,0.87,2,-1,-1
773,-1,376,102,20,28,0.86,7,-1,-1
773,-1,360,122,15,17,0.83,2,-1,-1
773,-1,360,104,12,12,0.69,2,-1,-1
774,-1,423,181,56,81,0.92,7,-1,-1
774,-1,376,102,20,28,0.87,7,-1,-1
774,-1,373,155,18,20,0.87,2,-1,-1
774,-1,360,121,15,16,0.83,2,-1,-1
774,-1,359,103,12,12,0.67,2,-1,-1
775,-1,420,178,54,78,0.92,7,-1,-1
775,-1,371,151,18,20,0.86,2,-1,-1
775,-1,376,101,20,28,0.86,7,-1,-1
775,-1,360,120,14,16,0.85,2,-1,-1
775,-1,360,101,11,12,0.63,2,-1,-1
776,-1,420,176,52,76,0.92,7,-1,-1
776,-1,371,149,18,19,0.86,2,-1,-1
776,-1,377,100,18,27,0.85,7,-1,-1
776,-1,359,119,14,15,0.85,2,-1,-1
776,-1,359,100,12,12,0.60,2,-1,-1
777,-1,417,172,50,74,0.91,7,-1,-1
777,-1,376,100,18,27,0.86,7,-1,-1
777,-1,371,147,16,18,0.85,2,-1,-1
777,-1,360,118,13,14,0.84,2,-1,-1
777,-1,359,100,12,12,0.61,2,-1,-1
778,-1,416,170,48,72,0.92,7,-1,-1
778,-1,375,99,18,27,0.85,7,-1,-1
778,-1,370,145,16,18,0.84,2,-1,-1
778,-1,359,116,14,15,0.82,2,-1,-1
778,-1,360,99,11,12,0.60,2,-1,-1
779,-1,415,168,46,70,0.92,7,-1,-1
779,-1,369,141,17,19,0.87,2,-1,-1
779,-1,375,98,18,26,0.84,7,-1,-1
779,-1,358,115,14,14,0.82,2,-1,-1
779,-1,359,98,12,12,0.65,2,-1,-1
780,-1,414,166,44,68,0.92,7,-1,-1
780,-1,369,140,16,19,0.86,2,-1,-1
780,-1,375,98,18,26,0.84,7,-1,-1
780,-1,358,114,13,14,0.82,2,-1,-1
780,-1,360,97,11,12,0.69,2,-1,-1
781,-1,412,162,44,67,0.92,7,-1,-1
781,-1,368,138,17,18,0.85,2,-1,-1
781,-1,375,98,17,26,0.82,7,-1,-1
781,-1,358,111,14,16,0.80,2,-1,-1
781,-1,359,97,12,12,0.47,2,-1,-1
782,-1,412,161,42,65,0.92,7,-1,-1
782,-1,369,137,16,17,0.84,2,-1,-1
782,-1,375,97,17,25,0.81,7,-1,-1
782,-1,357,111,14,15,0.77,2,-1,-1
782,-1,359,97,12,12,0.58,2,-1,-1
783,-1,410,158,42,63,0.91,7,-1,-1
783,-1,367,134,16,17,0.85,2,-1,-1
783,-1,375,97,16,25,0.83,7,-1,-1
783,-1,357,110,14,16,0.75,2,-1,-1
783,-1,360,96,11,10,0.45,2,-1,-1
784,-1,410,157,40,62,0.91,7,-1,-1
784,-1,367,133,16,16,0.85,2,-1,-1
784,-1,374,97,16,24,0.80,7,-1,-1
784,-1,357,109,14,15,0.71,2,-1,-1
784,-1,359,96,12,10,0.50,2,-1,-1
785,-1,408,155,40,60,0.91,7,-1,-1
785,-1,367,131,15,16,0.83,2,-1,-1
785,-1,356,107,14,16,0.79,2,-1,-1
785,-1,374,96,16,24,0.77,7,-1,-1
785,-1,360,94,11,10,0.36,2,-1,-1
786,-1,406,152,40,60,0.91,7,-1,-1
786,-1,366,130,16,16,0.84,2,-1,-1
786,-1,356,107,14,15,0.76,2,-1,-1
786,-1,374,96,16,23,0.75,7,-1,-1
786,-1,360,94,10,10,0.42,2,-1,-1
787,-1,406,150,38,58,0.91,7,-1,-1
787,-1,367,128,14,16,0.86,2,-1,-1
787,-1,356,106,14,15,0.75,2,-1,-1
787,-1,374,96,15,23,0.67,7,-1,-1
787,-1,360,94,11,10,0.35,2,-1,-1
788,-1,405,148,38,58,0.90,7,-1,-1
788,-1,366,127,14,15,0.84,2,-1,-1
788,-1,357,104,12,15,0.70,2,-1,-1
788,-1,375,96,14,22,0.69,7,-1,-1
788,-1,359,94,11,10,0.33,2,-1,-1
789,-1,404,147,36,56,0.90,7,-1,-1
789,-1,366,124,14,15,0.81,2,-1,-1
789,-1,356,105,13,13,0.72,2,-1,-1
789,-1,374,95,14,22,0.71,7,-1,-1
789,-1,360,93,10,10,0.46,2,-1,-1
790,-1,404,146,36,54,0.91,7,-1,-1
790,-1,365,124,14,15,0.83,2,-1,-1
790,-1,356,104,13,14,0.72,2,-1,-1
790,-1,374,95,14,22,0.67,7,-1,-1
790,-1,360,93,10,10,0.18,2,-1,-1
791,-1,402,144,36,53,0.91,7,-1,-1
791,-1,365,123,14,14,0.82,2,-1,-1
791,-1,356,103,13,14,0.75,2,-1,-1
791,-1,373,94,14,22,0.55,7,-1,-1
791,-1,360,92,10,10,0.22,2,-1,-1
792,-1,402,144,34,52,0.90,7,-1,-1
792,-1,364,122,14,14,0.83,2,-1,-1
792,-1,357,102,12,13,0.74,2,-1,-1
792,-1,373,93,14,22,0.64,7,-1,-1
792,-1,359,93,11,12,0.11,2,-1,-1
793,-1,400,142,34,50,0.91,7,-1,-1
793,-1,364,120,14,14,0.81,2,-1,-1
793,-1,356,101,12,13,0.72,2,-1,-1
793,-1,373,92,14,22,0.65,7,-1,-1
793,-1,358,92,12,12,0.14,2,-1,-1
794,-1,400,141,32,50,0.90,7,-1,-1
794,-1,363,119,14,14,0.79,2,-1,-1
794,-1,356,100,13,14,0.74,2,-1,-1
794,-1,373,92,14,21,0.59,7,-1,-1
795,-1,398,138,32,50,0.90,7,-1,-1
795,-1,363,118,14,14,0.79,2,-1,-1
795,-1,357,99,12,14,0.74,2,-1,-1
795,-1,373,92,14,21,0.63,7,-1,-1
796,-1,398,138,32,48,0.90,7,-1,-1
796,-1,364,118,13,13,0.79,2,-1,-1
796,-1,356,99,12,13,0.73,2,-1,-1
796,-1,373,92,14,21,0.64,7,-1,-1
797,-1,396,136,32,48,0.91,7,-1,-1
797,-1,364,116,12,13,0.79,2,-1,-1
797,-1,356,99,12,13,0.67,2,-1,-1
797,-1,373,92,14,20,0.55,2,-1,-1
798,-1,396,136,32,46,0.90,7,-1,-1
798,-1,364,115,12,13,0.82,2,-1,-1
798,-1,356,98,12,13,0.71,2,-1,-1
798,-1,372,91,14,21,0.63,7,-1,-1
799,-1,394,134,32,46,0.90,7,-1,-1
799,-1,372,90,13,20,0.63,7,-1,-1
799,-1,356,96,13,14,0.63,2,-1,-1
799,-1,362,115,13,12,0.38,2,-1,-1
800,-1,395,134,30,44,0.90,7,-1,-1
800,-1,372,90,14,21,0.72,7,-1,-1
800,-1,357,96,12,14,0.70,2,-1,-1
800,-1,363,114,12,13,0.68,2,-1,-1
801,-1,394,132,28,44,0.89,7,-1,-1
801,-1,356,96,12,13,0.78,2,-1,-1
801,-1,372,89,13,20,0.62,7,-1,-1
801,-1,363,113,12,12,0.47,2,-1,-1
802,-1,393,132,30,42,0.89,7,-1,-1
802,-1,371,88,14,20,0.54,7,-1,-1
802,-1,357,92,13,16,0.53,2,-1,-1
802,-1,360,111,14,12,0.21,2,-1,-1
803,-1,392,130,28,42,0.89,7,-1,-1
803,-1,356,93,12,14,0.62,2,-1,-1
803,-1,372,88,13,19,0.55,2,-1,-1
803,-1,362,110,13,12,0.38,2,-1,-1
804,-1,392,129,28,41,0.89,7,-1,-1
804,-1,356,94,12,12,0.57,2,-1,-1
804,-1,361,109,13,11,0.55,2,-1,-1
804,-1,371,88,14,19,0.54,2,-1,-1
805,-1,391,128,28,40,0.88,7,-1,-1
805,-1,357,91,12,15,0.55,2,-1,-1
805,-1,371,87,14,19,0.53,7,-1,-1
805,-1,361,109,13,11,0.53,2,-1,-1
806,-1,390,126,28,40,0.88,7,-1,-1
806,-1,356,91,12,14,0.68,2,-1,-1
806,-1,371,87,13,18,0.42,2,-1,-1
806,-1,360,108,12,11,0.12,2,-1,-1
807,-1,389,126,28,39,0.88,7,-1,-1
807,-1,357,90,12,15,0.65,2,-1,-1
807,-1,371,86,13,19,0.51,7,-1,-1
807,-1,361,107,12,10,0.18,2,-1,-1
808,-1,388,126,28,38,0.88,7,-1,-1
808,-1,357,90,12,14,0.67,2,-1,-1
808,-1,371,87,13,18,0.40,2,-1,-1
808,-1,361,107,12,10,0.17,2,-1,-1
809,-1,387,124,28,38,0.88,7,-1,-1
809,-1,357,90,10,12,0.56,2,-1,-1
809,-1,370,86,14,19,0.52,7,-1,-1
810,-1,386,123,28,38,0.88,7,-1,-1
810,-1,370,86,14,19,0.57,7,-1,-1
810,-1,357,90,10,12,0.52,2,-1,-1
811,-1,386,123,28,37,0.89,7,-1,-1
811,-1,370,85,13,18,0.50,7,-1,-1
811,-1,357,88,10,13,0.50,2,-1,-1
812,-1,386,122,26,36,0.89,7,-1,-1
812,-1,370,85,13,18,0.46,7,-1,-1
812,-1,357,87,10,13,0.43,2,-1,-1
813,-1,384,121,28,35,0.88,7,-1,-1
813,-1,371,85,12,18,0.47,7,-1,-1
813,-1,357,88,10,13,0.41,2,-1,-1
814,-1,385,120,26,35,0.88,7,-1,-1
814,-1,371,85,12,18,0.41,7,-1,-1
814,-1,357,86,10,14,0.41,2,-1,-1
814,-1,361,103,10,9,0.21,2,-1,-1
815,-1,384,120,26,35,0.88,7,-1,-1
815,-1,370,84,12,18,0.41,7,-1,-1
815,-1,356,87,10,13,0.40,2,-1,-1
816,-1,384,119,26,33,0.88,7,-1,-1
816,-1,370,84,12,17,0.34,7,-1,-1
816,-1,360,102,10,9,0.31,2,-1,-1
816,-1,356,85,10,14,0.26,2,-1,-1
817,-1,383,118,26,33,0.87,7,-1,-1
817,-1,356,86,10,13,0.49,2,-1,-1
817,-1,370,84,12,16,0.35,2,-1,-1
818,-1,384,117,24,33,0.87,7,-1,-1
818,-1,356,85,10,14,0.41,2,-1,-1
818,-1,370,84,12,17,0.37,7,-1,-1
819,-1,383,116,24,32,0.87,7,-1,-1
819,-1,356,85,10,13,0.48,2,-1,-1
819,-1,370,83,12,17,0.33,7,-1,-1
820,-1,382,115,24,32,0.87,7,-1,-1
820,-1,369,82,12,18,0.53,7,-1,-1
820,-1,356,84,10,13,0.49,2,-1,-1
821,-1,382,114,24,33,0.88,7,-1,-1
821,-1,369,82,12,18,0.40,7,-1,-1
821,-1,356,85,10,12,0.35,2,-1,-1
822,-1,381,113,24,33,0.88,7,-1,-1
822,-1,368,82,12,18,0.41,7,-1,-1
822,-1,357,89,10,12,0.18,2,-1,-1
823,-1,380,112,24,33,0.88,7,-1,-1
823,-1,368,82,12,18,0.41,7,-1,-1
823,-1,357,89,10,12,0.17,2,-1,-1
824,-1,380,112,24,32,0.89,7,-1,-1
824,-1,368,82,12,17,0.34,7,-1,-1
824,-1,356,85,10,13,0.14,2,-1,-1
825,-1,381,111,22,31,0.88,7,-1,-1
825,-1,368,82,12,16,0.39,7,-1,-1
825,-1,358,89,10,12,0.27,2,-1,-1
826,-1,381,110,22,31,0.88,7,-1,-1
826,-1,368,82,12,16,0.46,7,-1,-1
826,-1,358,90,10,12,0.26,2,-1,-1
827,-1,380,110,22,31,0.88,7,-1,-1
827,-1,356,85,9,11,0.31,2,-1,-1
827,-1,368,80,12,17,0.21,7,-1,-1
828,-1,380,109,22,30,0.88,7,-1,-1
828,-1,368,80,12,17,0.26,7,-1,-1
828,-1,356,84,9,11,0.26,2,-1,-1
829,-1,380,109,20,30,0.88,7,-1,-1
829,-1,356,84,9,12,0.32,2,-1,-1
829,-1,368,80,12,17,0.23,2,-1,-1
830,-1,380,108,20,28,0.88,7,-1,-1
830,-1,368,80,12,16,0.23,7,-1,-1
830,-1,356,82,10,13,0.13,2,-1,-1
831,-1,380,108,20,29,0.88,7,-1,-1
831,-1,367,80,12,16,0.31,2,-1,-1
831,-1,356,82,9,12,0.28,2,-1,-1
832,-1,380,107,20,29,0.87,7,-1,-1
832,-1,367,80,12,16,0.33,2,-1,-1
832,-1,356,82,9,12,0.29,2,-1,-1
833,-1,378,106,22,29,0.86,7,-1,-1
833,-1,367,80,12,16,0.33,2,-1,-1
833,-1,356,82,9,12,0.29,2,-1,-1
834,-1,378,106,20,28,0.86,7,-1,-1
834,-1,367,80,12,16,0.30,2,-1,-1
834,-1,356,83,10,12,0.29,2,-1,-1
835,-1,378,106,20,28,0.87,7,-1,-1
835,-1,367,80,12,16,0.30,2,-1,-1
835,-1,356,82,9,11,0.28,2,-1,-1
836,-1,378,105,20,28,0.87,7,-1,-1
836,-1,356,81,8,11,0.18,2,-1,-1
836,-1,367,80,11,14,0.16,2,-1,-1
837,-1,378,105,20,27,0.86,7,-1,-1
837,-1,356,81,8,11,0.19,2,-1,-1
837,-1,367,80,10,14,0.14,2,-1,-1
838,-1,378,105,20,27,0.86,7,-1,-1
838,-1,356,81,8,11,0.29,2,-1,-1
838,-1,366,79,11,15,0.19,2,-1,-1
839,-1,377,104,20,28,0.88,7,-1,-1
839,-1,367,79,10,15,0.17,2,-1,-1
840,-1,376,103,20,28,0.88,7,-1,-1
840,-1,356,84,10,11,0.13,2,-1,-1
841,-1,376,103,20,28,0.88,7,-1,-1
841,-1,356,84,10,11,0.11,2,-1,-1
842,-1,376,102,20,27,0.88,7,-1,-1
843,-1,376,102,20,27,0.88,7,-1,-1
844,-1,376,101,18,27,0.86,7,-1,-1
844,-1,356,81,10,12,0.14,2,-1,-1
845,-1,374,100,20,26,0.85,7,-1,-1
846,-1,375,100,18,26,0.85,7,-1,-1
847,-1,375,100,18,25,0.85,7,-1,-1
848,-1,375,99,18,25,0.85,7,-1,-1
849,-1,375,99,18,24,0.85,7,-1,-1
850,-1,374,99,18,23,0.83,7,-1,-1
851,-1,375,98,16,22,0.80,7,-1,-1
852,-1,374,98,18,22,0.80,7,-1,-1
853,-1,374,98,16,22,0.71,7,-1,-1
854,-1,374,98,16,22,0.75,2,-1,-1
855,-1,374,98,16,22,0.68,2,-1,-1
856,-1,374,97,16,23,0.73,7,-1,-1
857,-1,373,96,17,22,0.67,2,-1,-1
858,-1,373,96,17,22,0.70,2,-1,-1
859,-1,373,95,16,22,0.68,2,-1,-1
860,-1,373,95,16,22,0.68,2,-1,-1
861,-1,373,95,15,21,0.70,2,-1,-1
862,-1,373,94,15,21,0.73,2,-1,-1
863,-1,373,94,14,20,0.71,2,-1,-1
864,-1,372,94,15,20,0.74,2,-1,-1
865,-1,372,94,15,21,0.73,2,-1,-1
866,-1,372,94,15,21,0.75,2,-1,-1
867,-1,372,93,15,20,0.81,2,-1,-1
868,-1,372,93,15,20,0.81,2,-1,-1
869,-1,372,93,14,19,0.76,2,-1,-1
870,-1,372,93,14,20,0.75,2,-1,-1
871,-1,372,92,14,20,0.79,2,-1,-1
872,-1,372,92,14,20,0.79,2,-1,-1
873,-1,372,92,14,20,0.74,2,-1,-1
874,-1,372,91,14,20,0.72,2,-1,-1
875,-1,482,293,152,244,0.94,7,-1,-1
875,-1,372,91,14,20,0.71,2,-1,-1
876,-1,477,282,148,234,0.94,7,-1,-1
876,-1,372,91,14,20,0.67,2,-1,-1
877,-1,468,268,134,210,0.92,7,-1,-1
877,-1,372,90,14,20,0.68,2,-1,-1
878,-1,464,259,124,196,0.93,7,-1,-1
878,-1,372,90,14,20,0.68,2,-1,-1
879,-1,457,248,114,177,0.93,7,-1,-1
879,-1,372,90,14,17,0.74,2,-1,-1
880,-1,452,242,108,165,0.93,7,-1,-1
880,-1,372,90,14,18,0.74,2,-1,-1
881,-1,446,230,100,152,0.92,7,-1,-1
881,-1,372,89,13,17,0.71,2,-1,-1
882,-1,446,226,92,141,0.93,7,-1,-1
882,-1,372,89,13,17,0.71,2,-1,-1
883,-1,440,218,86,130,0.93,7,-1,-1
883,-1,371,89,14,17,0.71,2,-1,-1
884,-1,437,213,82,125,0.92,7,-1,-1
884,-1,371,89,14,17,0.71,2,-1,-1
885,-1,434,207,76,114,0.93,7,-1,-1
885,-1,371,88,14,17,0.71,2,-1,-1
886,-1,430,202,74,108,0.93,7,-1,-1
886,-1,371,88,14,17,0.70,2,-1,-1
887,-1,428,196,68,102,0.93,7,-1,-1
887,-1,371,88,13,17,0.70,2,-1,-1
888,-1,424,193,68,96,0.92,7,-1,-1
888,-1,371,87,12,16,0.72,2,-1,-1
889,-1,424,186,60,92,0.91,7,-1,-1
889,-1,370,87,13,16,0.79,2,-1,-1
890,-1,422,184,60,88,0.92,7,-1,-1
890,-1,371,87,12,16,0.78,2,-1,-1
891,-1,419,180,56,83,0.92,7,-1,-1
891,-1,370,87,13,16,0.80,2,-1,-1
892,-1,416,177,56,80,0.92,7,-1,-1
892,-1,370,86,14,17,0.78,2,-1,-1
893,-1,415,172,52,77,0.91,7,-1,-1
893,-1,370,86,14,17,0.77,2,-1,-1
894,-1,414,169,50,76,0.91,7,-1,-1
894,-1,369,85,14,16,0.68,2,-1,-1
895,-1,412,165,48,72,0.92,7,-1,-1
895,-1,369,85,14,16,0.68,2,-1,-1
896,-1,411,163,46,70,0.92,7,-1,-1
896,-1,370,85,12,16,0.73,2,-1,-1
897,-1,409,160,44,68,0.92,7,-1,-1
897,-1,370,85,12,16,0.68,2,-1,-1
898,-1,408,157,44,66,0.92,7,-1,-1
898,-1,370,84,12,16,0.63,2,-1,-1
899,-1,408,154,40,63,0.92,7,-1,-1
899,-1,369,84,13,16,0.58,2,-1,-1
900,-1,406,153,40,62,0.92,7,-1,-1
900,-1,369,83,13,16,0.36,7,-1,-1
