1,-1,521,386,74,75,0.93,2,-1,-1
1,-1,280,163,18,19,0.86,2,-1,-1
2,-1,510,366,69,68,0.91,2,-1,-1
2,-1,280,164,18,20,0.86,2,-1,-1
3,-1,495,336,61,62,0.93,2,-1,-1
3,-1,436,448,78,84,0.92,2,-1,-1
3,-1,278,170,19,18,0.84,2,-1,-1
4,-1,430,420,69,76,0.92,2,-1,-1
4,-1,486,320,58,57,0.92,2,-1,-1
4,-1,276,172,20,19,0.85,2,-1,-1
5,-1,424,395,64,68,0.92,2,-1,-1
5,-1,478,306,53,54,0.92,2,-1,-1
5,-1,275,175,20,18,0.85,2,-1,-1
6,-1,415,361,58,61,0.92,2,-1,-1
6,-1,468,288,48,48,0.92,2,-1,-1
6,-1,272,178,20,20,0.87,2,-1,-1
7,-1,458,271,45,44,0.91,2,-1,-1
7,-1,408,334,52,54,0.91,2,-1,-1
7,-1,271,182,20,20,0.87,2,-1,-1
8,-1,404,317,49,51,0.91,2,-1,-1
8,-1,453,262,42,42,0.90,2,-1,-1
8,-1,268,186,21,20,0.87,2,-1,-1
9,-1,400,296,44,46,0.91,2,-1,-1
9,-1,446,249,39,39,0.91,2,-1,-1
9,-1,266,190,22,22,0.85,2,-1,-1
10,-1,396,284,42,44,0.91,2,-1,-1
10,-1,441,241,38,38,0.90,2,-1,-1
10,-1,263,193,23,23,0.87,2,-1,-1
11,-1,393,273,40,42,0.91,2,-1,-1
11,-1,437,236,36,34,0.89,2,-1,-1
11,-1,261,197,24,24,0.86,2,-1,-1
12,-1,388,258,38,39,0.90,2,-1,-1
12,-1,432,224,33,33,0.89,2,-1,-1
12,-1,258,202,24,26,0.88,2,-1,-1
13,-1,386,250,36,38,0.90,2,-1,-1
13,-1,429,219,32,32,0.89,2,-1,-1
13,-1,256,208,24,25,0.85,2,-1,-1
14,-1,384,240,32,34,0.89,2,-1,-1
14,-1,425,211,30,30,0.89,2,-1,-1
14,-1,251,214,26,27,0.87,2,-1,-1
15,-1,382,229,30,32,0.89,2,-1,-1
15,-1,420,205,29,28,0.88,2,-1,-1
15,-1,247,221,27,30,0.87,2,-1,-1
16,-1,418,200,28,28,0.89,2,-1,-1
16,-1,380,224,30,31,0.88,2,-1,-1
16,-1,244,226,30,32,0.87,2,-1,-1
16,-1,312,118,9,9,0.70,2,-1,-1
17,-1,378,218,29,29,0.89,2,-1,-1
17,-1,240,234,30,32,0.89,2,-1,-1
17,-1,416,196,26,27,0.88,2,-1,-1
17,-1,312,118,9,9,0.70,2,-1,-1
18,-1,376,210,26,28,0.89,2,-1,-1
18,-1,412,190,25,26,0.88,2,-1,-1
18,-1,234,244,32,34,0.88,2,-1,-1
18,-1,311,119,10,10,0.71,2,-1,-1
19,-1,226,256,34,38,0.89,2,-1,-1
19,-1,409,186,24,24,0.89,2,-1,-1
19,-1,374,203,26,27,0.88,2,-1,-1
19,-1,311,119,10,9,0.81,2,-1,-1
20,-1,222,264,37,40,0.89,2,-1,-1
20,-1,373,199,25,26,0.88,2,-1,-1
20,-1,408,182,23,24,0.86,2,-1,-1
20,-1,311,119,10,10,0.81,2,-1,-1
21,-1,213,280,38,44,0.90,2,-1,-1
21,-1,371,194,24,25,0.90,2,-1,-1
21,-1,404,178,22,23,0.89,2,-1,-1
21,-1,310,121,10,10,0.63,2,-1,-1
22,-1,207,290,41,47,0.90,2,-1,-1
22,-1,370,190,23,24,0.87,2,-1,-1
22,-1,402,175,22,23,0.86,2,-1,-1
22,-1,310,122,11,10,0.78,2,-1,-1
23,-1,196,311,46,52,0.91,2,-1,-1
23,-1,400,171,22,22,0.88,2,-1,-1
23,-1,369,185,22,23,0.88,2,-1,-1
23,-1,310,122,11,10,0.78,2,-1,-1
24,-1,189,326,50,56,0.91,2,-1,-1
24,-1,398,168,20,22,0.89,2,-1,-1
24,-1,368,182,21,23,0.86,2,-1,-1
24,-1,308,123,11,10,0.76,2,-1,-1
25,-1,174,352,54,63,0.92,2,-1,-1
25,-1,368,178,20,21,0.90,2,-1,-1
25,-1,396,166,20,20,0.88,2,-1,-1
25,-1,309,123,10,10,0.77,2,-1,-1
26,-1,163,374,59,70,0.92,2,-1,-1
26,-1,395,164,20,20,0.87,2,-1,-1
26,-1,367,176,19,20,0.87,2,-1,-1
26,-1,308,124,11,10,0.83,2,-1,-1
27,-1,144,410,68,84,0.92,2,-1,-1
27,-1,366,172,19,20,0.88,2,-1,-1
27,-1,393,161,20,20,0.88,2,-1,-1
27,-1,308,124,11,10,0.69,2,-1,-1
28,-1,128,438,76,96,0.92,2,-1,-1
28,-1,365,169,19,20,0.88,2,-1,-1
28,-1,392,159,19,18,0.87,2,-1,-1
28,-1,308,124,11,10,0.71,2,-1,-1
29,-1,364,166,18,20,0.88,2,-1,-1
29,-1,390,156,18,18,0.86,2,-1,-1
29,-1,306,126,11,11,0.76,2,-1,-1
30,-1,363,163,18,20,0.88,2,-1,-1
30,-1,389,154,18,18,0.87,2,-1,-1
30,-1,306,126,11,11,0.76,2,-1,-1
31,-1,388,152,18,18,0.87,2,-1,-1
31,-1,362,160,18,19,0.87,2,-1,-1
31,-1,306,127,11,11,0.77,2,-1,-1
32,-1,362,159,17,18,0.88,2,-1,-1
32,-1,386,150,17,18,0.88,2,-1,-1
32,-1,306,128,11,11,0.76,2,-1,-1
33,-1,361,156,16,18,0.87,2,-1,-1
33,-1,384,148,17,17,0.85,2,-1,-1
33,-1,304,128,12,12,0.80,2,-1,-1
34,-1,360,154,17,18,0.86,2,-1,-1
34,-1,384,147,16,17,0.85,2,-1,-1
34,-1,305,128,11,12,0.83,2,-1,-1
35,-1,360,152,17,18,0.86,2,-1,-1
35,-1,383,145,16,16,0.86,2,-1,-1
35,-1,304,130,12,11,0.85,2,-1,-1
36,-1,382,144,15,16,0.86,2,-1,-1
36,-1,303,131,12,12,0.85,2,-1,-1
36,-1,360,150,17,17,0.85,2,-1,-1
37,-1,381,143,15,15,0.88,2,-1,-1
37,-1,359,149,15,15,0.86,2,-1,-1
37,-1,302,132,12,12,0.85,2,-1,-1
38,-1,380,141,15,15,0.87,2,-1,-1
38,-1,358,147,16,16,0.87,2,-1,-1
38,-1,302,133,12,12,0.84,2,-1,-1
39,-1,358,145,15,16,0.87,2,-1,-1
39,-1,379,141,14,14,0.86,2,-1,-1
39,-1,302,134,12,12,0.84,2,-1,-1
40,-1,358,144,15,16,0.87,2,-1,-1
40,-1,378,140,14,14,0.85,2,-1,-1
40,-1,302,135,12,12,0.84,2,-1,-1
41,-1,357,142,14,15,0.88,2,-1,-1
41,-1,377,138,14,14,0.86,2,-1,-1
41,-1,300,136,13,13,0.85,2,-1,-1
42,-1,356,141,14,15,0.88,2,-1,-1
42,-1,300,136,13,13,0.85,2,-1,-1
42,-1,376,136,14,14,0.85,2,-1,-1
43,-1,356,139,14,14,0.87,2,-1,-1
43,-1,298,139,13,12,0.84,2,-1,-1
43,-1,376,134,14,14,0.84,2,-1,-1
44,-1,356,138,14,14,0.87,2,-1,-1
44,-1,374,134,14,14,0.86,2,-1,-1
44,-1,298,140,14,12,0.83,2,-1,-1
45,-1,374,132,14,14,0.87,2,-1,-1
45,-1,355,136,14,14,0.85,2,-1,-1
45,-1,297,142,14,12,0.82,2,-1,-1
46,-1,374,132,14,14,0.88,2,-1,-1
46,-1,355,136,14,13,0.83,2,-1,-1
46,-1,296,143,14,12,0.81,2,-1,-1
47,-1,373,130,13,14,0.88,2,-1,-1
47,-1,295,145,14,12,0.85,2,-1,-1
47,-1,354,134,14,14,0.83,2,-1,-1
48,-1,372,129,13,13,0.88,2,-1,-1
48,-1,295,146,14,12,0.85,2,-1,-1
48,-1,354,133,14,14,0.84,2,-1,-1
49,-1,294,147,14,14,0.87,2,-1,-1
49,-1,372,128,13,13,0.86,2,-1,-1
49,-1,353,131,14,14,0.84,2,-1,-1
50,-1,293,148,14,14,0.86,2,-1,-1
50,-1,353,130,14,14,0.84,2,-1,-1
50,-1,371,127,13,13,0.84,2,-1,-1
51,-1,292,150,15,14,0.85,2,-1,-1
51,-1,353,130,14,14,0.85,2,-1,-1
51,-1,370,127,13,12,0.83,2,-1,-1
52,-1,291,152,15,14,0.86,2,-1,-1
52,-1,352,128,14,14,0.84,2,-1,-1
52,-1,370,127,12,12,0.82,2,-1,-1
53,-1,290,154,16,14,0.84,2,-1,-1
53,-1,370,126,12,12,0.84,2,-1,-1
53,-1,352,128,13,13,0.83,2,-1,-1
54,-1,369,124,12,12,0.85,2,-1,-1
54,-1,288,157,16,14,0.84,2,-1,-1
54,-1,352,128,13,13,0.82,2,-1,-1
55,-1,368,124,12,12,0.85,2,-1,-1
55,-1,352,127,12,12,0.84,2,-1,-1
55,-1,287,159,16,14,0.83,2,-1,-1
56,-1,352,126,12,12,0.86,2,-1,-1
56,-1,286,160,16,16,0.84,2,-1,-1
56,-1,368,123,12,12,0.83,2,-1,-1
57,-1,352,125,12,12,0.85,2,-1,-1
57,-1,284,163,18,15,0.85,2,-1,-1
57,-1,367,122,12,12,0.83,2,-1,-1
58,-1,352,124,11,12,0.84,2,-1,-1
58,-1,283,166,18,15,0.83,2,-1,-1
58,-1,366,121,12,11,0.82,2,-1,-1
59,-1,282,165,18,18,0.85,2,-1,-1
59,-1,352,123,11,12,0.83,2,-1,-1
59,-1,366,121,12,11,0.81,2,-1,-1
60,-1,280,170,18,16,0.85,2,-1,-1
60,-1,352,123,11,12,0.82,2,-1,-1
60,-1,366,120,11,11,0.75,2,-1,-1
61,-1,278,171,18,18,0.85,2,-1,-1
61,-1,351,122,11,12,0.82,2,-1,-1
61,-1,366,120,11,12,0.81,2,-1,-1
62,-1,276,176,20,18,0.86,2,-1,-1
62,-1,351,122,10,11,0.80,2,-1,-1
62,-1,366,119,10,11,0.80,2,-1,-1
63,-1,274,178,20,20,0.87,2,-1,-1
63,-1,365,118,10,11,0.78,2,-1,-1
63,-1,351,122,10,10,0.74,2,-1,-1
64,-1,272,182,21,20,0.87,2,-1,-1
64,-1,364,118,10,10,0.78,2,-1,-1
64,-1,352,122,10,9,0.69,2,-1,-1
65,-1,270,184,20,20,0.86,2,-1,-1
65,-1,364,118,10,10,0.78,2,-1,-1
65,-1,352,122,10,9,0.69,2,-1,-1
66,-1,268,188,22,23,0.88,2,-1,-1
66,-1,364,118,10,10,0.75,2,-1,-1
66,-1,351,121,10,10,0.63,2,-1,-1
67,-1,264,193,22,23,0.87,2,-1,-1
67,-1,351,119,10,10,0.74,2,-1,-1
67,-1,364,117,9,10,0.72,2,-1,-1
68,-1,262,197,22,24,0.87,2,-1,-1
68,-1,350,119,10,10,0.75,2,-1,-1
68,-1,364,117,9,10,0.73,2,-1,-1
69,-1,259,202,23,26,0.88,2,-1,-1
69,-1,351,119,9,9,0.73,2,-1,-1
69,-1,363,116,9,10,0.69,2,-1,-1
70,-1,256,206,24,26,0.86,2,-1,-1
70,-1,351,119,9,9,0.70,2,-1,-1
70,-1,363,116,9,10,0.63,2,-1,-1
71,-1,252,213,26,28,0.87,2,-1,-1
71,-1,350,118,9,9,0.73,2,-1,-1
71,-1,362,115,9,10,0.72,2,-1,-1
72,-1,249,218,27,29,0.89,2,-1,-1
72,-1,350,118,8,8,0.66,2,-1,-1
72,-1,362,115,9,9,0.64,2,-1,-1
73,-1,244,226,28,31,0.88,2,-1,-1
73,-1,350,116,9,9,0.62,2,-1,-1
73,-1,362,114,9,9,0.61,2,-1,-1
74,-1,241,232,30,32,0.88,2,-1,-1
74,-1,350,116,9,9,0.55,2,-1,-1
74,-1,361,114,9,9,0.46,2,-1,-1
75,-1,236,242,30,34,0.90,2,-1,-1
75,-1,361,113,8,9,0.52,2,-1,-1
75,-1,350,115,8,8,0.48,2,-1,-1
76,-1,232,248,32,37,0.88,2,-1,-1
76,-1,361,113,8,9,0.52,2,-1,-1
76,-1,350,115,8,8,0.48,2,-1,-1
77,-1,226,262,34,38,0.90,2,-1,-1
77,-1,360,112,9,10,0.60,2,-1,-1
77,-1,350,115,8,8,0.31,2,-1,-1
78,-1,222,270,36,41,0.90,2,-1,-1
78,-1,360,112,9,10,0.60,2,-1,-1
78,-1,350,115,8,8,0.32,2,-1,-1
79,-1,214,286,38,44,0.90,2,-1,-1
79,-1,360,112,9,9,0.51,2,-1,-1
79,-1,349,114,8,8,0.16,2,-1,-1
80,-1,208,296,41,48,0.91,2,-1,-1
80,-1,359,110,9,9,0.44,2,-1,-1
80,-1,349,113,8,8,0.14,2,-1,-1
81,-1,199,316,47,53,0.91,2,-1,-1
81,-1,359,110,8,9,0.38,2,-1,-1
81,-1,349,112,8,8,0.15,2,-1,-1
82,-1,192,330,52,59,0.91,2,-1,-1
82,-1,359,110,8,9,0.37,2,-1,-1
82,-1,349,113,8,8,0.15,2,-1,-1
83,-1,180,356,57,67,0.91,2,-1,-1
83,-1,358,109,8,9,0.31,2,-1,-1
83,-1,349,112,8,8,0.16,2,-1,-1
84,-1,170,378,60,73,0.92,2,-1,-1
84,-1,358,109,8,9,0.18,2,-1,-1
85,-1,154,412,68,88,0.92,2,-1,-1
85,-1,358,109,8,9,0.33,2,-1,-1
85,-1,348,112,8,8,0.18,2,-1,-1
86,-1,358,108,8,9,0.23,2,-1,-1
87,-1,358,108,8,9,0.22,2,-1,-1
88,-1,358,107,8,9,0.18,2,-1,-1
89,-1,358,107,8,9,0.18,2,-1,-1
90,-1,357,107,8,9,0.11,2,-1,-1
91,-1,356,107,8,9,0.14,2,-1,-1
92,-1,356,107,8,9,0.15,2,-1,-1
93,-1,-1,-1,-1,-1,-1,-1,-1,-1
94,-1,-1,-1,-1,-1,-1,-1,-1,-1
95,-1,-1,-1,-1,-1,-1,-1,-1,-1
96,-1,-1,-1,-1,-1,-1,-1,-1,-1
97,-1,-1,-1,-1,-1,-1,-1,-1,-1
98,-1,-1,-1,-1,-1,-1,-1,-1,-1
99,-1,-1,-1,-1,-1,-1,-1,-1,-1
100,-1,-1,-1,-1,-1,-1,-1,-1,-1
101,-1,-1,-1,-1,-1,-1,-1,-1,-1
102,-1,-1,-1,-1,-1,-1,-1,-1,-1
103,-1,-1,-1,-1,-1,-1,-1,-1,-1
104,-1,-1,-1,-1,-1,-1,-1,-1,-1
105,-1,-1,-1,-1,-1,-1,-1,-1,-1
106,-1,-1,-1,-1,-1,-1,-1,-1,-1
107,-1,-1,-1,-1,-1,-1,-1,-1,-1
108,-1,-1,-1,-1,-1,-1,-1,-1,-1
109,-1,-1,-1,-1,-1,-1,-1,-1,-1
110,-1,-1,-1,-1,-1,-1,-1,-1,-1
111,-1,-1,-1,-1,-1,-1,-1,-1,-1
112,-1,-1,-1,-1,-1,-1,-1,-1,-1
113,-1,-1,-1,-1,-1,-1,-1,-1,-1
114,-1,-1,-1,-1,-1,-1,-1,-1,-1
115,-1,-1,-1,-1,-1,-1,-1,-1,-1
116,-1,-1,-1,-1,-1,-1,-1,-1,-1
117,-1,-1,-1,-1,-1,-1,-1,-1,-1
118,-1,-1,-1,-1,-1,-1,-1,-1,-1
119,-1,-1,-1,-1,-1,-1,-1,-1,-1
120,-1,-1,-1,-1,-1,-1,-1,-1,-1
121,-1,-1,-1,-1,-1,-1,-1,-1,-1
122,-1,-1,-1,-1,-1,-1,-1,-1,-1
123,-1,-1,-1,-1,-1,-1,-1,-1,-1
124,-1,-1,-1,-1,-1,-1,-1,-1,-1
125,-1,-1,-1,-1,-1,-1,-1,-1,-1
126,-1,-1,-1,-1,-1,-1,-1,-1,-1
127,-1,-1,-1,-1,-1,-1,-1,-1,-1
128,-1,-1,-1,-1,-1,-1,-1,-1,-1
129,-1,-1,-1,-1,-1,-1,-1,-1,-1
130,-1,-1,-1,-1,-1,-1,-1,-1,-1
131,-1,-1,-1,-1,-1,-1,-1,-1,-1
132,-1,-1,-1,-1,-1,-1,-1,-1,-1
133,-1,-1,-1,-1,-1,-1,-1,-1,-1
134,-1,-1,-1,-1,-1,-1,-1,-1,-1
135,-1,-1,-1,-1,-1,-1,-1,-1,-1
136,-1,-1,-1,-1,-1,-1,-1,-1,-1
137,-1,-1,-1,-1,-1,-1,-1,-1,-1
138,-1,-1,-1,-1,-1,-1,-1,-1,-1
139,-1,-1,-1,-1,-1,-1,-1,-1,-1
140,-1,-1,-1,-1,-1,-1,-1,-1,-1
141,-1,-1,-1,-1,-1,-1,-1,-1,-1
142,-1,-1,-1,-1,-1,-1,-1,-1,-1
143,-1,-1,-1,-1,-1,-1,-1,-1,-1
144,-1,-1,-1,-1,-1,-1,-1,-1,-1
145,-1,-1,-1,-1,-1,-1,-1,-1,-1
146,-1,-1,-1,-1,-1,-1,-1,-1,-1
147,-1,-1,-1,-1,-1,-1,-1,-1,-1
148,-1,-1,-1,-1,-1,-1,-1,-1,-1
149,-1,-1,-1,-1,-1,-1,-1,-1,-1
150,-1,-1,-1,-1,-1,-1,-1,-1,-1
151,-1,-1,-1,-1,-1,-1,-1,-1,-1
152,-1,-1,-1,-1,-1,-1,-1,-1,-1
153,-1,-1,-1,-1,-1,-1,-1,-1,-1
154,-1,-1,-1,-1,-1,-1,-1,-1,-1
155,-1,-1,-1,-1,-1,-1,-1,-1,-1
156,-1,-1,-1,-1,-1,-1,-1,-1,-1
157,-1,-1,-1,-1,-1,-1,-1,-1,-1
158,-1,-1,-1,-1,-1,-1,-1,-1,-1
159,-1,-1,-1,-1,-1,-1,-1,-1,-1
160,-1,-1,-1,-1,-1,-1,-1,-1,-1
161,-1,-1,-1,-1,-1,-1,-1,-1,-1
162,-1,-1,-1,-1,-1,-1,-1,-1,-1
163,-1,-1,-1,-1,-1,-1,-1,-1,-1
164,-1,-1,-1,-1,-1,-1,-1,-1,-1
165,-1,-1,-1,-1,-1,-1,-1,-1,-1
166,-1,312,103,11,19,0.13,7,-1,-1
167,-1,312,104,11,18,0.44,7,-1,-1
168,-1,312,104,11,18,0.45,7,-1,-1
169,-1,312,105,11,18,0.41,7,-1,-1
170,-1,312,105,11,18,0.41,7,-1,-1
171,-1,311,108,10,16,0.17,2,-1,-1
172,-1,311,109,11,16,0.24,2,-1,-1
173,-1,311,110,11,14,0.37,2,-1,-1
174,-1,311,112,11,13,0.52,2,-1,-1
175,-1,310,113,11,12,0.59,2,-1,-1
176,-1,310,113,11,12,0.58,2,-1,-1
177,-1,310,113,11,13,0.67,2,-1,-1
178,-1,310,114,11,13,0.64,2,-1,-1
179,-1,309,112,12,15,0.62,2,-1,-1
180,-1,309,112,12,15,0.59,2,-1,-1
181,-1,309,114,12,14,0.73,2,-1,-1
182,-1,309,114,12,15,0.72,2,-1,-1
183,-1,309,114,12,14,0.80,2,-1,-1
184,-1,308,114,12,15,0.78,2,-1,-1
185,-1,308,114,13,16,0.75,2,-1,-1
186,-1,308,114,12,16,0.76,2,-1,-1
187,-1,308,114,13,17,0.74,2,-1,-1
188,-1,308,113,13,19,0.58,7,-1,-1
189,-1,308,112,14,19,0.66,7,-1,-1
190,-1,308,112,14,19,0.66,7,-1,-1
191,-1,307,113,13,20,0.64,7,-1,-1
192,-1,307,114,13,20,0.63,7,-1,-1
193,-1,306,114,14,20,0.81,7,-1,-1
194,-1,305,115,14,20,0.78,7,-1,-1
195,-1,305,115,14,20,0.78,7,-1,-1
196,-1,304,116,14,20,0.76,7,-1,-1
197,-1,304,116,14,20,0.76,7,-1,-1
198,-1,303,116,15,21,0.85,7,-1,-1
199,-1,303,116,15,21,0.85,7,-1,-1
200,-1,303,116,15,21,0.84,7,-1,-1
201,-1,303,117,15,21,0.86,7,-1,-1
202,-1,302,118,16,21,0.86,7,-1,-1
203,-1,301,117,17,23,0.87,7,-1,-1
204,-1,301,117,16,23,0.86,7,-1,-1
205,-1,300,116,17,25,0.87,7,-1,-1
206,-1,300,117,17,25,0.87,7,-1,-1
207,-1,300,118,18,25,0.87,7,-1,-1
208,-1,299,117,18,26,0.87,7,-1,-1
209,-1,299,118,18,26,0.87,7,-1,-1
210,-1,299,117,18,28,0.88,7,-1,-1
211,-1,298,120,18,26,0.88,7,-1,-1
212,-1,297,121,19,26,0.88,7,-1,-1
213,-1,297,120,19,26,0.88,7,-1,-1
214,-1,296,120,20,28,0.88,7,-1,-1
215,-1,296,118,20,30,0.88,7,-1,-1
216,-1,295,119,20,31,0.88,7,-1,-1
217,-1,294,119,21,32,0.88,7,-1,-1
218,-1,294,119,21,32,0.88,7,-1,-1
219,-1,293,120,22,33,0.88,7,-1,-1
220,-1,293,119,22,34,0.88,7,-1,-1
221,-1,292,121,22,34,0.89,7,-1,-1
222,-1,292,121,22,34,0.88,7,-1,-1
223,-1,291,121,22,35,0.88,7,-1,-1
224,-1,291,122,22,36,0.88,7,-1,-1
225,-1,290,123,23,36,0.88,7,-1,-1
226,-1,289,123,23,37,0.88,7,-1,-1
227,-1,288,124,24,38,0.88,7,-1,-1
228,-1,288,124,24,38,0.87,7,-1,-1
229,-1,287,126,24,38,0.87,7,-1,-1
230,-1,286,126,24,38,0.87,7,-1,-1
231,-1,285,128,24,40,0.88,7,-1,-1
232,-1,284,128,25,40,0.89,7,-1,-1
233,-1,284,128,26,40,0.89,7,-1,-1
234,-1,283,131,25,40,0.89,7,-1,-1
235,-1,281,132,26,41,0.89,7,-1,-1
236,-1,281,133,26,41,0.89,7,-1,-1
237,-1,280,134,27,41,0.89,7,-1,-1
238,-1,278,134,28,43,0.89,7,-1,-1
239,-1,277,134,29,44,0.90,7,-1,-1
240,-1,276,135,29,46,0.89,7,-1,-1
241,-1,275,135,30,48,0.89,7,-1,-1
242,-1,274,136,30,49,0.90,7,-1,-1
243,-1,272,137,31,50,0.90,7,-1,-1
244,-1,272,138,31,51,0.90,7,-1,-1
245,-1,270,138,32,53,0.91,7,-1,-1
246,-1,268,140,33,54,0.92,7,-1,-1
247,-1,267,142,33,56,0.90,7,-1,-1
248,-1,266,142,34,57,0.90,7,-1,-1
249,-1,264,143,34,58,0.91,7,-1,-1
250,-1,262,146,36,59,0.92,7,-1,-1
251,-1,260,148,37,60,0.90,7,-1,-1
252,-1,258,149,38,62,0.91,7,-1,-1
253,-1,255,151,40,63,0.92,7,-1,-1
254,-1,253,152,42,66,0.92,7,-1,-1
255,-1,251,153,42,68,0.93,7,-1,-1
256,-1,248,156,44,69,0.92,7,-1,-1
257,-1,246,157,44,72,0.92,7,-1,-1
258,-1,243,159,47,74,0.92,7,-1,-1
259,-1,241,160,48,77,0.90,7,-1,-1
260,-1,237,163,50,80,0.92,7,-1,-1
261,-1,232,166,52,84,0.92,7,-1,-1
262,-1,230,168,54,86,0.93,7,-1,-1
263,-1,225,170,56,92,0.92,7,-1,-1
264,-1,222,173,58,94,0.91,7,-1,-1
265,-1,217,176,61,99,0.93,7,-1,-1
266,-1,214,178,63,103,0.93,7,-1,-1
267,-1,207,182,67,109,0.92,7,-1,-1
268,-1,203,185,69,113,0.93,7,-1,-1
269,-1,196,190,73,120,0.93,7,-1,-1
270,-1,192,192,76,126,0.93,7,-1,-1
271,-1,183,197,82,133,0.94,7,-1,-1
272,-1,178,201,85,140,0.93,7,-1,-1
273,-1,169,207,91,150,0.94,7,-1,-1
274,-1,161,210,96,158,0.94,7,-1,-1
275,-1,150,218,102,170,0.94,7,-1,-1
276,-1,142,222,108,180,0.93,7,-1,-1
277,-1,134,227,112,191,0.94,7,-1,-1
278,-1,119,236,123,211,0.92,7,-1,-1
279,-1,107,242,131,224,0.91,7,-1,-1
280,-1,88,252,144,246,0.90,7,-1,-1
281,-1,66,265,158,267,0.91,7,-1,-1
282,-1,-1,-1,-1,-1,-1,-1,-1,-1
283,-1,-1,-1,-1,-1,-1,-1,-1,-1
284,-1,-1,-1,-1,-1,-1,-1,-1,-1
285,-1,-1,-1,-1,-1,-1,-1,-1,-1
286,-1,-1,-1,-1,-1,-1,-1,-1,-1
287,-1,-1,-1,-1,-1,-1,-1,-1,-1
288,-1,-1,-1,-1,-1,-1,-1,-1,-1
289,-1,-1,-1,-1,-1,-1,-1,-1,-1
290,-1,-1,-1,-1,-1,-1,-1,-1,-1
291,-1,-1,-1,-1,-1,-1,-1,-1,-1
292,-1,-1,-1,-1,-1,-1,-1,-1,-1
293,-1,-1,-1,-1,-1,-1,-1,-1,-1
294,-1,-1,-1,-1,-1,-1,-1,-1,-1
295,-1,-1,-1,-1,-1,-1,-1,-1,-1
296,-1,-1,-1,-1,-1,-1,-1,-1,-1
297,-1,326,111,8,9,0.46,2,-1,-1
298,-1,326,111,8,9,0.47,2,-1,-1
299,-1,326,111,8,9,0.46,2,-1,-1
300,-1,326,110,8,10,0.51,2,-1,-1
301,-1,326,111,8,10,0.62,2,-1,-1
302,-1,325,110,8,11,0.38,2,-1,-1
303,-1,325,112,8,10,0.34,2,-1,-1
304,-1,325,112,8,9,0.31,2,-1,-1
305,-1,324,113,9,10,0.54,2,-1,-1
306,-1,325,114,9,10,0.55,2,-1,-1
306,-1,312,100,10,17,0.14,7,-1,-1
307,-1,325,114,9,10,0.55,2,-1,-1
308,-1,325,114,9,10,0.66,2,-1,-1
308,-1,312,102,10,16,0.15,7,-1,-1
309,-1,325,115,9,10,0.72,2,-1,-1
309,-1,311,101,11,18,0.24,7,-1,-1
310,-1,325,116,9,10,0.67,2,-1,-1
310,-1,311,101,10,18,0.14,7,-1,-1
311,-1,324,116,10,10,0.78,2,-1,-1
311,-1,311,102,10,19,0.12,7,-1,-1
312,-1,324,116,10,11,0.80,2,-1,-1
313,-1,324,116,10,11,0.82,2,-1,-1
313,-1,310,99,12,22,0.26,7,-1,-1
314,-1,324,117,10,11,0.82,2,-1,-1
314,-1,310,99,12,22,0.25,7,-1,-1
315,-1,324,118,10,12,0.80,2,-1,-1
315,-1,310,99,12,23,0.25,7,-1,-1
316,-1,324,117,10,11,0.80,2,-1,-1
316,-1,310,99,12,23,0.24,7,-1,-1
317,-1,324,118,10,12,0.78,2,-1,-1
317,-1,310,102,12,22,0.50,7,-1,-1
318,-1,324,118,10,12,0.78,2,-1,-1
318,-1,309,104,12,20,0.52,7,-1,-1
319,-1,324,119,10,11,0.77,2,-1,-1
319,-1,308,106,12,18,0.42,7,-1,-1
320,-1,323,119,10,12,0.80,2,-1,-1
320,-1,308,107,11,17,0.41,2,-1,-1
321,-1,323,120,10,12,0.77,2,-1,-1
321,-1,308,106,11,19,0.44,7,-1,-1
322,-1,322,120,11,12,0.81,2,-1,-1
322,-1,308,107,12,19,0.64,7,-1,-1
323,-1,322,120,11,13,0.86,2,-1,-1
323,-1,308,107,12,18,0.61,7,-1,-1
324,-1,322,121,11,13,0.86,2,-1,-1
324,-1,308,107,12,19,0.69,7,-1,-1
325,-1,322,121,11,13,0.85,2,-1,-1
325,-1,308,107,12,19,0.67,7,-1,-1
326,-1,322,122,11,13,0.85,2,-1,-1
326,-1,308,108,12,18,0.58,7,-1,-1
327,-1,322,122,11,14,0.84,2,-1,-1
327,-1,307,110,13,17,0.49,7,-1,-1
328,-1,322,123,11,13,0.84,2,-1,-1
328,-1,307,111,13,17,0.53,2,-1,-1
329,-1,322,124,11,13,0.84,2,-1,-1
329,-1,307,111,13,17,0.53,2,-1,-1
330,-1,320,124,12,14,0.84,2,-1,-1
330,-1,306,111,13,17,0.51,7,-1,-1
331,-1,320,126,12,13,0.85,2,-1,-1
331,-1,305,112,14,18,0.76,7,-1,-1
332,-1,320,126,12,14,0.84,2,-1,-1
332,-1,304,112,14,19,0.77,7,-1,-1
333,-1,320,127,12,14,0.85,2,-1,-1
333,-1,304,112,15,19,0.78,7,-1,-1
334,-1,320,127,12,14,0.86,2,-1,-1
334,-1,304,112,14,19,0.77,7,-1,-1
335,-1,320,128,12,14,0.87,2,-1,-1
335,-1,304,112,15,20,0.83,7,-1,-1
336,-1,320,128,12,15,0.87,2,-1,-1
336,-1,303,113,15,20,0.81,7,-1,-1
336,-1,314,99,10,16,0.16,7,-1,-1
337,-1,319,129,13,15,0.88,2,-1,-1
337,-1,303,114,15,19,0.72,7,-1,-1
337,-1,314,98,10,16,0.18,7,-1,-1
338,-1,319,130,13,15,0.88,2,-1,-1
338,-1,302,114,16,20,0.74,7,-1,-1
338,-1,314,98,10,16,0.19,7,-1,-1
339,-1,318,131,14,16,0.88,2,-1,-1
339,-1,302,114,16,20,0.84,7,-1,-1
339,-1,314,99,11,16,0.24,7,-1,-1
340,-1,318,132,13,16,0.87,2,-1,-1
340,-1,302,114,16,20,0.86,7,-1,-1
340,-1,314,99,10,17,0.18,7,-1,-1
341,-1,302,114,16,21,0.87,7,-1,-1
341,-1,318,133,13,16,0.87,2,-1,-1
341,-1,314,99,10,16,0.19,7,-1,-1
342,-1,301,114,16,22,0.88,7,-1,-1
342,-1,318,134,13,16,0.86,2,-1,-1
342,-1,313,99,11,17,0.21,7,-1,-1
343,-1,318,135,13,16,0.87,2,-1,-1
343,-1,301,115,16,21,0.86,7,-1,-1
343,-1,313,99,12,17,0.35,7,-1,-1
344,-1,317,136,14,16,0.87,2,-1,-1
344,-1,300,115,16,22,0.87,7,-1,-1
344,-1,312,99,12,17,0.22,7,-1,-1
345,-1,300,115,17,22,0.88,7,-1,-1
345,-1,317,137,14,16,0.87,2,-1,-1
345,-1,312,99,12,17,0.18,7,-1,-1
346,-1,300,116,17,23,0.88,7,-1,-1
346,-1,317,138,14,17,0.88,2,-1,-1
346,-1,312,99,12,18,0.17,7,-1,-1
347,-1,316,138,14,18,0.87,2,-1,-1
347,-1,299,116,18,22,0.87,7,-1,-1
347,-1,311,100,12,17,0.43,7,-1,-1
348,-1,316,139,14,18,0.87,2,-1,-1
348,-1,299,116,18,23,0.87,7,-1,-1
348,-1,312,100,11,18,0.34,7,-1,-1
349,-1,316,141,14,17,0.87,2,-1,-1
349,-1,298,117,18,24,0.86,7,-1,-1
349,-1,311,100,12,20,0.60,7,-1,-1
350,-1,315,142,14,17,0.87,2,-1,-1
350,-1,298,117,18,24,0.87,7,-1,-1
350,-1,311,100,12,20,0.59,7,-1,-1
351,-1,298,117,19,25,0.88,7,-1,-1
351,-1,315,144,14,18,0.87,2,-1,-1
351,-1,311,101,12,20,0.61,7,-1,-1
352,-1,298,117,19,26,0.88,7,-1,-1
352,-1,314,144,15,19,0.86,2,-1,-1
352,-1,311,101,12,20,0.44,7,-1,-1
353,-1,537,429,80,81,0.92,2,-1,-1
353,-1,298,117,19,26,0.88,7,-1,-1
353,-1,314,146,16,19,0.87,2,-1,-1
353,-1,311,101,12,20,0.46,7,-1,-1
354,-1,524,404,75,75,0.92,2,-1,-1
354,-1,297,118,20,26,0.88,7,-1,-1
354,-1,314,147,15,20,0.87,2,-1,-1
354,-1,311,102,12,20,0.39,7,-1,-1
355,-1,508,372,68,66,0.93,2,-1,-1
355,-1,296,118,20,27,0.88,7,-1,-1
355,-1,312,150,16,19,0.88,2,-1,-1
355,-1,311,103,12,19,0.32,7,-1,-1
356,-1,499,352,62,63,0.92,2,-1,-1
356,-1,296,119,20,27,0.88,7,-1,-1
356,-1,313,151,16,19,0.88,2,-1,-1
356,-1,311,104,12,19,0.39,7,-1,-1
357,-1,490,336,58,58,0.92,2,-1,-1
357,-1,296,120,20,27,0.88,7,-1,-1
357,-1,312,152,16,20,0.85,2,-1,-1
357,-1,310,106,12,17,0.45,7,-1,-1
358,-1,479,315,52,53,0.91,2,-1,-1
358,-1,295,120,21,28,0.88,7,-1,-1
358,-1,312,154,16,21,0.87,2,-1,-1
358,-1,310,106,12,17,0.56,7,-1,-1
359,-1,472,302,49,49,0.91,2,-1,-1
359,-1,311,155,16,22,0.88,2,-1,-1
359,-1,294,120,21,28,0.88,7,-1,-1
359,-1,310,107,12,17,0.60,7,-1,-1
360,-1,462,286,46,44,0.91,2,-1,-1
360,-1,310,157,17,22,0.87,2,-1,-1
360,-1,294,121,21,28,0.87,7,-1,-1
360,-1,309,106,12,18,0.75,7,-1,-1
361,-1,457,275,44,43,0.91,2,-1,-1
361,-1,294,121,21,28,0.88,7,-1,-1
361,-1,310,159,16,22,0.86,2,-1,-1
361,-1,309,105,13,20,0.84,7,-1,-1
362,-1,450,262,41,40,0.90,2,-1,-1
362,-1,309,162,17,22,0.88,2,-1,-1
362,-1,293,122,21,29,0.88,7,-1,-1
362,-1,308,105,13,21,0.82,7,-1,-1
363,-1,308,163,17,22,0.90,2,-1,-1
363,-1,445,254,39,38,0.90,2,-1,-1
363,-1,293,122,22,30,0.88,7,-1,-1
363,-1,308,105,13,21,0.81,7,-1,-1
364,-1,439,243,36,36,0.90,2,-1,-1
364,-1,292,124,22,30,0.89,7,-1,-1
364,-1,308,166,18,24,0.87,2,-1,-1
364,-1,308,105,14,22,0.80,7,-1,-1
365,-1,433,234,34,33,0.90,2,-1,-1
365,-1,306,169,19,24,0.89,2,-1,-1
365,-1,291,124,22,30,0.88,7,-1,-1
365,-1,307,105,14,22,0.82,7,-1,-1
366,-1,305,170,20,24,0.90,2,-1,-1
366,-1,430,228,33,32,0.90,2,-1,-1
366,-1,290,125,23,30,0.88,7,-1,-1
366,-1,306,105,15,22,0.83,7,-1,-1
367,-1,426,220,30,30,0.88,2,-1,-1
367,-1,304,174,20,26,0.87,2,-1,-1
367,-1,290,126,23,31,0.87,7,-1,-1
367,-1,306,105,16,23,0.86,7,-1,-1
368,-1,303,176,20,26,0.89,2,-1,-1
368,-1,424,215,29,30,0.89,2,-1,-1
368,-1,306,105,16,24,0.87,7,-1,-1
368,-1,288,126,24,32,0.86,7,-1,-1
369,-1,302,178,21,27,0.90,2,-1,-1
369,-1,420,210,29,28,0.88,2,-1,-1
369,-1,288,126,24,32,0.86,7,-1,-1
369,-1,306,106,16,23,0.85,7,-1,-1
370,-1,302,182,21,28,0.89,2,-1,-1
370,-1,417,204,27,27,0.89,2,-1,-1
370,-1,288,127,24,33,0.86,7,-1,-1
370,-1,306,106,16,24,0.86,7,-1,-1
371,-1,300,185,22,29,0.89,2,-1,-1
371,-1,413,198,26,26,0.87,2,-1,-1
371,-1,287,128,24,34,0.87,7,-1,-1
371,-1,305,106,16,24,0.86,7,-1,-1
372,-1,412,194,25,27,0.90,2,-1,-1
372,-1,298,188,23,30,0.89,2,-1,-1
372,-1,286,129,24,34,0.88,7,-1,-1
372,-1,304,107,16,24,0.85,7,-1,-1
373,-1,285,129,26,35,0.88,7,-1,-1
373,-1,296,192,24,31,0.88,2,-1,-1
373,-1,409,189,23,24,0.87,2,-1,-1
373,-1,304,107,17,25,0.86,7,-1,-1
374,-1,284,130,26,36,0.89,7,-1,-1
374,-1,295,195,24,33,0.89,2,-1,-1
374,-1,407,186,23,24,0.89,2,-1,-1
374,-1,304,107,16,25,0.85,7,-1,-1
375,-1,283,131,27,38,0.90,7,-1,-1
375,-1,292,201,26,34,0.90,2,-1,-1
375,-1,403,183,22,22,0.87,2,-1,-1
375,-1,304,107,17,26,0.84,7,-1,-1
376,-1,292,204,26,36,0.90,2,-1,-1
376,-1,282,132,27,37,0.90,7,-1,-1
376,-1,402,179,22,23,0.88,2,-1,-1
376,-1,304,107,17,26,0.84,7,-1,-1
377,-1,290,208,27,36,0.90,2,-1,-1
377,-1,282,132,28,38,0.89,7,-1,-1
377,-1,401,177,22,22,0.87,2,-1,-1
377,-1,303,108,17,26,0.84,7,-1,-1
378,-1,288,214,28,38,0.90,2,-1,-1
378,-1,280,133,28,39,0.89,7,-1,-1
378,-1,398,173,20,21,0.88,2,-1,-1
378,-1,303,108,17,26,0.84,7,-1,-1
379,-1,285,221,29,41,0.90,2,-1,-1
379,-1,280,134,28,40,0.89,7,-1,-1
379,-1,396,170,20,21,0.89,2,-1,-1
379,-1,302,109,17,26,0.85,7,-1,-1
380,-1,283,226,30,43,0.90,2,-1,-1
380,-1,279,135,29,41,0.89,7,-1,-1
380,-1,395,167,20,21,0.86,2,-1,-1
380,-1,302,110,17,26,0.85,7,-1,-1
381,-1,281,232,32,44,0.89,2,-1,-1
381,-1,278,136,30,41,0.89,7,-1,-1
381,-1,393,165,20,21,0.88,2,-1,-1
381,-1,302,110,18,26,0.83,7,-1,-1
382,-1,277,240,34,48,0.91,2,-1,-1
382,-1,276,137,30,42,0.91,7,-1,-1
382,-1,392,162,20,20,0.88,2,-1,-1
382,-1,302,112,17,24,0.82,7,-1,-1
383,-1,274,250,34,52,0.91,2,-1,-1
383,-1,275,138,31,43,0.89,7,-1,-1
383,-1,390,160,19,19,0.87,2,-1,-1
383,-1,300,112,18,26,0.84,7,-1,-1
384,-1,272,256,36,55,0.91,2,-1,-1
384,-1,274,139,32,44,0.89,7,-1,-1
384,-1,388,158,19,19,0.87,2,-1,-1
384,-1,299,111,19,27,0.85,7,-1,-1
385,-1,266,270,39,58,0.91,2,-1,-1
385,-1,272,141,33,45,0.90,7,-1,-1
385,-1,387,156,18,18,0.87,2,-1,-1
385,-1,298,111,20,28,0.84,7,-1,-1
386,-1,263,278,41,61,0.92,2,-1,-1
386,-1,270,141,34,47,0.90,7,-1,-1
386,-1,386,154,18,18,0.89,2,-1,-1
386,-1,298,112,20,28,0.85,7,-1,-1
387,-1,258,292,44,68,0.92,2,-1,-1
387,-1,269,143,34,48,0.90,7,-1,-1
387,-1,385,152,17,18,0.87,2,-1,-1
387,-1,298,111,20,29,0.86,7,-1,-1
388,-1,254,304,45,72,0.94,2,-1,-1
388,-1,268,144,35,48,0.90,7,-1,-1
388,-1,384,151,17,17,0.87,2,-1,-1
388,-1,298,111,20,30,0.86,7,-1,-1
389,-1,246,323,50,80,0.93,2,-1,-1
389,-1,266,146,36,49,0.91,7,-1,-1
389,-1,297,112,21,30,0.86,7,-1,-1
389,-1,383,150,17,16,0.85,2,-1,-1
390,-1,240,337,54,87,0.92,2,-1,-1
390,-1,264,147,37,51,0.90,7,-1,-1
390,-1,297,112,21,30,0.86,7,-1,-1
390,-1,382,148,16,16,0.85,2,-1,-1
391,-1,231,362,58,97,0.93,2,-1,-1
391,-1,262,150,38,51,0.92,7,-1,-1
391,-1,296,113,21,30,0.88,7,-1,-1
391,-1,382,146,16,16,0.88,2,-1,-1
392,-1,224,382,63,106,0.93,2,-1,-1
392,-1,261,152,38,52,0.92,7,-1,-1
392,-1,381,145,15,16,0.88,2,-1,-1
392,-1,296,113,21,31,0.87,7,-1,-1
393,-1,216,404,66,117,0.93,2,-1,-1
393,-1,259,152,39,54,0.91,7,-1,-1
393,-1,296,114,22,31,0.88,7,-1,-1
393,-1,380,144,15,15,0.88,2,-1,-1
394,-1,256,154,40,56,0.91,7,-1,-1
394,-1,295,115,22,31,0.88,7,-1,-1
394,-1,379,143,15,15,0.86,2,-1,-1
395,-1,253,157,42,58,0.90,7,-1,-1
395,-1,294,115,22,32,0.88,7,-1,-1
395,-1,378,141,15,14,0.85,2,-1,-1
396,-1,253,158,42,58,0.90,7,-1,-1
396,-1,294,116,23,32,0.88,7,-1,-1
396,-1,378,141,15,14,0.85,2,-1,-1
397,-1,249,161,44,62,0.92,7,-1,-1
397,-1,292,116,24,34,0.89,7,-1,-1
397,-1,376,138,15,14,0.86,2,-1,-1
398,-1,247,163,45,63,0.92,7,-1,-1
398,-1,292,116,25,34,0.89,7,-1,-1
398,-1,376,138,15,14,0.85,2,-1,-1
399,-1,244,166,47,65,0.91,7,-1,-1
399,-1,291,117,25,35,0.88,7,-1,-1
399,-1,375,136,15,14,0.85,2,-1,-1
400,-1,241,167,48,67,0.92,7,-1,-1
400,-1,290,117,26,36,0.88,7,-1,-1
400,-1,374,136,15,14,0.85,2,-1,-1
401,-1,239,169,49,69,0.91,7,-1,-1
401,-1,290,117,26,36,0.88,7,-1,-1
401,-1,374,135,14,14,0.85,2,-1,-1
402,-1,235,172,52,72,0.91,7,-1,-1
402,-1,288,117,27,38,0.89,7,-1,-1
402,-1,374,134,14,14,0.85,2,-1,-1
403,-1,232,174,54,74,0.91,7,-1,-1
403,-1,288,118,28,38,0.89,7,-1,-1
403,-1,372,133,14,13,0.85,2,-1,-1
404,-1,227,178,57,78,0.92,7,-1,-1
404,-1,286,118,28,39,0.89,7,-1,-1
404,-1,372,132,14,13,0.85,2,-1,-1
405,-1,224,180,59,82,0.91,7,-1,-1
405,-1,286,119,28,39,0.88,7,-1,-1
405,-1,372,130,14,14,0.86,2,-1,-1
406,-1,219,184,61,86,0.92,7,-1,-1
406,-1,286,120,29,40,0.89,7,-1,-1
406,-1,372,130,14,13,0.86,2,-1,-1
407,-1,216,187,63,90,0.93,7,-1,-1
407,-1,284,120,30,41,0.89,7,-1,-1
407,-1,371,129,14,13,0.85,2,-1,-1
408,-1,209,191,68,95,0.92,7,-1,-1
408,-1,284,121,30,42,0.90,7,-1,-1
408,-1,370,128,14,13,0.83,2,-1,-1
409,-1,202,196,70,101,0.93,7,-1,-1
409,-1,283,122,30,43,0.89,7,-1,-1
409,-1,370,126,13,12,0.81,2,-1,-1
410,-1,198,199,74,106,0.93,7,-1,-1
410,-1,282,122,30,44,0.89,7,-1,-1
410,-1,370,126,13,12,0.81,2,-1,-1
411,-1,192,202,78,111,0.93,7,-1,-1
411,-1,282,123,30,44,0.89,7,-1,-1
411,-1,369,126,12,12,0.82,2,-1,-1
412,-1,184,208,82,118,0.93,7,-1,-1
412,-1,280,124,31,45,0.89,7,-1,-1
412,-1,369,125,12,12,0.84,2,-1,-1
413,-1,178,212,86,124,0.94,7,-1,-1
413,-1,280,125,32,45,0.90,7,-1,-1
413,-1,368,124,12,12,0.85,2,-1,-1
414,-1,168,218,94,134,0.93,7,-1,-1
414,-1,278,126,32,46,0.89,7,-1,-1
414,-1,368,124,12,12,0.85,2,-1,-1
415,-1,156,226,102,145,0.94,7,-1,-1
415,-1,277,126,33,48,0.90,7,-1,-1
415,-1,368,122,12,12,0.85,2,-1,-1
416,-1,150,232,106,154,0.94,7,-1,-1
416,-1,275,128,34,48,0.90,7,-1,-1
416,-1,367,122,12,12,0.85,2,-1,-1
417,-1,136,241,116,168,0.93,7,-1,-1
417,-1,274,129,34,49,0.90,7,-1,-1
417,-1,367,122,12,12,0.85,2,-1,-1
418,-1,125,246,125,181,0.93,7,-1,-1
418,-1,273,130,36,50,0.91,7,-1,-1
418,-1,366,121,11,12,0.83,2,-1,-1
419,-1,496,291,126,170,0.93,7,-1,-1
419,-1,106,256,138,200,0.92,7,-1,-1
419,-1,271,130,36,53,0.91,7,-1,-1
419,-1,366,121,11,11,0.83,2,-1,-1
420,-1,488,278,117,160,0.93,7,-1,-1
420,-1,270,131,37,53,0.91,7,-1,-1
420,-1,93,264,147,214,0.91,7,-1,-1
420,-1,366,120,11,11,0.80,2,-1,-1
421,-1,477,263,106,144,0.93,7,-1,-1
421,-1,269,132,38,56,0.92,7,-1,-1
421,-1,72,272,164,247,0.89,7,-1,-1
421,-1,366,120,10,11,0.79,2,-1,-1
422,-1,470,254,100,134,0.92,7,-1,-1
422,-1,268,133,39,56,0.91,7,-1,-1
422,-1,366,120,10,11,0.79,2,-1,-1
423,-1,463,242,90,124,0.93,7,-1,-1
423,-1,266,134,40,58,0.91,7,-1,-1
423,-1,366,119,10,10,0.79,2,-1,-1
424,-1,458,236,85,116,0.92,7,-1,-1
424,-1,265,136,40,59,0.91,7,-1,-1
424,-1,366,119,10,11,0.79,2,-1,-1
425,-1,450,226,80,108,0.92,7,-1,-1
425,-1,263,137,41,61,0.91,7,-1,-1
425,-1,364,119,10,10,0.78,2,-1,-1
426,-1,446,220,76,102,0.93,7,-1,-1
426,-1,262,138,42,62,0.90,7,-1,-1
426,-1,364,118,10,10,0.76,2,-1,-1
427,-1,441,212,70,95,0.92,7,-1,-1
427,-1,259,139,44,64,0.92,7,-1,-1
427,-1,364,118,10,10,0.70,2,-1,-1
428,-1,438,207,66,90,0.92,7,-1,-1
428,-1,257,141,45,66,0.91,7,-1,-1
428,-1,364,118,10,10,0.71,2,-1,-1
429,-1,434,202,63,86,0.92,7,-1,-1
429,-1,256,142,46,68,0.92,7,-1,-1
429,-1,363,117,10,10,0.68,2,-1,-1
430,-1,253,144,48,70,0.92,7,-1,-1
430,-1,430,196,59,82,0.91,7,-1,-1
430,-1,363,117,10,10,0.68,2,-1,-1
431,-1,251,145,49,72,0.91,7,-1,-1
431,-1,427,192,57,79,0.91,7,-1,-1
431,-1,363,116,10,10,0.66,2,-1,-1
432,-1,248,147,52,75,0.92,7,-1,-1
432,-1,423,186,54,75,0.91,7,-1,-1
432,-1,362,115,10,10,0.70,2,-1,-1
432,-1,323,117,9,9,0.34,2,-1,-1
433,-1,246,148,52,77,0.92,7,-1,-1
433,-1,420,182,52,72,0.92,7,-1,-1
433,-1,362,114,10,10,0.70,2,-1,-1
433,-1,323,117,10,9,0.48,2,-1,-1
434,-1,243,150,55,80,0.92,7,-1,-1
434,-1,416,178,50,69,0.92,7,-1,-1
434,-1,362,114,10,10,0.70,2,-1,-1
434,-1,322,118,10,10,0.59,2,-1,-1
435,-1,238,152,58,84,0.91,7,-1,-1
435,-1,413,175,48,64,0.91,7,-1,-1
435,-1,322,119,10,10,0.80,2,-1,-1
435,-1,362,114,9,10,0.67,2,-1,-1
436,-1,236,154,59,86,0.92,7,-1,-1
436,-1,412,172,46,64,0.92,7,-1,-1
436,-1,322,119,10,10,0.81,2,-1,-1
436,-1,361,113,9,9,0.60,2,-1,-1
437,-1,232,156,61,91,0.93,7,-1,-1
437,-1,408,168,44,60,0.92,7,-1,-1
437,-1,321,120,10,10,0.77,2,-1,-1
437,-1,361,113,9,9,0.61,2,-1,-1
438,-1,229,158,63,94,0.92,7,-1,-1
438,-1,407,166,42,59,0.91,7,-1,-1
438,-1,321,120,10,10,0.77,2,-1,-1
438,-1,360,113,9,9,0.63,2,-1,-1
439,-1,404,162,40,56,0.93,7,-1,-1
439,-1,224,161,65,99,0.92,7,-1,-1
439,-1,322,121,10,11,0.79,2,-1,-1
439,-1,360,113,9,9,0.62,2,-1,-1
440,-1,220,163,68,103,0.92,7,-1,-1
440,-1,402,160,40,56,0.91,7,-1,-1
440,-1,321,122,10,10,0.80,2,-1,-1
440,-1,360,112,9,9,0.64,2,-1,-1
441,-1,215,166,72,109,0.93,7,-1,-1
441,-1,400,157,38,53,0.91,7,-1,-1
441,-1,321,122,10,11,0.82,2,-1,-1
441,-1,360,111,8,10,0.69,2,-1,-1
442,-1,211,169,76,112,0.93,7,-1,-1
442,-1,400,156,37,52,0.92,7,-1,-1
442,-1,320,123,11,12,0.80,2,-1,-1
442,-1,360,111,8,10,0.68,2,-1,-1
443,-1,205,172,79,120,0.93,7,-1,-1
443,-1,398,153,36,50,0.91,7,-1,-1
443,-1,320,124,10,11,0.80,2,-1,-1
443,-1,360,110,8,9,0.68,2,-1,-1
444,-1,200,175,82,126,0.93,7,-1,-1
444,-1,397,151,34,48,0.90,7,-1,-1
444,-1,320,124,11,11,0.83,2,-1,-1
444,-1,360,110,8,9,0.68,2,-1,-1
445,-1,192,178,89,134,0.94,7,-1,-1
445,-1,394,149,34,47,0.90,7,-1,-1
445,-1,320,126,11,11,0.82,2,-1,-1
445,-1,359,110,8,9,0.64,2,-1,-1
446,-1,187,181,92,140,0.94,7,-1,-1
446,-1,392,147,34,46,0.90,7,-1,-1
446,-1,320,126,11,11,0.84,2,-1,-1
446,-1,359,110,8,9,0.64,2,-1,-1
447,-1,181,184,96,147,0.93,7,-1,-1
447,-1,391,146,34,46,0.90,7,-1,-1
447,-1,320,126,11,11,0.84,2,-1,-1
447,-1,358,109,9,9,0.58,2,-1,-1
448,-1,171,190,104,158,0.93,7,-1,-1
448,-1,389,144,32,44,0.89,7,-1,-1
448,-1,319,127,12,11,0.83,2,-1,-1
448,-1,358,109,9,9,0.52,2,-1,-1
449,-1,165,193,109,166,0.94,7,-1,-1
449,-1,388,142,32,44,0.89,7,-1,-1
449,-1,319,128,12,11,0.80,2,-1,-1
449,-1,358,109,9,9,0.52,2,-1,-1
450,-1,152,199,118,182,0.93,7,-1,-1
450,-1,386,140,31,43,0.89,7,-1,-1
450,-1,318,129,13,12,0.86,2,-1,-1
450,-1,358,108,8,9,0.51,2,-1,-1
451,-1,145,204,122,192,0.93,7,-1,-1
451,-1,386,139,30,42,0.89,7,-1,-1
451,-1,318,129,13,13,0.87,2,-1,-1
451,-1,358,108,8,9,0.50,2,-1,-1
452,-1,130,210,134,212,0.93,7,-1,-1
452,-1,385,137,30,41,0.90,7,-1,-1
452,-1,318,130,13,13,0.87,2,-1,-1
452,-1,358,107,8,9,0.38,2,-1,-1
453,-1,112,219,147,234,0.90,7,-1,-1
453,-1,384,136,29,40,0.89,7,-1,-1
453,-1,316,132,14,13,0.87,2,-1,-1
453,-1,358,108,8,8,0.39,2,-1,-1
454,-1,98,223,157,252,0.90,7,-1,-1
454,-1,384,135,28,39,0.89,7,-1,-1
454,-1,317,132,14,14,0.86,2,-1,-1
454,-1,357,107,8,8,0.25,2,-1,-1
455,-1,80,234,171,280,0.92,7,-1,-1
455,-1,382,134,28,38,0.88,7,-1,-1
455,-1,316,132,14,16,0.85,2,-1,-1
455,-1,357,107,8,8,0.25,2,-1,-1
456,-1,67,238,178,296,0.92,7,-1,-1
456,-1,382,133,27,37,0.88,7,-1,-1
456,-1,316,133,14,15,0.86,2,-1,-1
457,-1,381,132,26,37,0.89,7,-1,-1
457,-1,316,134,14,14,0.85,2,-1,-1
458,-1,381,130,25,37,0.89,7,-1,-1
458,-1,315,136,14,16,0.85,2,-1,-1
459,-1,381,129,23,36,0.89,7,-1,-1
459,-1,314,137,16,16,0.82,2,-1,-1
460,-1,380,129,22,35,0.88,7,-1,-1
460,-1,314,138,15,16,0.83,2,-1,-1
461,-1,380,127,22,34,0.88,7,-1,-1
461,-1,312,141,16,16,0.82,2,-1,-1
462,-1,378,127,22,33,0.86,7,-1,-1
462,-1,312,142,16,16,0.82,2,-1,-1
463,-1,376,126,22,32,0.87,7,-1,-1
463,-1,312,144,16,15,0.83,2,-1,-1
464,-1,376,125,22,32,0.88,7,-1,-1
464,-1,312,146,15,15,0.84,2,-1,-1
464,-1,354,105,8,9,0.10,2,-1,-1
465,-1,376,125,22,30,0.88,7,-1,-1
465,-1,310,149,16,14,0.83,2,-1,-1
465,-1,354,105,8,9,0.11,2,-1,-1
466,-1,375,123,21,31,0.88,7,-1,-1
466,-1,310,150,16,15,0.84,2,-1,-1
467,-1,373,122,22,31,0.88,7,-1,-1
467,-1,309,154,16,14,0.86,2,-1,-1
467,-1,354,104,8,8,0.12,2,-1,-1
468,-1,372,121,22,31,0.87,7,-1,-1
468,-1,308,154,17,16,0.86,2,-1,-1
468,-1,354,104,8,8,0.12,2,-1,-1
469,-1,372,120,21,30,0.87,7,-1,-1
469,-1,307,158,16,16,0.85,2,-1,-1
470,-1,372,120,21,30,0.87,7,-1,-1
470,-1,307,160,17,16,0.87,2,-1,-1
471,-1,372,119,20,29,0.87,7,-1,-1
471,-1,306,162,18,17,0.86,2,-1,-1
472,-1,305,165,18,16,0.86,2,-1,-1
472,-1,371,119,20,28,0.86,7,-1,-1
473,-1,303,167,19,18,0.87,2,-1,-1
473,-1,371,119,19,27,0.84,7,-1,-1
474,-1,302,169,20,19,0.86,2,-1,-1
474,-1,370,119,20,27,0.82,7,-1,-1
475,-1,302,173,20,20,0.87,2,-1,-1
475,-1,370,119,20,26,0.62,7,-1,-1
476,-1,300,176,20,20,0.87,2,-1,-1
476,-1,368,119,20,25,0.52,2,-1,-1
477,-1,299,178,21,21,0.88,2,-1,-1
477,-1,368,118,19,26,0.73,7,-1,-1
478,-1,298,183,22,21,0.86,2,-1,-1
478,-1,368,118,18,24,0.57,7,-1,-1
479,-1,296,186,23,22,0.88,2,-1,-1
479,-1,368,115,18,26,0.84,7,-1,-1
480,-1,294,190,24,24,0.86,2,-1,-1
480,-1,367,115,18,25,0.84,7,-1,-1
481,-1,292,195,25,25,0.89,2,-1,-1
481,-1,368,116,17,24,0.62,7,-1,-1
482,-1,290,199,26,26,0.88,2,-1,-1
482,-1,367,116,17,22,0.60,2,-1,-1
483,-1,288,203,26,27,0.89,2,-1,-1
483,-1,367,116,16,22,0.68,2,-1,-1
484,-1,286,209,27,29,0.88,2,-1,-1
484,-1,366,115,16,22,0.66,2,-1,-1
485,-1,284,218,28,30,0.89,2,-1,-1
485,-1,366,114,16,23,0.73,7,-1,-1
486,-1,282,223,30,32,0.88,2,-1,-1
486,-1,366,114,16,22,0.73,7,-1,-1
487,-1,276,233,34,34,0.90,2,-1,-1
487,-1,366,114,15,21,0.78,2,-1,-1
488,-1,274,240,34,37,0.90,2,-1,-1
488,-1,366,114,14,20,0.80,2,-1,-1
489,-1,272,253,35,40,0.90,2,-1,-1
489,-1,365,112,15,21,0.78,2,-1,-1
490,-1,268,262,36,42,0.90,2,-1,-1
490,-1,365,112,14,20,0.82,2,-1,-1
491,-1,260,277,42,46,0.91,2,-1,-1
491,-1,364,112,14,20,0.79,2,-1,-1
492,-1,257,288,43,50,0.91,2,-1,-1
492,-1,364,112,14,20,0.79,2,-1,-1
493,-1,254,301,44,54,0.91,2,-1,-1
493,-1,364,112,15,20,0.76,2,-1,-1
494,-1,244,322,50,61,0.92,2,-1,-1
494,-1,363,112,14,19,0.72,2,-1,-1
495,-1,231,348,57,71,0.93,2,-1,-1
495,-1,363,112,14,19,0.73,2,-1,-1
496,-1,224,370,62,78,0.92,2,-1,-1
496,-1,363,111,14,18,0.69,2,-1,-1
497,-1,209,408,69,92,0.93,2,-1,-1
497,-1,362,112,14,17,0.73,2,-1,-1
498,-1,362,111,14,17,0.72,2,-1,-1
499,-1,362,112,14,16,0.75,2,-1,-1
500,-1,361,110,14,17,0.71,2,-1,-1
501,-1,361,110,14,17,0.72,2,-1,-1
502,-1,361,110,13,16,0.77,2,-1,-1
503,-1,360,110,13,15,0.78,2,-1,-1
504,-1,360,110,13,15,0.78,2,-1,-1
505,-1,360,110,13,16,0.78,2,-1,-1
506,-1,360,110,13,15,0.76,2,-1,-1
507,-1,360,110,13,15,0.75,2,-1,-1
508,-1,360,110,13,14,0.77,2,-1,-1
509,-1,360,109,12,14,0.75,2,-1,-1
510,-1,360,108,12,14,0.75,2,-1,-1
511,-1,359,108,12,15,0.75,2,-1,-1
512,-1,359,108,12,14,0.71,2,-1,-1
513,-1,359,107,12,15,0.70,2,-1,-1
514,-1,359,106,11,16,0.70,2,-1,-1
515,-1,358,106,12,16,0.72,2,-1,-1
516,-1,358,106,11,16,0.72,2,-1,-1
517,-1,358,105,11,15,0.76,2,-1,-1
518,-1,358,105,11,15,0.77,2,-1,-1
519,-1,358,105,11,14,0.78,2,-1,-1
520,-1,358,105,11,14,0.78,2,-1,-1
521,-1,357,104,12,14,0.75,2,-1,-1
522,-1,358,104,11,14,0.77,2,-1,-1
523,-1,357,104,11,14,0.75,2,-1,-1
524,-1,356,104,11,14,0.73,2,-1,-1
525,-1,356,104,11,14,0.74,2,-1,-1
526,-1,356,103,11,14,0.70,2,-1,-1
527,-1,356,103,11,14,0.66,2,-1,-1
528,-1,356,103,11,14,0.66,2,-1,-1
529,-1,355,102,12,14,0.54,7,-1,-1
530,-1,355,102,12,14,0.53,7,-1,-1
531,-1,355,102,12,14,0.52,7,-1,-1
532,-1,354,101,12,14,0.53,7,-1,-1
533,-1,354,101,11,14,0.57,7,-1,-1
534,-1,355,101,11,13,0.59,7,-1,-1
535,-1,355,101,11,13,0.48,7,-1,-1
536,-1,354,100,11,14,0.67,7,-1,-1
537,-1,354,100,11,14,0.63,7,-1,-1
538,-1,354,100,11,14,0.63,7,-1,-1
539,-1,354,100,11,14,0.64,7,-1,-1
540,-1,354,100,11,14,0.69,7,-1,-1
541,-1,354,100,11,14,0.65,7,-1,-1
542,-1,353,100,11,14,0.54,7,-1,-1
543,-1,353,100,11,14,0.54,7,-1,-1
544,-1,353,100,10,14,0.57,7,-1,-1
545,-1,352,100,10,13,0.32,7,-1,-1
546,-1,353,100,9,12,0.21,7,-1,-1
547,-1,353,100,9,12,0.21,7,-1,-1
548,-1,352,100,9,12,0.19,7,-1,-1
549,-1,352,100,9,12,0.19,7,-1,-1
550,-1,352,100,9,12,0.25,7,-1,-1
551,-1,352,100,9,12,0.15,7,-1,-1
552,-1,352,99,9,12,0.27,7,-1,-1
553,-1,352,98,9,12,0.34,7,-1,-1
554,-1,352,97,9,13,0.55,7,-1,-1
555,-1,352,97,9,13,0.63,7,-1,-1
556,-1,352,97,9,13,0.62,7,-1,-1
557,-1,352,97,8,12,0.47,7,-1,-1
558,-1,352,97,8,12,0.34,7,-1,-1
559,-1,352,97,8,12,0.46,7,-1,-1
560,-1,351,97,8,12,0.24,7,-1,-1
561,-1,351,97,8,12,0.16,7,-1,-1
562,-1,526,428,80,74,0.92,2,-1,-1
562,-1,351,97,8,12,0.16,7,-1,-1
563,-1,506,386,70,64,0.93,2,-1,-1
563,-1,350,96,8,11,0.19,7,-1,-1
564,-1,494,364,64,59,0.91,2,-1,-1
564,-1,350,96,8,11,0.34,7,-1,-1
565,-1,485,344,58,53,0.91,2,-1,-1
565,-1,349,96,9,12,0.45,7,-1,-1
566,-1,473,318,50,48,0.90,2,-1,-1
566,-1,348,96,9,11,0.36,7,-1,-1
567,-1,466,303,47,44,0.91,2,-1,-1
567,-1,348,96,9,11,0.35,7,-1,-1
568,-1,454,283,43,40,0.90,2,-1,-1
568,-1,348,96,8,11,0.11,7,-1,-1
569,-1,449,272,40,37,0.90,2,-1,-1
569,-1,348,95,8,11,0.28,7,-1,-1
570,-1,440,257,38,34,0.89,2,-1,-1
570,-1,348,96,8,10,0.12,7,-1,-1
571,-1,434,245,35,32,0.89,2,-1,-1
571,-1,348,96,8,10,0.12,7,-1,-1
572,-1,429,236,34,30,0.88,2,-1,-1
572,-1,347,96,8,10,0.12,7,-1,-1
573,-1,424,226,31,29,0.88,2,-1,-1
573,-1,346,96,8,10,0.22,7,-1,-1
574,-1,422,220,29,27,0.88,2,-1,-1
574,-1,346,96,8,10,0.19,7,-1,-1
575,-1,416,211,28,27,0.88,2,-1,-1
575,-1,346,96,8,10,0.11,7,-1,-1
576,-1,413,206,27,25,0.87,2,-1,-1
576,-1,346,95,8,10,0.13,7,-1,-1
577,-1,410,198,24,25,0.88,2,-1,-1
577,-1,345,94,8,11,0.24,7,-1,-1
578,-1,408,194,24,24,0.88,2,-1,-1
578,-1,345,94,8,12,0.25,7,-1,-1
579,-1,404,190,24,22,0.89,2,-1,-1
579,-1,344,94,8,11,0.20,7,-1,-1
580,-1,402,186,23,21,0.88,2,-1,-1
580,-1,344,94,8,11,0.21,7,-1,-1
581,-1,400,180,22,22,0.88,2,-1,-1
581,-1,344,94,8,10,0.11,7,-1,-1
582,-1,398,176,20,21,0.88,2,-1,-1
582,-1,344,94,8,10,0.11,7,-1,-1
583,-1,396,173,19,20,0.88,2,-1,-1
583,-1,343,93,8,10,0.15,7,-1,-1
584,-1,394,170,20,20,0.88,2,-1,-1
584,-1,342,93,8,10,0.24,7,-1,-1
585,-1,392,166,19,18,0.88,2,-1,-1
585,-1,342,93,8,10,0.24,7,-1,-1
586,-1,390,164,19,18,0.87,2,-1,-1
586,-1,342,93,8,11,0.24,7,-1,-1
587,-1,388,160,19,20,0.87,2,-1,-1
588,-1,387,158,18,18,0.87,2,-1,-1
589,-1,385,154,18,18,0.87,2,-1,-1
590,-1,384,154,18,16,0.85,2,-1,-1
591,-1,438,426,70,75,0.92,2,-1,-1
591,-1,382,152,17,15,0.85,2,-1,-1
592,-1,432,400,64,66,0.93,2,-1,-1
592,-1,382,150,17,16,0.85,2,-1,-1
593,-1,423,366,56,56,0.91,2,-1,-1
593,-1,382,148,15,15,0.86,2,-1,-1
594,-1,418,346,52,52,0.92,2,-1,-1
594,-1,380,146,16,14,0.87,2,-1,-1
595,-1,411,320,46,47,0.91,2,-1,-1
595,-1,379,145,14,14,0.86,2,-1,-1
596,-1,408,305,42,44,0.90,2,-1,-1
596,-1,378,144,14,14,0.85,2,-1,-1
597,-1,401,286,40,40,0.90,2,-1,-1
597,-1,377,142,14,13,0.83,2,-1,-1
598,-1,399,274,37,38,0.91,2,-1,-1
598,-1,376,141,14,12,0.84,2,-1,-1
599,-1,396,260,34,35,0.90,2,-1,-1
599,-1,374,139,14,13,0.86,2,-1,-1
600,-1,392,251,34,33,0.90,2,-1,-1
600,-1,374,138,14,13,0.86,2,-1,-1
601,-1,390,240,31,30,0.89,2,-1,-1
601,-1,372,136,14,12,0.85,2,-1,-1
601,-1,326,109,8,8,0.31,2,-1,-1
602,-1,387,233,30,29,0.88,2,-1,-1
602,-1,372,135,14,12,0.83,2,-1,-1
602,-1,325,111,8,8,0.12,2,-1,-1
603,-1,384,223,29,28,0.89,2,-1,-1
603,-1,372,134,13,12,0.83,2,-1,-1
603,-1,324,111,9,10,0.53,2,-1,-1
604,-1,384,218,27,26,0.89,2,-1,-1
604,-1,371,132,13,12,0.84,2,-1,-1
604,-1,324,111,9,10,0.53,2,-1,-1
605,-1,381,210,25,25,0.90,2,-1,-1
605,-1,370,131,13,12,0.83,2,-1,-1
605,-1,324,110,9,10,0.73,2,-1,-1
606,-1,379,205,24,24,0.88,2,-1,-1
606,-1,369,130,13,12,0.84,2,-1,-1
606,-1,325,111,8,10,0.64,2,-1,-1
607,-1,378,200,24,24,0.88,2,-1,-1
607,-1,368,129,13,12,0.84,2,-1,-1
607,-1,325,111,9,10,0.65,2,-1,-1
608,-1,376,194,23,22,0.89,2,-1,-1
608,-1,368,128,13,11,0.80,2,-1,-1
608,-1,325,112,8,9,0.27,2,-1,-1
609,-1,374,189,22,22,0.89,2,-1,-1
609,-1,367,127,12,11,0.82,2,-1,-1
610,-1,373,186,21,20,0.89,2,-1,-1
610,-1,367,126,12,11,0.83,2,-1,-1
611,-1,371,180,22,20,0.87,2,-1,-1
611,-1,366,126,12,10,0.83,2,-1,-1
611,-1,324,113,10,11,0.30,2,-1,-1
612,-1,370,177,21,20,0.88,2,-1,-1
612,-1,366,124,12,11,0.84,2,-1,-1
612,-1,324,114,10,11,0.64,2,-1,-1
613,-1,369,174,20,19,0.88,2,-1,-1
613,-1,365,123,12,11,0.86,2,-1,-1
613,-1,323,113,11,12,0.79,2,-1,-1
614,-1,368,171,19,19,0.90,2,-1,-1
614,-1,364,122,12,11,0.85,2,-1,-1
614,-1,323,113,11,12,0.79,2,-1,-1
615,-1,367,168,18,18,0.87,2,-1,-1
615,-1,364,122,12,10,0.83,2,-1,-1
615,-1,323,113,11,13,0.78,2,-1,-1
616,-1,366,164,18,19,0.87,2,-1,-1
616,-1,364,122,12,10,0.82,2,-1,-1
616,-1,323,114,11,13,0.78,2,-1,-1
617,-1,365,162,17,18,0.88,2,-1,-1
617,-1,322,117,11,11,0.74,2,-1,-1
617,-1,364,122,12,10,0.69,2,-1,-1
618,-1,365,160,16,17,0.88,2,-1,-1
618,-1,322,117,11,11,0.74,2,-1,-1
618,-1,363,122,12,9,0.72,2,-1,-1
619,-1,363,158,17,15,0.88,2,-1,-1
619,-1,322,118,11,12,0.73,2,-1,-1
619,-1,363,120,11,10,0.73,2,-1,-1
620,-1,362,155,16,16,0.86,2,-1,-1
620,-1,322,117,12,13,0.79,2,-1,-1
620,-1,363,120,11,9,0.73,2,-1,-1
621,-1,362,152,16,16,0.87,2,-1,-1
621,-1,322,117,12,13,0.80,2,-1,-1
621,-1,362,120,10,9,0.69,2,-1,-1
622,-1,361,151,16,16,0.87,2,-1,-1
622,-1,322,117,12,14,0.81,2,-1,-1
622,-1,363,119,10,9,0.70,2,-1,-1
623,-1,360,150,16,15,0.85,2,-1,-1
623,-1,322,118,12,14,0.81,2,-1,-1
623,-1,362,118,10,9,0.75,2,-1,-1
624,-1,360,147,16,15,0.86,2,-1,-1
624,-1,321,119,12,13,0.83,2,-1,-1
624,-1,362,118,10,9,0.71,2,-1,-1
625,-1,360,146,15,14,0.85,2,-1,-1
625,-1,322,119,12,13,0.83,2,-1,-1
625,-1,360,116,10,9,0.76,2,-1,-1
626,-1,358,144,15,14,0.87,2,-1,-1
626,-1,321,120,12,14,0.84,2,-1,-1
626,-1,360,116,10,9,0.77,2,-1,-1
627,-1,358,142,14,14,0.88,2,-1,-1
627,-1,320,120,12,14,0.85,2,-1,-1
627,-1,360,116,10,9,0.72,2,-1,-1
628,-1,358,140,14,14,0.88,2,-1,-1
628,-1,320,120,12,15,0.85,2,-1,-1
628,-1,360,116,10,9,0.73,2,-1,-1
629,-1,358,140,14,14,0.88,2,-1,-1
629,-1,320,121,12,15,0.86,2,-1,-1
629,-1,360,115,10,9,0.68,2,-1,-1
630,-1,357,138,14,14,0.88,2,-1,-1
630,-1,320,121,13,15,0.86,2,-1,-1
630,-1,360,114,9,8,0.41,2,-1,-1
631,-1,357,137,14,13,0.88,2,-1,-1
631,-1,320,122,13,16,0.86,2,-1,-1
631,-1,360,114,9,8,0.45,2,-1,-1
632,-1,320,123,13,16,0.87,2,-1,-1
632,-1,356,136,14,13,0.87,2,-1,-1
632,-1,359,114,9,8,0.45,2,-1,-1
633,-1,319,124,14,16,0.86,2,-1,-1
633,-1,356,134,14,14,0.86,2,-1,-1
633,-1,358,113,9,9,0.53,2,-1,-1
634,-1,438,404,88,111,0.94,2,-1,-1
634,-1,356,133,14,14,0.86,2,-1,-1
634,-1,319,124,14,16,0.86,2,-1,-1
634,-1,358,112,9,9,0.52,2,-1,-1
635,-1,426,367,78,98,0.92,2,-1,-1
635,-1,318,126,14,16,0.86,2,-1,-1
635,-1,355,132,14,13,0.86,2,-1,-1
635,-1,358,111,9,8,0.66,2,-1,-1
636,-1,421,346,71,88,0.92,2,-1,-1
636,-1,318,127,14,16,0.86,2,-1,-1
636,-1,355,131,13,12,0.86,2,-1,-1
636,-1,357,111,9,8,0.58,2,-1,-1
637,-1,415,328,66,82,0.92,2,-1,-1
637,-1,318,127,14,16,0.87,2,-1,-1
637,-1,354,130,14,13,0.85,2,-1,-1
637,-1,358,111,9,8,0.59,2,-1,-1
638,-1,408,304,60,74,0.92,2,-1,-1
638,-1,318,128,14,16,0.87,2,-1,-1
638,-1,354,129,12,12,0.84,2,-1,-1
638,-1,358,110,9,8,0.58,2,-1,-1
639,-1,402,284,54,68,0.92,2,-1,-1
639,-1,317,129,14,18,0.87,2,-1,-1
639,-1,354,127,13,12,0.83,2,-1,-1
639,-1,357,110,9,8,0.38,2,-1,-1
640,-1,400,274,50,63,0.92,2,-1,-1
640,-1,317,130,14,18,0.87,2,-1,-1
640,-1,354,126,12,12,0.84,2,-1,-1
640,-1,357,110,9,8,0.33,2,-1,-1
641,-1,396,258,46,58,0.92,2,-1,-1
641,-1,316,131,15,18,0.88,2,-1,-1
641,-1,353,126,13,12,0.83,2,-1,-1
641,-1,356,109,9,8,0.23,2,-1,-1
642,-1,393,249,44,56,0.93,2,-1,-1
642,-1,315,131,16,19,0.88,2,-1,-1
642,-1,353,124,12,12,0.83,2,-1,-1
642,-1,356,108,9,8,0.14,2,-1,-1
643,-1,389,237,42,51,0.90,2,-1,-1
643,-1,314,133,16,19,0.87,2,-1,-1
643,-1,353,124,12,12,0.83,2,-1,-1
643,-1,356,108,9,8,0.13,2,-1,-1
644,-1,388,230,40,48,0.90,2,-1,-1
644,-1,314,134,16,20,0.87,2,-1,-1
644,-1,352,123,12,12,0.83,2,-1,-1
644,-1,355,108,9,8,0.12,2,-1,-1
645,-1,385,221,36,45,0.91,2,-1,-1
645,-1,314,135,16,20,0.85,2,-1,-1
645,-1,352,122,12,11,0.79,2,-1,-1
645,-1,354,107,9,8,0.13,2,-1,-1
646,-1,383,215,34,43,0.90,2,-1,-1
646,-1,313,136,16,20,0.84,2,-1,-1
646,-1,352,122,12,11,0.79,2,-1,-1
647,-1,382,208,33,40,0.90,2,-1,-1
647,-1,312,138,16,20,0.86,2,-1,-1
647,-1,352,121,12,11,0.80,2,-1,-1
647,-1,354,106,9,8,0.10,2,-1,-1
648,-1,380,202,32,39,0.90,2,-1,-1
648,-1,312,139,16,20,0.87,2,-1,-1
648,-1,352,121,11,10,0.70,2,-1,-1
649,-1,378,196,30,36,0.89,2,-1,-1
649,-1,312,140,16,21,0.87,2,-1,-1
649,-1,352,120,10,10,0.71,2,-1,-1
649,-1,312,104,10,18,0.24,7,-1,-1
650,-1,376,192,28,35,0.90,2,-1,-1
650,-1,312,142,16,22,0.87,2,-1,-1
650,-1,352,120,10,10,0.71,2,-1,-1
650,-1,312,104,10,18,0.23,7,-1,-1
651,-1,375,187,27,34,0.89,2,-1,-1
651,-1,311,143,17,22,0.85,2,-1,-1
651,-1,352,120,10,10,0.70,2,-1,-1
651,-1,312,104,10,18,0.23,7,-1,-1
652,-1,374,184,27,32,0.88,2,-1,-1
652,-1,310,144,18,23,0.87,2,-1,-1
652,-1,351,118,10,10,0.77,2,-1,-1
652,-1,312,104,10,19,0.62,7,-1,-1
653,-1,372,179,26,31,0.91,2,-1,-1
653,-1,309,146,18,23,0.89,2,-1,-1
653,-1,352,118,10,10,0.79,2,-1,-1
653,-1,312,104,10,19,0.64,7,-1,-1
653,-1,326,110,7,8,0.20,2,-1,-1
654,-1,371,176,24,30,0.89,2,-1,-1
654,-1,309,148,18,24,0.89,2,-1,-1
654,-1,352,118,10,9,0.79,2,-1,-1
654,-1,312,104,10,19,0.63,7,-1,-1
654,-1,326,110,7,8,0.18,2,-1,-1
655,-1,370,172,24,29,0.89,2,-1,-1
655,-1,308,150,18,24,0.87,2,-1,-1
655,-1,352,117,8,9,0.76,2,-1,-1
655,-1,312,104,11,19,0.62,7,-1,-1
655,-1,326,110,8,8,0.24,2,-1,-1
656,-1,368,169,24,28,0.88,2,-1,-1
656,-1,307,152,19,24,0.87,2,-1,-1
656,-1,351,117,9,9,0.75,2,-1,-1
656,-1,312,105,11,19,0.71,7,-1,-1
656,-1,327,109,8,8,0.26,2,-1,-1
657,-1,306,154,19,26,0.89,2,-1,-1
657,-1,368,165,23,28,0.87,2,-1,-1
657,-1,311,105,11,19,0.74,7,-1,-1
657,-1,351,117,9,9,0.70,2,-1,-1
658,-1,305,156,20,26,0.87,2,-1,-1
658,-1,368,163,22,27,0.87,2,-1,-1
658,-1,311,105,11,19,0.74,7,-1,-1
658,-1,350,116,9,9,0.64,2,-1,-1
659,-1,366,160,22,26,0.89,2,-1,-1
659,-1,304,158,20,27,0.88,2,-1,-1
659,-1,310,106,11,18,0.80,7,-1,-1
659,-1,350,116,9,9,0.62,2,-1,-1
660,-1,304,160,21,28,0.89,2,-1,-1
660,-1,366,159,21,26,0.87,2,-1,-1
660,-1,310,106,11,18,0.78,7,-1,-1
660,-1,350,115,9,9,0.52,2,-1,-1
660,-1,326,111,8,8,0.36,2,-1,-1
661,-1,302,162,21,28,0.89,2,-1,-1
661,-1,365,157,20,24,0.87,2,-1,-1
661,-1,310,107,12,18,0.80,7,-1,-1
661,-1,326,111,8,9,0.43,2,-1,-1
661,-1,350,115,9,9,0.40,2,-1,-1
662,-1,301,165,22,30,0.90,2,-1,-1
662,-1,364,154,19,24,0.90,2,-1,-1
662,-1,310,107,12,18,0.82,7,-1,-1
662,-1,326,112,8,8,0.55,2,-1,-1
662,-1,350,114,8,9,0.22,2,-1,-1
663,-1,300,167,23,30,0.89,2,-1,-1
663,-1,364,152,19,24,0.87,2,-1,-1
663,-1,310,109,12,18,0.74,7,-1,-1
663,-1,326,112,8,8,0.55,2,-1,-1
664,-1,298,171,24,32,0.90,2,-1,-1
664,-1,363,150,18,22,0.85,2,-1,-1
664,-1,310,110,12,16,0.61,7,-1,-1
664,-1,326,112,8,8,0.52,2,-1,-1
664,-1,350,113,8,8,0.12,2,-1,-1
665,-1,296,176,25,32,0.88,2,-1,-1
665,-1,362,148,19,22,0.88,2,-1,-1
665,-1,310,112,11,14,0.60,2,-1,-1
665,-1,326,112,8,8,0.47,2,-1,-1
665,-1,349,112,8,8,0.32,2,-1,-1
666,-1,295,178,25,34,0.89,2,-1,-1
666,-1,361,146,19,22,0.89,2,-1,-1
666,-1,310,112,11,14,0.60,2,-1,-1
666,-1,349,112,8,8,0.28,2,-1,-1
666,-1,326,115,8,9,0.14,2,-1,-1
667,-1,294,180,26,35,0.89,2,-1,-1
667,-1,361,145,18,21,0.87,2,-1,-1
667,-1,310,115,11,12,0.70,2,-1,-1
667,-1,349,112,8,8,0.15,2,-1,-1
667,-1,326,115,8,8,0.14,2,-1,-1
668,-1,291,185,28,38,0.90,2,-1,-1
668,-1,360,143,18,21,0.85,2,-1,-1
668,-1,310,116,11,12,0.75,2,-1,-1
668,-1,326,115,9,9,0.46,2,-1,-1
668,-1,348,111,8,8,0.12,2,-1,-1
669,-1,290,188,29,40,0.90,2,-1,-1
669,-1,360,142,18,20,0.86,2,-1,-1
669,-1,309,117,11,11,0.76,2,-1,-1
669,-1,326,116,9,9,0.52,2,-1,-1
670,-1,286,194,31,42,0.91,2,-1,-1
670,-1,359,140,17,20,0.86,2,-1,-1
670,-1,309,117,11,12,0.75,2,-1,-1
670,-1,326,116,9,9,0.51,2,-1,-1
671,-1,285,200,31,44,0.90,2,-1,-1
671,-1,358,139,16,19,0.86,2,-1,-1
671,-1,309,117,12,13,0.79,2,-1,-1
671,-1,326,116,9,9,0.75,2,-1,-1
672,-1,283,204,32,46,0.90,2,-1,-1
672,-1,358,137,16,19,0.86,2,-1,-1
672,-1,308,116,12,14,0.75,2,-1,-1
672,-1,326,116,9,10,0.75,2,-1,-1
673,-1,281,209,33,48,0.90,2,-1,-1
673,-1,358,137,16,18,0.86,2,-1,-1
673,-1,306,111,13,19,0.81,7,-1,-1
673,-1,326,116,9,10,0.77,2,-1,-1
674,-1,276,217,36,52,0.92,2,-1,-1
674,-1,358,135,16,18,0.87,2,-1,-1
674,-1,306,111,13,19,0.81,7,-1,-1
674,-1,325,117,10,10,0.79,2,-1,-1
675,-1,273,226,38,56,0.91,2,-1,-1
675,-1,357,133,16,18,0.87,2,-1,-1
675,-1,306,111,14,20,0.86,7,-1,-1
675,-1,324,117,10,11,0.78,2,-1,-1
676,-1,270,233,39,59,0.92,2,-1,-1
676,-1,356,133,16,18,0.88,2,-1,-1
676,-1,306,111,14,21,0.86,7,-1,-1
676,-1,324,118,10,10,0.79,2,-1,-1
677,-1,266,244,41,65,0.93,2,-1,-1
677,-1,356,131,15,18,0.88,2,-1,-1
677,-1,306,111,14,20,0.85,7,-1,-1
677,-1,324,118,10,10,0.80,2,-1,-1
678,-1,261,253,45,68,0.93,2,-1,-1
678,-1,356,130,15,18,0.87,2,-1,-1
678,-1,306,112,14,20,0.82,7,-1,-1
678,-1,324,118,10,11,0.78,2,-1,-1
679,-1,543,426,88,88,0.92,2,-1,-1
679,-1,256,268,49,76,0.92,2,-1,-1
679,-1,356,129,15,16,0.86,2,-1,-1
679,-1,324,119,10,11,0.78,2,-1,-1
679,-1,305,114,14,19,0.73,7,-1,-1
680,-1,527,400,82,82,0.92,2,-1,-1
680,-1,251,278,51,82,0.92,2,-1,-1
680,-1,355,129,15,16,0.86,2,-1,-1
680,-1,324,119,10,11,0.79,2,-1,-1
680,-1,305,114,14,19,0.72,7,-1,-1
681,-1,242,296,57,92,0.92,2,-1,-1
681,-1,509,367,71,68,0.92,2,-1,-1
681,-1,355,128,15,16,0.86,2,-1,-1
681,-1,304,114,15,20,0.79,7,-1,-1
681,-1,323,120,10,11,0.74,2,-1,-1
682,-1,498,347,66,64,0.93,2,-1,-1
682,-1,233,312,63,100,0.92,2,-1,-1
682,-1,355,127,14,16,0.86,2,-1,-1
682,-1,324,121,10,11,0.79,2,-1,-1
682,-1,304,114,14,20,0.73,7,-1,-1
683,-1,222,338,68,116,0.93,2,-1,-1
683,-1,484,322,59,57,0.92,2,-1,-1
683,-1,354,126,14,15,0.85,2,-1,-1
683,-1,304,114,15,20,0.82,7,-1,-1
683,-1,323,121,10,11,0.78,2,-1,-1
684,-1,213,358,73,128,0.93,2,-1,-1
684,-1,476,306,54,54,0.91,2,-1,-1
684,-1,354,125,14,15,0.84,2,-1,-1
684,-1,322,122,11,12,0.77,2,-1,-1
684,-1,304,115,15,20,0.74,7,-1,-1
685,-1,196,397,82,134,0.94,2,-1,-1
685,-1,464,288,50,49,0.91,2,-1,-1
685,-1,354,123,14,16,0.85,2,-1,-1
685,-1,322,123,12,11,0.83,2,-1,-1
685,-1,303,115,15,20,0.47,7,-1,-1
686,-1,458,276,48,46,0.91,2,-1,-1
686,-1,354,123,14,16,0.84,2,-1,-1
686,-1,322,124,12,11,0.82,2,-1,-1
686,-1,303,116,15,21,0.64,7,-1,-1
687,-1,450,262,44,42,0.90,2,-1,-1
687,-1,353,122,14,15,0.85,2,-1,-1
687,-1,321,124,12,11,0.84,2,-1,-1
687,-1,303,116,14,21,0.61,7,-1,-1
688,-1,444,253,42,40,0.90,2,-1,-1
688,-1,353,122,14,15,0.85,2,-1,-1
688,-1,321,125,12,11,0.84,2,-1,-1
688,-1,303,119,14,18,0.65,2,-1,-1
689,-1,438,241,39,38,0.91,2,-1,-1
689,-1,320,126,12,12,0.85,2,-1,-1
689,-1,352,122,14,14,0.85,2,-1,-1
689,-1,302,120,14,18,0.65,2,-1,-1
690,-1,434,234,36,37,0.90,2,-1,-1
690,-1,320,126,12,12,0.86,2,-1,-1
690,-1,352,121,14,14,0.84,2,-1,-1
690,-1,302,118,15,21,0.76,7,-1,-1
691,-1,430,227,36,36,0.90,2,-1,-1
691,-1,320,127,12,12,0.85,2,-1,-1
691,-1,352,121,14,14,0.84,2,-1,-1
691,-1,302,118,15,21,0.73,7,-1,-1
692,-1,424,219,33,33,0.90,2,-1,-1
692,-1,300,117,16,22,0.87,7,-1,-1
692,-1,320,128,12,12,0.82,2,-1,-1
692,-1,352,120,13,14,0.82,2,-1,-1
693,-1,422,213,32,32,0.89,2,-1,-1
693,-1,319,129,12,12,0.83,2,-1,-1
693,-1,300,118,16,22,0.83,7,-1,-1
693,-1,353,120,12,13,0.82,2,-1,-1
694,-1,416,206,31,30,0.88,2,-1,-1
694,-1,300,118,17,23,0.86,7,-1,-1
694,-1,319,130,13,12,0.83,2,-1,-1
694,-1,353,120,12,12,0.80,2,-1,-1
695,-1,414,202,30,29,0.90,2,-1,-1
695,-1,300,118,17,23,0.87,7,-1,-1
695,-1,319,131,13,12,0.84,2,-1,-1
695,-1,352,119,11,12,0.79,2,-1,-1
696,-1,410,196,28,28,0.88,2,-1,-1
696,-1,299,119,17,24,0.85,7,-1,-1
696,-1,319,131,12,13,0.82,2,-1,-1
696,-1,352,119,12,12,0.77,2,-1,-1
697,-1,408,192,26,27,0.88,2,-1,-1
697,-1,299,118,18,25,0.87,7,-1,-1
697,-1,318,133,12,13,0.82,2,-1,-1
697,-1,352,119,10,11,0.72,2,-1,-1
698,-1,298,119,18,25,0.88,7,-1,-1
698,-1,405,187,26,26,0.88,2,-1,-1
698,-1,318,134,13,12,0.82,2,-1,-1
698,-1,352,118,10,11,0.74,2,-1,-1
698,-1,324,117,8,8,0.23,2,-1,-1
699,-1,298,120,18,25,0.88,7,-1,-1
699,-1,402,182,25,24,0.88,2,-1,-1
699,-1,317,135,13,13,0.83,2,-1,-1
699,-1,352,118,10,11,0.70,2,-1,-1
700,-1,297,120,18,26,0.88,7,-1,-1
700,-1,400,179,24,24,0.88,2,-1,-1
700,-1,317,136,13,13,0.84,2,-1,-1
700,-1,352,116,10,12,0.71,2,-1,-1
700,-1,324,117,9,9,0.53,2,-1,-1
701,-1,296,120,18,26,0.88,7,-1,-1
701,-1,398,175,23,23,0.86,2,-1,-1
701,-1,316,137,14,14,0.84,2,-1,-1
701,-1,352,116,10,11,0.73,2,-1,-1
701,-1,324,118,9,9,0.51,2,-1,-1
702,-1,398,173,21,22,0.88,2,-1,-1
702,-1,296,121,19,26,0.88,7,-1,-1
702,-1,316,138,14,14,0.86,2,-1,-1
702,-1,351,116,10,11,0.74,2,-1,-1
702,-1,324,118,10,10,0.68,2,-1,-1
703,-1,296,121,19,26,0.88,7,-1,-1
703,-1,395,169,22,22,0.87,2,-1,-1
703,-1,315,140,14,14,0.85,2,-1,-1
703,-1,351,116,10,10,0.73,2,-1,-1
703,-1,324,119,10,10,0.64,2,-1,-1
704,-1,296,121,19,27,0.88,7,-1,-1
704,-1,393,166,22,22,0.86,2,-1,-1
704,-1,315,141,14,14,0.84,2,-1,-1
704,-1,351,113,10,12,0.80,2,-1,-1
704,-1,324,119,10,10,0.57,2,-1,-1
705,-1,392,163,21,22,0.89,2,-1,-1
705,-1,295,122,18,27,0.87,7,-1,-1
705,-1,314,142,14,14,0.84,2,-1,-1
705,-1,351,114,10,11,0.75,2,-1,-1
705,-1,323,120,10,10,0.62,2,-1,-1
706,-1,391,162,20,20,0.88,2,-1,-1
706,-1,294,122,19,27,0.87,7,-1,-1
706,-1,314,144,14,14,0.85,2,-1,-1
706,-1,350,113,9,11,0.74,2,-1,-1
706,-1,322,121,10,10,0.62,2,-1,-1
707,-1,312,145,15,15,0.87,2,-1,-1
707,-1,294,123,19,28,0.87,7,-1,-1
707,-1,390,158,19,20,0.87,2,-1,-1
707,-1,350,112,10,11,0.72,2,-1,-1
707,-1,322,121,10,10,0.68,2,-1,-1
708,-1,388,156,18,20,0.87,2,-1,-1
708,-1,312,146,15,16,0.87,2,-1,-1
708,-1,294,124,19,28,0.86,7,-1,-1
708,-1,322,121,10,10,0.76,2,-1,-1
708,-1,350,112,10,11,0.73,2,-1,-1
709,-1,387,154,18,19,0.88,2,-1,-1
709,-1,293,124,20,28,0.87,7,-1,-1
709,-1,311,148,16,16,0.85,2,-1,-1
709,-1,322,122,10,10,0.74,2,-1,-1
709,-1,350,113,8,9,0.25,2,-1,-1
710,-1,292,125,20,28,0.88,7,-1,-1
710,-1,385,152,18,19,0.86,2,-1,-1
710,-1,310,150,16,15,0.85,2,-1,-1
710,-1,322,123,10,11,0.81,2,-1,-1
711,-1,292,125,20,29,0.89,7,-1,-1
711,-1,385,151,17,18,0.87,2,-1,-1
711,-1,310,152,16,16,0.86,2,-1,-1
711,-1,322,123,10,10,0.77,2,-1,-1
712,-1,291,126,21,28,0.89,7,-1,-1
712,-1,309,153,16,16,0.87,2,-1,-1
712,-1,384,150,18,18,0.86,2,-1,-1
712,-1,322,124,10,10,0.78,2,-1,-1
713,-1,308,154,16,18,0.88,2,-1,-1
713,-1,291,127,21,28,0.88,7,-1,-1
713,-1,383,147,17,18,0.86,2,-1,-1
713,-1,322,124,10,10,0.76,2,-1,-1
713,-1,350,112,8,8,0.35,2,-1,-1
714,-1,307,156,17,18,0.88,2,-1,-1
714,-1,290,128,21,29,0.87,7,-1,-1
714,-1,382,145,17,18,0.87,2,-1,-1
714,-1,322,125,10,11,0.79,2,-1,-1
714,-1,350,112,8,9,0.33,2,-1,-1
715,-1,306,159,18,18,0.87,2,-1,-1
715,-1,289,128,22,30,0.87,7,-1,-1
715,-1,382,144,15,17,0.86,2,-1,-1
715,-1,322,126,10,11,0.80,2,-1,-1
716,-1,289,129,22,30,0.87,7,-1,-1
716,-1,382,143,15,16,0.87,2,-1,-1
716,-1,305,161,18,18,0.87,2,-1,-1
716,-1,322,126,10,11,0.82,2,-1,-1
717,-1,288,130,22,30,0.87,7,-1,-1
717,-1,380,141,15,16,0.87,2,-1,-1
717,-1,304,164,18,19,0.87,2,-1,-1
717,-1,322,127,10,11,0.83,2,-1,-1
717,-1,350,112,7,8,0.22,2,-1,-1
718,-1,304,166,18,19,0.88,2,-1,-1
718,-1,287,130,22,32,0.87,7,-1,-1
718,-1,379,140,14,16,0.86,2,-1,-1
718,-1,321,128,11,11,0.83,2,-1,-1
718,-1,349,111,8,8,0.25,2,-1,-1
719,-1,287,131,22,32,0.87,7,-1,-1
719,-1,303,168,18,20,0.87,2,-1,-1
719,-1,378,138,15,16,0.85,2,-1,-1
719,-1,322,128,11,12,0.82,2,-1,-1
719,-1,349,110,8,8,0.16,2,-1,-1
720,-1,302,171,20,20,0.89,2,-1,-1
720,-1,286,132,23,32,0.88,7,-1,-1
720,-1,321,129,11,12,0.86,2,-1,-1
720,-1,377,137,15,16,0.85,2,-1,-1
720,-1,349,109,8,9,0.41,2,-1,-1
721,-1,286,132,23,32,0.88,7,-1,-1
721,-1,300,174,20,20,0.88,2,-1,-1
721,-1,321,130,11,12,0.87,2,-1,-1
721,-1,377,137,15,14,0.85,2,-1,-1
721,-1,349,110,8,8,0.34,2,-1,-1
722,-1,299,177,20,21,0.88,2,-1,-1
722,-1,284,134,23,32,0.88,7,-1,-1
722,-1,321,131,11,12,0.87,2,-1,-1
722,-1,376,135,14,14,0.85,2,-1,-1
722,-1,349,110,8,8,0.13,2,-1,-1
723,-1,284,135,23,33,0.88,7,-1,-1
723,-1,298,181,22,22,0.86,2,-1,-1
723,-1,320,132,12,12,0.86,2,-1,-1
723,-1,376,133,14,15,0.85,2,-1,-1
724,-1,284,136,23,34,0.89,7,-1,-1
724,-1,296,184,22,23,0.86,2,-1,-1
724,-1,320,132,12,12,0.85,2,-1,-1
724,-1,375,133,13,14,0.85,2,-1,-1
725,-1,282,137,24,34,0.89,7,-1,-1
725,-1,294,188,23,24,0.87,2,-1,-1
725,-1,320,134,12,12,0.86,2,-1,-1
725,-1,374,131,13,14,0.85,2,-1,-1
726,-1,281,137,24,34,0.89,7,-1,-1
726,-1,293,191,24,25,0.88,2,-1,-1
726,-1,320,134,12,12,0.86,2,-1,-1
726,-1,374,132,14,14,0.85,2,-1,-1
727,-1,280,138,26,36,0.89,7,-1,-1
727,-1,291,196,25,26,0.89,2,-1,-1
727,-1,320,135,12,12,0.86,2,-1,-1
727,-1,373,131,13,13,0.85,2,-1,-1
728,-1,279,139,26,36,0.89,7,-1,-1
728,-1,290,200,26,27,0.89,2,-1,-1
728,-1,372,129,13,14,0.86,2,-1,-1
728,-1,319,136,12,13,0.85,2,-1,-1
729,-1,277,140,27,37,0.89,7,-1,-1
729,-1,287,206,27,28,0.88,2,-1,-1
729,-1,372,129,13,12,0.86,2,-1,-1
729,-1,319,137,12,13,0.85,2,-1,-1
730,-1,276,141,27,37,0.89,7,-1,-1
730,-1,286,210,27,30,0.89,2,-1,-1
730,-1,318,138,12,13,0.86,2,-1,-1
730,-1,372,128,13,13,0.84,2,-1,-1
731,-1,276,142,28,37,0.89,7,-1,-1
731,-1,284,215,28,31,0.88,2,-1,-1
731,-1,319,139,11,13,0.86,2,-1,-1
731,-1,372,127,12,12,0.83,2,-1,-1
732,-1,274,143,28,38,0.89,7,-1,-1
732,-1,280,223,30,33,0.89,2,-1,-1
732,-1,318,141,12,13,0.85,2,-1,-1
732,-1,371,126,12,12,0.82,2,-1,-1
733,-1,273,144,28,39,0.89,7,-1,-1
733,-1,278,228,31,35,0.89,2,-1,-1
733,-1,318,142,12,13,0.86,2,-1,-1
733,-1,370,126,13,12,0.80,2,-1,-1
733,-1,326,111,7,6,0.13,2,-1,-1
734,-1,274,237,34,38,0.90,2,-1,-1
734,-1,272,146,29,39,0.90,7,-1,-1
734,-1,318,143,12,13,0.85,2,-1,-1
734,-1,370,126,13,11,0.80,2,-1,-1
734,-1,326,111,6,6,0.11,2,-1,-1
735,-1,270,147,30,40,0.89,7,-1,-1
735,-1,272,246,34,43,0.89,2,-1,-1
735,-1,316,145,13,14,0.86,2,-1,-1
735,-1,370,123,13,12,0.82,2,-1,-1
736,-1,268,256,36,44,0.91,2,-1,-1
736,-1,269,148,32,42,0.89,7,-1,-1
736,-1,316,146,14,14,0.86,2,-1,-1
736,-1,369,123,13,12,0.83,2,-1,-1
737,-1,448,455,76,80,0.91,2,-1,-1
737,-1,264,265,39,46,0.91,2,-1,-1
737,-1,268,150,31,41,0.90,7,-1,-1
737,-1,316,147,13,14,0.87,2,-1,-1
737,-1,368,123,12,11,0.84,2,-1,-1
737,-1,326,113,8,7,0.50,2,-1,-1
738,-1,437,415,67,73,0.93,2,-1,-1
738,-1,259,279,42,50,0.92,2,-1,-1
738,-1,266,151,32,42,0.90,7,-1,-1
738,-1,315,149,14,14,0.86,2,-1,-1
738,-1,368,122,12,12,0.86,2,-1,-1
738,-1,326,113,8,7,0.49,2,-1,-1
739,-1,254,295,45,57,0.92,2,-1,-1
739,-1,430,384,58,62,0.92,2,-1,-1
739,-1,264,152,34,44,0.91,7,-1,-1
739,-1,314,151,14,15,0.87,2,-1,-1
739,-1,368,122,12,11,0.83,2,-1,-1
739,-1,326,113,7,7,0.53,2,-1,-1
740,-1,249,308,47,60,0.92,2,-1,-1
740,-1,424,364,55,58,0.91,2,-1,-1
740,-1,264,154,33,44,0.91,7,-1,-1
740,-1,314,152,14,16,0.86,2,-1,-1
740,-1,368,122,11,10,0.82,2,-1,-1
740,-1,325,113,8,7,0.47,2,-1,-1
741,-1,240,330,52,68,0.94,2,-1,-1
741,-1,417,338,50,52,0.91,2,-1,-1
741,-1,262,156,34,46,0.90,7,-1,-1
741,-1,313,154,15,16,0.87,2,-1,-1
741,-1,367,121,11,10,0.78,2,-1,-1
741,-1,325,112,8,8,0.49,2,-1,-1
742,-1,232,348,58,75,0.92,2,-1,-1
742,-1,413,324,46,48,0.91,2,-1,-1
742,-1,260,157,36,46,0.90,7,-1,-1
742,-1,313,155,15,16,0.87,2,-1,-1
742,-1,367,120,10,10,0.79,2,-1,-1
742,-1,326,113,7,7,0.29,2,-1,-1
743,-1,223,378,62,88,0.92,2,-1,-1
743,-1,408,304,43,44,0.91,2,-1,-1
743,-1,258,158,38,49,0.90,7,-1,-1
743,-1,312,158,16,16,0.87,2,-1,-1
743,-1,367,119,10,11,0.79,2,-1,-1
744,-1,214,402,67,99,0.93,2,-1,-1
744,-1,256,160,38,50,0.91,7,-1,-1
744,-1,404,292,40,42,0.90,2,-1,-1
744,-1,312,160,16,16,0.87,2,-1,-1
744,-1,366,119,10,10,0.81,2,-1,-1
745,-1,254,162,39,51,0.91,7,-1,-1
745,-1,400,276,38,39,0.90,2,-1,-1
745,-1,311,162,16,18,0.88,2,-1,-1
745,-1,366,118,10,10,0.79,2,-1,-1
746,-1,252,163,40,52,0.91,7,-1,-1
746,-1,398,267,36,37,0.90,2,-1,-1
746,-1,310,164,16,18,0.87,2,-1,-1
746,-1,366,118,10,10,0.79,2,-1,-1
746,-1,323,117,9,8,0.19,2,-1,-1
747,-1,250,166,40,54,0.91,7,-1,-1
747,-1,394,254,35,36,0.89,2,-1,-1
747,-1,310,166,16,18,0.88,2,-1,-1
747,-1,364,118,11,9,0.79,2,-1,-1
747,-1,323,117,9,8,0.18,2,-1,-1
748,-1,248,167,42,56,0.90,7,-1,-1
748,-1,309,168,16,18,0.89,2,-1,-1
748,-1,392,247,34,33,0.88,2,-1,-1
748,-1,364,117,10,9,0.73,2,-1,-1
748,-1,323,116,9,8,0.19,2,-1,-1
749,-1,245,170,42,57,0.91,7,-1,-1
749,-1,308,172,17,18,0.90,2,-1,-1
749,-1,389,238,30,31,0.89,2,-1,-1
749,-1,364,117,10,9,0.74,2,-1,-1
749,-1,323,116,9,8,0.20,2,-1,-1
750,-1,243,171,44,58,0.90,7,-1,-1
750,-1,307,174,17,18,0.89,2,-1,-1
750,-1,388,231,29,30,0.87,2,-1,-1
750,-1,364,116,10,10,0.76,2,-1,-1
750,-1,324,117,9,8,0.28,2,-1,-1
751,-1,241,174,46,60,0.90,7,-1,-1
751,-1,386,224,30,31,0.88,2,-1,-1
751,-1,306,176,18,19,0.88,2,-1,-1
751,-1,364,115,11,10,0.76,2,-1,-1
751,-1,324,117,9,9,0.50,2,-1,-1
752,-1,237,174,48,64,0.90,7,-1,-1
752,-1,305,179,18,20,0.89,2,-1,-1
752,-1,384,218,28,28,0.89,2,-1,-1
752,-1,363,115,10,10,0.47,2,-1,-1
752,-1,324,117,10,9,0.46,2,-1,-1
753,-1,234,179,50,64,0.90,7,-1,-1
753,-1,382,211,26,27,0.87,2,-1,-1
753,-1,304,184,19,21,0.87,2,-1,-1
753,-1,323,117,10,10,0.65,2,-1,-1
753,-1,362,115,10,10,0.56,2,-1,-1
754,-1,232,181,51,66,0.90,7,-1,-1
754,-1,303,186,19,21,0.89,2,-1,-1
754,-1,380,206,24,26,0.89,2,-1,-1
754,-1,323,118,10,10,0.68,2,-1,-1
754,-1,362,114,10,10,0.48,2,-1,-1
755,-1,230,182,53,70,0.91,7,-1,-1
755,-1,378,201,25,26,0.89,2,-1,-1
755,-1,302,188,20,23,0.88,2,-1,-1
755,-1,323,118,10,10,0.68,2,-1,-1
755,-1,362,114,10,10,0.44,2,-1,-1
756,-1,224,184,56,74,0.90,7,-1,-1
756,-1,301,193,20,22,0.89,2,-1,-1
756,-1,378,196,24,25,0.88,2,-1,-1
756,-1,323,118,10,10,0.75,2,-1,-1
756,-1,362,114,10,9,0.42,2,-1,-1
757,-1,220,187,58,78,0.91,7,-1,-1
757,-1,298,198,22,24,0.87,2,-1,-1
757,-1,376,192,24,23,0.86,2,-1,-1
757,-1,323,119,10,10,0.80,2,-1,-1
757,-1,361,112,8,9,0.46,2,-1,-1
758,-1,216,188,60,81,0.91,7,-1,-1
758,-1,297,202,22,25,0.89,2,-1,-1
758,-1,374,188,23,24,0.88,2,-1,-1
758,-1,323,119,10,10,0.79,2,-1,-1
758,-1,360,112,9,9,0.63,2,-1,-1
759,-1,214,190,62,84,0.92,7,-1,-1
759,-1,374,184,22,24,0.89,2,-1,-1
759,-1,296,206,23,26,0.87,2,-1,-1
759,-1,323,119,10,10,0.79,2,-1,-1
759,-1,360,112,9,9,0.64,2,-1,-1
760,-1,206,195,66,88,0.91,7,-1,-1
760,-1,373,180,21,22,0.89,2,-1,-1
760,-1,294,212,24,27,0.87,2,-1,-1
760,-1,323,120,10,11,0.78,2,-1,-1
760,-1,360,112,8,9,0.56,2,-1,-1
761,-1,204,199,69,90,0.91,7,-1,-1
761,-1,372,179,21,21,0.89,2,-1,-1
761,-1,294,216,24,28,0.89,2,-1,-1
761,-1,322,121,10,10,0.80,2,-1,-1
761,-1,360,112,8,9,0.56,2,-1,-1
762,-1,197,201,74,98,0.92,7,-1,-1
762,-1,291,224,25,29,0.89,2,-1,-1
762,-1,371,175,20,21,0.86,2,-1,-1
762,-1,322,121,10,10,0.81,2,-1,-1
762,-1,360,112,8,8,0.62,2,-1,-1
763,-1,191,206,78,103,0.91,7,-1,-1
763,-1,288,232,26,32,0.88,2,-1,-1
763,-1,369,172,20,19,0.87,2,-1,-1
763,-1,322,121,10,11,0.81,2,-1,-1
763,-1,361,112,8,7,0.36,2,-1,-1
764,-1,186,208,82,108,0.92,7,-1,-1
764,-1,287,238,26,33,0.88,2,-1,-1
764,-1,369,169,20,20,0.88,2,-1,-1
764,-1,322,121,10,11,0.82,2,-1,-1
764,-1,361,112,8,7,0.36,2,-1,-1
765,-1,178,212,86,116,0.93,7,-1,-1
765,-1,284,248,29,35,0.90,2,-1,-1
765,-1,368,166,19,19,0.87,2,-1,-1
765,-1,322,122,10,12,0.86,2,-1,-1
765,-1,360,111,8,8,0.42,2,-1,-1
766,-1,173,216,89,122,0.92,7,-1,-1
766,-1,282,256,30,37,0.89,2,-1,-1
766,-1,367,164,18,19,0.86,2,-1,-1
766,-1,322,122,10,12,0.86,2,-1,-1
766,-1,360,110,8,8,0.26,2,-1,-1
767,-1,163,222,99,130,0.93,7,-1,-1
767,-1,278,268,32,40,0.90,2,-1,-1
767,-1,366,161,18,19,0.86,2,-1,-1
767,-1,321,122,11,12,0.85,2,-1,-1
767,-1,359,110,8,8,0.43,2,-1,-1
768,-1,157,227,103,136,0.92,7,-1,-1
768,-1,276,276,33,42,0.90,2,-1,-1
768,-1,366,160,18,18,0.87,2,-1,-1
768,-1,321,123,11,12,0.85,2,-1,-1
768,-1,359,110,8,8,0.44,2,-1,-1
769,-1,147,234,110,146,0.92,7,-1,-1
769,-1,271,291,36,46,0.91,2,-1,-1
769,-1,366,158,18,17,0.86,2,-1,-1
769,-1,321,124,11,12,0.84,2,-1,-1
769,-1,359,110,8,8,0.55,2,-1,-1
770,-1,139,239,115,154,0.92,7,-1,-1
770,-1,268,302,37,49,0.91,2,-1,-1
770,-1,365,157,17,16,0.87,2,-1,-1
770,-1,320,125,12,12,0.83,2,-1,-1
770,-1,359,109,8,8,0.42,2,-1,-1
770,-1,314,102,10,14,0.10,7,-1,-1
771,-1,125,246,125,170,0.92,7,-1,-1
771,-1,262,321,40,54,0.92,2,-1,-1
771,-1,364,154,16,16,0.88,2,-1,-1
771,-1,320,126,11,12,0.84,2,-1,-1
771,-1,358,109,8,8,0.29,2,-1,-1
772,-1,256,336,44,59,0.93,2,-1,-1
772,-1,117,251,131,181,0.92,7,-1,-1
772,-1,364,153,16,16,0.88,2,-1,-1
772,-1,319,126,12,12,0.84,2,-1,-1
772,-1,314,103,10,16,0.24,7,-1,-1
772,-1,358,108,8,7,0.15,2,-1,-1
773,-1,251,354,46,64,0.93,2,-1,-1
773,-1,105,258,139,192,0.92,7,-1,-1
773,-1,364,151,16,16,0.88,2,-1,-1
773,-1,319,126,12,12,0.83,2,-1,-1
773,-1,314,103,11,16,0.23,7,-1,-1
773,-1,358,108,8,8,0.17,2,-1,-1
774,-1,242,382,52,74,0.93,2,-1,-1
774,-1,90,268,151,210,0.91,7,-1,-1
774,-1,363,149,16,16,0.87,2,-1,-1
774,-1,318,127,12,13,0.84,2,-1,-1
774,-1,314,103,11,16,0.22,7,-1,-1
774,-1,358,108,8,8,0.16,2,-1,-1
775,-1,231,418,56,84,0.93,2,-1,-1
775,-1,69,272,168,240,0.89,7,-1,-1
775,-1,318,129,12,12,0.85,2,-1,-1
775,-1,362,146,16,16,0.85,2,-1,-1
775,-1,314,101,11,16,0.18,7,-1,-1
775,-1,358,108,8,7,0.13,2,-1,-1
776,-1,56,284,178,248,0.90,7,-1,-1
776,-1,362,145,16,16,0.86,2,-1,-1
776,-1,318,128,12,13,0.85,2,-1,-1
776,-1,358,108,8,7,0.11,2,-1,-1
777,-1,317,129,13,13,0.86,2,-1,-1
777,-1,361,144,15,16,0.85,2,-1,-1
778,-1,317,129,12,13,0.86,2,-1,-1
778,-1,360,142,16,16,0.85,2,-1,-1
779,-1,316,130,13,14,0.86,2,-1,-1
779,-1,360,142,15,14,0.84,2,-1,-1
780,-1,316,132,12,14,0.85,2,-1,-1
780,-1,360,141,16,14,0.84,2,-1,-1
781,-1,316,133,12,14,0.86,2,-1,-1
781,-1,359,139,15,14,0.86,2,-1,-1
782,-1,316,134,12,14,0.85,2,-1,-1
782,-1,359,139,14,13,0.85,2,-1,-1
782,-1,312,102,11,19,0.10,7,-1,-1
783,-1,359,137,14,13,0.86,2,-1,-1
783,-1,315,134,13,15,0.85,2,-1,-1
783,-1,312,102,10,19,0.11,7,-1,-1
784,-1,315,134,14,16,0.86,2,-1,-1
784,-1,359,136,14,13,0.85,2,-1,-1
785,-1,314,136,14,16,0.86,2,-1,-1
785,-1,358,135,14,13,0.84,2,-1,-1
786,-1,314,136,14,16,0.86,2,-1,-1
786,-1,358,134,14,12,0.84,2,-1,-1
787,-1,314,138,14,16,0.85,2,-1,-1
787,-1,358,133,13,12,0.85,2,-1,-1
788,-1,358,133,12,12,0.86,2,-1,-1
788,-1,313,139,14,16,0.85,2,-1,-1
789,-1,357,132,13,12,0.87,2,-1,-1
789,-1,313,141,14,15,0.85,2,-1,-1
789,-1,312,114,7,10,0.11,2,-1,-1
790,-1,525,416,82,80,0.92,2,-1,-1
790,-1,357,131,12,12,0.87,2,-1,-1
790,-1,313,142,14,15,0.85,2,-1,-1
791,-1,511,388,73,72,0.92,2,-1,-1
791,-1,357,130,12,12,0.87,2,-1,-1
791,-1,312,143,14,16,0.85,2,-1,-1
792,-1,492,352,64,62,0.93,2,-1,-1
792,-1,356,130,12,12,0.87,2,-1,-1
792,-1,312,144,14,16,0.86,2,-1,-1
792,-1,312,115,7,10,0.25,2,-1,-1
793,-1,479,321,55,56,0.92,2,-1,-1
793,-1,312,146,15,16,0.87,2,-1,-1
793,-1,356,129,12,11,0.84,2,-1,-1
793,-1,312,116,7,10,0.35,2,-1,-1
794,-1,438,439,75,83,0.93,2,-1,-1
794,-1,470,306,51,50,0.91,2,-1,-1
794,-1,312,146,15,17,0.87,2,-1,-1
794,-1,356,128,12,11,0.81,2,-1,-1
794,-1,312,116,7,10,0.35,2,-1,-1
795,-1,428,399,65,71,0.92,2,-1,-1
795,-1,459,283,46,47,0.90,2,-1,-1
795,-1,311,148,15,17,0.86,2,-1,-1
795,-1,356,127,12,11,0.82,2,-1,-1
795,-1,311,117,8,9,0.54,2,-1,-1
796,-1,421,376,61,65,0.93,2,-1,-1
796,-1,452,272,44,42,0.91,2,-1,-1
796,-1,310,150,15,17,0.86,2,-1,-1
796,-1,356,126,12,10,0.81,2,-1,-1
796,-1,311,117,8,9,0.54,2,-1,-1
797,-1,416,354,55,60,0.92,2,-1,-1
797,-1,446,262,42,40,0.90,2,-1,-1
797,-1,310,152,16,16,0.86,2,-1,-1
797,-1,356,126,12,10,0.81,2,-1,-1
797,-1,310,116,8,10,0.54,2,-1,-1
798,-1,410,328,49,54,0.92,2,-1,-1
798,-1,438,246,37,37,0.89,2,-1,-1
798,-1,310,152,16,18,0.87,2,-1,-1
798,-1,355,125,12,10,0.80,2,-1,-1
798,-1,310,116,8,10,0.69,2,-1,-1
799,-1,406,312,46,51,0.92,2,-1,-1
799,-1,432,239,37,36,0.89,2,-1,-1
799,-1,310,153,16,18,0.86,2,-1,-1
799,-1,355,124,11,10,0.79,2,-1,-1
799,-1,310,116,8,10,0.67,2,-1,-1
800,-1,400,293,43,46,0.91,2,-1,-1
800,-1,427,227,34,33,0.89,2,-1,-1
800,-1,309,155,16,19,0.87,2,-1,-1
800,-1,355,124,11,10,0.79,2,-1,-1
800,-1,309,115,9,12,0.64,2,-1,-1
801,-1,396,281,41,44,0.91,2,-1,-1
801,-1,424,221,32,30,0.88,2,-1,-1
801,-1,309,156,16,20,0.88,2,-1,-1
801,-1,354,123,11,10,0.82,2,-1,-1
801,-1,309,115,9,12,0.65,2,-1,-1
802,-1,393,266,38,40,0.91,2,-1,-1
802,-1,418,211,31,30,0.89,2,-1,-1
802,-1,309,159,16,20,0.87,2,-1,-1
802,-1,354,122,11,10,0.80,2,-1,-1
802,-1,308,114,10,14,0.62,2,-1,-1
803,-1,388,253,36,37,0.89,2,-1,-1
803,-1,414,203,29,28,0.88,2,-1,-1
803,-1,308,161,16,20,0.88,2,-1,-1
803,-1,353,122,11,9,0.73,2,-1,-1
803,-1,308,115,10,13,0.69,2,-1,-1
804,-1,386,245,34,36,0.89,2,-1,-1
804,-1,308,163,17,20,0.89,2,-1,-1
804,-1,412,199,27,26,0.88,2,-1,-1
804,-1,308,116,11,12,0.74,2,-1,-1
804,-1,353,121,11,10,0.70,2,-1,-1
805,-1,409,194,26,26,0.90,2,-1,-1
805,-1,308,164,17,21,0.89,2,-1,-1
805,-1,384,237,32,34,0.88,2,-1,-1
805,-1,308,116,11,12,0.74,2,-1,-1
805,-1,353,121,11,10,0.67,2,-1,-1
806,-1,382,228,30,32,0.90,2,-1,-1
806,-1,404,188,26,25,0.87,2,-1,-1
806,-1,307,167,18,22,0.86,2,-1,-1
806,-1,353,120,11,10,0.74,2,-1,-1
806,-1,308,114,11,14,0.68,2,-1,-1
807,-1,305,169,19,22,0.90,2,-1,-1
807,-1,379,220,29,30,0.89,2,-1,-1
807,-1,402,183,24,23,0.87,2,-1,-1
807,-1,353,119,10,9,0.76,2,-1,-1
807,-1,306,115,12,15,0.68,2,-1,-1
808,-1,305,171,19,23,0.90,2,-1,-1
808,-1,378,215,28,29,0.89,2,-1,-1
808,-1,400,179,23,23,0.88,2,-1,-1
808,-1,353,119,10,9,0.76,2,-1,-1
808,-1,306,115,12,15,0.68,2,-1,-1
809,-1,377,210,26,28,0.89,2,-1,-1
809,-1,398,175,22,22,0.88,2,-1,-1
809,-1,304,174,19,22,0.87,2,-1,-1
809,-1,352,119,10,9,0.74,2,-1,-1
809,-1,306,113,13,17,0.54,7,-1,-1
810,-1,396,171,21,21,0.89,2,-1,-1
810,-1,304,177,20,24,0.89,2,-1,-1
810,-1,375,202,25,27,0.88,2,-1,-1
810,-1,352,118,10,9,0.74,2,-1,-1
810,-1,306,114,12,17,0.61,7,-1,-1
810,-1,325,114,8,10,0.11,2,-1,-1
811,-1,302,178,21,24,0.90,2,-1,-1
811,-1,394,169,20,20,0.88,2,-1,-1
811,-1,374,198,25,26,0.88,2,-1,-1
811,-1,352,118,10,9,0.74,2,-1,-1
811,-1,306,114,12,17,0.54,7,-1,-1
811,-1,324,112,9,11,0.12,2,-1,-1
812,-1,372,193,24,25,0.90,2,-1,-1
812,-1,392,165,20,19,0.88,2,-1,-1
812,-1,302,182,21,25,0.87,2,-1,-1
812,-1,352,118,10,8,0.71,2,-1,-1
812,-1,306,115,12,17,0.60,7,-1,-1
813,-1,301,186,22,26,0.90,2,-1,-1
813,-1,389,161,20,19,0.88,2,-1,-1
813,-1,370,187,22,24,0.88,2,-1,-1
813,-1,351,117,9,8,0.65,2,-1,-1
813,-1,306,115,12,16,0.56,7,-1,-1
814,-1,300,189,22,26,0.88,2,-1,-1
814,-1,388,160,20,18,0.88,2,-1,-1
814,-1,370,184,22,24,0.88,2,-1,-1
814,-1,351,118,9,8,0.65,2,-1,-1
814,-1,306,115,13,17,0.60,7,-1,-1
814,-1,324,115,9,10,0.11,2,-1,-1
815,-1,298,193,24,28,0.89,2,-1,-1
815,-1,368,179,22,23,0.89,2,-1,-1
815,-1,387,156,18,18,0.88,2,-1,-1
815,-1,306,115,13,18,0.67,7,-1,-1
815,-1,351,117,8,8,0.55,2,-1,-1
815,-1,324,115,10,11,0.21,2,-1,-1
816,-1,368,177,20,22,0.90,2,-1,-1
816,-1,298,196,24,28,0.89,2,-1,-1
816,-1,385,154,18,18,0.88,2,-1,-1
816,-1,306,115,13,18,0.67,7,-1,-1
816,-1,351,117,8,8,0.55,2,-1,-1
816,-1,324,115,10,11,0.18,2,-1,-1
817,-1,366,173,20,21,0.88,2,-1,-1
817,-1,296,201,24,29,0.88,2,-1,-1
817,-1,384,152,17,16,0.86,2,-1,-1
817,-1,305,115,13,19,0.77,7,-1,-1
817,-1,352,116,8,8,0.35,2,-1,-1
817,-1,324,112,11,14,0.24,2,-1,-1
818,-1,366,170,20,22,0.89,2,-1,-1
818,-1,295,205,26,30,0.88,2,-1,-1
818,-1,383,151,17,16,0.86,2,-1,-1
818,-1,304,115,13,19,0.81,7,-1,-1
818,-1,351,115,8,8,0.25,2,-1,-1
818,-1,323,112,12,15,0.24,2,-1,-1
819,-1,292,210,27,32,0.90,2,-1,-1
819,-1,364,167,19,20,0.88,2,-1,-1
819,-1,382,148,16,16,0.86,2,-1,-1
819,-1,304,116,13,19,0.81,7,-1,-1
819,-1,322,111,12,17,0.45,7,-1,-1
819,-1,351,115,8,8,0.31,2,-1,-1
820,-1,382,146,15,16,0.89,2,-1,-1
820,-1,291,215,28,32,0.88,2,-1,-1
820,-1,364,164,18,20,0.87,2,-1,-1
820,-1,304,116,12,19,0.81,7,-1,-1
820,-1,322,111,12,17,0.36,7,-1,-1
820,-1,351,115,8,8,0.22,2,-1,-1
821,-1,290,219,28,33,0.89,2,-1,-1
821,-1,380,145,15,16,0.88,2,-1,-1
821,-1,364,163,18,19,0.87,2,-1,-1
821,-1,304,117,13,19,0.82,7,-1,-1
821,-1,322,112,12,17,0.52,7,-1,-1
822,-1,288,226,29,35,0.91,2,-1,-1
822,-1,363,160,17,18,0.87,2,-1,-1
822,-1,378,143,15,14,0.85,2,-1,-1
822,-1,304,117,12,19,0.82,7,-1,-1
822,-1,322,112,12,17,0.65,7,-1,-1
823,-1,286,232,30,36,0.90,2,-1,-1
823,-1,362,158,18,18,0.88,2,-1,-1
823,-1,378,142,14,14,0.85,2,-1,-1
823,-1,304,117,13,19,0.83,7,-1,-1
823,-1,322,112,12,18,0.66,7,-1,-1
823,-1,351,113,8,8,0.11,2,-1,-1
824,-1,283,241,32,38,0.90,2,-1,-1
824,-1,362,156,17,18,0.87,2,-1,-1
824,-1,376,141,14,13,0.85,2,-1,-1
824,-1,303,117,13,20,0.84,7,-1,-1
824,-1,322,112,12,18,0.69,7,-1,-1
824,-1,351,113,7,8,0.15,2,-1,-1
825,-1,280,250,32,40,0.91,2,-1,-1
825,-1,375,139,15,13,0.86,2,-1,-1
825,-1,361,154,16,18,0.85,2,-1,-1
825,-1,302,117,14,20,0.85,7,-1,-1
825,-1,322,112,13,18,0.71,7,-1,-1
825,-1,350,113,8,8,0.15,2,-1,-1
826,-1,278,258,34,42,0.91,2,-1,-1
826,-1,374,138,15,13,0.86,2,-1,-1
826,-1,360,152,17,16,0.86,2,-1,-1
826,-1,302,117,14,20,0.85,7,-1,-1
826,-1,321,112,13,19,0.69,7,-1,-1
826,-1,350,112,8,8,0.34,2,-1,-1
827,-1,276,265,35,44,0.91,2,-1,-1
827,-1,374,136,14,12,0.85,2,-1,-1
827,-1,360,152,16,16,0.85,2,-1,-1
827,-1,302,118,14,20,0.85,7,-1,-1
827,-1,322,112,13,19,0.77,7,-1,-1
827,-1,350,112,8,8,0.24,2,-1,-1
828,-1,270,276,38,48,0.90,2,-1,-1
828,-1,302,118,14,21,0.86,7,-1,-1
828,-1,372,134,14,12,0.86,2,-1,-1
828,-1,359,149,16,16,0.85,2,-1,-1
828,-1,322,112,13,19,0.76,7,-1,-1
828,-1,350,112,8,8,0.24,2,-1,-1
829,-1,266,291,40,51,0.92,2,-1,-1
829,-1,358,146,15,16,0.87,2,-1,-1
829,-1,300,117,14,22,0.87,7,-1,-1
829,-1,372,133,13,12,0.86,2,-1,-1
829,-1,320,111,14,21,0.76,7,-1,-1
829,-1,349,111,8,8,0.14,2,-1,-1
830,-1,262,302,42,53,0.91,2,-1,-1
830,-1,358,145,15,16,0.88,2,-1,-1
830,-1,300,117,14,22,0.87,7,-1,-1
830,-1,372,132,14,12,0.86,2,-1,-1
830,-1,320,113,14,20,0.70,7,-1,-1
831,-1,256,320,45,58,0.91,2,-1,-1
831,-1,358,144,14,15,0.87,2,-1,-1
831,-1,370,130,14,12,0.87,2,-1,-1
831,-1,300,118,15,22,0.87,7,-1,-1
831,-1,320,113,14,19,0.64,7,-1,-1
832,-1,252,334,48,62,0.92,2,-1,-1
832,-1,358,142,15,15,0.88,2,-1,-1
832,-1,300,118,16,23,0.86,7,-1,-1
832,-1,370,129,14,12,0.86,2,-1,-1
832,-1,320,113,14,20,0.78,7,-1,-1
833,-1,243,356,52,70,0.93,2,-1,-1
833,-1,356,141,14,14,0.89,2,-1,-1
833,-1,299,119,16,23,0.87,7,-1,-1
833,-1,368,128,14,12,0.82,2,-1,-1
833,-1,320,114,14,20,0.78,7,-1,-1
834,-1,236,373,56,76,0.92,2,-1,-1
834,-1,356,140,14,14,0.88,2,-1,-1
834,-1,299,119,16,23,0.87,7,-1,-1
834,-1,368,127,13,12,0.84,2,-1,-1
834,-1,320,114,14,20,0.77,7,-1,-1
835,-1,225,402,62,88,0.92,2,-1,-1
835,-1,356,139,14,14,0.88,2,-1,-1
835,-1,368,126,12,12,0.86,2,-1,-1
835,-1,299,119,16,24,0.86,7,-1,-1
835,-1,320,115,14,21,0.82,7,-1,-1
836,-1,216,424,68,96,0.92,2,-1,-1
836,-1,298,120,17,24,0.87,7,-1,-1
836,-1,356,138,14,14,0.87,2,-1,-1
836,-1,368,126,12,12,0.87,2,-1,-1
836,-1,320,116,14,20,0.77,7,-1,-1
837,-1,298,120,17,24,0.87,7,-1,-1
837,-1,356,136,13,13,0.84,2,-1,-1
837,-1,367,124,12,11,0.84,2,-1,-1
837,-1,320,116,14,19,0.62,7,-1,-1
838,-1,297,120,18,24,0.87,7,-1,-1
838,-1,367,124,12,12,0.84,2,-1,-1
838,-1,356,135,13,13,0.83,2,-1,-1
838,-1,319,116,14,20,0.69,7,-1,-1
839,-1,296,121,18,25,0.86,7,-1,-1
839,-1,366,123,12,11,0.85,2,-1,-1
839,-1,354,134,14,13,0.83,2,-1,-1
839,-1,319,118,14,20,0.49,2,-1,-1
840,-1,296,121,18,25,0.86,7,-1,-1
840,-1,366,122,12,11,0.85,2,-1,-1
840,-1,354,133,13,13,0.83,2,-1,-1
840,-1,318,117,15,21,0.69,7,-1,-1
841,-1,296,121,18,24,0.87,7,-1,-1
841,-1,365,122,12,11,0.85,2,-1,-1
841,-1,354,132,13,12,0.84,2,-1,-1
841,-1,318,118,16,22,0.66,7,-1,-1
842,-1,296,122,18,25,0.86,7,-1,-1
842,-1,354,131,13,12,0.85,2,-1,-1
842,-1,365,121,12,10,0.81,2,-1,-1
842,-1,318,118,16,22,0.70,7,-1,-1
843,-1,295,122,18,26,0.85,7,-1,-1
843,-1,354,130,12,12,0.85,2,-1,-1
843,-1,318,118,16,23,0.75,7,-1,-1
843,-1,365,121,11,10,0.69,2,-1,-1
844,-1,295,122,18,26,0.85,7,-1,-1
844,-1,354,130,12,12,0.85,2,-1,-1
844,-1,318,118,16,24,0.82,7,-1,-1
844,-1,365,120,10,10,0.74,2,-1,-1
845,-1,294,122,18,27,0.85,7,-1,-1
845,-1,353,128,12,12,0.82,2,-1,-1
845,-1,317,118,16,24,0.78,7,-1,-1
845,-1,364,119,10,10,0.71,2,-1,-1
846,-1,294,122,18,27,0.85,7,-1,-1
846,-1,353,128,12,12,0.79,2,-1,-1
846,-1,317,119,16,24,0.77,7,-1,-1
846,-1,364,119,10,10,0.71,2,-1,-1
847,-1,294,124,18,27,0.85,7,-1,-1
847,-1,353,126,12,12,0.84,2,-1,-1
847,-1,316,119,17,25,0.79,7,-1,-1
847,-1,364,118,10,9,0.66,2,-1,-1
848,-1,293,125,19,27,0.85,7,-1,-1
848,-1,353,126,12,12,0.84,2,-1,-1
848,-1,316,119,17,25,0.80,7,-1,-1
848,-1,364,118,10,9,0.63,2,-1,-1
849,-1,293,126,19,27,0.86,7,-1,-1
849,-1,352,126,12,11,0.85,2,-1,-1
849,-1,316,119,17,26,0.78,7,-1,-1
849,-1,363,118,9,9,0.51,2,-1,-1
850,-1,292,126,19,27,0.86,7,-1,-1
850,-1,352,125,11,10,0.85,2,-1,-1
850,-1,316,119,17,26,0.82,7,-1,-1
850,-1,363,116,9,9,0.64,2,-1,-1
851,-1,292,127,19,26,0.86,7,-1,-1
851,-1,352,124,11,11,0.86,2,-1,-1
851,-1,316,120,17,26,0.80,7,-1,-1
851,-1,362,116,9,9,0.61,2,-1,-1
852,-1,292,127,20,27,0.87,7,-1,-1
852,-1,352,124,11,10,0.86,2,-1,-1
852,-1,315,122,18,26,0.82,7,-1,-1
852,-1,362,116,8,8,0.62,2,-1,-1
853,-1,291,128,20,26,0.87,7,-1,-1
853,-1,315,122,18,27,0.87,7,-1,-1
853,-1,352,123,11,10,0.85,2,-1,-1
853,-1,362,115,9,9,0.52,2,-1,-1
854,-1,291,128,20,28,0.86,7,-1,-1
854,-1,315,122,18,27,0.86,7,-1,-1
854,-1,352,122,10,10,0.82,2,-1,-1
854,-1,361,115,9,9,0.51,2,-1,-1
855,-1,314,124,19,26,0.85,7,-1,-1
855,-1,290,128,20,29,0.85,7,-1,-1
855,-1,352,122,10,10,0.82,2,-1,-1
855,-1,361,113,9,9,0.25,2,-1,-1
856,-1,314,124,19,27,0.86,7,-1,-1
856,-1,290,129,20,28,0.85,7,-1,-1
856,-1,352,121,10,10,0.64,2,-1,-1
856,-1,361,113,8,9,0.44,2,-1,-1
857,-1,314,124,20,28,0.86,7,-1,-1
857,-1,289,129,20,29,0.86,7,-1,-1
857,-1,352,121,10,10,0.63,2,-1,-1
857,-1,361,113,8,9,0.41,2,-1,-1
858,-1,289,130,20,29,0.87,7,-1,-1
858,-1,313,126,20,28,0.86,7,-1,-1
858,-1,351,120,10,9,0.68,2,-1,-1
858,-1,360,113,8,8,0.38,2,-1,-1
859,-1,313,126,20,28,0.88,7,-1,-1
859,-1,288,130,21,30,0.87,7,-1,-1
859,-1,351,120,10,10,0.74,2,-1,-1
859,-1,360,112,8,8,0.44,2,-1,-1
860,-1,287,131,22,30,0.88,7,-1,-1
860,-1,312,126,21,30,0.87,7,-1,-1
860,-1,351,119,9,9,0.75,2,-1,-1
860,-1,359,111,8,8,0.48,2,-1,-1
861,-1,286,133,21,30,0.88,7,-1,-1
861,-1,312,127,21,30,0.87,7,-1,-1
861,-1,351,118,9,9,0.78,2,-1,-1
861,-1,359,110,8,8,0.47,2,-1,-1
862,-1,286,134,21,30,0.88,7,-1,-1
862,-1,311,127,22,30,0.87,7,-1,-1
862,-1,351,118,9,9,0.78,2,-1,-1
862,-1,359,110,8,8,0.47,2,-1,-1
863,-1,311,127,22,31,0.87,7,-1,-1
863,-1,286,134,21,30,0.87,7,-1,-1
863,-1,351,118,8,9,0.71,2,-1,-1
863,-1,358,110,8,8,0.30,2,-1,-1
864,-1,310,129,22,31,0.87,7,-1,-1
864,-1,285,135,21,30,0.87,7,-1,-1
864,-1,351,118,8,9,0.70,2,-1,-1
864,-1,358,110,8,8,0.29,2,-1,-1
865,-1,310,130,22,31,0.88,7,-1,-1
865,-1,284,136,22,31,0.88,7,-1,-1
865,-1,350,117,8,8,0.69,2,-1,-1
865,-1,358,109,8,8,0.45,2,-1,-1
866,-1,310,130,23,32,0.88,7,-1,-1
866,-1,284,136,22,32,0.88,7,-1,-1
866,-1,350,116,8,8,0.63,2,-1,-1
866,-1,358,109,8,8,0.26,2,-1,-1
867,-1,310,132,23,32,0.89,7,-1,-1
867,-1,283,137,22,32,0.88,7,-1,-1
867,-1,350,116,8,8,0.65,2,-1,-1
867,-1,358,109,8,8,0.27,2,-1,-1
868,-1,309,132,23,33,0.89,7,-1,-1
868,-1,282,137,23,32,0.88,7,-1,-1
868,-1,350,115,8,8,0.54,2,-1,-1
868,-1,358,108,8,8,0.11,2,-1,-1
869,-1,309,133,23,34,0.89,7,-1,-1
869,-1,282,138,23,33,0.88,7,-1,-1
869,-1,350,115,8,8,0.62,2,-1,-1
869,-1,358,108,8,8,0.14,2,-1,-1
870,-1,308,134,24,34,0.88,7,-1,-1
870,-1,280,138,24,34,0.88,7,-1,-1
870,-1,350,115,8,8,0.48,2,-1,-1
871,-1,308,134,24,35,0.89,7,-1,-1
871,-1,279,139,24,34,0.87,7,-1,-1
871,-1,350,115,8,8,0.49,2,-1,-1
872,-1,308,136,24,36,0.89,7,-1,-1
872,-1,278,141,26,35,0.87,7,-1,-1
872,-1,350,113,7,8,0.19,2,-1,-1
873,-1,307,137,25,36,0.89,7,-1,-1
873,-1,276,142,26,35,0.88,7,-1,-1
873,-1,350,113,8,8,0.19,2,-1,-1
874,-1,307,138,25,37,0.89,7,-1,-1
874,-1,276,142,26,36,0.88,7,-1,-1
874,-1,350,113,8,8,0.19,2,-1,-1
875,-1,275,144,26,36,0.89,7,-1,-1
875,-1,306,139,25,37,0.89,7,-1,-1
875,-1,350,112,7,8,0.18,2,-1,-1
876,-1,274,145,27,36,0.89,7,-1,-1
876,-1,306,141,26,36,0.89,7,-1,-1
876,-1,350,111,8,9,0.16,2,-1,-1
877,-1,304,142,26,38,0.90,7,-1,-1
877,-1,273,146,27,36,0.88,7,-1,-1
877,-1,349,111,8,9,0.19,2,-1,-1
878,-1,304,143,26,38,0.90,7,-1,-1
878,-1,272,148,27,36,0.88,7,-1,-1
879,-1,270,149,28,37,0.89,7,-1,-1
879,-1,304,144,27,40,0.88,7,-1,-1
880,-1,270,150,27,37,0.88,7,-1,-1
880,-1,303,146,28,40,0.88,7,-1,-1
881,-1,303,147,28,41,0.90,7,-1,-1
881,-1,269,151,28,38,0.89,7,-1,-1
882,-1,302,148,29,43,0.90,7,-1,-1
882,-1,267,152,29,39,0.90,7,-1,-1
883,-1,266,154,29,40,0.90,7,-1,-1
883,-1,300,150,30,44,0.89,7,-1,-1
884,-1,265,154,30,40,0.90,7,-1,-1
884,-1,300,151,31,44,0.90,7,-1,-1
885,-1,299,152,31,46,0.90,7,-1,-1
885,-1,264,156,30,41,0.89,7,-1,-1
886,-1,298,153,32,48,0.90,7,-1,-1
886,-1,262,158,30,42,0.89,7,-1,-1
887,-1,297,156,33,48,0.91,7,-1,-1
887,-1,260,160,31,42,0.90,7,-1,-1
888,-1,259,161,31,43,0.91,7,-1,-1
888,-1,296,158,34,48,0.90,7,-1,-1
889,-1,296,157,34,52,0.91,7,-1,-1
889,-1,258,162,31,44,0.90,7,-1,-1
890,-1,256,164,32,44,0.90,7,-1,-1
890,-1,294,159,36,54,0.90,7,-1,-1
891,-1,255,165,32,45,0.90,7,-1,-1
891,-1,294,161,36,55,0.89,7,-1,-1
892,-1,252,167,34,46,0.90,7,-1,-1
892,-1,292,164,37,56,0.90,7,-1,-1
893,-1,251,168,34,48,0.91,7,-1,-1
893,-1,290,166,38,58,0.90,7,-1,-1
894,-1,248,171,34,48,0.91,7,-1,-1
894,-1,288,168,39,60,0.90,7,-1,-1
895,-1,246,174,36,50,0.91,7,-1,-1
895,-1,286,171,40,62,0.90,7,-1,-1
896,-1,244,175,36,50,0.91,7,-1,-1
896,-1,284,172,42,66,0.90,7,-1,-1
897,-1,242,178,37,52,0.91,7,-1,-1
897,-1,282,174,43,68,0.89,7,-1,-1
898,-1,240,179,37,53,0.91,7,-1,-1
898,-1,281,176,44,72,0.89,7,-1,-1
899,-1,238,183,38,54,0.91,7,-1,-1
899,-1,278,180,46,74,0.90,7,-1,-1
900,-1,236,184,38,55,0.91,7,-1,-1
900,-1,276,180,48,78,0.90,7,-1,-1
