1,-1,326,97,11,11,0.67,2,-1,-1
2,-1,326,99,11,11,0.64,2,-1,-1
2,-1,320,78,10,14,0.13,7,-1,-1
3,-1,326,100,10,10,0.66,2,-1,-1
4,-1,325,102,10,10,0.25,2,-1,-1
4,-1,320,78,10,14,0.10,7,-1,-1
5,-1,324,102,11,10,0.63,2,-1,-1
6,-1,324,102,11,10,0.61,2,-1,-1
7,-1,324,104,10,10,0.19,2,-1,-1
8,-1,324,105,10,11,0.69,2,-1,-1
9,-1,322,106,11,11,0.67,2,-1,-1
9,-1,319,80,10,15,0.19,7,-1,-1
10,-1,322,106,12,11,0.72,2,-1,-1
10,-1,318,80,11,16,0.35,7,-1,-1
11,-1,322,108,12,12,0.75,2,-1,-1
11,-1,318,80,11,16,0.40,7,-1,-1
12,-1,321,108,12,12,0.75,2,-1,-1
12,-1,317,80,12,16,0.39,7,-1,-1
13,-1,321,110,12,12,0.77,2,-1,-1
13,-1,317,80,12,16,0.41,7,-1,-1
14,-1,321,110,12,12,0.77,2,-1,-1
14,-1,317,80,12,16,0.41,7,-1,-1
15,-1,320,112,13,12,0.79,2,-1,-1
15,-1,317,81,12,16,0.17,7,-1,-1
16,-1,320,113,13,13,0.79,2,-1,-1
16,-1,316,82,12,16,0.31,7,-1,-1
17,-1,319,114,14,13,0.80,2,-1,-1
17,-1,316,82,12,16,0.39,7,-1,-1
18,-1,319,116,13,13,0.79,2,-1,-1
18,-1,316,82,12,16,0.32,7,-1,-1
19,-1,318,118,12,12,0.76,2,-1,-1
19,-1,316,82,12,17,0.33,7,-1,-1
20,-1,316,119,14,13,0.80,2,-1,-1
20,-1,316,83,12,17,0.38,7,-1,-1
20,-1,330,88,10,12,0.14,2,-1,-1
21,-1,316,120,14,13,0.78,2,-1,-1
21,-1,315,84,12,16,0.19,7,-1,-1
21,-1,330,88,10,12,0.16,2,-1,-1
22,-1,315,123,14,13,0.82,2,-1,-1
22,-1,330,89,10,13,0.42,2,-1,-1
22,-1,315,84,12,16,0.33,7,-1,-1
23,-1,315,123,14,14,0.83,2,-1,-1
23,-1,330,88,10,13,0.51,2,-1,-1
23,-1,315,84,12,16,0.37,7,-1,-1
24,-1,314,125,15,14,0.81,2,-1,-1
24,-1,314,85,12,17,0.46,7,-1,-1
24,-1,330,89,10,13,0.27,2,-1,-1
25,-1,312,126,16,15,0.81,2,-1,-1
25,-1,314,85,12,17,0.48,7,-1,-1
25,-1,330,89,10,13,0.24,2,-1,-1
26,-1,311,128,16,15,0.83,2,-1,-1
26,-1,329,90,10,14,0.60,2,-1,-1
26,-1,314,85,12,17,0.50,7,-1,-1
27,-1,311,130,16,15,0.82,2,-1,-1
27,-1,314,85,13,18,0.65,7,-1,-1
27,-1,329,91,10,13,0.28,2,-1,-1
28,-1,310,132,16,16,0.83,2,-1,-1
28,-1,314,85,13,18,0.65,7,-1,-1
28,-1,329,91,10,13,0.41,2,-1,-1
29,-1,308,133,17,16,0.82,2,-1,-1
29,-1,329,92,10,13,0.64,2,-1,-1
29,-1,313,86,13,18,0.55,7,-1,-1
30,-1,307,137,18,16,0.84,2,-1,-1
30,-1,312,87,14,18,0.61,7,-1,-1
30,-1,328,92,10,14,0.16,2,-1,-1
31,-1,306,138,18,17,0.83,2,-1,-1
31,-1,328,96,10,12,0.63,2,-1,-1
31,-1,311,88,14,19,0.61,7,-1,-1
32,-1,305,140,18,18,0.83,2,-1,-1
32,-1,311,88,14,19,0.65,7,-1,-1
32,-1,328,96,10,12,0.64,2,-1,-1
33,-1,304,143,18,18,0.82,2,-1,-1
33,-1,312,87,14,19,0.68,7,-1,-1
33,-1,328,96,10,12,0.63,2,-1,-1
34,-1,303,146,18,18,0.84,2,-1,-1
34,-1,310,88,15,20,0.77,7,-1,-1
34,-1,327,98,10,12,0.31,2,-1,-1
35,-1,302,150,19,18,0.84,2,-1,-1
35,-1,311,88,14,20,0.75,7,-1,-1
35,-1,326,98,11,12,0.63,2,-1,-1
36,-1,299,154,20,18,0.84,2,-1,-1
36,-1,326,99,11,12,0.75,2,-1,-1
36,-1,310,89,14,19,0.47,7,-1,-1
37,-1,298,157,20,18,0.84,2,-1,-1
37,-1,310,88,14,20,0.76,7,-1,-1
37,-1,326,102,11,11,0.40,2,-1,-1
38,-1,295,160,22,20,0.85,2,-1,-1
38,-1,309,89,15,22,0.83,7,-1,-1
38,-1,326,102,11,12,0.68,2,-1,-1
39,-1,294,163,22,22,0.88,2,-1,-1
39,-1,308,89,16,22,0.82,7,-1,-1
39,-1,325,102,12,12,0.69,2,-1,-1
40,-1,292,169,23,22,0.87,2,-1,-1
40,-1,308,90,16,23,0.82,7,-1,-1
40,-1,324,103,12,14,0.73,2,-1,-1
41,-1,290,172,24,23,0.86,2,-1,-1
41,-1,308,90,16,23,0.83,7,-1,-1
41,-1,323,104,12,14,0.75,2,-1,-1
42,-1,286,177,26,25,0.86,2,-1,-1
42,-1,307,90,16,24,0.84,7,-1,-1
42,-1,323,105,12,14,0.77,2,-1,-1
43,-1,285,182,24,24,0.87,2,-1,-1
43,-1,307,91,16,23,0.82,7,-1,-1
43,-1,322,106,13,14,0.79,2,-1,-1
44,-1,280,188,28,27,0.87,2,-1,-1
44,-1,306,91,18,24,0.83,7,-1,-1
44,-1,321,108,14,14,0.78,2,-1,-1
45,-1,276,193,30,28,0.88,2,-1,-1
45,-1,305,91,18,25,0.80,7,-1,-1
45,-1,321,108,14,14,0.78,2,-1,-1
45,-1,328,94,10,9,0.11,2,-1,-1
46,-1,273,202,30,30,0.88,2,-1,-1
46,-1,305,92,18,25,0.82,7,-1,-1
46,-1,320,110,14,14,0.78,2,-1,-1
47,-1,270,208,30,30,0.89,2,-1,-1
47,-1,304,92,18,26,0.85,7,-1,-1
47,-1,320,110,14,15,0.81,2,-1,-1
47,-1,320,78,10,14,0.15,7,-1,-1
47,-1,328,94,10,9,0.11,2,-1,-1
48,-1,265,218,32,32,0.88,2,-1,-1
48,-1,319,112,14,15,0.84,2,-1,-1
48,-1,304,93,18,26,0.84,7,-1,-1
48,-1,327,96,10,9,0.18,2,-1,-1
48,-1,320,78,10,14,0.17,7,-1,-1
49,-1,260,226,34,34,0.90,2,-1,-1
49,-1,319,111,14,17,0.83,2,-1,-1
49,-1,303,93,19,27,0.82,7,-1,-1
49,-1,320,78,10,14,0.17,7,-1,-1
49,-1,326,97,10,9,0.16,2,-1,-1
50,-1,254,238,36,38,0.90,2,-1,-1
50,-1,302,93,20,28,0.85,7,-1,-1
50,-1,318,114,14,16,0.83,2,-1,-1
50,-1,328,97,9,9,0.41,2,-1,-1
50,-1,319,78,10,15,0.22,7,-1,-1
51,-1,250,246,36,41,0.90,2,-1,-1
51,-1,302,94,20,28,0.85,7,-1,-1
51,-1,317,114,15,16,0.80,2,-1,-1
51,-1,327,97,10,9,0.39,2,-1,-1
51,-1,319,78,10,15,0.17,7,-1,-1
52,-1,238,264,42,46,0.90,2,-1,-1
52,-1,301,95,20,28,0.84,7,-1,-1
52,-1,316,116,16,16,0.80,2,-1,-1
52,-1,326,98,10,10,0.47,2,-1,-1
53,-1,232,276,45,50,0.91,2,-1,-1
53,-1,301,96,20,29,0.84,7,-1,-1
53,-1,315,117,16,18,0.82,2,-1,-1
53,-1,326,99,10,10,0.43,2,-1,-1
54,-1,221,299,50,56,0.90,2,-1,-1
54,-1,300,96,20,30,0.85,7,-1,-1
54,-1,315,118,16,18,0.83,2,-1,-1
54,-1,326,100,10,10,0.54,2,-1,-1
54,-1,318,80,11,16,0.13,7,-1,-1
55,-1,212,318,53,61,0.90,2,-1,-1
55,-1,300,97,20,30,0.83,7,-1,-1
55,-1,314,119,17,19,0.81,2,-1,-1
55,-1,317,79,12,16,0.65,7,-1,-1
55,-1,326,100,10,10,0.54,2,-1,-1
56,-1,195,352,60,69,0.90,2,-1,-1
56,-1,298,97,21,30,0.87,7,-1,-1
56,-1,312,121,18,18,0.83,2,-1,-1
56,-1,317,79,12,16,0.62,7,-1,-1
56,-1,326,101,10,10,0.56,2,-1,-1
57,-1,181,376,66,81,0.92,2,-1,-1
57,-1,298,97,21,31,0.87,7,-1,-1
57,-1,312,123,18,18,0.84,2,-1,-1
57,-1,317,80,12,16,0.56,7,-1,-1
57,-1,326,102,10,10,0.55,2,-1,-1
58,-1,156,424,78,96,0.92,2,-1,-1
58,-1,297,98,21,31,0.86,7,-1,-1
58,-1,310,124,18,20,0.83,2,-1,-1
58,-1,325,103,10,10,0.50,2,-1,-1
58,-1,317,80,12,16,0.29,7,-1,-1
59,-1,140,462,84,77,0.91,2,-1,-1
59,-1,296,99,21,32,0.85,7,-1,-1
59,-1,310,125,18,21,0.83,2,-1,-1
59,-1,325,103,10,10,0.57,2,-1,-1
59,-1,317,80,12,16,0.28,7,-1,-1
60,-1,296,100,22,32,0.86,7,-1,-1
60,-1,309,127,18,22,0.83,2,-1,-1
60,-1,324,105,11,10,0.44,2,-1,-1
61,-1,295,100,22,33,0.86,7,-1,-1
61,-1,308,129,19,22,0.85,2,-1,-1
61,-1,324,105,11,11,0.69,2,-1,-1
62,-1,294,101,22,33,0.88,7,-1,-1
62,-1,306,131,20,22,0.84,2,-1,-1
62,-1,324,106,11,11,0.68,2,-1,-1
63,-1,292,103,24,33,0.88,7,-1,-1
63,-1,305,133,20,23,0.83,2,-1,-1
63,-1,323,107,11,11,0.64,2,-1,-1
64,-1,292,104,23,32,0.88,7,-1,-1
64,-1,304,135,20,24,0.86,2,-1,-1
64,-1,323,107,11,11,0.68,2,-1,-1
64,-1,316,82,11,16,0.12,7,-1,-1
65,-1,290,106,24,34,0.88,7,-1,-1
65,-1,302,138,21,24,0.86,2,-1,-1
65,-1,322,109,12,11,0.66,2,-1,-1
65,-1,315,82,12,18,0.13,7,-1,-1
66,-1,290,106,24,35,0.88,7,-1,-1
66,-1,302,140,21,26,0.86,2,-1,-1
66,-1,322,109,12,11,0.66,2,-1,-1
66,-1,315,82,12,18,0.15,7,-1,-1
67,-1,289,107,25,35,0.88,7,-1,-1
67,-1,300,144,22,26,0.87,2,-1,-1
67,-1,321,111,12,11,0.48,2,-1,-1
67,-1,315,82,12,19,0.21,7,-1,-1
68,-1,288,107,25,36,0.88,7,-1,-1
68,-1,298,147,23,26,0.85,2,-1,-1
68,-1,321,112,12,12,0.71,2,-1,-1
68,-1,315,81,12,20,0.43,7,-1,-1
69,-1,286,108,26,36,0.88,7,-1,-1
69,-1,296,150,22,28,0.87,2,-1,-1
69,-1,320,113,12,12,0.75,2,-1,-1
69,-1,315,81,12,20,0.32,7,-1,-1
70,-1,285,109,27,38,0.88,7,-1,-1
70,-1,294,154,24,27,0.86,2,-1,-1
70,-1,320,114,12,12,0.76,2,-1,-1
70,-1,315,83,12,19,0.60,7,-1,-1
71,-1,284,110,28,38,0.89,7,-1,-1
71,-1,291,158,26,29,0.88,2,-1,-1
71,-1,320,115,12,12,0.80,2,-1,-1
71,-1,315,83,12,19,0.60,7,-1,-1
72,-1,283,112,28,38,0.89,7,-1,-1
72,-1,289,161,26,30,0.88,2,-1,-1
72,-1,320,116,12,12,0.81,2,-1,-1
72,-1,314,83,13,19,0.71,7,-1,-1
73,-1,280,113,30,40,0.90,7,-1,-1
73,-1,287,167,26,31,0.89,2,-1,-1
73,-1,318,118,13,12,0.77,2,-1,-1
73,-1,314,83,13,20,0.74,7,-1,-1
74,-1,280,114,30,40,0.89,7,-1,-1
74,-1,284,170,28,33,0.89,2,-1,-1
74,-1,318,118,13,12,0.80,2,-1,-1
74,-1,313,83,14,20,0.79,7,-1,-1
75,-1,280,176,30,34,0.89,2,-1,-1
75,-1,278,115,30,42,0.89,7,-1,-1
75,-1,317,119,14,13,0.80,2,-1,-1
75,-1,313,84,14,20,0.77,7,-1,-1
76,-1,277,181,31,36,0.89,2,-1,-1
76,-1,276,116,32,43,0.89,7,-1,-1
76,-1,316,121,14,14,0.81,2,-1,-1
76,-1,312,84,14,20,0.80,7,-1,-1
77,-1,272,186,33,40,0.90,2,-1,-1
77,-1,274,118,32,44,0.90,7,-1,-1
77,-1,316,122,15,14,0.84,2,-1,-1
77,-1,312,85,14,20,0.80,7,-1,-1
78,-1,273,119,32,44,0.90,7,-1,-1
78,-1,269,193,34,41,0.90,2,-1,-1
78,-1,315,124,14,14,0.81,2,-1,-1
78,-1,312,85,14,20,0.80,7,-1,-1
79,-1,270,121,34,45,0.90,7,-1,-1
79,-1,264,201,36,46,0.90,2,-1,-1
79,-1,311,86,15,21,0.85,7,-1,-1
79,-1,314,125,14,14,0.80,2,-1,-1
80,-1,260,209,38,46,0.91,2,-1,-1
80,-1,269,122,34,46,0.90,7,-1,-1
80,-1,311,85,15,22,0.85,7,-1,-1
80,-1,312,126,16,15,0.81,2,-1,-1
81,-1,252,220,42,52,0.91,2,-1,-1
81,-1,266,124,36,48,0.90,7,-1,-1
81,-1,310,86,15,22,0.85,7,-1,-1
81,-1,312,128,16,15,0.82,2,-1,-1
82,-1,246,228,44,56,0.91,2,-1,-1
82,-1,265,125,36,50,0.90,7,-1,-1
82,-1,310,86,15,21,0.84,7,-1,-1
82,-1,312,130,16,14,0.83,2,-1,-1
83,-1,236,244,50,62,0.91,2,-1,-1
83,-1,262,126,38,51,0.90,7,-1,-1
83,-1,310,86,16,23,0.85,7,-1,-1
83,-1,311,132,16,15,0.81,2,-1,-1
84,-1,228,254,54,68,0.92,2,-1,-1
84,-1,261,128,38,52,0.91,7,-1,-1
84,-1,309,87,16,23,0.85,7,-1,-1
84,-1,310,133,16,16,0.83,2,-1,-1
85,-1,217,276,58,76,0.92,2,-1,-1
85,-1,257,131,40,54,0.91,7,-1,-1
85,-1,309,87,16,23,0.85,7,-1,-1
85,-1,309,136,16,15,0.84,2,-1,-1
86,-1,207,292,62,83,0.93,2,-1,-1
86,-1,255,132,41,55,0.90,7,-1,-1
86,-1,309,88,16,23,0.85,7,-1,-1
86,-1,308,137,17,16,0.85,2,-1,-1
87,-1,187,320,72,98,0.93,2,-1,-1
87,-1,252,133,43,59,0.91,7,-1,-1
87,-1,308,88,16,24,0.86,7,-1,-1
87,-1,307,140,17,16,0.83,2,-1,-1
88,-1,177,344,75,109,0.93,2,-1,-1
88,-1,249,136,44,59,0.92,7,-1,-1
88,-1,308,87,16,24,0.86,7,-1,-1
88,-1,305,141,18,18,0.84,2,-1,-1
89,-1,160,373,82,122,0.94,2,-1,-1
89,-1,247,138,45,60,0.91,7,-1,-1
89,-1,308,88,17,24,0.87,7,-1,-1
89,-1,305,142,18,19,0.83,2,-1,-1
90,-1,127,425,100,114,0.92,2,-1,-1
90,-1,244,140,46,63,0.92,7,-1,-1
90,-1,306,90,17,24,0.86,7,-1,-1
90,-1,303,146,18,18,0.84,2,-1,-1
91,-1,240,142,48,66,0.92,7,-1,-1
91,-1,306,90,18,24,0.86,7,-1,-1
91,-1,302,148,19,19,0.85,2,-1,-1
91,-1,112,470,98,69,0.83,2,-1,-1
92,-1,236,145,50,68,0.90,7,-1,-1
92,-1,305,90,18,25,0.87,7,-1,-1
92,-1,301,152,19,18,0.85,2,-1,-1
93,-1,232,147,54,72,0.90,7,-1,-1
93,-1,305,90,18,25,0.87,7,-1,-1
93,-1,300,155,20,18,0.83,2,-1,-1
94,-1,228,151,56,74,0.92,7,-1,-1
94,-1,303,90,20,26,0.87,7,-1,-1
94,-1,298,158,20,20,0.84,2,-1,-1
95,-1,224,153,58,78,0.92,7,-1,-1
95,-1,303,91,20,26,0.87,7,-1,-1
95,-1,297,160,20,20,0.86,2,-1,-1
96,-1,218,157,60,82,0.92,7,-1,-1
96,-1,294,164,22,22,0.87,2,-1,-1
96,-1,304,92,18,26,0.85,7,-1,-1
97,-1,212,160,64,88,0.92,7,-1,-1
97,-1,292,169,22,21,0.87,2,-1,-1
97,-1,302,93,20,26,0.86,7,-1,-1
98,-1,206,164,67,92,0.93,7,-1,-1
98,-1,302,93,20,26,0.86,7,-1,-1
98,-1,290,172,24,22,0.85,2,-1,-1
99,-1,198,168,72,96,0.92,7,-1,-1
99,-1,302,93,20,27,0.87,7,-1,-1
99,-1,288,177,25,24,0.87,2,-1,-1
100,-1,193,171,75,101,0.92,7,-1,-1
100,-1,302,93,20,28,0.87,7,-1,-1
100,-1,286,180,25,25,0.87,2,-1,-1
101,-1,184,177,80,108,0.93,7,-1,-1
101,-1,283,186,26,26,0.88,2,-1,-1
101,-1,300,93,20,29,0.87,7,-1,-1
102,-1,177,180,84,114,0.93,7,-1,-1
102,-1,281,191,27,26,0.88,2,-1,-1
102,-1,300,94,20,28,0.87,7,-1,-1
103,-1,164,186,92,126,0.93,7,-1,-1
103,-1,278,197,28,28,0.88,2,-1,-1
103,-1,299,95,21,29,0.87,7,-1,-1
104,-1,158,191,96,133,0.93,7,-1,-1
104,-1,276,202,28,30,0.88,2,-1,-1
104,-1,298,96,21,29,0.86,7,-1,-1
105,-1,143,197,108,147,0.93,7,-1,-1
105,-1,272,210,30,32,0.88,2,-1,-1
105,-1,298,96,21,30,0.87,7,-1,-1
106,-1,131,203,114,158,0.93,7,-1,-1
106,-1,268,218,32,32,0.88,2,-1,-1
106,-1,297,97,22,30,0.86,7,-1,-1
107,-1,113,211,126,177,0.92,7,-1,-1
107,-1,262,227,36,36,0.89,2,-1,-1
107,-1,296,97,22,30,0.86,7,-1,-1
108,-1,100,218,135,190,0.92,7,-1,-1
108,-1,260,234,36,38,0.89,2,-1,-1
108,-1,296,97,22,31,0.86,7,-1,-1
109,-1,76,228,152,213,0.94,7,-1,-1
109,-1,254,245,38,42,0.90,2,-1,-1
109,-1,296,98,22,32,0.86,7,-1,-1
110,-1,60,238,164,232,0.94,7,-1,-1
110,-1,250,256,39,43,0.90,2,-1,-1
110,-1,295,99,22,31,0.87,7,-1,-1
111,-1,25,251,188,272,0.93,7,-1,-1
111,-1,242,272,42,48,0.90,2,-1,-1
111,-1,294,100,23,32,0.88,7,-1,-1
112,-1,6,260,201,277,0.93,7,-1,-1
112,-1,234,284,46,51,0.90,2,-1,-1
112,-1,293,101,24,33,0.87,7,-1,-1
113,-1,5,278,190,257,0.90,7,-1,-1
113,-1,226,305,48,56,0.90,2,-1,-1
113,-1,293,101,24,33,0.87,7,-1,-1
114,-1,217,321,53,62,0.90,2,-1,-1
114,-1,292,101,24,34,0.88,7,-1,-1
115,-1,1,318,172,220,0.94,7,-1,-1
115,-1,204,350,58,70,0.89,2,-1,-1
115,-1,291,102,24,34,0.88,7,-1,-1
116,-1,3,338,159,201,0.92,7,-1,-1
116,-1,189,370,67,81,0.91,2,-1,-1
116,-1,290,103,25,36,0.87,7,-1,-1
117,-1,2,370,134,170,0.92,7,-1,-1
117,-1,172,410,73,90,0.91,2,-1,-1
117,-1,289,105,24,35,0.86,7,-1,-1
118,-1,3,396,116,143,0.93,7,-1,-1
118,-1,154,442,83,94,0.91,2,-1,-1
118,-1,289,106,24,34,0.86,7,-1,-1
119,-1,148,499,74,40,0.87,2,-1,-1
119,-1,286,106,27,36,0.87,7,-1,-1
120,-1,285,105,28,38,0.87,7,-1,-1
120,-1,2,490,60,49,0.31,7,-1,-1
121,-1,284,106,28,39,0.88,7,-1,-1
122,-1,283,107,28,39,0.88,7,-1,-1
123,-1,281,106,30,42,0.89,7,-1,-1
124,-1,281,106,30,43,0.89,7,-1,-1
125,-1,278,106,32,45,0.89,7,-1,-1
126,-1,278,107,32,45,0.89,7,-1,-1
127,-1,276,109,32,46,0.88,7,-1,-1
128,-1,275,109,32,46,0.89,7,-1,-1
129,-1,274,111,33,47,0.90,7,-1,-1
130,-1,272,110,34,49,0.90,7,-1,-1
131,-1,271,111,34,51,0.90,7,-1,-1
132,-1,270,111,35,52,0.90,7,-1,-1
133,-1,268,112,36,54,0.90,7,-1,-1
134,-1,268,113,36,55,0.90,7,-1,-1
135,-1,266,114,36,56,0.90,7,-1,-1
136,-1,264,116,38,57,0.90,7,-1,-1
137,-1,262,116,39,59,0.90,7,-1,-1
138,-1,260,117,40,60,0.90,7,-1,-1
139,-1,258,119,40,61,0.90,7,-1,-1
140,-1,256,121,41,63,0.90,7,-1,-1
141,-1,254,122,43,64,0.91,7,-1,-1
142,-1,252,124,44,65,0.91,7,-1,-1
143,-1,250,125,45,68,0.92,7,-1,-1
144,-1,248,125,47,70,0.91,7,-1,-1
145,-1,245,127,47,73,0.90,7,-1,-1
146,-1,243,128,48,75,0.91,7,-1,-1
147,-1,238,130,51,79,0.91,7,-1,-1
148,-1,236,132,52,80,0.91,7,-1,-1
149,-1,231,134,56,84,0.92,7,-1,-1
150,-1,228,135,58,86,0.92,7,-1,-1
151,-1,222,138,62,91,0.92,7,-1,-1
152,-1,219,140,64,94,0.91,7,-1,-1
153,-1,214,142,68,99,0.92,7,-1,-1
154,-1,210,144,70,103,0.92,7,-1,-1
155,-1,204,147,74,107,0.93,7,-1,-1
156,-1,199,149,76,112,0.93,7,-1,-1
157,-1,193,152,80,118,0.92,7,-1,-1
158,-1,186,154,85,124,0.92,7,-1,-1
159,-1,178,158,90,130,0.92,7,-1,-1
160,-1,170,161,96,136,0.93,7,-1,-1
161,-1,160,165,102,146,0.93,7,-1,-1
162,-1,153,167,106,156,0.93,7,-1,-1
163,-1,140,174,115,168,0.93,7,-1,-1
164,-1,131,176,122,178,0.92,7,-1,-1
165,-1,117,180,131,195,0.91,7,-1,-1
166,-1,104,187,141,203,0.92,7,-1,-1
167,-1,85,191,154,228,0.94,7,-1,-1
168,-1,70,193,164,245,0.93,7,-1,-1
169,-1,55,204,175,260,0.94,7,-1,-1
170,-1,30,214,192,293,0.95,7,-1,-1
171,-1,5,221,212,312,0.94,7,-1,-1
172,-1,5,228,208,306,0.93,7,-1,-1
173,-1,2,246,200,290,0.92,7,-1,-1
174,-1,1,254,194,284,0.92,7,-1,-1
174,-1,2,487,30,51,0.25,2,-1,-1
176,-1,0,280,172,257,0.93,7,-1,-1
177,-1,2,297,156,242,0.93,7,-1,-1
178,-1,1,320,146,217,0.94,7,-1,-1
179,-1,1,338,134,200,0.91,7,-1,-1
180,-1,3,374,109,165,0.92,7,-1,-1
181,-1,3,419,75,119,0.89,7,-1,-1
182,-1,2,458,50,81,0.72,7,-1,-1
226,-1,424,500,80,40,0.66,2,-1,-1
227,-1,414,450,84,89,0.74,2,-1,-1
228,-1,412,422,68,83,0.91,2,-1,-1
229,-1,406,384,64,77,0.90,2,-1,-1
230,-1,403,364,58,71,0.91,2,-1,-1
231,-1,399,336,52,64,0.91,2,-1,-1
232,-1,398,320,48,63,0.90,2,-1,-1
233,-1,394,300,46,58,0.90,2,-1,-1
234,-1,392,288,44,53,0.91,2,-1,-1
235,-1,389,268,40,52,0.90,2,-1,-1
236,-1,388,262,40,48,0.91,2,-1,-1
237,-1,384,248,40,45,0.91,2,-1,-1
238,-1,383,240,36,43,0.90,2,-1,-1
239,-1,381,229,34,42,0.91,2,-1,-1
240,-1,380,224,32,39,0.90,2,-1,-1
241,-1,378,215,32,36,0.90,2,-1,-1
242,-1,378,210,30,36,0.89,2,-1,-1
242,-1,564,493,72,46,0.44,7,-1,-1
243,-1,542,448,96,91,0.90,7,-1,-1
243,-1,377,203,28,34,0.90,2,-1,-1
244,-1,532,420,106,118,0.92,7,-1,-1
244,-1,376,199,28,32,0.89,2,-1,-1
244,-1,390,489,88,50,0.87,2,-1,-1
245,-1,522,398,114,140,0.92,7,-1,-1
245,-1,392,458,76,72,0.89,2,-1,-1
245,-1,374,194,28,32,0.88,2,-1,-1
246,-1,508,368,126,169,0.92,7,-1,-1
246,-1,389,418,68,80,0.92,2,-1,-1
246,-1,374,190,28,30,0.89,2,-1,-1
247,-1,497,345,116,138,0.91,7,-1,-1
247,-1,384,386,64,69,0.90,2,-1,-1
247,-1,373,183,26,29,0.88,2,-1,-1
248,-1,384,367,58,64,0.90,2,-1,-1
248,-1,488,332,112,132,0.89,7,-1,-1
248,-1,374,180,24,27,0.88,2,-1,-1
249,-1,480,304,100,142,0.92,7,-1,-1
249,-1,382,340,52,57,0.89,2,-1,-1
249,-1,372,174,24,28,0.89,2,-1,-1
250,-1,474,301,96,124,0.92,7,-1,-1
250,-1,380,324,50,54,0.90,2,-1,-1
250,-1,372,171,24,28,0.88,2,-1,-1
251,-1,469,289,90,120,0.92,7,-1,-1
251,-1,377,310,48,52,0.89,2,-1,-1
251,-1,372,168,23,26,0.89,2,-1,-1
252,-1,461,275,84,113,0.93,7,-1,-1
252,-1,376,292,44,48,0.90,2,-1,-1
252,-1,372,165,22,25,0.88,2,-1,-1
253,-1,454,262,80,107,0.92,7,-1,-1
253,-1,376,276,40,44,0.89,2,-1,-1
253,-1,371,161,22,24,0.88,2,-1,-1
254,-1,450,254,76,103,0.91,7,-1,-1
254,-1,374,267,40,43,0.90,2,-1,-1
254,-1,370,159,22,24,0.87,2,-1,-1
255,-1,445,244,72,100,0.92,7,-1,-1
255,-1,372,253,38,42,0.90,2,-1,-1
255,-1,370,156,21,22,0.85,2,-1,-1
256,-1,441,238,70,92,0.91,7,-1,-1
256,-1,371,245,36,40,0.90,2,-1,-1
256,-1,369,154,22,22,0.86,2,-1,-1
257,-1,438,231,68,98,0.91,7,-1,-1
257,-1,370,238,36,38,0.90,2,-1,-1
257,-1,369,152,21,22,0.87,2,-1,-1
258,-1,434,222,64,90,0.91,7,-1,-1
258,-1,369,229,34,36,0.89,2,-1,-1
258,-1,368,149,20,21,0.85,2,-1,-1
259,-1,431,218,62,88,0.92,7,-1,-1
259,-1,368,223,34,35,0.90,2,-1,-1
259,-1,369,147,20,21,0.87,2,-1,-1
260,-1,426,212,60,82,0.91,7,-1,-1
260,-1,367,216,32,32,0.90,2,-1,-1
260,-1,369,144,19,20,0.85,2,-1,-1
261,-1,424,206,58,80,0.90,7,-1,-1
261,-1,367,211,31,32,0.89,2,-1,-1
261,-1,368,142,19,20,0.86,2,-1,-1
262,-1,422,201,54,76,0.91,7,-1,-1
262,-1,366,204,30,30,0.88,2,-1,-1
262,-1,368,140,19,20,0.87,2,-1,-1
263,-1,419,195,52,71,0.91,7,-1,-1
263,-1,366,198,28,30,0.89,2,-1,-1
263,-1,368,138,18,18,0.85,2,-1,-1
264,-1,416,192,52,71,0.91,7,-1,-1
264,-1,366,194,27,28,0.88,2,-1,-1
264,-1,368,136,18,19,0.85,2,-1,-1
265,-1,414,186,48,68,0.90,7,-1,-1
265,-1,365,188,27,27,0.88,2,-1,-1
265,-1,367,134,18,19,0.86,2,-1,-1
266,-1,412,184,48,66,0.91,7,-1,-1
266,-1,365,185,26,26,0.88,2,-1,-1
266,-1,367,133,18,18,0.86,2,-1,-1
267,-1,410,178,44,66,0.90,7,-1,-1
267,-1,364,180,26,26,0.87,2,-1,-1
267,-1,368,131,17,18,0.84,2,-1,-1
268,-1,408,176,44,64,0.91,7,-1,-1
268,-1,364,177,25,26,0.88,2,-1,-1
268,-1,368,129,16,18,0.84,2,-1,-1
269,-1,404,173,44,60,0.91,7,-1,-1
269,-1,364,172,24,24,0.87,2,-1,-1
269,-1,367,128,16,16,0.85,2,-1,-1
269,-1,578,458,60,81,0.14,7,-1,-1
270,-1,403,170,42,59,0.90,7,-1,-1
270,-1,364,170,24,24,0.88,2,-1,-1
270,-1,368,127,15,16,0.85,2,-1,-1
270,-1,574,432,62,107,0.77,7,-1,-1
271,-1,401,166,42,57,0.91,7,-1,-1
271,-1,364,166,23,24,0.87,2,-1,-1
271,-1,368,126,15,16,0.84,2,-1,-1
271,-1,550,399,88,139,0.83,7,-1,-1
272,-1,536,380,100,158,0.91,7,-1,-1
272,-1,400,164,40,57,0.90,7,-1,-1
272,-1,364,164,22,23,0.86,2,-1,-1
272,-1,368,124,15,16,0.82,2,-1,-1
273,-1,398,161,40,53,0.91,7,-1,-1
273,-1,524,354,112,184,0.90,7,-1,-1
273,-1,363,160,22,22,0.87,2,-1,-1
273,-1,367,123,16,16,0.83,2,-1,-1
274,-1,514,338,124,200,0.91,7,-1,-1
274,-1,398,160,36,52,0.90,7,-1,-1
274,-1,367,122,15,15,0.84,2,-1,-1
274,-1,362,158,22,21,0.84,2,-1,-1
275,-1,500,317,138,221,0.94,7,-1,-1
275,-1,396,157,36,51,0.90,7,-1,-1
275,-1,362,155,22,20,0.86,2,-1,-1
275,-1,366,120,15,15,0.84,2,-1,-1
276,-1,492,302,144,236,0.93,7,-1,-1
276,-1,394,154,36,51,0.90,7,-1,-1
276,-1,362,152,20,21,0.86,2,-1,-1
276,-1,367,120,14,15,0.83,2,-1,-1
277,-1,393,152,36,49,0.90,7,-1,-1
277,-1,362,150,20,20,0.84,2,-1,-1
277,-1,367,118,14,15,0.82,2,-1,-1
278,-1,392,150,36,49,0.90,7,-1,-1
278,-1,361,149,20,19,0.86,2,-1,-1
278,-1,367,117,14,14,0.82,2,-1,-1
279,-1,469,266,168,272,0.92,7,-1,-1
279,-1,392,148,32,47,0.89,7,-1,-1
279,-1,361,145,19,20,0.85,2,-1,-1
279,-1,367,115,14,15,0.83,2,-1,-1
280,-1,463,259,172,276,0.93,7,-1,-1
280,-1,390,146,32,46,0.89,7,-1,-1
280,-1,361,143,18,19,0.85,2,-1,-1
280,-1,367,115,14,14,0.82,2,-1,-1
281,-1,458,247,174,287,0.93,7,-1,-1
281,-1,390,144,32,45,0.89,7,-1,-1
281,-1,361,140,18,19,0.86,2,-1,-1
281,-1,366,113,14,14,0.83,2,-1,-1
282,-1,450,239,176,291,0.93,7,-1,-1
282,-1,388,142,32,44,0.89,7,-1,-1
282,-1,360,140,18,19,0.85,2,-1,-1
282,-1,366,113,14,14,0.81,2,-1,-1
283,-1,446,234,152,250,0.92,7,-1,-1
283,-1,387,140,32,42,0.89,7,-1,-1
283,-1,360,137,18,18,0.84,2,-1,-1
283,-1,366,112,14,14,0.82,2,-1,-1
284,-1,445,221,142,247,0.92,7,-1,-1
284,-1,386,138,32,44,0.89,7,-1,-1
284,-1,359,136,18,18,0.85,2,-1,-1
284,-1,366,110,14,14,0.80,2,-1,-1
285,-1,440,217,132,229,0.94,7,-1,-1
285,-1,384,135,32,44,0.89,7,-1,-1
285,-1,359,134,18,18,0.85,2,-1,-1
285,-1,366,110,14,13,0.81,2,-1,-1
286,-1,438,212,124,218,0.93,7,-1,-1
286,-1,385,134,30,42,0.89,7,-1,-1
286,-1,360,132,17,18,0.84,2,-1,-1
286,-1,367,109,12,13,0.81,2,-1,-1
287,-1,434,204,116,203,0.91,7,-1,-1
287,-1,384,133,28,41,0.89,7,-1,-1
287,-1,359,130,17,17,0.83,2,-1,-1
287,-1,366,108,12,12,0.78,2,-1,-1
288,-1,430,202,112,192,0.92,7,-1,-1
288,-1,384,130,28,42,0.89,7,-1,-1
288,-1,359,129,16,17,0.84,2,-1,-1
288,-1,366,108,12,12,0.76,2,-1,-1
289,-1,428,194,102,180,0.92,7,-1,-1
289,-1,383,130,28,40,0.89,7,-1,-1
289,-1,359,128,16,16,0.84,2,-1,-1
289,-1,366,107,12,12,0.79,2,-1,-1
290,-1,424,191,100,172,0.92,7,-1,-1
290,-1,383,129,28,38,0.88,7,-1,-1
290,-1,358,126,16,17,0.84,2,-1,-1
290,-1,366,106,12,12,0.80,2,-1,-1
291,-1,422,189,92,159,0.93,7,-1,-1
291,-1,383,128,26,37,0.88,7,-1,-1
291,-1,358,124,16,16,0.82,2,-1,-1
291,-1,365,105,12,11,0.81,2,-1,-1
292,-1,421,185,88,152,0.92,7,-1,-1
292,-1,382,127,26,37,0.88,7,-1,-1
292,-1,358,124,16,16,0.83,2,-1,-1
292,-1,365,104,12,11,0.82,2,-1,-1
293,-1,417,180,84,146,0.92,7,-1,-1
293,-1,381,126,26,36,0.88,7,-1,-1
293,-1,357,121,16,16,0.83,2,-1,-1
293,-1,365,103,12,11,0.78,2,-1,-1
294,-1,416,178,80,138,0.92,7,-1,-1
294,-1,381,125,26,35,0.87,7,-1,-1
294,-1,357,121,16,16,0.84,2,-1,-1
294,-1,365,102,12,11,0.77,2,-1,-1
295,-1,414,174,76,132,0.92,7,-1,-1
295,-1,380,123,24,34,0.88,7,-1,-1
295,-1,357,119,15,16,0.82,2,-1,-1
295,-1,364,102,12,11,0.76,2,-1,-1
296,-1,412,172,76,127,0.92,7,-1,-1
296,-1,380,122,24,34,0.88,7,-1,-1
296,-1,356,118,15,16,0.82,2,-1,-1
296,-1,364,101,12,11,0.77,2,-1,-1
297,-1,409,169,72,118,0.92,7,-1,-1
297,-1,379,121,24,33,0.88,7,-1,-1
297,-1,356,117,14,15,0.82,2,-1,-1
297,-1,364,101,12,11,0.73,2,-1,-1
298,-1,408,166,68,115,0.91,7,-1,-1
298,-1,379,120,24,34,0.88,7,-1,-1
298,-1,356,116,14,15,0.82,2,-1,-1
298,-1,364,100,12,12,0.75,2,-1,-1
299,-1,406,163,66,111,0.91,7,-1,-1
299,-1,378,119,24,33,0.87,7,-1,-1
299,-1,356,116,14,15,0.81,2,-1,-1
299,-1,364,99,12,11,0.65,2,-1,-1
300,-1,405,160,64,108,0.91,7,-1,-1
300,-1,377,118,24,33,0.87,7,-1,-1
300,-1,355,115,15,15,0.80,2,-1,-1
300,-1,364,99,12,11,0.60,2,-1,-1
301,-1,404,158,60,104,0.91,7,-1,-1
301,-1,377,117,24,32,0.86,7,-1,-1
301,-1,355,114,14,14,0.83,2,-1,-1
301,-1,364,98,11,11,0.68,2,-1,-1
302,-1,402,156,60,100,0.91,7,-1,-1
302,-1,376,116,24,32,0.84,7,-1,-1
302,-1,355,112,14,15,0.81,2,-1,-1
302,-1,364,98,10,9,0.26,2,-1,-1
303,-1,401,153,56,97,0.91,7,-1,-1
303,-1,376,115,24,31,0.85,7,-1,-1
303,-1,355,110,14,15,0.77,2,-1,-1
303,-1,364,97,10,9,0.28,2,-1,-1
304,-1,400,152,54,95,0.91,7,-1,-1
304,-1,374,114,24,30,0.84,7,-1,-1
304,-1,355,110,14,16,0.79,2,-1,-1
304,-1,364,97,10,10,0.29,2,-1,-1
305,-1,398,149,52,92,0.91,7,-1,-1
305,-1,374,114,24,30,0.84,7,-1,-1
305,-1,354,109,14,15,0.79,2,-1,-1
305,-1,364,96,10,10,0.38,2,-1,-1
306,-1,396,147,52,91,0.90,7,-1,-1
306,-1,375,112,22,30,0.86,7,-1,-1
306,-1,354,108,14,14,0.73,2,-1,-1
306,-1,364,95,10,10,0.22,2,-1,-1
307,-1,396,145,48,86,0.90,7,-1,-1
307,-1,376,112,20,28,0.87,7,-1,-1
307,-1,354,108,14,14,0.80,2,-1,-1
307,-1,364,94,10,10,0.38,2,-1,-1
307,-1,574,496,64,44,0.24,2,-1,-1
308,-1,396,144,48,84,0.89,7,-1,-1
308,-1,374,112,22,28,0.86,7,-1,-1
308,-1,558,466,80,72,0.86,7,-1,-1
308,-1,354,107,14,14,0.80,2,-1,-1
308,-1,364,94,10,10,0.39,2,-1,-1
309,-1,540,429,96,109,0.92,7,-1,-1
309,-1,394,142,48,83,0.90,7,-1,-1
309,-1,374,110,20,29,0.86,7,-1,-1
309,-1,354,106,14,13,0.73,2,-1,-1
309,-1,364,93,10,10,0.30,2,-1,-1
310,-1,528,406,108,131,0.92,7,-1,-1
310,-1,393,140,46,80,0.89,7,-1,-1
310,-1,374,109,20,28,0.87,7,-1,-1
310,-1,353,106,14,13,0.77,2,-1,-1
310,-1,364,92,10,10,0.39,2,-1,-1
311,-1,516,380,120,158,0.93,7,-1,-1
311,-1,391,138,46,78,0.89,7,-1,-1
311,-1,373,109,21,27,0.86,7,-1,-1
311,-1,353,106,14,12,0.75,2,-1,-1
311,-1,363,92,10,10,0.37,2,-1,-1
312,-1,506,363,132,176,0.93,7,-1,-1
312,-1,391,137,44,77,0.89,7,-1,-1
312,-1,373,108,20,28,0.85,7,-1,-1
312,-1,353,104,14,13,0.65,2,-1,-1
312,-1,363,92,10,9,0.22,2,-1,-1
313,-1,496,340,140,198,0.92,7,-1,-1
313,-1,388,136,44,75,0.89,7,-1,-1
313,-1,372,107,21,27,0.77,7,-1,-1
313,-1,353,103,14,13,0.73,2,-1,-1
313,-1,363,91,10,9,0.20,2,-1,-1
314,-1,490,326,146,210,0.93,7,-1,-1
314,-1,388,134,44,74,0.89,7,-1,-1
314,-1,372,106,20,27,0.82,7,-1,-1
314,-1,353,103,14,13,0.73,2,-1,-1
314,-1,363,91,10,9,0.18,2,-1,-1
315,-1,480,303,156,236,0.94,7,-1,-1
315,-1,388,132,40,72,0.89,7,-1,-1
315,-1,371,105,20,26,0.77,7,-1,-1
315,-1,353,102,13,12,0.46,2,-1,-1
316,-1,388,130,40,71,0.89,7,-1,-1
316,-1,371,105,19,26,0.80,7,-1,-1
316,-1,353,102,13,12,0.46,2,-1,-1
317,-1,468,282,168,255,0.94,7,-1,-1
317,-1,386,129,40,68,0.89,7,-1,-1
317,-1,371,104,18,26,0.79,7,-1,-1
317,-1,354,101,12,12,0.71,2,-1,-1
318,-1,461,272,174,265,0.91,7,-1,-1
318,-1,386,129,40,67,0.89,7,-1,-1
318,-1,371,104,18,26,0.74,7,-1,-1
318,-1,354,101,12,12,0.73,2,-1,-1
319,-1,457,258,156,252,0.93,7,-1,-1
319,-1,385,128,38,65,0.90,7,-1,-1
319,-1,370,103,18,26,0.82,7,-1,-1
319,-1,353,100,12,12,0.61,2,-1,-1
320,-1,452,251,150,249,0.92,7,-1,-1
320,-1,385,126,36,64,0.89,7,-1,-1
320,-1,370,102,18,25,0.80,7,-1,-1
320,-1,353,99,12,12,0.69,2,-1,-1
320,-1,361,91,10,8,0.14,2,-1,-1
321,-1,448,243,136,205,0.91,7,-1,-1
321,-1,384,124,36,62,0.89,7,-1,-1
321,-1,369,102,18,25,0.80,7,-1,-1
321,-1,353,99,12,11,0.52,2,-1,-1
322,-1,444,237,132,188,0.92,7,-1,-1
322,-1,383,123,36,61,0.89,7,-1,-1
322,-1,369,101,18,25,0.83,7,-1,-1
322,-1,353,99,12,11,0.52,2,-1,-1
323,-1,440,231,124,180,0.92,7,-1,-1
323,-1,382,123,36,60,0.89,7,-1,-1
323,-1,369,101,18,25,0.78,7,-1,-1
323,-1,352,97,12,12,0.60,2,-1,-1
324,-1,438,224,112,166,0.93,7,-1,-1
324,-1,382,122,34,59,0.89,7,-1,-1
324,-1,370,101,16,24,0.68,7,-1,-1
324,-1,353,97,12,12,0.58,2,-1,-1
325,-1,432,216,108,155,0.93,7,-1,-1
325,-1,382,121,32,57,0.90,7,-1,-1
325,-1,369,100,16,24,0.77,7,-1,-1
325,-1,353,96,11,12,0.59,2,-1,-1
326,-1,431,211,102,152,0.93,7,-1,-1
326,-1,380,120,34,56,0.90,7,-1,-1
326,-1,369,100,16,22,0.71,7,-1,-1
326,-1,353,95,12,11,0.56,2,-1,-1
327,-1,428,205,96,141,0.92,7,-1,-1
327,-1,380,119,32,55,0.89,7,-1,-1
327,-1,369,99,16,22,0.75,7,-1,-1
327,-1,353,95,11,10,0.15,2,-1,-1
328,-1,426,201,92,139,0.93,7,-1,-1
328,-1,380,118,32,55,0.89,7,-1,-1
328,-1,369,99,15,22,0.75,7,-1,-1
328,-1,353,95,10,10,0.13,2,-1,-1
329,-1,422,196,88,130,0.93,7,-1,-1
329,-1,379,117,32,53,0.89,7,-1,-1
329,-1,369,98,15,22,0.80,7,-1,-1
329,-1,353,94,10,10,0.44,2,-1,-1
330,-1,422,193,82,124,0.92,7,-1,-1
330,-1,378,117,32,52,0.88,7,-1,-1
330,-1,368,97,15,22,0.78,7,-1,-1
330,-1,354,94,10,10,0.13,2,-1,-1
331,-1,419,188,78,121,0.92,7,-1,-1
331,-1,376,116,32,50,0.88,7,-1,-1
331,-1,368,97,16,22,0.77,7,-1,-1
331,-1,353,94,10,10,0.24,2,-1,-1
332,-1,418,184,76,114,0.92,7,-1,-1
332,-1,376,116,32,49,0.88,7,-1,-1
332,-1,368,96,15,22,0.79,7,-1,-1
332,-1,354,93,10,10,0.17,2,-1,-1
333,-1,414,180,72,109,0.93,7,-1,-1
333,-1,377,114,30,49,0.89,7,-1,-1
333,-1,368,95,15,22,0.80,7,-1,-1
333,-1,354,93,10,10,0.11,2,-1,-1
334,-1,412,178,72,105,0.93,7,-1,-1
334,-1,376,113,32,49,0.89,7,-1,-1
334,-1,368,95,14,22,0.80,7,-1,-1
335,-1,412,175,68,104,0.92,7,-1,-1
335,-1,376,113,30,47,0.89,7,-1,-1
335,-1,368,95,14,22,0.80,7,-1,-1
335,-1,353,92,10,10,0.13,2,-1,-1
336,-1,408,172,68,95,0.92,7,-1,-1
336,-1,375,112,30,47,0.89,7,-1,-1
336,-1,368,94,14,21,0.80,7,-1,-1
337,-1,407,169,64,92,0.92,7,-1,-1
337,-1,374,112,30,45,0.88,7,-1,-1
337,-1,368,94,14,21,0.78,7,-1,-1
338,-1,408,166,60,90,0.92,7,-1,-1
338,-1,373,111,30,44,0.88,7,-1,-1
338,-1,367,94,14,21,0.78,7,-1,-1
339,-1,406,163,58,86,0.92,7,-1,-1
339,-1,374,110,28,44,0.88,7,-1,-1
339,-1,368,93,13,20,0.74,7,-1,-1
340,-1,405,161,56,86,0.92,7,-1,-1
340,-1,373,109,28,44,0.87,7,-1,-1
340,-1,367,93,14,20,0.71,7,-1,-1
340,-1,354,90,9,8,0.13,2,-1,-1
341,-1,404,159,56,84,0.91,7,-1,-1
341,-1,373,109,28,44,0.87,7,-1,-1
341,-1,367,93,13,20,0.72,7,-1,-1
341,-1,354,90,9,8,0.11,2,-1,-1
342,-1,402,157,52,80,0.92,7,-1,-1
342,-1,372,109,28,42,0.86,7,-1,-1
342,-1,367,92,13,20,0.77,7,-1,-1
343,-1,401,155,52,78,0.91,7,-1,-1
343,-1,373,108,26,42,0.87,7,-1,-1
343,-1,367,92,13,20,0.76,7,-1,-1
344,-1,399,152,50,77,0.91,7,-1,-1
344,-1,373,107,26,40,0.87,7,-1,-1
344,-1,367,91,12,20,0.77,7,-1,-1
345,-1,398,151,48,75,0.91,7,-1,-1
345,-1,373,107,26,40,0.87,7,-1,-1
345,-1,366,91,13,19,0.73,7,-1,-1
346,-1,397,148,48,72,0.91,7,-1,-1
346,-1,372,106,26,40,0.88,7,-1,-1
346,-1,367,91,12,19,0.69,7,-1,-1
347,-1,396,146,48,71,0.92,7,-1,-1
347,-1,374,105,24,39,0.88,7,-1,-1
347,-1,367,91,12,18,0.66,7,-1,-1
348,-1,396,144,44,70,0.92,7,-1,-1
348,-1,372,105,24,39,0.88,7,-1,-1
348,-1,366,91,12,18,0.62,7,-1,-1
349,-1,394,143,44,68,0.93,7,-1,-1
349,-1,371,104,25,38,0.87,7,-1,-1
349,-1,366,90,12,18,0.67,7,-1,-1
350,-1,392,141,44,66,0.92,7,-1,-1
350,-1,371,103,24,38,0.87,7,-1,-1
350,-1,366,89,12,18,0.67,7,-1,-1
351,-1,391,140,44,64,0.91,7,-1,-1
351,-1,371,103,24,38,0.87,7,-1,-1
351,-1,366,89,12,18,0.68,7,-1,-1
352,-1,390,138,44,62,0.91,7,-1,-1
352,-1,370,102,24,37,0.88,7,-1,-1
352,-1,365,89,12,17,0.64,7,-1,-1
353,-1,390,137,40,62,0.91,7,-1,-1
353,-1,371,102,22,36,0.88,7,-1,-1
353,-1,366,90,11,16,0.57,7,-1,-1
354,-1,390,135,40,60,0.91,7,-1,-1
354,-1,370,102,23,35,0.87,7,-1,-1
354,-1,574,478,66,62,0.68,7,-1,-1
354,-1,365,89,12,17,0.43,2,-1,-1
355,-1,388,133,40,59,0.91,7,-1,-1
355,-1,559,446,80,92,0.89,7,-1,-1
355,-1,370,101,22,35,0.87,7,-1,-1
355,-1,365,89,11,17,0.39,2,-1,-1
356,-1,536,406,102,133,0.92,7,-1,-1
356,-1,386,132,40,58,0.91,7,-1,-1
356,-1,370,100,22,35,0.86,7,-1,-1
356,-1,364,88,12,17,0.36,2,-1,-1
357,-1,524,383,112,156,0.93,7,-1,-1
357,-1,387,131,38,58,0.91,7,-1,-1
357,-1,369,100,22,34,0.86,7,-1,-1
357,-1,364,87,11,17,0.33,7,-1,-1
358,-1,508,354,128,184,0.92,7,-1,-1
358,-1,386,130,36,55,0.91,7,-1,-1
358,-1,369,100,22,33,0.87,7,-1,-1
358,-1,364,86,12,17,0.35,7,-1,-1
359,-1,500,335,136,204,0.93,7,-1,-1
359,-1,386,129,36,54,0.91,7,-1,-1
359,-1,370,100,20,32,0.86,7,-1,-1
359,-1,364,86,12,17,0.34,7,-1,-1
360,-1,488,310,148,228,0.94,7,-1,-1
360,-1,384,128,36,52,0.91,7,-1,-1
360,-1,369,99,21,32,0.85,7,-1,-1
360,-1,364,86,11,17,0.38,7,-1,-1
361,-1,384,126,36,53,0.90,7,-1,-1
361,-1,369,98,20,32,0.85,7,-1,-1
361,-1,364,85,11,18,0.47,7,-1,-1
362,-1,382,125,36,51,0.90,7,-1,-1
362,-1,369,98,20,31,0.85,7,-1,-1
362,-1,364,85,11,17,0.46,7,-1,-1
363,-1,465,272,172,264,0.91,7,-1,-1
363,-1,382,124,36,50,0.90,7,-1,-1
363,-1,368,98,20,30,0.85,7,-1,-1
363,-1,364,84,11,17,0.42,7,-1,-1
364,-1,458,258,160,240,0.93,7,-1,-1
364,-1,382,123,34,49,0.90,7,-1,-1
364,-1,368,98,20,30,0.85,7,-1,-1
364,-1,364,84,10,17,0.44,7,-1,-1
365,-1,454,251,148,236,0.91,7,-1,-1
365,-1,382,122,34,48,0.90,7,-1,-1
365,-1,368,98,20,30,0.86,7,-1,-1
365,-1,364,84,10,16,0.40,7,-1,-1
366,-1,448,240,134,196,0.91,7,-1,-1
366,-1,382,121,32,48,0.90,7,-1,-1
366,-1,406,468,68,71,0.88,2,-1,-1
366,-1,368,97,19,30,0.86,7,-1,-1
367,-1,443,228,124,188,0.92,7,-1,-1
367,-1,400,421,60,82,0.92,2,-1,-1
367,-1,381,120,32,46,0.90,7,-1,-1
367,-1,368,96,19,30,0.87,7,-1,-1
368,-1,440,223,116,176,0.92,7,-1,-1
368,-1,396,394,56,75,0.91,2,-1,-1
368,-1,380,119,32,46,0.90,7,-1,-1
368,-1,367,96,20,30,0.87,7,-1,-1
369,-1,435,214,108,162,0.93,7,-1,-1
369,-1,392,360,52,67,0.92,2,-1,-1
369,-1,379,117,32,46,0.90,7,-1,-1
369,-1,368,96,18,28,0.86,7,-1,-1
370,-1,432,209,100,152,0.93,7,-1,-1
370,-1,389,341,48,63,0.91,2,-1,-1
370,-1,378,117,32,45,0.89,7,-1,-1
370,-1,367,94,19,30,0.85,7,-1,-1
370,-1,317,92,10,9,0.56,2,-1,-1
370,-1,362,82,12,15,0.11,7,-1,-1
371,-1,428,202,94,140,0.92,7,-1,-1
371,-1,386,316,44,58,0.90,2,-1,-1
371,-1,379,116,30,43,0.89,7,-1,-1
371,-1,368,94,18,29,0.85,7,-1,-1
371,-1,317,92,10,9,0.56,2,-1,-1
371,-1,362,83,12,15,0.10,7,-1,-1
372,-1,426,197,88,133,0.93,7,-1,-1
372,-1,383,302,44,53,0.90,2,-1,-1
372,-1,378,116,30,43,0.89,7,-1,-1
372,-1,367,94,18,28,0.84,7,-1,-1
373,-1,422,191,84,123,0.92,7,-1,-1
373,-1,381,282,40,50,0.91,2,-1,-1
373,-1,377,115,30,42,0.89,7,-1,-1
373,-1,367,93,18,28,0.85,7,-1,-1
374,-1,420,187,80,122,0.92,7,-1,-1
374,-1,378,272,40,48,0.91,2,-1,-1
374,-1,378,114,28,42,0.89,7,-1,-1
374,-1,367,93,18,28,0.85,7,-1,-1
374,-1,316,93,9,10,0.64,2,-1,-1
374,-1,362,81,10,16,0.10,7,-1,-1
375,-1,418,182,76,113,0.93,7,-1,-1
375,-1,377,256,36,44,0.90,2,-1,-1
375,-1,378,113,28,41,0.89,7,-1,-1
375,-1,366,93,18,27,0.84,7,-1,-1
375,-1,315,94,10,9,0.19,2,-1,-1
376,-1,416,178,72,108,0.93,7,-1,-1
376,-1,375,247,36,43,0.91,2,-1,-1
376,-1,377,113,28,40,0.89,7,-1,-1
376,-1,366,93,18,27,0.83,7,-1,-1
377,-1,412,174,70,103,0.92,7,-1,-1
377,-1,374,236,32,40,0.90,2,-1,-1
377,-1,376,112,28,39,0.88,7,-1,-1
377,-1,367,92,16,27,0.83,7,-1,-1
377,-1,314,95,10,11,0.61,2,-1,-1
378,-1,410,171,68,97,0.92,7,-1,-1
378,-1,372,228,32,38,0.90,2,-1,-1
378,-1,376,111,28,39,0.88,7,-1,-1
378,-1,367,92,16,26,0.83,7,-1,-1
378,-1,313,96,10,11,0.60,2,-1,-1
379,-1,408,167,64,94,0.92,7,-1,-1
379,-1,370,219,32,36,0.90,2,-1,-1
379,-1,375,110,28,39,0.89,7,-1,-1
379,-1,367,91,16,26,0.84,7,-1,-1
379,-1,312,97,11,11,0.70,2,-1,-1
380,-1,407,165,62,88,0.93,7,-1,-1
380,-1,370,214,30,35,0.90,2,-1,-1
380,-1,375,110,28,38,0.88,7,-1,-1
380,-1,367,91,16,26,0.84,7,-1,-1
380,-1,312,97,11,11,0.70,2,-1,-1
381,-1,405,160,58,86,0.91,7,-1,-1
381,-1,368,206,29,34,0.90,2,-1,-1
381,-1,374,108,28,38,0.88,7,-1,-1
381,-1,367,91,16,25,0.84,7,-1,-1
381,-1,312,99,10,10,0.43,2,-1,-1
382,-1,404,158,56,84,0.91,7,-1,-1
382,-1,367,202,28,32,0.89,2,-1,-1
382,-1,374,108,28,37,0.88,7,-1,-1
382,-1,366,91,16,25,0.84,7,-1,-1
382,-1,312,99,10,10,0.43,2,-1,-1
383,-1,402,155,52,80,0.91,7,-1,-1
383,-1,367,195,26,30,0.88,2,-1,-1
383,-1,375,107,26,36,0.87,7,-1,-1
383,-1,366,91,16,24,0.84,7,-1,-1
383,-1,311,99,12,11,0.76,2,-1,-1
384,-1,400,154,52,76,0.91,7,-1,-1
384,-1,366,191,26,30,0.89,2,-1,-1
384,-1,374,107,26,36,0.87,7,-1,-1
384,-1,366,90,16,24,0.82,7,-1,-1
384,-1,311,100,11,11,0.74,2,-1,-1
385,-1,400,150,48,75,0.91,7,-1,-1
385,-1,364,184,25,29,0.89,2,-1,-1
385,-1,375,106,24,35,0.87,7,-1,-1
385,-1,366,90,15,24,0.82,7,-1,-1
385,-1,310,101,11,11,0.78,2,-1,-1
385,-1,362,80,9,13,0.18,7,-1,-1
386,-1,398,148,48,73,0.91,7,-1,-1
386,-1,364,180,24,28,0.88,2,-1,-1
386,-1,374,106,24,34,0.87,7,-1,-1
386,-1,366,90,15,23,0.81,7,-1,-1
386,-1,310,102,11,11,0.74,2,-1,-1
386,-1,362,80,9,13,0.17,7,-1,-1
387,-1,396,145,48,71,0.91,7,-1,-1
387,-1,362,175,24,28,0.88,2,-1,-1
387,-1,374,105,24,34,0.87,7,-1,-1
387,-1,366,90,14,22,0.73,7,-1,-1
387,-1,309,104,12,11,0.58,2,-1,-1
387,-1,362,80,8,12,0.11,7,-1,-1
388,-1,396,143,44,70,0.92,7,-1,-1
388,-1,374,104,24,34,0.87,7,-1,-1
388,-1,362,172,23,26,0.86,2,-1,-1
388,-1,308,104,11,12,0.77,2,-1,-1
388,-1,366,90,14,22,0.72,7,-1,-1
388,-1,362,80,8,12,0.10,7,-1,-1
389,-1,394,141,44,68,0.93,7,-1,-1
389,-1,374,104,22,32,0.88,7,-1,-1
389,-1,361,167,22,27,0.87,2,-1,-1
389,-1,307,104,12,12,0.76,2,-1,-1
389,-1,366,90,14,21,0.68,7,-1,-1
390,-1,392,139,44,66,0.91,7,-1,-1
390,-1,374,103,22,32,0.87,7,-1,-1
390,-1,360,165,22,26,0.85,2,-1,-1
390,-1,366,88,14,23,0.81,7,-1,-1
390,-1,306,106,12,12,0.62,2,-1,-1
391,-1,390,136,44,64,0.91,7,-1,-1
391,-1,372,103,24,33,0.87,7,-1,-1
391,-1,360,160,22,26,0.86,2,-1,-1
391,-1,366,88,14,23,0.81,7,-1,-1
391,-1,306,106,12,12,0.75,2,-1,-1
392,-1,390,135,40,62,0.92,7,-1,-1
392,-1,373,102,22,33,0.87,7,-1,-1
392,-1,360,158,21,24,0.87,2,-1,-1
392,-1,366,87,14,22,0.80,7,-1,-1
392,-1,306,107,12,12,0.75,2,-1,-1
393,-1,389,133,40,60,0.91,7,-1,-1
393,-1,359,154,20,24,0.87,2,-1,-1
393,-1,373,101,22,33,0.87,7,-1,-1
393,-1,366,87,13,22,0.78,7,-1,-1
393,-1,305,108,12,12,0.78,2,-1,-1
394,-1,388,132,40,60,0.91,7,-1,-1
394,-1,359,152,20,23,0.88,2,-1,-1
394,-1,373,101,22,32,0.87,7,-1,-1
394,-1,304,109,12,12,0.79,2,-1,-1
394,-1,366,87,13,22,0.78,7,-1,-1
395,-1,387,130,38,58,0.91,7,-1,-1
395,-1,372,100,22,31,0.87,7,-1,-1
395,-1,418,506,84,33,0.86,2,-1,-1
395,-1,359,148,18,23,0.85,2,-1,-1
395,-1,303,110,13,12,0.81,2,-1,-1
395,-1,366,87,13,21,0.64,7,-1,-1
396,-1,386,129,36,55,0.92,7,-1,-1
396,-1,410,471,88,68,0.89,2,-1,-1
396,-1,359,147,18,22,0.86,2,-1,-1
396,-1,372,100,21,31,0.85,7,-1,-1
396,-1,303,111,12,12,0.82,2,-1,-1
396,-1,367,87,12,20,0.62,7,-1,-1
397,-1,408,426,64,70,0.92,2,-1,-1
397,-1,385,127,36,54,0.91,7,-1,-1
397,-1,357,144,18,22,0.86,2,-1,-1
397,-1,371,99,22,30,0.85,7,-1,-1
397,-1,300,112,14,14,0.82,2,-1,-1
397,-1,367,87,12,20,0.56,7,-1,-1
398,-1,404,402,60,63,0.91,2,-1,-1
398,-1,384,126,36,53,0.91,7,-1,-1
398,-1,371,99,21,30,0.86,7,-1,-1
398,-1,300,112,14,14,0.84,2,-1,-1
398,-1,357,142,18,22,0.83,2,-1,-1
398,-1,367,86,12,20,0.57,7,-1,-1
399,-1,400,366,52,58,0.91,2,-1,-1
399,-1,383,124,36,52,0.91,7,-1,-1
399,-1,371,98,20,30,0.85,7,-1,-1
399,-1,358,140,16,20,0.84,2,-1,-1
399,-1,299,114,14,14,0.84,2,-1,-1
399,-1,366,87,12,18,0.41,7,-1,-1
400,-1,383,123,34,51,0.91,7,-1,-1
400,-1,396,348,52,52,0.91,2,-1,-1
400,-1,371,98,20,29,0.85,7,-1,-1
400,-1,356,138,18,21,0.85,2,-1,-1
400,-1,298,115,15,14,0.83,2,-1,-1
400,-1,367,87,12,17,0.23,7,-1,-1
401,-1,383,122,32,50,0.90,7,-1,-1
401,-1,392,323,44,46,0.90,2,-1,-1
401,-1,370,97,20,29,0.87,7,-1,-1
401,-1,356,135,17,20,0.84,2,-1,-1
401,-1,297,117,14,14,0.81,2,-1,-1
402,-1,382,121,32,48,0.91,7,-1,-1
402,-1,388,307,44,45,0.89,2,-1,-1
402,-1,370,96,20,29,0.83,7,-1,-1
402,-1,296,117,15,15,0.83,2,-1,-1
402,-1,356,134,16,20,0.83,2,-1,-1
403,-1,386,288,40,43,0.91,2,-1,-1
403,-1,380,120,32,47,0.91,7,-1,-1
403,-1,355,132,16,19,0.84,2,-1,-1
403,-1,295,118,14,15,0.84,2,-1,-1
403,-1,370,97,19,26,0.79,7,-1,-1
404,-1,380,118,32,47,0.90,7,-1,-1
404,-1,383,276,40,40,0.90,2,-1,-1
404,-1,355,131,16,19,0.84,2,-1,-1
404,-1,294,118,15,16,0.84,2,-1,-1
404,-1,370,97,19,26,0.83,7,-1,-1
405,-1,381,262,38,36,0.91,2,-1,-1
405,-1,380,117,30,46,0.90,7,-1,-1
405,-1,293,120,16,16,0.85,2,-1,-1
405,-1,370,96,18,26,0.83,7,-1,-1
405,-1,354,128,16,19,0.81,2,-1,-1
406,-1,379,252,36,35,0.90,2,-1,-1
406,-1,379,116,30,45,0.90,7,-1,-1
406,-1,292,122,15,16,0.83,2,-1,-1
406,-1,370,96,18,25,0.83,7,-1,-1
406,-1,354,128,16,18,0.80,2,-1,-1
407,-1,378,240,32,34,0.90,2,-1,-1
407,-1,378,115,30,44,0.89,7,-1,-1
407,-1,369,96,18,25,0.83,7,-1,-1
407,-1,290,125,16,15,0.82,2,-1,-1
407,-1,353,126,16,17,0.82,2,-1,-1
408,-1,378,114,28,43,0.90,7,-1,-1
408,-1,376,233,32,32,0.90,2,-1,-1
408,-1,289,125,16,17,0.83,2,-1,-1
408,-1,369,95,18,25,0.82,7,-1,-1
408,-1,354,125,15,18,0.81,2,-1,-1
409,-1,377,113,28,42,0.90,7,-1,-1
409,-1,374,223,30,30,0.90,2,-1,-1
409,-1,288,126,17,18,0.84,2,-1,-1
409,-1,369,94,18,25,0.82,7,-1,-1
409,-1,353,123,14,18,0.79,2,-1,-1
410,-1,376,112,28,42,0.90,7,-1,-1
410,-1,373,218,28,28,0.89,2,-1,-1
410,-1,287,128,16,17,0.84,2,-1,-1
410,-1,353,121,14,17,0.81,2,-1,-1
410,-1,369,94,17,24,0.75,7,-1,-1
411,-1,376,111,28,41,0.89,7,-1,-1
411,-1,373,210,26,27,0.88,2,-1,-1
411,-1,285,130,16,18,0.83,2,-1,-1
411,-1,352,119,14,18,0.82,2,-1,-1
411,-1,369,93,18,24,0.76,7,-1,-1
412,-1,371,205,26,26,0.89,2,-1,-1
412,-1,375,110,28,41,0.89,7,-1,-1
412,-1,284,132,17,18,0.83,2,-1,-1
412,-1,352,119,14,17,0.81,2,-1,-1
412,-1,369,93,17,24,0.74,7,-1,-1
413,-1,371,198,23,24,0.89,2,-1,-1
413,-1,375,109,26,40,0.88,7,-1,-1
413,-1,281,134,18,18,0.85,2,-1,-1
413,-1,352,118,14,16,0.79,2,-1,-1
413,-1,368,93,18,23,0.78,7,-1,-1
414,-1,370,194,23,25,0.88,2,-1,-1
414,-1,375,108,26,39,0.88,7,-1,-1
414,-1,280,137,18,18,0.85,2,-1,-1
414,-1,352,118,13,15,0.79,2,-1,-1
414,-1,368,92,17,23,0.75,7,-1,-1
415,-1,373,107,26,38,0.88,7,-1,-1
415,-1,368,187,24,24,0.87,2,-1,-1
415,-1,278,139,18,19,0.85,2,-1,-1
415,-1,352,116,14,15,0.75,2,-1,-1
415,-1,368,92,17,23,0.67,7,-1,-1
416,-1,373,107,26,38,0.88,7,-1,-1
416,-1,368,183,23,24,0.88,2,-1,-1
416,-1,276,142,18,18,0.86,2,-1,-1
416,-1,368,91,16,23,0.68,7,-1,-1
416,-1,352,116,13,14,0.64,2,-1,-1
416,-1,316,92,9,9,0.12,2,-1,-1
417,-1,372,106,26,36,0.88,7,-1,-1
417,-1,367,178,22,23,0.88,2,-1,-1
417,-1,274,145,19,19,0.86,2,-1,-1
417,-1,352,116,13,14,0.70,2,-1,-1
417,-1,368,91,16,22,0.61,7,-1,-1
417,-1,316,92,9,9,0.10,2,-1,-1
418,-1,371,106,26,36,0.88,7,-1,-1
418,-1,366,174,22,23,0.87,2,-1,-1
418,-1,271,146,20,20,0.87,2,-1,-1
418,-1,352,113,12,14,0.74,2,-1,-1
418,-1,368,92,16,21,0.23,7,-1,-1
419,-1,371,105,25,36,0.88,7,-1,-1
419,-1,366,170,20,22,0.87,2,-1,-1
419,-1,269,150,20,20,0.87,2,-1,-1
419,-1,352,112,12,15,0.76,2,-1,-1
419,-1,368,90,15,20,0.14,7,-1,-1
419,-1,315,93,9,9,0.11,2,-1,-1
420,-1,370,104,25,35,0.88,7,-1,-1
420,-1,267,152,20,22,0.88,2,-1,-1
420,-1,365,166,20,22,0.86,2,-1,-1
420,-1,352,111,12,15,0.81,2,-1,-1
420,-1,314,94,9,10,0.44,2,-1,-1
421,-1,370,102,24,35,0.88,7,-1,-1
421,-1,263,157,22,22,0.86,2,-1,-1
421,-1,364,162,20,22,0.86,2,-1,-1
421,-1,352,110,12,15,0.75,2,-1,-1
421,-1,314,95,9,9,0.25,2,-1,-1
422,-1,261,159,22,22,0.88,2,-1,-1
422,-1,369,102,24,34,0.88,7,-1,-1
422,-1,364,160,20,22,0.86,2,-1,-1
422,-1,352,110,12,14,0.74,2,-1,-1
422,-1,314,95,10,10,0.49,2,-1,-1
423,-1,258,163,22,24,0.88,2,-1,-1
423,-1,369,101,24,34,0.87,7,-1,-1
423,-1,363,157,20,20,0.85,2,-1,-1
423,-1,352,109,12,14,0.63,2,-1,-1
423,-1,314,95,10,10,0.48,2,-1,-1
424,-1,255,166,24,25,0.88,2,-1,-1
424,-1,368,100,24,34,0.86,7,-1,-1
424,-1,363,154,19,20,0.86,2,-1,-1
424,-1,313,96,10,10,0.34,2,-1,-1
425,-1,253,170,23,24,0.90,2,-1,-1
425,-1,368,100,24,34,0.86,7,-1,-1
425,-1,363,152,18,20,0.85,2,-1,-1
425,-1,313,96,10,10,0.32,2,-1,-1
425,-1,352,108,12,13,0.12,2,-1,-1
426,-1,249,175,24,26,0.89,2,-1,-1
426,-1,367,100,24,32,0.86,7,-1,-1
426,-1,362,148,19,20,0.86,2,-1,-1
426,-1,312,96,10,10,0.57,2,-1,-1
426,-1,352,108,12,12,0.29,2,-1,-1
427,-1,244,180,25,28,0.89,2,-1,-1
427,-1,367,98,22,32,0.85,7,-1,-1
427,-1,362,146,18,19,0.85,2,-1,-1
427,-1,312,97,10,10,0.25,2,-1,-1
427,-1,352,106,12,14,0.13,2,-1,-1
428,-1,240,184,27,29,0.90,2,-1,-1
428,-1,367,98,22,32,0.86,7,-1,-1
428,-1,361,143,18,19,0.85,2,-1,-1
428,-1,312,97,10,10,0.25,2,-1,-1
429,-1,234,191,28,30,0.90,2,-1,-1
429,-1,366,97,22,32,0.87,7,-1,-1
429,-1,361,140,18,19,0.85,2,-1,-1
429,-1,312,97,10,11,0.65,2,-1,-1
430,-1,230,196,30,32,0.90,2,-1,-1
430,-1,366,97,21,31,0.86,7,-1,-1
430,-1,360,139,17,18,0.85,2,-1,-1
430,-1,311,99,10,11,0.48,2,-1,-1
431,-1,224,204,30,33,0.90,2,-1,-1
431,-1,365,97,22,31,0.85,7,-1,-1
431,-1,360,138,17,17,0.84,2,-1,-1
431,-1,311,100,10,11,0.68,2,-1,-1
431,-1,353,102,10,10,0.28,2,-1,-1
432,-1,219,210,32,35,0.91,2,-1,-1
432,-1,365,96,21,30,0.86,7,-1,-1
432,-1,360,136,16,17,0.85,2,-1,-1
432,-1,311,100,10,11,0.69,2,-1,-1
432,-1,353,102,10,11,0.18,2,-1,-1
433,-1,211,220,34,37,0.90,2,-1,-1
433,-1,365,95,20,30,0.86,7,-1,-1
433,-1,360,133,16,17,0.83,2,-1,-1
434,-1,204,226,37,40,0.91,2,-1,-1
434,-1,364,94,21,30,0.85,7,-1,-1
434,-1,359,131,16,17,0.83,2,-1,-1
434,-1,310,103,10,10,0.66,2,-1,-1
435,-1,193,238,40,44,0.91,2,-1,-1
435,-1,364,93,20,30,0.85,7,-1,-1
435,-1,359,130,16,16,0.82,2,-1,-1
435,-1,308,104,11,10,0.73,2,-1,-1
436,-1,186,247,42,47,0.92,2,-1,-1
436,-1,364,94,20,29,0.85,7,-1,-1
436,-1,359,129,16,16,0.82,2,-1,-1
436,-1,308,103,12,12,0.77,2,-1,-1
436,-1,352,100,10,11,0.10,2,-1,-1
437,-1,176,256,46,50,0.91,2,-1,-1
437,-1,358,127,16,16,0.82,2,-1,-1
437,-1,363,93,20,28,0.80,7,-1,-1
437,-1,308,104,11,12,0.76,2,-1,-1
438,-1,162,274,50,56,0.91,2,-1,-1
438,-1,363,93,19,27,0.83,7,-1,-1
438,-1,358,125,16,16,0.82,2,-1,-1
438,-1,307,105,11,12,0.72,2,-1,-1
439,-1,146,296,54,60,0.92,2,-1,-1
439,-1,363,92,18,27,0.84,7,-1,-1
439,-1,359,124,14,16,0.80,2,-1,-1
439,-1,306,106,12,12,0.71,2,-1,-1
440,-1,131,312,60,68,0.91,2,-1,-1
440,-1,358,123,14,15,0.82,2,-1,-1
440,-1,363,92,18,27,0.82,7,-1,-1
440,-1,306,107,12,12,0.70,2,-1,-1
441,-1,108,340,67,77,0.92,2,-1,-1
441,-1,358,121,14,15,0.84,2,-1,-1
441,-1,362,91,18,27,0.83,7,-1,-1
441,-1,305,109,12,12,0.72,2,-1,-1
442,-1,90,360,73,87,0.93,2,-1,-1
442,-1,358,121,14,15,0.84,2,-1,-1
442,-1,362,90,18,27,0.84,7,-1,-1
442,-1,305,109,12,12,0.71,2,-1,-1
443,-1,70,388,79,94,0.93,2,-1,-1
443,-1,362,90,18,26,0.84,7,-1,-1
443,-1,358,119,13,15,0.83,2,-1,-1
443,-1,304,111,13,12,0.73,2,-1,-1
444,-1,34,434,91,101,0.92,2,-1,-1
444,-1,362,89,18,27,0.85,7,-1,-1
444,-1,303,111,13,13,0.82,2,-1,-1
444,-1,358,117,13,15,0.81,2,-1,-1
445,-1,362,90,17,26,0.85,7,-1,-1
445,-1,3,488,94,52,0.84,2,-1,-1
445,-1,302,112,14,14,0.81,2,-1,-1
445,-1,358,116,13,14,0.81,2,-1,-1
446,-1,361,90,17,25,0.83,7,-1,-1
446,-1,302,113,14,14,0.82,2,-1,-1
446,-1,357,115,14,14,0.81,2,-1,-1
447,-1,361,90,16,25,0.82,7,-1,-1
447,-1,301,114,14,14,0.82,2,-1,-1
447,-1,357,114,13,14,0.79,2,-1,-1
448,-1,300,115,14,14,0.82,2,-1,-1
448,-1,361,90,16,25,0.81,7,-1,-1
448,-1,356,114,14,14,0.75,2,-1,-1
449,-1,360,89,17,25,0.82,7,-1,-1
449,-1,300,117,14,13,0.78,2,-1,-1
449,-1,356,113,14,14,0.55,2,-1,-1
450,-1,360,89,16,24,0.82,7,-1,-1
450,-1,299,118,14,14,0.80,2,-1,-1
450,-1,356,111,14,14,0.61,2,-1,-1
451,-1,360,88,15,24,0.80,7,-1,-1
451,-1,297,120,15,14,0.80,2,-1,-1
451,-1,356,109,14,14,0.69,2,-1,-1
452,-1,296,121,15,14,0.82,2,-1,-1
452,-1,359,88,16,23,0.81,7,-1,-1
452,-1,355,109,14,14,0.66,2,-1,-1
453,-1,295,122,16,16,0.82,2,-1,-1
453,-1,360,87,15,23,0.80,7,-1,-1
453,-1,356,108,13,14,0.69,2,-1,-1
454,-1,295,124,16,14,0.77,2,-1,-1
454,-1,359,86,15,23,0.77,7,-1,-1
454,-1,355,108,14,13,0.51,2,-1,-1
455,-1,293,126,16,14,0.81,2,-1,-1
455,-1,359,86,14,22,0.77,7,-1,-1
455,-1,356,107,13,13,0.66,2,-1,-1
456,-1,292,126,17,16,0.81,2,-1,-1
456,-1,359,86,14,23,0.80,7,-1,-1
456,-1,355,107,13,13,0.65,2,-1,-1
457,-1,291,128,16,16,0.82,2,-1,-1
457,-1,358,85,15,23,0.73,7,-1,-1
457,-1,355,106,14,11,0.16,2,-1,-1
458,-1,289,130,18,17,0.83,2,-1,-1
458,-1,358,85,15,25,0.73,7,-1,-1
458,-1,355,105,14,12,0.40,2,-1,-1
459,-1,288,132,17,17,0.82,2,-1,-1
459,-1,358,84,15,26,0.73,7,-1,-1
459,-1,355,105,14,11,0.30,2,-1,-1
460,-1,287,134,18,16,0.83,2,-1,-1
460,-1,357,84,15,24,0.72,7,-1,-1
460,-1,355,105,13,10,0.15,2,-1,-1
461,-1,286,134,18,18,0.83,2,-1,-1
461,-1,357,84,15,24,0.74,7,-1,-1
461,-1,355,105,13,10,0.15,2,-1,-1
462,-1,285,136,18,18,0.84,2,-1,-1
462,-1,357,84,14,24,0.68,7,-1,-1
462,-1,355,103,12,11,0.30,2,-1,-1
462,-1,329,90,10,10,0.21,2,-1,-1
463,-1,283,138,18,18,0.84,2,-1,-1
463,-1,357,83,14,22,0.54,7,-1,-1
463,-1,329,90,10,10,0.19,2,-1,-1
463,-1,355,103,12,10,0.15,2,-1,-1
464,-1,281,141,19,18,0.84,2,-1,-1
464,-1,357,83,14,23,0.59,7,-1,-1
464,-1,329,91,10,10,0.25,2,-1,-1
464,-1,354,101,13,11,0.22,2,-1,-1
465,-1,280,144,18,18,0.84,2,-1,-1
465,-1,356,82,14,21,0.63,7,-1,-1
465,-1,329,91,10,10,0.60,2,-1,-1
465,-1,355,101,12,11,0.27,2,-1,-1
466,-1,278,146,18,18,0.84,2,-1,-1
466,-1,356,82,14,22,0.61,7,-1,-1
466,-1,355,101,12,11,0.30,2,-1,-1
466,-1,329,93,10,10,0.18,2,-1,-1
467,-1,276,148,20,20,0.85,2,-1,-1
467,-1,356,82,14,22,0.53,7,-1,-1
467,-1,354,99,12,11,0.33,2,-1,-1
467,-1,329,93,9,10,0.15,2,-1,-1
468,-1,274,150,20,21,0.83,2,-1,-1
468,-1,356,82,14,23,0.61,7,-1,-1
468,-1,328,94,10,10,0.55,2,-1,-1
468,-1,355,98,12,11,0.28,2,-1,-1
469,-1,272,154,20,22,0.87,2,-1,-1
469,-1,356,82,14,22,0.56,7,-1,-1
469,-1,328,94,10,10,0.55,2,-1,-1
469,-1,354,98,12,10,0.15,2,-1,-1
470,-1,269,157,22,22,0.86,2,-1,-1
470,-1,328,94,10,10,0.67,2,-1,-1
470,-1,356,82,14,22,0.56,7,-1,-1
470,-1,355,97,12,10,0.12,2,-1,-1
471,-1,266,161,23,23,0.88,2,-1,-1
471,-1,328,94,10,10,0.58,2,-1,-1
471,-1,355,82,14,22,0.49,7,-1,-1
471,-1,354,97,12,10,0.29,2,-1,-1
472,-1,264,163,23,24,0.86,2,-1,-1
472,-1,328,96,10,10,0.53,2,-1,-1
472,-1,356,81,12,19,0.26,7,-1,-1
473,-1,261,168,23,25,0.89,2,-1,-1
473,-1,328,96,10,10,0.49,2,-1,-1
473,-1,356,81,12,19,0.25,7,-1,-1
474,-1,258,172,24,25,0.88,2,-1,-1
474,-1,327,96,10,11,0.60,2,-1,-1
474,-1,355,91,10,13,0.27,2,-1,-1
475,-1,254,177,25,26,0.88,2,-1,-1
475,-1,326,97,11,11,0.69,2,-1,-1
475,-1,355,81,12,19,0.23,7,-1,-1
476,-1,251,181,26,28,0.89,2,-1,-1
476,-1,326,98,11,11,0.52,2,-1,-1
476,-1,356,81,12,20,0.21,7,-1,-1
477,-1,247,187,26,28,0.88,2,-1,-1
477,-1,326,98,12,11,0.78,2,-1,-1
477,-1,355,80,12,18,0.18,7,-1,-1
478,-1,242,192,28,30,0.89,2,-1,-1
478,-1,326,98,12,11,0.78,2,-1,-1
478,-1,355,79,12,19,0.16,7,-1,-1
479,-1,237,198,30,32,0.91,2,-1,-1
479,-1,326,100,11,11,0.79,2,-1,-1
479,-1,355,78,12,18,0.15,7,-1,-1
480,-1,232,204,31,34,0.89,2,-1,-1
480,-1,326,100,11,11,0.79,2,-1,-1
480,-1,355,78,12,19,0.16,7,-1,-1
481,-1,224,213,34,36,0.90,2,-1,-1
481,-1,325,102,12,11,0.75,2,-1,-1
482,-1,220,219,34,38,0.90,2,-1,-1
482,-1,325,102,12,11,0.78,2,-1,-1
483,-1,210,229,37,41,0.90,2,-1,-1
483,-1,325,103,11,12,0.77,2,-1,-1
483,-1,354,77,12,17,0.24,7,-1,-1
484,-1,204,237,40,44,0.90,2,-1,-1
484,-1,324,103,12,12,0.80,2,-1,-1
484,-1,354,76,12,17,0.22,7,-1,-1
485,-1,193,252,42,47,0.91,2,-1,-1
485,-1,324,104,12,13,0.81,2,-1,-1
485,-1,354,76,12,16,0.24,7,-1,-1
486,-1,184,262,45,51,0.91,2,-1,-1
486,-1,324,104,12,13,0.80,2,-1,-1
486,-1,354,76,12,16,0.24,7,-1,-1
487,-1,169,280,50,57,0.91,2,-1,-1
487,-1,322,106,13,12,0.81,2,-1,-1
487,-1,354,76,12,14,0.17,2,-1,-1
488,-1,159,294,52,60,0.91,2,-1,-1
488,-1,322,106,13,12,0.82,2,-1,-1
488,-1,354,77,12,15,0.15,2,-1,-1
489,-1,139,318,58,69,0.92,2,-1,-1
489,-1,321,108,14,13,0.80,2,-1,-1
490,-1,123,337,63,77,0.92,2,-1,-1
490,-1,321,108,14,13,0.80,2,-1,-1
491,-1,97,370,71,90,0.92,2,-1,-1
491,-1,320,110,14,14,0.80,2,-1,-1
492,-1,79,396,74,100,0.93,2,-1,-1
492,-1,320,110,14,14,0.81,2,-1,-1
492,-1,353,75,12,18,0.13,7,-1,-1
493,-1,42,444,86,94,0.92,2,-1,-1
493,-1,320,112,14,14,0.82,2,-1,-1
493,-1,353,75,12,18,0.11,7,-1,-1
494,-1,23,483,86,56,0.89,2,-1,-1
494,-1,320,112,14,14,0.82,2,-1,-1
495,-1,320,113,14,14,0.83,2,-1,-1
495,-1,352,74,12,17,0.13,7,-1,-1
496,-1,319,114,14,14,0.83,2,-1,-1
496,-1,352,74,12,17,0.13,7,-1,-1
497,-1,318,116,14,15,0.83,2,-1,-1
497,-1,352,74,12,16,0.12,7,-1,-1
498,-1,318,117,14,14,0.82,2,-1,-1
498,-1,352,75,12,17,0.16,7,-1,-1
499,-1,318,118,14,14,0.83,2,-1,-1
500,-1,315,118,16,16,0.84,2,-1,-1
501,-1,315,120,16,16,0.85,2,-1,-1
502,-1,315,122,16,16,0.84,2,-1,-1
503,-1,315,124,15,16,0.83,2,-1,-1
504,-1,313,125,16,16,0.82,2,-1,-1
505,-1,312,126,18,16,0.83,2,-1,-1
506,-1,312,128,17,16,0.83,2,-1,-1
507,-1,310,130,17,17,0.82,2,-1,-1
508,-1,310,131,18,18,0.83,2,-1,-1
509,-1,309,132,18,19,0.84,2,-1,-1
510,-1,308,135,18,18,0.84,2,-1,-1
511,-1,306,137,19,18,0.83,2,-1,-1
512,-1,305,139,20,19,0.83,2,-1,-1
513,-1,304,141,20,20,0.85,2,-1,-1
514,-1,304,143,19,20,0.84,2,-1,-1
515,-1,302,146,20,21,0.86,2,-1,-1
516,-1,302,148,20,20,0.86,2,-1,-1
517,-1,300,152,21,21,0.87,2,-1,-1
518,-1,299,154,21,22,0.86,2,-1,-1
519,-1,298,158,22,22,0.85,2,-1,-1
520,-1,296,160,22,23,0.87,2,-1,-1
521,-1,295,164,22,24,0.87,2,-1,-1
522,-1,293,168,23,24,0.89,2,-1,-1
523,-1,291,172,24,25,0.88,2,-1,-1
524,-1,289,176,25,26,0.89,2,-1,-1
525,-1,287,181,26,28,0.88,2,-1,-1
526,-1,285,185,26,28,0.89,2,-1,-1
527,-1,281,191,28,30,0.89,2,-1,-1
528,-1,280,196,28,30,0.88,2,-1,-1
529,-1,276,202,30,33,0.90,2,-1,-1
530,-1,274,208,31,34,0.90,2,-1,-1
531,-1,270,217,32,36,0.90,2,-1,-1
532,-1,265,223,35,39,0.90,2,-1,-1
533,-1,260,234,36,41,0.91,2,-1,-1
534,-1,256,241,38,45,0.90,2,-1,-1
535,-1,251,255,40,49,0.91,2,-1,-1
536,-1,244,265,44,53,0.91,2,-1,-1
537,-1,236,283,47,58,0.91,2,-1,-1
538,-1,228,297,50,62,0.92,2,-1,-1
539,-1,216,320,55,70,0.93,2,-1,-1
540,-1,208,338,59,79,0.92,2,-1,-1
541,-1,188,370,70,90,0.93,2,-1,-1
542,-1,178,394,73,100,0.93,2,-1,-1
543,-1,154,440,85,98,0.92,2,-1,-1
543,-1,322,71,11,18,0.19,7,-1,-1
544,-1,147,479,82,60,0.89,2,-1,-1
544,-1,322,71,11,18,0.19,7,-1,-1
545,-1,321,71,12,18,0.16,7,-1,-1
546,-1,411,495,86,44,0.86,2,-1,-1
546,-1,321,71,12,18,0.16,7,-1,-1
547,-1,406,444,84,95,0.91,2,-1,-1
547,-1,321,71,12,19,0.33,7,-1,-1
548,-1,400,416,76,98,0.92,2,-1,-1
548,-1,320,72,12,19,0.41,7,-1,-1
549,-1,396,380,68,83,0.92,2,-1,-1
549,-1,320,71,12,20,0.56,7,-1,-1
550,-1,393,358,62,77,0.92,2,-1,-1
550,-1,320,71,12,20,0.56,7,-1,-1
551,-1,388,330,56,68,0.92,2,-1,-1
551,-1,524,486,108,51,0.83,2,-1,-1
551,-1,320,72,12,20,0.42,7,-1,-1
552,-1,388,314,52,64,0.93,2,-1,-1
552,-1,517,450,90,88,0.91,2,-1,-1
552,-1,320,72,12,20,0.42,7,-1,-1
553,-1,500,405,76,81,0.91,2,-1,-1
553,-1,383,294,48,57,0.91,2,-1,-1
553,-1,320,72,12,20,0.41,7,-1,-1
554,-1,382,281,44,54,0.92,2,-1,-1
554,-1,490,378,68,73,0.92,2,-1,-1
554,-1,321,72,11,20,0.35,7,-1,-1
555,-1,378,265,44,51,0.91,2,-1,-1
555,-1,476,345,60,64,0.91,2,-1,-1
555,-1,320,72,12,20,0.24,7,-1,-1
556,-1,378,256,40,49,0.91,2,-1,-1
556,-1,470,325,56,60,0.91,2,-1,-1
556,-1,320,72,12,21,0.31,7,-1,-1
557,-1,458,302,52,56,0.92,2,-1,-1
557,-1,375,242,38,47,0.90,2,-1,-1
557,-1,320,72,12,21,0.32,7,-1,-1
558,-1,452,287,48,52,0.92,2,-1,-1
558,-1,374,234,36,44,0.91,2,-1,-1
558,-1,320,72,12,21,0.31,7,-1,-1
559,-1,443,270,44,47,0.91,2,-1,-1
559,-1,372,224,36,42,0.91,2,-1,-1
559,-1,320,73,12,21,0.26,7,-1,-1
560,-1,439,258,42,45,0.90,2,-1,-1
560,-1,370,218,36,40,0.90,2,-1,-1
560,-1,411,490,100,49,0.84,2,-1,-1
560,-1,319,73,12,21,0.19,7,-1,-1
561,-1,406,441,84,96,0.91,2,-1,-1
561,-1,432,244,40,42,0.90,2,-1,-1
561,-1,370,210,32,38,0.90,2,-1,-1
561,-1,319,73,12,21,0.19,7,-1,-1
562,-1,402,413,76,90,0.91,2,-1,-1
562,-1,428,235,38,40,0.91,2,-1,-1
562,-1,370,205,30,37,0.89,2,-1,-1
562,-1,319,75,12,20,0.35,7,-1,-1
563,-1,397,375,68,81,0.92,2,-1,-1
563,-1,423,224,36,38,0.91,2,-1,-1
563,-1,368,199,29,34,0.89,2,-1,-1
563,-1,318,76,12,20,0.47,7,-1,-1
564,-1,394,354,64,74,0.92,2,-1,-1
564,-1,420,218,32,35,0.91,2,-1,-1
564,-1,366,194,30,34,0.88,2,-1,-1
564,-1,318,76,12,20,0.44,7,-1,-1
565,-1,390,328,56,67,0.91,2,-1,-1
565,-1,416,208,32,34,0.90,2,-1,-1
565,-1,366,188,28,33,0.89,2,-1,-1
565,-1,318,76,12,20,0.68,7,-1,-1
566,-1,390,310,52,64,0.91,2,-1,-1
566,-1,412,203,32,32,0.90,2,-1,-1
566,-1,365,183,28,32,0.89,2,-1,-1
566,-1,318,76,12,20,0.63,7,-1,-1
567,-1,386,291,48,57,0.90,2,-1,-1
567,-1,410,195,28,31,0.88,2,-1,-1
567,-1,365,178,26,30,0.88,2,-1,-1
567,-1,317,77,12,20,0.65,7,-1,-1
568,-1,383,278,46,55,0.91,2,-1,-1
568,-1,408,190,28,30,0.89,2,-1,-1
568,-1,364,174,26,30,0.88,2,-1,-1
568,-1,317,77,12,20,0.72,7,-1,-1
569,-1,380,262,44,52,0.91,2,-1,-1
569,-1,404,184,28,28,0.89,2,-1,-1
569,-1,363,169,25,28,0.88,2,-1,-1
569,-1,317,77,12,20,0.73,7,-1,-1
570,-1,379,253,42,50,0.91,2,-1,-1
570,-1,403,180,26,28,0.88,2,-1,-1
570,-1,362,167,26,28,0.87,2,-1,-1
570,-1,316,77,13,20,0.73,7,-1,-1
571,-1,375,240,40,46,0.91,2,-1,-1
571,-1,400,174,26,26,0.87,2,-1,-1
571,-1,362,163,24,27,0.86,2,-1,-1
571,-1,316,78,13,21,0.75,7,-1,-1
572,-1,374,231,38,46,0.91,2,-1,-1
572,-1,362,160,23,26,0.88,2,-1,-1
572,-1,398,171,24,25,0.86,2,-1,-1
572,-1,316,78,13,21,0.73,7,-1,-1
573,-1,373,222,36,43,0.91,2,-1,-1
573,-1,396,166,24,24,0.87,2,-1,-1
573,-1,362,158,22,24,0.84,2,-1,-1
573,-1,315,78,14,22,0.79,7,-1,-1
574,-1,371,217,36,40,0.91,2,-1,-1
574,-1,394,162,24,24,0.86,2,-1,-1
574,-1,361,154,22,25,0.86,2,-1,-1
574,-1,315,78,14,22,0.79,7,-1,-1
575,-1,369,208,34,38,0.90,2,-1,-1
575,-1,361,151,21,24,0.87,2,-1,-1
575,-1,392,158,24,23,0.85,2,-1,-1
575,-1,315,78,14,22,0.79,7,-1,-1
576,-1,369,203,32,37,0.90,2,-1,-1
576,-1,360,150,22,23,0.84,2,-1,-1
576,-1,391,156,22,22,0.84,2,-1,-1
576,-1,315,78,14,22,0.76,7,-1,-1
577,-1,368,197,30,35,0.89,2,-1,-1
577,-1,360,147,20,22,0.87,2,-1,-1
577,-1,390,152,20,22,0.87,2,-1,-1
577,-1,314,79,14,22,0.81,7,-1,-1
578,-1,366,193,30,34,0.89,2,-1,-1
578,-1,360,145,20,22,0.87,2,-1,-1
578,-1,389,150,20,21,0.85,2,-1,-1
578,-1,314,79,14,23,0.81,7,-1,-1
579,-1,366,187,29,33,0.89,2,-1,-1
579,-1,387,146,20,20,0.85,2,-1,-1
579,-1,359,141,20,22,0.85,2,-1,-1
579,-1,314,80,14,23,0.81,7,-1,-1
580,-1,365,182,28,32,0.89,2,-1,-1
580,-1,359,140,19,21,0.86,2,-1,-1
580,-1,387,144,18,20,0.85,2,-1,-1
580,-1,314,80,14,23,0.82,7,-1,-1
581,-1,364,177,28,30,0.89,2,-1,-1
581,-1,359,138,18,20,0.86,2,-1,-1
581,-1,384,141,20,20,0.84,2,-1,-1
581,-1,314,80,14,23,0.82,7,-1,-1
582,-1,364,174,26,30,0.88,2,-1,-1
582,-1,358,136,18,20,0.85,2,-1,-1
582,-1,384,139,18,20,0.85,2,-1,-1
582,-1,313,80,14,24,0.83,7,-1,-1
583,-1,363,169,26,28,0.88,2,-1,-1
583,-1,358,135,18,19,0.85,2,-1,-1
583,-1,383,135,18,20,0.84,2,-1,-1
583,-1,312,80,15,24,0.84,7,-1,-1
584,-1,362,166,26,28,0.88,2,-1,-1
584,-1,358,133,18,19,0.85,2,-1,-1
584,-1,382,133,18,20,0.85,2,-1,-1
584,-1,312,81,15,23,0.83,7,-1,-1
584,-1,542,514,92,25,0.57,7,-1,-1
585,-1,520,456,84,82,0.92,2,-1,-1
585,-1,362,162,24,27,0.87,2,-1,-1
585,-1,380,132,18,18,0.85,2,-1,-1
585,-1,358,131,16,18,0.84,2,-1,-1
585,-1,312,81,15,24,0.84,7,-1,-1
586,-1,507,422,76,78,0.92,2,-1,-1
586,-1,362,160,23,26,0.88,2,-1,-1
586,-1,380,130,16,18,0.85,2,-1,-1
586,-1,358,129,16,18,0.84,2,-1,-1
586,-1,311,83,16,23,0.84,7,-1,-1
587,-1,490,378,64,67,0.91,2,-1,-1
587,-1,380,129,16,16,0.86,2,-1,-1
587,-1,362,156,22,25,0.85,2,-1,-1
587,-1,310,83,16,24,0.84,7,-1,-1
587,-1,358,128,16,18,0.84,2,-1,-1
587,-1,404,476,92,63,0.82,2,-1,-1
588,-1,480,354,60,64,0.90,2,-1,-1
588,-1,403,446,72,90,0.90,2,-1,-1
588,-1,362,154,22,25,0.87,2,-1,-1
588,-1,379,127,16,16,0.86,2,-1,-1
588,-1,310,83,16,23,0.84,7,-1,-1
588,-1,357,126,16,18,0.83,2,-1,-1
589,-1,398,405,64,72,0.91,2,-1,-1
589,-1,468,323,52,58,0.90,2,-1,-1
589,-1,361,150,22,24,0.86,2,-1,-1
589,-1,310,84,16,24,0.85,7,-1,-1
589,-1,357,125,16,18,0.84,2,-1,-1
589,-1,378,125,16,16,0.83,2,-1,-1
590,-1,460,307,48,53,0.92,2,-1,-1
590,-1,394,381,60,67,0.90,2,-1,-1
590,-1,310,84,16,24,0.85,7,-1,-1
590,-1,377,124,16,16,0.84,2,-1,-1
590,-1,360,149,22,23,0.84,2,-1,-1
590,-1,357,124,15,16,0.83,2,-1,-1
591,-1,450,285,44,50,0.91,2,-1,-1
591,-1,391,350,52,60,0.90,2,-1,-1
591,-1,376,122,16,16,0.86,2,-1,-1
591,-1,360,146,21,22,0.86,2,-1,-1
591,-1,309,84,17,24,0.86,7,-1,-1
591,-1,356,122,15,17,0.84,2,-1,-1
592,-1,442,272,44,47,0.91,2,-1,-1
592,-1,390,332,48,56,0.90,2,-1,-1
592,-1,375,121,16,15,0.87,2,-1,-1
592,-1,360,144,21,22,0.86,2,-1,-1
592,-1,309,85,17,24,0.86,7,-1,-1
592,-1,357,121,14,16,0.82,2,-1,-1
593,-1,435,254,40,43,0.91,2,-1,-1
593,-1,386,309,44,50,0.90,2,-1,-1
593,-1,308,85,17,25,0.86,7,-1,-1
593,-1,360,142,20,22,0.85,2,-1,-1
593,-1,375,119,15,15,0.85,2,-1,-1
593,-1,357,120,14,16,0.81,2,-1,-1
594,-1,382,296,44,48,0.91,2,-1,-1
594,-1,431,245,38,41,0.90,2,-1,-1
594,-1,308,85,17,25,0.86,7,-1,-1
594,-1,360,140,20,21,0.86,2,-1,-1
594,-1,375,118,14,15,0.84,2,-1,-1
594,-1,356,119,14,15,0.82,2,-1,-1
595,-1,380,278,40,44,0.92,2,-1,-1
595,-1,424,233,36,37,0.90,2,-1,-1
595,-1,307,86,18,26,0.87,7,-1,-1
595,-1,360,138,20,20,0.86,2,-1,-1
595,-1,374,116,14,15,0.86,2,-1,-1
595,-1,356,117,14,15,0.80,2,-1,-1
596,-1,421,225,34,35,0.91,2,-1,-1
596,-1,377,268,40,42,0.91,2,-1,-1
596,-1,373,115,14,14,0.86,2,-1,-1
596,-1,308,86,17,26,0.86,7,-1,-1
596,-1,360,135,19,21,0.85,2,-1,-1
596,-1,356,116,14,15,0.80,2,-1,-1
597,-1,376,253,36,40,0.90,2,-1,-1
597,-1,416,214,32,33,0.90,2,-1,-1
597,-1,308,86,17,26,0.87,7,-1,-1
597,-1,372,114,14,14,0.86,2,-1,-1
597,-1,360,134,19,20,0.84,2,-1,-1
597,-1,356,115,14,14,0.80,2,-1,-1
598,-1,375,244,34,38,0.91,2,-1,-1
598,-1,412,208,32,32,0.90,2,-1,-1
598,-1,307,87,18,26,0.87,7,-1,-1
598,-1,360,132,18,20,0.85,2,-1,-1
598,-1,372,113,14,14,0.82,2,-1,-1
598,-1,356,114,14,15,0.78,2,-1,-1
599,-1,374,233,32,35,0.90,2,-1,-1
599,-1,410,200,28,30,0.89,2,-1,-1
599,-1,306,87,18,27,0.86,7,-1,-1
599,-1,360,131,18,20,0.85,2,-1,-1
599,-1,371,111,14,14,0.79,2,-1,-1
599,-1,355,113,14,14,0.79,2,-1,-1
600,-1,372,227,32,34,0.90,2,-1,-1
600,-1,406,195,28,30,0.88,2,-1,-1
600,-1,306,88,18,27,0.86,7,-1,-1
600,-1,360,129,17,19,0.84,2,-1,-1
600,-1,370,110,14,14,0.80,2,-1,-1
600,-1,354,112,13,14,0.78,2,-1,-1
601,-1,370,218,32,32,0.90,2,-1,-1
601,-1,306,88,18,28,0.87,7,-1,-1
601,-1,402,188,28,27,0.87,2,-1,-1
601,-1,360,126,18,20,0.83,2,-1,-1
601,-1,370,108,14,14,0.81,2,-1,-1
601,-1,354,110,13,15,0.77,2,-1,-1
602,-1,370,212,28,30,0.89,2,-1,-1
602,-1,401,183,26,28,0.87,2,-1,-1
602,-1,305,89,18,28,0.86,7,-1,-1
602,-1,360,126,18,18,0.81,2,-1,-1
602,-1,370,107,13,14,0.74,2,-1,-1
602,-1,355,111,12,13,0.67,2,-1,-1
603,-1,368,205,28,28,0.88,2,-1,-1
603,-1,400,177,24,26,0.87,2,-1,-1
603,-1,304,91,19,27,0.86,7,-1,-1
603,-1,360,124,17,18,0.82,2,-1,-1
603,-1,369,107,13,14,0.71,2,-1,-1
603,-1,355,110,12,13,0.62,2,-1,-1
604,-1,368,200,26,28,0.90,2,-1,-1
604,-1,398,173,24,26,0.87,2,-1,-1
604,-1,303,91,20,27,0.86,7,-1,-1
604,-1,360,124,18,18,0.82,2,-1,-1
604,-1,368,106,13,14,0.72,2,-1,-1
604,-1,355,109,12,13,0.60,2,-1,-1
605,-1,366,194,26,27,0.88,2,-1,-1
605,-1,394,168,24,25,0.88,2,-1,-1
605,-1,302,91,20,28,0.87,7,-1,-1
605,-1,361,122,16,17,0.80,2,-1,-1
605,-1,368,104,13,14,0.71,2,-1,-1
605,-1,355,108,12,12,0.65,2,-1,-1
606,-1,366,190,25,25,0.88,2,-1,-1
606,-1,302,92,20,29,0.87,7,-1,-1
606,-1,392,164,24,24,0.85,2,-1,-1
606,-1,361,120,16,18,0.79,2,-1,-1
606,-1,368,104,12,13,0.69,2,-1,-1
606,-1,355,107,12,12,0.68,2,-1,-1
607,-1,366,183,24,25,0.88,2,-1,-1
607,-1,392,161,20,22,0.87,2,-1,-1
607,-1,302,92,20,29,0.87,7,-1,-1
607,-1,361,118,16,18,0.80,2,-1,-1
607,-1,355,106,12,12,0.59,2,-1,-1
607,-1,367,102,13,13,0.58,2,-1,-1
608,-1,365,180,24,24,0.88,2,-1,-1
608,-1,301,92,21,30,0.87,7,-1,-1
608,-1,390,158,20,22,0.85,2,-1,-1
608,-1,361,118,16,18,0.79,2,-1,-1
608,-1,355,106,12,12,0.64,2,-1,-1
608,-1,367,102,13,13,0.57,2,-1,-1
609,-1,365,174,22,24,0.88,2,-1,-1
609,-1,389,155,20,20,0.86,2,-1,-1
609,-1,300,93,21,30,0.86,7,-1,-1
609,-1,361,116,16,17,0.77,2,-1,-1
609,-1,366,101,12,12,0.65,2,-1,-1
609,-1,355,105,12,12,0.57,2,-1,-1
610,-1,364,172,22,23,0.87,2,-1,-1
610,-1,299,93,22,31,0.86,7,-1,-1
610,-1,388,152,20,21,0.85,2,-1,-1
610,-1,361,116,16,17,0.78,2,-1,-1
610,-1,366,101,12,12,0.65,2,-1,-1
610,-1,355,104,12,12,0.55,2,-1,-1
611,-1,363,167,22,22,0.88,2,-1,-1
611,-1,299,93,22,32,0.87,7,-1,-1
611,-1,386,149,20,20,0.83,2,-1,-1
611,-1,361,114,16,16,0.78,2,-1,-1
611,-1,366,100,11,12,0.65,2,-1,-1
611,-1,356,102,12,12,0.44,2,-1,-1
612,-1,363,165,22,22,0.86,2,-1,-1
612,-1,298,95,22,31,0.85,7,-1,-1
612,-1,384,146,20,20,0.84,2,-1,-1
612,-1,361,113,16,16,0.78,2,-1,-1
612,-1,366,100,11,12,0.56,2,-1,-1
612,-1,356,102,12,12,0.39,2,-1,-1
613,-1,363,160,20,22,0.87,2,-1,-1
613,-1,298,95,22,32,0.86,7,-1,-1
613,-1,384,143,20,19,0.83,2,-1,-1
613,-1,362,112,15,16,0.78,2,-1,-1
613,-1,366,99,11,11,0.56,2,-1,-1
613,-1,356,101,11,11,0.34,2,-1,-1
614,-1,298,96,22,32,0.86,7,-1,-1
614,-1,363,158,20,20,0.85,2,-1,-1
614,-1,384,141,18,18,0.84,2,-1,-1
614,-1,362,111,15,17,0.79,2,-1,-1
614,-1,365,99,11,10,0.39,2,-1,-1
614,-1,356,101,12,10,0.20,2,-1,-1
615,-1,297,96,22,33,0.87,7,-1,-1
615,-1,362,155,20,20,0.85,2,-1,-1
615,-1,382,138,18,19,0.83,2,-1,-1
615,-1,362,109,15,16,0.77,2,-1,-1
616,-1,296,96,23,33,0.87,7,-1,-1
616,-1,361,152,20,20,0.85,2,-1,-1
616,-1,381,136,18,18,0.85,2,-1,-1
616,-1,362,109,15,16,0.77,2,-1,-1
617,-1,296,97,22,34,0.87,7,-1,-1
617,-1,430,500,80,39,0.86,2,-1,-1
617,-1,361,150,19,19,0.86,2,-1,-1
617,-1,380,134,18,18,0.84,2,-1,-1
617,-1,362,108,14,15,0.78,2,-1,-1
617,-1,362,95,12,11,0.14,2,-1,-1
618,-1,418,462,92,76,0.89,2,-1,-1
618,-1,295,98,23,34,0.87,7,-1,-1
618,-1,361,148,18,18,0.85,2,-1,-1
618,-1,380,132,16,18,0.83,2,-1,-1
618,-1,362,107,14,15,0.78,2,-1,-1
619,-1,412,414,72,78,0.91,2,-1,-1
619,-1,293,99,24,34,0.88,7,-1,-1
619,-1,379,131,16,16,0.85,2,-1,-1
619,-1,360,144,18,18,0.84,2,-1,-1
619,-1,362,107,14,14,0.79,2,-1,-1
619,-1,360,94,12,12,0.13,2,-1,-1
620,-1,408,386,64,72,0.92,2,-1,-1
620,-1,293,99,24,35,0.89,7,-1,-1
620,-1,360,143,18,18,0.85,2,-1,-1
620,-1,379,129,16,16,0.85,2,-1,-1
620,-1,362,106,14,14,0.77,2,-1,-1
620,-1,360,94,12,11,0.13,2,-1,-1
621,-1,404,351,56,65,0.90,2,-1,-1
621,-1,292,100,24,36,0.88,7,-1,-1
621,-1,361,141,16,17,0.84,2,-1,-1
621,-1,378,127,16,16,0.84,2,-1,-1
621,-1,362,104,14,15,0.76,2,-1,-1
622,-1,400,331,52,61,0.90,2,-1,-1
622,-1,292,100,25,37,0.88,7,-1,-1
622,-1,360,139,16,16,0.84,2,-1,-1
622,-1,377,126,16,16,0.81,2,-1,-1
622,-1,362,104,14,15,0.79,2,-1,-1
622,-1,360,93,11,10,0.11,2,-1,-1
623,-1,394,305,48,55,0.91,2,-1,-1
623,-1,290,100,26,38,0.89,7,-1,-1
623,-1,360,137,16,16,0.85,2,-1,-1
623,-1,376,124,16,15,0.81,2,-1,-1
623,-1,362,103,14,15,0.76,2,-1,-1
623,-1,360,93,11,9,0.16,2,-1,-1
624,-1,391,290,46,51,0.91,2,-1,-1
624,-1,290,102,26,38,0.89,7,-1,-1
624,-1,360,135,16,16,0.85,2,-1,-1
624,-1,375,123,16,15,0.82,2,-1,-1
624,-1,362,102,14,14,0.74,2,-1,-1
624,-1,358,93,10,9,0.19,2,-1,-1
625,-1,386,270,44,49,0.91,2,-1,-1
625,-1,288,103,26,39,0.89,7,-1,-1
625,-1,375,121,15,15,0.84,2,-1,-1
625,-1,359,133,16,16,0.83,2,-1,-1
625,-1,362,102,14,14,0.71,2,-1,-1
625,-1,359,93,10,9,0.12,2,-1,-1
626,-1,385,262,42,45,0.91,2,-1,-1
626,-1,288,104,26,38,0.89,7,-1,-1
626,-1,375,120,14,14,0.84,2,-1,-1
626,-1,360,132,15,15,0.81,2,-1,-1
626,-1,362,101,13,14,0.75,2,-1,-1
626,-1,358,92,10,9,0.23,2,-1,-1
627,-1,382,246,38,42,0.91,2,-1,-1
627,-1,287,104,27,39,0.89,7,-1,-1
627,-1,359,130,15,15,0.84,2,-1,-1
627,-1,374,118,15,14,0.80,2,-1,-1
627,-1,363,100,12,13,0.73,2,-1,-1
627,-1,358,92,10,9,0.14,2,-1,-1
628,-1,380,237,36,41,0.91,2,-1,-1
628,-1,286,106,27,39,0.88,7,-1,-1
628,-1,358,128,16,15,0.84,2,-1,-1
628,-1,374,117,15,14,0.77,2,-1,-1
628,-1,363,100,12,13,0.70,2,-1,-1
628,-1,358,93,10,9,0.12,2,-1,-1
629,-1,377,226,34,38,0.90,2,-1,-1
629,-1,284,106,29,41,0.89,7,-1,-1
629,-1,358,127,15,15,0.83,2,-1,-1
629,-1,373,116,15,14,0.82,2,-1,-1
629,-1,363,99,12,12,0.66,2,-1,-1
629,-1,355,91,10,10,0.10,2,-1,-1
630,-1,375,219,34,36,0.90,2,-1,-1
630,-1,284,107,29,41,0.89,7,-1,-1
630,-1,372,114,16,15,0.81,2,-1,-1
630,-1,358,126,15,15,0.81,2,-1,-1
630,-1,363,100,12,12,0.59,2,-1,-1
631,-1,374,210,32,34,0.90,2,-1,-1
631,-1,282,108,30,42,0.89,7,-1,-1
631,-1,358,124,14,14,0.80,2,-1,-1
631,-1,372,113,14,14,0.77,2,-1,-1
631,-1,364,99,11,11,0.52,2,-1,-1
632,-1,374,205,28,33,0.90,2,-1,-1
632,-1,281,109,30,42,0.89,7,-1,-1
632,-1,358,124,14,14,0.81,2,-1,-1
632,-1,372,112,14,14,0.76,2,-1,-1
632,-1,363,99,12,11,0.53,2,-1,-1
633,-1,372,198,28,31,0.89,2,-1,-1
633,-1,280,110,31,44,0.89,7,-1,-1
633,-1,358,121,14,14,0.83,2,-1,-1
633,-1,371,111,14,14,0.71,2,-1,-1
633,-1,364,98,10,11,0.44,2,-1,-1
634,-1,370,193,28,30,0.89,2,-1,-1
634,-1,280,111,30,44,0.89,7,-1,-1
634,-1,358,120,14,14,0.82,2,-1,-1
634,-1,371,110,13,14,0.72,2,-1,-1
634,-1,364,97,11,11,0.35,2,-1,-1
635,-1,278,112,32,46,0.90,7,-1,-1
635,-1,368,186,28,29,0.88,2,-1,-1
635,-1,358,119,13,14,0.81,2,-1,-1
635,-1,370,109,13,12,0.71,2,-1,-1
635,-1,364,96,10,11,0.42,2,-1,-1
636,-1,276,113,32,46,0.90,7,-1,-1
636,-1,368,182,26,28,0.88,2,-1,-1
636,-1,358,118,13,13,0.79,2,-1,-1
636,-1,370,108,13,12,0.76,2,-1,-1
636,-1,365,97,10,10,0.25,2,-1,-1
637,-1,275,114,32,48,0.90,7,-1,-1
637,-1,367,176,26,27,0.88,2,-1,-1
637,-1,358,117,12,13,0.80,2,-1,-1
637,-1,370,107,13,12,0.76,2,-1,-1
637,-1,364,95,10,10,0.30,2,-1,-1
638,-1,274,114,33,50,0.90,7,-1,-1
638,-1,367,173,24,25,0.87,2,-1,-1
638,-1,357,116,12,13,0.81,2,-1,-1
638,-1,370,107,12,12,0.77,2,-1,-1
638,-1,364,94,10,10,0.36,2,-1,-1
639,-1,271,116,34,50,0.90,7,-1,-1
639,-1,365,168,24,25,0.89,2,-1,-1
639,-1,550,452,88,87,0.88,7,-1,-1
639,-1,357,114,12,13,0.80,2,-1,-1
639,-1,369,106,12,12,0.69,2,-1,-1
639,-1,364,94,10,10,0.32,2,-1,-1
640,-1,536,422,102,117,0.92,7,-1,-1
640,-1,270,117,34,52,0.91,7,-1,-1
640,-1,364,165,24,25,0.88,2,-1,-1
640,-1,357,113,12,13,0.81,2,-1,-1
640,-1,369,105,12,12,0.72,2,-1,-1
640,-1,364,93,10,10,0.32,2,-1,-1
641,-1,518,386,116,153,0.93,7,-1,-1
641,-1,268,119,36,52,0.90,7,-1,-1
641,-1,364,160,23,24,0.89,2,-1,-1
641,-1,357,112,12,13,0.79,2,-1,-1
641,-1,368,104,12,12,0.70,2,-1,-1
641,-1,364,93,10,10,0.36,2,-1,-1
642,-1,508,364,128,175,0.94,7,-1,-1
642,-1,267,120,36,54,0.91,7,-1,-1
642,-1,364,158,22,24,0.87,2,-1,-1
642,-1,356,112,12,13,0.78,2,-1,-1
642,-1,368,104,12,12,0.67,2,-1,-1
642,-1,364,93,10,10,0.36,2,-1,-1
643,-1,492,334,144,204,0.92,7,-1,-1
643,-1,264,120,38,56,0.91,7,-1,-1
643,-1,363,154,22,23,0.87,2,-1,-1
643,-1,356,110,12,12,0.76,2,-1,-1
643,-1,368,103,12,11,0.62,2,-1,-1
643,-1,364,93,10,9,0.26,2,-1,-1
644,-1,484,316,152,223,0.94,7,-1,-1
644,-1,263,121,38,58,0.91,7,-1,-1
644,-1,362,152,22,22,0.87,2,-1,-1
644,-1,356,110,12,12,0.73,2,-1,-1
644,-1,367,102,12,11,0.56,2,-1,-1
644,-1,364,92,10,9,0.19,2,-1,-1
645,-1,261,123,40,58,0.91,7,-1,-1
645,-1,362,148,22,22,0.85,2,-1,-1
645,-1,356,109,12,12,0.73,2,-1,-1
645,-1,366,101,12,11,0.59,2,-1,-1
645,-1,364,93,11,10,0.12,2,-1,-1
646,-1,468,284,168,254,0.93,7,-1,-1
646,-1,258,123,42,62,0.91,7,-1,-1
646,-1,362,146,21,22,0.86,2,-1,-1
646,-1,356,108,12,12,0.73,2,-1,-1
646,-1,366,100,12,12,0.62,2,-1,-1
647,-1,460,270,172,262,0.94,7,-1,-1
647,-1,256,125,44,62,0.91,7,-1,-1
647,-1,362,143,20,20,0.85,2,-1,-1
647,-1,356,107,12,11,0.69,2,-1,-1
647,-1,365,99,12,12,0.54,2,-1,-1
648,-1,254,128,44,63,0.91,7,-1,-1
648,-1,454,258,160,274,0.89,7,-1,-1
648,-1,361,142,20,20,0.84,2,-1,-1
648,-1,355,106,12,11,0.44,2,-1,-1
648,-1,365,97,12,12,0.43,2,-1,-1
649,-1,251,128,46,67,0.91,7,-1,-1
649,-1,361,139,19,20,0.87,2,-1,-1
649,-1,449,252,142,276,0.86,7,-1,-1
649,-1,355,105,12,11,0.59,2,-1,-1
649,-1,365,98,12,12,0.44,2,-1,-1
650,-1,444,238,132,200,0.92,7,-1,-1
650,-1,248,128,48,70,0.91,7,-1,-1
650,-1,360,138,19,19,0.86,2,-1,-1
650,-1,355,104,12,11,0.59,2,-1,-1
650,-1,364,96,12,12,0.47,2,-1,-1
651,-1,438,228,120,182,0.91,7,-1,-1
651,-1,244,131,50,72,0.91,7,-1,-1
651,-1,360,135,18,19,0.86,2,-1,-1
651,-1,354,104,12,10,0.45,2,-1,-1
651,-1,364,95,12,12,0.38,2,-1,-1
652,-1,435,222,112,172,0.92,7,-1,-1
652,-1,242,133,51,74,0.91,7,-1,-1
652,-1,360,134,18,18,0.86,2,-1,-1
652,-1,354,103,12,11,0.58,2,-1,-1
652,-1,363,93,12,13,0.44,2,-1,-1
653,-1,430,212,104,162,0.92,7,-1,-1
653,-1,238,135,54,76,0.92,7,-1,-1
653,-1,359,132,18,17,0.84,2,-1,-1
653,-1,354,102,12,10,0.59,2,-1,-1
653,-1,364,93,11,12,0.39,2,-1,-1
654,-1,428,208,96,153,0.92,7,-1,-1
654,-1,234,135,56,80,0.91,7,-1,-1
654,-1,359,130,18,17,0.84,2,-1,-1
654,-1,354,101,12,10,0.51,2,-1,-1
654,-1,364,93,10,12,0.21,2,-1,-1
655,-1,424,200,90,140,0.93,7,-1,-1
655,-1,230,138,58,84,0.91,7,-1,-1
655,-1,358,128,17,17,0.85,2,-1,-1
655,-1,355,100,11,10,0.51,2,-1,-1
655,-1,364,92,10,12,0.22,2,-1,-1
656,-1,422,195,84,132,0.92,7,-1,-1
656,-1,226,140,61,88,0.91,7,-1,-1
656,-1,358,126,17,17,0.85,2,-1,-1
656,-1,355,100,11,10,0.50,2,-1,-1
656,-1,364,92,10,12,0.23,2,-1,-1
657,-1,418,190,80,124,0.92,7,-1,-1
657,-1,221,142,64,90,0.92,7,-1,-1
657,-1,358,125,16,17,0.83,2,-1,-1
657,-1,355,100,11,10,0.45,2,-1,-1
657,-1,363,92,10,12,0.15,2,-1,-1
658,-1,417,186,76,119,0.93,7,-1,-1
658,-1,217,144,66,95,0.92,7,-1,-1
658,-1,358,124,15,16,0.83,2,-1,-1
658,-1,355,99,10,10,0.36,2,-1,-1
658,-1,363,90,10,12,0.17,2,-1,-1
659,-1,413,180,72,110,0.93,7,-1,-1
659,-1,211,147,70,99,0.92,7,-1,-1
659,-1,359,122,14,16,0.84,2,-1,-1
659,-1,355,98,10,10,0.33,2,-1,-1
659,-1,363,90,10,11,0.16,2,-1,-1
660,-1,207,150,72,102,0.93,7,-1,-1
660,-1,412,177,68,105,0.92,7,-1,-1
660,-1,358,121,14,15,0.85,2,-1,-1
660,-1,354,98,10,9,0.37,2,-1,-1
660,-1,362,92,10,10,0.12,2,-1,-1
661,-1,200,152,76,110,0.92,7,-1,-1
661,-1,410,173,64,98,0.92,7,-1,-1
661,-1,358,119,14,16,0.83,2,-1,-1
661,-1,354,98,10,9,0.42,2,-1,-1
661,-1,362,91,10,10,0.11,2,-1,-1
662,-1,195,154,78,112,0.92,7,-1,-1
662,-1,407,170,64,94,0.92,7,-1,-1
662,-1,358,117,14,15,0.83,2,-1,-1
662,-1,354,97,10,9,0.37,2,-1,-1
662,-1,362,91,10,10,0.12,2,-1,-1
663,-1,187,159,84,120,0.93,7,-1,-1
663,-1,405,166,60,87,0.92,7,-1,-1
663,-1,357,116,14,15,0.81,2,-1,-1
663,-1,354,96,10,9,0.13,2,-1,-1
664,-1,182,162,87,126,0.92,7,-1,-1
664,-1,404,164,58,85,0.92,7,-1,-1
664,-1,357,116,14,14,0.82,2,-1,-1
664,-1,354,96,10,9,0.14,2,-1,-1
665,-1,172,166,93,133,0.92,7,-1,-1
665,-1,402,159,56,85,0.92,7,-1,-1
665,-1,356,115,14,14,0.84,2,-1,-1
665,-1,354,94,10,10,0.35,2,-1,-1
665,-1,360,90,11,10,0.10,2,-1,-1
666,-1,165,168,98,142,0.93,7,-1,-1
666,-1,402,158,52,80,0.92,7,-1,-1
666,-1,356,114,14,14,0.84,2,-1,-1
666,-1,354,94,10,10,0.38,2,-1,-1
667,-1,154,174,104,152,0.93,7,-1,-1
667,-1,399,154,50,78,0.91,7,-1,-1
667,-1,356,112,14,14,0.84,2,-1,-1
667,-1,354,93,10,10,0.27,2,-1,-1
668,-1,146,177,109,162,0.93,7,-1,-1
668,-1,398,152,48,76,0.90,7,-1,-1
668,-1,356,110,14,14,0.82,2,-1,-1
668,-1,354,93,10,10,0.27,2,-1,-1
669,-1,132,182,120,179,0.93,7,-1,-1
669,-1,396,149,48,72,0.91,7,-1,-1
669,-1,355,109,14,14,0.77,2,-1,-1
670,-1,120,188,128,188,0.92,7,-1,-1
670,-1,396,146,44,71,0.92,7,-1,-1
670,-1,355,109,14,14,0.80,2,-1,-1
670,-1,354,92,10,9,0.11,2,-1,-1
671,-1,104,194,139,207,0.92,7,-1,-1
671,-1,394,144,44,68,0.92,7,-1,-1
671,-1,354,108,14,13,0.82,2,-1,-1
671,-1,353,92,10,8,0.14,2,-1,-1
672,-1,392,142,44,66,0.92,7,-1,-1
672,-1,92,199,148,224,0.92,7,-1,-1
672,-1,354,107,13,13,0.82,2,-1,-1
673,-1,67,204,164,250,0.93,7,-1,-1
673,-1,390,140,44,64,0.91,7,-1,-1
673,-1,354,107,13,13,0.81,2,-1,-1
674,-1,49,218,178,266,0.94,7,-1,-1
674,-1,389,138,42,63,0.91,7,-1,-1
674,-1,354,106,13,12,0.81,2,-1,-1
675,-1,24,226,194,302,0.95,7,-1,-1
675,-1,388,136,40,61,0.92,7,-1,-1
675,-1,354,104,12,13,0.76,2,-1,-1
676,-1,6,236,208,298,0.96,7,-1,-1
676,-1,388,134,40,59,0.91,7,-1,-1
676,-1,354,104,12,13,0.76,2,-1,-1
677,-1,2,252,204,286,0.93,7,-1,-1
677,-1,387,132,38,58,0.90,7,-1,-1
677,-1,354,102,12,13,0.77,2,-1,-1
678,-1,0,259,198,278,0.92,7,-1,-1
678,-1,387,131,36,56,0.91,7,-1,-1
678,-1,354,101,12,13,0.74,2,-1,-1
679,-1,386,130,36,53,0.92,7,-1,-1
679,-1,0,275,186,263,0.90,7,-1,-1
679,-1,354,101,12,13,0.74,2,-1,-1
680,-1,384,128,36,52,0.91,7,-1,-1
680,-1,354,100,12,12,0.77,2,-1,-1
681,-1,1,312,162,226,0.93,7,-1,-1
681,-1,383,126,36,51,0.91,7,-1,-1
681,-1,353,100,12,11,0.73,2,-1,-1
682,-1,2,332,148,207,0.92,7,-1,-1
682,-1,383,125,34,49,0.91,7,-1,-1
682,-1,353,99,12,11,0.73,2,-1,-1
683,-1,1,364,130,176,0.91,7,-1,-1
683,-1,383,123,32,48,0.90,7,-1,-1
683,-1,353,99,12,11,0.71,2,-1,-1
684,-1,3,390,112,149,0.93,7,-1,-1
684,-1,382,122,32,48,0.90,7,-1,-1
684,-1,353,99,12,11,0.71,2,-1,-1
685,-1,381,121,32,46,0.91,7,-1,-1
685,-1,353,96,12,11,0.67,2,-1,-1
685,-1,2,444,83,96,0.40,7,-1,-1
686,-1,380,120,32,46,0.91,7,-1,-1
686,-1,353,96,12,11,0.69,2,-1,-1
687,-1,379,118,32,45,0.90,7,-1,-1
687,-1,353,95,11,11,0.49,2,-1,-1
688,-1,378,117,32,45,0.90,7,-1,-1
688,-1,353,94,11,11,0.61,2,-1,-1
689,-1,378,116,32,44,0.90,7,-1,-1
689,-1,353,94,11,11,0.57,2,-1,-1
690,-1,378,115,30,43,0.90,7,-1,-1
690,-1,354,93,10,11,0.47,2,-1,-1
691,-1,378,114,28,42,0.90,7,-1,-1
691,-1,353,92,10,11,0.52,2,-1,-1
692,-1,376,113,30,42,0.90,7,-1,-1
692,-1,353,92,10,11,0.52,2,-1,-1
693,-1,376,112,28,40,0.90,7,-1,-1
693,-1,353,91,10,10,0.41,2,-1,-1
694,-1,376,110,28,40,0.90,7,-1,-1
694,-1,353,92,10,10,0.36,2,-1,-1
695,-1,375,109,28,40,0.89,7,-1,-1
695,-1,353,90,10,10,0.43,2,-1,-1
696,-1,374,109,28,39,0.89,7,-1,-1
696,-1,353,90,10,10,0.31,2,-1,-1
697,-1,374,108,28,38,0.89,7,-1,-1
697,-1,353,90,10,10,0.25,2,-1,-1
698,-1,374,107,28,37,0.88,7,-1,-1
698,-1,353,89,10,10,0.28,2,-1,-1
699,-1,374,106,26,37,0.88,7,-1,-1
699,-1,353,89,10,10,0.23,2,-1,-1
700,-1,373,106,26,36,0.89,7,-1,-1
700,-1,353,88,10,10,0.24,2,-1,-1
701,-1,374,105,24,35,0.89,7,-1,-1
701,-1,353,88,10,10,0.26,2,-1,-1
702,-1,372,104,24,35,0.90,7,-1,-1
702,-1,353,88,10,9,0.10,2,-1,-1
703,-1,371,103,25,34,0.89,7,-1,-1
704,-1,370,102,26,34,0.90,7,-1,-1
705,-1,371,101,24,34,0.89,7,-1,-1
706,-1,370,101,24,33,0.89,7,-1,-1
707,-1,370,100,24,32,0.89,7,-1,-1
708,-1,369,100,24,32,0.88,7,-1,-1
709,-1,369,100,24,31,0.88,7,-1,-1
710,-1,370,99,22,31,0.87,7,-1,-1
711,-1,369,98,22,31,0.87,7,-1,-1
712,-1,368,98,22,30,0.87,7,-1,-1
713,-1,369,97,20,30,0.87,7,-1,-1
714,-1,369,97,20,30,0.87,7,-1,-1
715,-1,368,96,20,28,0.88,7,-1,-1
716,-1,368,96,20,28,0.88,7,-1,-1
717,-1,367,95,20,28,0.88,7,-1,-1
718,-1,367,94,20,26,0.87,7,-1,-1
719,-1,367,94,19,26,0.88,7,-1,-1
720,-1,367,94,19,26,0.88,7,-1,-1
721,-1,366,93,20,26,0.86,7,-1,-1
722,-1,366,93,20,26,0.85,7,-1,-1
723,-1,367,92,18,26,0.86,7,-1,-1
724,-1,367,91,18,25,0.84,7,-1,-1
725,-1,367,91,18,25,0.82,7,-1,-1
726,-1,367,91,18,25,0.84,7,-1,-1
727,-1,366,90,18,24,0.83,7,-1,-1
728,-1,366,90,18,25,0.84,7,-1,-1
729,-1,366,90,18,24,0.85,7,-1,-1
730,-1,366,89,17,23,0.82,7,-1,-1
731,-1,366,88,18,23,0.85,7,-1,-1
732,-1,366,88,18,23,0.85,7,-1,-1
733,-1,367,88,16,23,0.81,7,-1,-1
734,-1,367,88,16,23,0.83,7,-1,-1
735,-1,366,87,16,23,0.81,7,-1,-1
736,-1,366,87,16,22,0.71,7,-1,-1
737,-1,366,86,16,22,0.81,7,-1,-1
738,-1,366,86,16,22,0.83,7,-1,-1
739,-1,366,86,15,21,0.79,7,-1,-1
740,-1,366,86,15,21,0.79,7,-1,-1
741,-1,366,85,15,22,0.75,7,-1,-1
742,-1,365,84,15,21,0.67,7,-1,-1
743,-1,365,84,14,20,0.46,7,-1,-1
744,-1,365,84,14,21,0.72,7,-1,-1
745,-1,365,83,14,20,0.62,7,-1,-1
746,-1,364,83,14,20,0.55,7,-1,-1
747,-1,364,83,14,20,0.62,7,-1,-1
748,-1,364,82,14,20,0.54,7,-1,-1
749,-1,364,82,14,20,0.64,7,-1,-1
750,-1,364,82,13,20,0.58,7,-1,-1
751,-1,365,82,12,19,0.50,2,-1,-1
752,-1,365,82,12,19,0.50,2,-1,-1
753,-1,365,81,12,18,0.64,2,-1,-1
754,-1,365,81,12,19,0.58,2,-1,-1
755,-1,364,81,12,18,0.67,2,-1,-1
756,-1,364,81,12,18,0.69,2,-1,-1
757,-1,364,80,12,18,0.47,7,-1,-1
758,-1,364,80,12,18,0.47,7,-1,-1
759,-1,364,80,12,18,0.68,7,-1,-1
759,-1,331,84,8,10,0.10,2,-1,-1
760,-1,364,80,12,17,0.68,7,-1,-1
760,-1,331,86,8,10,0.16,2,-1,-1
761,-1,363,80,12,17,0.63,7,-1,-1
761,-1,331,86,8,10,0.11,2,-1,-1
762,-1,363,80,12,17,0.65,7,-1,-1
762,-1,331,86,8,10,0.31,2,-1,-1
763,-1,363,79,12,17,0.67,7,-1,-1
763,-1,330,87,9,11,0.19,2,-1,-1
764,-1,363,79,12,17,0.66,7,-1,-1
764,-1,330,87,9,11,0.19,2,-1,-1
765,-1,363,78,12,17,0.69,7,-1,-1
765,-1,330,88,9,11,0.45,2,-1,-1
766,-1,362,78,12,17,0.65,7,-1,-1
766,-1,330,88,9,11,0.45,2,-1,-1
767,-1,362,78,12,17,0.65,7,-1,-1
767,-1,330,88,9,11,0.40,2,-1,-1
768,-1,362,77,12,17,0.63,7,-1,-1
768,-1,329,89,10,12,0.62,2,-1,-1
769,-1,362,77,12,16,0.62,7,-1,-1
769,-1,329,89,10,12,0.53,2,-1,-1
770,-1,362,77,12,16,0.62,7,-1,-1
770,-1,329,89,10,12,0.52,2,-1,-1
771,-1,328,90,10,12,0.72,2,-1,-1
771,-1,362,77,12,16,0.63,7,-1,-1
772,-1,328,90,10,13,0.71,2,-1,-1
772,-1,362,77,12,16,0.48,7,-1,-1
773,-1,328,90,10,13,0.71,2,-1,-1
773,-1,362,77,12,16,0.48,7,-1,-1
774,-1,328,91,10,12,0.75,2,-1,-1
774,-1,361,77,12,16,0.43,7,-1,-1
775,-1,328,92,10,14,0.64,2,-1,-1
775,-1,362,76,11,16,0.45,7,-1,-1
776,-1,328,93,10,13,0.69,2,-1,-1
776,-1,362,76,11,16,0.51,7,-1,-1
777,-1,326,93,11,13,0.74,2,-1,-1
777,-1,362,76,11,16,0.50,7,-1,-1
778,-1,327,95,10,13,0.67,2,-1,-1
778,-1,362,76,11,16,0.50,7,-1,-1
779,-1,326,95,11,13,0.76,2,-1,-1
779,-1,362,76,11,16,0.51,7,-1,-1
780,-1,326,96,11,13,0.78,2,-1,-1
780,-1,361,76,11,16,0.48,7,-1,-1
781,-1,325,97,12,14,0.75,2,-1,-1
781,-1,361,75,11,15,0.37,7,-1,-1
782,-1,325,97,12,14,0.80,2,-1,-1
782,-1,361,76,11,15,0.36,7,-1,-1
783,-1,325,98,12,14,0.83,2,-1,-1
783,-1,361,75,10,15,0.22,7,-1,-1
784,-1,324,99,12,14,0.82,2,-1,-1
784,-1,361,75,10,14,0.18,2,-1,-1
785,-1,324,100,12,14,0.84,2,-1,-1
785,-1,361,75,10,14,0.19,2,-1,-1
786,-1,324,100,12,14,0.84,2,-1,-1
786,-1,361,75,10,14,0.19,2,-1,-1
787,-1,324,102,12,14,0.79,2,-1,-1
787,-1,361,75,10,14,0.19,7,-1,-1
788,-1,324,102,13,15,0.82,2,-1,-1
788,-1,361,75,10,14,0.19,2,-1,-1
789,-1,323,103,13,14,0.82,2,-1,-1
789,-1,360,74,10,14,0.29,7,-1,-1
790,-1,323,103,13,14,0.82,2,-1,-1
790,-1,360,74,10,14,0.25,7,-1,-1
791,-1,322,104,14,15,0.85,2,-1,-1
791,-1,360,74,10,14,0.20,7,-1,-1
792,-1,322,105,14,16,0.85,2,-1,-1
792,-1,360,74,10,14,0.19,7,-1,-1
793,-1,321,106,14,16,0.83,2,-1,-1
793,-1,360,74,10,14,0.18,7,-1,-1
794,-1,321,107,14,16,0.82,2,-1,-1
794,-1,360,74,10,14,0.17,7,-1,-1
795,-1,321,108,14,16,0.83,2,-1,-1
795,-1,360,73,10,14,0.21,7,-1,-1
796,-1,321,109,14,16,0.83,2,-1,-1
796,-1,360,74,10,14,0.15,7,-1,-1
797,-1,320,110,15,17,0.84,2,-1,-1
797,-1,359,73,10,14,0.14,7,-1,-1
798,-1,319,110,15,17,0.84,2,-1,-1
798,-1,359,73,10,14,0.14,7,-1,-1
799,-1,318,113,15,17,0.84,2,-1,-1
800,-1,318,113,15,17,0.84,2,-1,-1
801,-1,317,114,16,18,0.84,2,-1,-1
802,-1,316,115,16,18,0.84,2,-1,-1
803,-1,316,117,17,19,0.85,2,-1,-1
804,-1,315,117,17,20,0.85,2,-1,-1
805,-1,314,119,18,20,0.83,2,-1,-1
806,-1,313,120,18,20,0.84,2,-1,-1
807,-1,312,122,18,20,0.86,2,-1,-1
808,-1,311,123,20,21,0.87,2,-1,-1
809,-1,310,125,19,22,0.85,2,-1,-1
810,-1,310,125,20,23,0.85,2,-1,-1
811,-1,308,127,21,24,0.86,2,-1,-1
812,-1,307,129,22,24,0.87,2,-1,-1
813,-1,306,132,21,24,0.84,2,-1,-1
814,-1,305,133,22,25,0.84,2,-1,-1
815,-1,304,136,22,26,0.87,2,-1,-1
816,-1,303,138,21,26,0.87,2,-1,-1
817,-1,301,140,23,28,0.88,2,-1,-1
818,-1,300,141,23,29,0.88,2,-1,-1
819,-1,298,144,24,30,0.88,2,-1,-1
820,-1,297,147,24,30,0.87,2,-1,-1
821,-1,294,151,26,31,0.88,2,-1,-1
822,-1,294,154,26,32,0.88,2,-1,-1
823,-1,292,157,26,34,0.89,2,-1,-1
824,-1,289,161,28,34,0.89,2,-1,-1
825,-1,287,165,28,36,0.89,2,-1,-1
826,-1,284,168,30,36,0.89,2,-1,-1
827,-1,282,173,30,40,0.90,2,-1,-1
828,-1,278,176,32,42,0.90,2,-1,-1
829,-1,275,183,34,43,0.90,2,-1,-1
830,-1,273,187,35,45,0.90,2,-1,-1
831,-1,269,194,36,49,0.91,2,-1,-1
832,-1,266,200,37,49,0.90,2,-1,-1
833,-1,260,207,40,56,0.91,2,-1,-1
834,-1,256,211,42,62,0.90,2,-1,-1
835,-1,250,226,44,63,0.91,2,-1,-1
836,-1,244,233,48,68,0.91,2,-1,-1
837,-1,234,244,53,77,0.91,2,-1,-1
838,-1,229,257,54,80,0.91,2,-1,-1
839,-1,217,274,60,93,0.90,2,-1,-1
840,-1,208,288,64,98,0.92,2,-1,-1
841,-1,192,316,72,111,0.92,2,-1,-1
842,-1,180,333,78,123,0.92,2,-1,-1
843,-1,157,370,90,144,0.92,2,-1,-1
844,-1,139,402,98,136,0.92,2,-1,-1
845,-1,116,456,106,82,0.91,2,-1,-1
846,-1,110,502,96,37,0.79,7,-1,-1
