1,-1,-1,-1,-1,-1,-1,-1,-1,-1
2,-1,-1,-1,-1,-1,-1,-1,-1,-1
3,-1,-1,-1,-1,-1,-1,-1,-1,-1
4,-1,-1,-1,-1,-1,-1,-1,-1,-1
5,-1,-1,-1,-1,-1,-1,-1,-1,-1
6,-1,-1,-1,-1,-1,-1,-1,-1,-1
7,-1,-1,-1,-1,-1,-1,-1,-1,-1
8,-1,-1,-1,-1,-1,-1,-1,-1,-1
9,-1,-1,-1,-1,-1,-1,-1,-1,-1
10,-1,-1,-1,-1,-1,-1,-1,-1,-1
11,-1,-1,-1,-1,-1,-1,-1,-1,-1
12,-1,-1,-1,-1,-1,-1,-1,-1,-1
13,-1,-1,-1,-1,-1,-1,-1,-1,-1
14,-1,-1,-1,-1,-1,-1,-1,-1,-1
15,-1,-1,-1,-1,-1,-1,-1,-1,-1
16,-1,-1,-1,-1,-1,-1,-1,-1,-1
17,-1,-1,-1,-1,-1,-1,-1,-1,-1
18,-1,-1,-1,-1,-1,-1,-1,-1,-1
19,-1,-1,-1,-1,-1,-1,-1,-1,-1
20,-1,-1,-1,-1,-1,-1,-1,-1,-1
21,-1,-1,-1,-1,-1,-1,-1,-1,-1
22,-1,-1,-1,-1,-1,-1,-1,-1,-1
23,-1,-1,-1,-1,-1,-1,-1,-1,-1
24,-1,-1,-1,-1,-1,-1,-1,-1,-1
25,-1,-1,-1,-1,-1,-1,-1,-1,-1
26,-1,-1,-1,-1,-1,-1,-1,-1,-1
27,-1,-1,-1,-1,-1,-1,-1,-1,-1
28,-1,-1,-1,-1,-1,-1,-1,-1,-1
29,-1,-1,-1,-1,-1,-1,-1,-1,-1
30,-1,-1,-1,-1,-1,-1,-1,-1,-1
31,-1,-1,-1,-1,-1,-1,-1,-1,-1
32,-1,-1,-1,-1,-1,-1,-1,-1,-1
33,-1,-1,-1,-1,-1,-1,-1,-1,-1
34,-1,264,157,9,14,0.27,7,-1,-1
35,-1,264,157,9,14,0.28,7,-1,-1
36,-1,264,157,9,14,0.29,7,-1,-1
37,-1,265,158,9,13,0.38,2,-1,-1
38,-1,266,159,9,14,0.46,2,-1,-1
39,-1,264,158,10,15,0.56,7,-1,-1
40,-1,265,159,10,15,0.46,7,-1,-1
41,-1,265,159,10,15,0.45,7,-1,-1
42,-1,266,160,10,15,0.48,2,-1,-1
43,-1,266,161,10,15,0.53,2,-1,-1
44,-1,266,161,10,14,0.65,2,-1,-1
45,-1,266,162,10,15,0.58,2,-1,-1
46,-1,266,162,10,15,0.61,2,-1,-1
47,-1,266,162,10,16,0.52,2,-1,-1
48,-1,266,162,10,16,0.43,7,-1,-1
49,-1,266,162,10,16,0.45,7,-1,-1
50,-1,266,162,11,17,0.66,7,-1,-1
51,-1,266,162,11,18,0.68,7,-1,-1
52,-1,267,163,10,18,0.52,7,-1,-1
53,-1,266,163,11,18,0.54,7,-1,-1
54,-1,267,164,10,18,0.60,7,-1,-1
55,-1,267,164,10,18,0.60,7,-1,-1
56,-1,266,165,11,18,0.53,7,-1,-1
57,-1,266,166,11,19,0.61,7,-1,-1
58,-1,266,166,11,19,0.46,7,-1,-1
59,-1,266,166,11,19,0.53,7,-1,-1
60,-1,266,168,12,19,0.62,7,-1,-1
61,-1,266,168,13,18,0.54,7,-1,-1
62,-1,266,169,12,18,0.49,7,-1,-1
63,-1,265,170,13,19,0.46,7,-1,-1
64,-1,265,170,13,20,0.52,2,-1,-1
65,-1,265,170,13,20,0.47,7,-1,-1
66,-1,264,171,14,20,0.66,7,-1,-1
67,-1,264,171,14,22,0.62,7,-1,-1
68,-1,263,171,15,22,0.68,7,-1,-1
69,-1,264,171,15,22,0.84,7,-1,-1
70,-1,263,172,15,24,0.83,7,-1,-1
71,-1,263,173,15,23,0.82,7,-1,-1
72,-1,263,173,15,24,0.80,7,-1,-1
73,-1,262,174,16,23,0.82,7,-1,-1
74,-1,262,175,16,24,0.84,7,-1,-1
75,-1,261,176,17,24,0.84,7,-1,-1
76,-1,260,177,17,24,0.85,7,-1,-1
77,-1,260,178,17,24,0.84,7,-1,-1
78,-1,260,178,17,25,0.83,7,-1,-1
79,-1,259,180,18,25,0.80,7,-1,-1
80,-1,258,181,18,26,0.83,7,-1,-1
80,-1,265,155,10,14,0.13,7,-1,-1
81,-1,258,181,18,26,0.84,7,-1,-1
81,-1,265,154,11,16,0.17,7,-1,-1
82,-1,256,181,19,28,0.85,7,-1,-1
82,-1,266,156,10,15,0.27,7,-1,-1
83,-1,256,182,20,28,0.84,7,-1,-1
83,-1,266,156,10,14,0.41,7,-1,-1
84,-1,256,183,20,29,0.86,7,-1,-1
84,-1,266,155,10,16,0.18,7,-1,-1
85,-1,354,436,61,88,0.92,2,-1,-1
85,-1,255,182,19,30,0.86,7,-1,-1
86,-1,348,404,52,73,0.93,2,-1,-1
86,-1,254,184,20,30,0.86,7,-1,-1
86,-1,266,159,10,14,0.22,7,-1,-1
87,-1,344,386,48,64,0.93,2,-1,-1
87,-1,253,184,20,31,0.86,7,-1,-1
87,-1,266,159,10,14,0.37,7,-1,-1
88,-1,338,362,43,56,0.93,2,-1,-1
88,-1,253,185,20,32,0.87,7,-1,-1
88,-1,266,160,9,14,0.43,7,-1,-1
89,-1,336,348,40,52,0.91,2,-1,-1
89,-1,252,186,21,33,0.88,7,-1,-1
89,-1,266,160,10,14,0.55,7,-1,-1
90,-1,332,329,36,46,0.91,2,-1,-1
90,-1,250,187,22,34,0.87,7,-1,-1
90,-1,266,160,10,15,0.22,7,-1,-1
91,-1,330,319,34,43,0.90,2,-1,-1
91,-1,249,188,22,34,0.87,7,-1,-1
91,-1,266,160,10,15,0.27,7,-1,-1
92,-1,328,304,30,40,0.90,2,-1,-1
92,-1,248,190,23,35,0.87,7,-1,-1
92,-1,266,160,10,15,0.46,7,-1,-1
93,-1,325,296,30,38,0.90,2,-1,-1
93,-1,246,190,24,36,0.87,7,-1,-1
93,-1,266,160,10,16,0.45,7,-1,-1
94,-1,322,285,29,36,0.88,2,-1,-1
94,-1,246,191,24,38,0.87,7,-1,-1
94,-1,266,160,10,16,0.61,7,-1,-1
95,-1,244,192,25,40,0.89,7,-1,-1
95,-1,322,279,27,33,0.88,2,-1,-1
95,-1,266,161,10,16,0.57,7,-1,-1
96,-1,320,270,26,32,0.88,2,-1,-1
96,-1,243,194,26,40,0.88,7,-1,-1
96,-1,266,158,10,18,0.43,7,-1,-1
97,-1,242,195,26,41,0.88,7,-1,-1
97,-1,320,264,23,30,0.87,2,-1,-1
97,-1,266,159,10,19,0.46,7,-1,-1
98,-1,370,318,103,202,0.92,7,-1,-1
98,-1,318,257,22,30,0.88,2,-1,-1
98,-1,240,197,26,41,0.88,7,-1,-1
98,-1,266,158,11,19,0.50,7,-1,-1
99,-1,366,308,97,185,0.92,7,-1,-1
99,-1,318,252,21,28,0.88,2,-1,-1
99,-1,239,198,28,42,0.88,7,-1,-1
99,-1,266,160,11,18,0.49,7,-1,-1
100,-1,361,296,84,163,0.92,7,-1,-1
100,-1,237,200,28,44,0.89,7,-1,-1
100,-1,316,246,20,26,0.87,2,-1,-1
100,-1,266,160,11,19,0.53,7,-1,-1
101,-1,358,288,76,150,0.93,7,-1,-1
101,-1,235,200,30,46,0.89,7,-1,-1
101,-1,316,243,20,25,0.89,2,-1,-1
101,-1,266,159,11,20,0.44,7,-1,-1
102,-1,352,279,70,134,0.92,7,-1,-1
102,-1,233,202,30,47,0.89,7,-1,-1
102,-1,314,237,20,25,0.85,2,-1,-1
102,-1,274,156,12,22,0.27,7,-1,-1
103,-1,351,273,66,125,0.92,7,-1,-1
103,-1,232,204,31,48,0.89,7,-1,-1
103,-1,314,234,20,23,0.89,2,-1,-1
103,-1,274,157,13,22,0.30,7,-1,-1
104,-1,348,265,60,113,0.92,7,-1,-1
104,-1,228,206,34,51,0.90,7,-1,-1
104,-1,313,229,19,23,0.87,2,-1,-1
104,-1,276,158,10,19,0.24,7,-1,-1
105,-1,347,260,54,107,0.91,7,-1,-1
105,-1,226,207,34,53,0.89,7,-1,-1
105,-1,312,226,18,22,0.88,2,-1,-1
105,-1,274,158,12,20,0.59,7,-1,-1
106,-1,345,253,49,98,0.90,7,-1,-1
106,-1,224,208,36,56,0.89,7,-1,-1
106,-1,312,222,18,22,0.87,2,-1,-1
106,-1,276,158,11,20,0.60,7,-1,-1
106,-1,268,167,10,15,0.37,2,-1,-1
107,-1,344,248,47,93,0.91,7,-1,-1
107,-1,223,210,36,57,0.91,7,-1,-1
107,-1,311,219,18,21,0.87,2,-1,-1
107,-1,268,169,10,14,0.66,2,-1,-1
107,-1,277,158,10,20,0.45,7,-1,-1
108,-1,342,243,42,85,0.90,7,-1,-1
108,-1,219,212,39,60,0.89,7,-1,-1
108,-1,310,216,17,20,0.85,2,-1,-1
108,-1,268,170,10,14,0.68,2,-1,-1
108,-1,277,158,10,21,0.46,7,-1,-1
109,-1,218,214,39,62,0.89,7,-1,-1
109,-1,340,239,42,83,0.89,7,-1,-1
109,-1,310,214,17,20,0.86,2,-1,-1
109,-1,268,171,10,14,0.72,2,-1,-1
109,-1,277,159,11,20,0.60,7,-1,-1
110,-1,214,220,40,63,0.90,7,-1,-1
110,-1,338,235,40,77,0.89,7,-1,-1
110,-1,310,211,16,20,0.86,2,-1,-1
110,-1,267,170,11,14,0.71,2,-1,-1
110,-1,277,159,11,20,0.67,7,-1,-1
111,-1,212,221,41,66,0.90,7,-1,-1
111,-1,337,232,38,74,0.88,7,-1,-1
111,-1,310,209,15,19,0.87,2,-1,-1
111,-1,267,170,11,14,0.71,2,-1,-1
111,-1,277,159,10,20,0.66,7,-1,-1
112,-1,208,223,44,70,0.91,7,-1,-1
112,-1,336,228,35,69,0.91,7,-1,-1
112,-1,310,207,15,18,0.88,2,-1,-1
112,-1,278,160,12,21,0.74,7,-1,-1
112,-1,268,169,11,16,0.44,7,-1,-1
113,-1,336,225,34,66,0.91,7,-1,-1
113,-1,205,226,45,72,0.90,7,-1,-1
113,-1,309,205,15,18,0.87,2,-1,-1
113,-1,278,160,11,21,0.71,7,-1,-1
113,-1,266,170,12,16,0.53,2,-1,-1
114,-1,200,228,48,76,0.91,7,-1,-1
114,-1,334,222,32,63,0.89,7,-1,-1
114,-1,309,203,14,18,0.88,2,-1,-1
114,-1,278,160,12,22,0.68,7,-1,-1
114,-1,266,170,12,16,0.51,2,-1,-1
115,-1,198,231,50,80,0.91,7,-1,-1
115,-1,333,219,31,61,0.89,7,-1,-1
115,-1,308,201,14,17,0.89,2,-1,-1
115,-1,267,172,12,15,0.65,2,-1,-1
115,-1,278,160,11,22,0.63,7,-1,-1
116,-1,332,217,31,59,0.90,7,-1,-1
116,-1,195,233,51,84,0.90,7,-1,-1
116,-1,308,200,14,16,0.89,2,-1,-1
116,-1,278,161,11,22,0.71,7,-1,-1
116,-1,266,171,12,16,0.63,2,-1,-1
117,-1,190,237,54,90,0.91,7,-1,-1
117,-1,331,213,30,58,0.88,7,-1,-1
117,-1,308,197,14,16,0.87,2,-1,-1
117,-1,278,161,12,22,0.79,7,-1,-1
117,-1,266,172,12,16,0.73,2,-1,-1
118,-1,183,244,58,94,0.92,7,-1,-1
118,-1,330,210,28,54,0.90,7,-1,-1
118,-1,308,195,14,16,0.87,2,-1,-1
118,-1,278,162,12,22,0.81,7,-1,-1
118,-1,266,172,12,17,0.66,2,-1,-1
119,-1,178,245,61,100,0.92,7,-1,-1
119,-1,330,207,27,54,0.88,7,-1,-1
119,-1,307,194,14,15,0.87,2,-1,-1
119,-1,278,162,12,22,0.74,7,-1,-1
119,-1,265,172,12,18,0.55,2,-1,-1
120,-1,172,251,65,108,0.91,7,-1,-1
120,-1,329,204,27,51,0.89,7,-1,-1
120,-1,306,193,14,15,0.86,2,-1,-1
120,-1,278,162,12,22,0.77,7,-1,-1
120,-1,265,172,13,18,0.60,2,-1,-1
121,-1,168,254,67,114,0.92,7,-1,-1
121,-1,328,203,27,50,0.88,7,-1,-1
121,-1,307,192,13,14,0.85,2,-1,-1
121,-1,278,164,12,22,0.76,7,-1,-1
121,-1,265,173,12,18,0.58,7,-1,-1
122,-1,158,262,74,122,0.93,7,-1,-1
122,-1,327,202,26,48,0.88,7,-1,-1
122,-1,264,171,14,21,0.83,7,-1,-1
122,-1,306,191,13,14,0.82,2,-1,-1
122,-1,278,164,12,23,0.79,7,-1,-1
123,-1,150,267,78,130,0.92,7,-1,-1
123,-1,326,200,26,46,0.88,7,-1,-1
123,-1,264,172,14,21,0.84,7,-1,-1
123,-1,306,190,13,14,0.83,2,-1,-1
123,-1,278,165,12,22,0.75,7,-1,-1
124,-1,144,270,83,140,0.92,7,-1,-1
124,-1,326,199,26,45,0.88,7,-1,-1
124,-1,264,172,14,21,0.84,7,-1,-1
124,-1,306,189,13,13,0.83,2,-1,-1
124,-1,278,165,12,24,0.78,7,-1,-1
125,-1,132,278,90,156,0.92,7,-1,-1
125,-1,325,197,25,43,0.89,7,-1,-1
125,-1,306,187,13,13,0.85,2,-1,-1
125,-1,278,165,12,24,0.80,7,-1,-1
125,-1,263,172,14,21,0.64,7,-1,-1
126,-1,118,287,100,176,0.92,7,-1,-1
126,-1,325,194,24,42,0.89,7,-1,-1
126,-1,306,185,12,14,0.85,2,-1,-1
126,-1,278,166,12,24,0.79,7,-1,-1
126,-1,263,173,14,22,0.75,7,-1,-1
127,-1,107,291,108,194,0.91,7,-1,-1
127,-1,324,193,24,42,0.89,7,-1,-1
127,-1,306,184,12,13,0.83,2,-1,-1
127,-1,263,173,14,22,0.79,7,-1,-1
127,-1,278,166,12,24,0.75,7,-1,-1
128,-1,96,298,116,210,0.91,7,-1,-1
128,-1,324,192,24,41,0.88,7,-1,-1
128,-1,305,183,12,14,0.81,2,-1,-1
128,-1,278,166,12,24,0.80,7,-1,-1
128,-1,263,174,14,22,0.74,7,-1,-1
129,-1,323,190,22,40,0.88,7,-1,-1
129,-1,278,166,13,24,0.81,7,-1,-1
129,-1,305,183,12,12,0.79,2,-1,-1
129,-1,262,174,14,23,0.76,7,-1,-1
130,-1,322,189,22,38,0.87,7,-1,-1
130,-1,305,181,11,12,0.82,2,-1,-1
130,-1,278,166,13,26,0.79,7,-1,-1
130,-1,262,175,14,23,0.75,7,-1,-1
131,-1,322,188,22,37,0.87,7,-1,-1
131,-1,262,176,14,23,0.84,7,-1,-1
131,-1,304,181,11,12,0.81,2,-1,-1
131,-1,278,167,13,26,0.81,7,-1,-1
132,-1,321,186,22,37,0.88,7,-1,-1
132,-1,261,177,14,23,0.86,7,-1,-1
132,-1,304,181,11,11,0.81,2,-1,-1
132,-1,278,168,14,26,0.79,7,-1,-1
133,-1,320,185,21,36,0.88,7,-1,-1
133,-1,260,176,15,24,0.85,7,-1,-1
133,-1,277,167,14,27,0.81,7,-1,-1
133,-1,304,180,11,11,0.80,2,-1,-1
134,-1,320,184,21,35,0.88,7,-1,-1
134,-1,260,178,15,24,0.87,7,-1,-1
134,-1,276,168,14,28,0.80,7,-1,-1
134,-1,304,180,11,10,0.77,2,-1,-1
135,-1,320,183,20,34,0.88,7,-1,-1
135,-1,276,168,14,28,0.79,7,-1,-1
135,-1,260,178,15,24,0.79,7,-1,-1
135,-1,304,178,11,10,0.76,2,-1,-1
136,-1,319,182,20,32,0.87,7,-1,-1
136,-1,258,178,16,26,0.85,7,-1,-1
136,-1,276,169,14,28,0.82,7,-1,-1
136,-1,304,178,10,10,0.72,2,-1,-1
137,-1,318,181,20,33,0.86,7,-1,-1
137,-1,258,179,16,26,0.83,7,-1,-1
137,-1,276,169,14,29,0.83,7,-1,-1
137,-1,304,178,10,10,0.73,2,-1,-1
138,-1,318,181,19,32,0.84,7,-1,-1
138,-1,275,170,16,30,0.84,7,-1,-1
138,-1,257,179,17,26,0.81,7,-1,-1
138,-1,303,176,10,10,0.63,2,-1,-1
139,-1,274,170,16,30,0.85,7,-1,-1
139,-1,257,180,16,26,0.80,7,-1,-1
139,-1,318,180,19,30,0.78,7,-1,-1
139,-1,302,176,10,10,0.60,2,-1,-1
140,-1,317,178,19,32,0.86,7,-1,-1
140,-1,274,171,16,30,0.85,7,-1,-1
140,-1,256,181,17,27,0.84,7,-1,-1
140,-1,303,172,10,10,0.72,2,-1,-1
141,-1,316,177,19,31,0.87,7,-1,-1
141,-1,274,171,17,31,0.85,7,-1,-1
141,-1,256,181,16,28,0.85,7,-1,-1
141,-1,303,174,9,9,0.56,2,-1,-1
142,-1,316,176,18,30,0.88,7,-1,-1
142,-1,274,172,17,32,0.85,7,-1,-1
142,-1,255,182,18,28,0.83,7,-1,-1
142,-1,302,172,10,10,0.77,2,-1,-1
143,-1,316,175,18,29,0.86,7,-1,-1
143,-1,255,182,18,30,0.86,7,-1,-1
143,-1,274,173,16,32,0.85,7,-1,-1
143,-1,302,172,9,9,0.65,2,-1,-1
144,-1,316,175,17,28,0.86,7,-1,-1
144,-1,254,182,18,30,0.86,7,-1,-1
144,-1,274,174,16,33,0.84,7,-1,-1
144,-1,300,170,10,10,0.70,2,-1,-1
145,-1,253,183,18,30,0.86,7,-1,-1
145,-1,274,174,17,34,0.85,7,-1,-1
145,-1,316,174,17,28,0.78,7,-1,-1
145,-1,300,171,9,9,0.70,2,-1,-1
146,-1,253,183,18,32,0.87,7,-1,-1
146,-1,273,175,18,34,0.83,7,-1,-1
146,-1,315,173,16,27,0.81,7,-1,-1
146,-1,300,171,9,8,0.51,2,-1,-1
147,-1,252,184,19,32,0.86,7,-1,-1
147,-1,273,176,18,34,0.85,7,-1,-1
147,-1,315,172,16,27,0.80,7,-1,-1
147,-1,300,170,9,9,0.40,2,-1,-1
148,-1,252,185,18,32,0.86,7,-1,-1
148,-1,314,171,16,27,0.84,7,-1,-1
148,-1,272,177,18,34,0.84,7,-1,-1
148,-1,299,169,9,9,0.29,2,-1,-1
149,-1,272,177,18,35,0.86,7,-1,-1
149,-1,251,186,19,32,0.86,7,-1,-1
149,-1,314,171,15,26,0.84,7,-1,-1
149,-1,298,168,9,8,0.47,2,-1,-1
150,-1,272,178,18,36,0.87,7,-1,-1
150,-1,250,187,20,33,0.86,7,-1,-1
150,-1,314,170,15,26,0.81,7,-1,-1
150,-1,298,168,8,8,0.57,2,-1,-1
151,-1,248,188,20,33,0.87,7,-1,-1
151,-1,272,178,19,37,0.87,7,-1,-1
151,-1,313,170,16,25,0.80,7,-1,-1
151,-1,298,168,8,8,0.43,2,-1,-1
152,-1,247,190,21,34,0.87,7,-1,-1
152,-1,270,179,20,38,0.86,7,-1,-1
152,-1,312,169,15,24,0.80,7,-1,-1
152,-1,298,167,8,8,0.43,2,-1,-1
153,-1,246,190,21,34,0.87,7,-1,-1
153,-1,270,179,20,39,0.85,7,-1,-1
153,-1,312,169,16,24,0.82,7,-1,-1
153,-1,298,166,8,8,0.42,2,-1,-1
154,-1,246,192,22,34,0.87,7,-1,-1
154,-1,270,180,20,40,0.85,7,-1,-1
154,-1,312,168,15,24,0.66,7,-1,-1
155,-1,244,192,22,36,0.87,7,-1,-1
155,-1,269,181,20,40,0.84,7,-1,-1
155,-1,312,168,15,24,0.61,7,-1,-1
155,-1,297,165,8,8,0.20,2,-1,-1
156,-1,244,193,22,37,0.87,7,-1,-1
156,-1,268,182,21,41,0.85,7,-1,-1
156,-1,312,167,14,24,0.70,7,-1,-1
157,-1,243,193,22,38,0.87,7,-1,-1
157,-1,268,182,21,43,0.86,7,-1,-1
157,-1,311,167,14,24,0.68,7,-1,-1
158,-1,267,184,22,44,0.86,7,-1,-1
158,-1,242,194,23,40,0.86,7,-1,-1
158,-1,310,167,14,22,0.64,2,-1,-1
159,-1,241,195,24,40,0.86,7,-1,-1
159,-1,267,185,22,44,0.86,7,-1,-1
159,-1,311,166,13,21,0.67,2,-1,-1
160,-1,266,187,23,44,0.87,7,-1,-1
160,-1,239,195,25,41,0.87,7,-1,-1
160,-1,310,166,13,20,0.76,2,-1,-1
161,-1,265,187,23,46,0.87,7,-1,-1
161,-1,238,196,25,42,0.87,7,-1,-1
161,-1,310,165,12,21,0.74,7,-1,-1
162,-1,237,197,26,44,0.87,7,-1,-1
162,-1,265,188,23,47,0.87,7,-1,-1
162,-1,310,164,12,22,0.83,7,-1,-1
163,-1,236,199,26,44,0.88,7,-1,-1
163,-1,264,189,23,48,0.87,7,-1,-1
163,-1,310,163,12,21,0.73,7,-1,-1
164,-1,234,201,27,45,0.87,7,-1,-1
164,-1,263,190,24,50,0.86,7,-1,-1
164,-1,308,163,13,20,0.64,7,-1,-1
165,-1,233,202,27,46,0.87,7,-1,-1
165,-1,261,191,26,51,0.86,7,-1,-1
165,-1,308,162,12,20,0.70,7,-1,-1
166,-1,231,204,28,47,0.88,7,-1,-1
166,-1,261,192,26,52,0.86,7,-1,-1
166,-1,308,162,12,20,0.70,7,-1,-1
167,-1,260,193,26,54,0.88,7,-1,-1
167,-1,230,205,29,48,0.88,7,-1,-1
167,-1,308,161,12,20,0.83,7,-1,-1
168,-1,340,432,53,84,0.92,2,-1,-1
168,-1,259,194,27,56,0.89,7,-1,-1
168,-1,228,206,30,50,0.88,7,-1,-1
168,-1,307,161,12,20,0.82,7,-1,-1
169,-1,336,408,48,76,0.92,2,-1,-1
169,-1,258,196,28,58,0.88,7,-1,-1
169,-1,226,207,32,52,0.88,7,-1,-1
169,-1,306,160,12,20,0.71,7,-1,-1
170,-1,331,377,43,65,0.93,2,-1,-1
170,-1,224,209,32,53,0.89,7,-1,-1
170,-1,258,198,28,59,0.88,7,-1,-1
170,-1,306,160,13,20,0.80,7,-1,-1
171,-1,328,360,42,59,0.92,2,-1,-1
171,-1,223,210,34,55,0.89,7,-1,-1
171,-1,257,199,28,60,0.89,7,-1,-1
171,-1,306,159,12,20,0.83,7,-1,-1
172,-1,420,452,64,77,0.93,2,-1,-1
172,-1,326,345,37,54,0.91,2,-1,-1
172,-1,221,212,35,57,0.89,7,-1,-1
172,-1,255,200,30,62,0.88,7,-1,-1
172,-1,306,159,12,20,0.84,7,-1,-1
173,-1,408,421,56,66,0.92,2,-1,-1
173,-1,323,325,32,50,0.89,2,-1,-1
173,-1,218,214,36,58,0.89,7,-1,-1
173,-1,253,201,30,65,0.89,7,-1,-1
173,-1,305,159,12,19,0.81,7,-1,-1
174,-1,398,394,49,58,0.92,2,-1,-1
174,-1,252,204,32,68,0.90,7,-1,-1
174,-1,216,216,36,60,0.90,7,-1,-1
174,-1,321,308,30,45,0.90,2,-1,-1
174,-1,304,158,12,18,0.84,7,-1,-1
175,-1,392,379,45,53,0.92,2,-1,-1
175,-1,251,205,32,69,0.90,7,-1,-1
175,-1,214,218,38,62,0.90,7,-1,-1
175,-1,319,300,30,41,0.90,2,-1,-1
175,-1,304,158,12,18,0.84,7,-1,-1
176,-1,212,218,40,64,0.91,7,-1,-1
176,-1,250,206,33,72,0.91,7,-1,-1
176,-1,386,366,42,48,0.90,2,-1,-1
176,-1,318,292,28,39,0.89,2,-1,-1
176,-1,304,158,12,18,0.83,7,-1,-1
177,-1,379,349,38,42,0.90,2,-1,-1
177,-1,209,221,40,68,0.89,7,-1,-1
177,-1,317,280,24,36,0.89,2,-1,-1
177,-1,248,208,34,75,0.88,7,-1,-1
177,-1,304,157,11,18,0.84,7,-1,-1
178,-1,246,210,36,78,0.90,7,-1,-1
178,-1,206,223,42,71,0.90,7,-1,-1
178,-1,316,270,22,33,0.89,2,-1,-1
178,-1,374,335,34,38,0.89,2,-1,-1
178,-1,302,157,11,17,0.84,7,-1,-1
179,-1,245,213,36,81,0.89,7,-1,-1
179,-1,370,324,32,36,0.89,2,-1,-1
179,-1,203,224,44,74,0.89,7,-1,-1
179,-1,314,265,23,31,0.88,2,-1,-1
179,-1,302,156,11,18,0.85,7,-1,-1
180,-1,199,228,47,76,0.89,7,-1,-1
180,-1,364,312,31,34,0.89,2,-1,-1
180,-1,244,215,38,86,0.87,7,-1,-1
180,-1,312,256,22,30,0.87,2,-1,-1
180,-1,302,156,11,18,0.85,7,-1,-1
181,-1,197,230,48,79,0.89,7,-1,-1
181,-1,362,305,29,32,0.88,2,-1,-1
181,-1,312,251,21,29,0.88,2,-1,-1
181,-1,241,216,40,88,0.88,7,-1,-1
181,-1,301,155,11,18,0.85,7,-1,-1
182,-1,238,218,42,91,0.89,7,-1,-1
182,-1,360,296,28,32,0.88,2,-1,-1
182,-1,312,246,20,28,0.88,2,-1,-1
182,-1,194,231,50,84,0.88,7,-1,-1
182,-1,301,155,11,18,0.85,7,-1,-1
183,-1,190,235,52,86,0.89,7,-1,-1
183,-1,311,241,20,26,0.89,2,-1,-1
183,-1,236,222,43,97,0.89,7,-1,-1
183,-1,356,288,27,30,0.87,2,-1,-1
183,-1,300,154,11,18,0.85,7,-1,-1
184,-1,186,240,53,88,0.90,7,-1,-1
184,-1,235,224,44,100,0.90,7,-1,-1
184,-1,353,282,26,28,0.88,2,-1,-1
184,-1,311,237,18,24,0.87,2,-1,-1
184,-1,299,154,11,18,0.84,7,-1,-1
185,-1,180,240,56,96,0.90,7,-1,-1
185,-1,232,228,45,105,0.90,7,-1,-1
185,-1,350,275,24,26,0.87,2,-1,-1
185,-1,310,232,18,24,0.86,2,-1,-1
185,-1,299,154,11,17,0.84,7,-1,-1
186,-1,230,231,48,112,0.91,7,-1,-1
186,-1,174,246,62,100,0.88,7,-1,-1
186,-1,310,227,18,22,0.88,2,-1,-1
186,-1,348,270,22,23,0.87,2,-1,-1
186,-1,298,154,11,17,0.82,7,-1,-1
187,-1,228,233,49,117,0.89,7,-1,-1
187,-1,171,248,64,105,0.88,7,-1,-1
187,-1,309,224,17,22,0.86,2,-1,-1
187,-1,346,264,22,24,0.85,2,-1,-1
187,-1,298,154,11,17,0.83,7,-1,-1
188,-1,225,237,51,122,0.89,7,-1,-1
188,-1,166,251,66,109,0.89,7,-1,-1
188,-1,308,221,17,22,0.88,2,-1,-1
188,-1,345,260,21,23,0.86,2,-1,-1
188,-1,298,153,11,16,0.82,7,-1,-1
189,-1,221,241,54,132,0.90,7,-1,-1
189,-1,160,253,70,120,0.89,7,-1,-1
189,-1,308,217,18,20,0.87,2,-1,-1
189,-1,342,254,20,22,0.86,2,-1,-1
189,-1,296,153,11,16,0.82,7,-1,-1
190,-1,218,246,56,142,0.91,7,-1,-1
190,-1,152,260,76,127,0.90,7,-1,-1
190,-1,308,214,16,20,0.88,2,-1,-1
190,-1,340,249,20,20,0.86,2,-1,-1
190,-1,296,153,10,15,0.77,7,-1,-1
191,-1,214,249,59,150,0.91,7,-1,-1
191,-1,146,266,79,134,0.90,7,-1,-1
191,-1,307,212,16,20,0.87,2,-1,-1
191,-1,339,246,20,20,0.86,2,-1,-1
191,-1,296,153,10,16,0.78,7,-1,-1
192,-1,211,255,61,164,0.91,7,-1,-1
192,-1,137,271,82,144,0.90,7,-1,-1
192,-1,337,242,19,19,0.86,2,-1,-1
192,-1,306,208,16,20,0.86,2,-1,-1
192,-1,296,152,10,16,0.80,7,-1,-1
193,-1,129,272,88,156,0.90,7,-1,-1
193,-1,206,259,64,174,0.89,7,-1,-1
193,-1,306,206,16,19,0.87,2,-1,-1
193,-1,336,238,18,19,0.86,2,-1,-1
193,-1,295,152,10,15,0.76,7,-1,-1
194,-1,119,281,94,170,0.90,7,-1,-1
194,-1,199,266,71,192,0.88,7,-1,-1
194,-1,334,234,18,18,0.85,2,-1,-1
194,-1,305,204,16,18,0.85,2,-1,-1
194,-1,294,152,10,16,0.73,7,-1,-1
195,-1,109,286,104,181,0.89,7,-1,-1
195,-1,196,270,74,206,0.89,7,-1,-1
195,-1,333,231,18,19,0.87,2,-1,-1
195,-1,305,202,16,18,0.85,2,-1,-1
195,-1,294,151,10,16,0.71,7,-1,-1
196,-1,94,292,116,202,0.88,7,-1,-1
196,-1,331,228,19,18,0.86,2,-1,-1
196,-1,305,199,14,18,0.86,2,-1,-1
196,-1,292,150,10,15,0.73,7,-1,-1
197,-1,84,298,121,218,0.87,7,-1,-1
197,-1,331,226,17,18,0.86,2,-1,-1
197,-1,304,198,15,17,0.85,2,-1,-1
197,-1,292,150,10,15,0.71,7,-1,-1
198,-1,330,222,16,16,0.86,2,-1,-1
198,-1,304,196,14,17,0.86,2,-1,-1
198,-1,292,150,10,16,0.58,7,-1,-1
198,-1,267,167,8,8,0.22,2,-1,-1
199,-1,304,194,14,16,0.87,2,-1,-1
199,-1,329,220,16,16,0.85,2,-1,-1
199,-1,292,150,10,15,0.62,7,-1,-1
199,-1,267,167,8,8,0.24,2,-1,-1
200,-1,304,192,14,16,0.88,2,-1,-1
200,-1,328,218,16,16,0.85,2,-1,-1
200,-1,267,167,8,8,0.38,2,-1,-1
200,-1,290,149,10,14,0.36,7,-1,-1
201,-1,304,191,13,16,0.88,2,-1,-1
201,-1,327,216,16,15,0.85,2,-1,-1
201,-1,267,167,8,8,0.38,2,-1,-1
201,-1,289,150,10,14,0.35,7,-1,-1
202,-1,325,212,16,16,0.87,2,-1,-1
202,-1,303,191,13,15,0.86,2,-1,-1
202,-1,288,149,9,14,0.30,7,-1,-1
202,-1,267,169,9,9,0.29,2,-1,-1
203,-1,324,210,16,16,0.88,2,-1,-1
203,-1,303,190,13,14,0.86,2,-1,-1
203,-1,288,149,10,15,0.46,7,-1,-1
203,-1,267,169,9,9,0.30,2,-1,-1
204,-1,303,188,12,14,0.88,2,-1,-1
204,-1,324,208,15,16,0.87,2,-1,-1
204,-1,287,148,10,15,0.38,7,-1,-1
204,-1,267,170,9,8,0.34,2,-1,-1
205,-1,303,187,12,13,0.87,2,-1,-1
205,-1,323,207,15,16,0.86,2,-1,-1
205,-1,288,148,9,15,0.18,7,-1,-1
205,-1,267,170,9,8,0.17,2,-1,-1
206,-1,302,186,11,13,0.87,2,-1,-1
206,-1,322,205,15,16,0.85,2,-1,-1
206,-1,267,170,9,8,0.11,2,-1,-1
207,-1,322,204,15,15,0.84,2,-1,-1
207,-1,303,185,11,12,0.83,2,-1,-1
207,-1,286,148,9,14,0.11,7,-1,-1
208,-1,321,202,15,15,0.84,2,-1,-1
208,-1,303,183,10,12,0.82,2,-1,-1
208,-1,268,171,9,9,0.24,2,-1,-1
209,-1,320,200,14,14,0.83,2,-1,-1
209,-1,303,182,10,12,0.82,2,-1,-1
210,-1,320,198,14,15,0.82,2,-1,-1
210,-1,302,181,10,12,0.82,2,-1,-1
210,-1,268,172,9,9,0.13,2,-1,-1
211,-1,320,198,14,14,0.84,2,-1,-1
211,-1,302,180,10,12,0.82,2,-1,-1
211,-1,269,173,10,10,0.29,2,-1,-1
212,-1,319,196,13,14,0.86,2,-1,-1
212,-1,302,178,10,12,0.82,2,-1,-1
212,-1,268,173,10,10,0.38,2,-1,-1
213,-1,318,195,13,14,0.86,2,-1,-1
213,-1,302,178,10,12,0.80,2,-1,-1
213,-1,268,174,10,10,0.43,2,-1,-1
214,-1,318,194,12,14,0.85,2,-1,-1
214,-1,302,177,10,12,0.79,2,-1,-1
214,-1,268,175,10,11,0.53,2,-1,-1
215,-1,318,192,13,14,0.84,2,-1,-1
215,-1,302,176,10,12,0.73,2,-1,-1
215,-1,268,176,10,11,0.58,2,-1,-1
216,-1,317,191,12,14,0.83,2,-1,-1
216,-1,301,175,9,11,0.72,2,-1,-1
216,-1,268,177,10,12,0.71,2,-1,-1
217,-1,316,190,13,13,0.84,2,-1,-1
217,-1,268,177,10,12,0.74,2,-1,-1
217,-1,301,175,9,10,0.70,2,-1,-1
218,-1,316,189,12,12,0.85,2,-1,-1
218,-1,267,178,11,12,0.76,2,-1,-1
218,-1,301,174,8,10,0.65,2,-1,-1
219,-1,316,188,12,12,0.84,2,-1,-1
219,-1,267,178,11,12,0.75,2,-1,-1
219,-1,300,173,9,10,0.63,2,-1,-1
220,-1,316,187,12,12,0.84,2,-1,-1
220,-1,266,180,11,12,0.79,2,-1,-1
220,-1,300,172,9,10,0.54,2,-1,-1
220,-1,276,166,8,8,0.25,2,-1,-1
221,-1,316,186,12,12,0.82,2,-1,-1
221,-1,266,181,11,12,0.81,2,-1,-1
221,-1,299,171,9,10,0.47,2,-1,-1
221,-1,277,167,8,8,0.47,2,-1,-1
222,-1,266,182,11,12,0.80,2,-1,-1
222,-1,315,186,11,11,0.79,2,-1,-1
222,-1,277,168,8,8,0.53,2,-1,-1
222,-1,299,171,8,10,0.44,2,-1,-1
223,-1,266,182,11,12,0.81,2,-1,-1
223,-1,314,185,11,11,0.78,2,-1,-1
223,-1,277,168,9,9,0.58,2,-1,-1
223,-1,299,170,9,10,0.50,2,-1,-1
224,-1,265,183,11,12,0.83,2,-1,-1
224,-1,314,183,12,12,0.75,2,-1,-1
224,-1,278,169,9,9,0.53,2,-1,-1
224,-1,298,169,8,9,0.30,2,-1,-1
225,-1,265,184,11,13,0.83,2,-1,-1
225,-1,314,182,12,12,0.77,2,-1,-1
225,-1,278,169,9,9,0.55,2,-1,-1
225,-1,298,168,8,8,0.47,2,-1,-1
226,-1,264,184,11,13,0.84,2,-1,-1
226,-1,313,182,12,12,0.80,2,-1,-1
226,-1,278,169,9,10,0.60,2,-1,-1
226,-1,298,168,8,8,0.51,2,-1,-1
227,-1,264,186,11,13,0.83,2,-1,-1
227,-1,313,181,11,12,0.77,2,-1,-1
227,-1,278,170,10,10,0.70,2,-1,-1
227,-1,297,166,8,9,0.51,2,-1,-1
228,-1,262,188,12,14,0.85,2,-1,-1
228,-1,313,180,12,11,0.79,2,-1,-1
228,-1,278,170,10,10,0.74,2,-1,-1
228,-1,296,166,8,9,0.46,2,-1,-1
229,-1,262,188,11,14,0.85,2,-1,-1
229,-1,312,179,11,11,0.83,2,-1,-1
229,-1,279,172,9,10,0.72,2,-1,-1
229,-1,296,165,8,9,0.55,2,-1,-1
230,-1,262,190,11,14,0.85,2,-1,-1
230,-1,312,178,10,11,0.83,2,-1,-1
230,-1,279,172,9,10,0.66,2,-1,-1
230,-1,295,165,8,9,0.38,2,-1,-1
231,-1,260,191,12,14,0.84,2,-1,-1
231,-1,312,178,10,11,0.80,2,-1,-1
231,-1,279,173,9,10,0.62,2,-1,-1
231,-1,294,164,8,8,0.34,2,-1,-1
232,-1,259,191,13,16,0.84,2,-1,-1
232,-1,312,177,10,10,0.75,2,-1,-1
232,-1,279,174,9,10,0.68,2,-1,-1
232,-1,294,164,8,8,0.34,2,-1,-1
233,-1,258,193,13,16,0.85,2,-1,-1
233,-1,312,176,10,10,0.73,2,-1,-1
233,-1,278,174,10,10,0.67,2,-1,-1
233,-1,293,163,8,8,0.23,2,-1,-1
234,-1,258,194,13,16,0.85,2,-1,-1
234,-1,312,175,10,10,0.75,2,-1,-1
234,-1,278,175,10,10,0.71,2,-1,-1
234,-1,292,162,8,8,0.20,2,-1,-1
235,-1,257,194,13,16,0.85,2,-1,-1
235,-1,311,175,10,10,0.75,2,-1,-1
235,-1,278,175,10,10,0.71,2,-1,-1
235,-1,292,162,8,9,0.23,2,-1,-1
236,-1,256,196,13,17,0.84,2,-1,-1
236,-1,278,176,10,11,0.71,2,-1,-1
236,-1,310,174,10,10,0.71,2,-1,-1
237,-1,255,198,13,16,0.85,2,-1,-1
237,-1,311,174,10,10,0.70,2,-1,-1
237,-1,278,177,10,10,0.69,2,-1,-1
238,-1,254,199,13,18,0.87,2,-1,-1
238,-1,279,178,10,11,0.78,2,-1,-1
238,-1,311,173,9,9,0.63,2,-1,-1
239,-1,253,201,13,18,0.87,2,-1,-1
239,-1,279,178,10,11,0.80,2,-1,-1
239,-1,310,172,9,10,0.39,2,-1,-1
240,-1,251,203,14,18,0.85,2,-1,-1
240,-1,278,179,10,12,0.82,2,-1,-1
240,-1,310,172,9,10,0.50,2,-1,-1
241,-1,250,205,14,18,0.85,2,-1,-1
241,-1,278,180,11,11,0.81,2,-1,-1
241,-1,309,171,10,10,0.68,2,-1,-1
242,-1,249,206,14,19,0.86,2,-1,-1
242,-1,278,181,12,12,0.82,2,-1,-1
242,-1,309,171,10,10,0.66,2,-1,-1
243,-1,248,208,15,20,0.85,2,-1,-1
243,-1,278,182,12,12,0.81,2,-1,-1
243,-1,308,170,10,10,0.64,2,-1,-1
244,-1,246,211,15,20,0.87,2,-1,-1
244,-1,277,183,12,12,0.81,2,-1,-1
244,-1,308,169,10,9,0.54,2,-1,-1
245,-1,245,213,15,20,0.87,2,-1,-1
245,-1,278,184,11,12,0.78,2,-1,-1
245,-1,308,169,10,9,0.53,2,-1,-1
246,-1,243,216,15,20,0.85,2,-1,-1
246,-1,276,183,12,14,0.82,2,-1,-1
246,-1,307,169,10,9,0.50,2,-1,-1
247,-1,242,217,16,21,0.87,2,-1,-1
247,-1,276,183,12,14,0.83,2,-1,-1
247,-1,307,168,10,9,0.49,2,-1,-1
248,-1,239,220,16,23,0.86,2,-1,-1
248,-1,276,184,12,14,0.85,2,-1,-1
248,-1,306,167,10,9,0.62,2,-1,-1
249,-1,430,456,66,76,0.91,2,-1,-1
249,-1,276,185,12,14,0.86,2,-1,-1
249,-1,238,222,17,22,0.85,2,-1,-1
249,-1,306,167,9,9,0.60,2,-1,-1
250,-1,417,426,57,66,0.92,2,-1,-1
250,-1,236,226,17,22,0.90,2,-1,-1
250,-1,276,186,13,15,0.87,2,-1,-1
250,-1,306,166,8,8,0.65,2,-1,-1
251,-1,409,410,53,60,0.92,2,-1,-1
251,-1,234,229,18,24,0.87,2,-1,-1
251,-1,276,187,13,16,0.86,2,-1,-1
251,-1,306,165,8,9,0.65,2,-1,-1
252,-1,402,394,49,56,0.92,2,-1,-1
252,-1,232,231,18,24,0.86,2,-1,-1
252,-1,276,188,13,16,0.86,2,-1,-1
252,-1,305,166,8,8,0.68,2,-1,-1
253,-1,394,374,45,48,0.90,2,-1,-1
253,-1,230,236,18,26,0.87,2,-1,-1
253,-1,275,189,14,16,0.84,2,-1,-1
254,-1,386,358,40,42,0.91,2,-1,-1
254,-1,227,241,18,26,0.88,2,-1,-1
254,-1,274,191,14,16,0.85,2,-1,-1
255,-1,383,346,37,40,0.90,2,-1,-1
255,-1,224,243,19,28,0.87,2,-1,-1
255,-1,274,192,14,16,0.85,2,-1,-1
256,-1,378,332,34,37,0.89,2,-1,-1
256,-1,221,248,20,30,0.88,2,-1,-1
256,-1,274,193,14,17,0.84,2,-1,-1
256,-1,303,163,8,8,0.16,2,-1,-1
257,-1,374,324,33,36,0.90,2,-1,-1
257,-1,218,253,20,30,0.88,2,-1,-1
257,-1,273,194,15,17,0.84,2,-1,-1
257,-1,303,163,8,8,0.15,2,-1,-1
258,-1,214,259,22,32,0.90,2,-1,-1
258,-1,369,312,30,33,0.88,2,-1,-1
258,-1,274,197,14,16,0.84,2,-1,-1
259,-1,212,263,23,34,0.89,2,-1,-1
259,-1,366,305,29,31,0.89,2,-1,-1
259,-1,274,198,14,16,0.85,2,-1,-1
260,-1,362,295,27,30,0.89,2,-1,-1
260,-1,207,270,24,36,0.88,2,-1,-1
260,-1,272,200,14,17,0.86,2,-1,-1
261,-1,203,275,25,38,0.90,2,-1,-1
261,-1,360,290,26,28,0.88,2,-1,-1
261,-1,272,202,15,18,0.85,2,-1,-1
262,-1,199,282,26,38,0.90,2,-1,-1
262,-1,358,284,25,28,0.87,2,-1,-1
262,-1,271,202,15,18,0.85,2,-1,-1
263,-1,193,291,28,42,0.90,2,-1,-1
263,-1,354,277,24,26,0.88,2,-1,-1
263,-1,270,204,16,19,0.85,2,-1,-1
264,-1,188,298,29,45,0.89,2,-1,-1
264,-1,352,272,24,26,0.87,2,-1,-1
264,-1,269,206,16,19,0.86,2,-1,-1
265,-1,180,309,32,50,0.90,2,-1,-1
265,-1,350,266,22,24,0.90,2,-1,-1
265,-1,269,209,16,20,0.86,2,-1,-1
266,-1,170,323,35,56,0.91,2,-1,-1
266,-1,348,260,21,23,0.89,2,-1,-1
266,-1,268,211,16,20,0.88,2,-1,-1
267,-1,163,333,37,60,0.90,2,-1,-1
267,-1,267,213,17,20,0.88,2,-1,-1
267,-1,346,256,21,22,0.86,2,-1,-1
268,-1,151,351,41,68,0.93,2,-1,-1
268,-1,344,251,20,22,0.89,2,-1,-1
268,-1,266,214,17,22,0.86,2,-1,-1
269,-1,142,364,44,74,0.93,2,-1,-1
269,-1,265,216,18,22,0.87,2,-1,-1
269,-1,343,248,20,21,0.86,2,-1,-1
270,-1,125,388,50,86,0.91,2,-1,-1
270,-1,264,219,18,24,0.88,2,-1,-1
270,-1,341,243,19,20,0.87,2,-1,-1
271,-1,111,407,55,96,0.92,2,-1,-1
271,-1,340,240,18,20,0.87,2,-1,-1
271,-1,264,222,17,23,0.85,2,-1,-1
272,-1,262,226,18,23,0.88,2,-1,-1
272,-1,338,236,18,19,0.88,2,-1,-1
273,-1,261,228,18,25,0.87,2,-1,-1
273,-1,337,233,17,19,0.86,2,-1,-1
274,-1,336,230,18,19,0.87,2,-1,-1
274,-1,260,230,19,26,0.86,2,-1,-1
275,-1,258,236,19,26,0.87,2,-1,-1
275,-1,335,228,17,18,0.86,2,-1,-1
276,-1,256,239,20,26,0.88,2,-1,-1
276,-1,334,226,17,18,0.87,2,-1,-1
277,-1,254,244,21,28,0.88,2,-1,-1
277,-1,332,222,17,18,0.87,2,-1,-1
278,-1,252,248,22,30,0.88,2,-1,-1
278,-1,332,220,16,17,0.87,2,-1,-1
279,-1,250,253,23,30,0.88,2,-1,-1
279,-1,332,218,16,17,0.87,2,-1,-1
280,-1,248,256,24,32,0.88,2,-1,-1
280,-1,330,216,16,16,0.87,2,-1,-1
281,-1,245,263,24,34,0.89,2,-1,-1
281,-1,330,214,15,16,0.85,2,-1,-1
282,-1,242,270,26,36,0.90,2,-1,-1
282,-1,328,210,15,16,0.85,2,-1,-1
283,-1,240,275,26,38,0.89,2,-1,-1
283,-1,328,209,15,16,0.86,2,-1,-1
284,-1,236,284,28,40,0.89,2,-1,-1
284,-1,327,207,15,16,0.86,2,-1,-1
285,-1,233,290,30,42,0.90,2,-1,-1
285,-1,326,206,15,16,0.85,2,-1,-1
286,-1,229,300,31,46,0.90,2,-1,-1
286,-1,325,204,14,16,0.86,2,-1,-1
287,-1,226,308,33,50,0.90,2,-1,-1
287,-1,325,204,14,14,0.87,2,-1,-1
288,-1,220,321,35,54,0.91,2,-1,-1
288,-1,324,201,14,14,0.87,2,-1,-1
288,-1,266,159,8,11,0.21,2,-1,-1
289,-1,216,332,37,57,0.91,2,-1,-1
289,-1,324,200,13,14,0.87,2,-1,-1
289,-1,266,159,8,12,0.26,2,-1,-1
290,-1,210,346,40,66,0.93,2,-1,-1
290,-1,324,198,13,14,0.87,2,-1,-1
290,-1,266,160,8,12,0.43,2,-1,-1
291,-1,205,360,42,71,0.94,2,-1,-1
291,-1,322,196,14,14,0.85,2,-1,-1
291,-1,266,160,8,12,0.54,2,-1,-1
292,-1,195,382,48,81,0.92,2,-1,-1
292,-1,321,194,14,15,0.84,2,-1,-1
292,-1,266,158,9,14,0.41,7,-1,-1
293,-1,188,398,52,92,0.91,2,-1,-1
293,-1,320,194,14,15,0.83,2,-1,-1
293,-1,266,158,9,14,0.46,7,-1,-1
294,-1,320,193,14,14,0.83,2,-1,-1
294,-1,266,160,9,14,0.48,2,-1,-1
295,-1,320,192,14,14,0.84,2,-1,-1
295,-1,266,160,9,14,0.53,2,-1,-1
296,-1,319,190,14,14,0.83,2,-1,-1
296,-1,266,161,9,13,0.67,2,-1,-1
297,-1,318,190,14,14,0.84,2,-1,-1
297,-1,267,163,9,12,0.62,2,-1,-1
298,-1,318,189,14,13,0.86,2,-1,-1
298,-1,266,160,10,16,0.64,7,-1,-1
299,-1,318,188,13,12,0.85,2,-1,-1
299,-1,266,160,10,16,0.64,7,-1,-1
300,-1,318,187,12,12,0.85,2,-1,-1
300,-1,267,163,10,13,0.61,2,-1,-1
301,-1,318,187,12,12,0.83,2,-1,-1
301,-1,267,164,10,13,0.54,2,-1,-1
302,-1,317,185,12,12,0.83,2,-1,-1
302,-1,267,164,10,14,0.56,2,-1,-1
303,-1,317,184,12,12,0.82,2,-1,-1
303,-1,267,162,10,16,0.53,2,-1,-1
304,-1,317,184,12,12,0.77,2,-1,-1
304,-1,267,162,11,16,0.48,7,-1,-1
305,-1,317,183,11,12,0.78,2,-1,-1
305,-1,267,162,11,18,0.60,7,-1,-1
306,-1,315,182,12,12,0.80,2,-1,-1
306,-1,266,162,11,18,0.57,7,-1,-1
307,-1,315,181,12,12,0.80,2,-1,-1
307,-1,267,162,11,18,0.56,7,-1,-1
308,-1,314,180,12,12,0.80,2,-1,-1
308,-1,266,163,11,18,0.58,7,-1,-1
309,-1,314,180,12,12,0.78,2,-1,-1
309,-1,267,163,11,18,0.49,7,-1,-1
310,-1,314,178,12,11,0.80,2,-1,-1
310,-1,267,164,11,18,0.56,2,-1,-1
311,-1,313,178,12,12,0.81,2,-1,-1
311,-1,268,164,11,18,0.60,2,-1,-1
312,-1,313,178,12,11,0.72,2,-1,-1
312,-1,267,164,11,19,0.47,2,-1,-1
313,-1,312,177,11,10,0.70,2,-1,-1
313,-1,267,165,11,19,0.55,2,-1,-1
314,-1,312,176,11,11,0.74,2,-1,-1
314,-1,267,166,11,19,0.64,2,-1,-1
315,-1,312,176,10,10,0.71,2,-1,-1
315,-1,267,166,11,19,0.60,2,-1,-1
316,-1,312,175,10,10,0.72,2,-1,-1
316,-1,266,168,12,19,0.62,2,-1,-1
317,-1,312,175,10,10,0.72,2,-1,-1
317,-1,266,168,12,18,0.65,2,-1,-1
318,-1,265,167,13,21,0.56,7,-1,-1
318,-1,311,174,10,11,0.48,2,-1,-1
319,-1,265,167,14,22,0.69,7,-1,-1
319,-1,311,174,10,11,0.48,2,-1,-1
320,-1,265,167,13,22,0.79,7,-1,-1
320,-1,311,173,10,9,0.66,2,-1,-1
321,-1,264,168,14,22,0.77,7,-1,-1
321,-1,310,173,10,10,0.67,2,-1,-1
322,-1,264,169,14,22,0.80,7,-1,-1
322,-1,310,172,10,9,0.64,2,-1,-1
323,-1,264,169,14,22,0.83,7,-1,-1
323,-1,310,172,10,9,0.65,2,-1,-1
324,-1,264,170,14,22,0.83,7,-1,-1
324,-1,310,171,10,9,0.65,2,-1,-1
325,-1,263,170,14,24,0.82,7,-1,-1
325,-1,309,171,10,10,0.58,2,-1,-1
326,-1,263,170,14,24,0.83,7,-1,-1
326,-1,308,170,10,8,0.50,2,-1,-1
327,-1,262,171,15,24,0.86,7,-1,-1
327,-1,308,170,10,9,0.35,2,-1,-1
328,-1,262,173,15,24,0.82,7,-1,-1
328,-1,306,168,10,10,0.53,2,-1,-1
329,-1,262,173,15,24,0.84,7,-1,-1
329,-1,306,168,10,9,0.65,2,-1,-1
330,-1,261,174,15,24,0.86,7,-1,-1
330,-1,306,168,9,9,0.67,2,-1,-1
331,-1,261,175,15,24,0.83,7,-1,-1
331,-1,306,167,9,9,0.63,2,-1,-1
332,-1,261,176,15,24,0.85,7,-1,-1
332,-1,305,166,8,8,0.39,2,-1,-1
332,-1,265,155,9,13,0.33,7,-1,-1
333,-1,260,177,15,24,0.82,7,-1,-1
333,-1,305,166,8,8,0.39,2,-1,-1
333,-1,265,155,9,14,0.31,7,-1,-1
334,-1,260,178,15,26,0.89,7,-1,-1
334,-1,265,155,10,15,0.53,7,-1,-1
334,-1,304,166,8,9,0.13,2,-1,-1
335,-1,259,177,16,27,0.88,7,-1,-1
335,-1,265,155,10,15,0.53,7,-1,-1
335,-1,304,166,9,9,0.14,2,-1,-1
336,-1,258,178,16,28,0.86,7,-1,-1
336,-1,265,156,10,15,0.58,7,-1,-1
337,-1,258,178,16,28,0.86,7,-1,-1
337,-1,266,156,9,15,0.52,7,-1,-1
337,-1,303,164,8,8,0.13,2,-1,-1
338,-1,256,179,17,28,0.86,7,-1,-1
338,-1,266,157,10,15,0.58,7,-1,-1
338,-1,303,164,8,8,0.12,2,-1,-1
339,-1,256,180,18,29,0.86,7,-1,-1
339,-1,266,158,10,14,0.46,7,-1,-1
340,-1,256,180,18,30,0.86,7,-1,-1
340,-1,266,157,10,15,0.54,7,-1,-1
341,-1,255,181,18,30,0.86,7,-1,-1
341,-1,266,157,10,15,0.60,7,-1,-1
342,-1,254,181,18,32,0.86,7,-1,-1
342,-1,266,158,9,16,0.62,7,-1,-1
343,-1,254,183,18,32,0.86,7,-1,-1
343,-1,266,158,10,15,0.42,7,-1,-1
344,-1,253,184,18,32,0.87,7,-1,-1
344,-1,267,160,10,14,0.54,2,-1,-1
345,-1,253,185,18,34,0.88,7,-1,-1
345,-1,266,160,10,14,0.54,2,-1,-1
346,-1,251,186,20,34,0.87,7,-1,-1
346,-1,267,159,10,15,0.47,7,-1,-1
347,-1,250,187,20,34,0.87,7,-1,-1
347,-1,267,160,10,15,0.47,7,-1,-1
348,-1,248,188,21,35,0.88,7,-1,-1
348,-1,268,161,10,15,0.59,2,-1,-1
349,-1,247,189,22,36,0.88,7,-1,-1
349,-1,267,160,11,16,0.57,7,-1,-1
350,-1,245,190,22,38,0.87,7,-1,-1
350,-1,267,160,11,16,0.48,7,-1,-1
351,-1,244,191,23,38,0.87,7,-1,-1
351,-1,268,162,10,15,0.65,2,-1,-1
352,-1,242,193,24,40,0.87,7,-1,-1
352,-1,268,163,11,15,0.69,2,-1,-1
353,-1,242,194,24,40,0.87,7,-1,-1
353,-1,268,163,11,15,0.69,2,-1,-1
354,-1,240,196,26,41,0.88,7,-1,-1
354,-1,268,163,11,15,0.62,2,-1,-1
355,-1,239,196,26,42,0.87,7,-1,-1
355,-1,268,162,11,16,0.61,2,-1,-1
356,-1,237,198,26,44,0.87,7,-1,-1
356,-1,268,164,11,15,0.69,2,-1,-1
357,-1,236,200,26,45,0.89,7,-1,-1
357,-1,268,164,11,15,0.69,2,-1,-1
358,-1,234,201,28,47,0.89,7,-1,-1
358,-1,268,164,12,16,0.72,2,-1,-1
359,-1,232,203,28,48,0.88,7,-1,-1
359,-1,268,164,11,16,0.65,2,-1,-1
360,-1,230,204,30,50,0.88,7,-1,-1
360,-1,268,165,11,16,0.71,2,-1,-1
361,-1,228,206,29,52,0.88,7,-1,-1
361,-1,268,165,12,17,0.71,2,-1,-1
362,-1,226,210,30,53,0.88,7,-1,-1
362,-1,268,165,12,18,0.48,2,-1,-1
363,-1,224,211,32,55,0.90,7,-1,-1
363,-1,268,165,12,18,0.57,2,-1,-1
364,-1,220,213,32,58,0.88,7,-1,-1
364,-1,268,166,12,18,0.71,2,-1,-1
365,-1,219,215,32,60,0.89,7,-1,-1
365,-1,268,166,12,18,0.67,2,-1,-1
366,-1,215,220,34,61,0.89,7,-1,-1
366,-1,268,166,12,18,0.65,2,-1,-1
367,-1,212,223,35,62,0.90,7,-1,-1
367,-1,267,167,14,18,0.71,2,-1,-1
368,-1,208,226,37,66,0.90,7,-1,-1
368,-1,266,168,13,18,0.72,2,-1,-1
369,-1,206,229,39,68,0.91,7,-1,-1
369,-1,266,168,14,19,0.67,2,-1,-1
370,-1,202,232,40,72,0.91,7,-1,-1
370,-1,266,168,14,20,0.48,7,-1,-1
371,-1,198,236,42,74,0.91,7,-1,-1
371,-1,265,168,14,20,0.52,2,-1,-1
372,-1,194,238,44,81,0.90,7,-1,-1
372,-1,265,168,14,20,0.56,2,-1,-1
372,-1,278,172,9,12,0.15,2,-1,-1
373,-1,190,244,44,82,0.91,7,-1,-1
373,-1,265,168,14,21,0.65,7,-1,-1
374,-1,184,247,48,89,0.92,7,-1,-1
374,-1,265,169,14,20,0.60,7,-1,-1
375,-1,180,250,50,95,0.91,7,-1,-1
375,-1,265,169,14,21,0.58,7,-1,-1
376,-1,172,260,54,99,0.92,7,-1,-1
376,-1,264,170,14,22,0.65,7,-1,-1
377,-1,167,264,56,106,0.93,7,-1,-1
377,-1,264,171,13,22,0.81,7,-1,-1
377,-1,279,177,9,13,0.13,2,-1,-1
378,-1,156,270,62,116,0.91,7,-1,-1
378,-1,264,171,14,22,0.83,7,-1,-1
379,-1,150,278,66,122,0.93,7,-1,-1
379,-1,264,171,14,22,0.83,7,-1,-1
380,-1,140,287,70,136,0.92,7,-1,-1
380,-1,263,172,14,22,0.68,7,-1,-1
380,-1,278,183,9,11,0.23,2,-1,-1
381,-1,130,293,76,146,0.93,7,-1,-1
381,-1,263,172,15,24,0.75,7,-1,-1
381,-1,278,182,10,12,0.24,2,-1,-1
382,-1,114,304,85,165,0.93,7,-1,-1
382,-1,262,172,15,24,0.60,7,-1,-1
382,-1,278,182,10,12,0.13,2,-1,-1
383,-1,102,311,92,183,0.93,7,-1,-1
383,-1,262,173,16,24,0.60,7,-1,-1
383,-1,278,182,10,13,0.11,2,-1,-1
384,-1,80,327,106,208,0.92,7,-1,-1
384,-1,262,174,16,24,0.71,7,-1,-1
385,-1,261,174,16,24,0.82,7,-1,-1
385,-1,276,188,9,12,0.27,2,-1,-1
386,-1,261,175,16,25,0.79,7,-1,-1
386,-1,276,189,10,12,0.34,2,-1,-1
387,-1,261,176,15,25,0.78,7,-1,-1
387,-1,276,188,10,14,0.24,2,-1,-1
388,-1,260,175,16,26,0.86,7,-1,-1
388,-1,274,193,10,11,0.33,2,-1,-1
389,-1,260,176,16,26,0.82,7,-1,-1
389,-1,274,194,10,11,0.40,2,-1,-1
390,-1,260,177,16,27,0.82,7,-1,-1
390,-1,272,195,10,12,0.21,2,-1,-1
391,-1,259,177,17,28,0.87,7,-1,-1
391,-1,274,190,12,16,0.18,2,-1,-1
392,-1,258,178,17,28,0.86,7,-1,-1
392,-1,274,195,12,15,0.45,2,-1,-1
393,-1,258,178,17,29,0.85,7,-1,-1
393,-1,274,196,13,15,0.46,2,-1,-1
394,-1,257,179,18,30,0.86,7,-1,-1
394,-1,272,200,12,15,0.42,2,-1,-1
394,-1,274,166,8,8,0.15,2,-1,-1
395,-1,256,180,18,30,0.85,7,-1,-1
395,-1,270,203,12,14,0.50,2,-1,-1
395,-1,274,167,9,8,0.29,2,-1,-1
396,-1,256,180,18,30,0.85,7,-1,-1
396,-1,269,203,13,15,0.41,2,-1,-1
396,-1,268,168,9,8,0.30,2,-1,-1
397,-1,255,181,18,30,0.86,7,-1,-1
397,-1,269,204,14,15,0.25,2,-1,-1
397,-1,272,168,10,8,0.19,2,-1,-1
398,-1,254,182,18,30,0.85,7,-1,-1
398,-1,268,207,12,18,0.32,2,-1,-1
398,-1,268,169,9,9,0.15,2,-1,-1
399,-1,254,183,18,31,0.85,7,-1,-1
399,-1,267,208,12,18,0.49,2,-1,-1
399,-1,272,169,10,9,0.19,2,-1,-1
400,-1,253,184,19,32,0.86,7,-1,-1
400,-1,264,217,13,14,0.67,2,-1,-1
400,-1,273,206,12,12,0.46,2,-1,-1
400,-1,268,170,9,9,0.20,2,-1,-1
400,-1,276,171,9,8,0.17,2,-1,-1
401,-1,252,184,20,32,0.87,7,-1,-1
401,-1,263,219,13,14,0.67,2,-1,-1
401,-1,273,208,12,12,0.33,2,-1,-1
401,-1,268,170,9,9,0.31,2,-1,-1
401,-1,276,171,9,8,0.29,2,-1,-1
402,-1,251,185,20,33,0.87,7,-1,-1
402,-1,262,222,13,14,0.75,2,-1,-1
402,-1,277,172,9,8,0.41,2,-1,-1
402,-1,269,171,9,9,0.18,2,-1,-1
402,-1,270,208,12,14,0.13,2,-1,-1
403,-1,251,186,20,34,0.87,7,-1,-1
403,-1,261,222,12,18,0.71,2,-1,-1
403,-1,268,171,9,9,0.34,2,-1,-1
403,-1,278,173,9,8,0.28,2,-1,-1
404,-1,249,187,21,34,0.86,7,-1,-1
404,-1,260,224,12,20,0.73,2,-1,-1
404,-1,277,174,9,8,0.39,2,-1,-1
404,-1,270,172,8,9,0.13,2,-1,-1
404,-1,269,215,12,12,0.13,2,-1,-1
405,-1,248,188,22,35,0.87,7,-1,-1
405,-1,260,226,12,20,0.56,2,-1,-1
405,-1,277,174,9,8,0.41,2,-1,-1
405,-1,269,173,9,9,0.31,2,-1,-1
405,-1,270,216,12,13,0.30,2,-1,-1
406,-1,247,188,23,36,0.87,7,-1,-1
406,-1,256,234,15,16,0.78,2,-1,-1
406,-1,276,175,10,9,0.45,2,-1,-1
406,-1,268,219,12,13,0.29,2,-1,-1
406,-1,268,174,10,9,0.13,2,-1,-1
407,-1,246,189,23,37,0.88,7,-1,-1
407,-1,255,237,15,17,0.82,2,-1,-1
407,-1,276,175,10,10,0.51,2,-1,-1
407,-1,267,221,12,14,0.24,2,-1,-1
408,-1,245,190,24,38,0.88,7,-1,-1
408,-1,254,238,13,22,0.68,2,-1,-1
408,-1,276,175,10,10,0.52,2,-1,-1
408,-1,266,225,12,13,0.28,2,-1,-1
408,-1,268,176,10,10,0.26,2,-1,-1
409,-1,245,191,24,38,0.88,7,-1,-1
409,-1,254,242,12,23,0.67,2,-1,-1
409,-1,277,177,10,10,0.56,2,-1,-1
409,-1,266,227,14,14,0.42,2,-1,-1
409,-1,267,177,10,10,0.38,2,-1,-1
410,-1,244,191,24,41,0.88,7,-1,-1
410,-1,251,247,14,24,0.66,2,-1,-1
410,-1,276,178,11,10,0.52,2,-1,-1
410,-1,267,178,10,10,0.44,2,-1,-1
410,-1,264,232,12,14,0.19,2,-1,-1
411,-1,243,192,24,42,0.88,7,-1,-1
411,-1,249,256,16,19,0.80,2,-1,-1
411,-1,277,178,10,10,0.60,2,-1,-1
411,-1,267,178,10,10,0.53,2,-1,-1
411,-1,264,234,12,14,0.51,2,-1,-1
412,-1,242,193,25,42,0.88,7,-1,-1
412,-1,247,262,16,20,0.84,2,-1,-1
412,-1,266,179,10,10,0.70,2,-1,-1
412,-1,277,179,10,10,0.62,2,-1,-1
412,-1,262,238,13,16,0.36,2,-1,-1
412,-1,268,163,9,8,0.17,2,-1,-1
413,-1,240,194,26,44,0.88,7,-1,-1
413,-1,246,262,15,26,0.73,2,-1,-1
413,-1,266,179,11,10,0.67,2,-1,-1
413,-1,277,179,10,10,0.59,2,-1,-1
413,-1,261,244,12,14,0.49,2,-1,-1
413,-1,269,164,8,8,0.14,2,-1,-1
414,-1,239,196,27,44,0.88,7,-1,-1
414,-1,243,269,16,28,0.77,2,-1,-1
414,-1,259,247,14,16,0.76,2,-1,-1
414,-1,266,180,11,11,0.69,2,-1,-1
414,-1,276,180,11,11,0.54,2,-1,-1
414,-1,269,164,8,8,0.15,2,-1,-1
415,-1,238,197,27,45,0.88,7,-1,-1
415,-1,242,274,16,29,0.81,2,-1,-1
415,-1,266,181,11,11,0.73,2,-1,-1
415,-1,258,251,14,17,0.73,2,-1,-1
415,-1,276,181,11,11,0.65,2,-1,-1
415,-1,270,165,8,8,0.18,2,-1,-1
416,-1,236,198,28,47,0.89,7,-1,-1
416,-1,238,286,18,28,0.81,2,-1,-1
416,-1,256,259,14,16,0.80,2,-1,-1
416,-1,266,182,11,11,0.75,2,-1,-1
416,-1,276,182,11,11,0.63,2,-1,-1
416,-1,270,165,9,8,0.33,2,-1,-1
417,-1,234,200,29,48,0.88,7,-1,-1
417,-1,255,264,14,17,0.83,2,-1,-1
417,-1,266,183,10,11,0.75,2,-1,-1
417,-1,236,292,18,30,0.69,2,-1,-1
417,-1,276,183,11,11,0.66,2,-1,-1
417,-1,271,165,8,8,0.39,2,-1,-1
418,-1,232,201,30,50,0.89,7,-1,-1
418,-1,232,302,19,35,0.83,2,-1,-1
418,-1,252,268,14,21,0.83,2,-1,-1
418,-1,265,185,10,11,0.75,2,-1,-1
418,-1,276,185,11,11,0.68,2,-1,-1
418,-1,270,166,9,8,0.50,2,-1,-1
419,-1,231,202,31,50,0.89,7,-1,-1
419,-1,250,274,15,21,0.83,2,-1,-1
419,-1,230,310,20,37,0.82,2,-1,-1
419,-1,264,184,11,12,0.76,2,-1,-1
419,-1,276,186,10,12,0.69,2,-1,-1
419,-1,271,167,9,8,0.53,2,-1,-1
420,-1,229,203,32,53,0.89,7,-1,-1
420,-1,247,281,17,24,0.83,2,-1,-1
420,-1,264,186,11,12,0.77,2,-1,-1
420,-1,276,186,11,12,0.75,2,-1,-1
420,-1,226,324,20,40,0.74,2,-1,-1
420,-1,270,167,9,9,0.59,2,-1,-1
421,-1,227,205,33,54,0.90,7,-1,-1
421,-1,245,290,16,24,0.84,2,-1,-1
421,-1,276,188,11,12,0.78,2,-1,-1
421,-1,264,187,11,12,0.78,2,-1,-1
421,-1,221,335,22,42,0.74,2,-1,-1
421,-1,270,168,9,9,0.60,2,-1,-1
422,-1,225,207,34,55,0.89,7,-1,-1
422,-1,242,297,17,29,0.84,2,-1,-1
422,-1,218,355,22,46,0.82,2,-1,-1
422,-1,263,188,11,11,0.80,2,-1,-1
422,-1,275,190,12,11,0.75,2,-1,-1
422,-1,271,168,9,9,0.65,2,-1,-1
423,-1,223,208,35,58,0.91,7,-1,-1
423,-1,239,303,18,32,0.85,2,-1,-1
423,-1,262,189,11,12,0.82,2,-1,-1
423,-1,275,190,12,12,0.77,2,-1,-1
423,-1,214,370,23,47,0.74,2,-1,-1
423,-1,271,168,9,9,0.65,2,-1,-1
424,-1,220,211,36,59,0.89,7,-1,-1
424,-1,236,316,18,35,0.85,2,-1,-1
424,-1,262,190,12,13,0.83,2,-1,-1
424,-1,274,191,13,12,0.73,2,-1,-1
424,-1,271,170,9,9,0.65,2,-1,-1
424,-1,207,397,23,52,0.39,2,-1,-1
425,-1,219,212,38,61,0.90,7,-1,-1
425,-1,232,327,19,37,0.83,2,-1,-1
425,-1,262,192,12,12,0.80,2,-1,-1
425,-1,275,192,12,12,0.77,2,-1,-1
425,-1,200,418,26,59,0.77,2,-1,-1
425,-1,271,170,10,10,0.71,2,-1,-1
426,-1,216,213,40,64,0.90,7,-1,-1
426,-1,261,193,12,12,0.82,2,-1,-1
426,-1,274,194,12,13,0.80,2,-1,-1
426,-1,228,346,19,40,0.76,2,-1,-1
426,-1,270,171,10,10,0.74,2,-1,-1
426,-1,189,460,29,62,0.71,2,-1,-1
427,-1,214,215,40,67,0.91,7,-1,-1
427,-1,260,194,12,13,0.83,2,-1,-1
427,-1,274,195,13,14,0.80,2,-1,-1
427,-1,271,172,10,10,0.75,2,-1,-1
427,-1,224,358,20,44,0.70,2,-1,-1
428,-1,211,216,41,71,0.91,7,-1,-1
428,-1,259,195,13,14,0.83,2,-1,-1
428,-1,217,384,23,47,0.80,2,-1,-1
428,-1,274,197,14,13,0.76,2,-1,-1
428,-1,270,173,9,10,0.73,2,-1,-1
429,-1,208,219,42,72,0.90,7,-1,-1
429,-1,259,196,13,13,0.81,2,-1,-1
429,-1,274,198,13,14,0.78,2,-1,-1
429,-1,270,174,9,10,0.75,2,-1,-1
429,-1,214,403,22,51,0.56,2,-1,-1
430,-1,205,223,44,74,0.90,7,-1,-1
430,-1,273,199,14,14,0.80,2,-1,-1
430,-1,258,198,13,14,0.80,2,-1,-1
430,-1,270,174,9,10,0.76,2,-1,-1
430,-1,205,438,24,56,0.62,2,-1,-1
431,-1,202,225,46,76,0.90,7,-1,-1
431,-1,272,200,14,14,0.82,2,-1,-1
431,-1,270,175,10,10,0.79,2,-1,-1
431,-1,257,199,13,14,0.78,2,-1,-1
431,-1,198,468,26,60,0.75,2,-1,-1
432,-1,198,227,49,81,0.92,7,-1,-1
432,-1,256,200,14,15,0.84,2,-1,-1
432,-1,271,202,14,16,0.82,2,-1,-1
432,-1,270,176,10,10,0.79,2,-1,-1
433,-1,195,229,50,84,0.90,7,-1,-1
433,-1,256,202,14,16,0.85,2,-1,-1
433,-1,272,204,14,15,0.79,2,-1,-1
433,-1,270,176,10,10,0.75,2,-1,-1
434,-1,191,232,52,90,0.91,7,-1,-1
434,-1,255,204,14,16,0.87,2,-1,-1
434,-1,270,178,10,10,0.80,2,-1,-1
434,-1,270,206,14,15,0.78,2,-1,-1
435,-1,188,236,54,92,0.92,7,-1,-1
435,-1,254,206,14,15,0.84,2,-1,-1
435,-1,268,178,11,11,0.83,2,-1,-1
435,-1,270,208,14,16,0.81,2,-1,-1
436,-1,182,239,58,99,0.92,7,-1,-1
436,-1,269,209,14,17,0.85,2,-1,-1
436,-1,253,207,14,16,0.85,2,-1,-1
436,-1,268,179,11,11,0.84,2,-1,-1
437,-1,178,242,60,102,0.92,7,-1,-1
437,-1,252,209,14,15,0.87,2,-1,-1
437,-1,269,211,14,17,0.86,2,-1,-1
437,-1,268,180,11,11,0.84,2,-1,-1
438,-1,172,245,64,112,0.92,7,-1,-1
438,-1,268,215,14,16,0.86,2,-1,-1
438,-1,250,211,14,16,0.85,2,-1,-1
438,-1,267,181,12,12,0.83,2,-1,-1
439,-1,168,248,66,117,0.92,7,-1,-1
439,-1,267,217,15,17,0.87,2,-1,-1
439,-1,250,213,14,16,0.83,2,-1,-1
439,-1,266,182,12,12,0.81,2,-1,-1
440,-1,160,254,72,126,0.93,7,-1,-1
440,-1,248,216,16,16,0.84,2,-1,-1
440,-1,266,222,14,16,0.83,2,-1,-1
440,-1,266,183,12,12,0.80,2,-1,-1
441,-1,155,258,75,132,0.93,7,-1,-1
441,-1,248,218,16,17,0.85,2,-1,-1
441,-1,265,223,15,18,0.84,2,-1,-1
441,-1,266,183,12,12,0.80,2,-1,-1
442,-1,145,263,81,145,0.92,7,-1,-1
442,-1,246,220,16,17,0.86,2,-1,-1
442,-1,266,185,12,12,0.85,2,-1,-1
442,-1,263,226,16,18,0.84,2,-1,-1
443,-1,139,268,84,153,0.93,7,-1,-1
443,-1,245,223,15,17,0.87,2,-1,-1
443,-1,265,186,12,13,0.87,2,-1,-1
443,-1,262,228,17,19,0.84,2,-1,-1
444,-1,126,276,94,168,0.92,7,-1,-1
444,-1,264,187,12,14,0.87,2,-1,-1
444,-1,260,232,17,20,0.86,2,-1,-1
444,-1,242,226,16,18,0.86,2,-1,-1
445,-1,118,280,99,180,0.93,7,-1,-1
445,-1,258,234,18,22,0.88,2,-1,-1
445,-1,264,189,12,13,0.86,2,-1,-1
445,-1,242,228,16,18,0.84,2,-1,-1
446,-1,103,286,110,203,0.92,7,-1,-1
446,-1,239,231,17,20,0.85,2,-1,-1
446,-1,258,239,17,22,0.85,2,-1,-1
446,-1,263,190,12,14,0.84,2,-1,-1
447,-1,92,294,118,219,0.90,7,-1,-1
447,-1,256,242,18,22,0.87,2,-1,-1
447,-1,237,233,18,21,0.86,2,-1,-1
447,-1,263,191,13,14,0.84,2,-1,-1
448,-1,235,236,18,21,0.88,2,-1,-1
448,-1,255,244,19,26,0.86,2,-1,-1
448,-1,262,192,12,14,0.85,2,-1,-1
449,-1,261,194,14,15,0.87,2,-1,-1
449,-1,233,240,18,21,0.87,2,-1,-1
449,-1,253,250,20,27,0.86,2,-1,-1
450,-1,230,244,19,23,0.87,2,-1,-1
450,-1,251,257,20,27,0.87,2,-1,-1
450,-1,260,195,14,15,0.86,2,-1,-1
451,-1,249,261,22,28,0.86,2,-1,-1
451,-1,260,196,14,16,0.86,2,-1,-1
451,-1,228,248,20,23,0.85,2,-1,-1
452,-1,246,269,22,29,0.88,2,-1,-1
452,-1,259,197,14,17,0.87,2,-1,-1
452,-1,225,254,21,24,0.85,2,-1,-1
453,-1,245,274,23,30,0.89,2,-1,-1
453,-1,223,257,21,25,0.89,2,-1,-1
453,-1,258,200,15,16,0.86,2,-1,-1
454,-1,242,283,24,32,0.89,2,-1,-1
454,-1,219,264,22,26,0.87,2,-1,-1
454,-1,257,201,16,18,0.86,2,-1,-1
455,-1,240,290,26,34,0.89,2,-1,-1
455,-1,216,268,23,27,0.87,2,-1,-1
455,-1,256,202,16,18,0.84,2,-1,-1
456,-1,213,274,24,29,0.89,2,-1,-1
456,-1,238,300,26,36,0.88,2,-1,-1
456,-1,255,203,17,20,0.84,2,-1,-1
457,-1,234,308,28,40,0.89,2,-1,-1
457,-1,210,279,25,30,0.88,2,-1,-1
457,-1,255,205,16,20,0.86,2,-1,-1
458,-1,232,316,30,42,0.90,2,-1,-1
458,-1,207,284,26,31,0.88,2,-1,-1
458,-1,255,208,17,20,0.84,2,-1,-1
459,-1,228,331,30,46,0.90,2,-1,-1
459,-1,201,293,28,34,0.88,2,-1,-1
459,-1,254,210,17,21,0.86,2,-1,-1
460,-1,222,348,34,52,0.90,2,-1,-1
460,-1,196,303,30,36,0.89,2,-1,-1
460,-1,253,214,16,20,0.87,2,-1,-1
461,-1,218,361,38,57,0.92,2,-1,-1
461,-1,192,310,30,39,0.89,2,-1,-1
461,-1,252,218,17,19,0.86,2,-1,-1
462,-1,210,384,41,65,0.92,2,-1,-1
462,-1,185,321,33,42,0.90,2,-1,-1
462,-1,250,218,18,22,0.88,2,-1,-1
463,-1,205,402,45,73,0.92,2,-1,-1
463,-1,180,330,36,45,0.91,2,-1,-1
463,-1,249,220,18,23,0.88,2,-1,-1
464,-1,198,422,48,81,0.92,2,-1,-1
464,-1,175,340,37,48,0.90,2,-1,-1
464,-1,248,222,18,24,0.86,2,-1,-1
465,-1,166,356,40,54,0.91,2,-1,-1
465,-1,246,226,19,24,0.88,2,-1,-1
466,-1,154,374,44,61,0.92,2,-1,-1
466,-1,246,230,19,25,0.85,2,-1,-1
467,-1,146,388,47,66,0.93,2,-1,-1
467,-1,244,233,20,26,0.88,2,-1,-1
468,-1,133,411,52,78,0.92,2,-1,-1
468,-1,243,237,20,28,0.86,2,-1,-1
469,-1,121,429,58,86,0.92,2,-1,-1
469,-1,241,241,21,28,0.86,2,-1,-1
470,-1,240,243,21,30,0.88,2,-1,-1
471,-1,238,249,22,32,0.88,2,-1,-1
472,-1,236,255,24,34,0.89,2,-1,-1
473,-1,234,260,24,36,0.89,2,-1,-1
474,-1,232,268,25,37,0.89,2,-1,-1
475,-1,230,272,26,39,0.89,2,-1,-1
476,-1,226,280,28,41,0.90,2,-1,-1
477,-1,224,286,29,43,0.89,2,-1,-1
478,-1,220,297,30,47,0.91,2,-1,-1
479,-1,217,304,32,50,0.90,2,-1,-1
480,-1,212,316,35,56,0.91,2,-1,-1
481,-1,208,326,37,61,0.91,2,-1,-1
482,-1,202,343,40,66,0.92,2,-1,-1
483,-1,197,355,42,73,0.92,2,-1,-1
484,-1,188,378,47,85,0.91,2,-1,-1
485,-1,180,396,50,92,0.93,2,-1,-1
486,-1,167,428,58,106,0.92,2,-1,-1
487,-1,-1,-1,-1,-1,-1,-1,-1,-1
488,-1,-1,-1,-1,-1,-1,-1,-1,-1
489,-1,-1,-1,-1,-1,-1,-1,-1,-1
490,-1,-1,-1,-1,-1,-1,-1,-1,-1
491,-1,-1,-1,-1,-1,-1,-1,-1,-1
492,-1,-1,-1,-1,-1,-1,-1,-1,-1
493,-1,-1,-1,-1,-1,-1,-1,-1,-1
494,-1,-1,-1,-1,-1,-1,-1,-1,-1
495,-1,-1,-1,-1,-1,-1,-1,-1,-1
496,-1,-1,-1,-1,-1,-1,-1,-1,-1
497,-1,-1,-1,-1,-1,-1,-1,-1,-1
498,-1,-1,-1,-1,-1,-1,-1,-1,-1
499,-1,-1,-1,-1,-1,-1,-1,-1,-1
500,-1,-1,-1,-1,-1,-1,-1,-1,-1
501,-1,-1,-1,-1,-1,-1,-1,-1,-1
502,-1,-1,-1,-1,-1,-1,-1,-1,-1
503,-1,-1,-1,-1,-1,-1,-1,-1,-1
504,-1,-1,-1,-1,-1,-1,-1,-1,-1
505,-1,-1,-1,-1,-1,-1,-1,-1,-1
506,-1,-1,-1,-1,-1,-1,-1,-1,-1
507,-1,-1,-1,-1,-1,-1,-1,-1,-1
508,-1,-1,-1,-1,-1,-1,-1,-1,-1
509,-1,-1,-1,-1,-1,-1,-1,-1,-1
510,-1,-1,-1,-1,-1,-1,-1,-1,-1
511,-1,-1,-1,-1,-1,-1,-1,-1,-1
512,-1,-1,-1,-1,-1,-1,-1,-1,-1
513,-1,-1,-1,-1,-1,-1,-1,-1,-1
514,-1,-1,-1,-1,-1,-1,-1,-1,-1
515,-1,-1,-1,-1,-1,-1,-1,-1,-1
516,-1,-1,-1,-1,-1,-1,-1,-1,-1
517,-1,-1,-1,-1,-1,-1,-1,-1,-1
518,-1,-1,-1,-1,-1,-1,-1,-1,-1
519,-1,-1,-1,-1,-1,-1,-1,-1,-1
520,-1,-1,-1,-1,-1,-1,-1,-1,-1
521,-1,-1,-1,-1,-1,-1,-1,-1,-1
522,-1,-1,-1,-1,-1,-1,-1,-1,-1
523,-1,-1,-1,-1,-1,-1,-1,-1,-1
524,-1,-1,-1,-1,-1,-1,-1,-1,-1
525,-1,-1,-1,-1,-1,-1,-1,-1,-1
526,-1,-1,-1,-1,-1,-1,-1,-1,-1
527,-1,-1,-1,-1,-1,-1,-1,-1,-1
528,-1,-1,-1,-1,-1,-1,-1,-1,-1
529,-1,-1,-1,-1,-1,-1,-1,-1,-1
530,-1,-1,-1,-1,-1,-1,-1,-1,-1
531,-1,-1,-1,-1,-1,-1,-1,-1,-1
532,-1,-1,-1,-1,-1,-1,-1,-1,-1
533,-1,-1,-1,-1,-1,-1,-1,-1,-1
534,-1,-1,-1,-1,-1,-1,-1,-1,-1
535,-1,-1,-1,-1,-1,-1,-1,-1,-1
536,-1,-1,-1,-1,-1,-1,-1,-1,-1
537,-1,-1,-1,-1,-1,-1,-1,-1,-1
538,-1,-1,-1,-1,-1,-1,-1,-1,-1
539,-1,-1,-1,-1,-1,-1,-1,-1,-1
540,-1,-1,-1,-1,-1,-1,-1,-1,-1
541,-1,-1,-1,-1,-1,-1,-1,-1,-1
542,-1,-1,-1,-1,-1,-1,-1,-1,-1
543,-1,-1,-1,-1,-1,-1,-1,-1,-1
544,-1,-1,-1,-1,-1,-1,-1,-1,-1
545,-1,-1,-1,-1,-1,-1,-1,-1,-1
546,-1,-1,-1,-1,-1,-1,-1,-1,-1
547,-1,-1,-1,-1,-1,-1,-1,-1,-1
548,-1,-1,-1,-1,-1,-1,-1,-1,-1
549,-1,-1,-1,-1,-1,-1,-1,-1,-1
550,-1,-1,-1,-1,-1,-1,-1,-1,-1
551,-1,-1,-1,-1,-1,-1,-1,-1,-1
552,-1,-1,-1,-1,-1,-1,-1,-1,-1
553,-1,-1,-1,-1,-1,-1,-1,-1,-1
554,-1,-1,-1,-1,-1,-1,-1,-1,-1
555,-1,-1,-1,-1,-1,-1,-1,-1,-1
556,-1,-1,-1,-1,-1,-1,-1,-1,-1
557,-1,-1,-1,-1,-1,-1,-1,-1,-1
558,-1,-1,-1,-1,-1,-1,-1,-1,-1
559,-1,-1,-1,-1,-1,-1,-1,-1,-1
560,-1,-1,-1,-1,-1,-1,-1,-1,-1
561,-1,-1,-1,-1,-1,-1,-1,-1,-1
562,-1,-1,-1,-1,-1,-1,-1,-1,-1
563,-1,-1,-1,-1,-1,-1,-1,-1,-1
564,-1,-1,-1,-1,-1,-1,-1,-1,-1
565,-1,-1,-1,-1,-1,-1,-1,-1,-1
566,-1,-1,-1,-1,-1,-1,-1,-1,-1
567,-1,-1,-1,-1,-1,-1,-1,-1,-1
568,-1,-1,-1,-1,-1,-1,-1,-1,-1
569,-1,-1,-1,-1,-1,-1,-1,-1,-1
570,-1,-1,-1,-1,-1,-1,-1,-1,-1
571,-1,-1,-1,-1,-1,-1,-1,-1,-1
572,-1,-1,-1,-1,-1,-1,-1,-1,-1
573,-1,-1,-1,-1,-1,-1,-1,-1,-1
574,-1,-1,-1,-1,-1,-1,-1,-1,-1
575,-1,-1,-1,-1,-1,-1,-1,-1,-1
576,-1,-1,-1,-1,-1,-1,-1,-1,-1
577,-1,-1,-1,-1,-1,-1,-1,-1,-1
578,-1,-1,-1,-1,-1,-1,-1,-1,-1
579,-1,-1,-1,-1,-1,-1,-1,-1,-1
580,-1,-1,-1,-1,-1,-1,-1,-1,-1
581,-1,-1,-1,-1,-1,-1,-1,-1,-1
582,-1,-1,-1,-1,-1,-1,-1,-1,-1
583,-1,-1,-1,-1,-1,-1,-1,-1,-1
584,-1,-1,-1,-1,-1,-1,-1,-1,-1
585,-1,-1,-1,-1,-1,-1,-1,-1,-1
586,-1,-1,-1,-1,-1,-1,-1,-1,-1
587,-1,-1,-1,-1,-1,-1,-1,-1,-1
588,-1,-1,-1,-1,-1,-1,-1,-1,-1
589,-1,-1,-1,-1,-1,-1,-1,-1,-1
590,-1,-1,-1,-1,-1,-1,-1,-1,-1
591,-1,-1,-1,-1,-1,-1,-1,-1,-1
592,-1,-1,-1,-1,-1,-1,-1,-1,-1
593,-1,-1,-1,-1,-1,-1,-1,-1,-1
594,-1,-1,-1,-1,-1,-1,-1,-1,-1
595,-1,-1,-1,-1,-1,-1,-1,-1,-1
596,-1,-1,-1,-1,-1,-1,-1,-1,-1
597,-1,-1,-1,-1,-1,-1,-1,-1,-1
598,-1,-1,-1,-1,-1,-1,-1,-1,-1
599,-1,-1,-1,-1,-1,-1,-1,-1,-1
600,-1,-1,-1,-1,-1,-1,-1,-1,-1
601,-1,-1,-1,-1,-1,-1,-1,-1,-1
602,-1,-1,-1,-1,-1,-1,-1,-1,-1
603,-1,-1,-1,-1,-1,-1,-1,-1,-1
604,-1,-1,-1,-1,-1,-1,-1,-1,-1
605,-1,-1,-1,-1,-1,-1,-1,-1,-1
606,-1,-1,-1,-1,-1,-1,-1,-1,-1
607,-1,-1,-1,-1,-1,-1,-1,-1,-1
608,-1,337,428,51,75,0.92,2,-1,-1
609,-1,334,408,46,68,0.93,2,-1,-1
610,-1,330,382,43,58,0.91,2,-1,-1
611,-1,328,366,40,56,0.90,2,-1,-1
612,-1,324,346,36,49,0.90,2,-1,-1
613,-1,322,333,33,48,0.89,2,-1,-1
614,-1,320,318,32,43,0.89,2,-1,-1
615,-1,319,308,31,42,0.89,2,-1,-1
616,-1,318,298,28,38,0.89,2,-1,-1
617,-1,316,292,26,36,0.89,2,-1,-1
618,-1,314,282,24,33,0.89,2,-1,-1
619,-1,314,276,23,32,0.88,2,-1,-1
620,-1,312,267,23,30,0.88,2,-1,-1
621,-1,312,263,23,30,0.87,2,-1,-1
622,-1,311,256,21,27,0.88,2,-1,-1
623,-1,311,252,20,27,0.87,2,-1,-1
624,-1,310,246,20,26,0.86,2,-1,-1
625,-1,310,243,19,25,0.88,2,-1,-1
626,-1,308,238,19,24,0.85,2,-1,-1
627,-1,308,235,19,24,0.88,2,-1,-1
628,-1,308,230,18,23,0.85,2,-1,-1
629,-1,307,227,18,23,0.88,2,-1,-1
630,-1,308,224,17,22,0.85,2,-1,-1
631,-1,307,221,18,22,0.88,2,-1,-1
632,-1,306,218,18,21,0.87,2,-1,-1
633,-1,306,215,18,22,0.85,2,-1,-1
634,-1,306,213,17,20,0.87,2,-1,-1
635,-1,306,211,16,20,0.86,2,-1,-1
636,-1,306,209,16,20,0.85,2,-1,-1
637,-1,305,206,16,19,0.86,2,-1,-1
638,-1,305,204,16,18,0.85,2,-1,-1
639,-1,304,203,16,18,0.85,2,-1,-1
640,-1,305,202,15,17,0.86,2,-1,-1
641,-1,304,200,15,16,0.86,2,-1,-1
642,-1,304,198,14,16,0.85,2,-1,-1
643,-1,304,196,14,17,0.85,2,-1,-1
644,-1,304,194,14,16,0.86,2,-1,-1
645,-1,304,194,14,16,0.87,2,-1,-1
646,-1,304,192,13,16,0.87,2,-1,-1
647,-1,304,191,13,15,0.85,2,-1,-1
648,-1,304,191,13,14,0.84,2,-1,-1
649,-1,304,190,13,14,0.85,2,-1,-1
650,-1,303,188,12,14,0.87,2,-1,-1
651,-1,303,188,12,14,0.88,2,-1,-1
652,-1,303,185,12,14,0.86,2,-1,-1
653,-1,302,184,12,14,0.84,2,-1,-1
654,-1,302,184,12,13,0.83,2,-1,-1
655,-1,302,182,12,14,0.84,2,-1,-1
656,-1,302,182,11,12,0.82,2,-1,-1
657,-1,302,181,11,13,0.82,2,-1,-1
658,-1,302,180,11,12,0.83,2,-1,-1
659,-1,302,179,11,13,0.84,2,-1,-1
660,-1,302,178,10,12,0.80,2,-1,-1
661,-1,302,178,11,12,0.83,2,-1,-1
662,-1,302,178,10,12,0.81,2,-1,-1
663,-1,302,176,10,11,0.76,2,-1,-1
664,-1,301,176,10,11,0.74,2,-1,-1
665,-1,301,176,10,11,0.73,2,-1,-1
666,-1,301,175,10,11,0.68,2,-1,-1
667,-1,300,174,10,10,0.68,2,-1,-1
668,-1,300,173,9,10,0.64,2,-1,-1
669,-1,300,173,10,10,0.60,2,-1,-1
670,-1,300,172,9,10,0.49,2,-1,-1
671,-1,299,171,9,10,0.63,2,-1,-1
672,-1,299,171,9,10,0.59,2,-1,-1
673,-1,299,171,9,10,0.51,2,-1,-1
674,-1,298,170,9,10,0.58,2,-1,-1
675,-1,298,169,9,10,0.45,2,-1,-1
676,-1,298,169,9,10,0.53,2,-1,-1
677,-1,297,168,9,10,0.54,2,-1,-1
678,-1,297,168,8,9,0.41,2,-1,-1
679,-1,297,168,8,9,0.51,2,-1,-1
680,-1,296,167,8,9,0.49,2,-1,-1
681,-1,295,166,9,9,0.27,2,-1,-1
682,-1,295,166,9,9,0.27,2,-1,-1
683,-1,294,164,8,9,0.31,2,-1,-1
684,-1,347,448,55,81,0.91,2,-1,-1
684,-1,294,164,9,10,0.27,2,-1,-1
685,-1,342,422,49,72,0.93,2,-1,-1
685,-1,294,164,8,9,0.23,2,-1,-1
686,-1,336,390,43,58,0.90,2,-1,-1
686,-1,292,163,8,9,0.17,2,-1,-1
687,-1,332,371,41,53,0.91,2,-1,-1
687,-1,292,163,8,8,0.16,2,-1,-1
688,-1,328,346,35,47,0.90,2,-1,-1
688,-1,292,162,8,9,0.11,2,-1,-1
689,-1,326,333,32,43,0.90,2,-1,-1
689,-1,292,162,8,8,0.11,2,-1,-1
690,-1,322,316,30,39,0.89,2,-1,-1
690,-1,292,162,8,8,0.11,2,-1,-1
691,-1,321,305,30,37,0.90,2,-1,-1
692,-1,319,292,28,33,0.89,2,-1,-1
693,-1,318,284,25,32,0.88,2,-1,-1
694,-1,316,274,23,30,0.90,2,-1,-1
695,-1,315,268,24,28,0.88,2,-1,-1
696,-1,314,259,22,26,0.87,2,-1,-1
697,-1,313,253,21,26,0.86,2,-1,-1
698,-1,312,246,20,24,0.86,2,-1,-1
699,-1,311,242,20,24,0.89,2,-1,-1
700,-1,310,236,20,23,0.88,2,-1,-1
701,-1,309,232,19,23,0.86,2,-1,-1
702,-1,308,226,19,22,0.87,2,-1,-1
703,-1,308,224,18,21,0.86,2,-1,-1
704,-1,307,220,18,20,0.87,2,-1,-1
705,-1,306,217,18,20,0.86,2,-1,-1
706,-1,307,214,17,20,0.87,2,-1,-1
707,-1,306,212,16,19,0.86,2,-1,-1
708,-1,306,208,16,18,0.87,2,-1,-1
709,-1,306,206,16,18,0.86,2,-1,-1
710,-1,306,204,16,17,0.85,2,-1,-1
711,-1,305,203,16,16,0.85,2,-1,-1
712,-1,305,200,15,16,0.85,2,-1,-1
713,-1,304,198,15,16,0.83,2,-1,-1
714,-1,304,195,15,16,0.84,2,-1,-1
715,-1,304,194,14,15,0.84,2,-1,-1
716,-1,304,193,13,14,0.85,2,-1,-1
717,-1,304,192,13,14,0.83,2,-1,-1
718,-1,304,190,13,14,0.83,2,-1,-1
719,-1,304,189,13,13,0.84,2,-1,-1
720,-1,304,187,13,13,0.85,2,-1,-1
721,-1,304,186,12,13,0.84,2,-1,-1
722,-1,304,185,12,12,0.83,2,-1,-1
723,-1,304,185,12,12,0.83,2,-1,-1
724,-1,303,183,12,12,0.79,2,-1,-1
725,-1,303,182,11,12,0.80,2,-1,-1
726,-1,303,181,11,11,0.79,2,-1,-1
727,-1,303,180,11,12,0.81,2,-1,-1
728,-1,303,178,10,12,0.80,2,-1,-1
729,-1,303,178,10,11,0.79,2,-1,-1
730,-1,303,177,10,10,0.69,2,-1,-1
731,-1,302,176,10,11,0.68,2,-1,-1
732,-1,302,175,10,10,0.69,2,-1,-1
733,-1,302,174,10,10,0.64,2,-1,-1
734,-1,302,174,9,9,0.61,2,-1,-1
735,-1,301,174,10,10,0.62,2,-1,-1
736,-1,301,173,9,9,0.52,2,-1,-1
737,-1,300,172,9,9,0.52,2,-1,-1
738,-1,300,172,9,9,0.51,2,-1,-1
739,-1,300,171,9,8,0.34,2,-1,-1
740,-1,298,169,9,9,0.29,2,-1,-1
741,-1,298,168,8,8,0.44,2,-1,-1
742,-1,298,168,8,8,0.46,2,-1,-1
743,-1,298,168,8,8,0.35,2,-1,-1
744,-1,297,166,8,8,0.45,2,-1,-1
745,-1,296,166,8,8,0.19,2,-1,-1
746,-1,296,164,8,8,0.31,2,-1,-1
747,-1,296,164,8,8,0.33,2,-1,-1
748,-1,294,164,8,8,0.13,2,-1,-1
749,-1,294,164,7,8,0.11,2,-1,-1
750,-1,294,163,7,8,0.12,2,-1,-1
751,-1,-1,-1,-1,-1,-1,-1,-1,-1
752,-1,-1,-1,-1,-1,-1,-1,-1,-1
753,-1,-1,-1,-1,-1,-1,-1,-1,-1
754,-1,-1,-1,-1,-1,-1,-1,-1,-1
755,-1,-1,-1,-1,-1,-1,-1,-1,-1
756,-1,-1,-1,-1,-1,-1,-1,-1,-1
757,-1,-1,-1,-1,-1,-1,-1,-1,-1
758,-1,-1,-1,-1,-1,-1,-1,-1,-1
759,-1,-1,-1,-1,-1,-1,-1,-1,-1
760,-1,-1,-1,-1,-1,-1,-1,-1,-1
761,-1,-1,-1,-1,-1,-1,-1,-1,-1
762,-1,-1,-1,-1,-1,-1,-1,-1,-1
763,-1,-1,-1,-1,-1,-1,-1,-1,-1
764,-1,-1,-1,-1,-1,-1,-1,-1,-1
765,-1,-1,-1,-1,-1,-1,-1,-1,-1
766,-1,-1,-1,-1,-1,-1,-1,-1,-1
767,-1,-1,-1,-1,-1,-1,-1,-1,-1
768,-1,-1,-1,-1,-1,-1,-1,-1,-1
769,-1,-1,-1,-1,-1,-1,-1,-1,-1
770,-1,-1,-1,-1,-1,-1,-1,-1,-1
771,-1,-1,-1,-1,-1,-1,-1,-1,-1
772,-1,-1,-1,-1,-1,-1,-1,-1,-1
773,-1,-1,-1,-1,-1,-1,-1,-1,-1
774,-1,-1,-1,-1,-1,-1,-1,-1,-1
775,-1,-1,-1,-1,-1,-1,-1,-1,-1
776,-1,-1,-1,-1,-1,-1,-1,-1,-1
777,-1,-1,-1,-1,-1,-1,-1,-1,-1
778,-1,-1,-1,-1,-1,-1,-1,-1,-1
779,-1,-1,-1,-1,-1,-1,-1,-1,-1
780,-1,-1,-1,-1,-1,-1,-1,-1,-1
781,-1,-1,-1,-1,-1,-1,-1,-1,-1
782,-1,-1,-1,-1,-1,-1,-1,-1,-1
783,-1,-1,-1,-1,-1,-1,-1,-1,-1
784,-1,-1,-1,-1,-1,-1,-1,-1,-1
785,-1,-1,-1,-1,-1,-1,-1,-1,-1
786,-1,-1,-1,-1,-1,-1,-1,-1,-1
787,-1,-1,-1,-1,-1,-1,-1,-1,-1
788,-1,-1,-1,-1,-1,-1,-1,-1,-1
789,-1,-1,-1,-1,-1,-1,-1,-1,-1
790,-1,-1,-1,-1,-1,-1,-1,-1,-1
791,-1,-1,-1,-1,-1,-1,-1,-1,-1
792,-1,-1,-1,-1,-1,-1,-1,-1,-1
793,-1,-1,-1,-1,-1,-1,-1,-1,-1
794,-1,-1,-1,-1,-1,-1,-1,-1,-1
795,-1,-1,-1,-1,-1,-1,-1,-1,-1
796,-1,-1,-1,-1,-1,-1,-1,-1,-1
797,-1,-1,-1,-1,-1,-1,-1,-1,-1
798,-1,-1,-1,-1,-1,-1,-1,-1,-1
799,-1,-1,-1,-1,-1,-1,-1,-1,-1
800,-1,-1,-1,-1,-1,-1,-1,-1,-1
801,-1,-1,-1,-1,-1,-1,-1,-1,-1
802,-1,-1,-1,-1,-1,-1,-1,-1,-1
803,-1,-1,-1,-1,-1,-1,-1,-1,-1
804,-1,-1,-1,-1,-1,-1,-1,-1,-1
805,-1,-1,-1,-1,-1,-1,-1,-1,-1
806,-1,-1,-1,-1,-1,-1,-1,-1,-1
807,-1,-1,-1,-1,-1,-1,-1,-1,-1
808,-1,-1,-1,-1,-1,-1,-1,-1,-1
809,-1,-1,-1,-1,-1,-1,-1,-1,-1
810,-1,-1,-1,-1,-1,-1,-1,-1,-1
811,-1,-1,-1,-1,-1,-1,-1,-1,-1
812,-1,-1,-1,-1,-1,-1,-1,-1,-1
813,-1,-1,-1,-1,-1,-1,-1,-1,-1
814,-1,-1,-1,-1,-1,-1,-1,-1,-1
815,-1,-1,-1,-1,-1,-1,-1,-1,-1
816,-1,-1,-1,-1,-1,-1,-1,-1,-1
817,-1,-1,-1,-1,-1,-1,-1,-1,-1
818,-1,-1,-1,-1,-1,-1,-1,-1,-1
819,-1,-1,-1,-1,-1,-1,-1,-1,-1
820,-1,-1,-1,-1,-1,-1,-1,-1,-1
821,-1,-1,-1,-1,-1,-1,-1,-1,-1
822,-1,-1,-1,-1,-1,-1,-1,-1,-1
823,-1,-1,-1,-1,-1,-1,-1,-1,-1
824,-1,-1,-1,-1,-1,-1,-1,-1,-1
825,-1,-1,-1,-1,-1,-1,-1,-1,-1
826,-1,-1,-1,-1,-1,-1,-1,-1,-1
827,-1,-1,-1,-1,-1,-1,-1,-1,-1
828,-1,264,155,9,12,0.22,7,-1,-1
829,-1,264,156,9,12,0.25,2,-1,-1
830,-1,264,156,9,12,0.33,2,-1,-1
831,-1,264,156,9,13,0.25,2,-1,-1
832,-1,264,157,9,14,0.28,2,-1,-1
833,-1,265,157,9,13,0.24,2,-1,-1
834,-1,265,158,10,13,0.42,2,-1,-1
835,-1,265,158,9,14,0.59,2,-1,-1
836,-1,266,159,10,14,0.57,2,-1,-1
837,-1,266,159,10,14,0.55,2,-1,-1
838,-1,266,160,10,14,0.55,2,-1,-1
839,-1,266,160,10,14,0.64,2,-1,-1
840,-1,266,161,10,13,0.70,2,-1,-1
841,-1,266,162,10,13,0.69,2,-1,-1
842,-1,266,162,10,14,0.70,2,-1,-1
843,-1,266,162,10,14,0.68,2,-1,-1
844,-1,266,163,11,14,0.71,2,-1,-1
845,-1,267,163,10,14,0.71,2,-1,-1
846,-1,266,163,11,15,0.65,2,-1,-1
847,-1,267,164,11,15,0.75,2,-1,-1
848,-1,268,165,11,14,0.75,2,-1,-1
849,-1,268,165,11,14,0.75,2,-1,-1
850,-1,268,166,11,14,0.77,2,-1,-1
851,-1,268,166,11,14,0.77,2,-1,-1
852,-1,268,166,11,14,0.75,2,-1,-1
853,-1,268,166,11,15,0.75,2,-1,-1
854,-1,268,167,11,16,0.73,2,-1,-1
855,-1,268,167,11,16,0.73,2,-1,-1
856,-1,268,168,12,17,0.76,2,-1,-1
857,-1,267,168,12,17,0.79,2,-1,-1
858,-1,267,169,12,17,0.80,2,-1,-1
859,-1,266,170,13,18,0.79,2,-1,-1
860,-1,266,170,12,18,0.79,2,-1,-1
861,-1,266,170,12,18,0.80,2,-1,-1
862,-1,266,170,13,18,0.79,2,-1,-1
863,-1,266,171,13,18,0.80,2,-1,-1
864,-1,264,172,14,19,0.80,2,-1,-1
865,-1,264,172,14,20,0.80,2,-1,-1
866,-1,264,172,14,21,0.71,2,-1,-1
867,-1,264,172,14,21,0.81,2,-1,-1
868,-1,264,172,15,22,0.80,2,-1,-1
869,-1,263,172,16,23,0.76,2,-1,-1
870,-1,263,174,16,23,0.65,2,-1,-1
871,-1,263,174,16,22,0.73,2,-1,-1
872,-1,262,174,16,23,0.48,7,-1,-1
873,-1,262,175,16,24,0.69,7,-1,-1
874,-1,262,176,17,24,0.60,7,-1,-1
875,-1,260,176,17,25,0.72,7,-1,-1
876,-1,260,177,17,26,0.76,7,-1,-1
877,-1,260,177,18,27,0.87,7,-1,-1
878,-1,259,178,18,28,0.86,7,-1,-1
879,-1,258,178,18,28,0.85,7,-1,-1
880,-1,258,179,19,28,0.85,7,-1,-1
881,-1,257,180,19,29,0.87,7,-1,-1
882,-1,256,180,19,30,0.87,7,-1,-1
883,-1,256,181,20,30,0.87,7,-1,-1
884,-1,255,183,20,30,0.86,7,-1,-1
885,-1,254,184,20,31,0.86,7,-1,-1
886,-1,252,184,21,33,0.87,7,-1,-1
887,-1,252,185,20,33,0.87,7,-1,-1
888,-1,251,186,22,34,0.87,7,-1,-1
889,-1,250,187,22,34,0.87,7,-1,-1
890,-1,248,189,23,35,0.87,7,-1,-1
891,-1,247,190,24,36,0.87,7,-1,-1
892,-1,246,190,24,37,0.88,7,-1,-1
893,-1,244,192,26,38,0.89,7,-1,-1
894,-1,243,193,26,39,0.88,7,-1,-1
895,-1,242,194,26,40,0.88,7,-1,-1
896,-1,240,196,27,40,0.88,7,-1,-1
897,-1,239,197,28,42,0.88,7,-1,-1
898,-1,237,198,29,43,0.87,7,-1,-1
899,-1,236,199,29,45,0.89,7,-1,-1
900,-1,235,201,30,45,0.89,7,-1,-1
