6,0,479,384,80,89,0.91,2,1,261,3453,0,-200,1
7,0,470,359,72,77,0.91,2,2,261,3430,8,-238,1
8,0,456,326,64,65,0.90,2,3,261,3396,4,-287,1
9,0,448,308,60,58,0.89,2,4,261,3369,4,-282,1
10,0,440,283,50,52,0.89,2,5,262,3338,2,-291,1
11,0,433,269,46,48,0.89,2,6,262,3309,1,-289,1
12,0,427,250,42,44,0.89,2,7,262,3279,1,-293,1
13,0,422,239,40,42,0.88,2,8,262,3250,1,-291,1
14,0,416,225,36,38,0.87,2,9,262,3220,0,-293,1
15,0,412,217,36,36,0.87,2,10,262,3191,0,-292,1
16,0,409,206,32,33,0.87,2,11,262,3161,0,-293,1
17,0,406,196,32,34,0.86,2,12,262,3132,1,-293,1
18,0,402,188,28,31,0.87,2,13,262,3102,0,-294,1
19,0,400,182,28,30,0.85,2,14,262,3073,0,-293,1
20,0,398,177,26,26,0.85,2,15,262,3043,1,-294,1
21,0,394,171,26,26,0.88,2,16,262,3014,1,-294,1
22,0,391,163,24,25,0.87,2,17,262,2984,0,-294,1
23,0,388,160,24,25,0.85,2,18,262,2955,0,-294,1
24,0,386,154,24,24,0.85,2,19,262,2926,-0,-294,1
25,0,385,151,24,23,0.84,2,20,262,2897,-0,-293,1
26,0,383,146,22,22,0.84,2,21,262,2867,-0,-293,1
27,0,383,143,20,22,0.87,2,22,262,2838,-0,-293,1
28,0,381,139,20,20,0.86,2,23,262,2809,-0,-293,1
29,0,380,136,20,20,0.86,2,24,262,2780,-0,-293,1
30,0,378,132,20,20,0.84,2,25,262,2751,-0,-293,1
31,0,376,129,20,20,0.85,2,26,262,2722,-0,-293,1
32,0,376,126,18,18,0.84,2,27,262,2692,-0,-293,1
33,0,375,125,18,17,0.84,2,28,262,2663,-0,-293,1
34,0,373,121,18,18,0.85,2,29,262,2634,-0,-293,1
35,0,372,118,18,19,0.84,2,30,262,2605,-0,-293,1
36,0,371,116,18,18,0.86,2,31,262,2576,-0,-293,1
37,0,371,114,17,18,0.86,2,32,262,2547,-0,-293,1
38,0,370,112,17,17,0.85,2,33,262,2517,-0,-293,1
39,0,370,110,16,16,0.85,2,34,262,2488,-0,-293,1
40,0,369,108,16,16,0.85,2,35,262,2459,-0,-293,1
41,0,368,106,16,16,0.84,2,36,262,2430,-0,-293,1
42,0,368,104,14,16,0.84,2,37,262,2400,-0,-293,1
43,0,368,102,14,15,0.83,2,38,262,2371,-0,-293,1
44,0,367,101,14,15,0.84,2,39,262,2341,-0,-293,1
45,0,366,100,14,15,0.85,2,40,262,2312,-0,-293,1
45,1,420,413,72,102,0.92,2,1,234,3477,0,-200,1
46,0,366,98,14,16,0.84,2,41,262,2283,-0,-293,1
46,1,411,366,60,84,0.91,2,2,234,3440,2,-366,1
47,0,365,98,14,14,0.83,2,42,262,2254,-0,-293,1
47,1,406,342,54,74,0.92,2,3,234,3413,3,-319,1
48,0,364,95,14,14,0.86,2,43,262,2225,0,-293,1
48,1,400,309,48,65,0.90,2,4,234,3379,4,-324,1
49,0,364,94,14,15,0.86,2,44,262,2196,0,-293,1
49,1,395,291,46,60,0.90,2,5,235,3351,3,-315,1
50,0,364,93,13,14,0.84,2,45,262,2166,0,-293,1
50,1,390,267,40,54,0.90,2,6,235,3318,2,-317,1
51,0,364,92,13,14,0.84,2,46,262,2137,0,-293,1
51,1,386,254,40,49,0.89,2,7,235,3288,2,-314,1
52,0,363,90,13,14,0.82,2,47,262,2108,0,-293,1
52,1,384,236,36,46,0.89,2,8,235,3256,2,-315,1
53,0,362,90,13,14,0.81,2,48,262,2079,0,-293,1
53,1,380,226,36,43,0.89,2,9,235,3225,2,-314,1
54,0,362,88,12,13,0.80,2,49,262,2050,0,-293,1
54,1,376,214,32,38,0.88,2,10,235,3193,1,-314,1
55,0,362,88,12,13,0.80,2,50,262,2021,0,-293,1
55,1,375,206,30,36,0.88,2,11,235,3163,1,-313,1
56,0,362,86,12,14,0.80,2,51,262,1992,0,-292,1
56,1,374,195,28,34,0.87,2,12,235,3131,1,-314,1
57,0,362,86,12,14,0.77,2,52,262,1963,0,-292,1
57,1,372,189,28,31,0.86,2,13,235,3100,1,-313,1
58,0,361,85,12,12,0.78,2,53,262,1934,0,-292,1
58,1,370,181,26,28,0.86,2,14,235,3068,1,-314,1
59,0,361,84,12,12,0.77,2,54,262,1904,0,-292,1
59,1,367,173,26,30,0.87,2,15,235,3037,1,-314,1
60,0,361,84,11,11,0.75,2,55,262,1875,0,-292,1
60,1,365,167,24,26,0.87,2,16,235,3005,0,-314,1
61,0,361,82,11,12,0.73,2,56,263,1846,0,-292,1
61,1,364,162,22,26,0.88,2,17,235,2974,-0,-314,1
62,0,361,82,10,11,0.70,2,57,263,1816,0,-292,1
62,1,362,155,24,28,0.86,2,18,235,2943,-0,-313,1
63,0,361,81,10,11,0.70,2,58,263,1787,0,-292,1
63,1,361,151,23,26,0.84,2,19,235,2913,-0,-313,1
64,0,360,80,10,12,0.69,2,59,263,1758,0,-292,1
64,1,360,147,24,23,0.84,2,20,235,2881,-0,-313,1
65,0,360,79,10,12,0.69,2,60,263,1729,0,-292,1
65,1,360,143,23,23,0.83,2,21,235,2850,-0,-313,1
66,0,360,78,10,12,0.71,2,61,263,1700,1,-292,1
66,1,359,139,20,22,0.85,2,22,235,2819,-0,-313,1
67,0,360,78,10,12,0.65,2,62,263,1671,1,-292,1
67,1,358,135,20,22,0.85,2,23,235,2788,-0,-313,1
68,0,359,77,10,11,0.66,2,63,263,1642,1,-292,1
68,1,357,131,19,22,0.85,2,24,235,2757,-1,-313,1
69,0,359,76,10,12,0.68,2,64,264,1612,1,-292,1
69,1,357,127,18,22,0.85,2,25,235,2725,-1,-313,1
70,0,359,76,10,11,0.61,2,65,264,1583,1,-292,1
70,1,356,125,18,20,0.84,2,26,235,2694,-1,-313,1
71,0,359,76,10,10,0.58,2,66,264,1554,1,-292,1
71,1,355,122,18,20,0.84,2,27,234,2663,-1,-313,1
72,0,359,75,10,10,0.58,2,67,264,1525,1,-292,1
72,1,354,120,17,19,0.85,2,28,234,2632,-1,-313,1
73,0,359,74,10,10,0.54,2,68,264,1495,1,-292,1
73,1,354,118,17,19,0.83,2,29,234,2601,-1,-313,1
74,0,360,74,9,10,0.60,2,69,265,1466,1,-292,1
74,1,353,115,18,18,0.84,2,30,234,2570,-1,-312,1
75,0,360,74,9,10,0.61,2,70,265,1437,1,-292,1
75,1,352,112,18,18,0.85,2,31,234,2539,-1,-313,1
76,0,360,74,9,10,0.61,2,71,265,1408,1,-292,1
76,1,352,111,18,17,0.82,2,32,234,2507,-1,-312,1
77,0,360,73,9,10,0.56,2,72,265,1379,1,-292,1
77,1,352,110,17,16,0.83,2,33,234,2476,-1,-312,1
78,0,360,72,9,10,0.53,2,73,265,1350,1,-292,1
78,1,352,106,16,18,0.84,2,34,234,2445,-1,-312,1
79,0,361,72,8,10,0.43,2,74,266,1321,1,-292,1
79,1,352,106,16,16,0.83,2,35,234,2415,-1,-312,1
80,0,361,71,8,10,0.36,2,75,266,1292,1,-292,1
80,1,352,103,15,16,0.82,2,36,233,2383,-1,-312,1
81,0,361,71,8,10,0.37,2,76,266,1264,1,-292,1
81,1,351,102,15,15,0.83,2,37,233,2352,-1,-312,1
82,0,361,70,9,9,0.36,2,77,267,1234,1,-292,1
82,1,351,101,14,14,0.85,2,38,233,2321,-1,-312,1
83,1,350,100,15,14,0.84,2,39,233,2290,-1,-312,1
84,1,350,98,14,14,0.82,2,40,233,2259,-1,-312,1
85,1,350,95,14,15,0.84,2,41,233,2228,-1,-312,1
86,1,350,94,14,14,0.81,2,42,233,2197,-1,-312,1
87,1,350,94,14,14,0.81,2,43,233,2166,-1,-312,1
88,1,350,92,13,14,0.80,2,44,233,2135,-1,-312,1
89,1,349,91,13,14,0.81,2,45,233,2104,-1,-312,1
90,1,349,89,12,14,0.80,2,46,233,2073,-1,-312,1
91,1,349,89,12,12,0.81,2,47,233,2042,-1,-312,1
92,1,348,87,12,13,0.79,2,48,233,2010,-1,-312,1
93,1,348,87,12,12,0.79,2,49,233,1979,-1,-312,1
94,1,349,86,12,12,0.73,2,50,233,1948,-1,-312,1
95,1,348,86,12,12,0.69,2,51,233,1918,-1,-312,1
96,1,348,84,12,12,0.72,2,52,233,1887,-1,-312,1
97,1,348,84,11,10,0.67,2,53,232,1855,-1,-312,1
98,1,348,82,12,12,0.73,2,54,232,1824,-0,-312,1
99,1,348,82,12,10,0.65,2,55,232,1793,-0,-312,1
100,1,349,81,10,11,0.70,2,56,232,1762,-0,-312,1
101,1,348,80,11,10,0.69,2,57,232,1731,-0,-312,1
102,1,348,78,10,11,0.67,2,58,232,1699,-0,-312,1
103,1,349,79,10,10,0.52,2,59,233,1668,-0,-312,1
104,1,349,78,10,10,0.53,2,60,233,1637,-0,-312,1
105,1,349,78,10,10,0.58,2,61,233,1606,-0,-312,1
106,1,349,78,10,10,0.47,2,62,233,1576,-0,-312,1
107,1,350,77,10,9,0.58,2,63,233,1544,-0,-312,1
108,1,350,76,10,10,0.52,2,64,233,1514,-0,-311,1
109,1,350,76,10,10,0.45,2,65,233,1483,0,-311,1
110,1,351,75,9,8,0.40,2,66,233,1452,0,-311,1
111,1,351,75,10,8,0.25,2,67,233,1421,0,-311,1
115,1,352,74,9,8,0.14,2,68,234,1297,0,-311,1
116,1,352,74,9,8,0.15,2,69,234,1267,0,-311,1
156,2,424,194,176,296,0.95,7,1,256,3463,0,-200,1
157,2,423,190,160,263,0.94,7,2,256,3441,18,-218,1
158,2,417,176,144,246,0.93,7,3,257,3419,8,-219,1
159,2,412,171,134,227,0.94,7,4,257,3399,5,-214,1
160,2,410,163,120,206,0.92,7,5,257,3376,4,-219,1
161,2,408,160,112,192,0.93,7,6,257,3354,4,-218,1
162,2,404,153,102,176,0.93,7,7,257,3331,4,-221,1
163,2,402,148,96,169,0.93,7,8,257,3309,3,-220,1
164,2,399,144,90,154,0.92,7,9,258,3286,3,-222,1
165,2,396,140,84,148,0.93,7,10,258,3264,3,-222,1
166,2,395,136,80,137,0.93,7,11,258,3241,3,-223,1
167,2,392,132,76,132,0.92,7,12,258,3218,3,-223,1
168,2,390,130,72,122,0.92,7,13,258,3195,3,-224,1
169,2,389,128,70,118,0.92,7,14,258,3173,3,-223,1
170,2,388,123,64,112,0.91,7,15,259,3150,3,-224,1
171,2,388,124,60,105,0.91,7,16,259,3128,3,-223,1
172,2,386,123,56,97,0.92,7,17,259,3105,2,-224,1
173,2,384,116,56,99,0.92,7,18,259,3083,2,-224,1
174,2,384,115,52,92,0.90,7,19,259,3060,2,-224,1
175,2,383,113,50,90,0.90,7,20,259,3038,2,-224,1
176,2,382,110,48,86,0.89,7,21,260,3015,2,-224,1
177,2,379,107,48,84,0.90,7,22,260,2993,2,-224,1
178,2,379,104,44,83,0.90,7,23,260,2970,2,-224,1
179,2,378,104,44,82,0.89,7,24,260,2949,2,-223,1
180,2,376,100,42,77,0.88,7,25,260,2927,2,-224,1
181,2,376,100,40,75,0.90,7,26,260,2904,2,-224,1
182,2,375,98,38,72,0.90,7,27,260,2882,2,-224,1
183,2,374,98,38,70,0.91,7,28,261,2860,2,-223,1
184,2,373,95,36,68,0.90,7,29,261,2838,2,-224,1
185,2,372,94,36,67,0.89,7,30,261,2816,2,-223,1
186,2,372,92,34,64,0.90,7,31,261,2793,2,-224,1
187,2,371,91,34,63,0.90,7,32,261,2770,1,-224,1
188,2,372,90,30,61,0.90,7,33,261,2748,1,-224,1
189,2,369,87,32,62,0.90,7,34,261,2726,1,-224,1
190,2,370,88,30,58,0.89,7,35,261,2703,1,-224,1
191,2,369,87,30,57,0.89,7,36,261,2681,1,-224,1
192,2,368,86,30,54,0.89,7,37,261,2658,1,-224,1
193,2,367,85,30,54,0.89,7,38,261,2636,1,-224,1
194,2,367,83,28,54,0.89,7,39,261,2613,1,-224,1
195,2,367,83,28,52,0.89,7,40,261,2591,1,-224,1
196,2,366,82,27,50,0.89,7,41,261,2568,1,-224,1
197,2,366,83,26,48,0.89,7,42,261,2546,1,-224,1
198,2,365,82,26,46,0.88,7,43,261,2523,1,-224,1
199,2,365,81,25,46,0.89,7,44,262,2501,1,-224,1
200,2,365,81,24,44,0.88,7,45,262,2478,1,-224,1
201,2,364,81,24,42,0.87,7,46,262,2455,1,-224,1
202,2,364,81,24,41,0.87,7,47,262,2433,1,-224,1
203,2,364,80,23,40,0.86,7,48,262,2410,1,-224,1
204,2,363,80,23,39,0.83,7,49,262,2388,1,-224,1
205,2,363,79,22,38,0.83,7,50,262,2365,1,-224,1
206,2,363,78,22,38,0.83,7,51,262,2342,1,-224,1
207,2,362,79,22,36,0.82,7,52,262,2320,1,-224,1
208,2,361,77,22,37,0.84,7,53,262,2298,1,-224,1
209,2,361,76,20,36,0.83,7,54,262,2275,1,-224,1
210,2,361,75,20,36,0.85,7,55,262,2253,1,-224,1
211,2,361,74,20,36,0.84,7,56,262,2230,1,-224,1
212,2,360,74,20,34,0.84,7,57,262,2208,1,-224,1
213,2,360,72,20,35,0.85,7,58,262,2185,1,-224,1
214,2,360,72,20,34,0.85,7,59,263,2162,1,-224,1
215,2,360,71,20,34,0.85,7,60,263,2140,1,-224,1
216,2,360,71,20,33,0.85,7,61,263,2117,1,-224,1
217,2,359,71,20,32,0.85,7,62,263,2094,1,-224,1
218,2,359,71,20,31,0.85,7,63,263,2072,1,-225,1
219,2,358,71,20,30,0.85,7,64,263,2049,1,-225,1
220,2,358,70,20,30,0.85,7,65,263,2026,1,-225,1
221,2,358,69,20,30,0.85,7,66,263,2003,1,-225,1
222,2,359,68,18,30,0.84,7,67,263,1981,1,-225,1
223,2,359,68,19,30,0.85,7,68,263,1958,1,-225,1
224,2,358,67,20,30,0.85,7,69,264,1936,1,-225,1
225,2,358,65,19,31,0.85,7,70,264,1913,1,-225,1
226,2,358,64,20,31,0.84,7,71,264,1890,1,-225,1
227,2,358,64,20,30,0.84,7,72,264,1867,1,-225,1
228,2,358,64,20,30,0.84,7,73,264,1845,1,-225,1
229,2,358,64,20,28,0.84,7,74,264,1822,1,-225,1
230,2,358,64,18,28,0.82,7,75,265,1799,1,-225,1
231,2,358,64,17,28,0.81,7,76,265,1777,1,-225,1
232,2,358,63,18,28,0.79,7,77,265,1754,1,-225,1
233,2,357,63,18,27,0.81,7,78,265,1731,1,-225,1
234,2,357,62,17,27,0.79,7,79,266,1709,1,-225,1
235,2,357,62,15,27,0.79,7,80,266,1686,1,-225,1
236,2,357,62,15,26,0.78,7,81,266,1663,1,-225,1
237,2,357,62,14,26,0.79,7,82,266,1641,1,-225,1
238,2,357,61,14,26,0.77,7,83,266,1618,1,-225,1
239,2,357,62,14,25,0.77,7,84,267,1596,1,-225,1
240,2,357,60,14,26,0.75,7,85,267,1573,1,-225,1
241,2,357,60,14,26,0.74,7,86,267,1551,2,-225,1
242,2,357,61,14,24,0.75,7,87,267,1528,2,-225,1
243,2,357,61,14,24,0.73,7,88,268,1506,2,-225,1
244,2,357,60,14,24,0.72,7,89,268,1483,2,-225,1
245,2,357,60,14,23,0.72,7,90,268,1461,2,-225,1
246,2,357,59,14,24,0.73,7,91,268,1438,2,-225,1
247,2,357,59,14,24,0.73,7,92,269,1416,2,-225,1
248,2,358,58,13,24,0.75,7,93,269,1393,2,-225,1
249,2,358,58,13,24,0.75,7,94,269,1371,2,-225,1
250,2,358,58,13,23,0.74,7,95,269,1348,2,-225,1
251,2,358,58,13,22,0.75,7,96,270,1326,2,-225,1
252,2,358,58,12,22,0.71,7,97,270,1303,2,-225,1
253,2,358,58,12,22,0.72,7,98,270,1280,2,-225,1
254,2,359,58,12,22,0.67,7,99,270,1258,2,-225,1
255,2,360,58,12,20,0.61,7,100,271,1235,2,-225,1
256,2,360,57,12,20,0.68,7,101,271,1212,2,-225,1
257,2,360,56,12,21,0.67,7,102,271,1190,2,-225,1
258,2,361,56,12,21,0.62,7,103,272,1167,2,-225,1
259,2,360,56,13,21,0.62,7,104,272,1144,2,-225,1
260,2,360,56,13,20,0.58,7,105,273,1121,2,-225,1
261,2,362,56,12,20,0.51,7,106,273,1099,2,-225,1
262,2,362,56,12,20,0.57,7,107,274,1076,2,-225,1
263,2,362,56,12,20,0.51,7,108,274,1054,2,-225,1
264,2,363,55,12,20,0.42,7,109,275,1032,2,-225,1
265,2,363,56,12,19,0.40,7,110,275,1009,2,-225,1
266,2,363,54,12,20,0.55,7,111,276,987,2,-225,1
267,2,363,54,12,19,0.53,7,112,276,964,3,-225,1
268,2,363,54,12,19,0.51,7,113,277,941,3,-225,1
272,3,365,53,11,18,0.53,7,1,328,736,0,-200,1
273,3,365,53,12,18,0.59,7,2,328,716,24,-196,1
274,3,366,53,11,18,0.58,7,3,328,698,28,-187,1
275,3,366,52,12,18,0.64,7,4,329,678,29,-193,1
276,3,367,52,12,18,0.52,7,5,330,658,32,-193,1
277,3,367,52,12,18,0.52,7,6,332,642,31,-187,1
278,3,368,52,12,18,0.49,7,7,333,630,32,-176,1
279,3,369,52,10,17,0.22,7,8,335,605,31,-187,1
281,3,370,52,10,16,0.19,7,9,339,549,32,-207,1
283,3,370,52,10,16,0.11,7,10,343,502,31,-212,1
400,4,332,52,14,18,0.32,7,1,197,649,0,200,1
401,4,332,53,14,18,0.53,7,2,197,669,-0,207,1
402,4,332,53,13,18,0.47,7,3,197,692,-8,216,1
404,4,330,54,14,18,0.27,7,4,196,747,-18,246,1
405,4,330,54,13,18,0.28,7,5,195,779,-20,260,1
406,4,329,55,14,18,0.49,7,6,194,822,-20,289,1
407,4,328,56,14,18,0.44,7,7,193,877,-21,326,1
408,4,328,56,14,18,0.62,7,8,192,918,-21,337,1
409,4,328,56,14,18,0.61,7,9,190,950,-20,334,1
410,4,328,56,13,18,0.57,7,10,189,974,-19,325,1
411,4,328,57,13,17,0.54,7,11,188,992,-18,312,1
412,4,326,56,14,19,0.56,7,12,186,1020,-18,309,1
413,4,326,57,14,19,0.65,7,13,185,1055,-18,313,1
414,4,326,57,14,19,0.65,7,14,184,1083,-18,310,1
415,4,325,56,14,20,0.72,7,15,182,1105,-18,304,1
416,4,324,56,15,20,0.73,7,16,181,1124,-18,297,1
417,4,323,56,16,20,0.73,7,17,179,1140,-18,289,1
418,4,323,56,16,21,0.69,7,18,178,1162,-17,285,1
419,4,322,57,16,21,0.66,7,19,176,1189,-17,284,1
420,4,322,57,16,22,0.74,7,20,175,1221,-17,286,1
421,4,322,57,16,22,0.73,7,21,174,1248,-17,285,1
422,4,321,58,16,21,0.66,7,22,172,1271,-17,283,1
423,4,321,57,16,22,0.58,7,23,171,1291,-16,279,1
424,4,321,56,16,22,0.62,7,24,169,1302,-16,272,1
425,4,320,58,15,21,0.64,7,25,168,1318,-16,268,1
426,4,320,59,15,20,0.69,7,26,167,1332,-16,263,1
427,4,320,58,15,22,0.69,7,27,165,1350,-16,260,1
428,4,319,59,16,22,0.74,7,28,164,1371,-16,258,1
429,4,319,59,15,22,0.73,7,29,163,1390,-15,256,1
430,4,318,59,15,22,0.77,7,30,161,1407,-15,253,1
431,4,318,59,15,22,0.77,7,31,160,1422,-15,249,1
432,4,317,60,16,22,0.79,7,32,159,1440,-15,247,1
433,4,317,59,16,24,0.80,7,33,158,1461,-15,246,1
434,4,317,60,15,23,0.79,7,34,156,1480,-15,245,1
435,4,316,60,16,22,0.79,7,35,155,1493,-15,241,1
436,4,316,60,16,22,0.79,7,36,154,1505,-15,238,1
437,4,316,60,16,24,0.78,7,37,153,1524,-14,236,1
438,4,314,60,16,24,0.79,7,38,152,1540,-14,235,1
439,4,314,60,16,24,0.78,7,39,150,1556,-14,233,1
440,4,314,61,16,24,0.78,7,40,149,1573,-14,231,1
441,4,314,61,16,24,0.78,7,41,148,1589,-14,229,1
442,4,312,61,17,24,0.78,7,42,147,1604,-14,227,1
443,4,312,62,17,24,0.78,7,43,146,1620,-14,226,1
444,4,313,62,16,25,0.78,7,44,145,1639,-14,225,1
445,4,312,62,16,26,0.79,7,45,144,1659,-14,224,1
446,4,311,62,17,26,0.80,7,46,143,1677,-13,224,1
447,4,310,62,17,26,0.80,7,47,142,1694,-13,222,1
448,4,310,62,17,27,0.82,7,48,141,1713,-13,222,1
449,4,310,62,16,27,0.82,7,49,140,1729,-13,221,1
450,4,309,64,16,26,0.82,7,50,139,1748,-13,220,1
451,4,309,64,17,26,0.81,7,51,138,1765,-13,219,1
451,5,480,416,84,114,0.91,2,1,255,3484,0,-200,1
452,4,308,62,18,28,0.82,7,52,137,1780,-13,218,1
452,5,462,366,72,94,0.91,2,2,255,3446,5,-373,1
453,4,308,63,18,28,0.82,7,53,136,1797,-13,217,1
453,5,454,340,62,84,0.90,2,3,255,3418,6,-325,1
454,4,307,63,18,29,0.82,7,54,135,1815,-13,216,1
454,5,441,308,54,72,0.89,2,4,255,3385,3,-329,1
455,4,306,63,18,29,0.81,7,55,134,1832,-12,215,1
455,5,432,290,52,66,0.90,2,5,255,3355,2,-319,1
456,4,306,63,18,30,0.83,7,56,133,1849,-12,214,1
456,5,428,266,44,59,0.90,2,6,255,3323,3,-321,1
457,4,306,63,19,30,0.83,7,57,132,1866,-12,213,1
457,5,424,253,40,54,0.90,2,7,255,3292,4,-317,1
458,4,305,64,18,30,0.83,7,58,131,1883,-12,213,1
458,5,416,234,38,50,0.89,2,8,255,3260,4,-319,1
459,4,305,64,18,30,0.82,7,59,130,1899,-12,212,1
459,5,410,225,38,47,0.90,2,9,255,3230,3,-316,1
460,4,304,63,20,32,0.82,7,60,129,1916,-12,211,1
460,5,407,211,34,44,0.90,2,10,256,3198,3,-316,1
461,4,304,65,19,31,0.81,7,61,129,1934,-12,211,1
461,5,403,203,32,42,0.90,2,11,256,3168,3,-315,1
462,4,302,65,20,32,0.83,7,62,128,1953,-12,210,1
462,5,400,193,30,38,0.87,2,12,256,3136,3,-315,1
463,4,302,65,19,32,0.84,7,63,127,1970,-12,210,1
463,5,398,186,28,36,0.88,2,13,256,3105,3,-315,1
464,4,302,66,19,32,0.84,7,64,126,1988,-12,209,1
464,5,396,177,26,35,0.87,2,14,256,3074,3,-315,1
465,4,301,66,20,32,0.85,7,65,126,2004,-11,209,1
465,5,393,172,28,33,0.88,2,15,256,3043,3,-314,1
466,4,302,66,19,32,0.85,7,66,125,2020,-11,208,1
466,5,388,164,28,32,0.89,2,16,257,3012,3,-314,1
467,4,302,66,18,32,0.84,7,67,124,2034,-11,207,1
467,5,386,162,24,28,0.87,2,17,257,2981,2,-314,1
468,4,300,66,19,34,0.83,7,68,123,2051,-11,206,1
468,5,384,154,24,30,0.86,2,18,257,2950,2,-313,1
469,4,300,67,19,34,0.83,7,69,123,2069,-11,206,1
469,5,384,150,22,28,0.86,2,19,257,2919,2,-313,1
470,4,299,68,20,34,0.83,7,70,122,2086,-11,205,1
470,5,382,145,20,26,0.86,2,20,257,2888,2,-313,1
471,4,298,69,20,34,0.84,7,71,121,2104,-11,205,1
471,5,381,141,20,26,0.86,2,21,257,2856,2,-313,1
472,4,297,69,20,35,0.85,7,72,121,2123,-11,205,1
472,5,378,138,22,25,0.85,2,22,258,2826,2,-313,1
473,4,297,69,20,36,0.85,7,73,120,2141,-11,204,1
473,5,378,134,20,24,0.85,2,23,258,2795,2,-313,1
474,4,296,70,20,36,0.84,7,74,119,2160,-11,204,1
474,5,376,130,20,24,0.86,2,24,258,2764,2,-313,1
475,4,296,70,20,36,0.84,7,75,119,2178,-10,204,1
475,5,374,128,20,22,0.85,2,25,258,2733,2,-312,1
476,4,296,71,20,36,0.84,7,76,118,2195,-10,203,1
476,5,374,124,18,22,0.86,2,26,258,2701,2,-312,1
477,4,296,72,20,36,0.84,7,77,118,2213,-10,203,1
477,5,372,122,18,22,0.84,2,27,258,2671,2,-312,1
478,4,295,71,20,38,0.85,7,78,117,2231,-10,203,1
478,5,372,119,18,21,0.86,2,28,258,2640,2,-312,1
479,4,294,71,22,39,0.87,7,79,117,2249,-10,203,1
479,5,371,117,18,20,0.85,2,29,258,2609,2,-312,1
480,4,293,71,22,40,0.87,7,80,116,2267,-10,202,1
480,5,369,114,18,20,0.85,2,30,258,2578,1,-312,1
481,4,293,72,22,40,0.87,7,81,116,2285,-10,202,1
481,5,368,112,18,20,0.86,2,31,258,2547,1,-312,1
482,4,292,73,22,40,0.85,7,82,115,2303,-10,202,1
482,5,367,110,18,19,0.85,2,32,259,2516,1,-312,1
483,4,292,73,22,40,0.85,7,83,115,2320,-10,201,1
483,5,367,108,16,19,0.84,2,33,259,2485,1,-312,1
484,4,290,73,23,42,0.86,7,84,114,2339,-9,201,1
484,5,366,106,16,18,0.85,2,34,259,2454,1,-312,1
485,4,289,74,24,40,0.87,7,85,114,2354,-9,201,1
485,5,366,104,16,18,0.85,2,35,259,2423,1,-312,1
486,4,290,74,23,42,0.86,7,86,113,2371,-9,200,1
486,5,366,102,14,18,0.84,2,36,259,2392,1,-311,1
487,4,289,74,24,43,0.87,7,87,113,2388,-9,200,1
487,5,365,101,14,17,0.85,2,37,259,2361,1,-311,1
488,4,288,75,24,44,0.87,7,88,113,2406,-9,200,1
488,5,364,100,15,16,0.85,2,38,259,2330,1,-311,1
489,4,288,76,24,44,0.87,7,89,112,2424,-9,199,1
489,5,364,99,15,16,0.84,2,39,259,2299,1,-311,1
490,4,287,77,24,44,0.88,7,90,112,2442,-9,199,1
490,5,363,97,14,16,0.82,2,40,259,2269,1,-311,1
491,4,286,77,25,44,0.88,7,91,112,2458,-9,199,1
491,5,363,95,14,16,0.83,2,41,259,2238,1,-311,1
492,4,286,79,24,44,0.88,7,92,111,2475,-9,198,1
492,5,362,95,14,14,0.83,2,42,259,2207,1,-311,1
493,4,286,79,25,44,0.88,7,93,111,2491,-9,198,1
493,5,362,93,13,15,0.84,2,43,259,2176,1,-311,1
494,4,284,80,26,46,0.88,7,94,111,2509,-9,198,1
494,5,361,92,14,14,0.83,2,44,259,2145,1,-311,1
495,4,284,80,26,46,0.88,7,95,110,2526,-8,197,1
495,5,361,90,14,15,0.82,2,45,259,2114,1,-311,1
496,4,284,81,26,48,0.89,7,96,110,2543,-8,197,1
496,5,360,89,13,15,0.81,2,46,260,2083,1,-311,1
497,4,284,81,26,49,0.88,7,97,110,2561,-8,197,1
497,5,360,88,12,15,0.81,2,47,260,2053,1,-311,1
498,4,283,82,26,50,0.89,7,98,109,2579,-8,197,1
498,5,360,86,12,15,0.83,2,48,260,2022,1,-311,1
499,4,283,82,26,50,0.88,7,99,109,2596,-8,197,1
499,5,360,86,12,14,0.82,2,49,260,1991,1,-311,1
500,4,282,83,27,52,0.88,7,100,109,2614,-8,196,1
500,5,360,85,12,14,0.82,2,50,260,1960,1,-311,1
501,4,282,83,27,52,0.89,7,101,109,2631,-8,196,1
501,5,360,85,12,14,0.82,2,51,260,1930,1,-310,1
501,6,327,70,10,12,0.51,2,1,173,1391,0,200,1
502,4,280,85,28,52,0.88,7,102,109,2648,-8,196,1
502,5,359,83,12,14,0.79,2,52,260,1899,1,-310,1
502,6,326,69,10,14,0.55,2,2,173,1412,-27,209,1
503,4,280,85,28,54,0.88,7,103,108,2665,-8,196,1
503,5,359,82,12,14,0.77,2,53,260,1868,1,-310,1
503,6,326,71,10,12,0.36,2,3,173,1433,-17,212,1
504,4,279,86,28,54,0.88,7,104,108,2682,-8,195,1
504,5,360,82,11,13,0.71,2,54,260,1838,1,-310,1
504,6,325,75,10,10,0.25,2,4,172,1472,-18,269,1
505,4,278,86,29,56,0.87,7,105,108,2699,-7,195,1
505,5,359,80,11,13,0.75,2,55,260,1807,1,-310,1
505,6,325,75,10,10,0.30,2,5,172,1506,-15,288,1
506,4,276,87,30,57,0.88,7,106,108,2716,-7,195,1
506,5,360,80,10,12,0.76,2,56,261,1776,1,-310,1
506,6,324,74,10,12,0.36,2,6,171,1545,-15,308,1
507,4,276,88,30,56,0.87,7,107,108,2732,-7,195,1
507,5,359,79,10,13,0.71,2,57,261,1745,1,-310,1
507,6,324,75,10,12,0.28,2,7,171,1585,-14,324,1
508,4,275,88,30,58,0.86,7,108,108,2749,-7,194,1
508,5,359,78,10,13,0.74,2,58,261,1714,1,-310,1
508,6,324,74,10,14,0.15,2,8,170,1626,-12,336,1
509,4,274,88,30,60,0.88,7,109,108,2765,-7,194,1
509,5,359,78,10,13,0.74,2,59,261,1684,1,-310,1
509,6,323,76,10,12,0.30,2,9,169,1654,-12,329,1
510,4,273,90,31,60,0.87,7,110,107,2782,-7,194,1
510,5,359,77,10,12,0.58,2,60,261,1653,1,-310,1
510,6,322,76,10,13,0.55,2,10,169,1685,-12,326,1
511,4,272,90,32,62,0.87,7,111,107,2798,-7,193,1
511,5,359,77,10,12,0.60,2,61,261,1622,1,-310,1
511,6,322,76,10,14,0.55,2,11,168,1716,-12,325,1
512,4,271,92,32,63,0.88,7,112,107,2815,-7,193,1
512,5,359,76,10,12,0.65,2,62,262,1592,1,-310,1
512,6,322,76,11,14,0.60,2,12,167,1740,-11,317,1
513,4,270,94,32,62,0.88,7,113,107,2831,-7,193,1
513,5,359,76,10,12,0.65,2,63,262,1561,2,-310,1
513,6,322,76,10,14,0.61,2,13,166,1758,-10,306,1
514,4,270,96,32,64,0.87,7,114,107,2848,-7,193,1
514,5,359,75,10,10,0.57,2,64,262,1530,2,-310,1
514,6,321,80,10,12,0.65,2,14,166,1787,-10,305,1
515,4,269,97,33,65,0.88,7,115,107,2864,-7,192,1
515,5,359,75,10,10,0.58,2,65,262,1499,2,-310,1
515,6,320,80,11,12,0.65,2,15,165,1810,-10,299,1
516,4,267,98,34,66,0.89,7,116,107,2880,-7,192,1
516,5,359,74,10,11,0.52,2,66,263,1469,2,-310,1
516,6,320,80,11,14,0.67,2,16,164,1841,-10,300,1
517,4,266,97,35,70,0.89,7,117,107,2897,-6,192,1
517,5,359,74,10,11,0.53,2,67,263,1438,2,-310,1
517,6,320,81,11,13,0.61,2,17,164,1865,-9,296,1
518,4,265,98,36,72,0.88,7,118,107,2914,-6,192,1
518,5,360,72,9,12,0.61,2,68,263,1408,2,-310,1
518,6,319,80,12,14,0.69,2,18,163,1885,-9,291,1
519,4,262,98,38,74,0.88,7,119,107,2930,-6,191,1
519,5,360,72,9,12,0.61,2,69,264,1377,2,-309,1
519,6,319,82,12,14,0.66,2,19,162,1912,-9,290,1
520,4,261,100,38,76,0.89,7,120,107,2947,-6,191,1
520,5,359,72,10,11,0.41,2,70,264,1347,2,-309,1
520,6,318,82,12,15,0.69,2,20,162,1939,-9,289,1
521,4,259,100,40,77,0.89,7,121,107,2963,-6,191,1
521,5,360,72,9,10,0.33,2,71,264,1316,2,-309,1
521,6,318,82,12,16,0.67,2,21,161,1966,-8,288,1
522,4,258,101,40,81,0.88,7,122,107,2980,-6,191,1
522,5,360,72,9,10,0.17,2,72,265,1286,2,-309,1
522,6,318,85,12,14,0.71,2,22,161,1993,-8,287,1
523,4,258,103,40,82,0.88,7,123,106,2997,-6,191,1
523,5,360,72,9,10,0.17,2,73,265,1256,2,-309,1
523,6,317,84,13,15,0.75,2,23,160,2016,-8,284,1
524,4,256,104,42,84,0.89,7,124,106,3013,-6,190,1
524,5,361,71,8,9,0.19,2,74,265,1225,2,-309,1
524,6,317,86,12,15,0.78,2,24,160,2043,-7,283,1
525,4,254,104,42,85,0.89,7,125,106,3029,-6,190,1
525,6,317,86,12,15,0.76,2,25,159,2066,-7,281,1
526,4,252,106,44,88,0.90,7,126,106,3045,-6,190,1
526,6,316,87,13,16,0.78,2,26,159,2092,-7,280,1
527,4,250,109,45,88,0.90,7,127,106,3061,-6,190,1
527,6,316,88,13,16,0.79,2,27,158,2118,-7,279,1
528,4,248,112,46,91,0.91,7,128,106,3078,-6,189,1
528,6,316,90,12,16,0.74,2,28,158,2146,-7,280,1
529,4,246,112,48,94,0.91,7,129,106,3094,-6,189,1
529,6,316,90,13,16,0.78,2,29,157,2171,-6,278,1
530,4,244,113,49,99,0.91,7,130,106,3110,-6,189,1
530,6,314,91,14,16,0.81,2,30,157,2195,-6,277,1
531,4,242,114,50,102,0.91,7,131,106,3126,-5,189,1
531,6,315,92,14,16,0.83,2,31,157,2218,-6,276,1
532,4,239,116,52,105,0.90,7,132,106,3142,-5,188,1
532,6,314,92,14,17,0.83,2,32,157,2241,-6,274,1
533,4,237,120,54,106,0.90,7,133,106,3159,-5,188,1
533,6,314,93,14,18,0.82,2,33,156,2266,-6,273,1
534,4,232,120,57,112,0.90,7,134,106,3175,-5,188,1
534,6,313,93,15,20,0.81,2,34,156,2292,-5,273,1
535,4,230,121,58,116,0.91,7,135,106,3191,-5,188,1
535,6,312,96,15,18,0.82,2,35,156,2317,-5,272,1
536,4,227,127,60,116,0.91,7,136,106,3207,-5,187,1
536,6,313,97,14,18,0.82,2,36,156,2341,-5,271,1
537,4,225,131,62,118,0.92,7,137,106,3222,-5,187,1
537,6,312,98,14,18,0.82,2,37,155,2364,-5,270,1
538,4,221,131,64,126,0.92,7,138,106,3238,-5,187,1
538,6,310,98,15,20,0.84,2,38,155,2389,-5,270,1
539,4,218,130,66,133,0.92,7,139,106,3254,-5,187,1
539,6,310,99,15,20,0.84,2,39,155,2412,-5,269,1
540,4,215,134,68,140,0.91,7,140,106,3270,-5,187,1
540,6,310,102,14,19,0.82,2,40,155,2436,-5,268,1
541,4,210,136,72,144,0.92,7,141,106,3286,-5,186,1
541,6,310,103,14,20,0.82,2,41,155,2460,-5,267,1
542,4,204,138,76,153,0.92,7,142,106,3302,-5,186,1
542,6,310,104,14,21,0.83,2,42,154,2485,-4,267,1
543,4,200,140,80,160,0.92,7,143,106,3318,-5,186,1
543,6,309,106,14,21,0.85,2,43,154,2510,-4,266,1
544,4,193,143,85,168,0.93,7,144,106,3334,-5,186,1
544,6,308,107,16,22,0.84,2,44,154,2534,-4,266,1
545,4,188,146,89,174,0.92,7,145,106,3350,-5,185,1
545,6,308,109,16,22,0.85,2,45,154,2559,-4,265,1
546,4,181,149,94,186,0.92,7,146,106,3366,-5,185,1
546,6,307,111,16,22,0.84,2,46,154,2584,-4,265,1
547,4,175,151,98,194,0.92,7,147,106,3381,-5,185,1
547,6,306,113,17,22,0.85,2,47,154,2608,-4,265,1
548,6,305,114,18,24,0.85,2,48,154,2633,-4,264,1
549,6,305,116,18,24,0.87,2,49,154,2658,-4,264,1
550,6,304,118,18,24,0.85,2,50,154,2682,-3,263,1
550,7,149,161,117,238,0.94,7,1,137,3403,0,200,1
551,6,305,120,18,25,0.85,2,51,154,2706,-3,263,1
551,7,140,162,126,254,0.94,7,2,137,3418,8,149,1
552,6,304,124,18,25,0.87,2,52,154,2732,-3,263,1
552,7,124,174,141,265,0.89,7,3,137,3434,4,154,1
553,6,304,125,18,28,0.87,2,53,154,2758,-3,263,1
553,7,106,179,155,291,0.92,7,4,138,3453,2,166,1
554,6,303,125,18,30,0.87,2,54,154,2784,-3,263,1
554,7,93,184,166,313,0.91,7,5,138,3470,3,166,1
555,6,302,130,20,28,0.87,2,55,154,2808,-3,262,1
555,7,76,185,178,339,0.92,7,6,138,3485,2,163,1
556,6,302,134,20,28,0.87,2,56,154,2834,-3,262,1
556,7,49,191,204,343,0.91,7,7,138,3495,-1,153,1
557,6,301,135,20,30,0.87,2,57,154,2858,-2,262,1
557,7,30,193,222,338,0.90,7,8,138,3501,-4,139,1
558,6,300,140,21,31,0.87,2,58,154,2884,-2,262,1
559,6,298,144,23,31,0.87,2,59,154,2910,-2,262,1
560,6,298,148,23,32,0.83,2,60,155,2936,-2,262,1
560,8,430,200,172,271,0.93,7,1,260,3452,0,-200,1
561,6,298,151,22,34,0.84,2,61,155,2962,-2,262,1
561,8,426,192,160,251,0.93,7,2,260,3434,6,-182,1
562,6,293,152,26,36,0.85,2,62,155,2987,-2,261,1
562,8,420,185,144,226,0.92,7,3,260,3412,1,-200,1
563,6,292,152,27,42,0.87,2,63,155,3012,-2,261,1
563,8,417,182,134,210,0.91,7,4,260,3394,0,-196,1
564,6,291,156,28,44,0.88,2,64,156,3037,-1,261,1
564,8,414,176,120,188,0.92,7,5,260,3371,1,-203,1
565,6,291,166,26,40,0.89,2,65,156,3061,-1,261,1
565,8,412,169,114,180,0.92,7,6,260,3351,2,-203,1
566,6,289,169,28,45,0.87,2,66,156,3086,-1,261,1
566,8,410,163,100,165,0.92,7,7,261,3329,1,-206,1
567,6,288,177,28,42,0.88,2,67,156,3111,-1,260,1
567,8,409,159,96,156,0.93,7,8,261,3308,2,-206,1
568,6,286,183,30,46,0.87,2,68,157,3136,-1,260,1
568,8,404,154,90,144,0.92,7,9,261,3286,2,-208,1
569,6,284,183,31,53,0.88,2,69,157,3161,-1,260,1
569,8,402,150,88,139,0.92,7,10,261,3265,2,-208,1
570,6,279,190,35,58,0.87,2,70,157,3186,-1,260,1
570,8,400,145,80,130,0.91,7,11,261,3244,2,-209,1
571,6,278,200,34,56,0.88,2,71,157,3211,-1,260,1
571,8,398,141,76,125,0.92,7,12,261,3223,2,-209,1
572,6,274,208,37,63,0.87,2,72,158,3236,-1,260,1
572,8,395,136,74,120,0.92,7,13,261,3202,2,-209,1
573,6,272,210,38,71,0.87,2,73,158,3262,-1,260,1
573,8,394,135,72,113,0.92,7,14,262,3181,2,-209,1
574,6,267,221,42,77,0.88,2,74,158,3287,-1,260,1
574,8,392,131,68,108,0.91,7,15,262,3160,2,-209,1
575,6,266,228,44,82,0.90,2,75,158,3312,-1,259,1
575,8,390,130,68,103,0.91,7,16,262,3139,2,-209,1
576,6,261,236,48,96,0.88,2,76,159,3337,-1,259,1
576,8,390,126,60,98,0.91,7,17,262,3118,2,-209,1
577,6,254,255,52,103,0.79,2,77,159,3363,-1,259,1
577,8,388,124,56,92,0.91,7,18,262,3096,2,-210,1
578,6,249,270,54,108,0.79,2,78,159,3388,-1,259,1
578,8,386,124,56,86,0.92,7,19,262,3074,2,-210,1
579,6,246,277,56,123,0.77,2,79,159,3413,-1,259,1
579,8,387,124,52,82,0.92,7,20,263,3053,2,-210,1
580,6,237,306,62,135,0.90,2,80,159,3439,-1,259,1
580,8,384,122,52,78,0.90,7,21,263,3031,2,-211,1
581,6,226,335,70,156,0.85,2,81,160,3465,-0,259,1
581,8,384,117,48,78,0.89,7,22,263,3010,2,-211,1
582,6,217,353,76,179,0.74,2,82,160,3490,-0,259,1
582,8,383,114,46,76,0.88,7,23,263,2988,2,-211,1
583,8,383,114,44,74,0.87,7,24,263,2968,2,-211,1
584,8,384,114,40,70,0.87,7,25,263,2948,2,-210,1
585,8,381,110,42,69,0.88,7,26,263,2927,2,-210,1
586,8,379,106,40,68,0.90,7,27,264,2906,2,-210,1
586,9,320,84,10,11,0.45,2,1,160,1874,0,200,1
587,8,378,105,40,66,0.89,7,28,264,2885,2,-210,1
587,9,320,84,10,10,0.53,2,2,160,1890,3,163,1
588,8,377,103,38,64,0.88,7,29,264,2864,2,-210,1
588,9,320,85,10,10,0.51,2,3,160,1899,2,123,1
589,8,376,102,38,62,0.89,7,30,264,2842,2,-210,1
589,9,319,85,10,12,0.55,2,4,160,1919,-3,149,1
590,8,375,99,36,62,0.89,7,31,264,2821,1,-210,1
590,9,319,87,10,12,0.40,2,5,160,1956,-2,205,1
591,8,374,98,36,60,0.90,7,32,264,2800,1,-210,1
591,9,319,89,10,10,0.52,2,6,160,1980,-1,212,1
592,8,374,97,34,58,0.89,7,33,264,2779,1,-210,1
592,9,319,90,10,11,0.48,2,7,160,2015,-0,234,1
593,8,374,95,32,58,0.89,7,34,264,2758,1,-210,1
593,9,317,89,12,12,0.61,2,8,160,2037,-1,233,1
594,8,373,94,32,56,0.89,7,35,264,2737,1,-210,1
594,9,317,92,12,12,0.48,2,9,160,2077,-1,253,1
595,8,372,90,32,58,0.90,7,36,264,2716,1,-210,1
595,9,317,93,12,12,0.59,2,10,160,2110,-0,262,1
596,8,372,91,30,54,0.89,7,37,265,2695,1,-210,1
596,9,317,94,12,12,0.55,2,11,160,2141,-0,266,1
597,8,372,90,30,54,0.89,7,38,265,2675,1,-210,1
597,9,316,95,12,12,0.60,2,12,160,2168,-0,267,1
598,8,370,90,30,51,0.88,7,39,265,2654,1,-210,1
598,9,316,96,12,12,0.73,2,13,160,2194,-0,267,1
599,8,370,89,28,50,0.89,7,40,265,2633,1,-210,1
599,9,316,96,12,13,0.70,2,14,160,2218,-0,265,1
600,8,369,88,28,49,0.88,7,41,265,2612,1,-210,1
600,9,314,97,13,14,0.67,2,15,160,2246,-0,266,1
601,8,370,87,26,48,0.89,7,42,265,2591,1,-210,1
601,9,314,98,12,14,0.67,2,16,160,2272,-1,265,1
602,8,369,86,26,47,0.89,7,43,265,2570,1,-210,1
602,9,314,100,12,14,0.47,2,17,159,2300,-1,266,1
603,8,368,86,27,46,0.90,7,44,265,2550,1,-210,1
603,9,314,101,13,14,0.22,2,18,159,2325,-1,265,1
604,8,368,85,26,45,0.89,7,45,265,2529,1,-210,1
604,9,312,103,13,14,0.49,2,19,159,2352,-1,265,1
605,8,367,84,26,45,0.88,7,46,265,2509,1,-210,1
605,9,312,105,13,14,0.59,2,20,159,2380,-1,266,1
605,10,400,408,68,95,0.92,2,1,228,3471,0,-200,1
606,8,367,84,25,42,0.87,7,47,265,2488,1,-210,1
606,9,312,108,13,14,0.64,2,21,159,2411,-1,269,1
606,10,393,368,58,80,0.91,2,2,228,3439,-4,-320,1
607,8,366,82,24,43,0.87,7,48,265,2467,1,-210,1
607,9,312,109,14,14,0.60,2,22,159,2439,-1,269,1
607,10,390,346,52,71,0.92,2,3,228,3414,-1,-282,1
608,8,366,82,23,41,0.86,7,49,265,2446,1,-210,1
608,9,312,110,13,14,0.73,2,23,159,2465,-1,268,1
608,10,385,317,50,62,0.89,2,4,228,3384,1,-288,1
609,8,366,81,23,41,0.87,7,50,265,2425,1,-210,1
609,9,311,112,14,14,0.75,2,24,159,2490,-1,268,1
609,10,382,300,46,57,0.89,2,5,228,3358,1,-280,1
610,8,366,81,22,40,0.85,7,51,265,2405,1,-210,1
610,9,310,113,14,16,0.66,2,25,159,2518,-1,268,1
610,10,379,278,40,52,0.89,2,6,228,3330,1,-282,1
611,8,366,81,21,38,0.85,7,52,265,2384,1,-210,1
611,9,310,115,14,16,0.67,2,26,159,2546,-0,269,1
611,10,376,265,42,48,0.88,2,7,228,3303,1,-279,1
612,8,365,80,22,38,0.85,7,53,265,2363,1,-209,1
612,9,310,117,14,16,0.45,2,27,159,2572,-0,268,1
612,10,372,247,40,46,0.88,2,8,228,3275,1,-280,1
613,8,365,80,21,36,0.85,7,54,265,2342,1,-210,1
613,9,308,118,15,17,0.73,2,28,159,2598,-0,268,1
613,10,370,238,38,42,0.87,2,9,228,3248,1,-278,1
614,8,365,79,20,36,0.84,7,55,265,2321,1,-210,1
614,9,308,121,16,18,0.82,2,29,159,2627,-0,269,1
614,10,367,223,36,40,0.87,2,10,228,3219,0,-279,1
615,8,365,78,20,36,0.83,7,56,265,2300,1,-209,1
615,9,307,123,16,18,0.84,2,30,159,2654,-0,269,1
615,10,366,217,32,36,0.87,2,11,228,3192,-0,-279,1
616,8,364,77,21,36,0.81,7,57,266,2279,1,-209,1
616,9,306,126,16,18,0.83,2,31,159,2681,-0,269,1
616,10,364,204,31,36,0.85,2,12,228,3163,-0,-279,1
617,8,364,76,20,36,0.82,7,58,266,2259,1,-209,1
617,9,306,129,17,18,0.83,2,32,159,2709,-0,269,1
617,10,364,198,30,34,0.85,2,13,228,3136,-0,-279,1
618,8,363,76,20,34,0.82,7,59,266,2238,1,-209,1
618,9,305,133,18,18,0.82,2,33,159,2737,0,270,1
618,10,360,191,32,30,0.84,2,14,228,3108,-0,-279,1
619,8,363,75,19,34,0.82,7,60,266,2217,1,-209,1
619,9,304,135,18,19,0.83,2,34,159,2765,0,270,1
619,10,360,183,28,31,0.86,2,15,228,3080,-1,-279,1
620,8,362,74,19,34,0.81,7,61,266,2196,1,-209,1
620,9,304,139,18,20,0.82,2,35,159,2794,0,271,1
620,10,359,177,26,28,0.86,2,16,228,3052,-1,-279,1
621,8,363,74,18,33,0.82,7,62,266,2175,1,-209,1
621,9,303,142,18,20,0.83,2,36,159,2822,0,271,1
621,10,359,172,24,28,0.87,2,17,228,3024,-1,-279,1
622,8,362,72,19,34,0.82,7,63,266,2154,1,-209,1
622,9,302,146,18,20,0.83,2,37,159,2850,0,271,1
622,10,358,165,22,26,0.88,2,18,228,2996,-1,-279,1
623,8,362,72,18,33,0.82,7,64,266,2133,1,-209,1
623,9,302,149,19,20,0.82,2,38,159,2877,0,271,1
623,10,356,162,23,24,0.82,2,19,228,2968,-1,-279,1
624,8,362,71,18,33,0.82,7,65,266,2112,1,-209,1
624,9,299,153,22,23,0.79,2,39,160,2906,1,271,1
624,10,355,156,22,24,0.86,2,20,227,2940,-1,-279,1
625,8,362,71,19,32,0.83,7,66,266,2091,1,-210,1
625,9,298,156,23,27,0.79,2,40,160,2936,1,272,1
625,10,354,153,24,23,0.83,2,21,227,2912,-1,-279,1
626,8,361,70,20,32,0.84,7,67,266,2069,1,-210,1
626,9,298,163,22,24,0.84,2,41,160,2965,1,273,1
626,10,354,148,22,22,0.84,2,22,227,2884,-1,-279,1
627,8,361,70,19,31,0.84,7,68,267,2048,1,-210,1
627,9,295,165,22,24,0.84,2,42,160,2990,1,272,1
627,10,353,144,22,22,0.83,2,23,227,2856,-1,-279,1
628,8,361,69,20,32,0.84,7,69,267,2028,1,-210,1
628,9,294,172,24,27,0.85,2,43,160,3019,1,273,1
628,10,352,140,22,22,0.85,2,24,227,2828,-1,-279,1
629,8,360,69,20,30,0.84,7,70,267,2006,1,-210,1
629,9,293,177,24,26,0.86,2,44,161,3045,1,272,1
629,10,352,136,21,22,0.84,2,25,227,2800,-1,-279,1
630,8,360,68,19,30,0.84,7,71,267,1985,1,-210,1
630,9,292,182,24,30,0.85,2,45,161,3073,1,272,1
630,10,352,132,20,22,0.87,2,26,227,2772,-1,-279,1
631,8,360,68,20,30,0.84,7,72,267,1964,1,-210,1
631,9,291,192,25,27,0.84,2,46,161,3100,1,272,1
631,10,352,130,20,21,0.86,2,27,226,2744,-1,-279,1
632,8,360,67,18,30,0.84,7,73,267,1943,1,-210,1
632,9,289,198,26,32,0.87,2,47,161,3129,1,273,1
632,10,352,128,19,19,0.85,2,28,226,2716,-1,-280,1
633,8,361,67,18,30,0.84,7,74,267,1922,1,-210,1
633,9,288,204,26,32,0.86,2,48,161,3155,1,273,1
633,10,351,127,18,18,0.85,2,29,226,2688,-1,-279,1
634,8,360,66,19,30,0.83,7,75,268,1901,1,-210,1
634,9,282,214,30,37,0.87,2,49,162,3184,1,273,1
634,10,350,123,18,18,0.86,2,30,226,2660,-1,-280,1
635,8,360,68,18,28,0.83,7,76,268,1880,1,-210,1
635,9,282,220,30,40,0.89,2,50,162,3211,1,273,1
635,10,350,120,18,19,0.86,2,31,226,2632,-1,-280,1
636,8,360,67,18,27,0.82,7,77,268,1859,1,-210,1
636,9,278,234,32,42,0.88,2,51,162,3239,1,273,1
636,10,349,118,19,18,0.86,2,32,226,2604,-1,-280,1
637,8,360,66,18,28,0.82,7,78,268,1838,1,-210,1
637,9,275,240,34,48,0.86,2,52,162,3267,1,273,1
637,10,349,116,18,18,0.86,2,33,226,2576,-1,-279,1
638,8,360,66,18,26,0.83,7,79,268,1817,1,-210,1
638,9,271,260,36,49,0.87,2,53,163,3295,1,273,1
638,10,348,113,18,18,0.84,2,34,226,2548,-1,-279,1
639,8,360,66,17,26,0.83,7,80,269,1796,1,-210,1
639,9,268,272,36,52,0.88,2,54,163,3322,1,273,1
639,10,349,113,16,16,0.82,2,35,226,2520,-1,-279,1
640,8,360,66,16,26,0.83,7,81,269,1775,1,-210,1
640,9,262,291,39,60,0.88,2,55,163,3351,1,273,1
640,10,349,112,16,14,0.82,2,36,226,2492,-1,-279,1
641,8,360,65,16,26,0.82,7,82,269,1754,1,-210,1
641,9,257,306,42,67,0.90,2,56,163,3378,1,273,1
641,10,348,108,16,16,0.86,2,37,226,2464,-1,-280,1
641,11,398,405,68,102,0.91,2,1,227,3473,0,-200,1
642,8,360,64,17,26,0.82,7,83,269,1732,1,-210,1
642,9,248,332,48,79,0.91,2,57,164,3406,1,274,1
642,10,347,106,16,16,0.82,2,38,226,2436,-1,-280,1
642,11,393,360,58,83,0.90,2,2,227,3436,9,-373,1
643,8,360,64,16,26,0.82,7,84,269,1712,1,-210,1
643,9,242,353,50,90,0.91,2,58,164,3434,1,274,1
643,10,347,104,16,16,0.83,2,39,225,2408,-1,-280,1
643,11,389,334,60,75,0.87,2,3,227,3407,14,-327,1
644,8,360,64,15,25,0.81,7,85,270,1690,1,-210,1
644,9,231,393,56,106,0.92,2,59,164,3463,1,274,1
644,10,347,102,15,16,0.83,2,40,225,2380,-1,-280,1
644,11,384,304,48,63,0.88,2,4,227,3373,8,-334,1
645,8,359,64,15,26,0.81,7,86,270,1670,1,-210,1
645,10,348,102,15,15,0.84,2,41,225,2352,-1,-280,1
645,11,380,286,42,58,0.88,2,5,228,3343,3,-325,1
646,8,359,64,14,24,0.80,7,87,270,1649,1,-210,1
646,10,347,101,14,14,0.83,2,42,225,2324,-1,-280,1
646,11,376,262,40,53,0.88,2,6,228,3309,2,-326,1
647,8,358,64,14,24,0.80,7,88,270,1628,1,-210,1
647,10,346,100,14,14,0.82,2,43,225,2296,-1,-280,1
647,11,374,249,38,49,0.88,2,7,228,3279,2,-323,1
648,8,358,64,13,23,0.80,7,89,271,1607,1,-210,1
648,10,346,98,14,14,0.79,2,44,225,2268,-1,-280,1
648,11,371,234,36,42,0.87,2,8,228,3245,2,-325,1
649,8,359,64,13,23,0.78,7,90,271,1586,1,-210,1
649,10,346,97,14,14,0.77,2,45,225,2240,-1,-280,1
649,11,370,224,34,39,0.86,2,9,228,3214,2,-323,1
650,8,359,62,12,24,0.75,7,91,271,1565,1,-210,1
650,10,346,97,13,12,0.72,2,46,225,2212,-1,-280,1
650,11,367,209,30,38,0.85,2,10,228,3181,1,-324,1
651,8,359,62,12,24,0.75,7,92,271,1545,1,-210,1
651,10,347,96,12,12,0.76,2,47,225,2185,-1,-280,1
651,11,367,199,28,38,0.84,2,11,228,3149,1,-323,1
652,8,359,62,12,23,0.76,7,93,272,1524,1,-210,1
652,10,347,94,12,12,0.74,2,48,225,2157,-1,-280,1
652,11,365,194,29,30,0.85,2,12,228,3117,1,-323,1
653,8,359,62,12,23,0.76,7,94,272,1503,1,-210,1
653,10,347,94,12,12,0.73,2,49,225,2129,-1,-280,1
653,11,364,184,26,32,0.86,2,13,228,3085,1,-323,1
654,8,358,62,12,22,0.77,7,95,272,1482,1,-210,1
654,10,346,92,12,12,0.72,2,50,225,2101,-1,-279,1
654,11,362,176,26,29,0.86,2,14,228,3052,1,-323,1
655,8,358,63,12,21,0.72,7,96,272,1461,1,-210,1
655,10,347,92,12,12,0.63,2,51,225,2073,-1,-279,1
655,11,361,171,25,28,0.86,2,15,229,3020,1,-323,1
656,8,358,63,12,20,0.70,7,97,272,1440,1,-210,1
656,10,346,90,11,12,0.56,2,52,225,2046,-1,-279,1
656,11,359,163,24,26,0.86,2,16,229,2987,1,-323,1
657,8,358,63,12,20,0.70,7,98,273,1419,1,-210,1
657,10,346,89,11,12,0.57,2,53,225,2018,-1,-279,1
657,11,358,158,24,28,0.85,2,17,229,2956,1,-323,1
658,8,358,62,12,20,0.65,7,99,273,1398,2,-210,1
658,10,346,89,11,10,0.54,2,54,225,1990,-1,-279,1
658,11,358,153,25,26,0.84,2,18,229,2924,1,-322,1
658,12,435,236,192,295,0.95,7,1,257,3484,0,-200,1
659,8,358,62,12,20,0.57,7,100,273,1377,2,-210,1
659,10,346,88,10,11,0.55,2,55,225,1962,-1,-279,1
659,11,358,148,22,25,0.86,2,19,229,2892,1,-322,1
659,12,431,229,168,290,0.95,7,2,257,3477,-33,-68,1
660,8,358,62,12,20,0.60,7,101,273,1357,2,-210,1
660,10,347,86,10,11,0.51,2,56,225,1934,-1,-279,1
660,11,356,144,22,23,0.82,2,20,229,2860,1,-322,1
660,12,428,216,144,245,0.93,7,3,257,3454,-15,-152,1
661,8,359,62,12,19,0.57,7,102,273,1336,2,-210,1
661,10,347,86,10,11,0.52,2,57,225,1907,-1,-279,1
661,11,356,140,20,22,0.85,2,21,229,2828,1,-322,1
661,12,424,207,132,234,0.94,7,4,256,3436,-11,-162,1
662,8,359,62,11,20,0.65,7,103,274,1315,2,-210,1
662,10,347,85,10,10,0.47,2,58,225,1879,-1,-279,1
662,11,354,135,20,22,0.85,2,22,229,2795,1,-322,1
662,12,419,195,118,212,0.92,7,5,256,3414,-9,-175,1
663,8,359,62,12,19,0.62,7,104,274,1295,2,-209,1
663,10,346,84,10,10,0.52,2,59,225,1851,-1,-279,1
663,11,355,133,19,22,0.85,2,23,229,2764,1,-322,1
663,12,415,191,112,197,0.92,7,6,256,3395,-7,-179,1
664,8,360,62,11,18,0.49,7,105,274,1274,2,-209,1
664,10,346,83,10,10,0.47,2,60,225,1823,-1,-279,1
664,11,354,130,18,20,0.85,2,24,229,2732,1,-322,1
664,12,411,184,100,176,0.92,7,7,255,3373,-6,-186,1
665,8,360,63,10,16,0.43,7,106,274,1253,2,-209,1
665,10,347,82,10,10,0.53,2,61,225,1795,-0,-279,1
665,11,353,125,18,20,0.84,2,25,229,2699,1,-322,1
665,12,408,175,92,164,0.93,7,8,255,3350,-5,-192,1
666,8,360,61,11,18,0.47,7,107,275,1232,2,-209,1
666,10,346,82,11,10,0.53,2,62,225,1767,-0,-279,1
666,11,353,123,16,19,0.85,2,26,229,2667,1,-322,1
666,12,408,173,84,152,0.92,7,9,255,3328,-3,-195,1
667,8,360,62,11,17,0.48,7,108,275,1211,2,-209,1
667,10,347,81,10,10,0.43,2,63,225,1739,-0,-279,1
667,11,352,120,17,20,0.85,2,27,229,2635,1,-322,1
667,12,405,168,82,144,0.92,7,10,255,3308,-2,-197,1
668,8,361,62,11,16,0.27,7,109,275,1190,2,-209,1
668,10,347,80,10,10,0.45,2,64,225,1711,-0,-279,1
668,11,352,118,16,18,0.84,2,28,229,2603,1,-322,1
668,12,402,161,76,134,0.92,7,11,255,3286,-2,-199,1
669,8,361,62,11,16,0.23,7,110,275,1169,2,-209,1
669,10,347,80,9,10,0.34,2,65,225,1683,-0,-279,1
669,11,352,116,16,18,0.86,2,29,229,2571,1,-322,1
669,12,400,158,72,128,0.92,7,12,255,3265,-1,-200,1
670,8,362,61,11,16,0.15,7,111,276,1148,2,-209,1
670,11,351,114,16,16,0.84,2,30,229,2539,1,-322,1
670,12,396,152,68,120,0.92,7,13,255,3243,-1,-201,1
671,8,361,59,12,18,0.24,7,112,276,1127,2,-209,1
671,10,347,79,10,9,0.23,2,66,225,1627,-0,-279,1
671,11,350,112,16,16,0.85,2,31,229,2507,1,-322,1
671,12,394,148,66,116,0.92,7,14,255,3222,-1,-202,1
672,8,362,60,12,17,0.18,7,113,276,1106,2,-209,1
672,10,348,79,10,9,0.15,2,67,225,1600,-0,-279,1
672,11,350,109,14,16,0.86,2,32,229,2475,0,-322,1
672,12,393,144,62,110,0.91,7,15,255,3201,-1,-203,1
673,8,361,60,12,16,0.19,7,114,277,1085,2,-209,1
673,10,348,79,10,9,0.13,2,68,225,1572,-0,-279,1
673,11,350,107,14,16,0.85,2,33,229,2443,0,-322,1
673,12,392,142,58,103,0.91,7,16,255,3180,-1,-203,1
674,10,347,77,10,10,0.25,2,69,225,1545,-0,-279,1
674,11,349,104,14,16,0.85,2,34,229,2410,0,-322,1
674,12,390,137,56,100,0.91,7,17,255,3158,-0,-204,1
675,10,347,77,9,8,0.19,2,70,225,1517,-0,-279,1
675,11,349,103,14,16,0.85,2,35,229,2378,0,-322,1
675,12,390,135,52,94,0.91,7,18,255,3137,-0,-205,1
676,11,348,101,14,16,0.86,2,36,229,2346,0,-322,1
676,12,388,132,50,89,0.91,7,19,256,3115,-0,-205,1
677,11,348,100,14,15,0.85,2,37,229,2314,0,-322,1
677,12,388,130,48,86,0.90,7,20,256,3094,0,-206,1
678,8,364,57,12,17,0.28,7,115,279,981,2,-209,1
678,10,349,75,8,8,0.17,2,71,226,1433,0,-279,1
678,11,348,98,14,14,0.82,2,38,229,2282,0,-322,1
678,12,385,127,46,83,0.89,7,21,256,3073,0,-206,1
679,8,364,57,12,17,0.28,7,116,279,960,2,-209,1
679,10,349,75,8,8,0.15,2,72,226,1406,0,-279,1
679,11,348,98,13,14,0.82,2,39,229,2250,0,-322,1
679,12,384,125,44,80,0.89,7,22,256,3052,0,-206,1
680,8,364,56,12,18,0.15,7,117,280,939,2,-209,1
680,11,348,96,13,14,0.85,2,40,229,2218,0,-322,1
680,12,383,120,44,78,0.90,7,23,256,3030,0,-207,1
681,11,347,94,13,14,0.84,2,41,229,2186,0,-321,1
681,12,382,119,40,76,0.89,7,24,256,3009,0,-207,1
682,11,347,92,12,14,0.83,2,42,229,2154,0,-322,1
682,12,381,116,40,72,0.89,7,25,257,2987,0,-207,1
683,11,347,91,12,14,0.80,2,43,229,2122,0,-321,1
683,12,381,114,38,73,0.90,7,26,257,2967,1,-207,1
684,10,350,72,9,9,0.20,2,73,227,1267,0,-279,1
684,11,346,90,12,13,0.79,2,44,229,2090,0,-321,1
684,12,380,112,36,69,0.89,7,27,257,2946,1,-207,1
685,10,350,72,9,8,0.12,2,74,227,1239,0,-279,1
685,11,346,88,12,14,0.77,2,45,229,2058,0,-321,1
685,12,378,110,36,65,0.89,7,28,257,2924,1,-208,1
686,10,350,71,9,8,0.17,2,75,227,1211,0,-279,1
686,11,346,87,12,14,0.77,2,46,229,2026,0,-321,1
686,12,376,108,36,64,0.90,7,29,257,2902,1,-208,1
687,11,346,86,11,12,0.74,2,47,229,1993,-0,-322,1
687,12,376,107,34,62,0.90,7,30,257,2881,1,-208,1
688,11,346,85,11,13,0.74,2,48,229,1961,-0,-322,1
688,12,375,105,34,60,0.89,7,31,257,2859,1,-209,1
689,11,346,84,11,13,0.73,2,49,229,1929,-0,-321,1
689,12,375,104,32,58,0.90,7,32,258,2838,1,-209,1
690,11,347,84,10,12,0.69,2,50,229,1897,-0,-321,1
690,12,373,102,32,57,0.90,7,33,258,2816,1,-209,1
691,11,347,82,10,12,0.67,2,51,229,1865,-0,-322,1
691,12,373,100,30,57,0.91,7,34,258,2795,1,-209,1
692,11,347,82,10,12,0.67,2,52,229,1833,0,-321,1
692,12,372,98,30,55,0.90,7,35,258,2773,1,-209,1
693,11,346,82,10,10,0.65,2,53,228,1800,0,-322,1
693,12,371,98,30,52,0.89,7,36,258,2752,1,-210,1
694,11,346,80,10,11,0.63,2,54,228,1768,0,-322,1
694,12,371,96,28,52,0.88,7,37,258,2730,1,-210,1
695,8,355,66,8,7,0.12,7,118,285,626,2,-209,1
695,11,347,80,9,10,0.59,2,55,228,1736,0,-322,1
695,12,370,95,28,52,0.89,7,38,258,2709,1,-210,1
696,11,347,79,9,10,0.56,2,56,228,1703,0,-322,1
696,12,370,94,27,50,0.89,7,39,259,2688,1,-210,1
697,11,347,79,9,10,0.42,2,57,228,1671,0,-322,1
697,12,370,92,26,48,0.89,7,40,259,2666,1,-210,1
698,11,348,78,8,10,0.31,2,58,228,1639,0,-322,1
698,12,369,92,26,47,0.89,7,41,259,2645,1,-210,1
699,11,348,77,9,10,0.38,2,59,228,1607,0,-322,1
699,12,369,91,26,46,0.89,7,42,259,2623,1,-210,1
700,11,348,77,9,10,0.38,2,60,229,1575,0,-322,1
700,12,368,90,26,44,0.88,7,43,259,2601,1,-210,1
701,11,348,76,9,10,0.39,2,61,229,1543,0,-322,1
701,12,368,89,24,42,0.86,7,44,259,2579,1,-211,1
702,11,348,75,9,10,0.52,2,62,229,1511,0,-322,1
702,12,367,88,24,42,0.86,7,45,259,2557,1,-211,1
703,11,348,76,9,9,0.29,2,63,229,1479,0,-321,1
703,12,366,87,24,43,0.86,7,46,259,2536,1,-211,1
704,11,349,75,8,8,0.32,2,64,229,1447,0,-322,1
704,12,366,86,24,42,0.87,7,47,260,2515,1,-211,1
705,11,350,75,8,8,0.36,2,65,229,1415,1,-321,1
705,12,366,86,24,40,0.86,7,48,260,2493,1,-211,1
706,11,350,74,8,9,0.19,2,66,229,1383,1,-321,1
706,12,366,85,22,38,0.82,7,49,260,2471,1,-211,1
707,11,350,74,8,8,0.12,2,67,230,1351,1,-321,1
707,12,365,84,22,38,0.82,7,50,260,2449,1,-211,1
708,12,364,83,22,38,0.81,7,51,260,2428,1,-212,1
709,12,363,83,22,36,0.81,7,52,260,2406,1,-212,1
710,12,364,82,21,34,0.80,7,53,260,2384,1,-212,1
711,12,364,81,20,36,0.80,7,54,261,2362,1,-212,1
712,12,365,80,19,34,0.79,7,55,261,2340,1,-212,1
713,12,364,80,19,34,0.80,7,56,261,2319,1,-212,1
714,12,364,80,19,32,0.81,7,57,261,2297,1,-212,1
715,12,363,79,18,33,0.81,7,58,261,2275,1,-212,1
716,12,364,79,18,31,0.79,7,59,261,2254,1,-212,1
717,12,363,78,18,31,0.76,7,60,261,2232,1,-212,1
718,12,362,75,18,33,0.77,7,61,262,2210,1,-213,1
719,12,362,76,18,31,0.78,7,62,262,2189,1,-213,1
720,12,363,76,18,30,0.76,7,63,262,2167,1,-213,1
721,12,362,75,18,30,0.75,7,64,262,2146,1,-213,1
722,12,362,74,19,30,0.76,7,65,262,2124,1,-213,1
723,12,362,74,18,30,0.76,7,66,262,2103,1,-213,1
724,12,361,73,19,30,0.80,7,67,263,2082,1,-213,1
725,12,361,72,18,28,0.80,7,68,263,2060,1,-213,1
726,12,361,72,18,28,0.80,7,69,263,2038,1,-213,1
727,12,360,72,18,27,0.80,7,70,263,2016,1,-213,1
728,12,361,72,16,26,0.79,7,71,264,1994,1,-213,1
729,12,361,72,16,26,0.80,7,72,264,1973,1,-213,1
730,12,360,70,16,26,0.81,7,73,264,1951,1,-213,1
731,12,360,70,16,26,0.80,7,74,264,1929,1,-213,1
732,12,360,69,16,26,0.80,7,75,264,1908,1,-213,1
733,12,360,68,15,26,0.76,7,76,265,1886,1,-213,1
734,12,360,68,15,25,0.72,7,77,265,1864,1,-213,1
735,12,360,68,16,26,0.76,7,78,265,1843,1,-213,1
736,12,360,67,16,25,0.79,7,79,265,1821,1,-213,1
737,12,360,66,16,26,0.79,7,80,266,1799,1,-213,1
738,12,360,67,15,24,0.78,7,81,266,1778,2,-214,1
739,12,360,66,15,24,0.78,7,82,266,1756,2,-214,1
740,12,359,66,18,24,0.77,7,83,266,1734,2,-214,1
741,12,359,65,17,24,0.77,7,84,267,1713,2,-214,1
742,12,359,64,18,25,0.77,7,85,267,1691,2,-214,1
743,12,359,64,18,25,0.77,7,86,267,1670,2,-214,1
744,12,360,63,17,25,0.75,7,87,268,1648,2,-214,1
745,12,360,63,17,24,0.77,7,88,268,1627,2,-214,1
746,12,360,63,17,24,0.78,7,89,268,1605,2,-214,1
747,12,360,63,16,24,0.75,7,90,269,1584,2,-214,1
748,12,361,63,16,22,0.77,7,91,269,1562,2,-214,1
749,12,362,64,16,22,0.76,7,92,269,1541,2,-214,1
750,12,363,63,15,22,0.71,7,93,270,1520,2,-214,1
751,12,364,63,14,21,0.71,7,94,270,1499,2,-214,1
752,12,364,64,14,20,0.68,7,95,271,1477,2,-214,1
753,12,364,63,14,20,0.64,7,96,271,1456,2,-214,1
754,12,364,63,14,20,0.45,7,97,272,1435,2,-214,1
755,12,364,63,13,20,0.48,7,98,272,1413,2,-214,1
756,12,364,64,13,19,0.30,7,99,273,1392,2,-214,1
757,12,364,64,13,18,0.28,7,100,273,1371,3,-214,1
758,12,365,64,12,17,0.15,7,101,274,1350,3,-214,1
759,12,365,64,12,17,0.16,7,102,275,1329,3,-214,1
760,12,365,64,12,16,0.11,7,103,275,1307,3,-214,1
764,12,362,66,9,12,0.11,7,104,277,1222,3,-214,1
773,13,317,62,12,19,0.35,7,1,143,1342,0,200,1
774,13,316,62,13,19,0.48,7,2,143,1361,-11,194,1
775,13,316,62,13,18,0.54,7,3,143,1372,-6,149,1
776,13,315,62,14,20,0.28,7,4,143,1387,-7,152,1
777,13,314,62,14,20,0.16,7,5,142,1399,-10,143,1
778,13,314,64,13,18,0.42,7,6,142,1406,-12,129,1
779,13,313,64,13,19,0.59,7,7,141,1425,-13,138,1
780,13,312,64,13,20,0.76,7,8,140,1452,-15,157,1
781,13,312,64,13,20,0.76,7,9,140,1471,-14,162,1
782,13,312,64,14,20,0.37,7,10,139,1485,-13,159,1
783,13,312,65,13,21,0.56,7,11,138,1519,-12,177,1
784,13,311,67,13,20,0.74,7,12,137,1554,-11,193,1
785,13,311,67,13,20,0.75,7,13,136,1580,-11,199,1
786,13,310,67,14,22,0.67,7,14,135,1619,-10,213,1
787,13,310,67,14,22,0.72,7,15,135,1649,-9,219,1
788,13,309,67,14,22,0.68,7,16,134,1672,-9,220,1
789,13,309,67,14,22,0.68,7,17,134,1691,-9,218,1
790,13,308,68,14,22,0.71,7,18,133,1713,-9,218,1
791,13,308,68,14,23,0.74,7,19,132,1737,-8,219,1
792,13,307,69,14,22,0.62,7,20,132,1757,-8,218,1
793,13,306,70,14,22,0.53,7,21,131,1779,-8,219,1
794,13,306,71,14,22,0.70,7,22,131,1803,-8,219,1
795,13,306,71,14,22,0.70,7,23,130,1823,-8,219,1
796,13,305,71,14,21,0.58,7,24,129,1836,-8,215,1
797,13,304,72,16,24,0.73,7,25,129,1864,-8,218,1
798,13,303,73,16,24,0.76,7,26,128,1893,-8,220,1
799,13,303,74,16,24,0.80,7,27,128,1921,-8,223,1
800,13,302,74,16,25,0.83,7,28,127,1950,-7,225,1
801,13,302,74,16,25,0.81,7,29,126,1974,-7,226,1
802,13,301,75,16,26,0.84,7,30,126,2002,-7,227,1
803,13,301,76,16,25,0.83,7,31,126,2026,-7,228,1
804,13,300,76,16,26,0.83,7,32,125,2050,-7,228,1
805,13,300,77,16,26,0.84,7,33,125,2074,-7,229,1
806,13,299,78,16,27,0.84,7,34,124,2100,-6,230,1
807,13,298,78,18,28,0.82,7,35,124,2127,-6,231,1
808,13,297,79,18,28,0.80,7,36,123,2152,-6,231,1
809,13,296,79,18,30,0.83,7,37,123,2180,-6,233,1
810,13,295,80,19,30,0.81,7,38,123,2206,-6,234,1
811,13,294,81,20,30,0.84,7,39,123,2232,-6,234,1
812,13,292,82,21,31,0.85,7,40,122,2259,-6,235,1
813,13,293,83,20,30,0.85,7,41,122,2283,-6,235,1
814,13,292,84,20,30,0.84,7,42,122,2306,-5,235,1
815,13,292,84,20,30,0.85,7,43,121,2326,-5,234,1
816,13,291,86,20,30,0.85,7,44,121,2348,-5,234,1
817,13,290,86,20,31,0.85,7,45,121,2369,-5,234,1
818,13,289,88,20,32,0.85,7,46,121,2393,-5,234,1
819,13,289,89,20,32,0.86,7,47,120,2416,-5,234,1
820,13,288,88,21,35,0.86,7,48,120,2440,-5,234,1
821,13,286,91,21,34,0.86,7,49,120,2464,-5,234,1
822,13,286,92,21,35,0.86,7,50,120,2489,-5,234,1
823,13,286,94,21,34,0.87,7,51,119,2512,-5,234,1
824,13,284,95,22,36,0.87,7,52,119,2536,-4,234,1
825,13,284,95,21,38,0.87,7,53,119,2561,-4,234,1
826,13,282,98,22,38,0.88,7,54,119,2586,-4,235,1
827,13,282,99,22,38,0.87,7,55,119,2610,-4,235,1
828,13,280,100,22,39,0.87,7,56,119,2633,-4,235,1
829,13,280,102,22,41,0.85,7,57,119,2659,-4,235,1
830,13,278,103,24,42,0.88,7,58,119,2683,-4,235,1
831,13,277,104,23,41,0.87,7,59,119,2705,-4,235,1
832,13,276,106,24,41,0.88,7,60,119,2726,-4,235,1
833,13,275,108,24,42,0.89,7,61,119,2748,-3,234,1
834,13,272,111,25,42,0.88,7,62,119,2770,-3,234,1
835,13,271,112,26,44,0.87,7,63,119,2793,-3,234,1
836,13,270,114,26,44,0.87,7,64,119,2814,-3,234,1
837,13,269,116,26,46,0.85,7,65,119,2836,-3,233,1
838,13,266,119,28,47,0.89,7,66,119,2859,-3,233,1
839,13,265,120,28,49,0.88,7,67,119,2881,-3,233,1
840,13,263,122,30,51,0.88,7,68,119,2904,-3,233,1
841,13,262,126,28,51,0.88,7,69,119,2926,-3,233,1
842,13,259,129,31,52,0.88,7,70,119,2949,-3,233,1
842,14,325,59,10,16,0.35,7,1,162,1008,0,200,1
843,13,257,130,32,56,0.87,7,71,119,2971,-3,233,1
843,14,324,60,11,16,0.27,7,2,162,1029,-14,209,1
844,13,254,134,34,58,0.89,7,72,119,2994,-3,233,1
844,14,324,60,11,16,0.39,7,3,162,1051,-8,216,1
845,13,253,136,34,58,0.88,7,73,119,3016,-3,232,1
845,14,324,60,11,16,0.36,7,4,162,1072,-5,215,1
846,13,250,140,35,60,0.88,7,74,119,3038,-2,232,1
846,14,323,60,10,16,0.17,7,5,162,1089,-11,203,1
847,13,248,144,34,62,0.88,7,75,119,3061,-2,232,1
848,13,245,148,37,64,0.89,7,76,119,3083,-2,232,1
848,14,322,60,11,18,0.13,7,6,160,1150,-11,236,1
849,13,243,149,38,68,0.88,7,77,119,3105,-2,232,1
850,13,239,150,40,75,0.88,7,78,119,3127,-2,232,1
851,13,236,152,42,81,0.88,7,79,119,3149,-2,232,1
852,13,233,160,42,82,0.87,7,80,119,3172,-2,232,1
853,13,229,171,44,78,0.89,7,81,119,3194,-2,231,1
854,13,222,177,48,82,0.89,7,82,120,3216,-2,231,1
854,14,317,61,12,20,0.30,7,7,156,1326,-15,265,1
855,13,218,182,50,86,0.90,7,83,120,3238,-2,231,1
855,14,316,61,13,20,0.55,7,8,155,1348,-16,262,1
856,13,214,188,53,94,0.91,7,84,120,3260,-2,231,1
856,14,316,61,13,20,0.68,7,9,153,1363,-15,254,1
857,13,209,193,56,98,0.91,7,85,120,3282,-2,231,1
857,14,315,61,14,20,0.68,7,10,152,1376,-15,245,1
858,13,202,203,56,106,0.90,7,86,120,3304,-2,231,1
858,14,315,62,14,20,0.58,7,11,150,1397,-15,244,1
859,13,194,212,60,108,0.91,7,87,120,3326,-2,230,1
859,14,315,62,12,20,0.60,7,12,149,1415,-15,239,1
860,13,184,224,65,120,0.92,7,88,120,3348,-1,230,1
860,14,315,62,12,20,0.67,7,13,148,1429,-15,234,1
861,13,180,231,68,128,0.92,7,89,121,3370,-1,230,1
861,14,314,63,13,20,0.64,7,14,146,1449,-14,232,1
862,13,167,247,74,140,0.92,7,90,121,3393,-1,230,1
862,14,312,62,14,22,0.59,7,15,145,1473,-14,233,1
863,13,158,258,78,150,0.93,7,91,121,3415,-1,230,1
863,14,312,63,13,22,0.63,7,16,144,1501,-14,235,1
864,13,142,276,86,169,0.92,7,92,121,3438,-1,230,1
864,14,311,63,14,22,0.59,7,17,143,1524,-14,235,1
865,13,126,290,95,184,0.92,7,93,121,3460,-1,230,1
865,14,311,63,14,22,0.73,7,18,141,1544,-14,233,1
866,13,103,315,109,212,0.92,7,94,121,3483,-1,230,1
866,14,310,64,14,22,0.73,7,19,140,1566,-14,233,1
867,14,310,64,14,22,0.73,7,20,139,1586,-14,231,1
868,14,310,65,14,22,0.67,7,21,137,1608,-14,231,1
869,14,309,65,14,22,0.70,7,22,136,1627,-13,229,1
870,14,309,66,13,23,0.69,7,23,135,1653,-13,231,1
871,14,308,66,14,23,0.78,7,24,134,1676,-13,231,1
872,14,308,67,14,22,0.76,7,25,133,1696,-13,230,1
873,14,307,67,14,23,0.73,7,26,132,1718,-13,229,1
874,14,307,68,14,23,0.73,7,27,131,1742,-13,229,1
875,14,307,68,14,24,0.70,7,28,130,1766,-12,230,1
876,14,306,69,14,24,0.71,7,29,129,1792,-12,231,1
877,14,306,70,14,24,0.73,7,30,128,1818,-12,231,1
878,14,306,70,14,24,0.78,7,31,127,1841,-12,231,1
879,14,305,70,14,24,0.78,7,32,126,1861,-11,231,1
880,14,304,71,14,24,0.76,7,33,125,1883,-11,230,1
881,14,303,71,16,26,0.79,7,34,125,1908,-11,231,1
882,14,302,72,16,26,0.83,7,35,124,1934,-11,232,1
883,14,302,72,16,26,0.83,7,36,123,1957,-11,231,1
884,14,302,72,16,26,0.83,7,37,123,1977,-10,231,1
885,14,302,73,16,26,0.83,7,38,122,1998,-10,230,1
886,14,301,74,16,26,0.82,7,39,121,2020,-10,230,1
887,14,300,74,16,26,0.82,7,40,121,2039,-10,229,1
888,14,300,76,16,26,0.81,7,41,120,2061,-10,229,1
889,14,300,76,16,26,0.80,7,42,120,2081,-10,228,1
890,14,298,76,17,28,0.83,7,43,119,2104,-9,228,1
891,14,298,77,18,28,0.84,7,44,119,2126,-9,228,1
892,14,298,77,18,28,0.83,7,45,118,2147,-9,228,1
893,14,297,78,18,28,0.82,7,46,118,2167,-9,227,1
894,14,296,78,18,30,0.84,7,47,117,2189,-9,227,1
895,14,296,79,18,31,0.81,7,48,117,2213,-8,227,1
896,14,296,80,18,30,0.83,7,49,117,2235,-8,227,1
897,14,295,80,20,32,0.83,7,50,117,2258,-8,227,1
898,14,294,81,20,32,0.82,7,51,116,2281,-8,227,1
899,14,293,82,20,32,0.84,7,52,116,2303,-8,227,1
900,14,292,83,20,32,0.84,7,53,116,2325,-8,227,1
901,14,292,84,21,32,0.84,7,54,116,2346,-7,227,1
