54,0,292,136,12,16,0.27,2
55,0,292,136,12,16,0.27,2
56,0,292,136,12,16,0.27,2
57,0,291,137,12,14,0.17,2
58,0,291,137,12,14,0.17,2
59,0,291,137,12,14,0.17,2
60,0,291,137,12,14,0.17,2
61,0,291,137,12,14,0.17,2
62,0,291,137,12,14,0.17,2
63,0,291,137,12,14,0.17,2
64,0,291,137,12,14,0.17,2
65,0,291,137,12,14,0.17,2
66,0,291,137,12,14,0.17,2
67,0,291,136,12,14,0.35,2
68,0,291,135,13,16,0.18,2
69,0,291,135,13,16,0.21,2
70,0,292,138,13,14,0.10,2
71,0,292,137,12,14,0.16,2
72,0,292,136,12,14,0.65,2
73,0,291,136,12,14,0.56,2
74,0,290,136,12,14,0.69,2
75,0,290,136,12,14,0.71,2
76,0,291,136,12,15,0.65,2
77,0,291,136,12,15,0.67,2
78,0,290,136,13,15,0.71,2
79,0,290,136,13,15,0.72,2
80,0,290,135,13,16,0.74,2
81,0,290,135,13,15,0.74,2
82,0,290,135,13,16,0.76,2
83,0,290,135,13,16,0.76,2
84,0,290,136,13,15,0.78,2
85,0,290,136,13,15,0.79,2
86,0,291,136,12,14,0.77,2
87,0,291,136,12,14,0.81,2
88,0,291,136,12,14,0.81,2
89,0,291,136,12,14,0.81,2
90,0,291,136,12,14,0.81,2
91,0,291,136,12,14,0.81,2
92,0,291,136,12,14,0.81,2
93,0,291,136,12,14,0.81,2
94,0,291,136,12,14,0.77,2
95,0,291,136,12,14,0.77,2
96,0,291,137,12,14,0.75,2
97,0,291,136,12,14,0.74,2
98,0,291,135,12,16,0.66,2
99,0,291,135,12,16,0.69,2
100,0,291,136,12,15,0.68,2
101,0,291,136,12,15,0.68,2
102,0,291,135,12,16,0.56,2
103,0,291,135,12,16,0.60,2
104,0,290,137,12,15,0.57,2
105,0,290,137,12,14,0.47,2
106,0,290,137,12,14,0.48,2
107,0,290,137,12,14,0.50,2
108,0,290,135,13,16,0.12,2
109,0,290,135,13,17,0.23,2
110,0,290,135,13,17,0.23,2
111,0,290,135,13,17,0.23,2
112,0,290,135,13,17,0.23,2
113,0,290,135,13,17,0.23,2
114,0,290,135,13,17,0.23,2
115,0,290,135,13,17,0.23,2
116,0,290,135,13,17,0.23,2
117,0,290,135,13,17,0.23,2
118,0,290,135,13,17,0.23,2
119,0,290,135,13,17,0.23,2
120,0,290,135,13,17,0.23,2
121,0,290,135,13,17,0.23,2
122,0,290,135,13,16,0.47,2
123,0,290,136,12,16,0.54,2
124,0,290,136,12,16,0.51,2
125,0,290,136,12,16,0.52,2
126,0,290,136,12,16,0.53,2
127,0,290,137,12,14,0.58,2
128,0,290,137,12,15,0.45,2
129,0,290,137,12,15,0.45,2
130,0,290,138,12,14,0.39,2
131,0,290,138,12,14,0.38,2
132,0,290,137,12,15,0.36,2
133,0,290,137,12,15,0.35,2
134,0,290,136,12,16,0.68,2
135,0,290,136,12,16,0.68,2
136,0,290,136,12,15,0.66,2
137,0,290,137,12,15,0.67,2
138,0,290,137,12,14,0.66,2
139,0,290,136,12,16,0.64,2
140,0,290,137,12,15,0.58,2
141,0,290,137,13,16,0.62,2
142,0,290,137,13,15,0.63,2
143,0,290,137,13,15,0.63,2
144,0,290,138,12,14,0.55,2
145,0,290,138,12,14,0.58,2
146,0,290,138,13,14,0.48,2
147,0,290,138,13,14,0.51,2
148,0,290,138,13,14,0.58,2
149,0,290,138,13,14,0.49,2
150,0,290,138,13,14,0.50,2
151,0,290,138,12,14,0.50,2
152,0,290,139,12,13,0.39,2
153,0,290,139,12,13,0.47,2
154,0,290,139,12,13,0.50,2
155,0,290,139,12,13,0.50,2
156,0,290,139,12,13,0.46,2
157,0,290,139,12,13,0.50,2
158,0,290,138,13,14,0.77,2
159,0,290,139,13,14,0.73,2
160,0,290,138,13,14,0.75,2
161,0,290,138,13,14,0.76,2
162,0,289,139,13,14,0.68,2
163,0,289,139,13,14,0.68,2
164,0,289,137,14,16,0.80,2
165,0,289,137,14,16,0.80,2
166,0,289,137,14,16,0.80,2
167,0,289,138,14,15,0.76,2
168,0,289,138,14,15,0.77,2
169,0,289,138,14,15,0.77,2
170,0,290,138,13,14,0.79,2
171,0,290,138,13,14,0.79,2
172,0,289,138,13,14,0.82,2
173,0,290,138,13,14,0.82,2
174,0,290,138,13,14,0.82,2
175,0,290,138,13,14,0.82,2
176,0,289,137,14,15,0.82,2
177,0,289,137,14,15,0.82,2
178,0,289,137,14,15,0.81,2
179,0,289,137,14,15,0.81,2
180,0,289,137,14,16,0.81,2
181,0,289,137,14,16,0.81,2
182,0,289,137,14,15,0.78,2
183,0,289,137,14,16,0.75,2
184,0,289,138,14,14,0.75,2
185,0,289,138,14,14,0.74,2
186,0,289,138,14,15,0.78,2
187,0,290,137,14,15,0.73,2
188,0,290,137,14,15,0.73,2
189,0,290,136,14,16,0.57,2
190,0,290,134,14,18,0.34,2
191,0,290,135,14,18,0.43,2
192,0,290,134,13,20,0.30,2
193,0,290,134,14,19,0.34,2
194,0,290,136,14,18,0.50,2
195,0,290,136,13,17,0.49,2
196,0,289,136,14,18,0.33,2
197,0,290,136,14,18,0.25,2
198,0,291,134,12,23,0.17,2
199,0,289,136,13,20,0.22,2
200,0,289,134,14,24,0.43,2
201,0,289,134,14,26,0.45,2
202,0,289,134,14,26,0.45,2
203,0,289,134,14,26,0.45,2
204,0,289,134,14,26,0.45,2
205,0,289,134,14,26,0.45,2
206,0,289,134,14,26,0.45,2
207,0,289,134,14,26,0.45,2
208,0,289,134,14,26,0.45,2
209,0,289,134,14,26,0.45,2
210,0,289,134,14,26,0.45,2
211,0,289,134,14,26,0.45,2
212,0,289,134,14,26,0.45,2
213,0,289,134,14,26,0.45,2
214,0,289,134,14,26,0.45,2
215,0,289,134,14,26,0.45,2
216,0,289,134,14,26,0.45,2
217,0,289,134,14,26,0.45,2
218,0,289,134,14,26,0.45,2
219,0,289,134,14,26,0.45,2
220,0,289,134,14,26,0.45,2
221,0,289,134,14,26,0.45,2
222,0,289,134,14,26,0.45,2
223,0,289,134,14,26,0.45,2
224,0,289,134,14,26,0.45,2
225,0,289,134,14,26,0.45,2
226,0,289,134,14,26,0.45,2
227,0,289,134,14,26,0.45,2
228,0,289,134,14,26,0.45,2
229,0,289,134,14,26,0.45,2
230,0,289,134,14,26,0.45,2
231,0,289,134,14,26,0.45,2
232,0,289,134,14,26,0.45,2
233,0,289,134,14,26,0.45,2
234,0,289,134,14,26,0.45,2
235,0,289,134,14,26,0.45,2
236,0,289,134,14,26,0.45,2
237,0,289,134,14,26,0.45,2
238,0,289,134,14,26,0.45,2
239,0,289,134,14,26,0.45,2
240,0,289,134,14,26,0.45,2
241,0,289,134,14,26,0.45,2
242,0,289,134,14,26,0.45,2
243,0,289,134,14,26,0.45,2
244,0,289,134,14,26,0.45,2
245,0,289,134,14,26,0.45,2
246,0,289,134,14,26,0.45,2
247,0,289,134,14,26,0.45,2
248,0,289,134,14,26,0.45,2
249,0,289,134,14,26,0.45,2
250,0,289,134,14,26,0.45,2
251,0,289,134,14,26,0.45,2
252,0,289,134,14,26,0.45,2
253,0,289,134,14,26,0.45,2
254,0,289,134,14,26,0.45,2
255,0,289,134,14,26,0.45,2
256,0,289,134,14,26,0.45,2
257,0,289,134,14,26,0.45,2
258,0,289,134,14,26,0.45,2
259,0,289,134,14,26,0.45,2
260,0,289,134,14,26,0.45,2
261,0,289,134,14,26,0.45,2
262,0,289,134,14,26,0.45,2
263,0,289,134,14,26,0.45,2
264,0,289,134,14,26,0.45,2
265,0,289,134,14,26,0.45,2
266,0,289,134,14,26,0.45,2
267,0,289,134,14,26,0.45,2
268,0,289,134,14,26,0.45,2
269,0,289,134,14,26,0.45,2
270,0,289,134,14,26,0.45,2
271,0,289,134,14,26,0.45,2
272,0,289,134,14,26,0.45,2
273,0,289,134,14,26,0.45,2
274,0,289,134,14,26,0.45,2
275,0,289,134,14,26,0.45,2
276,0,289,134,14,26,0.45,2
277,0,289,134,14,26,0.45,2
278,0,289,134,14,26,0.45,2
279,0,289,134,14,26,0.45,2
280,0,289,134,14,26,0.45,2
281,0,289,134,14,26,0.45,2
282,0,289,134,14,26,0.45,2
283,0,289,134,14,26,0.45,2
284,0,289,134,14,26,0.45,2
285,0,289,134,14,26,0.45,2
286,0,289,134,14,26,0.45,2
287,0,289,134,14,26,0.45,2
288,0,286,137,15,18,0.82,2
289,0,286,137,15,18,0.83,2
290,0,287,138,14,18,0.87,2
291,0,286,138,14,17,0.88,2
292,0,286,138,14,17,0.88,2
293,0,286,138,14,17,0.88,2
294,0,286,138,14,17,0.88,2
295,0,287,137,14,18,0.87,2
296,0,287,137,14,18,0.87,2
297,0,287,137,14,18,0.87,2
298,0,287,139,14,17,0.87,2
299,0,287,139,14,16,0.87,2
300,0,287,138,14,18,0.86,2
301,0,287,138,14,18,0.86,2
302,0,288,140,13,16,0.87,2
303,0,287,140,14,16,0.87,2
304,0,286,138,14,18,0.87,2
305,0,286,138,14,18,0.86,2
306,0,286,138,14,18,0.86,2
307,0,286,138,14,18,0.86,2
308,0,287,138,14,18,0.80,2
309,0,287,138,14,18,0.79,2
310,0,287,138,14,18,0.79,2
311,0,287,138,14,18,0.80,2
312,0,286,138,14,18,0.78,2
313,0,286,138,14,18,0.78,2
314,0,286,140,14,16,0.73,2
315,0,286,140,14,16,0.71,2
316,0,286,140,14,16,0.70,2
317,0,286,140,14,16,0.70,2
318,0,286,139,14,16,0.57,2
319,0,286,140,14,16,0.60,2
320,0,286,140,14,16,0.58,2
321,0,286,139,14,17,0.61,2
322,0,286,137,14,19,0.78,2
323,0,286,137,14,19,0.78,2
324,0,286,138,14,18,0.70,2
325,0,286,139,14,17,0.72,2
326,0,286,140,14,16,0.82,2
327,0,286,140,13,16,0.81,2
328,0,286,140,14,16,0.79,2
329,0,286,140,14,16,0.80,2
330,0,286,140,14,16,0.81,2
331,0,286,140,14,16,0.81,2
332,0,286,140,14,16,0.82,2
333,0,286,140,14,16,0.82,2
334,0,286,138,14,18,0.84,2
335,0,286,136,14,20,0.78,2
336,0,286,139,14,17,0.86,2
337,0,286,140,14,16,0.86,2
338,0,286,137,13,19,0.63,2
339,0,286,138,13,18,0.81,2
340,0,286,140,13,16,0.86,2
341,0,286,140,13,16,0.85,2
342,0,286,137,14,19,0.79,2
343,0,286,137,14,19,0.77,2
344,0,286,140,14,16,0.86,2
345,0,286,137,14,19,0.79,2
346,0,286,137,14,19,0.79,2
347,0,286,137,14,19,0.79,2
348,0,286,140,14,16,0.86,2
349,0,286,140,13,16,0.85,2
350,0,287,140,12,16,0.84,2
351,0,287,140,13,16,0.84,2
352,0,287,140,13,16,0.84,2
353,0,287,140,13,16,0.84,2
354,0,287,140,13,16,0.83,2
355,0,287,140,13,16,0.83,2
356,0,287,140,13,16,0.83,2
357,0,287,140,13,16,0.83,2
358,0,287,140,13,16,0.83,2
359,0,287,140,13,16,0.83,2
360,0,287,135,14,20,0.72,2
361,0,287,137,14,19,0.78,2
362,0,287,135,14,21,0.77,2
363,0,287,135,14,21,0.76,2
364,0,287,137,14,18,0.81,2
365,0,286,138,14,18,0.84,2
366,0,286,138,14,18,0.84,2
367,0,286,138,14,18,0.84,2
368,0,287,135,14,21,0.69,2
369,0,287,135,14,20,0.69,2
370,0,287,138,14,18,0.83,2
371,0,288,136,14,20,0.71,2
372,0,288,135,14,20,0.68,2
373,0,287,135,14,21,0.67,2
374,0,287,136,14,19,0.76,2
375,0,287,136,14,19,0.78,2
376,0,286,140,14,16,0.85,2
377,0,286,140,14,16,0.85,2
378,0,286,136,15,20,0.68,2
379,0,287,136,14,20,0.67,2
380,0,286,136,15,20,0.69,2
381,0,286,136,15,20,0.66,2
382,0,286,136,15,20,0.72,2
383,0,286,138,14,18,0.86,2
384,0,286,138,14,18,0.86,2
385,0,286,138,14,18,0.85,2
386,0,286,140,14,16,0.81,2
387,0,286,138,14,18,0.83,2
388,0,286,137,14,19,0.77,2
389,0,286,136,14,20,0.74,2
390,0,286,138,14,18,0.82,2
391,0,286,138,14,18,0.82,2
392,0,286,136,14,20,0.69,2
393,0,286,136,14,20,0.66,2
394,0,287,138,13,18,0.81,2
395,0,287,138,13,18,0.82,2
396,0,286,136,14,20,0.52,2
397,0,286,136,14,20,0.66,2
398,0,286,139,14,17,0.83,2
399,0,286,139,14,17,0.83,2
400,0,286,136,14,20,0.52,2
401,0,286,136,14,20,0.51,2
402,0,286,138,14,18,0.82,2
403,0,286,138,14,18,0.80,2
404,0,286,137,15,20,0.63,2
405,0,286,137,15,20,0.62,2
406,0,285,138,15,19,0.80,2
407,0,285,138,15,18,0.82,2
408,0,285,136,16,22,0.56,2
409,0,285,136,16,21,0.48,2
410,0,285,137,14,20,0.78,2
411,0,285,137,14,20,0.79,2
412,0,286,136,14,21,0.62,2
413,0,286,136,14,21,0.62,2
414,0,286,136,14,21,0.60,2
415,0,286,136,14,20,0.65,2
416,0,286,136,14,20,0.66,2
417,0,286,136,14,20,0.67,2
418,0,285,136,15,21,0.60,2
419,0,286,136,14,22,0.66,2
420,0,286,136,14,22,0.64,2
421,0,285,136,14,21,0.64,2
422,0,286,137,14,20,0.66,2
423,0,285,137,14,20,0.77,2
424,0,284,137,15,20,0.74,2
425,0,284,137,15,20,0.76,2
426,0,284,137,15,20,0.75,2
427,0,285,137,15,20,0.67,2
428,0,285,137,15,21,0.69,2
429,0,285,137,15,21,0.69,2
430,0,285,138,14,19,0.81,2
431,0,285,138,14,19,0.81,2
432,0,285,138,14,19,0.81,2
433,0,285,140,14,18,0.82,2
434,0,286,139,14,18,0.84,2
435,0,286,137,14,20,0.79,2
436,0,286,138,14,20,0.82,2
437,0,286,138,14,20,0.81,2
438,0,286,138,14,19,0.82,2
439,0,286,138,14,19,0.83,2
440,0,286,139,14,18,0.82,2
441,0,286,139,14,18,0.82,2
442,0,286,139,14,18,0.82,2
443,0,285,139,14,18,0.79,2
444,0,285,137,14,20,0.71,2
445,0,284,137,15,20,0.71,2
446,0,284,137,15,20,0.53,2
447,0,284,137,15,20,0.57,2
448,0,284,139,15,20,0.79,2
449,0,284,139,15,20,0.80,2
450,0,284,139,15,20,0.79,2
451,0,284,139,15,20,0.79,2
452,0,284,140,15,18,0.83,2
453,0,284,140,15,18,0.83,2
454,0,284,140,16,18,0.83,2
455,0,284,140,16,18,0.83,2
456,0,284,142,15,17,0.82,2
457,0,284,142,16,16,0.83,2
458,0,284,141,15,16,0.82,2
459,0,284,141,15,17,0.81,2
460,0,284,140,15,18,0.80,2
461,0,284,141,15,18,0.80,2
462,0,284,140,15,18,0.81,2
463,0,284,140,16,18,0.84,2
464,0,284,141,16,18,0.83,2
465,0,284,141,16,18,0.83,2
466,0,284,141,16,18,0.83,2
467,0,284,141,16,17,0.83,2
468,0,284,141,16,18,0.83,2
469,0,284,140,16,18,0.84,2
470,0,285,142,14,16,0.83,2
471,0,285,142,14,16,0.82,2
472,0,284,139,15,19,0.80,2
473,0,285,138,14,20,0.67,2
474,0,285,138,14,20,0.67,2
475,0,285,138,14,20,0.52,2
476,0,284,139,14,19,0.62,2
477,0,284,139,14,19,0.65,2
478,0,284,139,14,19,0.70,2
479,0,284,140,14,18,0.78,2
480,0,284,138,14,20,0.62,2
481,0,284,139,14,19,0.73,2
482,0,284,140,13,18,0.65,2
483,0,284,140,13,18,0.67,2
484,0,285,139,13,20,0.53,2
485,0,285,140,12,19,0.47,2
486,0,286,140,12,19,0.37,2
487,0,286,140,12,19,0.37,2
488,0,286,140,12,19,0.37,2
489,0,286,140,12,19,0.37,2
490,0,286,140,12,19,0.37,2
491,0,286,140,12,19,0.37,2
492,0,286,140,12,19,0.37,2
493,0,286,140,12,19,0.37,2
494,0,286,140,12,19,0.37,2
495,0,286,140,12,19,0.37,2
496,0,286,140,12,19,0.37,2
497,0,286,140,12,19,0.37,2
498,0,286,140,12,19,0.37,2
499,0,286,140,12,19,0.37,2
500,0,286,140,12,19,0.37,2
501,0,286,140,12,19,0.37,2
502,0,286,140,12,19,0.37,2
503,0,286,140,12,19,0.37,2
504,0,286,140,12,19,0.37,2
505,0,286,140,12,19,0.37,2
506,0,286,140,12,19,0.37,2
507,0,286,140,12,19,0.37,2
508,0,286,140,12,19,0.37,2
509,0,286,140,12,19,0.37,2
510,0,286,140,12,19,0.37,2
511,0,286,140,12,19,0.37,2
512,0,286,140,12,19,0.37,2
513,0,286,140,12,19,0.37,2
514,0,286,140,12,19,0.37,2
515,0,286,140,12,19,0.37,2
516,0,286,140,12,19,0.37,2
517,0,286,140,12,19,0.37,2
518,0,286,140,12,19,0.37,2
519,0,286,140,12,19,0.37,2
520,0,286,140,12,19,0.37,2
521,0,286,140,12,19,0.37,2
522,0,286,140,12,19,0.37,2
523,0,286,140,12,19,0.37,2
524,0,286,140,12,19,0.37,2
525,0,286,140,12,19,0.37,2
526,0,286,140,12,19,0.37,2
527,0,286,140,12,19,0.37,2
528,0,286,140,12,19,0.37,2
529,0,286,140,12,19,0.37,2
530,0,286,140,12,19,0.37,2
531,0,286,140,12,19,0.37,2
532,0,286,140,12,19,0.37,2
533,0,286,140,12,19,0.37,2
534,0,286,140,12,19,0.37,2
535,0,286,140,12,19,0.37,2
536,0,286,140,12,19,0.37,2
537,0,286,140,12,19,0.37,2
538,0,286,140,12,19,0.37,2
539,0,286,140,12,19,0.37,2
540,0,286,140,12,19,0.37,2
541,0,286,140,12,19,0.37,2
542,0,286,140,12,19,0.37,2
543,0,286,140,12,19,0.37,2
544,0,286,140,12,19,0.37,2
545,0,286,140,12,19,0.37,2
546,0,286,140,12,19,0.37,2
547,0,286,140,12,19,0.37,2
548,0,286,140,12,19,0.37,2
549,0,286,140,12,19,0.37,2
550,0,286,140,12,19,0.37,2
551,0,286,140,12,19,0.37,2
552,0,286,140,12,19,0.37,2
553,0,286,140,12,19,0.37,2
554,0,286,140,12,19,0.37,2
555,0,286,140,12,19,0.37,2
556,0,286,140,12,19,0.37,2
557,0,286,140,12,19,0.37,2
558,0,286,140,12,19,0.37,2
559,0,286,140,12,19,0.37,2
560,0,286,140,12,19,0.37,2
561,0,283,141,16,19,0.83,2
562,0,283,142,15,19,0.84,2
563,0,283,142,15,19,0.84,2
564,0,283,141,16,20,0.81,2
565,0,283,141,16,20,0.81,2
566,0,282,142,16,18,0.85,2
567,0,282,142,16,18,0.86,2
568,0,282,142,16,18,0.85,2
569,0,282,142,16,18,0.85,2
570,0,282,142,16,18,0.85,2
571,0,282,142,16,18,0.85,2
572,0,282,142,16,19,0.85,2
573,0,282,142,16,19,0.85,2
574,0,282,143,16,18,0.86,2
575,0,282,143,16,18,0.86,2
576,0,282,143,16,18,0.86,2
577,0,282,143,16,18,0.86,2
578,0,283,142,15,19,0.84,2
579,0,282,142,15,19,0.84,2
580,0,282,142,15,19,0.84,2
581,0,282,142,15,19,0.85,2
582,0,282,138,16,22,0.75,2
583,0,282,138,16,22,0.75,2
584,0,283,139,16,22,0.62,2
585,0,283,139,16,22,0.64,2
586,0,283,139,16,22,0.57,2
587,0,283,139,16,22,0.59,2
588,0,283,139,16,22,0.63,2
589,0,283,139,16,22,0.62,2
590,0,284,142,15,18,0.85,2
591,0,284,142,15,18,0.85,2
592,0,284,142,15,18,0.85,2
593,0,284,141,15,20,0.84,2
594,0,284,141,15,20,0.84,2
595,0,284,141,15,20,0.84,2
596,0,283,142,16,19,0.85,2
597,0,283,142,16,19,0.85,2
598,0,284,142,15,19,0.84,2
599,0,284,142,15,19,0.84,2
600,0,284,142,15,19,0.84,2
601,0,284,142,15,19,0.84,2
602,0,283,142,16,19,0.84,2
603,0,283,142,15,20,0.83,2
604,0,283,143,15,18,0.85,2
605,0,283,143,15,18,0.85,2
606,0,283,142,15,18,0.85,2
607,0,283,143,15,18,0.85,2
608,0,283,144,15,18,0.85,2
609,0,283,142,16,18,0.83,2
610,0,284,142,15,18,0.83,2
611,0,284,142,15,18,0.83,2
612,0,283,142,15,18,0.80,2
613,0,283,142,15,18,0.81,2
614,0,283,143,15,18,0.83,2
615,0,283,143,15,18,0.84,2
616,0,283,143,15,17,0.84,2
617,0,283,143,15,17,0.84,2
618,0,283,144,15,17,0.84,2
619,0,283,144,15,17,0.85,2
620,0,283,144,15,17,0.85,2
621,0,283,144,15,17,0.84,2
622,0,283,142,15,18,0.84,2
623,0,284,143,14,18,0.84,2
624,0,283,143,15,18,0.84,2
625,0,283,143,15,17,0.84,2
626,0,283,142,15,18,0.85,2
627,0,283,142,15,18,0.85,2
628,0,283,142,15,18,0.85,2
629,0,283,142,15,18,0.85,2
630,0,283,142,15,18,0.85,2
631,0,283,142,15,18,0.85,2
632,0,283,142,15,18,0.85,2
633,0,283,142,15,18,0.85,2
634,0,283,143,15,17,0.85,2
635,0,283,143,15,17,0.85,2
636,0,283,143,14,17,0.85,2
637,0,283,143,14,17,0.86,2
638,0,283,144,14,17,0.84,2
639,0,283,139,16,22,0.47,2
640,0,284,139,15,22,0.53,2
641,0,284,139,15,22,0.54,2
642,0,283,142,14,19,0.84,2
643,0,283,142,14,18,0.85,2
644,0,283,143,15,18,0.85,2
645,0,282,143,15,18,0.86,2
646,0,282,143,15,18,0.85,2
647,0,282,143,15,18,0.85,2
648,0,282,143,15,18,0.85,2
649,0,282,143,15,18,0.85,2
650,0,283,143,15,18,0.82,2
651,0,283,143,15,18,0.82,2
652,0,283,143,15,18,0.83,2
653,0,283,143,15,18,0.83,2
654,0,284,139,15,21,0.74,2
655,0,284,139,15,21,0.74,2
656,0,284,139,15,21,0.71,2
657,0,284,139,15,21,0.68,2
658,0,282,142,15,18,0.83,2
659,0,283,142,15,18,0.83,2
660,0,282,142,15,18,0.83,2
661,0,282,142,15,18,0.83,2
662,0,282,142,16,18,0.81,2
663,0,282,142,16,18,0.81,2
664,0,282,142,16,18,0.82,2
665,0,282,142,16,18,0.82,2
666,0,282,142,16,18,0.82,2
667,0,282,142,16,18,0.82,2
668,0,282,142,16,18,0.83,2
669,0,282,142,16,18,0.83,2
670,0,282,142,16,18,0.81,2
671,0,282,142,16,18,0.81,2
672,0,282,142,16,18,0.82,2
673,0,282,142,16,18,0.82,2
674,0,283,142,16,18,0.52,2
675,0,283,142,16,18,0.55,2
676,0,283,140,16,20,0.73,2
677,0,283,140,16,20,0.71,2
678,0,283,142,16,18,0.52,2
679,0,283,142,16,18,0.52,2
680,0,283,140,16,20,0.69,2
681,0,283,140,16,20,0.69,2
682,0,283,140,16,20,0.68,2
683,0,283,140,16,20,0.68,2
684,0,284,140,15,20,0.52,2
685,0,284,140,15,20,0.54,2
686,0,284,140,14,20,0.81,2
687,0,284,141,15,19,0.83,2
688,0,284,141,15,19,0.84,2
689,0,284,141,15,19,0.84,2
690,0,284,141,15,18,0.85,2
691,0,284,141,15,18,0.85,2
692,0,284,141,15,18,0.85,2
693,0,284,141,15,19,0.85,2
694,0,284,141,15,19,0.84,2
695,0,284,140,15,20,0.83,2
696,0,284,140,15,20,0.83,2
697,0,284,140,15,20,0.78,2
698,0,284,140,15,19,0.84,2
699,0,284,140,15,20,0.81,2
700,0,284,140,15,20,0.80,2
701,0,284,140,15,20,0.78,2
702,0,284,140,15,20,0.77,2
703,0,284,139,15,20,0.77,2
704,0,284,142,14,18,0.86,2
705,0,284,142,14,18,0.85,2
706,0,284,142,14,18,0.85,2
707,0,284,142,14,18,0.85,2
708,0,283,143,14,17,0.86,2
709,0,283,143,15,17,0.86,2
710,0,283,143,14,16,0.82,2
711,0,283,143,14,16,0.82,2
712,0,283,142,15,18,0.80,2
713,0,283,143,15,17,0.81,2
714,0,283,142,15,18,0.81,2
715,0,283,142,14,18,0.83,2
716,0,283,144,14,16,0.84,2
717,0,283,144,14,16,0.84,2
718,0,283,143,15,17,0.83,2
719,0,283,143,15,17,0.82,2
720,0,284,139,15,21,0.75,2
721,0,284,139,15,21,0.74,2
722,0,283,138,15,22,0.64,2
723,0,284,138,15,22,0.62,2
724,0,283,142,14,18,0.85,2
725,0,283,142,15,18,0.86,2
726,0,283,142,15,18,0.85,2
727,0,283,141,15,19,0.84,2
728,0,283,141,15,19,0.84,2
729,0,284,138,15,22,0.70,2
730,0,283,138,16,22,0.73,2
731,0,283,143,14,18,0.85,2
732,0,283,143,14,18,0.85,2
733,0,283,143,15,18,0.86,2
734,0,284,144,14,16,0.84,2
735,0,283,144,14,16,0.84,2
736,0,284,144,14,16,0.84,2
737,0,284,144,14,16,0.83,2
738,0,284,144,14,16,0.83,2
739,0,284,143,14,18,0.84,2
740,0,284,143,14,18,0.84,2
741,0,284,143,14,18,0.84,2
742,0,284,143,14,18,0.84,2
743,0,284,143,14,18,0.84,2
744,0,284,140,15,20,0.77,2
745,0,284,141,15,20,0.80,2
746,0,284,142,15,18,0.84,2
747,0,284,142,15,18,0.85,2
748,0,284,142,15,18,0.85,2
749,0,284,142,15,18,0.85,2
750,0,284,142,15,18,0.85,2
751,0,284,142,15,18,0.85,2
752,0,284,142,15,18,0.85,2
753,0,284,142,15,18,0.85,2
754,0,284,142,15,18,0.85,2
755,0,284,142,15,18,0.85,2
756,0,284,142,15,18,0.85,2
757,0,284,142,15,18,0.85,2
758,0,283,142,16,18,0.85,2
759,0,283,142,16,18,0.85,2
760,0,283,142,16,18,0.84,2
761,0,283,142,16,18,0.84,2
762,0,283,142,16,18,0.84,2
763,0,283,142,16,18,0.84,2
764,0,284,138,17,22,0.65,2
765,0,284,138,17,22,0.65,2
766,0,284,138,16,22,0.79,2
767,0,284,138,16,22,0.78,2
768,0,284,138,17,22,0.78,2
769,0,284,138,16,22,0.77,2
770,0,283,138,17,22,0.84,2
771,0,283,138,17,22,0.84,2
772,0,283,138,17,22,0.83,2
773,0,283,138,17,22,0.87,2
774,0,283,138,17,22,0.87,2
775,0,283,138,17,22,0.86,2
776,0,283,138,17,22,0.87,2
777,0,283,138,17,22,0.87,2
778,0,283,138,17,22,0.87,2
779,0,283,139,17,22,0.66,2
780,0,283,141,17,20,0.75,2
781,0,283,141,17,20,0.77,2
782,0,284,139,16,21,0.69,2
783,0,283,139,17,22,0.69,2
784,0,283,138,16,22,0.83,2
785,0,283,138,16,22,0.83,2
786,0,283,138,16,22,0.82,2
787,0,282,140,17,20,0.58,2
788,0,282,139,17,21,0.47,2
789,0,283,141,16,20,0.74,2
790,0,283,142,16,18,0.81,2
791,0,283,142,16,18,0.81,2
792,0,283,142,16,18,0.82,2
793,0,283,139,16,21,0.68,2
794,0,284,142,15,18,0.86,2
795,0,284,139,16,21,0.74,2
796,0,284,140,16,20,0.74,2
797,0,284,142,15,18,0.86,2
798,0,284,143,15,17,0.86,2
799,0,284,143,15,17,0.86,2
800,0,284,143,15,17,0.86,2
801,0,284,143,15,17,0.86,2
802,0,284,140,16,20,0.82,2
803,0,283,140,16,20,0.81,2
804,0,284,138,16,22,0.86,2
805,0,283,140,17,20,0.79,2
806,0,283,140,17,20,0.62,2
807,0,283,140,17,20,0.71,2
808,0,283,140,18,20,0.82,2
809,0,283,141,17,19,0.84,2
810,0,283,141,17,19,0.84,2
811,0,283,141,17,19,0.85,2
812,0,283,141,17,19,0.85,2
813,0,283,141,17,19,0.85,2
814,0,283,141,17,19,0.85,2
815,0,283,141,18,19,0.83,2
816,0,283,141,17,19,0.83,2
817,0,283,141,17,19,0.83,2
818,0,282,141,18,19,0.63,2
819,0,282,141,18,19,0.68,2
820,0,282,141,18,19,0.68,2
821,0,282,140,18,20,0.58,2
822,0,282,139,18,21,0.56,2
823,0,282,139,18,21,0.56,2
824,0,282,141,17,19,0.83,2
825,0,282,141,17,19,0.84,2
826,0,282,141,17,19,0.84,2
827,0,282,142,17,18,0.84,2
828,0,282,141,17,19,0.84,2
829,0,282,142,17,18,0.84,2
830,0,282,142,16,18,0.84,2
831,0,282,142,16,19,0.84,2
832,0,282,142,16,19,0.84,2
833,0,282,142,16,18,0.84,2
834,0,282,142,17,18,0.84,2
835,0,283,141,16,19,0.85,2
836,0,283,142,16,18,0.85,2
837,0,283,142,16,18,0.84,2
838,0,283,142,16,18,0.85,2
839,0,283,143,16,18,0.85,2
840,0,283,142,16,18,0.85,2
841,0,283,140,16,20,0.84,2
842,0,283,140,16,20,0.84,2
843,0,282,140,16,20,0.84,2
844,0,283,140,16,20,0.84,2
845,0,283,140,16,20,0.84,2
846,0,283,140,16,20,0.84,2
847,0,283,140,16,20,0.84,2
848,0,283,141,16,20,0.84,2
849,0,283,141,16,20,0.84,2
850,0,283,141,16,20,0.84,2
851,0,282,141,16,20,0.84,2
852,0,282,141,16,20,0.84,2
853,0,282,141,16,20,0.84,2
854,0,283,141,16,20,0.81,2
855,0,283,140,16,20,0.81,2
856,0,282,140,16,20,0.81,2
857,0,283,140,16,21,0.71,2
858,0,283,140,16,21,0.71,2
859,0,283,139,16,22,0.60,2
860,0,282,140,16,20,0.76,2
861,0,283,140,16,21,0.54,2
862,0,283,142,16,18,0.84,2
863,0,283,142,16,18,0.85,2
864,0,283,144,15,17,0.85,2
865,0,283,144,15,17,0.85,2
866,0,283,143,14,16,0.83,2
867,0,283,140,15,20,0.76,2
868,0,283,140,15,20,0.74,2
869,0,283,140,15,20,0.73,2
870,0,283,142,15,18,0.80,2
871,0,283,144,14,16,0.82,2
872,0,283,144,14,16,0.82,2
873,0,283,142,14,18,0.80,2
874,0,283,140,15,20,0.62,2
875,0,284,142,14,18,0.80,2
876,0,283,140,15,20,0.58,2
877,0,283,140,14,20,0.56,2
878,0,284,145,14,15,0.77,2
879,0,284,144,14,16,0.75,2
880,0,284,145,13,15,0.75,2
881,0,284,145,13,14,0.73,2
882,0,284,145,13,14,0.71,2
883,0,284,145,13,15,0.68,2
884,0,283,145,14,15,0.73,2
885,0,283,145,14,15,0.74,2
886,0,283,146,13,14,0.69,2
887,0,283,145,13,14,0.67,2
888,0,283,145,13,14,0.64,2
889,0,283,146,13,14,0.64,2
890,0,283,144,14,16,0.80,2
891,0,283,144,14,16,0.82,2
892,0,284,145,13,15,0.80,2
893,0,284,144,13,15,0.77,2
894,0,283,144,14,16,0.81,2
895,0,283,144,14,16,0.81,2
896,0,283,143,14,16,0.81,2
897,0,284,144,14,16,0.83,2
898,0,284,144,14,16,0.81,2
899,0,284,144,14,15,0.76,2
900,0,284,144,14,15,0.75,2
901,0,284,144,14,14,0.74,2
902,0,284,144,14,14,0.72,2
