1,-1,238,172,48,64,0.90,7,-1,-1
1,-1,388,162,18,18,0.88,2,-1,-1
1,-1,372,116,16,19,0.85,7,-1,-1
1,-1,304,184,22,20,0.84,2,-1,-1
1,-1,321,136,14,16,0.83,2,-1,-1
1,-1,292,149,15,16,0.80,2,-1,-1
2,-1,235,173,50,68,0.90,7,-1,-1
2,-1,388,162,18,17,0.88,2,-1,-1
2,-1,303,187,23,22,0.85,2,-1,-1
2,-1,321,138,13,15,0.84,2,-1,-1
2,-1,372,116,15,19,0.82,7,-1,-1
2,-1,292,151,16,18,0.79,2,-1,-1
3,-1,230,174,54,74,0.90,7,-1,-1
3,-1,387,160,17,16,0.88,2,-1,-1
3,-1,302,192,23,22,0.85,2,-1,-1
3,-1,320,139,14,15,0.83,2,-1,-1
3,-1,372,115,15,19,0.80,7,-1,-1
3,-1,290,158,16,14,0.66,2,-1,-1
4,-1,228,176,53,76,0.92,7,-1,-1
4,-1,386,158,17,16,0.88,2,-1,-1
4,-1,300,194,24,23,0.87,2,-1,-1
4,-1,371,115,15,19,0.85,7,-1,-1
4,-1,320,140,14,15,0.82,2,-1,-1
4,-1,291,158,16,14,0.79,2,-1,-1
5,-1,223,180,57,79,0.90,7,-1,-1
5,-1,386,157,17,16,0.88,2,-1,-1
5,-1,298,200,25,23,0.86,2,-1,-1
5,-1,320,141,14,15,0.83,2,-1,-1
5,-1,371,115,14,18,0.83,7,-1,-1
5,-1,288,159,18,15,0.82,2,-1,-1
6,-1,219,183,58,81,0.90,7,-1,-1
6,-1,386,156,16,16,0.87,2,-1,-1
6,-1,296,202,27,26,0.85,2,-1,-1
6,-1,287,161,18,16,0.83,2,-1,-1
6,-1,371,115,14,18,0.82,7,-1,-1
6,-1,320,142,14,14,0.77,2,-1,-1
7,-1,214,186,60,86,0.91,7,-1,-1
7,-1,385,155,16,15,0.87,2,-1,-1
7,-1,294,207,29,28,0.86,2,-1,-1
7,-1,371,114,14,19,0.85,7,-1,-1
7,-1,320,143,14,15,0.83,2,-1,-1
7,-1,287,164,16,15,0.82,2,-1,-1
8,-1,210,190,64,88,0.91,7,-1,-1
8,-1,385,153,16,16,0.87,2,-1,-1
8,-1,292,213,30,27,0.85,2,-1,-1
8,-1,318,145,14,15,0.85,2,-1,-1
8,-1,370,114,14,19,0.84,7,-1,-1
8,-1,286,164,17,16,0.83,2,-1,-1
9,-1,203,195,68,93,0.91,7,-1,-1
9,-1,384,151,16,16,0.87,2,-1,-1
9,-1,290,222,30,27,0.85,2,-1,-1
9,-1,318,145,14,16,0.84,2,-1,-1
9,-1,370,114,14,19,0.81,7,-1,-1
9,-1,281,166,20,19,0.80,2,-1,-1
10,-1,198,202,70,94,0.92,7,-1,-1
10,-1,288,226,32,29,0.87,2,-1,-1
10,-1,384,151,16,16,0.86,2,-1,-1
10,-1,318,146,15,16,0.82,2,-1,-1
10,-1,281,168,20,19,0.81,2,-1,-1
10,-1,370,114,14,18,0.79,7,-1,-1
11,-1,193,200,74,103,0.91,7,-1,-1
11,-1,286,234,32,28,0.86,2,-1,-1
11,-1,384,150,16,16,0.85,2,-1,-1
11,-1,316,148,15,16,0.84,2,-1,-1
11,-1,280,172,19,17,0.72,2,-1,-1
11,-1,370,113,14,18,0.70,7,-1,-1
12,-1,186,203,77,112,0.92,7,-1,-1
12,-1,281,242,34,32,0.88,2,-1,-1
12,-1,383,149,16,16,0.86,2,-1,-1
12,-1,316,150,15,16,0.82,2,-1,-1
12,-1,276,174,21,18,0.80,2,-1,-1
12,-1,370,112,14,18,0.68,7,-1,-1
13,-1,176,209,83,120,0.90,7,-1,-1
13,-1,277,253,36,32,0.88,2,-1,-1
13,-1,382,147,16,15,0.87,2,-1,-1
13,-1,314,151,16,16,0.84,2,-1,-1
13,-1,275,179,19,17,0.84,2,-1,-1
13,-1,370,113,14,17,0.67,7,-1,-1
14,-1,171,213,86,124,0.92,7,-1,-1
14,-1,274,260,36,36,0.89,2,-1,-1
14,-1,382,146,15,15,0.87,2,-1,-1
14,-1,314,151,17,18,0.85,2,-1,-1
14,-1,274,179,20,18,0.83,2,-1,-1
14,-1,369,112,14,17,0.72,7,-1,-1
15,-1,159,220,95,134,0.92,7,-1,-1
15,-1,268,273,40,38,0.90,2,-1,-1
15,-1,382,146,15,15,0.87,2,-1,-1
15,-1,272,182,21,20,0.85,2,-1,-1
15,-1,313,153,17,18,0.84,2,-1,-1
15,-1,368,112,14,17,0.70,7,-1,-1
16,-1,152,223,102,143,0.93,7,-1,-1
16,-1,264,282,42,41,0.89,2,-1,-1
16,-1,381,144,14,14,0.87,2,-1,-1
16,-1,313,156,16,17,0.84,2,-1,-1
16,-1,270,185,22,20,0.82,2,-1,-1
16,-1,368,112,14,17,0.67,7,-1,-1
17,-1,140,230,109,156,0.92,7,-1,-1
17,-1,258,298,46,45,0.89,2,-1,-1
17,-1,380,144,15,14,0.87,2,-1,-1
17,-1,311,158,18,18,0.86,2,-1,-1
17,-1,368,111,14,17,0.65,7,-1,-1
17,-1,266,189,24,21,0.58,2,-1,-1
18,-1,130,235,114,168,0.92,7,-1,-1
18,-1,252,310,49,50,0.89,2,-1,-1
18,-1,311,158,18,19,0.86,2,-1,-1
18,-1,380,143,14,14,0.86,2,-1,-1
18,-1,368,111,13,17,0.52,2,-1,-1
18,-1,264,193,25,21,0.44,2,-1,-1
19,-1,243,331,53,56,0.92,2,-1,-1
19,-1,114,244,121,186,0.92,7,-1,-1
19,-1,379,142,15,14,0.86,2,-1,-1
19,-1,260,194,26,24,0.85,2,-1,-1
19,-1,310,160,18,20,0.85,2,-1,-1
19,-1,368,111,13,17,0.48,2,-1,-1
20,-1,100,252,131,197,0.92,7,-1,-1
20,-1,236,342,58,67,0.90,2,-1,-1
20,-1,378,142,15,14,0.86,2,-1,-1
20,-1,309,161,18,20,0.86,2,-1,-1
20,-1,258,200,27,23,0.83,2,-1,-1
20,-1,367,111,13,17,0.61,7,-1,-1
21,-1,73,264,154,219,0.91,7,-1,-1
21,-1,223,373,64,74,0.91,2,-1,-1
21,-1,307,164,18,20,0.86,2,-1,-1
21,-1,378,141,15,14,0.86,2,-1,-1
21,-1,254,206,28,23,0.80,2,-1,-1
21,-1,366,110,13,16,0.53,7,-1,-1
22,-1,214,395,66,83,0.91,2,-1,-1
22,-1,62,271,162,240,0.90,7,-1,-1
22,-1,307,166,19,20,0.85,2,-1,-1
22,-1,378,140,14,14,0.85,2,-1,-1
22,-1,252,208,27,25,0.84,2,-1,-1
22,-1,366,110,13,16,0.43,2,-1,-1
23,-1,195,436,77,96,0.91,2,-1,-1
23,-1,30,283,180,250,0.90,7,-1,-1
23,-1,377,139,14,14,0.85,2,-1,-1
23,-1,306,169,19,20,0.85,2,-1,-1
23,-1,366,110,13,16,0.61,2,-1,-1
23,-1,247,214,31,27,0.59,2,-1,-1
23,-1,303,137,12,13,0.14,2,-1,-1
24,-1,305,170,20,21,0.86,2,-1,-1
24,-1,244,216,32,30,0.86,2,-1,-1
24,-1,377,138,14,13,0.86,2,-1,-1
24,-1,198,467,64,65,0.79,2,-1,-1
24,-1,366,110,12,16,0.64,2,-1,-1
25,-1,238,222,34,32,0.87,2,-1,-1
25,-1,304,174,19,22,0.86,2,-1,-1
25,-1,376,136,14,13,0.85,2,-1,-1
25,-1,7,298,188,234,0.84,7,-1,-1
25,-1,302,138,14,14,0.60,2,-1,-1
25,-1,365,110,13,16,0.46,7,-1,-1
26,-1,234,229,34,32,0.86,2,-1,-1
26,-1,376,136,14,13,0.85,2,-1,-1
26,-1,303,175,19,22,0.84,2,-1,-1
26,-1,12,320,180,212,0.84,7,-1,-1
26,-1,302,138,14,14,0.57,2,-1,-1
26,-1,365,110,13,16,0.54,7,-1,-1
27,-1,301,178,20,24,0.87,2,-1,-1
27,-1,226,237,39,34,0.84,2,-1,-1
27,-1,7,348,172,186,0.83,7,-1,-1
27,-1,376,135,14,14,0.83,2,-1,-1
27,-1,364,110,13,16,0.56,7,-1,-1
27,-1,300,138,14,15,0.43,2,-1,-1
28,-1,33,362,128,172,0.90,7,-1,-1
28,-1,224,241,38,38,0.88,2,-1,-1
28,-1,300,181,20,24,0.85,2,-1,-1
28,-1,376,135,14,14,0.83,2,-1,-1
28,-1,364,109,13,16,0.62,7,-1,-1
28,-1,299,139,14,16,0.21,2,-1,-1
29,-1,297,184,22,24,0.86,2,-1,-1
29,-1,376,134,13,14,0.85,2,-1,-1
29,-1,218,253,39,39,0.84,2,-1,-1
29,-1,364,109,13,16,0.57,7,-1,-1
29,-1,299,139,14,16,0.19,2,-1,-1
30,-1,213,260,39,40,0.87,2,-1,-1
30,-1,296,186,22,26,0.86,2,-1,-1
30,-1,375,134,13,13,0.85,2,-1,-1
30,-1,299,141,15,18,0.68,2,-1,-1
30,-1,364,109,13,16,0.62,7,-1,-1
31,-1,203,270,42,46,0.88,2,-1,-1
31,-1,294,191,23,26,0.87,2,-1,-1
31,-1,374,133,14,14,0.85,2,-1,-1
31,-1,296,142,17,20,0.68,2,-1,-1
31,-1,363,108,13,16,0.54,7,-1,-1
32,-1,196,278,44,49,0.89,2,-1,-1
32,-1,293,193,24,28,0.88,2,-1,-1
32,-1,374,132,13,13,0.85,2,-1,-1
32,-1,296,142,17,19,0.69,2,-1,-1
32,-1,362,108,13,16,0.56,7,-1,-1
33,-1,188,286,47,54,0.89,2,-1,-1
33,-1,292,196,24,28,0.89,2,-1,-1
33,-1,374,132,13,13,0.85,2,-1,-1
33,-1,362,108,13,16,0.54,7,-1,-1
34,-1,178,301,50,60,0.90,2,-1,-1
34,-1,290,201,25,30,0.88,2,-1,-1
34,-1,374,131,13,14,0.86,2,-1,-1
34,-1,362,108,13,16,0.46,7,-1,-1
35,-1,287,206,26,31,0.88,2,-1,-1
35,-1,165,324,55,63,0.87,2,-1,-1
35,-1,373,131,13,13,0.86,2,-1,-1
35,-1,291,151,16,16,0.51,2,-1,-1
35,-1,362,108,12,15,0.40,2,-1,-1
36,-1,156,337,61,71,0.90,2,-1,-1
36,-1,284,210,27,32,0.89,2,-1,-1
36,-1,372,130,13,13,0.85,2,-1,-1
36,-1,290,153,17,16,0.72,2,-1,-1
36,-1,362,107,12,15,0.55,7,-1,-1
37,-1,281,215,29,34,0.89,2,-1,-1
37,-1,136,358,71,81,0.88,2,-1,-1
37,-1,372,130,13,13,0.85,2,-1,-1
37,-1,288,154,18,18,0.84,2,-1,-1
37,-1,362,108,12,14,0.47,2,-1,-1
38,-1,123,378,72,90,0.91,2,-1,-1
38,-1,280,221,29,34,0.89,2,-1,-1
38,-1,372,129,13,13,0.85,2,-1,-1
38,-1,288,154,18,20,0.83,2,-1,-1
38,-1,361,107,12,15,0.50,2,-1,-1
39,-1,99,415,80,99,0.91,2,-1,-1
39,-1,276,227,31,37,0.89,2,-1,-1
39,-1,286,158,18,19,0.84,2,-1,-1
39,-1,371,128,13,13,0.84,2,-1,-1
39,-1,360,107,12,14,0.41,2,-1,-1
40,-1,273,233,32,38,0.89,2,-1,-1
40,-1,284,159,19,20,0.85,2,-1,-1
40,-1,371,128,13,13,0.84,2,-1,-1
40,-1,360,107,12,15,0.42,2,-1,-1
41,-1,266,240,36,42,0.90,2,-1,-1
41,-1,283,162,19,20,0.84,2,-1,-1
41,-1,370,127,13,13,0.81,2,-1,-1
41,-1,64,485,82,50,0.65,2,-1,-1
41,-1,360,106,12,15,0.38,7,-1,-1
42,-1,264,245,36,45,0.89,2,-1,-1
42,-1,281,164,20,20,0.85,2,-1,-1
42,-1,370,127,13,13,0.80,2,-1,-1
42,-1,360,106,12,15,0.42,7,-1,-1
43,-1,260,257,36,46,0.90,2,-1,-1
43,-1,278,166,20,21,0.85,2,-1,-1
43,-1,370,126,13,12,0.80,2,-1,-1
43,-1,360,107,12,14,0.58,2,-1,-1
44,-1,255,264,39,50,0.91,2,-1,-1
44,-1,277,167,21,21,0.84,2,-1,-1
44,-1,370,126,13,12,0.81,2,-1,-1
44,-1,360,106,12,14,0.57,2,-1,-1
45,-1,247,277,44,54,0.90,2,-1,-1
45,-1,274,170,21,21,0.84,2,-1,-1
45,-1,370,125,13,13,0.79,2,-1,-1
45,-1,359,107,11,13,0.59,2,-1,-1
46,-1,243,286,44,58,0.90,2,-1,-1
46,-1,273,172,21,22,0.85,2,-1,-1
46,-1,369,125,13,13,0.79,2,-1,-1
46,-1,358,106,12,14,0.56,2,-1,-1
47,-1,233,301,49,64,0.92,2,-1,-1
47,-1,270,175,22,23,0.84,2,-1,-1
47,-1,369,124,13,12,0.82,2,-1,-1
47,-1,358,106,11,13,0.52,2,-1,-1
48,-1,227,312,52,70,0.93,2,-1,-1
48,-1,268,179,22,22,0.86,2,-1,-1
48,-1,369,124,13,12,0.82,2,-1,-1
48,-1,358,106,11,13,0.53,2,-1,-1
49,-1,216,333,58,79,0.91,2,-1,-1
49,-1,266,182,23,23,0.85,2,-1,-1
49,-1,368,123,13,12,0.81,2,-1,-1
49,-1,358,105,11,14,0.36,2,-1,-1
50,-1,208,349,61,84,0.91,2,-1,-1
50,-1,264,185,23,24,0.84,2,-1,-1
50,-1,368,123,12,12,0.82,2,-1,-1
50,-1,356,106,12,14,0.33,2,-1,-1
51,-1,194,377,67,96,0.92,2,-1,-1
51,-1,260,190,24,24,0.85,2,-1,-1
51,-1,368,122,12,12,0.79,2,-1,-1
51,-1,356,106,12,13,0.34,2,-1,-1
52,-1,183,399,73,106,0.93,2,-1,-1
52,-1,258,192,24,24,0.84,2,-1,-1
52,-1,368,122,12,12,0.80,2,-1,-1
52,-1,356,105,11,13,0.36,2,-1,-1
53,-1,254,196,26,26,0.83,2,-1,-1
53,-1,368,122,12,12,0.81,2,-1,-1
53,-1,356,105,11,13,0.34,2,-1,-1
54,-1,252,198,26,28,0.84,2,-1,-1
54,-1,368,121,12,12,0.79,2,-1,-1
54,-1,355,105,11,13,0.36,2,-1,-1
55,-1,368,121,12,12,0.78,2,-1,-1
55,-1,246,208,26,25,0.58,2,-1,-1
55,-1,312,110,16,22,0.56,7,-1,-1
55,-1,355,105,11,13,0.34,2,-1,-1
56,-1,367,121,12,12,0.76,2,-1,-1
56,-1,312,110,16,23,0.56,7,-1,-1
56,-1,354,105,11,13,0.35,2,-1,-1
57,-1,366,121,12,12,0.74,2,-1,-1
57,-1,238,212,30,34,0.66,2,-1,-1
57,-1,311,110,16,24,0.61,7,-1,-1
57,-1,354,104,11,13,0.30,2,-1,-1
58,-1,235,217,31,34,0.86,2,-1,-1
58,-1,311,111,16,24,0.74,7,-1,-1
58,-1,366,121,12,12,0.71,2,-1,-1
58,-1,354,104,11,13,0.31,2,-1,-1
59,-1,228,224,34,35,0.86,2,-1,-1
59,-1,311,111,17,24,0.73,7,-1,-1
59,-1,366,120,11,12,0.72,2,-1,-1
59,-1,352,104,12,13,0.44,2,-1,-1
60,-1,224,225,34,40,0.80,2,-1,-1
60,-1,311,111,17,25,0.78,7,-1,-1
60,-1,366,120,11,12,0.72,2,-1,-1
60,-1,352,104,11,13,0.40,2,-1,-1
61,-1,311,111,16,24,0.75,7,-1,-1
61,-1,366,119,11,11,0.67,2,-1,-1
61,-1,216,245,36,32,0.54,2,-1,-1
61,-1,352,104,11,13,0.35,2,-1,-1
62,-1,212,243,38,41,0.81,2,-1,-1
62,-1,310,111,17,25,0.78,7,-1,-1
62,-1,366,119,11,11,0.67,2,-1,-1
62,-1,351,104,11,13,0.33,7,-1,-1
63,-1,426,423,79,98,0.93,2,-1,-1
63,-1,310,111,17,26,0.82,7,-1,-1
63,-1,204,250,40,48,0.82,2,-1,-1
63,-1,366,118,10,11,0.71,2,-1,-1
63,-1,350,104,11,12,0.28,7,-1,-1
64,-1,420,398,72,89,0.92,2,-1,-1
64,-1,197,256,44,50,0.88,2,-1,-1
64,-1,310,111,17,26,0.82,7,-1,-1
64,-1,365,118,10,11,0.67,2,-1,-1
64,-1,350,104,11,12,0.29,2,-1,-1
65,-1,413,364,63,80,0.92,2,-1,-1
65,-1,187,270,46,51,0.90,2,-1,-1
65,-1,309,112,18,26,0.83,7,-1,-1
65,-1,364,118,10,11,0.67,2,-1,-1
65,-1,350,104,11,13,0.34,7,-1,-1
66,-1,408,346,58,73,0.92,2,-1,-1
66,-1,178,278,50,54,0.89,2,-1,-1
66,-1,308,112,19,26,0.83,7,-1,-1
66,-1,364,117,10,11,0.62,2,-1,-1
66,-1,348,103,11,12,0.32,7,-1,-1
67,-1,403,322,53,65,0.94,2,-1,-1
67,-1,308,112,19,27,0.83,7,-1,-1
67,-1,170,286,52,68,0.77,2,-1,-1
67,-1,364,117,10,11,0.62,2,-1,-1
67,-1,350,103,10,12,0.31,7,-1,-1
68,-1,400,307,50,62,0.92,2,-1,-1
68,-1,158,302,56,65,0.86,2,-1,-1
68,-1,308,112,19,27,0.83,7,-1,-1
68,-1,363,117,10,11,0.63,2,-1,-1
68,-1,348,103,10,12,0.28,7,-1,-1
69,-1,396,289,46,56,0.92,2,-1,-1
69,-1,307,113,19,27,0.81,7,-1,-1
69,-1,363,116,11,11,0.59,2,-1,-1
69,-1,348,103,10,12,0.20,7,-1,-1
70,-1,393,280,46,52,0.91,2,-1,-1
70,-1,131,339,62,75,0.83,2,-1,-1
70,-1,306,113,20,27,0.82,7,-1,-1
70,-1,363,116,11,11,0.60,2,-1,-1
70,-1,348,103,10,12,0.20,7,-1,-1
71,-1,390,265,42,49,0.91,2,-1,-1
71,-1,110,364,69,83,0.89,2,-1,-1
71,-1,306,113,20,28,0.84,7,-1,-1
71,-1,363,116,10,10,0.64,2,-1,-1
71,-1,348,103,10,12,0.12,7,-1,-1
72,-1,388,256,39,46,0.92,2,-1,-1
72,-1,93,381,75,92,0.88,2,-1,-1
72,-1,306,114,20,29,0.82,7,-1,-1
72,-1,362,116,10,10,0.61,2,-1,-1
73,-1,385,245,37,43,0.90,2,-1,-1
73,-1,74,413,76,108,0.89,2,-1,-1
73,-1,304,114,21,31,0.85,7,-1,-1
73,-1,362,116,10,10,0.66,2,-1,-1
74,-1,384,239,36,40,0.90,2,-1,-1
74,-1,304,114,21,31,0.84,7,-1,-1
74,-1,362,115,10,10,0.62,2,-1,-1
75,-1,382,229,34,39,0.90,2,-1,-1
75,-1,304,114,21,32,0.85,7,-1,-1
75,-1,362,115,10,10,0.62,2,-1,-1
76,-1,380,224,32,38,0.90,2,-1,-1
76,-1,302,115,22,32,0.86,7,-1,-1
76,-1,362,115,10,10,0.62,2,-1,-1
77,-1,378,217,30,34,0.90,2,-1,-1
77,-1,302,115,22,32,0.86,7,-1,-1
77,-1,362,114,10,11,0.69,2,-1,-1
78,-1,377,212,29,34,0.90,2,-1,-1
78,-1,302,116,21,32,0.86,7,-1,-1
78,-1,361,114,10,10,0.65,2,-1,-1
79,-1,376,205,28,32,0.89,2,-1,-1
79,-1,301,117,20,32,0.86,7,-1,-1
79,-1,361,114,10,10,0.65,2,-1,-1
80,-1,375,200,26,32,0.88,2,-1,-1
80,-1,300,117,20,33,0.85,7,-1,-1
80,-1,360,114,10,10,0.55,2,-1,-1
81,-1,374,197,26,31,0.87,2,-1,-1
81,-1,299,118,22,33,0.85,7,-1,-1
81,-1,360,113,10,10,0.48,2,-1,-1
82,-1,372,192,26,30,0.88,2,-1,-1
82,-1,298,118,22,34,0.85,7,-1,-1
82,-1,360,113,10,10,0.48,2,-1,-1
83,-1,371,187,24,28,0.89,2,-1,-1
83,-1,297,119,22,35,0.85,7,-1,-1
83,-1,360,113,9,10,0.40,2,-1,-1
84,-1,370,184,24,28,0.88,2,-1,-1
84,-1,296,119,22,35,0.86,7,-1,-1
84,-1,359,113,9,10,0.23,2,-1,-1
85,-1,370,180,22,26,0.87,2,-1,-1
85,-1,295,120,24,35,0.84,7,-1,-1
85,-1,359,112,8,10,0.28,2,-1,-1
86,-1,369,178,22,26,0.88,2,-1,-1
86,-1,294,120,24,36,0.86,7,-1,-1
86,-1,359,112,8,10,0.30,2,-1,-1
87,-1,294,120,24,37,0.87,7,-1,-1
87,-1,368,175,22,24,0.87,2,-1,-1
87,-1,359,112,8,10,0.35,2,-1,-1
88,-1,292,121,24,38,0.88,7,-1,-1
88,-1,368,172,21,24,0.87,2,-1,-1
88,-1,358,112,8,10,0.43,2,-1,-1
89,-1,368,170,20,24,0.89,2,-1,-1
89,-1,292,121,24,38,0.87,7,-1,-1
89,-1,358,112,8,10,0.42,2,-1,-1
90,-1,291,122,24,39,0.88,7,-1,-1
90,-1,366,167,20,23,0.86,2,-1,-1
90,-1,358,112,8,10,0.40,2,-1,-1
91,-1,290,122,25,39,0.87,7,-1,-1
91,-1,366,165,20,23,0.87,2,-1,-1
91,-1,357,112,8,10,0.35,2,-1,-1
92,-1,366,162,20,22,0.87,2,-1,-1
92,-1,289,123,25,40,0.87,7,-1,-1
92,-1,357,112,8,10,0.37,2,-1,-1
93,-1,288,124,26,39,0.88,7,-1,-1
93,-1,365,160,20,22,0.86,2,-1,-1
93,-1,356,111,9,11,0.27,2,-1,-1
94,-1,287,125,26,42,0.87,7,-1,-1
94,-1,364,158,19,22,0.86,2,-1,-1
94,-1,356,111,9,11,0.27,2,-1,-1
95,-1,364,156,19,21,0.88,2,-1,-1
95,-1,286,126,27,43,0.87,7,-1,-1
95,-1,355,110,10,11,0.21,2,-1,-1
96,-1,364,154,18,20,0.88,2,-1,-1
96,-1,285,126,27,44,0.87,7,-1,-1
96,-1,355,110,10,11,0.22,2,-1,-1
97,-1,284,126,27,44,0.88,7,-1,-1
97,-1,363,153,18,20,0.87,2,-1,-1
98,-1,284,127,27,45,0.89,7,-1,-1
98,-1,362,151,18,21,0.86,2,-1,-1
98,-1,544,496,90,39,0.83,2,-1,-1
98,-1,314,148,14,17,0.12,2,-1,-1
99,-1,528,457,83,77,0.90,2,-1,-1
99,-1,282,128,28,46,0.89,7,-1,-1
99,-1,362,150,18,20,0.88,2,-1,-1
99,-1,353,110,10,11,0.12,2,-1,-1
100,-1,520,434,75,73,0.93,2,-1,-1
100,-1,281,129,29,47,0.89,7,-1,-1
100,-1,362,148,18,19,0.88,2,-1,-1
101,-1,508,402,68,65,0.93,2,-1,-1
101,-1,279,130,30,48,0.89,7,-1,-1
101,-1,362,146,17,19,0.87,2,-1,-1
101,-1,352,110,10,10,0.11,2,-1,-1
102,-1,498,384,65,62,0.92,2,-1,-1
102,-1,278,130,30,49,0.89,7,-1,-1
102,-1,361,145,18,19,0.85,2,-1,-1
102,-1,352,110,10,10,0.18,2,-1,-1
103,-1,489,361,58,56,0.91,2,-1,-1
103,-1,276,130,31,50,0.89,7,-1,-1
103,-1,361,144,17,18,0.85,2,-1,-1
104,-1,479,340,55,53,0.91,2,-1,-1
104,-1,274,132,32,52,0.89,7,-1,-1
104,-1,361,142,16,18,0.85,2,-1,-1
105,-1,475,328,50,49,0.90,2,-1,-1
105,-1,274,133,33,54,0.89,7,-1,-1
105,-1,360,142,16,17,0.85,2,-1,-1
106,-1,470,312,44,45,0.90,2,-1,-1
106,-1,272,134,34,54,0.88,7,-1,-1
106,-1,360,140,16,17,0.86,2,-1,-1
107,-1,464,298,40,42,0.89,2,-1,-1
107,-1,270,135,34,56,0.88,7,-1,-1
107,-1,360,139,16,17,0.86,2,-1,-1
108,-1,269,135,34,58,0.89,7,-1,-1
108,-1,459,289,39,40,0.89,2,-1,-1
108,-1,360,138,15,17,0.86,2,-1,-1
109,-1,267,136,36,59,0.91,7,-1,-1
109,-1,456,280,36,39,0.89,2,-1,-1
109,-1,360,137,15,16,0.86,2,-1,-1
110,-1,265,138,37,60,0.90,7,-1,-1
110,-1,450,270,35,36,0.88,2,-1,-1
110,-1,360,136,14,16,0.86,2,-1,-1
111,-1,262,140,40,62,0.90,7,-1,-1
111,-1,446,261,34,34,0.88,2,-1,-1
111,-1,360,134,14,15,0.84,2,-1,-1
112,-1,260,141,40,64,0.90,7,-1,-1
112,-1,442,255,32,32,0.87,2,-1,-1
112,-1,360,134,14,16,0.84,2,-1,-1
113,-1,258,142,42,65,0.90,7,-1,-1
113,-1,440,249,30,32,0.88,2,-1,-1
113,-1,360,134,14,14,0.83,2,-1,-1
114,-1,255,143,43,67,0.92,7,-1,-1
114,-1,436,240,30,30,0.87,2,-1,-1
114,-1,359,132,14,15,0.87,2,-1,-1
115,-1,252,145,45,70,0.91,7,-1,-1
115,-1,432,234,28,28,0.87,2,-1,-1
115,-1,358,131,14,16,0.87,2,-1,-1
116,-1,250,146,46,72,0.91,7,-1,-1
116,-1,359,131,13,15,0.87,2,-1,-1
116,-1,431,230,26,27,0.86,2,-1,-1
117,-1,249,147,47,73,0.92,7,-1,-1
117,-1,428,225,26,27,0.89,2,-1,-1
117,-1,358,130,13,14,0.86,2,-1,-1
118,-1,246,149,48,77,0.91,7,-1,-1
118,-1,424,219,25,26,0.87,2,-1,-1
118,-1,358,129,13,15,0.84,2,-1,-1
119,-1,241,150,53,82,0.91,7,-1,-1
119,-1,421,214,25,25,0.86,2,-1,-1
119,-1,358,128,13,14,0.83,2,-1,-1
120,-1,238,151,55,86,0.91,7,-1,-1
120,-1,420,210,23,25,0.89,2,-1,-1
120,-1,358,127,12,14,0.84,2,-1,-1
121,-1,236,152,56,87,0.92,7,-1,-1
121,-1,418,208,23,24,0.84,2,-1,-1
121,-1,358,127,13,14,0.82,2,-1,-1
122,-1,231,154,58,93,0.93,7,-1,-1
122,-1,415,202,22,23,0.88,2,-1,-1
122,-1,357,126,12,14,0.83,2,-1,-1
123,-1,226,156,61,98,0.92,7,-1,-1
123,-1,414,198,20,22,0.86,2,-1,-1
123,-1,356,125,13,14,0.82,2,-1,-1
124,-1,222,158,64,100,0.91,7,-1,-1
124,-1,414,196,19,22,0.88,2,-1,-1
124,-1,356,125,13,14,0.81,2,-1,-1
125,-1,220,159,66,105,0.92,7,-1,-1
125,-1,411,194,20,22,0.86,2,-1,-1
125,-1,356,124,13,14,0.83,2,-1,-1
126,-1,213,163,70,109,0.93,7,-1,-1
126,-1,408,190,20,20,0.87,2,-1,-1
126,-1,356,124,13,14,0.83,2,-1,-1
127,-1,206,166,74,115,0.93,7,-1,-1
127,-1,356,123,12,14,0.79,2,-1,-1
127,-1,406,189,18,18,0.52,2,-1,-1
128,-1,201,168,78,120,0.94,7,-1,-1
128,-1,405,183,19,21,0.85,2,-1,-1
128,-1,356,123,12,13,0.76,2,-1,-1
129,-1,196,170,82,126,0.94,7,-1,-1
129,-1,404,181,19,20,0.89,2,-1,-1
129,-1,356,122,12,13,0.74,2,-1,-1
130,-1,189,174,86,135,0.92,7,-1,-1
130,-1,356,120,12,14,0.74,2,-1,-1
130,-1,402,178,18,19,0.48,2,-1,-1
131,-1,178,178,93,144,0.94,7,-1,-1
131,-1,430,438,68,77,0.88,2,-1,-1
131,-1,400,175,18,19,0.76,2,-1,-1
131,-1,356,120,12,14,0.74,2,-1,-1
132,-1,172,180,99,152,0.93,7,-1,-1
132,-1,425,412,62,68,0.90,2,-1,-1
132,-1,400,174,18,19,0.87,2,-1,-1
132,-1,356,120,12,13,0.73,2,-1,-1
133,-1,166,182,104,160,0.93,7,-1,-1
133,-1,420,387,56,63,0.89,2,-1,-1
133,-1,400,174,17,18,0.85,2,-1,-1
133,-1,356,120,11,14,0.74,2,-1,-1
134,-1,152,188,111,172,0.94,7,-1,-1
134,-1,412,357,52,54,0.89,2,-1,-1
134,-1,398,171,18,17,0.80,2,-1,-1
134,-1,356,119,11,13,0.71,2,-1,-1
135,-1,140,193,120,188,0.93,7,-1,-1
135,-1,408,332,48,49,0.89,2,-1,-1
135,-1,396,169,18,17,0.78,2,-1,-1
135,-1,355,118,12,13,0.69,2,-1,-1
136,-1,130,196,127,201,0.93,7,-1,-1
136,-1,404,318,46,45,0.89,2,-1,-1
136,-1,354,118,11,13,0.67,2,-1,-1
136,-1,394,166,18,17,0.19,2,-1,-1
137,-1,118,200,136,216,0.92,7,-1,-1
137,-1,402,304,44,43,0.88,2,-1,-1
137,-1,354,118,11,13,0.66,2,-1,-1
138,-1,100,208,151,240,0.90,7,-1,-1
138,-1,398,288,42,38,0.88,2,-1,-1
138,-1,354,117,11,13,0.66,2,-1,-1
139,-1,77,212,167,270,0.91,7,-1,-1
139,-1,394,272,38,36,0.87,2,-1,-1
139,-1,354,117,11,13,0.68,2,-1,-1
140,-1,57,219,182,290,0.92,7,-1,-1
140,-1,392,264,36,33,0.87,2,-1,-1
140,-1,354,117,11,13,0.68,2,-1,-1
141,-1,46,226,191,304,0.90,7,-1,-1
141,-1,390,256,34,33,0.86,2,-1,-1
141,-1,354,117,11,12,0.66,2,-1,-1
142,-1,11,236,214,295,0.92,7,-1,-1
142,-1,388,245,34,30,0.88,2,-1,-1
142,-1,354,116,11,12,0.72,2,-1,-1
143,-1,10,245,211,285,0.91,7,-1,-1
143,-1,386,237,32,27,0.86,2,-1,-1
143,-1,354,114,11,12,0.71,2,-1,-1
144,-1,10,252,204,278,0.90,7,-1,-1
144,-1,384,230,30,27,0.87,2,-1,-1
144,-1,353,114,11,12,0.70,2,-1,-1
145,-1,10,266,196,266,0.90,7,-1,-1
145,-1,383,226,28,25,0.86,2,-1,-1
145,-1,353,114,11,13,0.66,2,-1,-1
146,-1,8,282,191,252,0.89,7,-1,-1
146,-1,381,217,28,24,0.87,2,-1,-1
146,-1,352,113,11,13,0.68,2,-1,-1
147,-1,8,300,176,234,0.89,7,-1,-1
147,-1,380,210,26,24,0.87,2,-1,-1
147,-1,352,113,12,13,0.67,2,-1,-1
148,-1,8,317,160,218,0.91,7,-1,-1
148,-1,378,206,25,24,0.86,2,-1,-1
148,-1,352,113,11,12,0.65,2,-1,-1
149,-1,8,332,150,202,0.92,7,-1,-1
149,-1,377,203,24,22,0.86,2,-1,-1
149,-1,352,113,11,12,0.63,2,-1,-1
150,-1,376,198,24,21,0.85,2,-1,-1
150,-1,352,113,11,12,0.64,2,-1,-1
151,-1,375,194,22,19,0.85,2,-1,-1
151,-1,352,112,10,12,0.57,2,-1,-1
152,-1,374,190,22,20,0.87,2,-1,-1
152,-1,7,432,83,102,0.54,7,-1,-1
152,-1,351,112,10,12,0.50,2,-1,-1
153,-1,374,188,21,18,0.86,2,-1,-1
153,-1,351,112,10,12,0.38,2,-1,-1
153,-1,6,470,53,64,0.37,7,-1,-1
154,-1,372,182,21,20,0.86,2,-1,-1
154,-1,350,112,10,11,0.42,2,-1,-1
155,-1,371,177,22,20,0.86,2,-1,-1
155,-1,350,112,9,11,0.26,2,-1,-1
156,-1,370,174,22,20,0.85,2,-1,-1
156,-1,350,112,10,11,0.28,2,-1,-1
157,-1,369,173,20,18,0.85,2,-1,-1
157,-1,350,112,9,10,0.22,2,-1,-1
158,-1,368,170,20,18,0.84,2,-1,-1
158,-1,348,111,9,10,0.29,2,-1,-1
159,-1,368,168,19,17,0.82,2,-1,-1
159,-1,348,112,9,10,0.29,2,-1,-1
160,-1,368,165,18,17,0.80,2,-1,-1
160,-1,348,111,9,10,0.16,2,-1,-1
161,-1,367,164,18,16,0.83,2,-1,-1
161,-1,348,111,9,10,0.17,2,-1,-1
162,-1,367,161,17,16,0.84,2,-1,-1
162,-1,316,117,10,12,0.27,2,-1,-1
163,-1,366,158,17,16,0.84,2,-1,-1
163,-1,316,117,10,13,0.12,2,-1,-1
164,-1,366,158,17,15,0.82,2,-1,-1
165,-1,366,156,16,15,0.85,2,-1,-1
165,-1,316,117,10,12,0.24,2,-1,-1
166,-1,365,154,15,14,0.86,2,-1,-1
167,-1,365,152,14,14,0.82,2,-1,-1
168,-1,365,150,14,14,0.77,2,-1,-1
168,-1,314,118,12,16,0.10,2,-1,-1
169,-1,314,117,12,16,0.18,2,-1,-1
170,-1,314,118,12,15,0.43,2,-1,-1
171,-1,364,146,14,14,0.54,2,-1,-1
171,-1,314,118,12,16,0.47,2,-1,-1
172,-1,363,144,14,14,0.27,2,-1,-1
172,-1,314,119,12,16,0.17,2,-1,-1
173,-1,362,145,14,14,0.19,2,-1,-1
173,-1,313,120,12,15,0.15,2,-1,-1
174,-1,313,121,12,15,0.52,2,-1,-1
174,-1,363,143,13,13,0.29,2,-1,-1
174,-1,328,125,9,10,0.12,2,-1,-1
175,-1,313,120,12,16,0.52,2,-1,-1
176,-1,362,139,13,13,0.36,2,-1,-1
176,-1,313,120,12,15,0.13,2,-1,-1
177,-1,362,139,13,13,0.38,2,-1,-1
178,-1,311,123,12,14,0.21,2,-1,-1
179,-1,311,124,12,14,0.67,2,-1,-1
179,-1,360,138,14,13,0.51,2,-1,-1
180,-1,312,124,12,14,0.65,2,-1,-1
180,-1,359,137,14,13,0.58,2,-1,-1
181,-1,359,135,12,13,0.51,2,-1,-1
181,-1,310,124,12,15,0.19,2,-1,-1
182,-1,310,126,12,14,0.68,2,-1,-1
182,-1,359,134,12,13,0.57,2,-1,-1
183,-1,310,126,12,14,0.68,2,-1,-1
183,-1,359,134,12,13,0.57,2,-1,-1
184,-1,-1,-1,-1,-1,-1,-1,-1,-1
185,-1,310,127,12,15,0.72,2,-1,-1
186,-1,309,127,12,16,0.60,2,-1,-1
187,-1,308,130,13,16,0.41,2,-1,-1
188,-1,308,130,14,16,0.74,2,-1,-1
188,-1,326,133,11,12,0.38,2,-1,-1
189,-1,308,131,13,15,0.79,2,-1,-1
189,-1,326,133,11,12,0.37,2,-1,-1
190,-1,306,132,13,14,0.78,2,-1,-1
190,-1,326,133,11,12,0.61,2,-1,-1
191,-1,306,133,13,14,0.62,2,-1,-1
191,-1,326,134,11,12,0.58,2,-1,-1
192,-1,304,136,14,14,0.77,2,-1,-1
192,-1,326,135,11,12,0.57,2,-1,-1
193,-1,304,135,14,16,0.81,2,-1,-1
193,-1,324,136,12,12,0.29,2,-1,-1
194,-1,304,136,14,17,0.84,2,-1,-1
194,-1,326,135,11,11,0.31,2,-1,-1
195,-1,303,137,14,16,0.85,2,-1,-1
195,-1,325,137,11,12,0.64,2,-1,-1
196,-1,302,138,14,17,0.86,2,-1,-1
196,-1,324,138,12,12,0.55,2,-1,-1
197,-1,435,436,90,86,0.91,2,-1,-1
197,-1,301,139,15,16,0.86,2,-1,-1
197,-1,324,138,12,12,0.29,2,-1,-1
198,-1,425,397,70,69,0.91,2,-1,-1
198,-1,300,140,15,17,0.86,2,-1,-1
198,-1,323,139,12,12,0.63,2,-1,-1
199,-1,422,371,62,65,0.92,2,-1,-1
199,-1,300,141,15,16,0.85,2,-1,-1
199,-1,322,140,12,12,0.64,2,-1,-1
200,-1,416,342,53,56,0.89,2,-1,-1
200,-1,298,142,16,18,0.84,2,-1,-1
200,-1,322,141,13,13,0.74,2,-1,-1
201,-1,410,324,50,54,0.90,2,-1,-1
201,-1,298,144,15,17,0.84,2,-1,-1
201,-1,322,142,13,14,0.71,2,-1,-1
202,-1,406,303,46,48,0.89,2,-1,-1
202,-1,296,145,16,18,0.84,2,-1,-1
202,-1,321,143,14,14,0.74,2,-1,-1
203,-1,402,290,45,45,0.90,2,-1,-1
203,-1,296,146,16,17,0.84,2,-1,-1
203,-1,321,144,14,14,0.74,2,-1,-1
204,-1,398,274,45,42,0.89,2,-1,-1
204,-1,294,149,16,18,0.85,2,-1,-1
204,-1,320,146,14,13,0.81,2,-1,-1
205,-1,396,266,41,38,0.88,2,-1,-1
205,-1,293,150,16,18,0.84,2,-1,-1
205,-1,320,147,13,13,0.79,2,-1,-1
206,-1,392,252,36,36,0.87,2,-1,-1
206,-1,291,152,17,19,0.85,2,-1,-1
206,-1,320,148,14,14,0.79,2,-1,-1
207,-1,390,246,35,33,0.88,2,-1,-1
207,-1,290,153,18,19,0.84,2,-1,-1
207,-1,319,150,14,12,0.79,2,-1,-1
208,-1,388,237,32,30,0.88,2,-1,-1
208,-1,288,156,18,20,0.85,2,-1,-1
208,-1,318,151,14,13,0.76,2,-1,-1
209,-1,386,230,31,29,0.87,2,-1,-1
209,-1,287,157,18,20,0.86,2,-1,-1
209,-1,318,152,14,14,0.81,2,-1,-1
210,-1,384,221,29,28,0.87,2,-1,-1
210,-1,284,160,18,20,0.85,2,-1,-1
210,-1,317,154,14,14,0.84,2,-1,-1
210,-1,313,116,13,20,0.34,7,-1,-1
211,-1,382,217,30,26,0.89,2,-1,-1
211,-1,283,161,18,21,0.86,2,-1,-1
211,-1,316,154,15,14,0.84,2,-1,-1
211,-1,313,116,13,20,0.30,7,-1,-1
212,-1,380,208,28,26,0.88,2,-1,-1
212,-1,281,164,19,21,0.87,2,-1,-1
212,-1,316,156,15,15,0.82,2,-1,-1
212,-1,313,116,12,20,0.25,7,-1,-1
213,-1,379,205,26,24,0.86,2,-1,-1
213,-1,279,165,19,22,0.86,2,-1,-1
213,-1,315,158,16,15,0.82,2,-1,-1
214,-1,378,200,24,24,0.87,2,-1,-1
214,-1,276,168,21,22,0.85,2,-1,-1
214,-1,314,159,16,16,0.83,2,-1,-1
214,-1,312,118,12,18,0.16,7,-1,-1
215,-1,275,170,20,24,0.87,2,-1,-1
215,-1,378,195,22,23,0.87,2,-1,-1
215,-1,314,160,16,16,0.84,2,-1,-1
215,-1,310,116,14,21,0.75,7,-1,-1
216,-1,376,188,22,24,0.86,2,-1,-1
216,-1,272,174,21,24,0.85,2,-1,-1
216,-1,313,163,16,16,0.83,2,-1,-1
216,-1,311,116,14,21,0.69,7,-1,-1
217,-1,376,186,21,22,0.88,2,-1,-1
217,-1,270,176,22,24,0.87,2,-1,-1
217,-1,312,165,17,16,0.84,2,-1,-1
217,-1,310,117,13,20,0.81,7,-1,-1
217,-1,323,138,11,12,0.32,2,-1,-1
218,-1,267,178,22,26,0.87,2,-1,-1
218,-1,374,183,21,20,0.87,2,-1,-1
218,-1,312,166,18,17,0.84,2,-1,-1
218,-1,310,117,14,21,0.83,7,-1,-1
218,-1,324,138,11,12,0.24,2,-1,-1
219,-1,374,180,20,20,0.87,2,-1,-1
219,-1,310,168,18,18,0.86,2,-1,-1
219,-1,265,182,22,26,0.85,2,-1,-1
219,-1,310,116,14,22,0.82,7,-1,-1
220,-1,262,186,23,28,0.88,2,-1,-1
220,-1,372,176,19,19,0.87,2,-1,-1
220,-1,309,170,18,18,0.85,2,-1,-1
220,-1,310,117,14,22,0.83,7,-1,-1
220,-1,324,140,12,14,0.56,2,-1,-1
221,-1,259,188,24,28,0.88,2,-1,-1
221,-1,372,174,20,19,0.87,2,-1,-1
221,-1,308,172,19,19,0.85,2,-1,-1
221,-1,309,117,15,22,0.83,7,-1,-1
221,-1,322,140,12,14,0.41,2,-1,-1
222,-1,256,193,25,30,0.87,2,-1,-1
222,-1,307,176,19,18,0.86,2,-1,-1
222,-1,370,170,19,18,0.85,2,-1,-1
222,-1,308,118,16,23,0.84,7,-1,-1
222,-1,322,141,12,14,0.21,2,-1,-1
223,-1,252,196,26,31,0.89,2,-1,-1
223,-1,306,178,19,18,0.86,2,-1,-1
223,-1,370,168,19,18,0.86,2,-1,-1
223,-1,308,117,15,23,0.83,7,-1,-1
223,-1,320,141,13,16,0.73,2,-1,-1
224,-1,248,201,26,32,0.89,2,-1,-1
224,-1,306,180,20,20,0.87,2,-1,-1
224,-1,369,164,19,18,0.82,2,-1,-1
224,-1,308,118,16,24,0.81,7,-1,-1
224,-1,320,144,13,14,0.49,2,-1,-1
225,-1,244,206,28,33,0.88,2,-1,-1
225,-1,304,184,20,19,0.86,2,-1,-1
225,-1,370,163,16,18,0.84,2,-1,-1
225,-1,307,117,16,25,0.79,7,-1,-1
225,-1,320,144,13,14,0.18,2,-1,-1
226,-1,240,211,30,36,0.89,2,-1,-1
226,-1,302,186,21,20,0.87,2,-1,-1
226,-1,369,161,16,18,0.84,2,-1,-1
226,-1,306,118,18,25,0.83,7,-1,-1
226,-1,322,146,13,14,0.54,2,-1,-1
227,-1,235,216,31,38,0.89,2,-1,-1
227,-1,302,189,21,21,0.87,2,-1,-1
227,-1,306,118,18,25,0.85,7,-1,-1
227,-1,368,158,16,18,0.84,2,-1,-1
227,-1,322,147,12,14,0.16,2,-1,-1
228,-1,228,224,34,40,0.90,2,-1,-1
228,-1,300,192,21,22,0.87,2,-1,-1
228,-1,305,118,19,26,0.84,7,-1,-1
228,-1,368,158,16,16,0.82,2,-1,-1
229,-1,224,228,35,42,0.90,2,-1,-1
229,-1,548,482,86,52,0.88,2,-1,-1
229,-1,298,195,23,23,0.88,2,-1,-1
229,-1,367,154,16,17,0.84,2,-1,-1
229,-1,306,118,19,27,0.83,7,-1,-1
229,-1,318,149,15,16,0.61,2,-1,-1
230,-1,528,440,74,74,0.91,2,-1,-1
230,-1,216,237,38,46,0.90,2,-1,-1
230,-1,296,200,23,23,0.87,2,-1,-1
230,-1,367,152,16,16,0.85,2,-1,-1
230,-1,305,118,19,27,0.82,7,-1,-1
230,-1,318,151,14,16,0.52,2,-1,-1
231,-1,516,415,69,66,0.91,2,-1,-1
231,-1,210,244,38,47,0.91,2,-1,-1
231,-1,295,205,24,22,0.86,2,-1,-1
231,-1,367,152,15,16,0.84,2,-1,-1
231,-1,304,118,20,28,0.82,7,-1,-1
231,-1,318,153,15,16,0.66,2,-1,-1
232,-1,502,384,61,58,0.90,2,-1,-1
232,-1,200,254,41,52,0.90,2,-1,-1
232,-1,292,210,25,24,0.89,2,-1,-1
232,-1,303,119,20,27,0.83,7,-1,-1
232,-1,367,151,15,15,0.80,2,-1,-1
232,-1,316,152,16,18,0.76,2,-1,-1
233,-1,492,365,57,52,0.91,2,-1,-1
233,-1,193,262,43,55,0.91,2,-1,-1
233,-1,292,212,26,26,0.88,2,-1,-1
233,-1,302,120,20,28,0.83,7,-1,-1
233,-1,316,155,16,17,0.76,2,-1,-1
234,-1,182,276,47,60,0.92,2,-1,-1
234,-1,481,339,52,49,0.91,2,-1,-1
234,-1,288,219,26,26,0.88,2,-1,-1
234,-1,302,120,21,29,0.84,7,-1,-1
234,-1,314,157,18,18,0.63,2,-1,-1
235,-1,173,286,49,64,0.92,2,-1,-1
235,-1,474,326,49,45,0.90,2,-1,-1
235,-1,286,224,26,27,0.89,2,-1,-1
235,-1,302,120,20,28,0.83,7,-1,-1
235,-1,314,157,18,20,0.78,2,-1,-1
236,-1,157,302,56,72,0.94,2,-1,-1
236,-1,465,306,45,42,0.91,2,-1,-1
236,-1,283,231,28,28,0.89,2,-1,-1
236,-1,301,122,20,28,0.83,7,-1,-1
236,-1,314,160,17,18,0.75,2,-1,-1
237,-1,146,316,60,77,0.92,2,-1,-1
237,-1,459,296,42,39,0.91,2,-1,-1
237,-1,281,236,29,30,0.90,2,-1,-1
237,-1,301,122,20,27,0.83,7,-1,-1
237,-1,312,162,18,19,0.78,2,-1,-1
238,-1,126,339,66,88,0.93,2,-1,-1
238,-1,276,243,31,32,0.90,2,-1,-1
238,-1,452,280,39,36,0.90,2,-1,-1
238,-1,300,124,20,28,0.84,7,-1,-1
238,-1,310,164,20,20,0.83,2,-1,-1
239,-1,110,354,72,97,0.93,2,-1,-1
239,-1,448,272,37,34,0.90,2,-1,-1
239,-1,274,249,32,34,0.90,2,-1,-1
239,-1,299,125,20,28,0.84,7,-1,-1
239,-1,310,166,20,20,0.83,2,-1,-1
240,-1,83,387,81,112,0.93,2,-1,-1
240,-1,270,260,33,36,0.90,2,-1,-1
240,-1,442,260,34,32,0.89,2,-1,-1
240,-1,298,126,21,28,0.84,7,-1,-1
240,-1,309,169,21,20,0.74,2,-1,-1
241,-1,63,411,88,120,0.93,2,-1,-1
241,-1,266,267,35,37,0.90,2,-1,-1
241,-1,438,253,33,31,0.89,2,-1,-1
241,-1,298,126,21,28,0.83,7,-1,-1
241,-1,308,171,22,21,0.80,2,-1,-1
242,-1,260,280,38,40,0.90,2,-1,-1
242,-1,433,243,31,30,0.89,2,-1,-1
242,-1,296,127,22,28,0.85,7,-1,-1
242,-1,309,174,20,20,0.67,2,-1,-1
243,-1,256,288,39,43,0.90,2,-1,-1
243,-1,430,236,30,29,0.89,2,-1,-1
243,-1,296,128,22,28,0.84,7,-1,-1
243,-1,306,176,22,22,0.75,2,-1,-1
244,-1,250,303,42,48,0.91,2,-1,-1
244,-1,426,228,28,27,0.89,2,-1,-1
244,-1,294,129,21,29,0.86,7,-1,-1
244,-1,304,178,22,22,0.85,2,-1,-1
245,-1,246,315,44,51,0.91,2,-1,-1
245,-1,423,224,27,26,0.88,2,-1,-1
245,-1,294,130,22,29,0.86,7,-1,-1
245,-1,302,181,22,24,0.84,2,-1,-1
246,-1,237,335,48,57,0.90,2,-1,-1
246,-1,420,217,26,24,0.90,2,-1,-1
246,-1,292,131,22,30,0.86,7,-1,-1
246,-1,300,185,23,24,0.86,2,-1,-1
247,-1,232,349,51,61,0.90,2,-1,-1
247,-1,418,212,24,24,0.88,2,-1,-1
247,-1,292,131,22,30,0.87,7,-1,-1
247,-1,300,187,23,25,0.86,2,-1,-1
248,-1,220,376,56,70,0.93,2,-1,-1
248,-1,291,132,23,31,0.87,7,-1,-1
248,-1,415,207,23,22,0.87,2,-1,-1
248,-1,298,190,24,26,0.85,2,-1,-1
249,-1,211,396,60,76,0.91,2,-1,-1
249,-1,412,203,23,22,0.91,2,-1,-1
249,-1,290,132,23,32,0.86,7,-1,-1
249,-1,296,194,26,28,0.84,2,-1,-1
250,-1,197,430,69,90,0.92,2,-1,-1
250,-1,409,198,22,21,0.87,2,-1,-1
250,-1,289,133,24,32,0.86,7,-1,-1
250,-1,293,198,28,29,0.85,2,-1,-1
251,-1,408,195,23,21,0.88,2,-1,-1
251,-1,288,133,24,34,0.86,7,-1,-1
251,-1,292,202,29,30,0.85,2,-1,-1
251,-1,362,131,10,10,0.13,2,-1,-1
252,-1,406,191,21,19,0.88,2,-1,-1
252,-1,288,134,24,34,0.86,7,-1,-1
252,-1,289,208,30,30,0.86,2,-1,-1
253,-1,404,188,20,20,0.88,2,-1,-1
253,-1,288,212,30,30,0.87,2,-1,-1
253,-1,287,134,24,34,0.85,7,-1,-1
254,-1,402,183,20,19,0.88,2,-1,-1
254,-1,285,219,31,31,0.87,2,-1,-1
254,-1,286,136,24,34,0.86,7,-1,-1
255,-1,400,181,19,19,0.89,2,-1,-1
255,-1,286,136,24,35,0.88,7,-1,-1
255,-1,283,224,31,32,0.87,2,-1,-1
256,-1,284,137,26,36,0.88,7,-1,-1
256,-1,280,230,32,36,0.88,2,-1,-1
256,-1,399,177,18,19,0.88,2,-1,-1
257,-1,282,138,27,38,0.89,7,-1,-1
257,-1,277,236,34,37,0.88,2,-1,-1
257,-1,398,175,18,18,0.88,2,-1,-1
258,-1,272,246,36,38,0.89,2,-1,-1
258,-1,396,173,18,18,0.88,2,-1,-1
258,-1,281,139,28,38,0.86,7,-1,-1
259,-1,268,253,38,40,0.89,2,-1,-1
259,-1,395,170,18,18,0.89,2,-1,-1
259,-1,280,140,29,38,0.86,7,-1,-1
260,-1,263,264,41,43,0.89,2,-1,-1
260,-1,393,167,18,18,0.88,2,-1,-1
260,-1,278,141,29,39,0.87,7,-1,-1
261,-1,258,270,42,46,0.91,2,-1,-1
261,-1,278,142,29,39,0.87,7,-1,-1
261,-1,392,165,18,18,0.87,2,-1,-1
262,-1,251,282,45,52,0.91,2,-1,-1
262,-1,276,143,30,41,0.88,7,-1,-1
262,-1,391,162,18,18,0.86,2,-1,-1
263,-1,247,293,46,55,0.91,2,-1,-1
263,-1,274,143,31,42,0.87,7,-1,-1
263,-1,390,161,18,18,0.87,2,-1,-1
264,-1,236,308,52,64,0.91,2,-1,-1
264,-1,273,144,30,43,0.88,7,-1,-1
264,-1,389,159,16,16,0.88,2,-1,-1
265,-1,229,322,54,68,0.92,2,-1,-1
265,-1,272,146,31,43,0.88,7,-1,-1
265,-1,388,158,16,16,0.88,2,-1,-1
266,-1,216,339,60,81,0.91,2,-1,-1
266,-1,270,148,32,44,0.89,7,-1,-1
266,-1,387,156,17,16,0.88,2,-1,-1
267,-1,208,360,62,83,0.90,2,-1,-1
267,-1,269,149,32,45,0.89,7,-1,-1
267,-1,386,155,16,16,0.88,2,-1,-1
268,-1,193,389,72,97,0.92,2,-1,-1
268,-1,266,150,33,46,0.90,7,-1,-1
268,-1,386,152,16,16,0.87,2,-1,-1
269,-1,181,416,79,104,0.93,2,-1,-1
269,-1,265,151,34,46,0.90,7,-1,-1
269,-1,385,150,16,16,0.87,2,-1,-1
270,-1,263,153,36,48,0.91,7,-1,-1
270,-1,384,148,16,16,0.86,2,-1,-1
271,-1,261,154,37,50,0.91,7,-1,-1
271,-1,383,148,16,16,0.87,2,-1,-1
272,-1,258,156,38,51,0.90,7,-1,-1
272,-1,383,146,15,15,0.88,2,-1,-1
273,-1,257,157,38,52,0.90,7,-1,-1
273,-1,382,146,15,14,0.88,2,-1,-1
274,-1,254,158,41,54,0.90,7,-1,-1
274,-1,382,145,14,14,0.88,2,-1,-1
275,-1,253,160,41,55,0.90,7,-1,-1
275,-1,381,143,15,14,0.87,2,-1,-1
276,-1,424,420,68,72,0.93,2,-1,-1
276,-1,249,162,44,57,0.92,7,-1,-1
276,-1,379,142,15,14,0.85,2,-1,-1
277,-1,420,397,62,64,0.92,2,-1,-1
277,-1,248,164,43,57,0.90,7,-1,-1
277,-1,379,141,14,14,0.84,2,-1,-1
278,-1,245,166,44,60,0.91,7,-1,-1
278,-1,415,367,54,56,0.90,2,-1,-1
278,-1,378,140,15,14,0.84,2,-1,-1
279,-1,241,167,46,62,0.91,7,-1,-1
279,-1,410,350,53,51,0.91,2,-1,-1
279,-1,378,139,14,14,0.84,2,-1,-1
280,-1,238,170,48,65,0.92,7,-1,-1
280,-1,406,327,46,46,0.90,2,-1,-1
280,-1,378,138,14,13,0.84,2,-1,-1
281,-1,402,312,45,44,0.91,2,-1,-1
281,-1,236,172,50,66,0.91,7,-1,-1
281,-1,377,137,14,14,0.84,2,-1,-1
282,-1,232,174,52,69,0.92,7,-1,-1
282,-1,398,294,43,40,0.90,2,-1,-1
282,-1,376,136,14,14,0.84,2,-1,-1
283,-1,230,176,54,72,0.91,7,-1,-1
283,-1,395,284,42,38,0.90,2,-1,-1
283,-1,376,135,13,14,0.84,2,-1,-1
284,-1,224,179,58,76,0.91,7,-1,-1
284,-1,392,271,36,34,0.89,2,-1,-1
284,-1,376,134,13,13,0.86,2,-1,-1
285,-1,222,181,58,78,0.92,7,-1,-1
285,-1,390,262,35,34,0.89,2,-1,-1
285,-1,376,133,13,13,0.86,2,-1,-1
286,-1,217,184,62,82,0.92,7,-1,-1
286,-1,387,250,33,32,0.89,2,-1,-1
286,-1,374,132,13,14,0.85,2,-1,-1
287,-1,214,187,64,85,0.92,7,-1,-1
287,-1,385,244,34,30,0.89,2,-1,-1
287,-1,375,132,13,14,0.85,2,-1,-1
288,-1,207,190,67,90,0.91,7,-1,-1
288,-1,383,235,31,28,0.89,2,-1,-1
288,-1,374,131,12,13,0.83,2,-1,-1
289,-1,204,193,70,94,0.92,7,-1,-1
289,-1,382,229,28,27,0.87,2,-1,-1
289,-1,374,130,12,14,0.86,2,-1,-1
290,-1,195,197,76,99,0.93,7,-1,-1
290,-1,380,221,27,26,0.87,2,-1,-1
290,-1,372,129,12,14,0.86,2,-1,-1
291,-1,191,200,78,103,0.92,7,-1,-1
291,-1,379,216,28,26,0.89,2,-1,-1
291,-1,372,129,12,12,0.84,2,-1,-1
292,-1,184,206,83,109,0.93,7,-1,-1
292,-1,378,210,26,24,0.89,2,-1,-1
292,-1,372,128,12,12,0.82,2,-1,-1
293,-1,178,209,89,115,0.93,7,-1,-1
293,-1,376,206,24,23,0.86,2,-1,-1
293,-1,371,128,12,12,0.79,2,-1,-1
294,-1,169,215,92,122,0.93,7,-1,-1
294,-1,375,200,24,23,0.86,2,-1,-1
294,-1,371,128,12,12,0.78,2,-1,-1
295,-1,161,217,97,130,0.93,7,-1,-1
295,-1,374,196,23,22,0.88,2,-1,-1
295,-1,370,126,12,12,0.76,2,-1,-1
296,-1,150,224,105,142,0.93,7,-1,-1
296,-1,373,191,22,22,0.87,2,-1,-1
296,-1,370,126,12,12,0.77,2,-1,-1
297,-1,141,230,111,149,0.92,7,-1,-1
297,-1,372,188,21,22,0.89,2,-1,-1
297,-1,370,125,12,12,0.76,2,-1,-1
298,-1,127,237,122,163,0.93,7,-1,-1
298,-1,371,184,21,21,0.86,2,-1,-1
298,-1,370,125,12,12,0.78,2,-1,-1
299,-1,117,242,127,174,0.93,7,-1,-1
299,-1,370,182,20,20,0.87,2,-1,-1
299,-1,370,124,12,12,0.79,2,-1,-1
300,-1,101,250,138,190,0.92,7,-1,-1
300,-1,370,177,20,20,0.87,2,-1,-1
300,-1,369,123,12,11,0.79,2,-1,-1
301,-1,88,258,146,203,0.92,7,-1,-1
301,-1,369,175,19,20,0.86,2,-1,-1
301,-1,368,123,12,12,0.77,2,-1,-1
302,-1,63,268,165,230,0.91,7,-1,-1
302,-1,368,172,20,20,0.87,2,-1,-1
302,-1,368,123,12,12,0.80,2,-1,-1
303,-1,48,270,178,252,0.89,7,-1,-1
303,-1,368,170,20,20,0.86,2,-1,-1
303,-1,369,123,11,12,0.80,2,-1,-1
304,-1,18,280,201,254,0.92,7,-1,-1
304,-1,367,166,19,19,0.86,2,-1,-1
304,-1,368,121,11,12,0.76,2,-1,-1
305,-1,367,165,20,18,0.86,2,-1,-1
305,-1,368,121,11,12,0.74,2,-1,-1
306,-1,365,162,20,19,0.86,2,-1,-1
306,-1,10,302,203,228,0.86,7,-1,-1
306,-1,368,120,10,12,0.62,2,-1,-1
307,-1,8,330,185,202,0.89,7,-1,-1
307,-1,365,160,18,18,0.87,2,-1,-1
307,-1,367,120,10,12,0.63,2,-1,-1
308,-1,10,350,174,185,0.89,7,-1,-1
308,-1,365,158,18,18,0.87,2,-1,-1
308,-1,366,119,10,12,0.65,2,-1,-1
309,-1,8,362,166,172,0.89,7,-1,-1
309,-1,364,157,19,18,0.87,2,-1,-1
309,-1,366,118,10,12,0.61,2,-1,-1
310,-1,363,154,18,18,0.87,2,-1,-1
310,-1,366,118,10,12,0.54,2,-1,-1
311,-1,363,154,18,17,0.87,2,-1,-1
311,-1,366,118,10,11,0.56,2,-1,-1
312,-1,363,152,17,16,0.86,2,-1,-1
312,-1,365,118,10,11,0.58,2,-1,-1
312,-1,7,414,175,121,0.21,7,-1,-1
313,-1,362,150,17,16,0.86,2,-1,-1
313,-1,364,118,10,11,0.61,2,-1,-1
314,-1,362,148,16,16,0.86,2,-1,-1
314,-1,364,118,11,11,0.62,2,-1,-1
315,-1,362,147,16,16,0.85,2,-1,-1
315,-1,364,117,11,11,0.57,2,-1,-1
316,-1,361,145,16,16,0.85,2,-1,-1
316,-1,364,116,10,11,0.54,2,-1,-1
317,-1,361,144,16,15,0.83,2,-1,-1
317,-1,364,116,10,11,0.54,2,-1,-1
318,-1,360,142,16,15,0.83,2,-1,-1
318,-1,362,116,10,11,0.45,2,-1,-1
319,-1,360,141,15,15,0.84,2,-1,-1
319,-1,362,115,8,10,0.16,2,-1,-1
320,-1,360,140,15,14,0.85,2,-1,-1
320,-1,362,115,9,11,0.24,2,-1,-1
321,-1,360,140,14,14,0.85,2,-1,-1
321,-1,362,115,9,10,0.21,2,-1,-1
322,-1,360,138,14,14,0.85,2,-1,-1
322,-1,361,114,9,11,0.16,2,-1,-1
323,-1,360,137,14,14,0.84,2,-1,-1
323,-1,360,114,9,10,0.12,2,-1,-1
324,-1,360,136,14,14,0.84,2,-1,-1
324,-1,360,114,9,11,0.11,2,-1,-1
325,-1,360,136,14,14,0.80,2,-1,-1
326,-1,359,134,14,14,0.84,2,-1,-1
326,-1,359,112,9,10,0.14,2,-1,-1
327,-1,358,134,14,14,0.84,2,-1,-1
327,-1,358,112,10,11,0.25,2,-1,-1
328,-1,358,133,14,14,0.85,2,-1,-1
328,-1,358,112,10,11,0.30,2,-1,-1
329,-1,358,132,13,13,0.85,2,-1,-1
329,-1,358,112,10,11,0.26,2,-1,-1
330,-1,358,131,13,13,0.82,2,-1,-1
330,-1,358,112,9,11,0.20,2,-1,-1
331,-1,358,130,12,13,0.81,2,-1,-1
331,-1,357,112,9,10,0.18,2,-1,-1
332,-1,358,130,12,12,0.80,2,-1,-1
332,-1,356,112,10,10,0.19,2,-1,-1
333,-1,358,128,12,13,0.79,2,-1,-1
334,-1,358,128,12,12,0.76,2,-1,-1
335,-1,358,128,12,12,0.71,2,-1,-1
336,-1,358,127,11,12,0.74,2,-1,-1
337,-1,358,127,11,12,0.76,2,-1,-1
338,-1,358,126,12,12,0.78,2,-1,-1
339,-1,358,125,11,12,0.77,2,-1,-1
340,-1,358,125,11,11,0.77,2,-1,-1
341,-1,358,124,11,11,0.69,2,-1,-1
342,-1,357,123,11,11,0.65,2,-1,-1
343,-1,357,124,11,11,0.65,2,-1,-1
344,-1,357,123,10,11,0.68,2,-1,-1
345,-1,356,122,10,11,0.63,2,-1,-1
346,-1,356,122,10,10,0.60,2,-1,-1
347,-1,356,121,10,10,0.53,2,-1,-1
348,-1,356,120,10,11,0.47,2,-1,-1
349,-1,356,120,10,10,0.48,2,-1,-1
350,-1,356,119,10,10,0.47,2,-1,-1
351,-1,355,119,10,10,0.40,2,-1,-1
352,-1,355,118,10,10,0.42,2,-1,-1
353,-1,354,118,10,10,0.47,2,-1,-1
354,-1,354,117,10,11,0.47,2,-1,-1
355,-1,354,116,10,11,0.50,2,-1,-1
356,-1,354,116,10,11,0.50,2,-1,-1
357,-1,354,116,10,11,0.50,2,-1,-1
358,-1,353,116,9,10,0.45,2,-1,-1
359,-1,353,116,9,10,0.45,2,-1,-1
360,-1,352,115,9,10,0.23,2,-1,-1
361,-1,352,115,9,10,0.41,2,-1,-1
362,-1,352,115,9,10,0.41,2,-1,-1
363,-1,352,114,8,9,0.30,2,-1,-1
364,-1,311,122,11,12,0.43,2,-1,-1
365,-1,311,123,10,12,0.54,2,-1,-1
366,-1,312,123,10,12,0.26,2,-1,-1
367,-1,312,123,10,12,0.21,2,-1,-1
368,-1,-1,-1,-1,-1,-1,-1,-1,-1
369,-1,-1,-1,-1,-1,-1,-1,-1,-1
370,-1,-1,-1,-1,-1,-1,-1,-1,-1
371,-1,310,125,10,12,0.42,2,-1,-1
372,-1,310,126,10,12,0.34,2,-1,-1
373,-1,310,126,11,12,0.46,2,-1,-1
374,-1,310,128,10,11,0.53,2,-1,-1
375,-1,309,128,10,10,0.28,2,-1,-1
376,-1,309,129,10,10,0.29,2,-1,-1
377,-1,308,130,10,10,0.50,2,-1,-1
378,-1,308,130,10,10,0.35,2,-1,-1
379,-1,308,130,10,10,0.35,2,-1,-1
379,-1,316,112,12,18,0.11,7,-1,-1
380,-1,308,131,11,12,0.49,2,-1,-1
381,-1,307,132,11,12,0.43,2,-1,-1
382,-1,314,113,12,18,0.59,7,-1,-1
382,-1,306,132,11,11,0.46,2,-1,-1
383,-1,314,112,13,19,0.73,7,-1,-1
383,-1,306,132,11,12,0.70,2,-1,-1
384,-1,306,132,12,12,0.74,2,-1,-1
384,-1,314,113,13,19,0.74,7,-1,-1
385,-1,314,114,12,18,0.74,7,-1,-1
385,-1,305,133,12,12,0.67,2,-1,-1
386,-1,304,134,12,12,0.77,2,-1,-1
386,-1,314,114,12,18,0.73,7,-1,-1
387,-1,304,134,12,13,0.78,2,-1,-1
387,-1,313,114,14,20,0.73,7,-1,-1
388,-1,312,114,14,20,0.68,7,-1,-1
388,-1,304,134,12,12,0.40,2,-1,-1
389,-1,312,114,14,20,0.74,7,-1,-1
389,-1,304,136,12,12,0.66,2,-1,-1
390,-1,312,115,14,20,0.71,7,-1,-1
390,-1,303,136,12,12,0.68,2,-1,-1
391,-1,312,115,15,21,0.78,7,-1,-1
391,-1,303,137,12,12,0.68,2,-1,-1
392,-1,424,430,67,68,0.92,2,-1,-1
392,-1,312,115,15,21,0.79,7,-1,-1
392,-1,302,137,12,12,0.76,2,-1,-1
393,-1,418,396,58,61,0.90,2,-1,-1
393,-1,312,116,15,22,0.78,7,-1,-1
393,-1,302,137,12,13,0.74,2,-1,-1
394,-1,414,376,54,58,0.91,2,-1,-1
394,-1,311,116,15,22,0.82,7,-1,-1
394,-1,302,138,12,13,0.80,2,-1,-1
395,-1,411,359,50,53,0.90,2,-1,-1
395,-1,310,116,16,22,0.83,7,-1,-1
395,-1,301,138,12,13,0.81,2,-1,-1
396,-1,407,336,44,49,0.90,2,-1,-1
396,-1,309,116,16,22,0.85,7,-1,-1
396,-1,300,139,13,13,0.81,2,-1,-1
397,-1,403,317,41,44,0.90,2,-1,-1
397,-1,309,117,16,21,0.85,7,-1,-1
397,-1,299,140,12,13,0.82,2,-1,-1
398,-1,401,304,41,43,0.89,2,-1,-1
398,-1,309,117,16,21,0.86,7,-1,-1
398,-1,298,141,14,14,0.83,2,-1,-1
399,-1,398,290,42,38,0.88,2,-1,-1
399,-1,308,117,16,22,0.84,7,-1,-1
399,-1,298,143,13,12,0.78,2,-1,-1
400,-1,396,282,40,36,0.89,2,-1,-1
400,-1,308,118,16,22,0.85,7,-1,-1
400,-1,297,143,13,12,0.77,2,-1,-1
401,-1,393,270,34,33,0.87,2,-1,-1
401,-1,308,118,16,23,0.86,7,-1,-1
401,-1,296,144,14,13,0.82,2,-1,-1
402,-1,392,262,34,32,0.87,2,-1,-1
402,-1,307,118,16,24,0.86,7,-1,-1
402,-1,296,145,14,13,0.83,2,-1,-1
403,-1,389,252,32,30,0.88,2,-1,-1
403,-1,306,118,16,25,0.86,7,-1,-1
403,-1,294,146,14,13,0.84,2,-1,-1
404,-1,388,246,34,29,0.88,2,-1,-1
404,-1,306,118,17,25,0.86,7,-1,-1
404,-1,294,146,14,14,0.84,2,-1,-1
405,-1,386,238,31,26,0.86,2,-1,-1
405,-1,305,118,18,26,0.86,7,-1,-1
405,-1,294,148,14,13,0.85,2,-1,-1
406,-1,385,232,28,26,0.88,2,-1,-1
406,-1,304,119,18,26,0.87,7,-1,-1
406,-1,292,148,13,14,0.86,2,-1,-1
407,-1,384,223,27,26,0.87,2,-1,-1
407,-1,291,149,14,14,0.85,2,-1,-1
407,-1,304,120,18,26,0.85,7,-1,-1
408,-1,382,218,27,26,0.88,2,-1,-1
408,-1,304,120,18,26,0.86,7,-1,-1
408,-1,291,150,14,14,0.84,2,-1,-1
409,-1,381,214,26,23,0.87,2,-1,-1
409,-1,303,120,18,26,0.84,7,-1,-1
409,-1,290,151,14,16,0.82,2,-1,-1
410,-1,380,209,24,24,0.88,2,-1,-1
410,-1,290,153,15,15,0.84,2,-1,-1
410,-1,302,121,18,26,0.84,7,-1,-1
411,-1,378,203,24,23,0.88,2,-1,-1
411,-1,302,122,18,26,0.85,7,-1,-1
411,-1,288,154,14,15,0.84,2,-1,-1
412,-1,378,200,23,22,0.86,2,-1,-1
412,-1,302,123,18,26,0.85,7,-1,-1
412,-1,288,155,14,15,0.85,2,-1,-1
413,-1,377,195,22,22,0.86,2,-1,-1
413,-1,300,124,18,26,0.86,7,-1,-1
413,-1,287,156,14,15,0.85,2,-1,-1
414,-1,300,124,18,27,0.86,7,-1,-1
414,-1,286,157,15,16,0.85,2,-1,-1
414,-1,376,192,22,21,0.85,2,-1,-1
415,-1,374,188,22,21,0.87,2,-1,-1
415,-1,299,125,19,28,0.86,7,-1,-1
415,-1,285,158,14,16,0.83,2,-1,-1
416,-1,374,186,21,21,0.86,2,-1,-1
416,-1,298,126,19,27,0.86,7,-1,-1
416,-1,284,158,15,17,0.85,2,-1,-1
417,-1,544,443,91,92,0.89,2,-1,-1
417,-1,298,126,19,28,0.87,7,-1,-1
417,-1,374,182,20,20,0.87,2,-1,-1
417,-1,282,160,16,18,0.85,2,-1,-1
418,-1,531,416,88,89,0.92,2,-1,-1
418,-1,297,126,20,28,0.87,7,-1,-1
418,-1,373,180,20,19,0.87,2,-1,-1
418,-1,282,161,16,18,0.84,2,-1,-1
419,-1,415,438,74,76,0.91,2,-1,-1
419,-1,520,394,82,81,0.91,2,-1,-1
419,-1,296,127,20,28,0.87,7,-1,-1
419,-1,372,179,20,18,0.86,2,-1,-1
419,-1,281,162,16,18,0.85,2,-1,-1
420,-1,504,363,73,73,0.92,2,-1,-1
420,-1,408,399,66,66,0.91,2,-1,-1
420,-1,295,128,20,28,0.87,7,-1,-1
420,-1,372,175,19,18,0.87,2,-1,-1
420,-1,280,164,16,18,0.85,2,-1,-1
421,-1,484,324,61,62,0.91,2,-1,-1
421,-1,400,350,55,51,0.88,2,-1,-1
421,-1,293,129,21,30,0.87,7,-1,-1
421,-1,277,168,16,18,0.86,2,-1,-1
421,-1,370,170,17,17,0.86,2,-1,-1
422,-1,485,324,60,62,0.91,2,-1,-1
422,-1,400,350,54,51,0.89,2,-1,-1
422,-1,293,129,21,30,0.87,7,-1,-1
422,-1,277,168,16,18,0.86,2,-1,-1
422,-1,370,170,17,17,0.86,2,-1,-1
423,-1,474,304,54,56,0.92,2,-1,-1
423,-1,394,326,50,46,0.89,2,-1,-1
423,-1,292,130,21,30,0.87,7,-1,-1
423,-1,276,169,16,19,0.85,2,-1,-1
423,-1,370,167,17,17,0.84,2,-1,-1
424,-1,468,294,51,52,0.91,2,-1,-1
424,-1,392,310,49,44,0.89,2,-1,-1
424,-1,292,130,22,31,0.87,7,-1,-1
424,-1,274,170,17,20,0.85,2,-1,-1
424,-1,370,164,17,18,0.85,2,-1,-1
425,-1,463,280,44,47,0.91,2,-1,-1
425,-1,389,294,46,39,0.89,2,-1,-1
425,-1,290,132,21,31,0.87,7,-1,-1
425,-1,272,172,17,20,0.85,2,-1,-1
425,-1,370,163,16,16,0.84,2,-1,-1
426,-1,457,270,43,45,0.91,2,-1,-1
426,-1,386,283,42,37,0.88,2,-1,-1
426,-1,290,132,22,32,0.87,7,-1,-1
426,-1,272,173,17,20,0.85,2,-1,-1
426,-1,369,162,16,16,0.84,2,-1,-1
427,-1,452,262,42,42,0.90,2,-1,-1
427,-1,385,274,38,34,0.89,2,-1,-1
427,-1,289,132,22,32,0.88,7,-1,-1
427,-1,271,175,16,20,0.84,2,-1,-1
427,-1,368,161,16,16,0.83,2,-1,-1
428,-1,448,251,37,40,0.90,2,-1,-1
428,-1,383,260,36,32,0.88,2,-1,-1
428,-1,288,133,23,34,0.87,7,-1,-1
428,-1,268,177,18,21,0.86,2,-1,-1
428,-1,368,158,16,16,0.83,2,-1,-1
429,-1,444,244,36,38,0.89,2,-1,-1
429,-1,267,179,18,21,0.88,2,-1,-1
429,-1,287,134,23,34,0.87,7,-1,-1
429,-1,381,253,33,30,0.87,2,-1,-1
429,-1,367,158,16,15,0.83,2,-1,-1
430,-1,438,235,34,36,0.90,2,-1,-1
430,-1,286,136,24,34,0.87,7,-1,-1
430,-1,380,242,33,29,0.87,2,-1,-1
430,-1,266,181,18,21,0.87,2,-1,-1
430,-1,367,156,15,15,0.83,2,-1,-1
431,-1,435,230,34,34,0.89,2,-1,-1
431,-1,286,137,23,34,0.88,7,-1,-1
431,-1,378,237,32,26,0.86,2,-1,-1
431,-1,263,183,19,22,0.84,2,-1,-1
431,-1,367,154,14,14,0.83,2,-1,-1
432,-1,431,222,31,32,0.87,2,-1,-1
432,-1,284,138,24,34,0.87,7,-1,-1
432,-1,261,186,19,23,0.87,2,-1,-1
432,-1,377,226,28,26,0.86,2,-1,-1
432,-1,367,153,14,14,0.84,2,-1,-1
433,-1,428,217,29,32,0.88,2,-1,-1
433,-1,284,138,24,36,0.88,7,-1,-1
433,-1,260,187,19,24,0.87,2,-1,-1
433,-1,376,222,28,25,0.86,2,-1,-1
434,-1,424,210,28,30,0.89,2,-1,-1
434,-1,282,139,25,37,0.88,7,-1,-1
434,-1,257,189,20,25,0.84,2,-1,-1
434,-1,374,216,25,23,0.84,2,-1,-1
434,-1,366,150,14,14,0.81,2,-1,-1
435,-1,373,210,24,23,0.87,2,-1,-1
435,-1,422,207,28,28,0.87,2,-1,-1
435,-1,280,141,25,36,0.87,7,-1,-1
435,-1,255,192,21,24,0.86,2,-1,-1
435,-1,366,150,14,13,0.80,2,-1,-1
436,-1,418,202,28,28,0.88,2,-1,-1
436,-1,252,194,22,26,0.88,2,-1,-1
436,-1,371,204,24,22,0.87,2,-1,-1
436,-1,280,143,24,36,0.86,7,-1,-1
436,-1,366,147,13,13,0.71,2,-1,-1
437,-1,428,436,66,72,0.92,2,-1,-1
437,-1,278,143,25,38,0.87,7,-1,-1
437,-1,417,198,25,26,0.87,2,-1,-1
437,-1,250,197,22,26,0.86,2,-1,-1
437,-1,370,201,23,21,0.85,2,-1,-1
437,-1,366,146,12,12,0.74,2,-1,-1
438,-1,422,400,58,61,0.92,2,-1,-1
438,-1,414,193,24,26,0.89,2,-1,-1
438,-1,276,144,26,38,0.88,7,-1,-1
438,-1,247,200,22,28,0.87,2,-1,-1
438,-1,370,195,23,21,0.85,2,-1,-1
438,-1,366,146,12,12,0.71,2,-1,-1
438,-1,318,119,8,10,0.11,2,-1,-1
439,-1,417,378,54,56,0.92,2,-1,-1
439,-1,275,146,26,40,0.89,7,-1,-1
439,-1,246,203,22,28,0.88,2,-1,-1
439,-1,412,191,23,24,0.87,2,-1,-1
439,-1,370,192,22,20,0.84,2,-1,-1
439,-1,366,146,12,12,0.22,2,-1,-1
440,-1,412,350,49,51,0.91,2,-1,-1
440,-1,274,146,28,42,0.89,7,-1,-1
440,-1,410,186,22,24,0.88,2,-1,-1
440,-1,242,208,24,28,0.87,2,-1,-1
440,-1,368,188,20,18,0.85,2,-1,-1
441,-1,406,328,44,46,0.90,2,-1,-1
441,-1,272,148,29,42,0.88,7,-1,-1
441,-1,239,211,24,31,0.87,2,-1,-1
441,-1,407,182,23,23,0.86,2,-1,-1
441,-1,367,184,19,18,0.85,2,-1,-1
441,-1,365,143,11,11,0.14,2,-1,-1
442,-1,403,314,43,44,0.91,2,-1,-1
442,-1,406,180,22,22,0.89,2,-1,-1
442,-1,236,214,26,31,0.88,2,-1,-1
442,-1,271,150,28,42,0.88,7,-1,-1
442,-1,366,181,19,18,0.84,2,-1,-1
442,-1,365,142,11,11,0.35,2,-1,-1
443,-1,400,296,40,40,0.90,2,-1,-1
443,-1,268,152,29,43,0.89,7,-1,-1
443,-1,232,218,27,33,0.87,2,-1,-1
443,-1,403,176,22,22,0.86,2,-1,-1
443,-1,366,178,18,17,0.86,2,-1,-1
443,-1,362,140,12,12,0.33,2,-1,-1
444,-1,545,446,80,82,0.92,2,-1,-1
444,-1,398,286,40,38,0.90,2,-1,-1
444,-1,266,152,29,44,0.89,7,-1,-1
444,-1,229,222,28,33,0.87,2,-1,-1
444,-1,402,174,22,21,0.86,2,-1,-1
444,-1,366,175,18,17,0.85,2,-1,-1
444,-1,316,120,10,12,0.11,2,-1,-1
445,-1,528,414,74,73,0.92,2,-1,-1
445,-1,394,272,35,34,0.90,2,-1,-1
445,-1,264,154,30,46,0.90,7,-1,-1
445,-1,225,227,28,34,0.89,2,-1,-1
445,-1,400,171,20,20,0.88,2,-1,-1
445,-1,364,170,19,18,0.85,2,-1,-1
446,-1,518,394,68,69,0.92,2,-1,-1
446,-1,263,155,32,47,0.90,7,-1,-1
446,-1,392,264,34,34,0.89,2,-1,-1
446,-1,222,229,30,37,0.88,2,-1,-1
446,-1,399,169,20,20,0.87,2,-1,-1
446,-1,364,168,18,18,0.85,2,-1,-1
447,-1,506,370,60,62,0.91,2,-1,-1
447,-1,390,252,32,32,0.89,2,-1,-1
447,-1,260,156,32,50,0.89,7,-1,-1
447,-1,217,236,31,38,0.89,2,-1,-1
447,-1,397,166,19,20,0.87,2,-1,-1
447,-1,364,166,18,16,0.81,2,-1,-1
448,-1,497,354,58,60,0.90,2,-1,-1
448,-1,213,237,34,42,0.89,2,-1,-1
448,-1,258,158,34,50,0.89,7,-1,-1
448,-1,389,245,32,31,0.89,2,-1,-1
448,-1,396,164,19,20,0.88,2,-1,-1
448,-1,364,164,18,17,0.78,2,-1,-1
449,-1,486,335,54,54,0.91,2,-1,-1
449,-1,256,159,34,52,0.90,7,-1,-1
449,-1,207,247,35,40,0.90,2,-1,-1
449,-1,386,237,30,28,0.88,2,-1,-1
449,-1,395,162,18,19,0.87,2,-1,-1
449,-1,361,161,18,16,0.79,2,-1,-1
450,-1,480,322,50,52,0.91,2,-1,-1
450,-1,254,160,34,54,0.90,7,-1,-1
450,-1,203,252,35,42,0.90,2,-1,-1
450,-1,386,232,27,27,0.90,2,-1,-1
450,-1,394,160,18,20,0.86,2,-1,-1
450,-1,360,160,18,15,0.76,2,-1,-1
451,-1,474,312,49,50,0.91,2,-1,-1
451,-1,252,162,36,55,0.91,7,-1,-1
451,-1,198,257,36,43,0.90,2,-1,-1
451,-1,384,225,26,27,0.88,2,-1,-1
451,-1,392,159,18,18,0.86,2,-1,-1
451,-1,360,158,17,15,0.73,2,-1,-1
452,-1,466,297,46,46,0.91,2,-1,-1
452,-1,191,265,39,46,0.91,2,-1,-1
452,-1,248,164,39,57,0.90,7,-1,-1
452,-1,383,218,26,25,0.88,2,-1,-1
452,-1,391,157,18,18,0.86,2,-1,-1
452,-1,361,156,16,14,0.77,2,-1,-1
453,-1,461,288,44,44,0.90,2,-1,-1
453,-1,186,272,39,47,0.90,2,-1,-1
453,-1,246,166,40,59,0.90,7,-1,-1
453,-1,390,156,18,18,0.86,2,-1,-1
453,-1,382,214,25,24,0.86,2,-1,-1
453,-1,360,155,16,14,0.78,2,-1,-1
454,-1,178,280,40,50,0.91,2,-1,-1
454,-1,454,277,40,41,0.90,2,-1,-1
454,-1,242,168,40,62,0.90,7,-1,-1
454,-1,382,208,23,23,0.88,2,-1,-1
454,-1,389,154,18,18,0.87,2,-1,-1
454,-1,361,154,15,13,0.68,2,-1,-1
455,-1,240,170,40,64,0.90,7,-1,-1
455,-1,450,270,38,40,0.90,2,-1,-1
455,-1,172,286,42,53,0.90,2,-1,-1
455,-1,380,204,22,22,0.90,2,-1,-1
455,-1,388,152,17,18,0.87,2,-1,-1
455,-1,361,153,15,13,0.63,2,-1,-1
455,-1,312,125,11,12,0.59,2,-1,-1
456,-1,422,400,72,86,0.93,2,-1,-1
456,-1,162,298,45,57,0.91,2,-1,-1
456,-1,236,174,42,65,0.90,7,-1,-1
456,-1,445,260,36,37,0.90,2,-1,-1
456,-1,379,199,22,22,0.87,2,-1,-1
456,-1,386,150,18,18,0.86,2,-1,-1
456,-1,312,125,11,12,0.59,2,-1,-1
456,-1,361,152,14,11,0.32,2,-1,-1
457,-1,414,364,64,78,0.92,2,-1,-1
457,-1,233,177,43,68,0.91,7,-1,-1
457,-1,151,309,52,61,0.90,2,-1,-1
457,-1,440,250,34,36,0.90,2,-1,-1
457,-1,378,194,21,21,0.89,2,-1,-1
457,-1,386,149,17,16,0.87,2,-1,-1
457,-1,360,149,14,13,0.60,2,-1,-1
457,-1,311,127,11,12,0.13,2,-1,-1
458,-1,410,348,58,70,0.92,2,-1,-1
458,-1,232,180,40,68,0.90,7,-1,-1
458,-1,436,246,33,34,0.89,2,-1,-1
458,-1,145,320,50,63,0.89,2,-1,-1
458,-1,378,191,21,20,0.87,2,-1,-1
458,-1,385,147,18,17,0.86,2,-1,-1
458,-1,311,127,11,12,0.61,2,-1,-1
458,-1,360,148,14,13,0.38,2,-1,-1
459,-1,406,330,54,65,0.93,2,-1,-1
459,-1,136,331,49,65,0.91,2,-1,-1
459,-1,228,182,44,70,0.91,7,-1,-1
459,-1,434,239,32,33,0.89,2,-1,-1
459,-1,378,188,20,20,0.88,2,-1,-1
459,-1,384,146,17,16,0.85,2,-1,-1
459,-1,311,127,11,12,0.62,2,-1,-1
459,-1,360,146,14,13,0.26,2,-1,-1
460,-1,400,310,49,58,0.91,2,-1,-1
460,-1,222,185,47,76,0.90,7,-1,-1
460,-1,123,347,52,72,0.90,2,-1,-1
460,-1,430,233,30,32,0.90,2,-1,-1
460,-1,377,184,19,20,0.87,2,-1,-1
460,-1,384,145,16,17,0.86,2,-1,-1
460,-1,310,128,11,12,0.19,2,-1,-1
460,-1,360,145,14,12,0.15,2,-1,-1
461,-1,397,291,45,53,0.91,2,-1,-1
461,-1,108,368,57,77,0.91,2,-1,-1
461,-1,216,190,48,78,0.91,7,-1,-1
461,-1,426,226,28,30,0.90,2,-1,-1
461,-1,376,180,19,20,0.88,2,-1,-1
461,-1,384,143,16,16,0.85,2,-1,-1
461,-1,310,128,11,12,0.67,2,-1,-1
461,-1,360,144,14,12,0.25,2,-1,-1
462,-1,213,194,50,80,0.92,7,-1,-1
462,-1,394,280,45,50,0.91,2,-1,-1
462,-1,97,382,62,80,0.90,2,-1,-1
462,-1,423,222,28,30,0.89,2,-1,-1
462,-1,376,178,18,18,0.87,2,-1,-1
462,-1,383,142,16,16,0.84,2,-1,-1
462,-1,310,128,11,12,0.67,2,-1,-1
462,-1,360,142,13,12,0.20,2,-1,-1
463,-1,208,196,55,84,0.91,7,-1,-1
463,-1,83,395,62,87,0.90,2,-1,-1
463,-1,391,271,43,47,0.90,2,-1,-1
463,-1,421,218,27,28,0.89,2,-1,-1
463,-1,375,175,18,18,0.87,2,-1,-1
463,-1,382,142,15,16,0.85,2,-1,-1
463,-1,309,129,12,14,0.35,2,-1,-1
464,-1,63,420,76,97,0.92,2,-1,-1
464,-1,202,200,58,88,0.92,7,-1,-1
464,-1,388,258,38,43,0.91,2,-1,-1
464,-1,418,212,26,28,0.89,2,-1,-1
464,-1,374,173,17,16,0.87,2,-1,-1
464,-1,381,140,15,16,0.86,2,-1,-1
464,-1,308,130,12,13,0.75,2,-1,-1
464,-1,357,139,12,12,0.32,2,-1,-1
465,-1,195,206,62,94,0.92,7,-1,-1
465,-1,386,247,35,41,0.90,2,-1,-1
465,-1,373,170,17,17,0.88,2,-1,-1
465,-1,415,208,24,26,0.88,2,-1,-1
465,-1,380,138,15,16,0.86,2,-1,-1
465,-1,308,130,12,13,0.74,2,-1,-1
465,-1,358,139,12,11,0.20,2,-1,-1
466,-1,190,210,64,97,0.92,7,-1,-1
466,-1,384,240,35,38,0.89,2,-1,-1
466,-1,373,168,16,16,0.88,2,-1,-1
466,-1,414,204,23,25,0.88,2,-1,-1
466,-1,380,138,14,16,0.85,2,-1,-1
466,-1,306,131,13,14,0.63,2,-1,-1
466,-1,358,138,12,11,0.41,2,-1,-1
467,-1,182,216,71,104,0.93,7,-1,-1
467,-1,382,230,33,37,0.89,2,-1,-1
467,-1,410,200,24,24,0.88,2,-1,-1
467,-1,372,165,17,16,0.88,2,-1,-1
467,-1,380,136,13,15,0.82,2,-1,-1
467,-1,306,131,13,15,0.52,2,-1,-1
467,-1,358,138,12,10,0.32,2,-1,-1
468,-1,176,220,74,108,0.92,7,-1,-1
468,-1,382,225,30,35,0.90,2,-1,-1
468,-1,371,163,17,17,0.87,2,-1,-1
468,-1,409,197,24,24,0.87,2,-1,-1
468,-1,378,135,14,15,0.82,2,-1,-1
468,-1,306,132,13,14,0.77,2,-1,-1
468,-1,357,136,12,11,0.29,2,-1,-1
469,-1,166,227,75,116,0.94,7,-1,-1
469,-1,379,217,29,32,0.90,2,-1,-1
469,-1,406,193,22,23,0.88,2,-1,-1
469,-1,371,161,16,16,0.87,2,-1,-1
469,-1,377,134,15,15,0.80,2,-1,-1
469,-1,305,132,13,14,0.74,2,-1,-1
470,-1,160,233,78,120,0.93,7,-1,-1
470,-1,378,213,28,32,0.90,2,-1,-1
470,-1,406,191,21,22,0.87,2,-1,-1
470,-1,370,159,16,16,0.85,2,-1,-1
470,-1,305,133,13,14,0.78,2,-1,-1
470,-1,377,134,15,15,0.78,2,-1,-1
471,-1,148,242,82,130,0.94,7,-1,-1
471,-1,404,188,20,22,0.89,2,-1,-1
471,-1,377,206,26,30,0.89,2,-1,-1
471,-1,370,157,16,16,0.85,2,-1,-1
471,-1,376,132,15,15,0.77,2,-1,-1
471,-1,304,135,13,12,0.32,2,-1,-1
472,-1,139,247,89,138,0.93,7,-1,-1
472,-1,376,202,24,29,0.88,2,-1,-1
472,-1,402,185,20,22,0.88,2,-1,-1
472,-1,370,156,16,16,0.84,2,-1,-1
472,-1,377,132,14,15,0.79,2,-1,-1
472,-1,303,136,14,14,0.68,2,-1,-1
473,-1,125,258,96,152,0.93,7,-1,-1
473,-1,400,182,20,21,0.88,2,-1,-1
473,-1,375,196,24,28,0.87,2,-1,-1
473,-1,369,154,16,15,0.84,2,-1,-1
473,-1,376,131,14,14,0.83,2,-1,-1
473,-1,302,136,14,14,0.80,2,-1,-1
474,-1,113,266,103,160,0.93,7,-1,-1
474,-1,399,179,19,20,0.88,2,-1,-1
474,-1,374,193,23,28,0.88,2,-1,-1
474,-1,369,152,16,14,0.83,2,-1,-1
474,-1,376,131,13,14,0.81,2,-1,-1
474,-1,302,136,13,14,0.79,2,-1,-1
475,-1,102,274,112,170,0.94,7,-1,-1
475,-1,372,191,23,26,0.89,2,-1,-1
475,-1,398,177,19,21,0.88,2,-1,-1
475,-1,369,151,15,14,0.84,2,-1,-1
475,-1,302,137,14,14,0.82,2,-1,-1
475,-1,376,130,13,14,0.79,2,-1,-1
476,-1,83,287,119,189,0.93,7,-1,-1
476,-1,372,186,22,26,0.88,2,-1,-1
476,-1,397,175,18,20,0.87,2,-1,-1
476,-1,368,149,15,15,0.84,2,-1,-1
476,-1,301,138,14,16,0.83,2,-1,-1
476,-1,376,130,12,13,0.78,2,-1,-1
477,-1,60,302,132,213,0.92,7,-1,-1
477,-1,396,172,18,19,0.89,2,-1,-1
477,-1,370,182,22,24,0.86,2,-1,-1
477,-1,368,148,15,14,0.85,2,-1,-1
477,-1,300,139,14,15,0.83,2,-1,-1
477,-1,376,129,12,12,0.78,2,-1,-1
478,-1,43,316,141,217,0.92,7,-1,-1
478,-1,394,171,17,19,0.90,2,-1,-1
478,-1,370,179,20,24,0.86,2,-1,-1
478,-1,368,146,14,14,0.85,2,-1,-1
478,-1,300,140,14,14,0.81,2,-1,-1
478,-1,376,130,12,12,0.76,2,-1,-1
479,-1,23,330,155,204,0.92,7,-1,-1
479,-1,394,169,17,19,0.88,2,-1,-1
479,-1,369,176,20,23,0.87,2,-1,-1
479,-1,368,146,14,14,0.86,2,-1,-1
479,-1,375,130,12,12,0.81,2,-1,-1
479,-1,300,140,14,15,0.81,2,-1,-1
480,-1,7,352,154,183,0.93,7,-1,-1
480,-1,392,166,17,19,0.87,2,-1,-1
480,-1,367,144,14,14,0.86,2,-1,-1
480,-1,369,174,18,22,0.86,2,-1,-1
480,-1,298,142,14,15,0.79,2,-1,-1
480,-1,374,128,11,12,0.74,2,-1,-1
481,-1,390,164,17,18,0.87,2,-1,-1
481,-1,368,170,18,21,0.86,2,-1,-1
481,-1,368,143,13,14,0.85,2,-1,-1
481,-1,298,144,14,14,0.79,2,-1,-1
481,-1,374,128,11,12,0.63,2,-1,-1
482,-1,390,162,16,18,0.88,2,-1,-1
482,-1,367,168,18,21,0.85,2,-1,-1
482,-1,367,142,13,14,0.83,2,-1,-1
482,-1,297,144,14,14,0.81,2,-1,-1
482,-1,373,126,11,12,0.67,2,-1,-1
483,-1,389,160,16,18,0.89,2,-1,-1
483,-1,366,165,18,21,0.87,2,-1,-1
483,-1,296,147,14,14,0.84,2,-1,-1
483,-1,366,141,12,13,0.84,2,-1,-1
483,-1,373,126,11,12,0.73,2,-1,-1
484,-1,388,159,16,18,0.89,2,-1,-1
484,-1,366,163,18,20,0.86,2,-1,-1
484,-1,295,148,14,14,0.84,2,-1,-1
484,-1,366,140,12,13,0.78,2,-1,-1
484,-1,372,125,11,12,0.60,2,-1,-1
485,-1,387,158,15,16,0.88,2,-1,-1
485,-1,364,161,18,20,0.85,2,-1,-1
485,-1,294,149,14,14,0.82,2,-1,-1
485,-1,366,138,12,12,0.74,2,-1,-1
485,-1,371,125,12,12,0.54,2,-1,-1
486,-1,386,157,16,16,0.87,2,-1,-1
486,-1,364,159,18,20,0.85,2,-1,-1
486,-1,293,150,15,14,0.83,2,-1,-1
486,-1,366,138,12,12,0.74,2,-1,-1
486,-1,372,125,11,11,0.54,2,-1,-1
487,-1,386,155,15,16,0.86,2,-1,-1
487,-1,364,158,17,18,0.86,2,-1,-1
487,-1,293,150,14,14,0.82,2,-1,-1
487,-1,365,137,12,12,0.69,2,-1,-1
487,-1,371,124,11,11,0.41,2,-1,-1
488,-1,385,153,15,18,0.86,2,-1,-1
488,-1,363,156,16,18,0.86,2,-1,-1
488,-1,292,152,15,15,0.85,2,-1,-1
488,-1,365,136,12,12,0.71,2,-1,-1
488,-1,370,124,11,11,0.35,2,-1,-1
489,-1,384,151,15,18,0.86,2,-1,-1
489,-1,290,153,16,16,0.85,2,-1,-1
489,-1,362,153,16,18,0.83,2,-1,-1
489,-1,365,134,12,12,0.77,2,-1,-1
489,-1,371,123,10,10,0.23,2,-1,-1
490,-1,384,150,14,17,0.85,2,-1,-1
490,-1,362,152,16,18,0.84,2,-1,-1
490,-1,290,155,16,15,0.83,2,-1,-1
490,-1,364,134,12,12,0.77,2,-1,-1
490,-1,371,123,10,10,0.18,2,-1,-1
491,-1,383,149,14,17,0.86,2,-1,-1
491,-1,361,150,16,18,0.83,2,-1,-1
491,-1,288,158,16,14,0.81,2,-1,-1
491,-1,365,132,12,12,0.68,2,-1,-1
492,-1,383,148,14,16,0.88,2,-1,-1
492,-1,288,158,16,15,0.83,2,-1,-1
492,-1,360,148,16,18,0.83,2,-1,-1
492,-1,365,133,11,12,0.69,2,-1,-1
492,-1,369,120,10,10,0.28,2,-1,-1
493,-1,382,146,14,15,0.90,2,-1,-1
493,-1,285,161,16,16,0.86,2,-1,-1
493,-1,360,146,15,17,0.82,2,-1,-1
493,-1,364,130,11,12,0.71,2,-1,-1
494,-1,382,146,14,16,0.90,2,-1,-1
494,-1,285,161,16,16,0.86,2,-1,-1
494,-1,360,146,16,17,0.82,2,-1,-1
494,-1,364,130,11,12,0.71,2,-1,-1
495,-1,381,145,14,15,0.89,2,-1,-1
495,-1,283,163,17,17,0.86,2,-1,-1
495,-1,360,144,15,16,0.82,2,-1,-1
495,-1,364,130,11,12,0.68,2,-1,-1
496,-1,380,144,14,15,0.87,2,-1,-1
496,-1,282,164,18,17,0.85,2,-1,-1
496,-1,360,142,14,16,0.79,2,-1,-1
496,-1,364,130,11,10,0.41,2,-1,-1
497,-1,280,167,18,17,0.85,2,-1,-1
497,-1,380,143,13,15,0.84,2,-1,-1
497,-1,359,141,15,16,0.81,2,-1,-1
497,-1,364,128,12,12,0.31,2,-1,-1
497,-1,362,131,13,12,0.15,2,-1,-1
498,-1,279,168,18,18,0.85,2,-1,-1
498,-1,380,142,14,15,0.83,2,-1,-1
498,-1,360,140,14,16,0.82,2,-1,-1
498,-1,364,127,11,12,0.47,2,-1,-1
498,-1,362,132,13,15,0.12,2,-1,-1
499,-1,277,170,18,18,0.86,2,-1,-1
499,-1,379,141,13,14,0.83,2,-1,-1
499,-1,359,139,14,16,0.82,2,-1,-1
499,-1,364,126,11,12,0.37,2,-1,-1
500,-1,276,172,18,18,0.86,2,-1,-1
500,-1,378,140,13,14,0.82,2,-1,-1
500,-1,359,138,14,16,0.81,2,-1,-1
500,-1,363,126,11,12,0.40,2,-1,-1
501,-1,274,175,18,18,0.86,2,-1,-1
501,-1,378,140,13,14,0.83,2,-1,-1
501,-1,359,137,13,15,0.77,2,-1,-1
501,-1,363,126,11,11,0.36,2,-1,-1
502,-1,272,176,19,19,0.85,2,-1,-1
502,-1,378,139,13,14,0.82,2,-1,-1
502,-1,358,135,14,16,0.73,2,-1,-1
502,-1,362,126,13,16,0.12,2,-1,-1
503,-1,272,178,18,19,0.86,2,-1,-1
503,-1,378,138,13,14,0.81,2,-1,-1
503,-1,359,135,14,15,0.71,2,-1,-1
503,-1,362,126,13,15,0.19,2,-1,-1
504,-1,270,181,19,19,0.86,2,-1,-1
504,-1,378,137,13,14,0.82,2,-1,-1
504,-1,359,134,12,13,0.67,2,-1,-1
504,-1,362,126,11,10,0.28,2,-1,-1
505,-1,266,184,20,20,0.84,2,-1,-1
505,-1,377,136,13,14,0.79,2,-1,-1
505,-1,358,132,14,16,0.76,2,-1,-1
505,-1,360,124,12,13,0.29,2,-1,-1
506,-1,265,186,20,21,0.87,2,-1,-1
506,-1,377,135,13,14,0.77,2,-1,-1
506,-1,358,131,14,16,0.75,2,-1,-1
507,-1,263,189,20,20,0.88,2,-1,-1
507,-1,376,135,13,14,0.77,2,-1,-1
507,-1,358,130,14,16,0.74,2,-1,-1
508,-1,260,192,21,21,0.86,2,-1,-1
508,-1,376,134,13,14,0.81,2,-1,-1
508,-1,358,129,13,16,0.73,2,-1,-1
509,-1,257,196,22,22,0.87,2,-1,-1
509,-1,376,133,13,14,0.83,2,-1,-1
509,-1,357,128,13,16,0.72,2,-1,-1
510,-1,255,199,22,23,0.85,2,-1,-1
510,-1,376,132,12,14,0.84,2,-1,-1
510,-1,356,127,13,16,0.72,2,-1,-1
511,-1,251,203,23,24,0.89,2,-1,-1
511,-1,376,132,12,14,0.84,2,-1,-1
511,-1,357,126,12,16,0.72,2,-1,-1
512,-1,249,207,23,24,0.85,2,-1,-1
512,-1,376,131,12,14,0.85,2,-1,-1
512,-1,356,124,12,17,0.75,2,-1,-1
513,-1,245,212,25,25,0.87,2,-1,-1
513,-1,375,130,12,14,0.83,2,-1,-1
513,-1,357,123,12,17,0.75,2,-1,-1
514,-1,242,215,26,26,0.87,2,-1,-1
514,-1,375,130,12,14,0.79,2,-1,-1
514,-1,356,123,12,17,0.74,2,-1,-1
515,-1,240,218,26,28,0.88,2,-1,-1
515,-1,374,129,12,14,0.78,2,-1,-1
515,-1,356,123,12,16,0.69,2,-1,-1
516,-1,235,224,28,29,0.87,2,-1,-1
516,-1,374,129,12,14,0.76,2,-1,-1
516,-1,356,122,12,16,0.70,2,-1,-1
517,-1,231,230,28,30,0.88,2,-1,-1
517,-1,375,128,10,13,0.79,2,-1,-1
517,-1,356,121,11,16,0.72,2,-1,-1
518,-1,227,235,30,31,0.88,2,-1,-1
518,-1,374,127,11,13,0.77,2,-1,-1
518,-1,356,120,11,16,0.64,2,-1,-1
519,-1,221,242,31,33,0.90,2,-1,-1
519,-1,374,128,11,13,0.76,2,-1,-1
519,-1,356,120,11,16,0.65,2,-1,-1
520,-1,217,247,32,34,0.88,2,-1,-1
520,-1,373,127,12,13,0.79,2,-1,-1
520,-1,355,120,11,14,0.59,2,-1,-1
521,-1,210,257,34,35,0.90,2,-1,-1
521,-1,372,126,12,13,0.79,2,-1,-1
521,-1,354,118,11,15,0.52,2,-1,-1
522,-1,206,264,34,36,0.89,2,-1,-1
522,-1,372,126,12,13,0.79,2,-1,-1
522,-1,354,119,11,15,0.55,2,-1,-1
523,-1,197,274,38,39,0.91,2,-1,-1
523,-1,372,125,12,13,0.77,2,-1,-1
523,-1,354,119,11,13,0.56,2,-1,-1
524,-1,191,280,39,42,0.90,2,-1,-1
524,-1,372,125,12,13,0.76,2,-1,-1
524,-1,354,119,11,13,0.55,2,-1,-1
525,-1,183,292,42,45,0.90,2,-1,-1
525,-1,370,124,12,12,0.72,2,-1,-1
525,-1,355,119,10,12,0.46,2,-1,-1
526,-1,175,302,44,48,0.90,2,-1,-1
526,-1,370,124,12,12,0.72,2,-1,-1
526,-1,355,119,10,12,0.42,2,-1,-1
527,-1,168,312,45,50,0.91,2,-1,-1
527,-1,370,123,12,12,0.68,2,-1,-1
527,-1,354,118,10,13,0.40,2,-1,-1
528,-1,154,328,52,55,0.92,2,-1,-1
528,-1,370,123,12,12,0.69,2,-1,-1
528,-1,354,118,10,13,0.40,2,-1,-1
529,-1,140,347,56,61,0.91,2,-1,-1
529,-1,370,122,12,12,0.73,2,-1,-1
529,-1,354,118,10,12,0.33,2,-1,-1
530,-1,130,362,58,65,0.93,2,-1,-1
530,-1,369,121,12,12,0.69,2,-1,-1
530,-1,354,118,10,12,0.36,2,-1,-1
531,-1,118,378,62,70,0.92,2,-1,-1
531,-1,369,121,12,12,0.70,2,-1,-1
531,-1,354,118,10,12,0.37,2,-1,-1
532,-1,98,404,68,78,0.93,2,-1,-1
532,-1,369,121,12,12,0.64,2,-1,-1
532,-1,354,118,10,11,0.30,2,-1,-1
533,-1,75,434,76,90,0.93,2,-1,-1
533,-1,369,120,11,12,0.65,2,-1,-1
533,-1,353,117,10,11,0.20,2,-1,-1
534,-1,369,120,11,12,0.64,2,-1,-1
534,-1,353,117,10,10,0.15,2,-1,-1
535,-1,368,119,11,13,0.67,2,-1,-1
535,-1,353,116,10,10,0.35,2,-1,-1
536,-1,368,118,10,13,0.57,2,-1,-1
536,-1,353,116,10,10,0.26,2,-1,-1
537,-1,368,118,10,12,0.55,2,-1,-1
537,-1,352,116,10,10,0.35,2,-1,-1
538,-1,368,118,10,12,0.65,2,-1,-1
538,-1,352,115,10,11,0.46,2,-1,-1
539,-1,367,118,10,12,0.56,2,-1,-1
539,-1,352,115,9,11,0.32,2,-1,-1
540,-1,367,117,10,11,0.59,2,-1,-1
540,-1,352,114,9,10,0.39,2,-1,-1
541,-1,367,118,9,10,0.51,2,-1,-1
541,-1,352,114,9,10,0.30,2,-1,-1
542,-1,366,117,9,11,0.41,2,-1,-1
542,-1,352,114,9,11,0.18,2,-1,-1
543,-1,366,117,9,11,0.42,2,-1,-1
543,-1,352,114,9,10,0.18,2,-1,-1
544,-1,366,116,10,11,0.55,2,-1,-1
544,-1,352,113,9,11,0.12,2,-1,-1
545,-1,365,116,10,11,0.57,2,-1,-1
546,-1,365,116,10,11,0.57,2,-1,-1
547,-1,364,116,9,10,0.54,2,-1,-1
548,-1,363,115,10,10,0.40,2,-1,-1
549,-1,363,115,10,10,0.40,2,-1,-1
549,-1,350,112,9,10,0.13,2,-1,-1
550,-1,362,114,10,11,0.55,2,-1,-1
550,-1,348,112,9,10,0.15,2,-1,-1
551,-1,362,114,10,11,0.56,2,-1,-1
551,-1,349,112,9,10,0.15,2,-1,-1
552,-1,362,114,10,11,0.50,2,-1,-1
553,-1,361,113,10,12,0.43,2,-1,-1
554,-1,361,113,9,12,0.44,2,-1,-1
555,-1,360,112,10,12,0.33,2,-1,-1
556,-1,360,112,10,12,0.36,2,-1,-1
557,-1,359,112,10,11,0.27,2,-1,-1
558,-1,359,112,10,12,0.28,2,-1,-1
559,-1,359,112,9,11,0.20,2,-1,-1
560,-1,358,111,9,11,0.22,2,-1,-1
561,-1,358,111,9,11,0.21,2,-1,-1
562,-1,357,111,9,11,0.22,2,-1,-1
563,-1,357,111,9,11,0.24,2,-1,-1
564,-1,356,111,9,11,0.18,2,-1,-1
565,-1,356,110,9,10,0.12,2,-1,-1
566,-1,-1,-1,-1,-1,-1,-1,-1,-1
567,-1,-1,-1,-1,-1,-1,-1,-1,-1
568,-1,-1,-1,-1,-1,-1,-1,-1,-1
569,-1,-1,-1,-1,-1,-1,-1,-1,-1
570,-1,-1,-1,-1,-1,-1,-1,-1,-1
571,-1,-1,-1,-1,-1,-1,-1,-1,-1
572,-1,351,109,10,11,0.11,2,-1,-1
573,-1,-1,-1,-1,-1,-1,-1,-1,-1
574,-1,-1,-1,-1,-1,-1,-1,-1,-1
575,-1,-1,-1,-1,-1,-1,-1,-1,-1
576,-1,-1,-1,-1,-1,-1,-1,-1,-1
577,-1,-1,-1,-1,-1,-1,-1,-1,-1
578,-1,-1,-1,-1,-1,-1,-1,-1,-1
579,-1,-1,-1,-1,-1,-1,-1,-1,-1
580,-1,-1,-1,-1,-1,-1,-1,-1,-1
581,-1,-1,-1,-1,-1,-1,-1,-1,-1
582,-1,-1,-1,-1,-1,-1,-1,-1,-1
583,-1,-1,-1,-1,-1,-1,-1,-1,-1
584,-1,-1,-1,-1,-1,-1,-1,-1,-1
585,-1,-1,-1,-1,-1,-1,-1,-1,-1
586,-1,-1,-1,-1,-1,-1,-1,-1,-1
587,-1,-1,-1,-1,-1,-1,-1,-1,-1
588,-1,-1,-1,-1,-1,-1,-1,-1,-1
589,-1,-1,-1,-1,-1,-1,-1,-1,-1
590,-1,-1,-1,-1,-1,-1,-1,-1,-1
591,-1,-1,-1,-1,-1,-1,-1,-1,-1
592,-1,-1,-1,-1,-1,-1,-1,-1,-1
593,-1,-1,-1,-1,-1,-1,-1,-1,-1
594,-1,-1,-1,-1,-1,-1,-1,-1,-1
595,-1,-1,-1,-1,-1,-1,-1,-1,-1
596,-1,-1,-1,-1,-1,-1,-1,-1,-1
597,-1,-1,-1,-1,-1,-1,-1,-1,-1
598,-1,-1,-1,-1,-1,-1,-1,-1,-1
599,-1,-1,-1,-1,-1,-1,-1,-1,-1
600,-1,-1,-1,-1,-1,-1,-1,-1,-1
601,-1,-1,-1,-1,-1,-1,-1,-1,-1
602,-1,-1,-1,-1,-1,-1,-1,-1,-1
603,-1,-1,-1,-1,-1,-1,-1,-1,-1
604,-1,446,486,86,49,0.83,2,-1,-1
605,-1,-1,-1,-1,-1,-1,-1,-1,-1
606,-1,430,414,72,91,0.90,2,-1,-1
607,-1,425,391,65,85,0.87,2,-1,-1
608,-1,418,362,59,77,0.87,2,-1,-1
609,-1,416,346,54,70,0.89,2,-1,-1
610,-1,411,323,48,66,0.87,2,-1,-1
611,-1,408,314,46,58,0.88,2,-1,-1
612,-1,403,297,45,53,0.89,2,-1,-1
613,-1,400,282,42,49,0.90,2,-1,-1
614,-1,398,276,42,44,0.89,2,-1,-1
615,-1,396,268,38,42,0.89,2,-1,-1
616,-1,392,255,34,41,0.89,2,-1,-1
617,-1,390,245,34,38,0.90,2,-1,-1
618,-1,388,240,34,36,0.89,2,-1,-1
619,-1,386,236,34,34,0.88,2,-1,-1
620,-1,385,227,30,34,0.89,2,-1,-1
621,-1,384,222,29,32,0.88,2,-1,-1
622,-1,382,216,28,30,0.88,2,-1,-1
623,-1,382,213,27,28,0.87,2,-1,-1
624,-1,380,206,26,28,0.89,2,-1,-1
625,-1,378,202,26,28,0.88,2,-1,-1
626,-1,377,197,24,28,0.88,2,-1,-1
627,-1,376,194,24,27,0.87,2,-1,-1
628,-1,375,190,24,26,0.87,2,-1,-1
629,-1,374,185,24,26,0.88,2,-1,-1
630,-1,374,183,24,26,0.87,2,-1,-1
631,-1,372,182,23,24,0.89,2,-1,-1
632,-1,372,178,21,23,0.89,2,-1,-1
633,-1,371,176,22,23,0.86,2,-1,-1
634,-1,370,172,22,22,0.88,2,-1,-1
635,-1,370,170,22,22,0.87,2,-1,-1
636,-1,370,168,19,22,0.87,2,-1,-1
637,-1,368,166,20,22,0.86,2,-1,-1
638,-1,368,163,20,22,0.87,2,-1,-1
639,-1,368,161,19,22,0.87,2,-1,-1
640,-1,368,159,17,20,0.85,2,-1,-1
641,-1,367,157,17,20,0.87,2,-1,-1
642,-1,367,156,17,20,0.87,2,-1,-1
643,-1,366,155,18,19,0.86,2,-1,-1
644,-1,366,153,18,20,0.85,2,-1,-1
645,-1,365,152,18,18,0.87,2,-1,-1
646,-1,364,151,16,18,0.85,2,-1,-1
647,-1,364,150,16,17,0.84,2,-1,-1
648,-1,364,148,16,17,0.86,2,-1,-1
649,-1,362,146,16,18,0.85,2,-1,-1
650,-1,362,145,16,17,0.84,2,-1,-1
651,-1,362,145,16,17,0.83,2,-1,-1
652,-1,362,142,16,16,0.80,2,-1,-1
653,-1,362,142,16,16,0.79,2,-1,-1
654,-1,362,141,15,15,0.78,2,-1,-1
655,-1,361,141,15,15,0.79,2,-1,-1
656,-1,361,140,14,14,0.75,2,-1,-1
657,-1,361,139,14,14,0.76,2,-1,-1
658,-1,360,138,14,14,0.70,2,-1,-1
659,-1,360,136,14,14,0.63,2,-1,-1
660,-1,359,136,14,14,0.72,2,-1,-1
661,-1,-1,-1,-1,-1,-1,-1,-1,-1
662,-1,358,134,14,14,0.77,2,-1,-1
663,-1,358,134,14,14,0.74,2,-1,-1
664,-1,358,134,13,13,0.80,2,-1,-1
665,-1,358,133,13,13,0.80,2,-1,-1
666,-1,358,132,12,12,0.69,2,-1,-1
667,-1,358,132,13,13,0.59,2,-1,-1
668,-1,358,131,12,13,0.68,2,-1,-1
669,-1,356,129,12,12,0.32,2,-1,-1
670,-1,357,128,12,13,0.56,2,-1,-1
671,-1,356,128,12,13,0.59,2,-1,-1
672,-1,356,127,12,12,0.56,2,-1,-1
673,-1,356,126,12,12,0.63,2,-1,-1
674,-1,356,126,12,12,0.59,2,-1,-1
675,-1,356,126,12,12,0.59,2,-1,-1
676,-1,356,125,12,12,0.58,2,-1,-1
677,-1,356,125,12,12,0.58,2,-1,-1
678,-1,355,124,12,12,0.34,2,-1,-1
679,-1,356,124,11,11,0.37,2,-1,-1
680,-1,356,124,11,11,0.37,2,-1,-1
681,-1,356,124,10,10,0.18,2,-1,-1
682,-1,355,122,10,10,0.11,2,-1,-1
683,-1,355,122,10,10,0.11,2,-1,-1
684,-1,-1,-1,-1,-1,-1,-1,-1,-1
685,-1,-1,-1,-1,-1,-1,-1,-1,-1
686,-1,-1,-1,-1,-1,-1,-1,-1,-1
687,-1,-1,-1,-1,-1,-1,-1,-1,-1
688,-1,-1,-1,-1,-1,-1,-1,-1,-1
689,-1,-1,-1,-1,-1,-1,-1,-1,-1
690,-1,-1,-1,-1,-1,-1,-1,-1,-1
691,-1,-1,-1,-1,-1,-1,-1,-1,-1
692,-1,-1,-1,-1,-1,-1,-1,-1,-1
693,-1,525,384,110,150,0.93,7,-1,-1
694,-1,-1,-1,-1,-1,-1,-1,-1,-1
695,-1,505,345,130,188,0.93,7,-1,-1
696,-1,494,324,141,210,0.92,7,-1,-1
697,-1,488,312,146,221,0.92,7,-1,-1
698,-1,-1,-1,-1,-1,-1,-1,-1,-1
699,-1,-1,-1,-1,-1,-1,-1,-1,-1
700,-1,464,270,171,258,0.88,7,-1,-1
701,-1,462,266,165,233,0.91,7,-1,-1
702,-1,455,254,146,213,0.92,7,-1,-1
703,-1,450,248,140,199,0.93,7,-1,-1
704,-1,448,241,125,181,0.94,7,-1,-1
705,-1,445,236,118,171,0.93,7,-1,-1
706,-1,440,227,110,158,0.94,7,-1,-1
707,-1,436,223,106,150,0.93,7,-1,-1
708,-1,431,217,99,140,0.92,7,-1,-1
709,-1,432,211,92,136,0.93,7,-1,-1
710,-1,428,207,86,124,0.92,7,-1,-1
711,-1,426,204,83,120,0.92,7,-1,-1
712,-1,423,198,78,114,0.93,7,-1,-1
713,-1,422,194,74,110,0.93,7,-1,-1
714,-1,419,191,70,104,0.92,7,-1,-1
715,-1,418,188,67,100,0.92,7,-1,-1
716,-1,416,184,63,96,0.92,7,-1,-1
717,-1,413,182,62,92,0.92,7,-1,-1
718,-1,411,179,60,88,0.91,7,-1,-1
719,-1,410,176,57,86,0.92,7,-1,-1
720,-1,408,174,54,81,0.90,7,-1,-1
721,-1,408,172,52,78,0.91,7,-1,-1
722,-1,406,169,50,76,0.91,7,-1,-1
723,-1,405,167,49,74,0.90,7,-1,-1
723,-1,304,136,11,12,0.20,2,-1,-1
724,-1,404,163,46,72,0.91,7,-1,-1
725,-1,402,162,46,71,0.91,7,-1,-1
726,-1,400,160,44,68,0.92,7,-1,-1
726,-1,302,136,12,15,0.61,2,-1,-1
727,-1,400,159,43,66,0.90,7,-1,-1
728,-1,398,157,42,64,0.90,7,-1,-1
729,-1,397,156,42,62,0.90,7,-1,-1
730,-1,396,154,39,60,0.90,7,-1,-1
731,-1,396,152,38,59,0.90,7,-1,-1
732,-1,394,151,37,58,0.89,7,-1,-1
733,-1,393,150,37,57,0.89,7,-1,-1
734,-1,392,148,36,56,0.91,7,-1,-1
735,-1,390,146,36,54,0.91,7,-1,-1
735,-1,293,147,14,16,0.74,2,-1,-1
736,-1,390,146,35,54,0.90,7,-1,-1
736,-1,293,148,14,15,0.29,2,-1,-1
737,-1,390,144,34,54,0.90,7,-1,-1
738,-1,389,143,33,51,0.90,7,-1,-1
738,-1,290,152,16,17,0.83,2,-1,-1
739,-1,388,143,32,50,0.89,7,-1,-1
739,-1,289,154,16,16,0.80,2,-1,-1
740,-1,388,142,31,49,0.89,7,-1,-1
740,-1,288,157,16,16,0.81,2,-1,-1
741,-1,387,141,31,48,0.89,7,-1,-1
741,-1,286,158,17,17,0.78,2,-1,-1
742,-1,386,140,30,46,0.89,7,-1,-1
742,-1,286,160,17,17,0.85,2,-1,-1
743,-1,386,139,30,46,0.89,7,-1,-1
743,-1,284,161,18,18,0.81,2,-1,-1
744,-1,385,138,29,46,0.88,7,-1,-1
744,-1,281,164,18,18,0.83,2,-1,-1
745,-1,384,134,30,48,0.87,7,-1,-1
745,-1,279,166,18,19,0.84,2,-1,-1
746,-1,384,134,29,46,0.87,7,-1,-1
746,-1,278,170,18,18,0.85,2,-1,-1
747,-1,383,134,28,46,0.88,7,-1,-1
747,-1,277,172,19,18,0.83,2,-1,-1
748,-1,382,133,29,44,0.88,7,-1,-1
748,-1,274,176,20,18,0.84,2,-1,-1
749,-1,382,132,28,44,0.88,7,-1,-1
749,-1,273,177,20,20,0.79,2,-1,-1
750,-1,381,131,27,43,0.87,7,-1,-1
750,-1,432,490,90,45,0.87,2,-1,-1
750,-1,270,181,20,20,0.86,2,-1,-1
751,-1,381,130,26,43,0.87,7,-1,-1
751,-1,268,182,22,22,0.84,2,-1,-1
752,-1,418,411,72,89,0.92,2,-1,-1
752,-1,380,130,26,42,0.87,7,-1,-1
752,-1,264,188,21,21,0.86,2,-1,-1
753,-1,413,386,67,82,0.92,2,-1,-1
753,-1,380,130,26,42,0.88,7,-1,-1
753,-1,262,190,23,23,0.75,2,-1,-1
754,-1,407,356,60,72,0.92,2,-1,-1
754,-1,380,129,25,40,0.87,7,-1,-1
754,-1,260,195,23,22,0.84,2,-1,-1
755,-1,404,338,56,66,0.93,2,-1,-1
755,-1,380,129,24,37,0.87,7,-1,-1
755,-1,256,198,24,23,0.84,2,-1,-1
755,-1,320,143,14,14,0.22,2,-1,-1
756,-1,400,314,49,60,0.92,2,-1,-1
756,-1,379,128,24,38,0.87,7,-1,-1
756,-1,253,205,23,22,0.82,2,-1,-1
756,-1,320,145,13,14,0.51,2,-1,-1
757,-1,397,302,46,56,0.92,2,-1,-1
757,-1,378,127,25,37,0.87,7,-1,-1
757,-1,249,209,25,23,0.82,2,-1,-1
758,-1,393,285,45,50,0.91,2,-1,-1
758,-1,378,126,24,36,0.87,7,-1,-1
758,-1,246,215,26,25,0.68,2,-1,-1
759,-1,390,274,44,48,0.91,2,-1,-1
759,-1,377,125,24,37,0.86,7,-1,-1
759,-1,242,220,28,26,0.82,2,-1,-1
759,-1,317,149,14,14,0.65,2,-1,-1
760,-1,388,262,38,43,0.91,2,-1,-1
760,-1,376,125,24,36,0.86,7,-1,-1
760,-1,237,228,28,28,0.74,2,-1,-1
760,-1,318,150,14,14,0.40,2,-1,-1
761,-1,386,252,37,43,0.90,2,-1,-1
761,-1,376,125,24,35,0.86,7,-1,-1
761,-1,231,232,30,30,0.85,2,-1,-1
761,-1,318,151,14,15,0.54,2,-1,-1
762,-1,384,242,36,39,0.90,2,-1,-1
762,-1,376,124,22,34,0.86,7,-1,-1
762,-1,316,153,15,16,0.82,2,-1,-1
762,-1,223,242,34,31,0.72,2,-1,-1
763,-1,382,236,35,38,0.90,2,-1,-1
763,-1,219,243,33,37,0.86,2,-1,-1
763,-1,376,124,22,34,0.86,7,-1,-1
763,-1,316,153,16,16,0.82,2,-1,-1
764,-1,381,227,32,35,0.90,2,-1,-1
764,-1,375,123,22,33,0.87,7,-1,-1
764,-1,315,156,16,16,0.81,2,-1,-1
764,-1,211,258,36,36,0.80,2,-1,-1
765,-1,379,221,31,34,0.89,2,-1,-1
765,-1,375,123,22,32,0.87,7,-1,-1
765,-1,206,267,37,38,0.86,2,-1,-1
765,-1,315,156,16,16,0.81,2,-1,-1
766,-1,378,214,28,32,0.88,2,-1,-1
766,-1,195,281,41,41,0.88,2,-1,-1
766,-1,375,123,22,31,0.86,7,-1,-1
766,-1,313,160,16,16,0.79,2,-1,-1
767,-1,377,209,28,32,0.90,2,-1,-1
767,-1,186,289,42,45,0.89,2,-1,-1
767,-1,375,123,22,30,0.86,7,-1,-1
767,-1,312,160,16,16,0.80,2,-1,-1
768,-1,376,203,26,30,0.88,2,-1,-1
768,-1,171,295,48,62,0.86,2,-1,-1
768,-1,375,122,21,30,0.85,7,-1,-1
768,-1,312,163,17,16,0.80,2,-1,-1
769,-1,375,200,26,28,0.87,2,-1,-1
769,-1,375,122,20,29,0.85,7,-1,-1
769,-1,161,316,54,58,0.85,2,-1,-1
769,-1,312,165,17,16,0.78,2,-1,-1
770,-1,373,194,26,28,0.88,2,-1,-1
770,-1,142,343,57,62,0.88,2,-1,-1
770,-1,375,122,20,29,0.85,7,-1,-1
770,-1,310,167,18,17,0.84,2,-1,-1
771,-1,372,191,24,26,0.89,2,-1,-1
771,-1,127,360,59,69,0.88,2,-1,-1
771,-1,309,168,19,18,0.84,2,-1,-1
771,-1,374,122,20,28,0.84,7,-1,-1
772,-1,105,394,68,77,0.89,2,-1,-1
772,-1,371,186,23,26,0.89,2,-1,-1
772,-1,308,170,19,18,0.84,2,-1,-1
772,-1,374,122,20,27,0.82,7,-1,-1
773,-1,85,422,77,84,0.90,2,-1,-1
773,-1,370,183,24,26,0.88,2,-1,-1
773,-1,374,121,20,27,0.82,7,-1,-1
773,-1,306,172,20,18,0.82,2,-1,-1
774,-1,370,179,23,26,0.88,2,-1,-1
774,-1,306,174,20,18,0.83,2,-1,-1
774,-1,374,121,19,27,0.82,7,-1,-1
775,-1,369,176,22,25,0.88,2,-1,-1
775,-1,305,177,20,18,0.81,2,-1,-1
775,-1,374,120,19,27,0.80,7,-1,-1
776,-1,368,173,21,24,0.87,2,-1,-1
776,-1,303,181,20,18,0.82,2,-1,-1
776,-1,373,120,19,26,0.77,7,-1,-1
777,-1,368,170,22,24,0.89,2,-1,-1
777,-1,302,182,21,19,0.84,2,-1,-1
777,-1,373,119,19,27,0.78,7,-1,-1
778,-1,367,167,21,24,0.87,2,-1,-1
778,-1,302,185,22,21,0.83,2,-1,-1
778,-1,372,119,19,26,0.75,7,-1,-1
779,-1,366,165,21,24,0.87,2,-1,-1
779,-1,300,186,22,22,0.85,2,-1,-1
779,-1,372,119,18,26,0.72,7,-1,-1
780,-1,366,163,20,22,0.88,2,-1,-1
780,-1,299,191,22,22,0.83,2,-1,-1
780,-1,372,119,19,24,0.67,7,-1,-1
781,-1,365,161,19,21,0.86,2,-1,-1
781,-1,298,194,22,21,0.85,2,-1,-1
781,-1,372,118,19,26,0.79,7,-1,-1
782,-1,364,159,19,20,0.87,2,-1,-1
782,-1,296,198,23,22,0.84,2,-1,-1
782,-1,371,118,19,25,0.75,7,-1,-1
783,-1,364,157,18,20,0.88,2,-1,-1
783,-1,294,201,24,22,0.85,2,-1,-1
783,-1,371,118,19,24,0.74,7,-1,-1
784,-1,363,155,19,20,0.88,2,-1,-1
784,-1,293,206,25,24,0.85,2,-1,-1
784,-1,370,118,18,24,0.71,7,-1,-1
785,-1,363,154,18,20,0.87,2,-1,-1
785,-1,291,208,26,24,0.86,2,-1,-1
785,-1,370,117,18,24,0.75,7,-1,-1
786,-1,362,151,18,20,0.87,2,-1,-1
786,-1,289,214,27,26,0.85,2,-1,-1
786,-1,370,118,18,23,0.65,7,-1,-1
787,-1,362,150,18,19,0.87,2,-1,-1
787,-1,288,218,28,26,0.86,2,-1,-1
787,-1,370,117,18,23,0.56,7,-1,-1
788,-1,362,148,17,18,0.87,2,-1,-1
788,-1,285,224,28,27,0.87,2,-1,-1
788,-1,370,117,18,23,0.53,7,-1,-1
789,-1,362,146,17,18,0.86,2,-1,-1
789,-1,283,229,30,28,0.84,2,-1,-1
789,-1,370,115,16,22,0.56,7,-1,-1
790,-1,279,236,30,29,0.87,2,-1,-1
790,-1,361,145,16,18,0.86,2,-1,-1
790,-1,369,116,17,21,0.53,2,-1,-1
791,-1,277,239,31,32,0.88,2,-1,-1
791,-1,361,144,16,18,0.86,2,-1,-1
791,-1,369,116,16,20,0.54,2,-1,-1
792,-1,273,249,33,32,0.87,2,-1,-1
792,-1,361,142,16,18,0.85,2,-1,-1
792,-1,370,115,16,21,0.52,7,-1,-1
793,-1,270,256,34,32,0.88,2,-1,-1
793,-1,360,141,15,18,0.84,2,-1,-1
793,-1,370,115,14,21,0.66,7,-1,-1
794,-1,266,265,35,36,0.89,2,-1,-1
794,-1,360,140,16,17,0.84,2,-1,-1
794,-1,370,115,14,20,0.49,7,-1,-1
795,-1,262,273,37,37,0.89,2,-1,-1
795,-1,360,139,15,17,0.86,2,-1,-1
795,-1,370,114,14,20,0.40,7,-1,-1
796,-1,258,286,39,40,0.89,2,-1,-1
796,-1,360,138,14,16,0.87,2,-1,-1
796,-1,369,114,14,20,0.35,2,-1,-1
797,-1,252,294,42,43,0.90,2,-1,-1
797,-1,359,137,14,16,0.87,2,-1,-1
797,-1,369,114,14,19,0.34,2,-1,-1
798,-1,246,308,44,47,0.90,2,-1,-1
798,-1,360,136,14,16,0.86,2,-1,-1
798,-1,369,114,14,19,0.41,2,-1,-1
799,-1,240,319,47,50,0.91,2,-1,-1
799,-1,359,135,14,16,0.84,2,-1,-1
799,-1,368,113,14,19,0.49,7,-1,-1
800,-1,230,338,52,58,0.90,2,-1,-1
800,-1,359,135,14,14,0.82,2,-1,-1
800,-1,368,113,14,19,0.49,7,-1,-1
801,-1,223,343,56,71,0.90,2,-1,-1
801,-1,359,134,14,15,0.85,2,-1,-1
801,-1,368,112,14,19,0.65,7,-1,-1
802,-1,211,376,61,70,0.90,2,-1,-1
802,-1,360,133,13,15,0.84,2,-1,-1
802,-1,368,112,14,20,0.73,7,-1,-1
803,-1,203,394,65,78,0.91,2,-1,-1
803,-1,359,133,14,14,0.85,2,-1,-1
803,-1,368,112,14,20,0.72,7,-1,-1
804,-1,188,427,74,89,0.91,2,-1,-1
804,-1,358,131,12,14,0.81,2,-1,-1
804,-1,367,111,14,19,0.76,7,-1,-1
805,-1,358,131,12,14,0.80,2,-1,-1
805,-1,367,111,14,19,0.69,7,-1,-1
806,-1,358,130,12,14,0.78,2,-1,-1
806,-1,367,111,14,19,0.50,7,-1,-1
807,-1,357,129,12,14,0.76,2,-1,-1
807,-1,367,111,14,19,0.62,7,-1,-1
808,-1,356,127,12,14,0.72,2,-1,-1
808,-1,366,110,14,19,0.61,7,-1,-1
809,-1,356,127,12,14,0.71,2,-1,-1
809,-1,366,110,14,19,0.55,7,-1,-1
810,-1,356,127,12,14,0.71,2,-1,-1
810,-1,366,110,14,19,0.54,7,-1,-1
811,-1,356,126,12,13,0.73,2,-1,-1
811,-1,366,110,13,18,0.41,7,-1,-1
812,-1,355,126,12,13,0.66,2,-1,-1
812,-1,365,110,13,18,0.47,7,-1,-1
813,-1,356,126,12,13,0.70,2,-1,-1
813,-1,365,110,13,18,0.47,7,-1,-1
814,-1,355,125,12,12,0.64,2,-1,-1
814,-1,364,109,13,18,0.50,7,-1,-1
815,-1,354,124,12,12,0.57,2,-1,-1
815,-1,364,109,13,18,0.46,7,-1,-1
816,-1,354,124,12,12,0.57,2,-1,-1
816,-1,364,109,13,18,0.43,7,-1,-1
817,-1,355,124,12,12,0.54,2,-1,-1
817,-1,364,109,13,18,0.31,7,-1,-1
818,-1,354,122,11,11,0.45,2,-1,-1
818,-1,364,108,13,18,0.31,7,-1,-1
819,-1,354,122,11,11,0.46,2,-1,-1
819,-1,364,108,13,18,0.25,2,-1,-1
820,-1,354,121,11,11,0.39,2,-1,-1
820,-1,364,109,12,16,0.26,2,-1,-1
821,-1,354,120,10,11,0.39,2,-1,-1
821,-1,363,108,12,16,0.26,2,-1,-1
821,-1,356,117,12,13,0.18,2,-1,-1
822,-1,354,120,10,11,0.43,2,-1,-1
822,-1,363,108,12,16,0.25,2,-1,-1
822,-1,356,117,12,13,0.19,2,-1,-1
823,-1,354,119,10,11,0.48,2,-1,-1
823,-1,362,108,13,16,0.24,2,-1,-1
823,-1,356,115,12,13,0.14,2,-1,-1
824,-1,354,119,10,12,0.42,2,-1,-1
824,-1,361,108,13,16,0.30,2,-1,-1
824,-1,358,112,12,14,0.13,2,-1,-1
825,-1,303,138,12,12,0.50,2,-1,-1
825,-1,354,119,10,11,0.42,2,-1,-1
825,-1,362,108,13,16,0.30,2,-1,-1
825,-1,358,112,12,14,0.13,2,-1,-1
826,-1,302,137,12,12,0.71,2,-1,-1
826,-1,353,118,9,12,0.47,2,-1,-1
826,-1,362,107,12,16,0.30,2,-1,-1
827,-1,353,118,9,11,0.47,2,-1,-1
827,-1,361,107,12,16,0.28,2,-1,-1
828,-1,302,137,13,16,0.84,2,-1,-1
828,-1,352,117,9,11,0.41,2,-1,-1
828,-1,361,107,12,17,0.18,2,-1,-1
829,-1,301,137,14,16,0.83,2,-1,-1
829,-1,352,117,10,12,0.45,2,-1,-1
829,-1,360,107,12,17,0.17,2,-1,-1
830,-1,300,137,14,16,0.63,2,-1,-1
830,-1,352,116,10,11,0.43,2,-1,-1
830,-1,360,107,11,16,0.24,2,-1,-1
831,-1,298,138,16,18,0.65,2,-1,-1
831,-1,352,116,10,11,0.43,2,-1,-1
831,-1,360,106,12,16,0.21,2,-1,-1
832,-1,298,138,16,18,0.69,2,-1,-1
832,-1,352,116,10,11,0.40,2,-1,-1
832,-1,360,106,12,16,0.14,2,-1,-1
833,-1,352,116,9,10,0.35,2,-1,-1
833,-1,296,143,14,15,0.33,2,-1,-1
834,-1,296,142,16,18,0.81,2,-1,-1
834,-1,352,116,9,10,0.25,2,-1,-1
835,-1,295,143,16,18,0.79,2,-1,-1
835,-1,352,116,8,10,0.25,2,-1,-1
836,-1,294,144,15,17,0.77,2,-1,-1
837,-1,294,146,15,16,0.61,2,-1,-1
838,-1,292,149,15,16,0.78,2,-1,-1
838,-1,350,114,8,10,0.19,2,-1,-1
839,-1,292,149,15,16,0.75,2,-1,-1
839,-1,350,114,8,10,0.20,2,-1,-1
840,-1,290,151,16,17,0.82,2,-1,-1
841,-1,290,151,17,18,0.82,2,-1,-1
841,-1,353,103,13,17,0.10,7,-1,-1
842,-1,289,156,14,14,0.75,2,-1,-1
842,-1,352,102,14,18,0.19,7,-1,-1
843,-1,288,154,18,19,0.80,2,-1,-1
844,-1,286,154,18,20,0.80,2,-1,-1
844,-1,351,101,13,19,0.13,7,-1,-1
845,-1,286,156,19,20,0.81,2,-1,-1
845,-1,352,101,12,18,0.15,7,-1,-1
846,-1,524,345,111,186,0.92,7,-1,-1
846,-1,284,157,20,21,0.83,2,-1,-1
846,-1,352,101,12,18,0.14,7,-1,-1
847,-1,518,332,117,201,0.93,7,-1,-1
847,-1,283,160,19,20,0.81,2,-1,-1
847,-1,351,101,12,18,0.26,7,-1,-1
848,-1,282,162,19,20,0.83,2,-1,-1
848,-1,351,102,12,17,0.12,7,-1,-1
849,-1,497,303,138,231,0.90,7,-1,-1
849,-1,280,163,19,20,0.86,2,-1,-1
849,-1,351,102,12,17,0.13,7,-1,-1
850,-1,489,289,146,240,0.90,7,-1,-1
850,-1,278,166,19,20,0.85,2,-1,-1
851,-1,278,168,18,20,0.84,2,-1,-1
852,-1,476,270,156,211,0.92,7,-1,-1
852,-1,275,171,20,20,0.82,2,-1,-1
853,-1,471,264,146,197,0.93,7,-1,-1
853,-1,274,172,20,20,0.83,2,-1,-1
854,-1,464,254,135,179,0.93,7,-1,-1
854,-1,272,175,20,21,0.83,2,-1,-1
855,-1,462,250,126,169,0.93,7,-1,-1
855,-1,270,176,20,22,0.86,2,-1,-1
856,-1,455,240,120,156,0.93,7,-1,-1
856,-1,268,179,21,22,0.87,2,-1,-1
857,-1,451,236,115,147,0.93,7,-1,-1
857,-1,266,181,22,23,0.84,2,-1,-1
858,-1,446,228,106,138,0.94,7,-1,-1
858,-1,263,184,23,24,0.84,2,-1,-1
859,-1,444,224,102,131,0.93,7,-1,-1
859,-1,261,186,24,25,0.87,2,-1,-1
860,-1,438,219,94,122,0.93,7,-1,-1
860,-1,258,189,26,26,0.85,2,-1,-1
861,-1,436,215,91,118,0.93,7,-1,-1
861,-1,256,191,26,26,0.84,2,-1,-1
862,-1,433,209,85,111,0.92,7,-1,-1
862,-1,254,194,26,28,0.85,2,-1,-1
863,-1,432,207,81,106,0.91,7,-1,-1
863,-1,251,198,26,29,0.86,2,-1,-1
864,-1,430,203,75,99,0.92,7,-1,-1
864,-1,247,202,27,30,0.85,2,-1,-1
865,-1,427,199,72,97,0.92,7,-1,-1
865,-1,244,207,28,28,0.86,2,-1,-1
866,-1,424,195,69,92,0.92,7,-1,-1
866,-1,239,209,30,33,0.87,2,-1,-1
867,-1,422,192,67,90,0.92,7,-1,-1
867,-1,238,213,30,34,0.87,2,-1,-1
868,-1,419,188,64,84,0.91,7,-1,-1
868,-1,231,220,32,35,0.85,2,-1,-1
869,-1,418,186,62,82,0.91,7,-1,-1
869,-1,417,464,82,71,0.90,2,-1,-1
869,-1,228,224,34,36,0.85,2,-1,-1
870,-1,410,423,70,80,0.92,2,-1,-1
870,-1,415,182,60,80,0.91,7,-1,-1
870,-1,222,224,36,44,0.82,2,-1,-1
871,-1,406,398,63,74,0.92,2,-1,-1
871,-1,414,180,57,76,0.91,7,-1,-1
871,-1,218,237,36,38,0.77,2,-1,-1
872,-1,400,368,58,66,0.94,2,-1,-1
872,-1,412,177,54,74,0.90,7,-1,-1
872,-1,212,241,36,44,0.88,2,-1,-1
873,-1,398,350,52,61,0.92,2,-1,-1
873,-1,410,175,53,72,0.91,7,-1,-1
873,-1,207,242,38,50,0.87,2,-1,-1
874,-1,393,328,47,55,0.91,2,-1,-1
874,-1,408,173,52,68,0.91,7,-1,-1
874,-1,199,254,41,49,0.88,2,-1,-1
875,-1,390,314,45,51,0.91,2,-1,-1
875,-1,408,171,48,67,0.91,7,-1,-1
875,-1,192,263,44,50,0.89,2,-1,-1
876,-1,406,169,47,64,0.91,7,-1,-1
876,-1,386,296,43,48,0.91,2,-1,-1
876,-1,185,274,44,53,0.90,2,-1,-1
877,-1,404,166,46,64,0.91,7,-1,-1
877,-1,176,280,48,57,0.90,2,-1,-1
877,-1,384,286,40,44,0.90,2,-1,-1
878,-1,403,164,44,62,0.91,7,-1,-1
878,-1,382,272,37,41,0.90,2,-1,-1
878,-1,165,293,51,63,0.90,2,-1,-1
879,-1,402,163,44,60,0.91,7,-1,-1
879,-1,380,264,35,38,0.90,2,-1,-1
879,-1,158,302,53,67,0.90,2,-1,-1
880,-1,400,161,42,58,0.91,7,-1,-1
880,-1,143,325,55,68,0.90,2,-1,-1
880,-1,378,253,34,36,0.89,2,-1,-1
880,-1,326,134,11,14,0.79,2,-1,-1
881,-1,400,160,41,57,0.90,7,-1,-1
881,-1,134,334,60,76,0.90,2,-1,-1
881,-1,376,246,33,34,0.88,2,-1,-1
881,-1,326,135,12,13,0.76,2,-1,-1
882,-1,398,160,39,52,0.90,7,-1,-1
882,-1,114,360,66,80,0.90,2,-1,-1
882,-1,375,236,31,33,0.89,2,-1,-1
882,-1,325,135,12,14,0.50,2,-1,-1
883,-1,101,372,70,90,0.92,2,-1,-1
883,-1,398,158,38,52,0.91,7,-1,-1
883,-1,374,231,29,31,0.88,2,-1,-1
883,-1,325,135,12,14,0.67,2,-1,-1
884,-1,78,402,76,101,0.91,2,-1,-1
884,-1,396,156,38,50,0.90,7,-1,-1
884,-1,372,223,28,30,0.88,2,-1,-1
885,-1,59,420,81,112,0.91,2,-1,-1
885,-1,396,156,37,49,0.90,7,-1,-1
885,-1,372,218,27,30,0.89,2,-1,-1
885,-1,323,137,13,14,0.54,2,-1,-1
886,-1,394,155,36,47,0.91,7,-1,-1
886,-1,370,212,26,28,0.89,2,-1,-1
886,-1,323,137,13,15,0.66,2,-1,-1
887,-1,394,154,36,46,0.90,7,-1,-1
887,-1,370,208,25,26,0.88,2,-1,-1
887,-1,323,137,13,16,0.72,2,-1,-1
888,-1,392,153,34,44,0.90,7,-1,-1
888,-1,370,202,23,26,0.87,2,-1,-1
888,-1,322,139,14,16,0.50,2,-1,-1
889,-1,392,151,34,44,0.89,7,-1,-1
889,-1,368,199,23,25,0.86,2,-1,-1
889,-1,322,142,14,15,0.63,2,-1,-1
890,-1,391,149,34,43,0.89,7,-1,-1
890,-1,368,194,23,24,0.88,2,-1,-1
890,-1,322,143,14,15,0.61,2,-1,-1
891,-1,390,149,33,42,0.87,7,-1,-1
891,-1,367,191,23,24,0.85,2,-1,-1
891,-1,320,145,14,15,0.72,2,-1,-1
892,-1,367,186,22,23,0.89,2,-1,-1
892,-1,390,147,32,41,0.85,7,-1,-1
892,-1,320,146,14,15,0.66,2,-1,-1
893,-1,390,146,31,42,0.88,7,-1,-1
893,-1,366,184,22,23,0.86,2,-1,-1
893,-1,320,146,14,16,0.37,2,-1,-1
894,-1,366,180,21,22,0.88,2,-1,-1
894,-1,388,144,31,40,0.86,7,-1,-1
894,-1,319,148,15,15,0.78,2,-1,-1
895,-1,366,177,20,22,0.87,2,-1,-1
895,-1,387,143,31,39,0.86,7,-1,-1
895,-1,319,148,15,15,0.77,2,-1,-1
896,-1,365,175,20,20,0.86,2,-1,-1
896,-1,387,143,30,37,0.85,7,-1,-1
896,-1,319,150,15,15,0.70,2,-1,-1
897,-1,364,172,20,21,0.87,2,-1,-1
897,-1,386,142,30,37,0.84,7,-1,-1
897,-1,318,150,16,17,0.73,2,-1,-1
898,-1,386,141,31,38,0.87,7,-1,-1
898,-1,364,169,20,21,0.86,2,-1,-1
898,-1,318,151,17,18,0.75,2,-1,-1
899,-1,385,140,30,38,0.86,7,-1,-1
899,-1,364,167,19,20,0.86,2,-1,-1
899,-1,318,152,16,18,0.66,2,-1,-1
900,-1,364,164,18,20,0.87,2,-1,-1
900,-1,384,139,30,37,0.87,7,-1,-1
900,-1,317,153,17,19,0.82,2,-1,-1
