1,-1,216,190,63,90,0.96,7,-1,-1
1,-1,0,328,162,211,0.95,7,-1,-1
2,-1,0,346,150,193,0.95,7,-1,-1
2,-1,209,193,68,96,0.94,7,-1,-1
3,-1,0,364,140,175,0.96,7,-1,-1
3,-1,206,196,70,98,0.95,7,-1,-1
4,-1,0,389,123,150,0.95,7,-1,-1
4,-1,199,199,74,105,0.94,7,-1,-1
5,-1,0,408,110,131,0.94,7,-1,-1
5,-1,193,203,79,107,0.94,7,-1,-1
6,-1,188,206,79,113,0.96,7,-1,-1
6,-1,0,445,82,94,0.91,7,-1,-1
7,-1,185,209,81,115,0.95,7,-1,-1
7,-1,0,476,56,63,0.72,7,-1,-1
8,-1,176,214,86,121,0.96,7,-1,-1
9,-1,170,217,89,128,0.95,7,-1,-1
10,-1,160,222,97,136,0.94,7,-1,-1
11,-1,153,226,101,143,0.96,7,-1,-1
12,-1,142,233,107,153,0.95,7,-1,-1
13,-1,130,237,117,162,0.95,7,-1,-1
14,-1,122,241,122,171,0.95,7,-1,-1
15,-1,112,247,129,179,0.96,7,-1,-1
16,-1,96,254,138,197,0.96,7,-1,-1
17,-1,83,264,145,214,0.96,7,-1,-1
18,-1,66,270,157,230,0.96,7,-1,-1
19,-1,43,281,171,255,0.95,7,-1,-1
20,-1,1,288,209,251,0.95,7,-1,-1
21,-1,0,300,201,239,0.95,7,-1,-1
22,-1,0,311,195,228,0.96,7,-1,-1
22,-1,320,132,15,22,0.64,2,-1,-1
23,-1,0,328,182,211,0.96,7,-1,-1
23,-1,320,133,15,22,0.76,2,-1,-1
24,-1,0,342,175,197,0.96,7,-1,-1
24,-1,320,133,16,23,0.79,2,-1,-1
25,-1,0,355,165,184,0.96,7,-1,-1
25,-1,557,512,81,27,0.89,2,-1,-1
25,-1,319,135,15,22,0.64,2,-1,-1
26,-1,0,378,148,161,0.95,7,-1,-1
26,-1,539,470,80,67,0.93,2,-1,-1
26,-1,319,137,15,21,0.83,2,-1,-1
27,-1,0,405,131,134,0.95,7,-1,-1
27,-1,523,435,70,68,0.95,2,-1,-1
27,-1,318,140,14,20,0.81,2,-1,-1
28,-1,512,415,66,63,0.94,2,-1,-1
28,-1,0,425,118,114,0.94,7,-1,-1
28,-1,318,141,14,20,0.80,2,-1,-1
29,-1,500,386,60,58,0.94,2,-1,-1
29,-1,0,459,94,80,0.91,7,-1,-1
29,-1,317,143,14,20,0.74,2,-1,-1
30,-1,491,370,56,56,0.94,2,-1,-1
30,-1,0,490,74,49,0.67,7,-1,-1
30,-1,316,144,14,20,0.14,2,-1,-1
31,-1,482,348,50,50,0.94,2,-1,-1
31,-1,316,144,15,22,0.82,2,-1,-1
32,-1,476,335,47,48,0.94,2,-1,-1
32,-1,314,145,16,22,0.86,2,-1,-1
33,-1,466,319,45,45,0.94,2,-1,-1
33,-1,314,148,16,20,0.86,2,-1,-1
34,-1,463,308,42,43,0.94,2,-1,-1
34,-1,313,149,17,21,0.86,2,-1,-1
35,-1,455,295,39,39,0.94,2,-1,-1
35,-1,311,150,18,22,0.88,2,-1,-1
36,-1,452,287,38,36,0.94,2,-1,-1
36,-1,311,151,18,22,0.89,2,-1,-1
37,-1,446,275,35,35,0.93,2,-1,-1
37,-1,310,154,18,22,0.90,2,-1,-1
38,-1,442,268,34,34,0.93,2,-1,-1
38,-1,309,154,19,23,0.90,2,-1,-1
39,-1,436,258,33,32,0.93,2,-1,-1
39,-1,308,156,20,24,0.90,2,-1,-1
40,-1,434,252,32,32,0.92,2,-1,-1
40,-1,308,158,20,25,0.92,2,-1,-1
40,-1,328,121,14,15,0.16,2,-1,-1
41,-1,306,159,21,26,0.92,2,-1,-1
41,-1,430,245,29,29,0.91,2,-1,-1
41,-1,328,121,13,15,0.22,2,-1,-1
42,-1,305,161,22,25,0.92,2,-1,-1
42,-1,427,239,29,29,0.91,2,-1,-1
43,-1,425,232,27,28,0.92,2,-1,-1
43,-1,304,164,22,26,0.91,2,-1,-1
43,-1,328,122,13,15,0.20,2,-1,-1
44,-1,423,228,26,26,0.92,2,-1,-1
44,-1,303,165,23,27,0.92,2,-1,-1
44,-1,328,122,13,15,0.21,2,-1,-1
45,-1,419,222,25,26,0.91,2,-1,-1
45,-1,302,167,23,29,0.91,2,-1,-1
46,-1,301,169,23,30,0.92,2,-1,-1
46,-1,417,218,26,26,0.91,2,-1,-1
47,-1,300,172,24,30,0.93,2,-1,-1
47,-1,413,211,27,27,0.90,2,-1,-1
47,-1,452,513,78,26,0.90,2,-1,-1
48,-1,299,174,24,31,0.93,2,-1,-1
48,-1,444,481,80,57,0.92,2,-1,-1
48,-1,412,207,25,27,0.89,2,-1,-1
49,-1,435,440,70,71,0.94,2,-1,-1
49,-1,297,177,25,32,0.92,2,-1,-1
49,-1,409,203,25,25,0.89,2,-1,-1
50,-1,430,417,64,68,0.94,2,-1,-1
50,-1,296,179,26,33,0.92,2,-1,-1
50,-1,408,200,25,25,0.90,2,-1,-1
51,-1,422,383,57,63,0.94,2,-1,-1
51,-1,294,183,27,34,0.92,2,-1,-1
51,-1,405,196,24,25,0.91,2,-1,-1
52,-1,418,368,54,59,0.94,2,-1,-1
52,-1,292,186,27,35,0.91,2,-1,-1
52,-1,403,194,24,24,0.91,2,-1,-1
53,-1,412,344,49,53,0.94,2,-1,-1
53,-1,290,190,29,37,0.92,2,-1,-1
53,-1,401,190,24,24,0.90,2,-1,-1
53,-1,328,126,13,15,0.31,2,-1,-1
54,-1,409,330,47,52,0.93,2,-1,-1
54,-1,288,194,29,37,0.92,2,-1,-1
54,-1,401,188,23,23,0.90,2,-1,-1
54,-1,328,126,13,15,0.20,2,-1,-1
55,-1,404,311,43,46,0.93,2,-1,-1
55,-1,286,197,30,40,0.91,2,-1,-1
55,-1,397,184,23,22,0.88,2,-1,-1
55,-1,328,125,13,15,0.44,2,-1,-1
56,-1,402,300,42,45,0.93,2,-1,-1
56,-1,396,181,23,23,0.89,2,-1,-1
56,-1,284,200,32,42,0.89,2,-1,-1
56,-1,328,126,13,15,0.63,2,-1,-1
57,-1,398,286,39,41,0.92,2,-1,-1
57,-1,394,179,23,22,0.89,2,-1,-1
57,-1,281,207,33,43,0.85,2,-1,-1
58,-1,395,276,37,41,0.93,2,-1,-1
58,-1,424,488,78,51,0.93,2,-1,-1
58,-1,394,177,22,23,0.89,2,-1,-1
58,-1,279,209,34,46,0.81,2,-1,-1
58,-1,326,129,13,14,0.71,2,-1,-1
59,-1,417,443,73,83,0.94,2,-1,-1
59,-1,393,265,35,39,0.92,2,-1,-1
59,-1,391,175,22,22,0.88,2,-1,-1
59,-1,326,129,13,14,0.73,2,-1,-1
59,-1,275,217,36,49,0.62,2,-1,-1
60,-1,413,417,68,77,0.94,2,-1,-1
60,-1,392,257,33,38,0.92,2,-1,-1
60,-1,391,173,22,20,0.88,2,-1,-1
60,-1,272,221,37,51,0.83,2,-1,-1
60,-1,326,129,13,14,0.70,2,-1,-1
61,-1,406,384,60,70,0.94,2,-1,-1
61,-1,389,250,32,34,0.92,2,-1,-1
61,-1,389,171,22,21,0.87,2,-1,-1
61,-1,269,228,39,55,0.80,2,-1,-1
61,-1,326,129,13,15,0.33,2,-1,-1
62,-1,402,365,55,64,0.94,2,-1,-1
62,-1,264,234,41,57,0.93,2,-1,-1
62,-1,387,244,32,33,0.92,2,-1,-1
62,-1,388,169,22,21,0.88,2,-1,-1
62,-1,326,131,13,14,0.79,2,-1,-1
63,-1,398,339,51,60,0.94,2,-1,-1
63,-1,386,234,29,32,0.91,2,-1,-1
63,-1,388,168,21,20,0.87,2,-1,-1
63,-1,326,131,13,15,0.78,2,-1,-1
63,-1,259,245,44,59,0.76,2,-1,-1
64,-1,395,324,48,56,0.95,2,-1,-1
64,-1,384,229,29,32,0.91,2,-1,-1
64,-1,387,166,20,20,0.88,2,-1,-1
64,-1,253,249,47,65,0.84,2,-1,-1
64,-1,326,132,14,14,0.83,2,-1,-1
65,-1,392,305,45,51,0.94,2,-1,-1
65,-1,383,221,28,31,0.91,2,-1,-1
65,-1,386,165,20,19,0.88,2,-1,-1
65,-1,247,261,50,69,0.87,2,-1,-1
65,-1,325,131,14,17,0.77,2,-1,-1
66,-1,390,294,42,48,0.92,2,-1,-1
66,-1,245,269,50,74,0.91,2,-1,-1
66,-1,381,217,28,31,0.91,2,-1,-1
66,-1,386,163,19,19,0.88,2,-1,-1
66,-1,325,131,14,17,0.78,2,-1,-1
67,-1,234,286,56,79,0.94,2,-1,-1
67,-1,386,280,40,45,0.92,2,-1,-1
67,-1,379,212,27,29,0.92,2,-1,-1
67,-1,385,162,17,17,0.87,2,-1,-1
67,-1,325,135,14,14,0.81,2,-1,-1
68,-1,384,271,38,43,0.93,2,-1,-1
68,-1,229,295,58,87,0.93,2,-1,-1
68,-1,379,207,25,29,0.91,2,-1,-1
68,-1,386,161,17,17,0.87,2,-1,-1
68,-1,325,135,14,14,0.81,2,-1,-1
69,-1,218,315,64,96,0.93,2,-1,-1
69,-1,383,258,35,41,0.92,2,-1,-1
69,-1,379,202,24,27,0.91,2,-1,-1
69,-1,385,159,16,16,0.86,2,-1,-1
69,-1,324,135,14,16,0.43,2,-1,-1
70,-1,382,253,35,39,0.95,2,-1,-1
70,-1,210,329,68,105,0.94,2,-1,-1
70,-1,378,200,24,26,0.90,2,-1,-1
70,-1,324,137,14,15,0.77,2,-1,-1
70,-1,383,158,17,16,0.66,2,-1,-1
71,-1,194,357,76,118,0.93,2,-1,-1
71,-1,380,242,32,38,0.92,2,-1,-1
71,-1,376,197,24,23,0.90,2,-1,-1
71,-1,323,139,14,14,0.82,2,-1,-1
71,-1,383,157,16,15,0.77,2,-1,-1
72,-1,182,378,82,130,0.94,2,-1,-1
72,-1,380,236,29,36,0.93,2,-1,-1
72,-1,375,195,24,24,0.90,2,-1,-1
72,-1,323,140,14,14,0.82,2,-1,-1
72,-1,383,156,16,16,0.74,2,-1,-1
73,-1,160,415,96,124,0.93,2,-1,-1
73,-1,374,190,22,23,0.91,2,-1,-1
73,-1,379,227,28,36,0.90,2,-1,-1
73,-1,321,141,15,15,0.80,2,-1,-1
73,-1,382,154,17,15,0.73,2,-1,-1
74,-1,149,445,99,94,0.94,2,-1,-1
74,-1,378,223,28,33,0.91,2,-1,-1
74,-1,373,188,23,22,0.89,2,-1,-1
74,-1,321,142,15,14,0.79,2,-1,-1
74,-1,381,152,16,16,0.75,2,-1,-1
75,-1,378,218,27,33,0.92,2,-1,-1
75,-1,373,185,21,21,0.90,2,-1,-1
75,-1,321,142,15,15,0.84,2,-1,-1
75,-1,148,478,88,61,0.73,2,-1,-1
75,-1,381,151,16,16,0.50,2,-1,-1
76,-1,375,209,28,35,0.88,2,-1,-1
76,-1,371,183,22,21,0.87,2,-1,-1
76,-1,321,144,15,15,0.84,2,-1,-1
76,-1,380,151,15,15,0.45,2,-1,-1
77,-1,374,205,27,33,0.89,2,-1,-1
77,-1,371,181,20,19,0.88,2,-1,-1
77,-1,320,144,15,15,0.84,2,-1,-1
77,-1,380,148,15,16,0.71,2,-1,-1
78,-1,374,202,25,30,0.88,2,-1,-1
78,-1,370,177,20,19,0.87,2,-1,-1
78,-1,320,146,16,16,0.85,2,-1,-1
78,-1,379,148,15,16,0.55,2,-1,-1
79,-1,372,197,25,31,0.86,2,-1,-1
79,-1,369,175,21,20,0.85,2,-1,-1
79,-1,320,146,15,15,0.84,2,-1,-1
80,-1,372,193,24,29,0.88,2,-1,-1
80,-1,369,173,19,19,0.86,2,-1,-1
80,-1,319,148,16,16,0.86,2,-1,-1
80,-1,379,146,14,14,0.56,2,-1,-1
81,-1,371,190,24,29,0.88,2,-1,-1
81,-1,319,149,16,16,0.86,2,-1,-1
81,-1,369,171,19,19,0.84,2,-1,-1
82,-1,371,184,24,29,0.88,2,-1,-1
82,-1,317,152,17,17,0.83,2,-1,-1
82,-1,368,168,19,17,0.67,2,-1,-1
83,-1,316,152,17,17,0.86,2,-1,-1
83,-1,371,183,24,27,0.85,2,-1,-1
83,-1,368,167,18,17,0.80,2,-1,-1
83,-1,377,143,15,15,0.72,2,-1,-1
84,-1,315,155,17,16,0.88,2,-1,-1
84,-1,369,176,23,29,0.85,2,-1,-1
85,-1,314,157,18,16,0.88,2,-1,-1
85,-1,370,175,23,28,0.87,2,-1,-1
85,-1,368,164,18,16,0.37,2,-1,-1
86,-1,313,158,18,17,0.88,2,-1,-1
86,-1,370,171,23,28,0.88,2,-1,-1
86,-1,376,141,15,14,0.33,2,-1,-1
86,-1,368,160,18,16,0.33,2,-1,-1
87,-1,312,160,18,17,0.88,2,-1,-1
87,-1,369,170,23,28,0.85,2,-1,-1
88,-1,311,162,19,18,0.90,2,-1,-1
88,-1,369,168,23,25,0.88,2,-1,-1
89,-1,311,163,19,18,0.90,2,-1,-1
89,-1,369,167,22,25,0.87,2,-1,-1
90,-1,310,166,19,19,0.90,2,-1,-1
90,-1,369,165,23,24,0.87,2,-1,-1
91,-1,308,168,20,19,0.88,2,-1,-1
91,-1,369,165,22,22,0.88,2,-1,-1
92,-1,308,169,20,20,0.89,2,-1,-1
92,-1,369,164,22,22,0.87,2,-1,-1
93,-1,306,173,20,20,0.90,2,-1,-1
93,-1,370,162,21,22,0.88,2,-1,-1
94,-1,305,175,21,21,0.89,2,-1,-1
94,-1,370,158,21,21,0.86,2,-1,-1
95,-1,304,177,21,21,0.90,2,-1,-1
95,-1,370,158,21,21,0.86,2,-1,-1
96,-1,303,181,22,22,0.90,2,-1,-1
96,-1,370,156,21,21,0.84,2,-1,-1
97,-1,301,183,23,22,0.90,2,-1,-1
97,-1,369,155,21,21,0.83,2,-1,-1
98,-1,299,186,24,24,0.91,2,-1,-1
98,-1,369,153,21,21,0.83,2,-1,-1
99,-1,298,189,24,24,0.91,2,-1,-1
99,-1,369,152,20,21,0.82,2,-1,-1
100,-1,297,194,24,25,0.91,2,-1,-1
100,-1,369,149,19,21,0.81,2,-1,-1
101,-1,296,197,25,26,0.91,2,-1,-1
101,-1,371,149,18,19,0.80,2,-1,-1
102,-1,293,202,26,28,0.90,2,-1,-1
102,-1,367,149,21,24,0.46,2,-1,-1
103,-1,292,206,26,27,0.90,2,-1,-1
103,-1,365,145,24,25,0.13,2,-1,-1
104,-1,289,211,28,30,0.93,2,-1,-1
104,-1,364,144,25,27,0.15,2,-1,-1
105,-1,288,216,28,30,0.91,2,-1,-1
105,-1,363,144,25,27,0.18,2,-1,-1
106,-1,284,223,30,31,0.91,2,-1,-1
106,-1,363,141,25,23,0.18,2,-1,-1
107,-1,281,228,32,33,0.90,2,-1,-1
107,-1,363,141,25,23,0.21,2,-1,-1
108,-1,277,235,33,35,0.92,2,-1,-1
108,-1,368,143,20,19,0.65,2,-1,-1
109,-1,274,242,35,36,0.92,2,-1,-1
109,-1,369,142,19,18,0.49,2,-1,-1
110,-1,268,250,38,40,0.94,2,-1,-1
110,-1,369,142,19,17,0.43,2,-1,-1
111,-1,264,258,40,42,0.93,2,-1,-1
111,-1,369,140,18,18,0.68,2,-1,-1
112,-1,261,271,40,44,0.93,2,-1,-1
112,-1,369,140,18,18,0.67,2,-1,-1
113,-1,257,279,41,48,0.93,2,-1,-1
113,-1,368,138,18,18,0.72,2,-1,-1
114,-1,247,294,48,53,0.94,2,-1,-1
114,-1,369,138,17,18,0.72,2,-1,-1
115,-1,242,305,49,57,0.94,2,-1,-1
115,-1,368,137,17,18,0.53,2,-1,-1
116,-1,234,326,51,63,0.95,2,-1,-1
116,-1,368,136,17,17,0.70,2,-1,-1
117,-1,226,341,55,68,0.95,2,-1,-1
117,-1,368,136,17,18,0.72,2,-1,-1
118,-1,212,368,62,80,0.95,2,-1,-1
118,-1,368,134,17,17,0.36,2,-1,-1
119,-1,203,390,66,88,0.94,2,-1,-1
119,-1,368,134,17,17,0.35,2,-1,-1
120,-1,185,430,74,100,0.95,2,-1,-1
120,-1,368,134,15,16,0.70,2,-1,-1
121,-1,174,461,77,78,0.95,2,-1,-1
121,-1,369,133,15,16,0.38,2,-1,-1
122,-1,164,518,68,21,0.88,2,-1,-1
122,-1,369,133,15,16,0.41,2,-1,-1
123,-1,368,132,15,17,0.46,2,-1,-1
124,-1,368,131,15,16,0.20,2,-1,-1
125,-1,368,131,15,16,0.20,2,-1,-1
126,-1,432,502,78,37,0.92,2,-1,-1
126,-1,367,130,15,16,0.40,2,-1,-1
127,-1,425,472,78,67,0.95,2,-1,-1
127,-1,367,130,15,16,0.38,2,-1,-1
128,-1,419,432,68,74,0.95,2,-1,-1
129,-1,415,410,63,68,0.95,2,-1,-1
130,-1,409,380,56,61,0.95,2,-1,-1
131,-1,407,363,52,56,0.95,2,-1,-1
132,-1,403,341,48,50,0.94,2,-1,-1
133,-1,400,327,46,47,0.94,2,-1,-1
134,-1,397,309,42,43,0.93,2,-1,-1
135,-1,395,299,41,40,0.95,2,-1,-1
136,-1,392,286,37,37,0.94,2,-1,-1
137,-1,391,277,36,35,0.93,2,-1,-1
138,-1,388,265,34,35,0.92,2,-1,-1
139,-1,386,258,34,32,0.94,2,-1,-1
140,-1,385,249,32,30,0.93,2,-1,-1
140,-1,325,129,13,13,0.67,2,-1,-1
141,-1,384,243,31,29,0.93,2,-1,-1
141,-1,325,130,12,13,0.64,2,-1,-1
142,-1,383,234,29,29,0.92,2,-1,-1
143,-1,382,229,29,28,0.91,2,-1,-1
143,-1,325,131,12,13,0.80,2,-1,-1
144,-1,381,221,28,28,0.90,2,-1,-1
144,-1,325,132,12,13,0.80,2,-1,-1
145,-1,379,216,27,28,0.90,2,-1,-1
145,-1,325,134,12,13,0.26,2,-1,-1
146,-1,379,211,26,27,0.91,2,-1,-1
146,-1,324,134,12,13,0.67,2,-1,-1
147,-1,379,207,25,26,0.90,2,-1,-1
147,-1,324,135,12,13,0.68,2,-1,-1
148,-1,377,201,25,26,0.91,2,-1,-1
148,-1,323,134,13,15,0.81,2,-1,-1
149,-1,376,198,26,26,0.91,2,-1,-1
149,-1,323,134,13,14,0.80,2,-1,-1
150,-1,375,194,24,25,0.91,2,-1,-1
150,-1,323,135,14,15,0.80,2,-1,-1
151,-1,374,192,24,24,0.89,2,-1,-1
151,-1,322,135,13,15,0.79,2,-1,-1
152,-1,372,187,24,24,0.90,2,-1,-1
152,-1,322,138,14,14,0.83,2,-1,-1
153,-1,373,185,22,23,0.90,2,-1,-1
153,-1,321,139,14,14,0.84,2,-1,-1
154,-1,372,181,23,23,0.90,2,-1,-1
154,-1,322,141,14,14,0.84,2,-1,-1
155,-1,370,178,24,24,0.91,2,-1,-1
155,-1,321,142,14,14,0.84,2,-1,-1
156,-1,370,175,23,23,0.90,2,-1,-1
156,-1,321,143,14,14,0.83,2,-1,-1
157,-1,370,173,21,22,0.90,2,-1,-1
157,-1,321,144,14,14,0.84,2,-1,-1
158,-1,369,171,23,21,0.90,2,-1,-1
158,-1,319,145,15,15,0.85,2,-1,-1
159,-1,368,169,22,21,0.90,2,-1,-1
159,-1,319,146,14,15,0.87,2,-1,-1
160,-1,367,166,21,21,0.89,2,-1,-1
160,-1,319,147,14,15,0.88,2,-1,-1
161,-1,367,165,21,21,0.89,2,-1,-1
161,-1,319,148,14,15,0.88,2,-1,-1
162,-1,366,162,21,21,0.90,2,-1,-1
162,-1,317,149,15,17,0.87,2,-1,-1
163,-1,366,161,21,20,0.90,2,-1,-1
163,-1,317,151,15,16,0.86,2,-1,-1
164,-1,366,158,21,20,0.88,2,-1,-1
164,-1,316,154,15,15,0.88,2,-1,-1
165,-1,314,155,17,16,0.89,2,-1,-1
165,-1,366,158,21,19,0.88,2,-1,-1
166,-1,365,157,20,19,0.89,2,-1,-1
166,-1,313,158,17,16,0.88,2,-1,-1
167,-1,364,155,21,19,0.88,2,-1,-1
167,-1,312,158,18,17,0.88,2,-1,-1
168,-1,364,153,20,18,0.88,2,-1,-1
168,-1,311,160,18,18,0.88,2,-1,-1
169,-1,310,163,18,17,0.89,2,-1,-1
169,-1,363,152,20,19,0.87,2,-1,-1
170,-1,309,165,19,18,0.90,2,-1,-1
170,-1,364,150,19,18,0.87,2,-1,-1
171,-1,308,166,19,18,0.89,2,-1,-1
171,-1,364,150,19,18,0.87,2,-1,-1
172,-1,307,169,19,18,0.89,2,-1,-1
172,-1,363,148,18,17,0.87,2,-1,-1
173,-1,306,171,20,19,0.90,2,-1,-1
173,-1,363,147,18,16,0.88,2,-1,-1
174,-1,305,173,20,21,0.90,2,-1,-1
174,-1,363,146,18,16,0.88,2,-1,-1
175,-1,304,175,20,21,0.91,2,-1,-1
175,-1,362,146,18,16,0.88,2,-1,-1
176,-1,301,179,21,22,0.92,2,-1,-1
176,-1,362,144,18,17,0.76,2,-1,-1
177,-1,300,181,22,22,0.91,2,-1,-1
177,-1,361,143,18,16,0.86,2,-1,-1
178,-1,298,186,22,22,0.90,2,-1,-1
178,-1,361,143,18,16,0.87,2,-1,-1
179,-1,297,188,23,23,0.90,2,-1,-1
179,-1,361,141,18,17,0.84,2,-1,-1
180,-1,295,193,23,24,0.90,2,-1,-1
180,-1,360,140,18,16,0.87,2,-1,-1
181,-1,293,196,24,24,0.90,2,-1,-1
181,-1,361,139,17,16,0.81,2,-1,-1
182,-1,291,201,24,27,0.91,2,-1,-1
182,-1,360,139,18,16,0.86,2,-1,-1
183,-1,289,205,25,27,0.93,2,-1,-1
183,-1,361,138,18,16,0.85,2,-1,-1
184,-1,285,209,27,29,0.91,2,-1,-1
184,-1,361,136,17,15,0.69,2,-1,-1
185,-1,284,215,27,29,0.90,2,-1,-1
185,-1,360,136,17,15,0.84,2,-1,-1
186,-1,281,219,28,31,0.92,2,-1,-1
186,-1,360,136,17,15,0.84,2,-1,-1
187,-1,276,226,30,34,0.92,2,-1,-1
187,-1,360,134,17,15,0.57,2,-1,-1
188,-1,273,235,32,35,0.91,2,-1,-1
188,-1,359,133,17,15,0.84,2,-1,-1
189,-1,268,242,34,36,0.91,2,-1,-1
189,-1,359,133,17,15,0.84,2,-1,-1
190,-1,261,249,38,43,0.92,2,-1,-1
190,-1,359,132,16,15,0.74,2,-1,-1
191,-1,258,258,38,44,0.93,2,-1,-1
191,-1,359,132,16,15,0.73,2,-1,-1
192,-1,249,270,43,48,0.93,2,-1,-1
192,-1,359,132,15,14,0.79,2,-1,-1
193,-1,244,281,45,51,0.93,2,-1,-1
193,-1,359,132,14,14,0.77,2,-1,-1
194,-1,235,299,49,54,0.94,2,-1,-1
194,-1,359,129,15,15,0.52,2,-1,-1
195,-1,228,310,52,59,0.94,2,-1,-1
195,-1,359,129,15,15,0.53,2,-1,-1
196,-1,217,334,55,67,0.94,2,-1,-1
196,-1,359,129,15,15,0.23,2,-1,-1
197,-1,206,352,61,73,0.95,2,-1,-1
197,-1,359,128,14,15,0.23,2,-1,-1
198,-1,190,385,67,85,0.95,2,-1,-1
198,-1,359,128,14,15,0.14,2,-1,-1
199,-1,175,411,73,95,0.96,2,-1,-1
200,-1,154,457,81,82,0.95,2,-1,-1
201,-1,148,496,76,43,0.92,2,-1,-1
235,-1,539,495,85,44,0.92,2,-1,-1
236,-1,523,455,75,72,0.95,2,-1,-1
237,-1,512,432,71,69,0.95,2,-1,-1
238,-1,500,401,63,60,0.95,2,-1,-1
239,-1,494,383,57,58,0.94,2,-1,-1
240,-1,480,359,55,53,0.94,2,-1,-1
241,-1,475,345,50,49,0.94,2,-1,-1
242,-1,465,327,48,45,0.93,2,-1,-1
243,-1,461,316,44,44,0.93,2,-1,-1
244,-1,453,301,43,40,0.92,2,-1,-1
245,-1,449,292,41,38,0.94,2,-1,-1
246,-1,443,281,38,37,0.93,2,-1,-1
247,-1,439,273,38,34,0.92,2,-1,-1
248,-1,434,263,36,34,0.92,2,-1,-1
249,-1,432,257,33,32,0.93,2,-1,-1
250,-1,428,248,32,31,0.92,2,-1,-1
251,-1,424,243,32,30,0.92,2,-1,-1
252,-1,421,235,30,29,0.92,2,-1,-1
253,-1,420,231,29,28,0.91,2,-1,-1
254,-1,418,227,29,28,0.92,2,-1,-1
255,-1,416,221,26,26,0.91,2,-1,-1
256,-1,413,217,27,26,0.90,2,-1,-1
257,-1,411,212,26,25,0.91,2,-1,-1
258,-1,408,207,26,27,0.89,2,-1,-1
259,-1,406,202,25,26,0.89,2,-1,-1
260,-1,406,199,24,25,0.89,2,-1,-1
261,-1,403,196,24,24,0.90,2,-1,-1
262,-1,402,192,24,25,0.91,2,-1,-1
263,-1,400,189,24,24,0.89,2,-1,-1
264,-1,398,188,23,23,0.89,2,-1,-1
265,-1,396,183,24,24,0.89,2,-1,-1
266,-1,395,181,24,24,0.90,2,-1,-1
267,-1,394,179,24,24,0.90,2,-1,-1
268,-1,393,177,24,24,0.90,2,-1,-1
269,-1,392,174,22,22,0.88,2,-1,-1
270,-1,391,173,22,21,0.89,2,-1,-1
271,-1,390,170,22,21,0.90,2,-1,-1
272,-1,388,168,21,21,0.90,2,-1,-1
273,-1,387,167,21,21,0.88,2,-1,-1
274,-1,387,165,21,20,0.89,2,-1,-1
275,-1,386,163,20,20,0.90,2,-1,-1
276,-1,385,162,20,19,0.88,2,-1,-1
277,-1,384,159,20,20,0.89,2,-1,-1
278,-1,384,159,20,19,0.88,2,-1,-1
279,-1,426,500,76,39,0.89,2,-1,-1
279,-1,383,157,19,19,0.88,2,-1,-1
280,-1,420,470,77,68,0.93,2,-1,-1
280,-1,383,156,19,19,0.88,2,-1,-1
281,-1,413,431,69,78,0.94,2,-1,-1
281,-1,382,156,18,18,0.88,2,-1,-1
282,-1,408,407,64,72,0.94,2,-1,-1
282,-1,382,155,18,18,0.88,2,-1,-1
283,-1,404,377,57,65,0.95,2,-1,-1
283,-1,381,152,19,18,0.87,2,-1,-1
284,-1,401,360,54,60,0.94,2,-1,-1
284,-1,381,152,18,18,0.83,2,-1,-1
285,-1,397,337,49,57,0.94,2,-1,-1
285,-1,380,151,18,17,0.85,2,-1,-1
286,-1,394,323,47,54,0.94,2,-1,-1
286,-1,380,149,18,17,0.87,2,-1,-1
287,-1,392,305,44,51,0.94,2,-1,-1
288,-1,390,295,42,49,0.94,2,-1,-1
288,-1,376,149,19,18,0.75,2,-1,-1
289,-1,387,282,38,45,0.92,2,-1,-1
289,-1,375,146,19,18,0.86,2,-1,-1
290,-1,386,273,36,44,0.93,2,-1,-1
290,-1,375,146,19,18,0.66,2,-1,-1
291,-1,384,261,36,42,0.93,2,-1,-1
292,-1,384,255,34,39,0.94,2,-1,-1
292,-1,376,145,18,17,0.82,2,-1,-1
293,-1,383,246,32,37,0.94,2,-1,-1
294,-1,382,240,30,36,0.93,2,-1,-1
294,-1,376,142,15,15,0.56,2,-1,-1
295,-1,381,231,29,35,0.92,2,-1,-1
295,-1,376,142,15,16,0.84,2,-1,-1
296,-1,381,227,28,34,0.93,2,-1,-1
296,-1,375,142,15,15,0.80,2,-1,-1
297,-1,378,218,30,35,0.92,2,-1,-1
297,-1,375,141,15,15,0.77,2,-1,-1
298,-1,377,215,28,33,0.92,2,-1,-1
298,-1,374,139,15,15,0.87,2,-1,-1
299,-1,377,210,27,31,0.92,2,-1,-1
299,-1,374,139,15,15,0.87,2,-1,-1
300,-1,376,205,28,32,0.91,2,-1,-1
300,-1,373,137,15,15,0.85,2,-1,-1
301,-1,375,201,26,30,0.91,2,-1,-1
301,-1,373,137,15,15,0.85,2,-1,-1
302,-1,374,198,27,29,0.90,2,-1,-1
303,-1,373,194,26,28,0.92,2,-1,-1
303,-1,565,513,74,26,0.87,2,-1,-1
304,-1,552,488,85,51,0.93,2,-1,-1
304,-1,372,192,26,28,0.90,2,-1,-1
305,-1,537,455,78,73,0.95,2,-1,-1
305,-1,372,188,26,25,0.90,2,-1,-1
306,-1,527,435,73,66,0.95,2,-1,-1
306,-1,370,186,25,25,0.90,2,-1,-1
306,-1,426,509,69,30,0.89,2,-1,-1
307,-1,515,408,67,61,0.95,2,-1,-1
307,-1,418,465,66,71,0.93,2,-1,-1
307,-1,370,183,23,23,0.90,2,-1,-1
308,-1,508,392,61,56,0.95,2,-1,-1
308,-1,415,441,62,69,0.94,2,-1,-1
308,-1,370,181,23,24,0.90,2,-1,-1
309,-1,409,406,55,62,0.94,2,-1,-1
309,-1,496,370,59,54,0.94,2,-1,-1
309,-1,369,178,23,24,0.90,2,-1,-1
310,-1,406,388,51,59,0.95,2,-1,-1
310,-1,492,357,52,49,0.94,2,-1,-1
310,-1,368,175,22,23,0.87,2,-1,-1
311,-1,402,364,48,54,0.94,2,-1,-1
311,-1,482,338,51,47,0.94,2,-1,-1
311,-1,367,173,23,22,0.88,2,-1,-1
312,-1,400,348,45,50,0.94,2,-1,-1
312,-1,478,328,47,43,0.93,2,-1,-1
312,-1,367,171,23,22,0.87,2,-1,-1
313,-1,471,314,45,41,0.93,2,-1,-1
313,-1,395,329,43,46,0.92,2,-1,-1
313,-1,366,168,23,22,0.87,2,-1,-1
314,-1,393,317,42,44,0.94,2,-1,-1
314,-1,466,306,44,40,0.94,2,-1,-1
314,-1,365,167,23,22,0.88,2,-1,-1
315,-1,459,294,41,36,0.93,2,-1,-1
315,-1,391,301,37,41,0.93,2,-1,-1
315,-1,364,165,23,21,0.87,2,-1,-1
316,-1,456,287,39,35,0.94,2,-1,-1
316,-1,389,292,37,39,0.93,2,-1,-1
316,-1,363,163,22,21,0.87,2,-1,-1
317,-1,451,276,37,35,0.94,2,-1,-1
317,-1,388,280,33,36,0.93,2,-1,-1
317,-1,364,161,21,21,0.86,2,-1,-1
318,-1,448,271,36,32,0.95,2,-1,-1
318,-1,385,271,33,37,0.93,2,-1,-1
318,-1,364,160,21,20,0.86,2,-1,-1
318,-1,311,115,15,23,0.38,2,-1,-1
319,-1,444,261,34,33,0.92,2,-1,-1
319,-1,384,261,32,34,0.92,2,-1,-1
319,-1,363,158,21,20,0.87,2,-1,-1
319,-1,311,115,15,23,0.43,2,-1,-1
320,-1,441,257,33,31,0.94,2,-1,-1
320,-1,383,256,30,33,0.93,2,-1,-1
320,-1,363,157,21,20,0.87,2,-1,-1
320,-1,312,115,15,23,0.48,2,-1,-1
320,-1,426,527,97,12,0.29,2,-1,-1
321,-1,382,246,27,31,0.93,2,-1,-1
321,-1,438,249,31,30,0.92,2,-1,-1
321,-1,420,480,80,59,0.92,2,-1,-1
321,-1,362,156,21,18,0.86,2,-1,-1
321,-1,311,115,16,24,0.55,2,-1,-1
322,-1,418,451,72,82,0.95,2,-1,-1
322,-1,381,241,27,31,0.92,2,-1,-1
322,-1,435,244,30,29,0.92,2,-1,-1
322,-1,362,155,21,18,0.86,2,-1,-1
322,-1,311,115,16,24,0.59,2,-1,-1
323,-1,412,417,65,73,0.95,2,-1,-1
323,-1,379,232,26,30,0.92,2,-1,-1
323,-1,432,238,29,28,0.91,2,-1,-1
323,-1,362,152,20,18,0.86,2,-1,-1
323,-1,311,114,17,25,0.68,2,-1,-1
324,-1,409,396,59,69,0.94,2,-1,-1
324,-1,379,228,25,29,0.92,2,-1,-1
324,-1,430,234,28,27,0.91,2,-1,-1
324,-1,362,150,19,18,0.86,2,-1,-1
324,-1,310,115,17,25,0.80,2,-1,-1
325,-1,403,370,55,64,0.95,2,-1,-1
325,-1,427,228,27,27,0.92,2,-1,-1
325,-1,376,221,27,29,0.90,2,-1,-1
325,-1,362,150,18,17,0.88,2,-1,-1
325,-1,310,115,18,25,0.85,2,-1,-1
326,-1,401,354,53,60,0.95,2,-1,-1
326,-1,376,218,26,28,0.91,2,-1,-1
326,-1,425,224,27,26,0.91,2,-1,-1
326,-1,361,149,19,17,0.87,2,-1,-1
326,-1,310,115,18,25,0.85,2,-1,-1
327,-1,399,335,47,53,0.94,2,-1,-1
327,-1,375,212,25,28,0.92,2,-1,-1
327,-1,422,220,25,25,0.91,2,-1,-1
327,-1,361,149,19,17,0.86,2,-1,-1
327,-1,309,116,17,24,0.76,2,-1,-1
328,-1,397,322,44,51,0.95,2,-1,-1
328,-1,374,209,25,26,0.91,2,-1,-1
328,-1,421,216,24,25,0.90,2,-1,-1
328,-1,359,148,20,18,0.86,2,-1,-1
328,-1,309,116,17,25,0.81,2,-1,-1
329,-1,394,306,41,48,0.95,2,-1,-1
329,-1,418,211,24,25,0.91,2,-1,-1
329,-1,373,204,24,26,0.90,2,-1,-1
329,-1,359,145,20,17,0.86,2,-1,-1
329,-1,309,116,17,25,0.82,2,-1,-1
330,-1,392,297,40,45,0.93,2,-1,-1
330,-1,417,209,24,25,0.91,2,-1,-1
330,-1,372,201,23,24,0.89,2,-1,-1
330,-1,360,145,18,16,0.81,2,-1,-1
330,-1,309,117,17,25,0.74,2,-1,-1
331,-1,389,284,37,42,0.94,2,-1,-1
331,-1,371,197,23,23,0.91,2,-1,-1
331,-1,415,205,23,23,0.90,2,-1,-1
331,-1,360,145,18,15,0.82,2,-1,-1
331,-1,309,117,17,25,0.74,2,-1,-1
332,-1,387,276,36,41,0.94,2,-1,-1
332,-1,370,194,23,24,0.91,2,-1,-1
332,-1,413,201,23,24,0.90,2,-1,-1
332,-1,360,144,17,15,0.85,2,-1,-1
332,-1,309,117,17,25,0.73,2,-1,-1
333,-1,385,265,34,39,0.94,2,-1,-1
333,-1,411,197,23,23,0.90,2,-1,-1
333,-1,368,191,23,22,0.88,2,-1,-1
333,-1,308,117,18,26,0.76,2,-1,-1
333,-1,360,142,16,15,0.67,2,-1,-1
334,-1,383,258,34,38,0.93,2,-1,-1
334,-1,409,195,24,23,0.90,2,-1,-1
334,-1,368,189,23,22,0.88,2,-1,-1
334,-1,360,142,16,15,0.68,2,-1,-1
334,-1,308,118,19,27,0.57,2,-1,-1
335,-1,383,250,32,36,0.92,2,-1,-1
335,-1,408,192,23,23,0.89,2,-1,-1
335,-1,366,186,24,22,0.87,2,-1,-1
335,-1,359,141,17,15,0.83,2,-1,-1
335,-1,308,118,18,27,0.65,2,-1,-1
336,-1,383,244,30,34,0.91,2,-1,-1
336,-1,407,190,22,22,0.89,2,-1,-1
336,-1,365,184,24,21,0.87,2,-1,-1
336,-1,359,141,17,15,0.81,2,-1,-1
336,-1,307,118,19,27,0.63,2,-1,-1
337,-1,381,237,28,33,0.92,2,-1,-1
337,-1,406,188,21,21,0.89,2,-1,-1
337,-1,366,181,22,20,0.87,2,-1,-1
337,-1,306,118,19,28,0.73,7,-1,-1
337,-1,359,140,16,15,0.61,2,-1,-1
338,-1,380,232,28,31,0.91,2,-1,-1
338,-1,405,186,21,21,0.90,2,-1,-1
338,-1,366,179,21,20,0.87,2,-1,-1
338,-1,358,138,16,14,0.80,2,-1,-1
338,-1,306,117,19,28,0.43,7,-1,-1
339,-1,379,225,27,30,0.92,2,-1,-1
339,-1,403,183,21,21,0.89,2,-1,-1
339,-1,365,177,21,19,0.86,2,-1,-1
339,-1,306,117,19,29,0.72,7,-1,-1
339,-1,358,137,15,15,0.66,2,-1,-1
340,-1,378,221,26,29,0.91,2,-1,-1
340,-1,402,181,20,21,0.89,2,-1,-1
340,-1,365,175,19,18,0.85,2,-1,-1
340,-1,306,118,19,30,0.75,7,-1,-1
340,-1,358,137,15,15,0.57,2,-1,-1
341,-1,378,216,25,28,0.92,2,-1,-1
341,-1,400,179,20,21,0.89,2,-1,-1
341,-1,365,173,19,18,0.86,2,-1,-1
341,-1,305,118,20,30,0.80,7,-1,-1
341,-1,358,136,15,14,0.64,2,-1,-1
342,-1,377,212,25,28,0.91,2,-1,-1
342,-1,400,177,19,20,0.90,2,-1,-1
342,-1,365,170,19,17,0.87,2,-1,-1
342,-1,305,118,20,30,0.85,7,-1,-1
342,-1,358,136,14,14,0.54,2,-1,-1
343,-1,376,207,24,26,0.91,2,-1,-1
343,-1,399,175,19,19,0.90,2,-1,-1
343,-1,364,168,18,17,0.85,2,-1,-1
343,-1,304,118,21,31,0.85,7,-1,-1
343,-1,358,135,14,14,0.47,2,-1,-1
344,-1,376,204,22,26,0.90,2,-1,-1
344,-1,398,173,19,19,0.90,2,-1,-1
344,-1,364,167,18,17,0.85,2,-1,-1
344,-1,304,118,21,31,0.79,7,-1,-1
344,-1,358,135,14,14,0.54,2,-1,-1
345,-1,375,199,22,24,0.89,2,-1,-1
345,-1,397,171,19,19,0.89,2,-1,-1
345,-1,364,164,18,17,0.86,2,-1,-1
345,-1,303,118,21,32,0.48,7,-1,-1
345,-1,358,134,14,14,0.11,2,-1,-1
346,-1,373,196,22,26,0.90,2,-1,-1
346,-1,396,170,18,19,0.88,2,-1,-1
346,-1,364,164,17,17,0.86,2,-1,-1
346,-1,303,118,21,32,0.56,2,-1,-1
346,-1,357,133,14,14,0.22,2,-1,-1
347,-1,373,192,22,25,0.90,2,-1,-1
347,-1,396,168,18,19,0.88,2,-1,-1
347,-1,364,161,17,16,0.84,2,-1,-1
347,-1,303,118,21,33,0.70,2,-1,-1
347,-1,357,133,13,14,0.24,2,-1,-1
348,-1,372,190,21,25,0.90,2,-1,-1
348,-1,394,166,18,20,0.88,2,-1,-1
348,-1,364,161,16,15,0.81,2,-1,-1
348,-1,301,119,22,33,0.69,2,-1,-1
349,-1,393,165,18,18,0.89,2,-1,-1
349,-1,372,185,21,25,0.87,2,-1,-1
349,-1,364,160,15,15,0.82,2,-1,-1
349,-1,301,119,22,33,0.56,2,-1,-1
350,-1,393,164,18,18,0.90,2,-1,-1
350,-1,372,183,20,24,0.88,2,-1,-1
350,-1,364,158,15,14,0.84,2,-1,-1
350,-1,301,119,22,33,0.73,2,-1,-1
351,-1,371,180,20,23,0.89,2,-1,-1
351,-1,392,162,17,18,0.88,2,-1,-1
351,-1,300,120,22,34,0.65,2,-1,-1
351,-1,364,155,14,15,0.26,2,-1,-1
352,-1,391,160,17,18,0.88,2,-1,-1
352,-1,369,178,20,23,0.88,2,-1,-1
352,-1,299,121,22,34,0.60,2,-1,-1
353,-1,369,176,20,23,0.87,2,-1,-1
353,-1,391,160,17,18,0.87,2,-1,-1
353,-1,299,121,22,34,0.63,7,-1,-1
354,-1,368,174,20,23,0.87,2,-1,-1
354,-1,390,159,16,17,0.87,2,-1,-1
354,-1,298,122,22,34,0.58,2,-1,-1
355,-1,297,122,24,36,0.89,7,-1,-1
355,-1,367,171,20,22,0.87,2,-1,-1
355,-1,390,157,16,16,0.87,2,-1,-1
355,-1,362,151,13,14,0.61,2,-1,-1
356,-1,296,122,25,36,0.90,7,-1,-1
356,-1,390,157,15,16,0.87,2,-1,-1
356,-1,367,169,19,22,0.87,2,-1,-1
356,-1,362,151,14,13,0.72,2,-1,-1
357,-1,296,124,24,36,0.90,7,-1,-1
357,-1,367,167,19,21,0.86,2,-1,-1
357,-1,388,156,15,16,0.85,2,-1,-1
357,-1,362,150,14,14,0.66,2,-1,-1
358,-1,295,124,24,36,0.92,7,-1,-1
358,-1,366,166,19,21,0.86,2,-1,-1
358,-1,387,154,16,17,0.86,2,-1,-1
358,-1,361,149,14,14,0.52,2,-1,-1
359,-1,294,125,24,36,0.91,7,-1,-1
359,-1,366,165,18,20,0.86,2,-1,-1
359,-1,387,153,15,16,0.85,2,-1,-1
359,-1,362,148,13,13,0.39,2,-1,-1
360,-1,294,125,24,37,0.91,7,-1,-1
360,-1,365,163,19,20,0.85,2,-1,-1
360,-1,386,153,16,16,0.76,2,-1,-1
360,-1,361,145,13,14,0.49,2,-1,-1
361,-1,294,125,24,38,0.90,7,-1,-1
361,-1,365,161,19,20,0.85,2,-1,-1
361,-1,385,151,15,17,0.82,2,-1,-1
361,-1,360,144,13,13,0.38,2,-1,-1
362,-1,292,126,25,39,0.91,7,-1,-1
362,-1,365,159,19,20,0.84,2,-1,-1
362,-1,385,150,15,16,0.82,2,-1,-1
362,-1,361,144,13,13,0.22,2,-1,-1
363,-1,291,126,26,40,0.92,7,-1,-1
363,-1,364,157,19,20,0.82,2,-1,-1
363,-1,383,149,15,16,0.65,2,-1,-1
364,-1,291,127,25,39,0.91,7,-1,-1
364,-1,364,157,18,19,0.82,2,-1,-1
364,-1,383,149,15,16,0.74,2,-1,-1
365,-1,290,127,26,41,0.92,7,-1,-1
365,-1,383,147,15,16,0.84,2,-1,-1
365,-1,364,156,18,19,0.81,2,-1,-1
365,-1,360,142,12,12,0.15,2,-1,-1
366,-1,290,128,26,40,0.92,7,-1,-1
366,-1,383,147,16,16,0.85,2,-1,-1
366,-1,364,155,18,19,0.83,2,-1,-1
367,-1,287,128,28,41,0.91,7,-1,-1
367,-1,381,145,15,16,0.83,2,-1,-1
367,-1,364,154,18,19,0.80,2,-1,-1
367,-1,359,139,12,12,0.12,2,-1,-1
368,-1,287,129,28,42,0.91,7,-1,-1
368,-1,381,145,15,15,0.79,2,-1,-1
368,-1,363,151,18,19,0.79,2,-1,-1
368,-1,358,137,13,13,0.17,2,-1,-1
369,-1,287,130,28,43,0.91,7,-1,-1
369,-1,362,150,18,18,0.72,2,-1,-1
369,-1,379,144,15,15,0.32,2,-1,-1
369,-1,358,137,13,12,0.17,2,-1,-1
370,-1,286,130,28,43,0.91,7,-1,-1
370,-1,362,150,18,17,0.79,2,-1,-1
370,-1,379,145,15,15,0.22,2,-1,-1
371,-1,284,130,30,45,0.92,7,-1,-1
371,-1,362,149,18,17,0.79,2,-1,-1
371,-1,380,143,15,16,0.66,2,-1,-1
371,-1,358,138,12,11,0.14,2,-1,-1
372,-1,284,130,30,46,0.91,7,-1,-1
372,-1,362,148,16,17,0.69,2,-1,-1
372,-1,379,142,14,15,0.56,2,-1,-1
372,-1,358,137,13,12,0.17,2,-1,-1
373,-1,282,132,31,46,0.91,7,-1,-1
373,-1,379,142,15,16,0.76,2,-1,-1
373,-1,363,148,15,16,0.56,2,-1,-1
374,-1,281,132,31,48,0.91,7,-1,-1
374,-1,362,147,16,16,0.73,2,-1,-1
374,-1,379,141,14,15,0.70,2,-1,-1
375,-1,279,132,32,49,0.92,7,-1,-1
375,-1,379,141,15,16,0.63,2,-1,-1
375,-1,364,147,15,17,0.26,2,-1,-1
376,-1,279,133,32,49,0.92,7,-1,-1
376,-1,361,145,15,16,0.73,2,-1,-1
376,-1,377,140,15,15,0.55,2,-1,-1
377,-1,277,135,32,50,0.93,7,-1,-1
377,-1,361,144,15,15,0.72,2,-1,-1
377,-1,377,140,14,15,0.32,2,-1,-1
378,-1,276,135,34,52,0.93,7,-1,-1
378,-1,376,139,15,16,0.13,2,-1,-1
379,-1,275,137,34,52,0.93,7,-1,-1
379,-1,360,142,14,15,0.55,2,-1,-1
379,-1,377,138,14,15,0.29,2,-1,-1
380,-1,274,137,34,53,0.92,7,-1,-1
380,-1,360,142,14,15,0.53,2,-1,-1
380,-1,377,138,14,15,0.27,2,-1,-1
381,-1,272,138,35,54,0.93,7,-1,-1
382,-1,271,139,35,55,0.94,7,-1,-1
382,-1,375,136,14,15,0.55,2,-1,-1
382,-1,360,140,14,14,0.10,2,-1,-1
383,-1,269,141,36,55,0.95,7,-1,-1
383,-1,375,136,14,15,0.34,2,-1,-1
384,-1,268,142,36,57,0.94,7,-1,-1
385,-1,266,143,37,58,0.94,7,-1,-1
386,-1,265,143,37,59,0.94,7,-1,-1
387,-1,263,145,38,61,0.94,7,-1,-1
388,-1,260,146,39,61,0.94,7,-1,-1
389,-1,257,147,41,63,0.95,7,-1,-1
390,-1,255,149,41,64,0.96,7,-1,-1
391,-1,253,149,43,67,0.95,7,-1,-1
392,-1,251,151,45,68,0.95,7,-1,-1
393,-1,249,152,44,71,0.94,7,-1,-1
394,-1,247,154,44,72,0.95,7,-1,-1
395,-1,243,155,47,74,0.95,7,-1,-1
396,-1,242,156,46,76,0.95,7,-1,-1
397,-1,238,158,49,79,0.95,7,-1,-1
397,-1,327,132,12,13,0.40,2,-1,-1
398,-1,235,159,52,82,0.95,7,-1,-1
398,-1,327,132,12,13,0.38,2,-1,-1
399,-1,231,162,53,84,0.96,7,-1,-1
400,-1,227,163,57,87,0.96,7,-1,-1
401,-1,224,166,57,90,0.95,7,-1,-1
402,-1,218,167,63,93,0.96,7,-1,-1
403,-1,214,170,64,98,0.96,7,-1,-1
404,-1,211,172,66,101,0.95,7,-1,-1
405,-1,206,175,69,105,0.96,7,-1,-1
406,-1,201,177,71,110,0.96,7,-1,-1
407,-1,194,181,74,116,0.96,7,-1,-1
408,-1,190,183,77,120,0.96,7,-1,-1
409,-1,183,186,82,129,0.96,7,-1,-1
409,-1,323,143,13,12,0.32,2,-1,-1
410,-1,178,189,84,132,0.96,7,-1,-1
410,-1,321,146,13,13,0.63,2,-1,-1
411,-1,169,193,89,142,0.96,7,-1,-1
411,-1,321,147,14,13,0.66,2,-1,-1
412,-1,161,197,95,147,0.96,7,-1,-1
412,-1,321,147,13,13,0.60,2,-1,-1
413,-1,150,201,103,158,0.96,7,-1,-1
413,-1,320,149,15,14,0.70,2,-1,-1
414,-1,141,205,107,164,0.95,7,-1,-1
414,-1,320,150,15,14,0.32,2,-1,-1
415,-1,132,209,114,174,0.96,7,-1,-1
415,-1,319,151,15,14,0.39,2,-1,-1
416,-1,118,214,123,190,0.97,7,-1,-1
417,-1,103,222,132,206,0.97,7,-1,-1
417,-1,317,155,16,15,0.41,2,-1,-1
418,-1,92,226,138,221,0.96,7,-1,-1
418,-1,316,157,16,14,0.55,2,-1,-1
419,-1,68,233,157,244,0.96,7,-1,-1
419,-1,317,157,16,15,0.83,2,-1,-1
420,-1,54,239,166,261,0.95,7,-1,-1
420,-1,314,158,18,17,0.84,2,-1,-1
421,-1,28,249,184,288,0.97,7,-1,-1
421,-1,313,160,18,17,0.84,2,-1,-1
422,-1,6,255,201,284,0.95,7,-1,-1
422,-1,311,161,20,19,0.85,2,-1,-1
423,-1,0,268,198,271,0.96,7,-1,-1
423,-1,310,162,20,19,0.87,2,-1,-1
424,-1,0,277,191,262,0.97,7,-1,-1
424,-1,310,164,20,19,0.87,2,-1,-1
425,-1,0,294,178,245,0.97,7,-1,-1
425,-1,307,167,21,20,0.87,2,-1,-1
426,-1,0,306,168,233,0.96,7,-1,-1
426,-1,307,168,21,20,0.88,2,-1,-1
427,-1,0,325,151,214,0.96,7,-1,-1
427,-1,305,172,22,20,0.89,2,-1,-1
428,-1,0,340,142,199,0.96,7,-1,-1
428,-1,304,173,22,22,0.88,2,-1,-1
429,-1,0,367,122,172,0.96,7,-1,-1
429,-1,302,177,23,22,0.89,2,-1,-1
430,-1,0,388,107,151,0.95,7,-1,-1
430,-1,301,177,23,23,0.89,2,-1,-1
431,-1,0,428,79,111,0.92,7,-1,-1
431,-1,301,183,22,24,0.88,2,-1,-1
432,-1,0,462,58,77,0.90,7,-1,-1
432,-1,300,185,23,25,0.90,2,-1,-1
433,-1,299,187,23,26,0.90,2,-1,-1
434,-1,297,191,26,27,0.90,2,-1,-1
435,-1,296,195,25,28,0.90,2,-1,-1
436,-1,294,198,26,30,0.89,2,-1,-1
437,-1,292,203,27,31,0.91,2,-1,-1
438,-1,290,208,27,32,0.93,2,-1,-1
439,-1,288,214,28,33,0.92,2,-1,-1
440,-1,285,218,30,35,0.92,2,-1,-1
441,-1,282,226,31,36,0.91,2,-1,-1
442,-1,280,230,32,39,0.92,2,-1,-1
443,-1,277,236,34,41,0.92,2,-1,-1
444,-1,271,246,37,44,0.92,2,-1,-1
445,-1,266,257,40,47,0.93,2,-1,-1
446,-1,263,262,41,52,0.94,2,-1,-1
447,-1,258,277,43,55,0.93,2,-1,-1
448,-1,252,288,46,58,0.92,2,-1,-1
449,-1,244,305,49,65,0.95,2,-1,-1
450,-1,239,318,52,71,0.94,2,-1,-1
451,-1,228,342,56,81,0.94,2,-1,-1
452,-1,221,360,60,88,0.95,2,-1,-1
453,-1,205,393,69,104,0.96,2,-1,-1
454,-1,193,419,74,113,0.94,2,-1,-1
455,-1,180,466,76,73,0.94,2,-1,-1
456,-1,173,505,73,34,0.90,2,-1,-1
479,-1,552,503,85,36,0.93,2,-1,-1
480,-1,532,461,86,76,0.95,2,-1,-1
481,-1,521,435,78,75,0.96,2,-1,-1
482,-1,507,403,69,65,0.95,2,-1,-1
483,-1,497,384,65,62,0.95,2,-1,-1
484,-1,487,358,59,59,0.95,2,-1,-1
485,-1,479,343,55,54,0.94,2,-1,-1
486,-1,470,325,51,48,0.94,2,-1,-1
487,-1,464,313,48,46,0.93,2,-1,-1
488,-1,459,302,46,44,0.94,2,-1,-1
489,-1,452,288,43,42,0.93,2,-1,-1
490,-1,446,276,40,40,0.93,2,-1,-1
491,-1,443,268,38,38,0.93,2,-1,-1
492,-1,437,258,36,35,0.92,2,-1,-1
493,-1,433,251,36,35,0.93,2,-1,-1
494,-1,429,244,34,31,0.92,2,-1,-1
495,-1,427,238,32,32,0.92,2,-1,-1
496,-1,423,230,30,29,0.91,2,-1,-1
497,-1,421,225,31,30,0.92,2,-1,-1
498,-1,419,219,29,29,0.92,2,-1,-1
499,-1,416,214,28,29,0.90,2,-1,-1
500,-1,412,209,28,28,0.90,2,-1,-1
500,-1,311,118,15,21,0.22,2,-1,-1
501,-1,410,205,28,28,0.90,2,-1,-1
501,-1,312,118,15,21,0.17,2,-1,-1
502,-1,408,200,27,28,0.90,2,-1,-1
503,-1,407,196,27,28,0.91,2,-1,-1
504,-1,404,192,26,27,0.92,2,-1,-1
505,-1,404,190,25,27,0.90,2,-1,-1
506,-1,400,187,25,24,0.90,2,-1,-1
507,-1,399,183,25,25,0.89,2,-1,-1
507,-1,309,122,15,21,0.24,2,-1,-1
508,-1,398,179,23,25,0.89,2,-1,-1
509,-1,396,177,23,25,0.90,2,-1,-1
509,-1,309,121,14,22,0.28,2,-1,-1
510,-1,395,175,23,24,0.91,2,-1,-1
510,-1,309,122,15,22,0.46,2,-1,-1
511,-1,395,173,22,24,0.89,2,-1,-1
511,-1,309,122,15,21,0.30,2,-1,-1
512,-1,393,171,22,22,0.89,2,-1,-1
512,-1,308,123,15,21,0.12,2,-1,-1
513,-1,392,169,21,22,0.88,2,-1,-1
513,-1,306,123,16,23,0.53,2,-1,-1
514,-1,390,166,21,22,0.89,2,-1,-1
514,-1,307,123,16,23,0.43,2,-1,-1
515,-1,389,165,21,22,0.90,2,-1,-1
515,-1,306,123,16,24,0.34,2,-1,-1
516,-1,388,163,21,21,0.90,2,-1,-1
516,-1,305,123,16,24,0.63,2,-1,-1
517,-1,386,161,21,22,0.90,2,-1,-1
517,-1,305,123,16,24,0.64,2,-1,-1
517,-1,324,125,14,23,0.20,2,-1,-1
518,-1,385,160,20,20,0.88,2,-1,-1
518,-1,305,123,16,24,0.70,2,-1,-1
519,-1,384,158,20,20,0.87,2,-1,-1
519,-1,305,124,17,25,0.85,2,-1,-1
520,-1,383,157,20,20,0.88,2,-1,-1
520,-1,305,124,16,24,0.84,2,-1,-1
520,-1,324,127,14,23,0.31,2,-1,-1
521,-1,382,156,20,19,0.88,2,-1,-1
521,-1,305,124,16,25,0.81,2,-1,-1
521,-1,324,128,14,24,0.44,2,-1,-1
522,-1,381,154,20,19,0.88,2,-1,-1
522,-1,304,124,16,25,0.81,2,-1,-1
522,-1,324,128,14,24,0.43,2,-1,-1
523,-1,381,152,20,20,0.88,2,-1,-1
523,-1,303,125,17,26,0.85,2,-1,-1
523,-1,323,129,15,24,0.71,2,-1,-1
524,-1,379,151,20,21,0.85,2,-1,-1
524,-1,323,129,15,24,0.58,2,-1,-1
524,-1,304,125,16,26,0.53,2,-1,-1
525,-1,379,150,20,20,0.86,2,-1,-1
525,-1,304,125,16,26,0.80,2,-1,-1
525,-1,323,129,15,24,0.65,2,-1,-1
526,-1,378,148,19,19,0.87,2,-1,-1
526,-1,303,126,17,26,0.85,2,-1,-1
526,-1,322,130,16,24,0.70,2,-1,-1
527,-1,378,148,19,19,0.85,2,-1,-1
527,-1,302,127,16,26,0.67,2,-1,-1
527,-1,322,132,15,23,0.53,2,-1,-1
528,-1,376,145,18,19,0.86,2,-1,-1
528,-1,302,126,16,27,0.76,2,-1,-1
528,-1,321,134,16,21,0.73,2,-1,-1
529,-1,376,145,18,19,0.87,2,-1,-1
529,-1,302,127,17,27,0.71,2,-1,-1
529,-1,321,134,16,22,0.68,2,-1,-1
530,-1,376,145,17,17,0.78,2,-1,-1
530,-1,320,136,16,22,0.73,2,-1,-1
530,-1,301,127,16,29,0.36,2,-1,-1
531,-1,424,508,78,31,0.90,2,-1,-1
531,-1,376,145,18,18,0.80,2,-1,-1
531,-1,319,136,16,22,0.76,2,-1,-1
531,-1,301,127,16,29,0.39,2,-1,-1
532,-1,415,462,70,71,0.94,2,-1,-1
532,-1,375,143,17,17,0.86,2,-1,-1
532,-1,299,128,18,29,0.73,7,-1,-1
532,-1,320,137,16,22,0.61,2,-1,-1
533,-1,409,433,67,72,0.93,2,-1,-1
533,-1,375,142,18,17,0.84,2,-1,-1
533,-1,299,128,18,29,0.79,7,-1,-1
534,-1,404,399,58,64,0.94,2,-1,-1
534,-1,374,141,17,17,0.87,2,-1,-1
534,-1,318,139,17,22,0.80,2,-1,-1
534,-1,298,129,18,29,0.73,7,-1,-1
535,-1,401,379,54,59,0.94,2,-1,-1
535,-1,374,141,16,16,0.88,2,-1,-1
535,-1,318,140,17,22,0.81,2,-1,-1
535,-1,298,130,18,28,0.71,2,-1,-1
536,-1,396,352,50,54,0.94,2,-1,-1
536,-1,373,140,16,17,0.72,2,-1,-1
536,-1,298,131,17,28,0.47,2,-1,-1
536,-1,317,141,15,21,0.18,2,-1,-1
537,-1,394,337,47,51,0.94,2,-1,-1
537,-1,295,131,19,28,0.82,2,-1,-1
537,-1,316,141,17,22,0.74,2,-1,-1
537,-1,373,140,16,16,0.73,2,-1,-1
538,-1,391,317,43,46,0.93,2,-1,-1
538,-1,372,138,15,16,0.86,2,-1,-1
538,-1,315,141,18,24,0.81,2,-1,-1
538,-1,295,131,20,29,0.80,2,-1,-1
539,-1,388,306,41,44,0.93,2,-1,-1
539,-1,372,138,16,16,0.86,2,-1,-1
539,-1,294,132,19,29,0.84,2,-1,-1
539,-1,315,143,18,22,0.82,2,-1,-1
540,-1,385,290,39,41,0.94,2,-1,-1
540,-1,315,144,18,24,0.81,2,-1,-1
540,-1,371,137,16,16,0.81,2,-1,-1
540,-1,294,132,20,30,0.63,2,-1,-1
541,-1,384,281,37,39,0.93,2,-1,-1
541,-1,370,135,15,16,0.85,2,-1,-1
541,-1,314,144,19,25,0.81,2,-1,-1
541,-1,293,132,21,31,0.74,2,-1,-1
542,-1,382,268,34,37,0.93,2,-1,-1
542,-1,313,146,19,25,0.82,2,-1,-1
542,-1,292,133,22,33,0.66,2,-1,-1
542,-1,370,135,15,16,0.60,2,-1,-1
543,-1,381,261,33,36,0.93,2,-1,-1
543,-1,313,146,19,25,0.82,2,-1,-1
543,-1,292,133,22,33,0.76,2,-1,-1
543,-1,370,135,15,16,0.74,2,-1,-1
544,-1,380,250,31,34,0.92,2,-1,-1
544,-1,311,147,21,27,0.82,2,-1,-1
544,-1,290,133,22,36,0.74,7,-1,-1
544,-1,370,135,15,16,0.71,2,-1,-1
545,-1,379,245,29,32,0.91,2,-1,-1
545,-1,290,134,22,35,0.80,7,-1,-1
545,-1,311,147,22,28,0.71,2,-1,-1
545,-1,369,134,15,16,0.69,2,-1,-1
546,-1,377,234,28,32,0.91,2,-1,-1
546,-1,289,136,22,34,0.86,7,-1,-1
546,-1,369,133,15,15,0.76,2,-1,-1
546,-1,311,149,21,27,0.75,2,-1,-1
547,-1,377,230,27,31,0.90,2,-1,-1
547,-1,289,136,22,34,0.86,7,-1,-1
547,-1,310,149,22,28,0.78,2,-1,-1
547,-1,369,133,15,16,0.77,2,-1,-1
548,-1,437,504,78,35,0.92,2,-1,-1
548,-1,287,137,24,35,0.90,7,-1,-1
548,-1,374,221,27,32,0.90,2,-1,-1
548,-1,310,152,22,29,0.86,2,-1,-1
548,-1,367,131,14,14,0.21,2,-1,-1
549,-1,432,474,76,62,0.93,2,-1,-1
549,-1,374,217,27,31,0.91,2,-1,-1
549,-1,287,137,24,36,0.90,7,-1,-1
549,-1,309,153,22,29,0.86,2,-1,-1
549,-1,367,131,13,13,0.12,2,-1,-1
550,-1,424,434,66,72,0.94,2,-1,-1
550,-1,374,211,26,29,0.91,2,-1,-1
550,-1,285,137,25,37,0.90,7,-1,-1
550,-1,308,154,23,30,0.86,2,-1,-1
551,-1,418,411,62,66,0.94,2,-1,-1
551,-1,374,208,27,29,0.91,2,-1,-1
551,-1,284,138,26,38,0.89,7,-1,-1
551,-1,308,155,23,30,0.86,2,-1,-1
552,-1,411,381,57,59,0.94,2,-1,-1
552,-1,370,202,26,27,0.90,2,-1,-1
552,-1,283,139,26,40,0.88,7,-1,-1
552,-1,307,156,24,31,0.84,2,-1,-1
553,-1,408,363,53,55,0.94,2,-1,-1
553,-1,281,140,27,39,0.90,7,-1,-1
553,-1,370,199,25,26,0.89,2,-1,-1
553,-1,306,156,24,32,0.85,2,-1,-1
554,-1,403,340,50,52,0.94,2,-1,-1
554,-1,369,195,26,25,0.91,2,-1,-1
554,-1,281,140,27,38,0.90,7,-1,-1
554,-1,305,159,24,32,0.87,2,-1,-1
555,-1,402,327,47,48,0.93,2,-1,-1
555,-1,281,140,27,40,0.90,7,-1,-1
555,-1,368,192,26,25,0.89,2,-1,-1
555,-1,304,159,26,33,0.87,2,-1,-1
556,-1,399,308,44,45,0.94,2,-1,-1
556,-1,279,141,28,39,0.91,7,-1,-1
556,-1,367,188,25,23,0.87,2,-1,-1
556,-1,303,161,26,34,0.67,2,-1,-1
557,-1,397,298,42,41,0.92,2,-1,-1
557,-1,278,141,28,40,0.91,7,-1,-1
557,-1,367,186,23,22,0.86,2,-1,-1
557,-1,303,162,26,35,0.61,7,-1,-1
558,-1,392,285,39,38,0.93,2,-1,-1
558,-1,277,142,28,41,0.91,7,-1,-1
558,-1,366,182,22,22,0.88,2,-1,-1
558,-1,302,164,27,36,0.81,7,-1,-1
559,-1,391,276,37,37,0.92,2,-1,-1
559,-1,276,143,30,42,0.90,7,-1,-1
559,-1,367,180,22,22,0.88,2,-1,-1
559,-1,302,165,27,36,0.78,7,-1,-1
560,-1,388,263,35,37,0.92,2,-1,-1
560,-1,274,144,30,42,0.90,7,-1,-1
560,-1,366,178,21,21,0.86,2,-1,-1
560,-1,300,168,28,37,0.70,7,-1,-1
561,-1,387,257,34,35,0.93,2,-1,-1
561,-1,273,145,31,43,0.89,7,-1,-1
561,-1,366,175,22,22,0.87,2,-1,-1
561,-1,299,170,28,37,0.69,7,-1,-1
562,-1,386,248,33,32,0.93,2,-1,-1
562,-1,272,146,29,43,0.91,7,-1,-1
562,-1,365,172,21,20,0.86,2,-1,-1
562,-1,298,172,30,39,0.83,7,-1,-1
563,-1,385,242,30,31,0.93,2,-1,-1
563,-1,271,146,31,44,0.91,7,-1,-1
563,-1,365,170,21,20,0.87,2,-1,-1
563,-1,296,174,30,40,0.82,7,-1,-1
564,-1,383,234,28,29,0.91,2,-1,-1
564,-1,270,148,31,45,0.90,7,-1,-1
564,-1,295,176,30,41,0.87,7,-1,-1
564,-1,363,167,20,20,0.86,2,-1,-1
564,-1,306,122,15,21,0.11,7,-1,-1
565,-1,294,178,31,43,0.92,7,-1,-1
565,-1,382,229,28,29,0.91,2,-1,-1
565,-1,269,148,32,46,0.90,7,-1,-1
565,-1,364,165,20,20,0.86,2,-1,-1
566,-1,380,220,28,29,0.91,2,-1,-1
566,-1,292,179,32,44,0.90,7,-1,-1
566,-1,267,148,33,49,0.90,7,-1,-1
566,-1,364,164,19,19,0.85,2,-1,-1
566,-1,306,123,15,21,0.11,7,-1,-1
567,-1,291,182,32,45,0.92,7,-1,-1
567,-1,379,216,27,29,0.91,2,-1,-1
567,-1,266,150,32,48,0.90,7,-1,-1
567,-1,363,162,20,19,0.86,2,-1,-1
568,-1,378,211,27,29,0.93,2,-1,-1
568,-1,264,153,32,48,0.91,7,-1,-1
568,-1,289,184,34,48,0.90,7,-1,-1
568,-1,363,161,19,18,0.85,2,-1,-1
569,-1,263,153,33,49,0.91,7,-1,-1
569,-1,377,207,25,28,0.90,2,-1,-1
569,-1,288,188,34,48,0.90,7,-1,-1
569,-1,363,160,19,17,0.85,2,-1,-1
570,-1,286,189,35,51,0.94,7,-1,-1
570,-1,262,154,34,50,0.90,7,-1,-1
570,-1,376,201,26,26,0.89,2,-1,-1
570,-1,363,159,17,16,0.85,2,-1,-1
571,-1,284,191,37,53,0.94,7,-1,-1
571,-1,261,153,35,52,0.90,7,-1,-1
571,-1,375,198,25,26,0.89,2,-1,-1
571,-1,363,158,17,16,0.85,2,-1,-1
572,-1,258,157,35,52,0.91,7,-1,-1
572,-1,374,196,23,24,0.90,2,-1,-1
572,-1,362,155,17,16,0.85,2,-1,-1
572,-1,281,197,38,54,0.83,7,-1,-1
573,-1,256,160,36,51,0.91,7,-1,-1
573,-1,374,192,23,24,0.88,2,-1,-1
573,-1,280,199,39,56,0.86,7,-1,-1
573,-1,361,155,18,16,0.82,2,-1,-1
574,-1,253,161,38,52,0.92,7,-1,-1
574,-1,277,204,40,59,0.90,7,-1,-1
574,-1,372,188,23,23,0.88,2,-1,-1
574,-1,362,152,17,15,0.82,2,-1,-1
574,-1,305,124,15,23,0.24,7,-1,-1
575,-1,253,162,38,53,0.92,7,-1,-1
575,-1,372,186,23,22,0.89,2,-1,-1
575,-1,361,151,16,15,0.80,2,-1,-1
575,-1,275,207,42,60,0.71,7,-1,-1
575,-1,304,125,15,23,0.32,7,-1,-1
576,-1,271,212,44,65,0.92,7,-1,-1
576,-1,250,162,40,56,0.92,7,-1,-1
576,-1,371,183,22,21,0.88,2,-1,-1
576,-1,361,150,15,14,0.74,2,-1,-1
576,-1,304,124,15,23,0.53,7,-1,-1
577,-1,248,166,40,55,0.91,7,-1,-1
577,-1,370,181,22,21,0.87,2,-1,-1
577,-1,269,217,45,65,0.78,7,-1,-1
577,-1,361,149,16,15,0.75,2,-1,-1
577,-1,304,124,15,23,0.50,7,-1,-1
578,-1,246,163,42,61,0.92,7,-1,-1
578,-1,369,178,20,21,0.88,2,-1,-1
578,-1,264,222,48,70,0.84,7,-1,-1
578,-1,360,148,16,14,0.74,2,-1,-1
578,-1,303,125,16,24,0.39,7,-1,-1
579,-1,244,165,43,63,0.92,7,-1,-1
579,-1,263,226,48,73,0.87,7,-1,-1
579,-1,368,175,21,21,0.87,2,-1,-1
579,-1,360,147,15,14,0.77,2,-1,-1
579,-1,303,126,16,24,0.69,7,-1,-1
580,-1,241,166,44,65,0.94,7,-1,-1
580,-1,257,233,51,77,0.89,7,-1,-1
580,-1,368,172,20,20,0.87,2,-1,-1
580,-1,303,125,16,25,0.77,7,-1,-1
580,-1,360,145,15,14,0.75,2,-1,-1
581,-1,239,168,45,66,0.94,7,-1,-1
581,-1,368,171,20,20,0.88,2,-1,-1
581,-1,253,239,54,79,0.87,7,-1,-1
581,-1,302,126,16,25,0.76,7,-1,-1
581,-1,359,145,15,14,0.41,2,-1,-1
582,-1,236,170,46,68,0.94,7,-1,-1
582,-1,247,248,57,84,0.93,7,-1,-1
582,-1,367,169,19,19,0.86,2,-1,-1
582,-1,302,125,16,25,0.80,7,-1,-1
582,-1,358,143,14,13,0.71,2,-1,-1
582,-1,253,234,27,18,0.19,2,-1,-1
583,-1,233,170,48,73,0.95,7,-1,-1
583,-1,243,256,59,87,0.88,7,-1,-1
583,-1,367,167,19,19,0.86,2,-1,-1
583,-1,301,126,17,25,0.84,7,-1,-1
583,-1,358,143,14,13,0.71,2,-1,-1
584,-1,230,173,51,74,0.95,7,-1,-1
584,-1,367,164,18,19,0.87,2,-1,-1
584,-1,300,126,17,27,0.85,7,-1,-1
584,-1,237,265,63,95,0.84,2,-1,-1
584,-1,358,142,14,13,0.69,2,-1,-1
585,-1,227,172,53,79,0.94,7,-1,-1
585,-1,231,272,67,101,0.94,7,-1,-1
585,-1,366,163,17,18,0.86,2,-1,-1
585,-1,300,126,17,27,0.85,7,-1,-1
585,-1,358,141,13,12,0.60,2,-1,-1
585,-1,226,256,35,37,0.52,2,-1,-1
586,-1,223,174,55,82,0.94,7,-1,-1
586,-1,218,263,38,44,0.88,2,-1,-1
586,-1,299,126,18,27,0.88,7,-1,-1
586,-1,365,160,18,18,0.85,2,-1,-1
586,-1,222,285,71,110,0.82,7,-1,-1
586,-1,358,141,13,12,0.37,2,-1,-1
587,-1,221,174,55,85,0.95,7,-1,-1
587,-1,216,293,75,118,0.89,7,-1,-1
587,-1,299,127,17,27,0.88,7,-1,-1
587,-1,212,270,40,45,0.88,2,-1,-1
587,-1,365,159,17,17,0.84,2,-1,-1
588,-1,215,179,59,87,0.94,7,-1,-1
588,-1,199,282,45,47,0.90,2,-1,-1
588,-1,299,128,18,27,0.88,7,-1,-1
588,-1,203,309,84,132,0.86,2,-1,-1
588,-1,364,158,16,17,0.85,2,-1,-1
588,-1,358,139,12,11,0.21,2,-1,-1
589,-1,213,179,60,91,0.94,7,-1,-1
589,-1,190,291,48,50,0.93,2,-1,-1
589,-1,299,128,18,27,0.88,7,-1,-1
589,-1,365,157,16,16,0.85,2,-1,-1
589,-1,194,322,88,140,0.84,2,-1,-1
590,-1,208,181,64,95,0.94,7,-1,-1
590,-1,178,304,49,56,0.93,2,-1,-1
590,-1,299,129,18,27,0.88,7,-1,-1
590,-1,364,155,16,16,0.83,2,-1,-1
590,-1,180,341,97,159,0.81,2,-1,-1
591,-1,204,183,66,99,0.94,7,-1,-1
591,-1,169,314,53,59,0.94,2,-1,-1
591,-1,167,356,105,176,0.84,7,-1,-1
591,-1,298,129,18,27,0.84,7,-1,-1
591,-1,364,154,16,16,0.82,2,-1,-1
592,-1,153,332,56,65,0.94,2,-1,-1
592,-1,198,187,71,104,0.93,7,-1,-1
592,-1,147,382,119,157,0.92,7,-1,-1
592,-1,297,129,18,28,0.87,7,-1,-1
592,-1,364,153,16,16,0.82,2,-1,-1
593,-1,142,346,57,70,0.94,2,-1,-1
593,-1,194,190,73,106,0.94,7,-1,-1
593,-1,136,407,124,132,0.91,7,-1,-1
593,-1,297,129,18,29,0.84,7,-1,-1
593,-1,362,152,17,17,0.32,2,-1,-1
594,-1,187,194,76,111,0.94,7,-1,-1
594,-1,123,370,63,76,0.94,2,-1,-1
594,-1,296,129,19,29,0.84,7,-1,-1
594,-1,363,149,15,15,0.70,2,-1,-1
594,-1,132,444,116,95,0.51,7,-1,-1
595,-1,182,197,79,113,0.95,7,-1,-1
595,-1,107,387,70,83,0.94,2,-1,-1
595,-1,295,130,20,30,0.85,7,-1,-1
595,-1,363,148,15,15,0.69,2,-1,-1
595,-1,131,473,112,66,0.65,7,-1,-1
596,-1,175,201,83,120,0.95,7,-1,-1
596,-1,82,419,79,94,0.92,2,-1,-1
596,-1,294,131,21,30,0.84,7,-1,-1
596,-1,363,148,15,15,0.61,2,-1,-1
597,-1,168,204,89,125,0.94,7,-1,-1
597,-1,51,447,94,92,0.91,2,-1,-1
597,-1,291,131,23,32,0.87,7,-1,-1
597,-1,363,146,14,15,0.33,2,-1,-1
598,-1,160,207,93,133,0.95,7,-1,-1
598,-1,292,131,22,32,0.87,7,-1,-1
598,-1,29,491,93,48,0.84,2,-1,-1
599,-1,154,209,97,141,0.94,7,-1,-1
599,-1,291,131,23,33,0.87,7,-1,-1
600,-1,143,216,104,147,0.95,7,-1,-1
600,-1,290,133,23,32,0.89,7,-1,-1
601,-1,136,218,109,156,0.95,7,-1,-1
601,-1,290,134,23,31,0.88,7,-1,-1
602,-1,125,223,117,163,0.96,7,-1,-1
602,-1,290,132,23,33,0.88,7,-1,-1
603,-1,114,228,124,175,0.95,7,-1,-1
603,-1,290,133,23,35,0.88,7,-1,-1
604,-1,106,233,128,187,0.96,7,-1,-1
604,-1,290,133,23,35,0.88,7,-1,-1
605,-1,91,239,138,202,0.95,7,-1,-1
605,-1,289,134,23,35,0.88,7,-1,-1
606,-1,79,245,145,212,0.95,7,-1,-1
606,-1,287,135,24,37,0.87,7,-1,-1
607,-1,60,249,159,237,0.94,7,-1,-1
607,-1,289,135,23,37,0.88,7,-1,-1
608,-1,46,256,170,252,0.93,7,-1,-1
608,-1,288,137,23,36,0.88,7,-1,-1
609,-1,22,263,187,274,0.94,7,-1,-1
609,-1,287,138,23,35,0.86,7,-1,-1
609,-1,308,125,14,23,0.16,7,-1,-1
610,-1,2,268,202,270,0.93,7,-1,-1
610,-1,285,139,24,35,0.86,7,-1,-1
610,-1,307,125,15,24,0.35,7,-1,-1
611,-1,0,281,195,258,0.93,7,-1,-1
611,-1,284,140,24,36,0.88,7,-1,-1
611,-1,322,140,12,18,0.20,2,-1,-1
612,-1,0,288,192,251,0.94,7,-1,-1
612,-1,283,140,24,38,0.62,7,-1,-1
612,-1,307,127,15,24,0.29,7,-1,-1
613,-1,4,301,178,238,0.95,7,-1,-1
613,-1,281,142,26,36,0.89,7,-1,-1
613,-1,306,127,15,25,0.30,7,-1,-1
613,-1,321,147,11,13,0.24,2,-1,-1
614,-1,2,312,173,227,0.95,7,-1,-1
614,-1,280,143,27,36,0.89,7,-1,-1
614,-1,306,128,15,24,0.15,7,-1,-1
614,-1,321,148,11,14,0.12,2,-1,-1
615,-1,0,328,163,211,0.96,7,-1,-1
615,-1,280,143,26,37,0.89,7,-1,-1
615,-1,305,127,16,26,0.77,7,-1,-1
616,-1,0,344,155,195,0.95,7,-1,-1
616,-1,280,143,26,39,0.88,7,-1,-1
616,-1,304,128,17,26,0.75,7,-1,-1
617,-1,0,363,140,176,0.96,7,-1,-1
617,-1,278,144,27,39,0.91,7,-1,-1
617,-1,304,129,17,27,0.77,7,-1,-1
617,-1,323,140,13,15,0.14,2,-1,-1
618,-1,0,379,129,160,0.96,7,-1,-1
618,-1,277,144,28,41,0.91,7,-1,-1
618,-1,303,128,17,27,0.83,7,-1,-1
619,-1,0,404,118,135,0.94,7,-1,-1
619,-1,276,145,29,42,0.92,7,-1,-1
619,-1,302,129,18,28,0.87,7,-1,-1
620,-1,0,425,103,114,0.93,7,-1,-1
620,-1,276,145,29,43,0.92,7,-1,-1
620,-1,302,129,18,27,0.86,7,-1,-1
620,-1,325,139,12,12,0.17,2,-1,-1
621,-1,274,147,29,43,0.90,7,-1,-1
621,-1,302,130,18,28,0.87,7,-1,-1
621,-1,0,460,74,79,0.72,7,-1,-1
621,-1,315,159,14,13,0.12,2,-1,-1
622,-1,274,148,29,44,0.90,7,-1,-1
622,-1,301,131,18,28,0.87,7,-1,-1
622,-1,0,496,61,43,0.80,7,-1,-1
622,-1,316,160,14,14,0.46,2,-1,-1
623,-1,273,149,29,43,0.90,7,-1,-1
623,-1,301,131,18,28,0.86,7,-1,-1
623,-1,315,161,15,14,0.23,2,-1,-1
623,-1,324,143,11,10,0.17,2,-1,-1
624,-1,272,151,29,43,0.89,7,-1,-1
624,-1,300,132,19,28,0.85,7,-1,-1
624,-1,315,161,15,15,0.37,2,-1,-1
624,-1,324,143,11,10,0.14,2,-1,-1
625,-1,271,152,29,45,0.92,7,-1,-1
625,-1,299,133,19,28,0.87,7,-1,-1
625,-1,315,162,15,16,0.76,2,-1,-1
626,-1,270,152,30,46,0.92,7,-1,-1
626,-1,299,133,19,28,0.87,7,-1,-1
626,-1,314,163,15,16,0.78,2,-1,-1
627,-1,269,154,31,46,0.91,7,-1,-1
627,-1,298,134,19,28,0.87,7,-1,-1
627,-1,313,164,15,16,0.63,2,-1,-1
627,-1,322,147,11,11,0.21,2,-1,-1
628,-1,267,156,30,46,0.92,7,-1,-1
628,-1,298,134,20,28,0.87,7,-1,-1
628,-1,313,166,16,18,0.72,2,-1,-1
629,-1,266,157,31,47,0.92,7,-1,-1
629,-1,297,135,21,29,0.90,7,-1,-1
629,-1,312,167,16,17,0.74,2,-1,-1
629,-1,321,148,11,12,0.34,2,-1,-1
630,-1,264,158,32,47,0.92,7,-1,-1
630,-1,296,136,21,28,0.89,7,-1,-1
630,-1,311,169,17,17,0.75,2,-1,-1
630,-1,320,147,13,13,0.68,2,-1,-1
631,-1,263,159,32,48,0.92,7,-1,-1
631,-1,295,135,21,29,0.90,7,-1,-1
631,-1,310,171,17,18,0.79,2,-1,-1
631,-1,321,149,12,12,0.19,2,-1,-1
632,-1,261,161,32,49,0.91,7,-1,-1
632,-1,295,136,22,29,0.90,7,-1,-1
632,-1,309,172,17,18,0.81,2,-1,-1
632,-1,320,149,13,13,0.56,2,-1,-1
633,-1,259,161,34,51,0.93,7,-1,-1
633,-1,294,137,22,29,0.90,7,-1,-1
633,-1,319,149,13,14,0.63,2,-1,-1
633,-1,308,176,18,18,0.26,2,-1,-1
634,-1,258,161,34,53,0.92,7,-1,-1
634,-1,293,137,23,31,0.90,7,-1,-1
634,-1,319,150,13,13,0.71,2,-1,-1
634,-1,307,178,18,19,0.42,2,-1,-1
635,-1,257,163,34,53,0.93,7,-1,-1
635,-1,292,138,23,31,0.90,7,-1,-1
635,-1,306,180,19,20,0.85,2,-1,-1
635,-1,318,151,14,14,0.70,2,-1,-1
636,-1,255,163,36,56,0.94,7,-1,-1
636,-1,292,138,23,32,0.89,7,-1,-1
636,-1,305,182,18,20,0.85,2,-1,-1
636,-1,318,152,14,14,0.70,2,-1,-1
637,-1,254,165,36,57,0.94,7,-1,-1
637,-1,291,139,24,32,0.89,7,-1,-1
637,-1,304,185,19,20,0.88,2,-1,-1
637,-1,317,153,14,14,0.68,2,-1,-1
637,-1,307,122,16,27,0.12,7,-1,-1
638,-1,251,166,38,58,0.93,7,-1,-1
638,-1,291,140,24,32,0.89,7,-1,-1
638,-1,303,187,20,21,0.88,2,-1,-1
638,-1,317,154,15,14,0.66,2,-1,-1
639,-1,249,169,39,59,0.93,7,-1,-1
639,-1,289,141,25,33,0.89,7,-1,-1
639,-1,302,191,21,20,0.86,2,-1,-1
639,-1,317,157,15,14,0.73,2,-1,-1
640,-1,247,171,38,60,0.94,7,-1,-1
640,-1,288,142,25,32,0.89,7,-1,-1
640,-1,301,191,21,23,0.89,2,-1,-1
640,-1,316,157,15,14,0.74,2,-1,-1
640,-1,306,122,16,27,0.35,7,-1,-1
641,-1,245,173,38,62,0.93,7,-1,-1
641,-1,287,143,25,33,0.90,7,-1,-1
641,-1,299,194,23,24,0.88,2,-1,-1
641,-1,315,158,15,14,0.72,2,-1,-1
641,-1,305,123,16,27,0.30,7,-1,-1
642,-1,243,174,40,63,0.93,7,-1,-1
642,-1,287,143,26,34,0.90,7,-1,-1
642,-1,299,196,23,25,0.89,2,-1,-1
642,-1,315,159,16,15,0.73,2,-1,-1
642,-1,305,124,16,26,0.22,7,-1,-1
643,-1,240,176,42,65,0.95,7,-1,-1
643,-1,286,144,26,35,0.91,7,-1,-1
643,-1,296,200,24,26,0.90,2,-1,-1
643,-1,314,159,15,16,0.74,2,-1,-1
643,-1,304,124,17,26,0.43,7,-1,-1
644,-1,238,177,43,67,0.95,7,-1,-1
644,-1,286,145,26,35,0.91,7,-1,-1
644,-1,296,202,24,27,0.90,2,-1,-1
644,-1,313,161,16,16,0.78,2,-1,-1
644,-1,304,124,17,27,0.38,7,-1,-1
644,-1,321,149,11,13,0.12,2,-1,-1
645,-1,234,180,45,69,0.94,7,-1,-1
645,-1,284,146,27,36,0.91,7,-1,-1
645,-1,293,208,25,27,0.89,2,-1,-1
645,-1,312,163,17,16,0.74,2,-1,-1
645,-1,303,125,17,27,0.44,7,-1,-1
645,-1,321,149,12,13,0.16,2,-1,-1
646,-1,232,182,45,70,0.94,7,-1,-1
646,-1,291,209,26,31,0.91,2,-1,-1
646,-1,284,146,27,36,0.90,7,-1,-1
646,-1,312,162,17,17,0.83,2,-1,-1
646,-1,304,125,18,28,0.54,7,-1,-1
647,-1,229,185,45,72,0.94,7,-1,-1
647,-1,289,213,27,31,0.91,2,-1,-1
647,-1,283,147,27,38,0.91,7,-1,-1
647,-1,311,164,17,18,0.85,2,-1,-1
647,-1,303,125,18,28,0.49,7,-1,-1
647,-1,321,150,12,14,0.12,2,-1,-1
648,-1,226,186,48,74,0.94,7,-1,-1
648,-1,288,217,28,32,0.92,2,-1,-1
648,-1,282,147,28,39,0.91,7,-1,-1
648,-1,310,166,17,17,0.77,2,-1,-1
648,-1,303,127,17,28,0.19,7,-1,-1
648,-1,316,156,15,12,0.16,2,-1,-1
649,-1,223,189,49,76,0.94,7,-1,-1
649,-1,285,223,29,33,0.94,2,-1,-1
649,-1,280,148,29,39,0.91,7,-1,-1
649,-1,309,167,18,17,0.81,2,-1,-1
649,-1,302,129,17,28,0.39,7,-1,-1
649,-1,316,156,14,13,0.11,2,-1,-1
650,-1,220,191,51,78,0.94,7,-1,-1
650,-1,283,227,30,34,0.92,2,-1,-1
650,-1,280,149,29,40,0.92,7,-1,-1
650,-1,308,169,18,17,0.80,2,-1,-1
650,-1,301,129,17,28,0.55,7,-1,-1
650,-1,317,155,14,14,0.44,2,-1,-1
651,-1,216,194,53,83,0.94,7,-1,-1
651,-1,278,150,30,41,0.92,7,-1,-1
651,-1,278,233,32,36,0.91,2,-1,-1
651,-1,308,170,18,17,0.78,2,-1,-1
651,-1,584,472,55,67,0.72,7,-1,-1
651,-1,300,129,18,28,0.65,7,-1,-1
651,-1,317,155,14,15,0.45,2,-1,-1
652,-1,212,196,55,84,0.94,7,-1,-1
652,-1,277,237,33,38,0.93,2,-1,-1
652,-1,277,151,31,42,0.91,7,-1,-1
652,-1,308,172,17,18,0.86,2,-1,-1
652,-1,568,445,71,94,0.77,7,-1,-1
652,-1,300,131,19,27,0.58,7,-1,-1
652,-1,317,156,14,14,0.47,2,-1,-1
653,-1,207,202,57,87,0.94,7,-1,-1
653,-1,272,246,35,39,0.94,2,-1,-1
653,-1,549,415,90,124,0.93,7,-1,-1
653,-1,275,153,31,43,0.91,7,-1,-1
653,-1,306,174,18,19,0.81,2,-1,-1
653,-1,299,131,19,28,0.75,7,-1,-1
653,-1,319,147,12,12,0.31,2,-1,-1
653,-1,314,159,15,14,0.24,2,-1,-1
654,-1,270,250,35,41,0.94,2,-1,-1
654,-1,203,206,58,88,0.94,7,-1,-1
654,-1,539,397,100,142,0.93,7,-1,-1
654,-1,274,153,32,44,0.91,7,-1,-1
654,-1,306,176,18,19,0.82,2,-1,-1
654,-1,298,132,19,29,0.73,7,-1,-1
654,-1,317,156,14,15,0.43,2,-1,-1
654,-1,320,147,13,11,0.15,2,-1,-1
655,-1,525,372,114,167,0.96,7,-1,-1
655,-1,197,212,59,90,0.94,7,-1,-1
655,-1,264,259,39,45,0.92,2,-1,-1
655,-1,272,154,33,45,0.92,7,-1,-1
655,-1,304,179,19,19,0.89,2,-1,-1
655,-1,298,132,19,29,0.78,7,-1,-1
655,-1,314,158,16,16,0.64,2,-1,-1
656,-1,517,357,122,182,0.96,7,-1,-1
656,-1,192,209,63,98,0.94,7,-1,-1
656,-1,263,265,39,47,0.93,2,-1,-1
656,-1,270,155,34,46,0.92,7,-1,-1
656,-1,304,180,20,19,0.90,2,-1,-1
656,-1,297,133,19,29,0.78,7,-1,-1
656,-1,313,159,16,17,0.61,2,-1,-1
657,-1,506,335,133,204,0.96,7,-1,-1
657,-1,186,216,66,100,0.94,7,-1,-1
657,-1,259,276,40,51,0.93,2,-1,-1
657,-1,269,156,34,47,0.91,7,-1,-1
657,-1,302,183,19,20,0.85,2,-1,-1
657,-1,297,133,19,29,0.78,7,-1,-1
657,-1,312,160,17,19,0.73,2,-1,-1
658,-1,499,324,140,215,0.96,7,-1,-1
658,-1,181,218,69,105,0.95,7,-1,-1
658,-1,253,283,43,54,0.93,2,-1,-1
658,-1,267,157,35,48,0.91,7,-1,-1
658,-1,301,184,20,21,0.87,2,-1,-1
658,-1,295,134,21,30,0.87,7,-1,-1
658,-1,312,161,18,19,0.74,2,-1,-1
659,-1,488,310,151,229,0.96,7,-1,-1
659,-1,174,221,72,113,0.95,7,-1,-1
659,-1,245,296,47,58,0.94,2,-1,-1
659,-1,264,159,37,49,0.90,7,-1,-1
659,-1,300,187,20,21,0.88,2,-1,-1
659,-1,295,134,21,31,0.84,7,-1,-1
659,-1,311,161,18,20,0.78,2,-1,-1
660,-1,483,301,156,238,0.97,7,-1,-1
660,-1,168,223,76,117,0.95,7,-1,-1
660,-1,242,305,48,62,0.94,2,-1,-1
660,-1,262,160,38,50,0.91,7,-1,-1
660,-1,298,188,21,22,0.88,2,-1,-1
660,-1,293,133,22,32,0.84,7,-1,-1
660,-1,310,164,18,19,0.81,2,-1,-1
661,-1,476,286,163,253,0.97,7,-1,-1
661,-1,161,230,80,124,0.96,7,-1,-1
661,-1,234,322,52,69,0.94,2,-1,-1
661,-1,296,191,23,24,0.89,2,-1,-1
661,-1,260,161,39,52,0.89,7,-1,-1
661,-1,292,134,22,33,0.84,7,-1,-1
661,-1,310,166,19,18,0.80,2,-1,-1
662,-1,471,279,168,259,0.97,7,-1,-1
662,-1,154,232,82,131,0.95,7,-1,-1
662,-1,228,333,54,74,0.93,2,-1,-1
662,-1,259,162,39,53,0.90,7,-1,-1
662,-1,295,194,24,24,0.88,2,-1,-1
662,-1,291,134,22,33,0.84,7,-1,-1
662,-1,309,167,18,18,0.80,2,-1,-1
663,-1,464,268,175,246,0.96,7,-1,-1
663,-1,144,238,88,140,0.96,7,-1,-1
663,-1,220,355,57,81,0.94,2,-1,-1
663,-1,255,165,42,54,0.91,7,-1,-1
663,-1,293,198,24,24,0.88,2,-1,-1
663,-1,291,135,23,34,0.85,7,-1,-1
663,-1,309,168,18,20,0.76,2,-1,-1
664,-1,460,261,176,238,0.97,7,-1,-1
664,-1,135,242,94,145,0.96,7,-1,-1
664,-1,212,374,62,86,0.94,2,-1,-1
664,-1,254,166,41,55,0.91,7,-1,-1
664,-1,292,200,24,24,0.89,2,-1,-1
664,-1,290,135,23,35,0.85,7,-1,-1
664,-1,308,169,19,20,0.79,2,-1,-1
665,-1,455,253,161,231,0.96,7,-1,-1
665,-1,124,250,99,155,0.96,7,-1,-1
665,-1,199,401,70,99,0.94,2,-1,-1
665,-1,290,204,25,26,0.91,2,-1,-1
665,-1,252,168,42,56,0.91,7,-1,-1
665,-1,289,135,22,36,0.85,7,-1,-1
665,-1,307,171,20,20,0.79,2,-1,-1
666,-1,451,248,153,204,0.96,7,-1,-1
666,-1,116,255,104,162,0.95,7,-1,-1
666,-1,187,421,77,112,0.93,2,-1,-1
666,-1,250,169,44,59,0.91,7,-1,-1
666,-1,287,206,27,27,0.90,2,-1,-1
666,-1,289,136,23,37,0.85,7,-1,-1
666,-1,308,171,19,21,0.78,2,-1,-1
667,-1,447,239,140,195,0.96,7,-1,-1
667,-1,103,261,112,175,0.96,7,-1,-1
667,-1,167,458,88,81,0.94,2,-1,-1
667,-1,284,211,29,29,0.92,2,-1,-1
667,-1,248,171,45,60,0.91,7,-1,-1
667,-1,288,139,22,34,0.83,7,-1,-1
667,-1,305,175,21,21,0.79,2,-1,-1
667,-1,311,162,18,16,0.28,2,-1,-1
668,-1,445,235,133,185,0.96,7,-1,-1
668,-1,92,268,118,185,0.96,7,-1,-1
668,-1,244,173,46,61,0.92,7,-1,-1
668,-1,165,488,84,51,0.92,2,-1,-1
668,-1,283,214,29,29,0.90,2,-1,-1
668,-1,287,142,23,33,0.86,7,-1,-1
668,-1,305,176,21,21,0.84,2,-1,-1
668,-1,311,162,18,19,0.60,2,-1,-1
669,-1,77,279,124,200,0.97,7,-1,-1
669,-1,441,229,124,174,0.97,7,-1,-1
669,-1,241,175,47,63,0.92,7,-1,-1
669,-1,282,220,29,30,0.90,2,-1,-1
669,-1,285,143,24,33,0.87,7,-1,-1
669,-1,303,179,22,22,0.82,2,-1,-1
669,-1,311,164,18,17,0.64,2,-1,-1
670,-1,438,225,121,169,0.96,7,-1,-1
670,-1,65,284,132,212,0.96,7,-1,-1
670,-1,240,177,47,65,0.93,7,-1,-1
670,-1,280,222,29,32,0.92,2,-1,-1
670,-1,286,143,24,34,0.88,7,-1,-1
670,-1,303,180,22,22,0.81,2,-1,-1
670,-1,308,165,19,18,0.70,2,-1,-1
671,-1,434,219,113,159,0.96,7,-1,-1
671,-1,45,296,143,233,0.96,7,-1,-1
671,-1,235,179,49,67,0.94,7,-1,-1
671,-1,277,228,30,34,0.90,2,-1,-1
671,-1,285,144,25,36,0.89,7,-1,-1
671,-1,303,184,21,21,0.81,2,-1,-1
671,-1,309,167,18,18,0.66,2,-1,-1
672,-1,432,215,108,157,0.96,7,-1,-1
672,-1,31,308,151,231,0.96,7,-1,-1
672,-1,234,181,50,68,0.94,7,-1,-1
672,-1,274,231,32,35,0.91,2,-1,-1
672,-1,284,145,25,36,0.89,7,-1,-1
672,-1,302,186,22,21,0.84,2,-1,-1
672,-1,309,168,18,19,0.60,2,-1,-1
673,-1,430,210,100,147,0.96,7,-1,-1
673,-1,4,321,168,218,0.96,7,-1,-1
673,-1,232,183,50,71,0.94,7,-1,-1
673,-1,271,239,32,36,0.92,2,-1,-1
673,-1,283,146,25,36,0.90,7,-1,-1
673,-1,301,188,22,23,0.84,2,-1,-1
673,-1,307,169,20,19,0.71,2,-1,-1
674,-1,0,333,164,206,0.97,7,-1,-1
674,-1,428,208,97,140,0.96,7,-1,-1
674,-1,268,243,34,38,0.93,2,-1,-1
674,-1,228,185,53,74,0.93,7,-1,-1
674,-1,282,147,26,37,0.91,7,-1,-1
674,-1,301,189,22,23,0.88,2,-1,-1
674,-1,307,170,19,19,0.76,2,-1,-1
674,-1,321,148,12,13,0.19,2,-1,-1
675,-1,0,350,151,189,0.96,7,-1,-1
675,-1,425,204,92,133,0.96,7,-1,-1
675,-1,226,186,53,78,0.94,7,-1,-1
675,-1,264,250,36,40,0.92,2,-1,-1
675,-1,280,148,27,37,0.92,7,-1,-1
675,-1,299,192,23,23,0.89,2,-1,-1
675,-1,306,172,19,21,0.78,2,-1,-1
676,-1,425,200,87,128,0.96,7,-1,-1
676,-1,0,364,143,175,0.96,7,-1,-1
676,-1,223,189,54,78,0.94,7,-1,-1
676,-1,263,257,36,40,0.94,2,-1,-1
676,-1,280,148,26,37,0.92,7,-1,-1
676,-1,298,194,23,24,0.88,2,-1,-1
676,-1,305,173,19,21,0.78,2,-1,-1
676,-1,321,149,13,13,0.42,2,-1,-1
677,-1,423,197,83,121,0.97,7,-1,-1
677,-1,0,389,128,150,0.96,7,-1,-1
677,-1,218,193,58,81,0.94,7,-1,-1
677,-1,256,263,40,45,0.93,2,-1,-1
677,-1,276,150,29,38,0.93,7,-1,-1
677,-1,296,197,25,26,0.88,2,-1,-1
677,-1,305,175,19,21,0.75,2,-1,-1
677,-1,321,150,13,13,0.27,2,-1,-1
678,-1,420,195,80,117,0.96,7,-1,-1
678,-1,0,406,118,133,0.95,7,-1,-1
678,-1,217,195,58,83,0.94,7,-1,-1
678,-1,252,271,41,46,0.94,2,-1,-1
678,-1,276,150,27,38,0.92,7,-1,-1
678,-1,295,198,26,26,0.88,2,-1,-1
678,-1,304,177,20,22,0.84,2,-1,-1
678,-1,319,152,13,13,0.24,2,-1,-1
679,-1,419,190,76,112,0.96,7,-1,-1
679,-1,246,282,44,49,0.94,2,-1,-1
679,-1,212,199,59,88,0.94,7,-1,-1
679,-1,276,151,27,40,0.91,7,-1,-1
679,-1,293,202,26,27,0.88,2,-1,-1
679,-1,304,179,19,21,0.84,2,-1,-1
679,-1,0,436,93,103,0.73,7,-1,-1
679,-1,319,152,13,13,0.29,2,-1,-1
680,-1,418,188,73,108,0.96,7,-1,-1
680,-1,208,202,61,89,0.94,7,-1,-1
680,-1,243,289,45,52,0.93,2,-1,-1
680,-1,274,152,28,41,0.91,7,-1,-1
680,-1,293,205,27,27,0.88,2,-1,-1
680,-1,303,181,20,21,0.86,2,-1,-1
680,-1,0,463,79,76,0.52,7,-1,-1
680,-1,319,152,13,13,0.21,2,-1,-1
681,-1,416,186,69,106,0.96,7,-1,-1
681,-1,199,205,67,95,0.95,7,-1,-1
681,-1,235,302,49,57,0.94,2,-1,-1
681,-1,273,154,29,41,0.92,7,-1,-1
681,-1,290,210,28,28,0.91,2,-1,-1
681,-1,301,183,21,23,0.88,2,-1,-1
681,-1,319,156,14,13,0.41,2,-1,-1
682,-1,414,183,68,101,0.96,7,-1,-1
682,-1,232,312,50,60,0.94,2,-1,-1
682,-1,195,207,68,97,0.94,7,-1,-1
682,-1,271,155,29,41,0.93,7,-1,-1
682,-1,299,185,23,24,0.88,2,-1,-1
682,-1,290,212,27,28,0.88,2,-1,-1
682,-1,320,156,14,13,0.47,2,-1,-1
683,-1,413,181,65,95,0.96,7,-1,-1
683,-1,221,328,55,66,0.95,2,-1,-1
683,-1,191,212,70,101,0.95,7,-1,-1
683,-1,269,157,30,42,0.94,7,-1,-1
683,-1,288,218,27,28,0.91,2,-1,-1
683,-1,298,187,24,25,0.89,2,-1,-1
684,-1,411,179,64,93,0.95,7,-1,-1
684,-1,215,341,57,70,0.95,2,-1,-1
684,-1,185,215,73,107,0.94,7,-1,-1
684,-1,267,159,30,42,0.92,7,-1,-1
684,-1,297,189,24,26,0.90,2,-1,-1
684,-1,286,221,29,30,0.90,2,-1,-1
685,-1,409,177,62,91,0.96,7,-1,-1
685,-1,180,220,75,113,0.95,7,-1,-1
685,-1,206,362,61,78,0.94,2,-1,-1
685,-1,266,161,30,42,0.93,7,-1,-1
685,-1,284,226,29,30,0.91,2,-1,-1
685,-1,296,192,25,24,0.90,2,-1,-1
685,-1,316,159,15,14,0.64,2,-1,-1
686,-1,175,223,77,117,0.96,7,-1,-1
686,-1,410,175,59,88,0.95,7,-1,-1
686,-1,198,377,64,83,0.95,2,-1,-1
686,-1,264,163,30,42,0.93,7,-1,-1
686,-1,282,229,30,31,0.90,2,-1,-1
686,-1,294,195,26,25,0.89,2,-1,-1
686,-1,315,162,15,14,0.76,2,-1,-1
687,-1,166,229,83,125,0.96,7,-1,-1
687,-1,408,173,56,84,0.95,7,-1,-1
687,-1,184,405,71,94,0.95,2,-1,-1
687,-1,262,165,31,42,0.93,7,-1,-1
687,-1,280,236,30,32,0.92,2,-1,-1
687,-1,292,197,28,27,0.89,2,-1,-1
687,-1,315,163,15,14,0.79,2,-1,-1
688,-1,158,232,89,130,0.96,7,-1,-1
688,-1,406,170,55,83,0.95,7,-1,-1
688,-1,172,427,76,101,0.94,2,-1,-1
688,-1,261,164,31,46,0.93,7,-1,-1
688,-1,277,240,32,34,0.92,2,-1,-1
688,-1,292,199,26,27,0.89,2,-1,-1
688,-1,313,163,15,16,0.56,2,-1,-1
689,-1,148,238,94,139,0.95,7,-1,-1
689,-1,405,167,54,82,0.94,7,-1,-1
689,-1,158,464,79,75,0.94,2,-1,-1
689,-1,259,165,32,48,0.93,7,-1,-1
689,-1,274,246,34,36,0.93,2,-1,-1
689,-1,289,203,29,30,0.91,2,-1,-1
689,-1,314,164,15,15,0.54,2,-1,-1
690,-1,140,242,99,147,0.95,7,-1,-1
690,-1,404,166,53,80,0.95,7,-1,-1
690,-1,272,250,34,37,0.93,2,-1,-1
690,-1,257,168,32,47,0.92,7,-1,-1
690,-1,154,493,77,46,0.92,2,-1,-1
690,-1,288,205,28,30,0.92,2,-1,-1
690,-1,313,164,17,16,0.57,2,-1,-1
691,-1,130,249,106,158,0.96,7,-1,-1
691,-1,403,165,52,78,0.95,7,-1,-1
691,-1,267,259,37,39,0.94,2,-1,-1
691,-1,256,171,32,47,0.92,7,-1,-1
691,-1,286,208,30,32,0.91,2,-1,-1
691,-1,311,166,17,17,0.82,2,-1,-1
692,-1,120,254,112,167,0.96,7,-1,-1
692,-1,402,164,51,77,0.94,7,-1,-1
692,-1,254,172,33,48,0.93,7,-1,-1
692,-1,265,264,38,41,0.93,2,-1,-1
692,-1,286,211,29,33,0.91,2,-1,-1
692,-1,311,167,18,18,0.83,2,-1,-1
693,-1,104,261,122,182,0.95,7,-1,-1
693,-1,401,162,49,75,0.94,7,-1,-1
693,-1,261,273,39,44,0.94,2,-1,-1
693,-1,251,174,34,49,0.94,7,-1,-1
693,-1,284,216,30,33,0.92,2,-1,-1
693,-1,311,167,18,19,0.81,2,-1,-1
694,-1,95,265,128,194,0.95,7,-1,-1
694,-1,400,161,48,75,0.94,7,-1,-1
694,-1,250,177,34,50,0.93,7,-1,-1
694,-1,258,279,40,46,0.93,2,-1,-1
694,-1,281,219,32,35,0.92,2,-1,-1
694,-1,308,170,18,19,0.83,2,-1,-1
695,-1,74,277,142,210,0.96,7,-1,-1
695,-1,399,159,47,68,0.94,7,-1,-1
695,-1,253,289,42,48,0.94,2,-1,-1
695,-1,247,179,35,52,0.93,7,-1,-1
695,-1,279,224,32,36,0.92,2,-1,-1
695,-1,308,172,19,19,0.83,2,-1,-1
696,-1,58,282,154,226,0.95,7,-1,-1
696,-1,247,296,46,52,0.94,2,-1,-1
696,-1,398,158,47,66,0.94,7,-1,-1
696,-1,245,181,36,53,0.93,7,-1,-1
696,-1,278,227,33,37,0.92,2,-1,-1
696,-1,307,175,19,18,0.82,2,-1,-1
697,-1,9,292,196,245,0.95,7,-1,-1
697,-1,242,310,47,55,0.94,2,-1,-1
697,-1,397,156,46,63,0.93,7,-1,-1
697,-1,274,232,35,40,0.92,2,-1,-1
697,-1,242,184,37,56,0.92,7,-1,-1
697,-1,306,177,19,17,0.85,2,-1,-1
698,-1,6,301,194,237,0.95,7,-1,-1
698,-1,239,319,48,57,0.94,2,-1,-1
698,-1,240,185,37,57,0.94,7,-1,-1
698,-1,396,155,45,62,0.94,7,-1,-1
698,-1,272,235,35,41,0.93,2,-1,-1
698,-1,304,179,20,18,0.85,2,-1,-1
699,-1,1,316,191,223,0.95,7,-1,-1
699,-1,237,188,38,58,0.94,7,-1,-1
699,-1,231,335,51,63,0.94,2,-1,-1
699,-1,394,154,45,61,0.94,7,-1,-1
699,-1,269,242,37,43,0.93,2,-1,-1
699,-1,302,181,21,19,0.85,2,-1,-1
700,-1,0,324,185,215,0.96,7,-1,-1
700,-1,225,347,54,66,0.94,2,-1,-1
700,-1,393,153,45,59,0.94,7,-1,-1
700,-1,234,190,40,61,0.94,7,-1,-1
700,-1,267,247,38,43,0.93,2,-1,-1
700,-1,302,186,21,18,0.85,2,-1,-1
701,-1,0,342,175,197,0.96,7,-1,-1
701,-1,264,254,39,47,0.95,2,-1,-1
701,-1,230,193,42,63,0.94,7,-1,-1
701,-1,215,367,57,73,0.94,2,-1,-1
701,-1,392,151,44,59,0.94,7,-1,-1
701,-1,301,187,22,19,0.86,2,-1,-1
702,-1,0,354,167,185,0.95,7,-1,-1
702,-1,206,382,63,79,0.94,2,-1,-1
702,-1,228,194,43,66,0.94,7,-1,-1
702,-1,391,150,43,60,0.94,7,-1,-1
702,-1,260,259,42,49,0.94,2,-1,-1
702,-1,301,188,22,20,0.85,2,-1,-1
703,-1,0,376,153,163,0.95,7,-1,-1
703,-1,195,407,68,87,0.95,2,-1,-1
703,-1,224,199,43,67,0.94,7,-1,-1
703,-1,391,149,41,57,0.94,7,-1,-1
703,-1,255,266,43,53,0.93,2,-1,-1
703,-1,300,191,22,21,0.85,2,-1,-1
704,-1,0,391,144,148,0.96,7,-1,-1
704,-1,187,426,70,94,0.96,2,-1,-1
704,-1,220,202,45,70,0.95,7,-1,-1
704,-1,390,148,42,57,0.94,7,-1,-1
704,-1,252,273,44,54,0.93,2,-1,-1
704,-1,297,192,23,22,0.88,2,-1,-1
705,-1,172,459,76,80,0.95,2,-1,-1
705,-1,0,418,130,121,0.94,7,-1,-1
705,-1,248,282,46,57,0.94,2,-1,-1
705,-1,215,206,46,72,0.94,7,-1,-1
705,-1,389,146,41,53,0.93,7,-1,-1
705,-1,295,196,24,23,0.85,2,-1,-1
706,-1,211,208,47,75,0.94,7,-1,-1
706,-1,243,287,48,61,0.94,2,-1,-1
706,-1,388,145,41,53,0.93,7,-1,-1
706,-1,164,485,78,54,0.93,2,-1,-1
706,-1,0,438,119,101,0.90,7,-1,-1
706,-1,295,199,24,23,0.87,2,-1,-1
707,-1,206,213,52,79,0.94,7,-1,-1
707,-1,236,300,52,65,0.94,2,-1,-1
707,-1,387,144,41,52,0.93,7,-1,-1
707,-1,293,202,24,24,0.89,2,-1,-1
707,-1,0,469,99,70,0.72,7,-1,-1
708,-1,202,217,52,81,0.94,7,-1,-1
708,-1,386,143,40,54,0.94,7,-1,-1
708,-1,232,308,54,69,0.94,2,-1,-1
708,-1,292,204,25,24,0.88,2,-1,-1
708,-1,0,500,79,39,0.72,7,-1,-1
709,-1,195,222,57,85,0.95,7,-1,-1
709,-1,227,321,55,76,0.94,2,-1,-1
709,-1,384,142,40,52,0.94,7,-1,-1
709,-1,290,209,26,24,0.90,2,-1,-1
710,-1,221,331,59,80,0.94,2,-1,-1
710,-1,190,227,58,87,0.94,7,-1,-1
710,-1,384,142,40,52,0.93,7,-1,-1
710,-1,288,210,27,26,0.90,2,-1,-1
711,-1,213,348,61,86,0.95,2,-1,-1
711,-1,183,233,61,92,0.95,7,-1,-1
711,-1,384,141,40,51,0.93,7,-1,-1
711,-1,287,215,28,27,0.91,2,-1,-1
712,-1,206,360,64,92,0.95,2,-1,-1
712,-1,177,237,65,97,0.94,7,-1,-1
712,-1,384,139,37,49,0.90,7,-1,-1
712,-1,285,221,27,25,0.89,2,-1,-1
713,-1,168,242,71,105,0.95,7,-1,-1
713,-1,194,382,71,103,0.95,2,-1,-1
713,-1,282,225,29,28,0.91,2,-1,-1
713,-1,384,139,36,48,0.87,7,-1,-1
714,-1,186,398,75,110,0.95,2,-1,-1
714,-1,162,248,73,108,0.95,7,-1,-1
714,-1,281,229,30,29,0.91,2,-1,-1
714,-1,383,138,36,49,0.77,7,-1,-1
715,-1,152,257,76,115,0.95,7,-1,-1
715,-1,174,425,80,111,0.94,2,-1,-1
715,-1,278,233,31,31,0.91,2,-1,-1
715,-1,382,138,35,46,0.83,2,-1,-1
716,-1,142,261,84,122,0.96,7,-1,-1
716,-1,163,446,86,93,0.94,2,-1,-1
716,-1,276,237,31,32,0.93,2,-1,-1
716,-1,381,138,36,46,0.88,2,-1,-1
717,-1,129,272,90,133,0.96,7,-1,-1
717,-1,274,244,31,32,0.92,2,-1,-1
717,-1,154,481,85,58,0.92,2,-1,-1
717,-1,382,137,34,45,0.90,2,-1,-1
717,-1,301,144,14,15,0.54,2,-1,-1
718,-1,121,279,94,139,0.95,7,-1,-1
718,-1,271,248,34,34,0.92,2,-1,-1
718,-1,381,136,33,44,0.89,2,-1,-1
718,-1,156,507,75,32,0.89,2,-1,-1
718,-1,300,145,14,15,0.33,2,-1,-1
719,-1,107,290,101,152,0.95,7,-1,-1
719,-1,266,256,37,36,0.92,2,-1,-1
719,-1,381,136,33,44,0.89,2,-1,-1
720,-1,94,298,107,162,0.95,7,-1,-1
720,-1,265,260,36,39,0.93,2,-1,-1
720,-1,381,136,32,42,0.89,2,-1,-1
720,-1,298,145,15,16,0.69,2,-1,-1
721,-1,73,311,119,178,0.96,7,-1,-1
721,-1,262,270,36,40,0.92,2,-1,-1
721,-1,380,134,32,40,0.90,2,-1,-1
722,-1,58,320,127,191,0.96,7,-1,-1
722,-1,260,277,36,41,0.93,2,-1,-1
722,-1,380,134,31,38,0.87,2,-1,-1
722,-1,296,146,16,17,0.57,2,-1,-1
723,-1,36,341,139,198,0.97,7,-1,-1
723,-1,256,288,39,44,0.94,2,-1,-1
723,-1,380,133,31,38,0.88,2,-1,-1
723,-1,296,148,16,17,0.83,2,-1,-1
724,-1,28,353,137,186,0.95,7,-1,-1
724,-1,252,295,40,46,0.93,2,-1,-1
724,-1,379,133,30,38,0.86,2,-1,-1
724,-1,295,149,16,16,0.77,2,-1,-1
725,-1,0,377,152,162,0.96,7,-1,-1
725,-1,247,307,42,50,0.94,2,-1,-1
725,-1,379,132,29,36,0.85,2,-1,-1
725,-1,294,150,15,17,0.71,2,-1,-1
726,-1,0,392,142,147,0.96,7,-1,-1
726,-1,242,316,45,53,0.94,2,-1,-1
726,-1,294,151,16,17,0.87,2,-1,-1
726,-1,379,132,29,37,0.85,2,-1,-1
727,-1,237,332,48,57,0.95,2,-1,-1
727,-1,0,419,125,120,0.94,7,-1,-1
727,-1,378,131,28,36,0.86,2,-1,-1
727,-1,294,154,14,17,0.30,2,-1,-1
728,-1,232,343,50,60,0.95,2,-1,-1
728,-1,0,439,113,100,0.92,7,-1,-1
728,-1,292,155,16,16,0.88,2,-1,-1
728,-1,378,130,26,29,0.85,2,-1,-1
729,-1,223,363,54,66,0.94,2,-1,-1
729,-1,292,156,16,16,0.88,2,-1,-1
729,-1,378,130,26,29,0.85,2,-1,-1
730,-1,217,378,56,70,0.95,2,-1,-1
730,-1,291,156,16,16,0.87,2,-1,-1
730,-1,378,129,26,27,0.85,2,-1,-1
731,-1,206,402,64,79,0.94,2,-1,-1
731,-1,288,159,17,17,0.86,2,-1,-1
731,-1,378,129,26,28,0.84,2,-1,-1
732,-1,199,422,67,85,0.93,2,-1,-1
732,-1,288,159,18,17,0.86,2,-1,-1
732,-1,377,128,26,29,0.85,2,-1,-1
733,-1,454,498,79,41,0.94,2,-1,-1
733,-1,187,453,71,85,0.94,2,-1,-1
733,-1,288,160,17,17,0.86,2,-1,-1
733,-1,376,128,25,28,0.82,2,-1,-1
734,-1,446,470,82,68,0.95,2,-1,-1
734,-1,177,478,79,61,0.92,2,-1,-1
734,-1,287,162,17,18,0.87,2,-1,-1
734,-1,376,128,25,29,0.83,2,-1,-1
735,-1,437,433,74,79,0.95,2,-1,-1
735,-1,284,163,19,18,0.87,2,-1,-1
735,-1,376,127,25,29,0.83,2,-1,-1
735,-1,175,519,70,20,0.80,2,-1,-1
736,-1,432,412,69,74,0.95,2,-1,-1
736,-1,284,166,19,18,0.87,2,-1,-1
736,-1,375,126,25,30,0.83,2,-1,-1
737,-1,427,383,61,68,0.95,2,-1,-1
737,-1,284,167,18,19,0.87,2,-1,-1
737,-1,376,126,25,30,0.84,2,-1,-1
738,-1,422,367,58,64,0.95,2,-1,-1
738,-1,280,169,20,19,0.89,2,-1,-1
738,-1,375,126,25,30,0.83,2,-1,-1
739,-1,415,344,54,59,0.94,2,-1,-1
739,-1,279,171,20,19,0.90,2,-1,-1
739,-1,374,125,25,30,0.87,2,-1,-1
740,-1,413,331,50,57,0.94,2,-1,-1
740,-1,279,173,20,19,0.89,2,-1,-1
740,-1,374,125,25,31,0.87,2,-1,-1
741,-1,408,314,48,51,0.94,2,-1,-1
741,-1,277,175,20,20,0.88,2,-1,-1
741,-1,373,125,25,31,0.88,2,-1,-1
742,-1,406,304,46,50,0.95,2,-1,-1
742,-1,276,176,21,20,0.90,2,-1,-1
742,-1,373,124,26,31,0.88,2,-1,-1
743,-1,401,291,43,46,0.94,2,-1,-1
743,-1,274,181,18,19,0.91,2,-1,-1
743,-1,373,124,25,30,0.88,2,-1,-1
744,-1,400,282,41,44,0.93,2,-1,-1
744,-1,273,182,20,20,0.90,2,-1,-1
744,-1,372,124,25,30,0.86,2,-1,-1
745,-1,397,271,37,41,0.93,2,-1,-1
745,-1,270,185,20,20,0.92,2,-1,-1
745,-1,372,123,25,30,0.83,2,-1,-1
746,-1,396,263,36,40,0.92,2,-1,-1
746,-1,268,186,21,22,0.91,2,-1,-1
746,-1,372,123,25,30,0.86,2,-1,-1
747,-1,394,255,34,37,0.94,2,-1,-1
747,-1,266,189,21,22,0.91,2,-1,-1
747,-1,372,123,25,30,0.86,2,-1,-1
748,-1,392,249,33,36,0.92,2,-1,-1
748,-1,264,192,21,22,0.90,2,-1,-1
748,-1,371,122,25,29,0.81,2,-1,-1
749,-1,390,241,31,35,0.92,2,-1,-1
749,-1,261,194,22,23,0.91,2,-1,-1
749,-1,371,122,25,28,0.75,2,-1,-1
750,-1,388,236,31,34,0.92,2,-1,-1
750,-1,260,197,22,23,0.92,2,-1,-1
750,-1,371,122,25,28,0.72,2,-1,-1
751,-1,386,229,30,32,0.92,2,-1,-1
751,-1,257,201,23,24,0.91,2,-1,-1
751,-1,372,121,23,28,0.56,2,-1,-1
752,-1,384,225,30,31,0.92,2,-1,-1
752,-1,255,203,23,24,0.92,2,-1,-1
752,-1,372,121,23,28,0.49,2,-1,-1
753,-1,252,207,24,25,0.92,2,-1,-1
753,-1,384,218,28,30,0.90,2,-1,-1
753,-1,372,121,22,28,0.53,2,-1,-1
754,-1,250,210,24,26,0.92,2,-1,-1
754,-1,383,214,27,30,0.90,2,-1,-1
754,-1,372,121,22,27,0.55,2,-1,-1
755,-1,246,215,25,27,0.91,2,-1,-1
755,-1,381,208,27,31,0.89,2,-1,-1
755,-1,372,120,22,27,0.50,2,-1,-1
756,-1,243,218,26,27,0.92,2,-1,-1
756,-1,380,205,26,30,0.89,2,-1,-1
756,-1,372,120,22,27,0.22,2,-1,-1
757,-1,239,223,27,29,0.93,2,-1,-1
757,-1,379,200,26,29,0.90,2,-1,-1
758,-1,235,226,28,30,0.94,2,-1,-1
758,-1,378,197,25,28,0.90,2,-1,-1
759,-1,230,231,31,32,0.93,2,-1,-1
759,-1,377,193,24,27,0.91,2,-1,-1
760,-1,226,236,30,33,0.93,2,-1,-1
760,-1,377,191,24,27,0.91,2,-1,-1
761,-1,221,244,33,34,0.93,2,-1,-1
761,-1,375,188,25,26,0.90,2,-1,-1
762,-1,217,249,33,35,0.93,2,-1,-1
762,-1,374,185,24,26,0.89,2,-1,-1
763,-1,211,257,36,38,0.94,2,-1,-1
763,-1,374,183,23,24,0.89,2,-1,-1
764,-1,206,261,36,40,0.94,2,-1,-1
764,-1,373,180,23,24,0.90,2,-1,-1
765,-1,198,272,39,40,0.93,2,-1,-1
765,-1,372,178,22,23,0.91,2,-1,-1
766,-1,192,277,41,44,0.94,2,-1,-1
766,-1,371,175,22,23,0.91,2,-1,-1
767,-1,185,288,42,47,0.94,2,-1,-1
767,-1,370,172,22,23,0.90,2,-1,-1
768,-1,178,296,44,50,0.93,2,-1,-1
768,-1,369,171,24,23,0.89,2,-1,-1
769,-1,167,312,47,51,0.94,2,-1,-1
769,-1,369,168,22,23,0.90,2,-1,-1
770,-1,160,317,50,59,0.94,2,-1,-1
770,-1,369,166,21,22,0.87,2,-1,-1
771,-1,147,336,53,61,0.94,2,-1,-1
771,-1,370,165,20,22,0.88,2,-1,-1
772,-1,137,349,56,65,0.94,2,-1,-1
772,-1,369,164,20,21,0.88,2,-1,-1
773,-1,122,368,59,73,0.94,2,-1,-1
773,-1,368,161,20,21,0.89,2,-1,-1
774,-1,109,385,64,77,0.94,2,-1,-1
774,-1,368,160,20,22,0.88,2,-1,-1
775,-1,88,412,70,84,0.94,2,-1,-1
775,-1,367,158,21,21,0.86,2,-1,-1
776,-1,70,431,77,93,0.94,2,-1,-1
776,-1,366,157,21,21,0.86,2,-1,-1
777,-1,45,465,85,74,0.93,2,-1,-1
777,-1,366,156,21,21,0.86,2,-1,-1
778,-1,366,156,21,20,0.85,2,-1,-1
778,-1,32,490,83,49,0.73,2,-1,-1
779,-1,364,155,22,20,0.85,2,-1,-1
780,-1,364,154,22,20,0.85,2,-1,-1
781,-1,364,151,20,19,0.86,2,-1,-1
782,-1,364,150,19,19,0.86,2,-1,-1
783,-1,364,149,19,19,0.86,2,-1,-1
784,-1,364,148,19,19,0.86,2,-1,-1
785,-1,364,147,18,18,0.86,2,-1,-1
786,-1,364,146,18,18,0.86,2,-1,-1
787,-1,363,145,18,18,0.85,2,-1,-1
788,-1,362,145,18,17,0.85,2,-1,-1
789,-1,363,144,18,17,0.84,2,-1,-1
790,-1,363,143,18,17,0.83,2,-1,-1
791,-1,362,142,18,17,0.83,2,-1,-1
792,-1,362,142,18,17,0.83,2,-1,-1
793,-1,362,140,16,16,0.78,2,-1,-1
794,-1,362,141,16,16,0.82,2,-1,-1
795,-1,362,139,15,16,0.79,2,-1,-1
796,-1,361,137,16,17,0.83,2,-1,-1
797,-1,361,136,16,16,0.69,2,-1,-1
798,-1,361,135,15,16,0.83,2,-1,-1
799,-1,361,134,15,16,0.82,2,-1,-1
800,-1,361,134,15,16,0.58,2,-1,-1
801,-1,361,133,15,16,0.82,2,-1,-1
805,-1,326,134,11,14,0.20,2,-1,-1
808,-1,325,135,12,15,0.40,2,-1,-1
811,-1,325,139,12,14,0.22,2,-1,-1
812,-1,325,139,12,14,0.28,2,-1,-1
814,-1,324,142,12,14,0.22,2,-1,-1
816,-1,323,145,13,15,0.73,2,-1,-1
817,-1,323,145,13,14,0.71,2,-1,-1
819,-1,321,149,14,15,0.72,2,-1,-1
819,-1,311,121,14,20,0.45,2,-1,-1
820,-1,321,149,14,15,0.69,2,-1,-1
820,-1,311,121,14,20,0.44,2,-1,-1
821,-1,320,150,15,16,0.67,2,-1,-1
821,-1,311,122,13,20,0.14,2,-1,-1
822,-1,319,151,15,16,0.84,2,-1,-1
823,-1,318,153,16,16,0.85,2,-1,-1
823,-1,310,122,14,20,0.46,2,-1,-1
824,-1,318,154,16,17,0.85,2,-1,-1
824,-1,310,122,15,21,0.36,2,-1,-1
825,-1,318,156,16,16,0.86,2,-1,-1
825,-1,309,122,16,22,0.66,2,-1,-1
826,-1,316,156,16,17,0.86,2,-1,-1
826,-1,309,122,16,22,0.67,2,-1,-1
827,-1,317,158,16,17,0.85,2,-1,-1
827,-1,308,122,16,22,0.54,2,-1,-1
828,-1,316,160,16,18,0.86,2,-1,-1
828,-1,307,121,17,25,0.81,2,-1,-1
829,-1,315,162,17,18,0.86,2,-1,-1
829,-1,307,121,17,25,0.82,2,-1,-1
830,-1,314,163,17,18,0.87,2,-1,-1
830,-1,306,121,18,25,0.82,2,-1,-1
831,-1,312,165,19,20,0.87,2,-1,-1
831,-1,306,121,18,26,0.86,2,-1,-1
832,-1,312,166,19,20,0.87,2,-1,-1
832,-1,306,121,18,26,0.86,2,-1,-1
833,-1,311,169,19,20,0.87,2,-1,-1
833,-1,306,121,18,26,0.52,2,-1,-1
834,-1,310,170,20,21,0.87,2,-1,-1
834,-1,306,122,18,25,0.63,2,-1,-1
835,-1,308,173,21,22,0.87,2,-1,-1
835,-1,306,122,18,26,0.82,2,-1,-1
836,-1,308,175,20,21,0.88,2,-1,-1
836,-1,305,122,18,27,0.73,2,-1,-1
837,-1,306,178,21,22,0.90,2,-1,-1
837,-1,304,121,20,30,0.88,2,-1,-1
838,-1,305,181,22,22,0.90,2,-1,-1
838,-1,303,121,20,30,0.88,2,-1,-1
838,-1,592,478,47,61,0.84,7,-1,-1
839,-1,571,449,68,90,0.91,7,-1,-1
839,-1,304,184,22,23,0.90,2,-1,-1
839,-1,303,121,20,31,0.87,2,-1,-1
840,-1,558,429,81,110,0.94,7,-1,-1
840,-1,303,187,23,24,0.90,2,-1,-1
840,-1,303,121,20,31,0.86,2,-1,-1
841,-1,542,403,97,136,0.94,7,-1,-1
841,-1,301,191,24,25,0.89,2,-1,-1
841,-1,302,122,21,31,0.77,2,-1,-1
842,-1,534,388,105,151,0.96,7,-1,-1
842,-1,301,193,23,25,0.89,2,-1,-1
842,-1,301,123,20,32,0.57,2,-1,-1
843,-1,522,366,117,173,0.96,7,-1,-1
843,-1,298,198,24,26,0.93,2,-1,-1
843,-1,301,123,21,31,0.62,7,-1,-1
844,-1,515,354,124,185,0.96,7,-1,-1
844,-1,298,201,25,26,0.91,2,-1,-1
844,-1,301,124,20,32,0.70,7,-1,-1
845,-1,506,336,133,203,0.96,7,-1,-1
845,-1,295,206,27,27,0.92,2,-1,-1
845,-1,301,124,20,32,0.84,7,-1,-1
846,-1,500,326,139,211,0.96,7,-1,-1
846,-1,293,209,28,29,0.92,2,-1,-1
846,-1,300,124,20,33,0.88,7,-1,-1
847,-1,491,313,148,224,0.96,7,-1,-1
847,-1,290,215,30,30,0.90,2,-1,-1
847,-1,300,125,20,32,0.88,7,-1,-1
848,-1,485,305,154,234,0.96,7,-1,-1
848,-1,287,220,32,31,0.92,2,-1,-1
848,-1,299,126,21,32,0.87,7,-1,-1
849,-1,478,293,161,238,0.97,7,-1,-1
849,-1,285,227,32,32,0.92,2,-1,-1
849,-1,298,127,22,33,0.90,7,-1,-1
850,-1,474,286,159,229,0.96,7,-1,-1
850,-1,282,231,33,34,0.93,2,-1,-1
850,-1,298,127,22,33,0.90,7,-1,-1
851,-1,467,276,145,220,0.96,7,-1,-1
851,-1,279,239,34,36,0.93,2,-1,-1
851,-1,297,128,22,32,0.90,7,-1,-1
852,-1,464,270,138,207,0.96,7,-1,-1
852,-1,276,245,35,38,0.94,2,-1,-1
852,-1,295,130,22,32,0.90,7,-1,-1
853,-1,459,261,126,178,0.96,7,-1,-1
853,-1,271,254,37,41,0.94,2,-1,-1
853,-1,295,130,23,33,0.91,7,-1,-1
854,-1,455,257,122,175,0.96,7,-1,-1
854,-1,267,261,38,43,0.93,2,-1,-1
854,-1,294,131,23,33,0.90,7,-1,-1
855,-1,451,249,113,159,0.96,7,-1,-1
855,-1,262,273,40,46,0.92,2,-1,-1
855,-1,294,131,23,34,0.91,7,-1,-1
856,-1,449,245,108,151,0.96,7,-1,-1
856,-1,258,282,42,48,0.94,2,-1,-1
856,-1,293,132,23,35,0.90,7,-1,-1
857,-1,446,239,101,144,0.97,7,-1,-1
857,-1,250,297,45,53,0.94,2,-1,-1
857,-1,292,132,24,36,0.89,7,-1,-1
858,-1,442,235,100,138,0.96,7,-1,-1
858,-1,246,307,46,58,0.94,2,-1,-1
858,-1,291,132,24,37,0.93,7,-1,-1
859,-1,439,229,93,129,0.96,7,-1,-1
859,-1,237,327,50,63,0.94,2,-1,-1
859,-1,290,133,25,37,0.92,7,-1,-1
860,-1,436,225,89,125,0.96,7,-1,-1
860,-1,230,342,53,69,0.94,2,-1,-1
860,-1,289,134,25,37,0.91,7,-1,-1
861,-1,433,220,85,118,0.96,7,-1,-1
861,-1,219,367,57,78,0.95,2,-1,-1
861,-1,288,135,26,38,0.92,7,-1,-1
862,-1,432,217,81,114,0.97,7,-1,-1
862,-1,209,387,62,87,0.95,2,-1,-1
862,-1,288,136,26,38,0.92,7,-1,-1
863,-1,429,212,77,111,0.96,7,-1,-1
863,-1,193,423,68,99,0.95,2,-1,-1
863,-1,286,137,26,38,0.92,7,-1,-1
864,-1,427,210,75,106,0.96,7,-1,-1
864,-1,179,451,76,88,0.92,2,-1,-1
864,-1,286,138,26,39,0.92,7,-1,-1
865,-1,424,205,72,100,0.96,7,-1,-1
865,-1,285,138,26,39,0.92,7,-1,-1
865,-1,168,502,75,37,0.91,2,-1,-1
866,-1,423,203,70,100,0.95,7,-1,-1
866,-1,283,139,26,40,0.92,7,-1,-1
867,-1,421,199,65,96,0.95,7,-1,-1
867,-1,282,141,26,40,0.93,7,-1,-1
868,-1,419,197,64,93,0.96,7,-1,-1
868,-1,281,142,27,40,0.94,7,-1,-1
869,-1,417,194,64,90,0.95,7,-1,-1
869,-1,279,143,27,41,0.93,7,-1,-1
870,-1,415,191,61,89,0.96,7,-1,-1
870,-1,279,143,27,42,0.93,7,-1,-1
871,-1,413,189,59,86,0.95,7,-1,-1
871,-1,278,144,28,44,0.93,7,-1,-1
872,-1,412,187,57,85,0.94,7,-1,-1
872,-1,276,145,29,44,0.93,7,-1,-1
873,-1,410,184,55,81,0.94,7,-1,-1
873,-1,274,145,30,46,0.93,7,-1,-1
874,-1,409,181,53,77,0.94,7,-1,-1
874,-1,273,146,30,47,0.93,7,-1,-1
875,-1,408,181,52,77,0.95,7,-1,-1
875,-1,273,147,30,47,0.93,7,-1,-1
876,-1,408,179,51,75,0.95,7,-1,-1
876,-1,271,149,30,47,0.93,7,-1,-1
877,-1,269,150,31,48,0.94,7,-1,-1
877,-1,407,176,49,74,0.94,7,-1,-1
878,-1,268,151,31,49,0.94,7,-1,-1
878,-1,406,175,48,72,0.94,7,-1,-1
879,-1,403,172,47,69,0.94,7,-1,-1
879,-1,266,153,32,49,0.94,7,-1,-1
880,-1,264,154,33,51,0.93,7,-1,-1
880,-1,402,170,46,68,0.93,7,-1,-1
881,-1,263,156,33,51,0.94,7,-1,-1
881,-1,401,169,45,67,0.94,7,-1,-1
882,-1,260,157,34,53,0.94,7,-1,-1
882,-1,399,167,46,65,0.93,7,-1,-1
883,-1,259,158,35,55,0.95,7,-1,-1
883,-1,399,166,45,62,0.93,7,-1,-1
884,-1,397,163,44,61,0.94,7,-1,-1
884,-1,257,160,36,56,0.93,7,-1,-1
885,-1,255,161,36,57,0.93,7,-1,-1
885,-1,396,162,43,61,0.93,7,-1,-1
886,-1,253,163,37,58,0.94,7,-1,-1
886,-1,395,160,42,59,0.92,7,-1,-1
887,-1,251,164,38,60,0.95,7,-1,-1
887,-1,394,159,41,58,0.94,7,-1,-1
888,-1,393,158,40,56,0.96,7,-1,-1
888,-1,249,167,38,62,0.94,7,-1,-1
889,-1,247,169,38,62,0.95,7,-1,-1
889,-1,393,157,40,55,0.95,7,-1,-1
890,-1,244,171,40,64,0.94,7,-1,-1
890,-1,392,156,38,51,0.92,7,-1,-1
891,-1,242,173,40,65,0.94,7,-1,-1
891,-1,391,154,39,52,0.93,7,-1,-1
891,-1,311,123,14,20,0.11,7,-1,-1
892,-1,239,175,42,68,0.96,7,-1,-1
892,-1,390,153,38,50,0.93,7,-1,-1
892,-1,310,123,14,20,0.16,7,-1,-1
893,-1,236,177,42,70,0.94,7,-1,-1
893,-1,390,153,37,48,0.92,7,-1,-1
893,-1,310,123,14,20,0.10,7,-1,-1
894,-1,232,179,44,72,0.95,7,-1,-1
894,-1,388,151,38,48,0.92,7,-1,-1
895,-1,230,182,46,74,0.94,7,-1,-1
895,-1,388,150,38,48,0.92,7,-1,-1
896,-1,226,185,47,76,0.95,7,-1,-1
896,-1,387,149,36,48,0.92,7,-1,-1
897,-1,223,188,47,78,0.95,7,-1,-1
897,-1,387,149,34,46,0.93,7,-1,-1
898,-1,217,191,50,83,0.95,7,-1,-1
898,-1,386,147,33,46,0.94,7,-1,-1
899,-1,214,193,52,86,0.96,7,-1,-1
899,-1,385,147,33,46,0.94,7,-1,-1
899,-1,308,122,15,23,0.19,7,-1,-1
900,-1,208,198,54,89,0.94,7,-1,-1
900,-1,384,146,33,44,0.93,7,-1,-1
