1,-1,1,346,127,193,0.95,7,-1,-1
1,-1,314,89,16,22,0.75,7,-1,-1
1,-1,358,95,10,10,0.59,2,-1,-1
2,-1,1,382,103,157,0.89,7,-1,-1
2,-1,315,90,14,21,0.75,7,-1,-1
2,-1,328,72,9,13,0.33,7,-1,-1
3,-1,314,90,14,21,0.43,7,-1,-1
3,-1,328,72,9,13,0.36,7,-1,-1
3,-1,1,411,83,128,0.12,7,-1,-1
4,-1,314,91,14,21,0.61,7,-1,-1
4,-1,328,72,9,13,0.33,7,-1,-1
5,-1,313,92,15,21,0.55,7,-1,-1
5,-1,328,73,9,15,0.39,7,-1,-1
6,-1,312,93,16,22,0.57,2,-1,-1
6,-1,327,73,10,16,0.26,7,-1,-1
7,-1,312,92,15,22,0.63,2,-1,-1
7,-1,327,73,10,16,0.23,7,-1,-1
8,-1,311,93,16,22,0.81,2,-1,-1
8,-1,327,73,10,16,0.11,7,-1,-1
9,-1,310,94,17,23,0.84,2,-1,-1
10,-1,310,95,17,23,0.84,2,-1,-1
11,-1,309,96,17,23,0.82,2,-1,-1
11,-1,326,75,10,17,0.12,7,-1,-1
12,-1,309,95,18,25,0.85,7,-1,-1
12,-1,325,75,10,16,0.23,7,-1,-1
13,-1,309,95,18,25,0.80,7,-1,-1
13,-1,325,75,11,17,0.26,7,-1,-1
14,-1,308,95,18,26,0.76,7,-1,-1
14,-1,325,75,11,17,0.25,7,-1,-1
15,-1,308,97,18,25,0.78,2,-1,-1
16,-1,306,97,19,27,0.72,7,-1,-1
17,-1,306,97,19,27,0.83,7,-1,-1
18,-1,305,98,19,26,0.75,2,-1,-1
19,-1,304,99,19,27,0.69,7,-1,-1
20,-1,416,483,86,56,0.93,2,-1,-1
20,-1,304,99,20,27,0.87,7,-1,-1
20,-1,324,77,10,17,0.14,7,-1,-1
21,-1,415,449,71,84,0.95,2,-1,-1
21,-1,303,99,20,28,0.92,7,-1,-1
21,-1,323,76,11,18,0.11,7,-1,-1
22,-1,408,402,63,75,0.94,2,-1,-1
22,-1,303,100,20,28,0.92,7,-1,-1
23,-1,403,378,59,67,0.95,2,-1,-1
23,-1,302,101,20,29,0.92,7,-1,-1
24,-1,400,344,51,61,0.95,2,-1,-1
24,-1,301,101,21,30,0.92,7,-1,-1
24,-1,322,78,11,18,0.28,7,-1,-1
25,-1,398,326,47,55,0.94,2,-1,-1
25,-1,301,103,21,29,0.90,7,-1,-1
25,-1,322,78,11,18,0.23,7,-1,-1
26,-1,394,303,43,50,0.95,2,-1,-1
26,-1,300,104,21,29,0.77,7,-1,-1
26,-1,322,79,11,17,0.16,7,-1,-1
27,-1,392,288,43,48,0.93,2,-1,-1
27,-1,300,105,21,28,0.64,7,-1,-1
27,-1,321,79,11,17,0.12,7,-1,-1
28,-1,388,270,40,44,0.94,2,-1,-1
28,-1,299,105,21,30,0.80,7,-1,-1
28,-1,321,80,11,18,0.22,2,-1,-1
29,-1,386,260,40,41,0.94,2,-1,-1
29,-1,297,105,22,30,0.85,7,-1,-1
29,-1,321,80,11,18,0.21,2,-1,-1
30,-1,383,245,35,38,0.94,2,-1,-1
30,-1,297,107,22,29,0.89,2,-1,-1
30,-1,321,80,10,13,0.15,2,-1,-1
31,-1,382,235,34,39,0.93,2,-1,-1
31,-1,296,108,22,30,0.88,2,-1,-1
31,-1,321,80,10,13,0.14,2,-1,-1
32,-1,381,225,33,36,0.93,2,-1,-1
32,-1,295,109,22,30,0.81,2,-1,-1
32,-1,321,84,10,16,0.14,2,-1,-1
33,-1,379,219,31,35,0.93,2,-1,-1
33,-1,294,109,22,32,0.80,2,-1,-1
34,-1,378,210,28,32,0.93,2,-1,-1
34,-1,293,110,23,31,0.79,7,-1,-1
34,-1,320,83,11,18,0.20,2,-1,-1
35,-1,292,110,24,33,0.94,7,-1,-1
35,-1,377,205,27,31,0.93,2,-1,-1
35,-1,320,83,11,18,0.13,2,-1,-1
36,-1,291,110,25,35,0.92,7,-1,-1
36,-1,375,198,27,29,0.92,2,-1,-1
37,-1,375,194,26,29,0.92,2,-1,-1
37,-1,291,111,25,35,0.92,7,-1,-1
38,-1,288,111,27,37,0.92,7,-1,-1
38,-1,373,186,25,28,0.92,2,-1,-1
39,-1,287,112,27,38,0.92,7,-1,-1
39,-1,373,182,24,28,0.90,2,-1,-1
40,-1,286,113,28,38,0.92,7,-1,-1
40,-1,371,177,24,25,0.91,2,-1,-1
40,-1,317,85,13,20,0.11,7,-1,-1
41,-1,285,114,28,38,0.93,7,-1,-1
41,-1,371,173,24,26,0.92,2,-1,-1
41,-1,317,86,13,18,0.12,7,-1,-1
42,-1,283,115,29,39,0.94,7,-1,-1
42,-1,370,169,23,24,0.91,2,-1,-1
43,-1,282,116,29,39,0.93,7,-1,-1
43,-1,369,166,23,24,0.91,2,-1,-1
44,-1,281,116,31,42,0.93,7,-1,-1
44,-1,369,161,22,24,0.91,2,-1,-1
44,-1,316,86,15,19,0.41,7,-1,-1
45,-1,279,118,31,42,0.92,7,-1,-1
45,-1,368,158,21,24,0.90,2,-1,-1
45,-1,315,85,15,22,0.11,7,-1,-1
46,-1,278,120,31,43,0.94,7,-1,-1
46,-1,367,156,21,21,0.89,2,-1,-1
46,-1,315,86,15,22,0.52,7,-1,-1
47,-1,277,119,32,45,0.94,7,-1,-1
47,-1,367,152,21,22,0.89,2,-1,-1
47,-1,315,87,15,21,0.50,7,-1,-1
48,-1,275,121,33,46,0.94,7,-1,-1
48,-1,367,148,20,22,0.89,2,-1,-1
48,-1,314,87,15,22,0.27,7,-1,-1
49,-1,274,122,34,47,0.93,7,-1,-1
49,-1,366,148,20,20,0.88,2,-1,-1
49,-1,314,87,15,21,0.30,7,-1,-1
50,-1,271,123,35,49,0.94,7,-1,-1
50,-1,365,144,20,21,0.87,2,-1,-1
50,-1,313,87,17,24,0.77,7,-1,-1
51,-1,270,125,35,48,0.93,7,-1,-1
51,-1,365,142,20,20,0.87,2,-1,-1
51,-1,313,87,17,24,0.72,7,-1,-1
52,-1,268,126,37,50,0.93,7,-1,-1
52,-1,364,140,19,19,0.90,2,-1,-1
52,-1,312,88,17,26,0.82,7,-1,-1
53,-1,266,127,38,52,0.94,7,-1,-1
53,-1,364,137,18,20,0.89,2,-1,-1
53,-1,312,88,17,25,0.82,7,-1,-1
54,-1,264,128,38,55,0.94,7,-1,-1
54,-1,363,135,19,20,0.88,2,-1,-1
54,-1,312,88,17,24,0.39,7,-1,-1
55,-1,261,130,39,54,0.94,7,-1,-1
55,-1,363,133,18,19,0.90,2,-1,-1
55,-1,312,88,17,24,0.50,7,-1,-1
56,-1,259,131,40,57,0.93,7,-1,-1
56,-1,363,132,17,18,0.89,2,-1,-1
56,-1,310,89,19,26,0.85,7,-1,-1
57,-1,257,133,41,57,0.93,7,-1,-1
57,-1,363,130,17,18,0.88,2,-1,-1
57,-1,309,89,19,27,0.85,7,-1,-1
58,-1,254,136,42,59,0.95,7,-1,-1
58,-1,362,128,16,17,0.89,2,-1,-1
58,-1,309,89,19,27,0.85,7,-1,-1
59,-1,252,137,45,61,0.95,7,-1,-1
59,-1,308,90,19,28,0.90,7,-1,-1
59,-1,363,127,16,17,0.89,2,-1,-1
60,-1,248,139,47,64,0.95,7,-1,-1
60,-1,308,91,19,28,0.90,7,-1,-1
60,-1,362,126,17,16,0.87,2,-1,-1
61,-1,246,140,47,66,0.95,7,-1,-1
61,-1,308,91,20,28,0.89,7,-1,-1
61,-1,361,125,17,15,0.84,2,-1,-1
62,-1,243,144,49,67,0.95,7,-1,-1
62,-1,306,91,20,29,0.90,7,-1,-1
62,-1,361,122,17,16,0.87,2,-1,-1
62,-1,322,77,12,17,0.10,7,-1,-1
63,-1,240,145,50,69,0.95,7,-1,-1
63,-1,305,93,21,30,0.89,7,-1,-1
63,-1,361,121,16,15,0.83,2,-1,-1
64,-1,236,147,53,73,0.95,7,-1,-1
64,-1,305,93,21,30,0.88,7,-1,-1
64,-1,361,120,15,15,0.85,2,-1,-1
65,-1,233,148,55,75,0.95,7,-1,-1
65,-1,305,94,21,30,0.89,7,-1,-1
65,-1,361,118,15,15,0.84,2,-1,-1
65,-1,320,83,12,17,0.13,7,-1,-1
66,-1,227,152,58,78,0.95,7,-1,-1
66,-1,304,94,21,30,0.90,7,-1,-1
66,-1,360,117,14,15,0.80,2,-1,-1
66,-1,319,82,12,19,0.22,7,-1,-1
67,-1,224,155,59,80,0.95,7,-1,-1
67,-1,303,94,22,32,0.92,7,-1,-1
67,-1,360,116,15,15,0.84,2,-1,-1
67,-1,319,81,12,19,0.32,7,-1,-1
68,-1,219,156,62,86,0.96,7,-1,-1
68,-1,302,95,22,32,0.92,7,-1,-1
68,-1,360,114,15,15,0.83,2,-1,-1
68,-1,319,81,13,20,0.48,7,-1,-1
69,-1,215,159,64,89,0.95,7,-1,-1
69,-1,302,96,23,32,0.92,7,-1,-1
69,-1,360,114,15,15,0.83,2,-1,-1
69,-1,318,81,13,19,0.46,7,-1,-1
70,-1,209,164,67,93,0.95,7,-1,-1
70,-1,301,96,23,33,0.91,7,-1,-1
70,-1,360,113,14,14,0.76,2,-1,-1
70,-1,317,83,14,21,0.50,7,-1,-1
71,-1,205,167,70,95,0.95,7,-1,-1
71,-1,300,97,23,33,0.91,7,-1,-1
71,-1,360,111,14,14,0.82,2,-1,-1
71,-1,317,83,14,21,0.56,7,-1,-1
72,-1,198,171,74,102,0.95,7,-1,-1
72,-1,300,97,23,33,0.91,7,-1,-1
72,-1,359,110,14,14,0.78,2,-1,-1
72,-1,317,83,14,21,0.57,7,-1,-1
73,-1,192,173,78,107,0.95,7,-1,-1
73,-1,298,98,24,34,0.91,7,-1,-1
73,-1,359,110,14,14,0.78,2,-1,-1
73,-1,316,85,14,21,0.60,7,-1,-1
74,-1,184,176,82,116,0.96,7,-1,-1
74,-1,297,99,24,35,0.89,7,-1,-1
74,-1,360,109,14,14,0.82,2,-1,-1
74,-1,316,86,15,26,0.68,7,-1,-1
75,-1,177,179,88,123,0.96,7,-1,-1
75,-1,296,100,24,36,0.92,7,-1,-1
75,-1,315,86,15,24,0.65,7,-1,-1
75,-1,359,107,14,14,0.57,2,-1,-1
76,-1,167,186,93,130,0.96,7,-1,-1
76,-1,295,101,24,35,0.92,7,-1,-1
76,-1,314,88,15,26,0.69,7,-1,-1
76,-1,359,107,14,14,0.63,2,-1,-1
77,-1,160,190,99,137,0.95,7,-1,-1
77,-1,294,102,25,36,0.92,7,-1,-1
77,-1,359,105,14,15,0.79,2,-1,-1
77,-1,314,89,17,26,0.73,7,-1,-1
78,-1,148,194,106,152,0.96,7,-1,-1
78,-1,428,472,76,67,0.94,2,-1,-1
78,-1,293,102,25,38,0.91,7,-1,-1
78,-1,314,85,16,20,0.73,7,-1,-1
78,-1,359,104,13,13,0.72,2,-1,-1
79,-1,140,198,109,161,0.95,7,-1,-1
79,-1,422,441,69,76,0.94,2,-1,-1
79,-1,292,102,26,39,0.91,7,-1,-1
79,-1,359,104,13,14,0.73,2,-1,-1
79,-1,314,86,16,24,0.67,7,-1,-1
80,-1,125,207,120,174,0.96,7,-1,-1
80,-1,416,401,62,65,0.95,2,-1,-1
80,-1,291,103,26,40,0.92,7,-1,-1
80,-1,359,104,13,14,0.76,2,-1,-1
80,-1,313,86,17,30,0.69,7,-1,-1
81,-1,114,215,125,183,0.97,7,-1,-1
81,-1,412,377,56,61,0.95,2,-1,-1
81,-1,289,104,28,41,0.92,7,-1,-1
81,-1,312,86,17,31,0.69,7,-1,-1
81,-1,359,102,13,15,0.13,2,-1,-1
82,-1,94,221,139,207,0.96,7,-1,-1
82,-1,408,347,49,53,0.94,2,-1,-1
82,-1,289,106,27,40,0.91,7,-1,-1
82,-1,311,90,16,29,0.63,7,-1,-1
82,-1,360,102,13,15,0.10,2,-1,-1
83,-1,79,227,151,222,0.96,7,-1,-1
83,-1,404,329,48,51,0.94,2,-1,-1
83,-1,287,106,29,42,0.92,7,-1,-1
83,-1,310,90,17,30,0.68,7,-1,-1
83,-1,359,101,12,15,0.62,2,-1,-1
84,-1,56,239,165,250,0.95,7,-1,-1
84,-1,401,308,47,45,0.94,2,-1,-1
84,-1,285,107,29,43,0.92,7,-1,-1
84,-1,310,89,17,27,0.73,7,-1,-1
84,-1,359,101,12,14,0.64,2,-1,-1
85,-1,35,248,184,270,0.96,7,-1,-1
85,-1,398,295,43,42,0.94,2,-1,-1
85,-1,283,107,31,44,0.92,7,-1,-1
85,-1,309,89,17,29,0.72,7,-1,-1
86,-1,0,261,206,278,0.95,7,-1,-1
86,-1,395,275,39,41,0.94,2,-1,-1
86,-1,283,109,30,44,0.91,7,-1,-1
86,-1,307,93,18,31,0.73,7,-1,-1
87,-1,0,270,201,267,0.96,7,-1,-1
87,-1,393,266,40,37,0.95,2,-1,-1
87,-1,281,109,31,44,0.91,7,-1,-1
87,-1,308,88,18,33,0.70,7,-1,-1
88,-1,0,285,190,254,0.96,7,-1,-1
88,-1,390,253,35,34,0.94,2,-1,-1
88,-1,280,110,31,47,0.90,7,-1,-1
88,-1,306,95,18,30,0.75,7,-1,-1
89,-1,1,298,178,241,0.96,7,-1,-1
89,-1,388,244,34,33,0.94,2,-1,-1
89,-1,280,111,31,48,0.91,7,-1,-1
89,-1,306,97,18,29,0.75,7,-1,-1
90,-1,1,319,162,220,0.97,7,-1,-1
90,-1,386,232,32,32,0.94,2,-1,-1
90,-1,278,113,32,48,0.92,7,-1,-1
90,-1,306,99,18,29,0.83,7,-1,-1
91,-1,2,336,157,203,0.96,7,-1,-1
91,-1,385,226,32,30,0.95,2,-1,-1
91,-1,276,114,33,49,0.91,7,-1,-1
91,-1,305,98,19,31,0.86,7,-1,-1
92,-1,2,367,125,172,0.96,7,-1,-1
92,-1,383,217,30,29,0.92,2,-1,-1
92,-1,274,114,35,51,0.92,7,-1,-1
92,-1,305,100,19,30,0.88,7,-1,-1
92,-1,315,88,14,21,0.40,7,-1,-1
93,-1,2,389,144,150,0.95,7,-1,-1
93,-1,273,115,36,51,0.93,7,-1,-1
93,-1,382,212,28,29,0.92,2,-1,-1
93,-1,304,100,19,30,0.87,7,-1,-1
94,-1,271,117,36,53,0.93,7,-1,-1
94,-1,380,205,26,27,0.92,2,-1,-1
94,-1,303,104,20,29,0.87,7,-1,-1
94,-1,2,431,78,108,0.80,7,-1,-1
95,-1,269,118,37,54,0.92,7,-1,-1
95,-1,379,201,26,25,0.92,2,-1,-1
95,-1,303,104,19,29,0.87,7,-1,-1
95,-1,0,466,59,73,0.54,7,-1,-1
95,-1,313,88,16,24,0.53,7,-1,-1
96,-1,267,120,38,56,0.92,7,-1,-1
96,-1,378,194,25,24,0.92,2,-1,-1
96,-1,301,104,20,30,0.86,7,-1,-1
96,-1,312,89,16,25,0.71,7,-1,-1
97,-1,265,122,39,55,0.93,7,-1,-1
97,-1,377,189,23,24,0.91,2,-1,-1
97,-1,301,105,19,30,0.86,7,-1,-1
97,-1,312,89,16,25,0.69,7,-1,-1
98,-1,263,123,41,58,0.93,7,-1,-1
98,-1,376,184,23,23,0.91,2,-1,-1
98,-1,299,106,20,32,0.87,7,-1,-1
98,-1,312,90,16,25,0.80,7,-1,-1
99,-1,260,124,43,59,0.94,7,-1,-1
99,-1,375,180,23,23,0.91,2,-1,-1
99,-1,298,107,21,32,0.87,7,-1,-1
99,-1,312,90,16,24,0.83,7,-1,-1
100,-1,257,126,43,62,0.94,7,-1,-1
100,-1,373,175,23,22,0.91,2,-1,-1
100,-1,296,108,21,33,0.88,7,-1,-1
100,-1,311,90,17,24,0.87,7,-1,-1
101,-1,255,128,44,63,0.95,7,-1,-1
101,-1,373,172,22,22,0.91,2,-1,-1
101,-1,296,108,22,33,0.89,7,-1,-1
101,-1,310,91,17,25,0.87,7,-1,-1
102,-1,251,130,47,66,0.95,7,-1,-1
102,-1,372,167,22,22,0.90,2,-1,-1
102,-1,294,109,23,34,0.89,7,-1,-1
102,-1,309,92,17,26,0.83,7,-1,-1
103,-1,250,131,47,68,0.95,7,-1,-1
103,-1,372,164,21,21,0.90,2,-1,-1
103,-1,293,110,24,35,0.89,7,-1,-1
103,-1,308,92,19,25,0.84,7,-1,-1
104,-1,244,133,50,71,0.94,7,-1,-1
104,-1,370,160,21,21,0.91,2,-1,-1
104,-1,292,110,24,37,0.89,7,-1,-1
104,-1,308,93,18,25,0.85,7,-1,-1
105,-1,242,135,52,72,0.94,7,-1,-1
105,-1,370,157,21,21,0.91,2,-1,-1
105,-1,291,112,25,36,0.88,7,-1,-1
105,-1,307,93,19,26,0.83,7,-1,-1
106,-1,238,138,54,74,0.95,7,-1,-1
106,-1,289,114,26,37,0.89,7,-1,-1
106,-1,369,154,20,20,0.89,2,-1,-1
106,-1,306,93,20,27,0.84,7,-1,-1
107,-1,235,139,55,78,0.95,7,-1,-1
107,-1,287,113,27,38,0.90,7,-1,-1
107,-1,369,152,20,19,0.87,2,-1,-1
107,-1,306,94,20,28,0.87,7,-1,-1
108,-1,231,143,57,80,0.95,7,-1,-1
108,-1,285,114,28,40,0.90,7,-1,-1
108,-1,304,93,21,28,0.89,7,-1,-1
108,-1,368,149,20,19,0.89,2,-1,-1
108,-1,585,503,54,36,0.87,7,-1,-1
108,-1,333,89,10,10,0.14,2,-1,-1
109,-1,227,144,60,83,0.95,7,-1,-1
109,-1,561,471,76,68,0.93,7,-1,-1
109,-1,285,115,27,40,0.91,7,-1,-1
109,-1,368,147,19,18,0.89,2,-1,-1
109,-1,304,94,21,28,0.89,7,-1,-1
110,-1,544,434,93,105,0.95,7,-1,-1
110,-1,222,147,63,88,0.94,7,-1,-1
110,-1,284,116,28,43,0.91,7,-1,-1
110,-1,303,95,21,29,0.90,7,-1,-1
110,-1,367,144,19,18,0.88,2,-1,-1
111,-1,532,411,104,128,0.96,7,-1,-1
111,-1,218,149,66,92,0.95,7,-1,-1
111,-1,283,118,28,42,0.91,7,-1,-1
111,-1,303,96,21,29,0.90,7,-1,-1
111,-1,367,143,19,17,0.87,2,-1,-1
112,-1,519,380,116,159,0.96,7,-1,-1
112,-1,211,153,70,96,0.95,7,-1,-1
112,-1,281,121,29,42,0.90,7,-1,-1
112,-1,302,96,22,32,0.90,7,-1,-1
112,-1,366,140,18,18,0.88,2,-1,-1
112,-1,333,90,10,10,0.12,2,-1,-1
113,-1,512,365,122,174,0.96,7,-1,-1
113,-1,208,156,69,100,0.94,7,-1,-1
113,-1,301,97,23,34,0.90,7,-1,-1
113,-1,280,122,29,42,0.90,7,-1,-1
113,-1,366,137,18,19,0.87,2,-1,-1
113,-1,332,91,10,11,0.26,2,-1,-1
114,-1,199,160,75,106,0.96,7,-1,-1
114,-1,501,342,132,197,0.96,7,-1,-1
114,-1,277,124,31,43,0.92,7,-1,-1
114,-1,300,98,23,34,0.90,7,-1,-1
114,-1,366,136,18,18,0.86,2,-1,-1
114,-1,332,90,11,11,0.25,2,-1,-1
115,-1,494,325,139,214,0.96,7,-1,-1
115,-1,195,162,77,110,0.95,7,-1,-1
115,-1,275,126,31,43,0.91,7,-1,-1
115,-1,300,98,23,32,0.89,7,-1,-1
115,-1,366,134,18,18,0.87,2,-1,-1
115,-1,332,92,11,11,0.28,2,-1,-1
116,-1,186,167,83,117,0.96,7,-1,-1
116,-1,486,311,147,228,0.96,7,-1,-1
116,-1,273,128,32,44,0.90,7,-1,-1
116,-1,299,99,23,35,0.88,7,-1,-1
116,-1,365,132,17,17,0.87,2,-1,-1
116,-1,331,92,11,11,0.59,2,-1,-1
117,-1,480,299,154,237,0.96,7,-1,-1
117,-1,179,170,88,124,0.96,7,-1,-1
117,-1,272,130,32,45,0.91,7,-1,-1
117,-1,298,99,24,35,0.89,7,-1,-1
117,-1,365,130,17,17,0.86,2,-1,-1
117,-1,331,92,11,11,0.58,2,-1,-1
118,-1,474,285,153,220,0.96,7,-1,-1
118,-1,169,175,91,134,0.95,7,-1,-1
118,-1,270,131,33,48,0.92,7,-1,-1
118,-1,297,100,24,34,0.90,7,-1,-1
118,-1,365,128,17,17,0.87,2,-1,-1
118,-1,332,94,11,11,0.36,2,-1,-1
119,-1,469,276,143,204,0.96,7,-1,-1
119,-1,162,179,95,141,0.95,7,-1,-1
119,-1,268,133,34,49,0.92,7,-1,-1
119,-1,296,101,25,36,0.91,7,-1,-1
119,-1,364,127,16,17,0.88,2,-1,-1
119,-1,331,94,11,10,0.55,2,-1,-1
120,-1,462,263,130,186,0.96,7,-1,-1
120,-1,149,185,105,155,0.95,7,-1,-1
120,-1,427,495,77,44,0.93,2,-1,-1
120,-1,295,102,25,36,0.92,7,-1,-1
120,-1,266,135,36,50,0.91,7,-1,-1
120,-1,364,126,16,16,0.88,2,-1,-1
120,-1,331,94,11,10,0.54,2,-1,-1
121,-1,458,255,124,178,0.96,7,-1,-1
121,-1,139,190,112,163,0.96,7,-1,-1
121,-1,424,458,75,80,0.94,2,-1,-1
121,-1,263,136,38,52,0.91,7,-1,-1
121,-1,294,102,25,36,0.90,7,-1,-1
121,-1,363,124,17,17,0.88,2,-1,-1
121,-1,332,95,10,10,0.30,2,-1,-1
122,-1,454,246,114,161,0.96,7,-1,-1
122,-1,124,197,121,181,0.96,7,-1,-1
122,-1,415,411,64,69,0.95,2,-1,-1
122,-1,293,103,26,38,0.92,7,-1,-1
122,-1,261,137,37,55,0.91,7,-1,-1
122,-1,363,122,16,17,0.88,2,-1,-1
122,-1,331,96,11,11,0.50,2,-1,-1
123,-1,111,202,129,194,0.97,7,-1,-1
123,-1,451,240,109,152,0.96,7,-1,-1
123,-1,412,385,57,62,0.94,2,-1,-1
123,-1,292,103,26,39,0.92,7,-1,-1
123,-1,259,140,38,55,0.91,7,-1,-1
123,-1,363,122,16,17,0.88,2,-1,-1
123,-1,331,96,10,11,0.50,2,-1,-1
124,-1,447,231,100,142,0.97,7,-1,-1
124,-1,90,211,142,216,0.96,7,-1,-1
124,-1,406,352,51,53,0.94,2,-1,-1
124,-1,256,144,39,56,0.93,7,-1,-1
124,-1,292,103,26,40,0.92,7,-1,-1
124,-1,363,119,16,17,0.86,2,-1,-1
124,-1,329,97,12,12,0.61,2,-1,-1
125,-1,72,219,154,231,0.96,7,-1,-1
125,-1,443,225,97,137,0.96,7,-1,-1
125,-1,254,147,39,57,0.94,7,-1,-1
125,-1,403,333,47,49,0.94,2,-1,-1
125,-1,289,103,28,42,0.93,7,-1,-1
125,-1,363,119,16,16,0.85,2,-1,-1
125,-1,329,97,12,12,0.67,2,-1,-1
126,-1,440,218,90,127,0.96,7,-1,-1
126,-1,45,230,173,264,0.95,7,-1,-1
126,-1,399,308,44,44,0.93,2,-1,-1
126,-1,251,152,42,57,0.93,7,-1,-1
126,-1,289,105,28,42,0.93,7,-1,-1
126,-1,363,118,16,15,0.86,2,-1,-1
126,-1,329,98,12,12,0.62,2,-1,-1
127,-1,438,213,86,121,0.97,7,-1,-1
127,-1,24,238,188,286,0.95,7,-1,-1
127,-1,248,155,41,59,0.94,7,-1,-1
127,-1,396,294,42,41,0.94,2,-1,-1
127,-1,288,106,28,41,0.92,7,-1,-1
127,-1,363,118,16,15,0.84,2,-1,-1
127,-1,329,98,12,12,0.64,2,-1,-1
128,-1,433,207,82,117,0.96,7,-1,-1
128,-1,0,254,200,284,0.95,7,-1,-1
128,-1,245,158,43,61,0.94,7,-1,-1
128,-1,392,274,39,40,0.93,2,-1,-1
128,-1,287,106,29,44,0.92,7,-1,-1
128,-1,362,115,15,15,0.86,2,-1,-1
128,-1,329,99,11,12,0.46,2,-1,-1
129,-1,432,203,80,108,0.96,7,-1,-1
129,-1,0,264,194,273,0.94,7,-1,-1
129,-1,242,161,45,62,0.94,7,-1,-1
129,-1,390,264,37,37,0.93,2,-1,-1
129,-1,286,106,29,44,0.92,7,-1,-1
129,-1,362,114,15,15,0.86,2,-1,-1
129,-1,328,100,11,12,0.60,2,-1,-1
130,-1,427,197,77,104,0.96,7,-1,-1
130,-1,30,283,151,256,0.96,7,-1,-1
130,-1,237,165,48,65,0.94,7,-1,-1
130,-1,387,250,35,34,0.94,2,-1,-1
130,-1,285,108,28,45,0.92,7,-1,-1
130,-1,362,112,16,16,0.85,2,-1,-1
130,-1,328,101,11,12,0.41,2,-1,-1
131,-1,4,296,166,243,0.96,7,-1,-1
131,-1,426,194,72,98,0.95,7,-1,-1
131,-1,386,240,32,32,0.94,2,-1,-1
131,-1,234,167,50,68,0.93,7,-1,-1
131,-1,284,109,30,46,0.92,7,-1,-1
131,-1,361,112,15,15,0.85,2,-1,-1
131,-1,329,101,11,12,0.60,2,-1,-1
132,-1,0,322,150,217,0.96,7,-1,-1
132,-1,424,191,69,92,0.95,7,-1,-1
132,-1,228,175,47,68,0.94,7,-1,-1
132,-1,384,229,31,31,0.93,2,-1,-1
132,-1,282,110,30,46,0.92,7,-1,-1
132,-1,362,111,15,15,0.86,2,-1,-1
132,-1,328,102,11,12,0.48,2,-1,-1
133,-1,422,188,67,89,0.95,7,-1,-1
133,-1,0,340,136,199,0.95,7,-1,-1
133,-1,225,179,48,70,0.94,7,-1,-1
133,-1,383,223,30,28,0.92,2,-1,-1
133,-1,281,111,31,46,0.92,7,-1,-1
133,-1,362,110,14,14,0.85,2,-1,-1
133,-1,328,102,11,12,0.54,2,-1,-1
134,-1,418,184,64,85,0.95,7,-1,-1
134,-1,219,185,52,73,0.94,7,-1,-1
134,-1,280,113,32,47,0.93,7,-1,-1
134,-1,1,371,111,168,0.92,7,-1,-1
134,-1,381,214,28,27,0.91,2,-1,-1
134,-1,361,109,14,14,0.86,2,-1,-1
134,-1,328,103,11,12,0.25,2,-1,-1
135,-1,416,182,63,82,0.94,7,-1,-1
135,-1,214,189,56,75,0.94,7,-1,-1
135,-1,279,114,32,48,0.93,7,-1,-1
135,-1,381,210,26,26,0.90,2,-1,-1
135,-1,361,108,13,14,0.85,2,-1,-1
135,-1,327,104,11,11,0.52,2,-1,-1
136,-1,413,177,62,79,0.96,7,-1,-1
136,-1,207,196,59,79,0.95,7,-1,-1
136,-1,277,115,33,50,0.93,7,-1,-1
136,-1,379,202,25,24,0.90,2,-1,-1
136,-1,361,107,13,14,0.86,2,-1,-1
136,-1,326,106,12,12,0.78,2,-1,-1
137,-1,412,175,59,77,0.95,7,-1,-1
137,-1,274,116,34,51,0.93,7,-1,-1
137,-1,201,198,71,86,0.93,7,-1,-1
137,-1,378,196,25,25,0.91,2,-1,-1
137,-1,361,107,14,14,0.85,2,-1,-1
137,-1,325,106,12,12,0.80,2,-1,-1
138,-1,410,170,56,73,0.95,7,-1,-1
138,-1,273,117,35,53,0.94,7,-1,-1
138,-1,193,207,76,91,0.93,7,-1,-1
138,-1,377,189,24,23,0.91,2,-1,-1
138,-1,360,105,14,14,0.84,2,-1,-1
138,-1,325,108,12,12,0.81,2,-1,-1
139,-1,409,167,55,72,0.95,7,-1,-1
139,-1,271,118,36,54,0.94,7,-1,-1
139,-1,187,215,69,93,0.92,7,-1,-1
139,-1,377,185,24,23,0.91,2,-1,-1
139,-1,360,105,14,14,0.83,2,-1,-1
139,-1,325,108,12,12,0.81,2,-1,-1
140,-1,407,163,53,71,0.95,7,-1,-1
140,-1,268,119,37,55,0.94,7,-1,-1
140,-1,177,225,70,101,0.94,7,-1,-1
140,-1,375,180,23,22,0.92,2,-1,-1
140,-1,360,104,14,14,0.84,2,-1,-1
140,-1,324,110,13,12,0.83,2,-1,-1
141,-1,405,162,52,68,0.95,7,-1,-1
141,-1,267,121,37,55,0.94,7,-1,-1
141,-1,169,232,72,107,0.94,7,-1,-1
141,-1,374,175,23,22,0.89,2,-1,-1
141,-1,324,111,13,13,0.84,2,-1,-1
141,-1,360,103,14,14,0.83,2,-1,-1
142,-1,404,159,50,67,0.94,7,-1,-1
142,-1,265,122,39,58,0.94,7,-1,-1
142,-1,155,245,77,116,0.91,7,-1,-1
142,-1,373,170,22,22,0.89,2,-1,-1
142,-1,323,111,13,13,0.83,2,-1,-1
142,-1,360,102,14,13,0.83,2,-1,-1
143,-1,264,124,39,59,0.95,7,-1,-1
143,-1,145,213,109,164,0.95,7,-1,-1
143,-1,403,157,48,65,0.94,7,-1,-1
143,-1,373,168,21,20,0.90,2,-1,-1
143,-1,360,101,14,14,0.83,2,-1,-1
143,-1,322,111,13,13,0.82,2,-1,-1
144,-1,261,126,41,60,0.94,7,-1,-1
144,-1,401,155,46,62,0.93,7,-1,-1
144,-1,128,270,83,134,0.93,7,-1,-1
144,-1,372,164,21,21,0.90,2,-1,-1
144,-1,360,101,13,14,0.82,2,-1,-1
144,-1,322,112,13,14,0.82,2,-1,-1
145,-1,115,228,130,199,0.95,7,-1,-1
145,-1,260,128,42,61,0.94,7,-1,-1
145,-1,400,153,45,61,0.93,7,-1,-1
145,-1,372,161,21,21,0.90,2,-1,-1
145,-1,321,114,14,14,0.83,2,-1,-1
145,-1,359,100,13,14,0.81,2,-1,-1
146,-1,398,149,46,61,0.94,7,-1,-1
146,-1,256,129,44,63,0.94,7,-1,-1
146,-1,91,239,143,221,0.93,7,-1,-1
146,-1,371,157,21,20,0.89,2,-1,-1
146,-1,321,115,14,14,0.82,2,-1,-1
146,-1,359,99,13,14,0.81,2,-1,-1
147,-1,254,130,44,64,0.95,7,-1,-1
147,-1,397,148,46,60,0.93,7,-1,-1
147,-1,74,317,127,170,0.90,7,-1,-1
147,-1,370,155,20,20,0.90,2,-1,-1
147,-1,321,115,14,14,0.84,2,-1,-1
147,-1,359,99,13,14,0.81,2,-1,-1
148,-1,251,131,46,69,0.95,7,-1,-1
148,-1,44,264,180,273,0.95,7,-1,-1
148,-1,396,145,43,58,0.93,7,-1,-1
148,-1,370,151,19,19,0.88,2,-1,-1
148,-1,320,118,15,14,0.84,2,-1,-1
148,-1,360,98,13,13,0.80,2,-1,-1
149,-1,248,133,48,70,0.96,7,-1,-1
149,-1,395,145,42,55,0.94,7,-1,-1
149,-1,19,288,196,251,0.93,7,-1,-1
149,-1,370,149,19,19,0.89,2,-1,-1
149,-1,320,117,15,15,0.84,2,-1,-1
149,-1,360,97,13,13,0.80,2,-1,-1
150,-1,394,142,40,54,0.96,7,-1,-1
150,-1,0,294,207,243,0.96,7,-1,-1
150,-1,245,135,50,73,0.95,7,-1,-1
150,-1,369,144,19,20,0.88,2,-1,-1
150,-1,318,120,15,14,0.87,2,-1,-1
150,-1,360,97,13,13,0.79,2,-1,-1
151,-1,394,141,40,53,0.96,7,-1,-1
151,-1,242,137,52,74,0.96,7,-1,-1
151,-1,1,306,197,233,0.95,7,-1,-1
151,-1,369,143,18,20,0.88,2,-1,-1
151,-1,318,121,15,14,0.86,2,-1,-1
151,-1,359,96,12,13,0.76,2,-1,-1
152,-1,238,139,53,77,0.95,7,-1,-1
152,-1,1,334,181,205,0.95,7,-1,-1
152,-1,392,138,39,53,0.93,7,-1,-1
152,-1,369,140,17,18,0.88,2,-1,-1
152,-1,317,123,15,14,0.85,2,-1,-1
152,-1,359,96,11,12,0.78,2,-1,-1
153,-1,236,141,54,79,0.95,7,-1,-1
153,-1,1,353,173,186,0.94,7,-1,-1
153,-1,391,136,38,52,0.93,7,-1,-1
153,-1,368,139,18,19,0.88,2,-1,-1
153,-1,316,123,15,15,0.88,2,-1,-1
153,-1,359,96,12,12,0.78,2,-1,-1
154,-1,231,144,57,84,0.95,7,-1,-1
154,-1,389,135,39,52,0.93,7,-1,-1
154,-1,1,392,149,147,0.89,7,-1,-1
154,-1,315,125,16,15,0.87,2,-1,-1
154,-1,368,137,17,18,0.86,2,-1,-1
154,-1,359,95,12,12,0.76,2,-1,-1
155,-1,228,146,60,85,0.96,7,-1,-1
155,-1,389,134,37,49,0.92,7,-1,-1
155,-1,1,418,133,121,0.88,7,-1,-1
155,-1,315,126,15,14,0.85,2,-1,-1
155,-1,367,135,18,18,0.85,2,-1,-1
155,-1,359,94,11,12,0.79,2,-1,-1
156,-1,223,148,63,91,0.96,7,-1,-1
156,-1,388,133,37,49,0.92,7,-1,-1
156,-1,1,470,104,69,0.85,7,-1,-1
156,-1,314,128,16,15,0.85,2,-1,-1
156,-1,367,133,17,16,0.85,2,-1,-1
156,-1,359,94,11,11,0.77,2,-1,-1
157,-1,219,151,65,93,0.96,7,-1,-1
157,-1,388,131,36,48,0.93,7,-1,-1
157,-1,314,130,16,15,0.85,2,-1,-1
157,-1,367,132,17,17,0.84,2,-1,-1
157,-1,358,93,11,11,0.64,2,-1,-1
158,-1,212,154,70,97,0.95,7,-1,-1
158,-1,387,129,35,45,0.93,7,-1,-1
158,-1,312,131,17,16,0.86,2,-1,-1
158,-1,367,129,17,16,0.83,2,-1,-1
158,-1,358,92,11,11,0.71,2,-1,-1
159,-1,208,156,72,101,0.95,7,-1,-1
159,-1,387,128,34,46,0.93,7,-1,-1
159,-1,312,133,17,16,0.86,2,-1,-1
159,-1,367,128,17,16,0.82,2,-1,-1
159,-1,358,92,11,11,0.71,2,-1,-1
160,-1,202,160,74,107,0.96,7,-1,-1
160,-1,386,127,33,43,0.93,7,-1,-1
160,-1,310,134,17,17,0.89,2,-1,-1
160,-1,366,125,16,16,0.84,2,-1,-1
160,-1,358,91,11,12,0.54,2,-1,-1
161,-1,198,163,77,111,0.95,7,-1,-1
161,-1,386,127,32,42,0.93,7,-1,-1
161,-1,309,136,17,17,0.88,2,-1,-1
161,-1,366,124,15,16,0.83,2,-1,-1
161,-1,358,91,11,11,0.49,2,-1,-1
162,-1,189,167,83,117,0.97,7,-1,-1
162,-1,385,125,32,42,0.93,7,-1,-1
162,-1,308,138,18,17,0.89,2,-1,-1
162,-1,366,123,15,16,0.82,2,-1,-1
162,-1,358,90,11,11,0.56,2,-1,-1
163,-1,182,170,87,123,0.96,7,-1,-1
163,-1,385,125,31,41,0.94,7,-1,-1
163,-1,307,140,18,17,0.91,2,-1,-1
163,-1,366,121,15,16,0.82,2,-1,-1
163,-1,358,90,11,10,0.54,2,-1,-1
164,-1,174,174,93,133,0.96,7,-1,-1
164,-1,383,123,31,41,0.93,7,-1,-1
164,-1,305,143,19,18,0.89,2,-1,-1
164,-1,366,120,14,15,0.79,2,-1,-1
164,-1,358,90,11,11,0.53,2,-1,-1
165,-1,166,178,98,139,0.96,7,-1,-1
165,-1,383,122,31,40,0.93,7,-1,-1
165,-1,304,144,19,19,0.89,2,-1,-1
165,-1,366,119,14,15,0.80,2,-1,-1
165,-1,358,89,11,10,0.53,2,-1,-1
166,-1,155,184,103,151,0.95,7,-1,-1
166,-1,383,121,29,39,0.91,7,-1,-1
166,-1,303,147,19,19,0.90,2,-1,-1
166,-1,366,118,14,14,0.80,2,-1,-1
166,-1,358,88,10,11,0.45,2,-1,-1
167,-1,146,188,108,160,0.95,7,-1,-1
167,-1,382,121,29,38,0.91,7,-1,-1
167,-1,303,149,19,19,0.90,2,-1,-1
167,-1,366,117,14,13,0.78,2,-1,-1
167,-1,358,88,10,10,0.49,2,-1,-1
168,-1,131,194,119,174,0.96,7,-1,-1
168,-1,382,120,29,37,0.92,7,-1,-1
168,-1,300,153,21,19,0.90,2,-1,-1
168,-1,366,116,13,14,0.76,2,-1,-1
168,-1,358,88,10,10,0.60,2,-1,-1
168,-1,328,103,11,11,0.19,2,-1,-1
169,-1,120,199,127,185,0.96,7,-1,-1
169,-1,381,119,28,38,0.93,7,-1,-1
169,-1,300,155,21,19,0.91,2,-1,-1
169,-1,366,115,13,14,0.78,2,-1,-1
169,-1,358,88,10,10,0.40,2,-1,-1
170,-1,103,207,138,203,0.96,7,-1,-1
170,-1,381,119,28,37,0.94,7,-1,-1
170,-1,298,158,21,20,0.91,2,-1,-1
170,-1,365,113,13,13,0.78,2,-1,-1
170,-1,358,87,10,10,0.27,2,-1,-1
171,-1,91,212,144,217,0.96,7,-1,-1
171,-1,381,118,27,36,0.93,7,-1,-1
171,-1,297,160,21,21,0.90,2,-1,-1
171,-1,365,112,13,13,0.80,2,-1,-1
171,-1,358,87,10,10,0.20,2,-1,-1
172,-1,67,222,162,241,0.96,7,-1,-1
172,-1,380,116,27,35,0.91,7,-1,-1
172,-1,296,164,21,21,0.91,2,-1,-1
172,-1,365,111,13,12,0.80,2,-1,-1
172,-1,327,107,12,11,0.50,2,-1,-1
172,-1,358,86,9,10,0.33,2,-1,-1
172,-1,323,77,12,18,0.20,7,-1,-1
173,-1,49,231,176,257,0.95,7,-1,-1
173,-1,294,166,23,23,0.91,2,-1,-1
173,-1,380,115,27,35,0.91,7,-1,-1
173,-1,365,111,13,13,0.80,2,-1,-1
173,-1,327,108,12,11,0.49,2,-1,-1
173,-1,358,86,9,10,0.34,2,-1,-1
173,-1,323,77,12,18,0.17,7,-1,-1
174,-1,22,242,196,290,0.96,7,-1,-1
174,-1,379,114,27,35,0.92,7,-1,-1
174,-1,292,171,23,23,0.92,2,-1,-1
174,-1,364,109,13,13,0.80,2,-1,-1
174,-1,327,108,11,11,0.41,2,-1,-1
174,-1,358,86,9,10,0.30,2,-1,-1
175,-1,1,250,208,288,0.95,7,-1,-1
175,-1,379,113,26,34,0.93,7,-1,-1
175,-1,290,174,24,23,0.92,2,-1,-1
175,-1,364,109,13,13,0.82,2,-1,-1
175,-1,323,78,12,18,0.11,7,-1,-1
176,-1,2,264,201,272,0.96,7,-1,-1
176,-1,378,112,26,34,0.93,7,-1,-1
176,-1,289,179,24,24,0.92,2,-1,-1
176,-1,364,107,12,13,0.81,2,-1,-1
177,-1,7,274,184,264,0.96,7,-1,-1
177,-1,379,112,26,35,0.94,7,-1,-1
177,-1,287,182,25,25,0.90,2,-1,-1
177,-1,364,107,12,13,0.82,2,-1,-1
177,-1,326,113,12,11,0.41,2,-1,-1
178,-1,11,293,174,246,0.95,7,-1,-1
178,-1,378,111,25,33,0.94,7,-1,-1
178,-1,285,187,25,26,0.92,2,-1,-1
178,-1,364,106,12,12,0.85,2,-1,-1
179,-1,1,308,182,231,0.96,7,-1,-1
179,-1,378,110,24,33,0.94,7,-1,-1
179,-1,283,191,26,27,0.93,2,-1,-1
179,-1,364,106,12,12,0.86,2,-1,-1
180,-1,0,333,168,206,0.96,7,-1,-1
180,-1,378,110,24,33,0.94,7,-1,-1
180,-1,279,197,27,29,0.92,2,-1,-1
180,-1,364,105,12,12,0.85,2,-1,-1
180,-1,325,115,12,12,0.43,2,-1,-1
181,-1,1,351,125,188,0.94,7,-1,-1
181,-1,377,109,23,32,0.92,7,-1,-1
181,-1,277,201,29,29,0.92,2,-1,-1
181,-1,364,104,11,11,0.74,2,-1,-1
182,-1,273,209,30,30,0.94,2,-1,-1
182,-1,1,390,139,149,0.93,7,-1,-1
182,-1,377,108,23,32,0.91,7,-1,-1
182,-1,364,103,11,11,0.74,2,-1,-1
183,-1,377,108,23,32,0.92,7,-1,-1
183,-1,270,212,32,34,0.91,2,-1,-1
183,-1,323,118,13,13,0.81,2,-1,-1
183,-1,364,102,11,11,0.71,2,-1,-1
183,-1,2,437,95,102,0.68,7,-1,-1
183,-1,336,92,9,9,0.13,2,-1,-1
184,-1,265,223,33,33,0.95,2,-1,-1
184,-1,377,107,22,33,0.91,7,-1,-1
184,-1,364,102,11,12,0.62,2,-1,-1
184,-1,320,81,12,19,0.28,7,-1,-1
184,-1,335,93,9,9,0.16,2,-1,-1
185,-1,262,229,34,35,0.95,2,-1,-1
185,-1,377,107,22,31,0.92,7,-1,-1
185,-1,364,101,11,11,0.70,2,-1,-1
185,-1,335,92,9,9,0.24,2,-1,-1
185,-1,320,82,12,19,0.22,7,-1,-1
186,-1,256,239,37,38,0.93,2,-1,-1
186,-1,377,106,21,30,0.91,7,-1,-1
186,-1,321,122,13,13,0.83,2,-1,-1
186,-1,364,100,11,11,0.69,2,-1,-1
186,-1,320,82,12,19,0.51,7,-1,-1
186,-1,335,92,10,10,0.42,2,-1,-1
187,-1,252,246,38,41,0.93,2,-1,-1
187,-1,376,105,21,29,0.91,7,-1,-1
187,-1,321,122,13,13,0.82,2,-1,-1
187,-1,365,99,10,11,0.57,2,-1,-1
187,-1,319,83,12,19,0.49,7,-1,-1
187,-1,335,93,9,10,0.21,2,-1,-1
188,-1,245,259,41,44,0.93,2,-1,-1
188,-1,376,105,21,28,0.91,7,-1,-1
188,-1,320,124,14,14,0.84,2,-1,-1
188,-1,365,99,10,10,0.67,2,-1,-1
188,-1,319,83,12,19,0.48,7,-1,-1
188,-1,335,93,10,10,0.27,2,-1,-1
189,-1,239,268,43,47,0.94,2,-1,-1
189,-1,376,104,21,28,0.90,7,-1,-1
189,-1,319,125,14,14,0.84,2,-1,-1
189,-1,319,83,13,20,0.73,7,-1,-1
189,-1,365,98,10,10,0.67,2,-1,-1
189,-1,334,94,10,11,0.58,2,-1,-1
190,-1,231,286,47,50,0.94,2,-1,-1
190,-1,375,103,21,29,0.90,7,-1,-1
190,-1,318,127,14,15,0.83,2,-1,-1
190,-1,319,83,14,20,0.71,7,-1,-1
190,-1,334,94,10,11,0.54,2,-1,-1
191,-1,224,298,49,55,0.95,2,-1,-1
191,-1,375,103,20,29,0.90,7,-1,-1
191,-1,317,128,14,15,0.85,2,-1,-1
191,-1,318,84,14,20,0.64,7,-1,-1
191,-1,334,94,10,11,0.34,2,-1,-1
192,-1,213,320,53,61,0.95,2,-1,-1
192,-1,375,102,20,28,0.89,7,-1,-1
192,-1,316,130,15,15,0.85,2,-1,-1
192,-1,317,84,15,21,0.69,7,-1,-1
192,-1,333,96,10,11,0.54,2,-1,-1
192,-1,366,97,9,9,0.15,2,-1,-1
193,-1,205,336,57,66,0.95,2,-1,-1
193,-1,375,102,19,28,0.89,7,-1,-1
193,-1,316,130,15,15,0.85,2,-1,-1
193,-1,317,84,14,21,0.63,7,-1,-1
193,-1,333,96,10,11,0.56,2,-1,-1
194,-1,190,365,64,76,0.95,2,-1,-1
194,-1,375,102,19,27,0.89,7,-1,-1
194,-1,314,133,17,16,0.85,2,-1,-1
194,-1,316,84,15,22,0.78,7,-1,-1
194,-1,334,97,10,11,0.20,2,-1,-1
195,-1,178,386,69,84,0.95,2,-1,-1
195,-1,375,101,19,28,0.90,7,-1,-1
195,-1,313,134,17,16,0.87,2,-1,-1
195,-1,315,84,15,23,0.79,7,-1,-1
195,-1,333,97,10,12,0.64,2,-1,-1
195,-1,367,95,9,9,0.32,2,-1,-1
196,-1,157,425,79,100,0.97,2,-1,-1
196,-1,374,100,18,27,0.90,7,-1,-1
196,-1,313,136,16,16,0.86,2,-1,-1
196,-1,315,84,16,22,0.77,7,-1,-1
196,-1,332,97,10,12,0.62,2,-1,-1
197,-1,142,456,84,83,0.95,2,-1,-1
197,-1,374,100,18,27,0.89,7,-1,-1
197,-1,312,137,16,17,0.89,2,-1,-1
197,-1,315,85,15,22,0.75,7,-1,-1
197,-1,335,85,10,14,0.13,2,-1,-1
198,-1,133,512,77,27,0.92,2,-1,-1
198,-1,374,99,18,26,0.90,7,-1,-1
198,-1,311,140,16,17,0.89,2,-1,-1
198,-1,315,85,16,22,0.77,7,-1,-1
198,-1,331,99,10,12,0.62,2,-1,-1
198,-1,335,85,10,12,0.13,2,-1,-1
199,-1,374,99,18,26,0.90,7,-1,-1
199,-1,311,142,17,17,0.90,2,-1,-1
199,-1,315,86,16,22,0.76,7,-1,-1
199,-1,331,100,10,12,0.65,2,-1,-1
200,-1,374,99,18,26,0.89,7,-1,-1
200,-1,310,144,17,17,0.88,2,-1,-1
200,-1,314,85,15,24,0.79,7,-1,-1
200,-1,330,102,10,11,0.57,2,-1,-1
201,-1,374,98,17,26,0.89,7,-1,-1
201,-1,309,146,17,18,0.88,2,-1,-1
201,-1,314,86,16,23,0.80,7,-1,-1
201,-1,330,102,10,11,0.52,2,-1,-1
201,-1,335,87,9,11,0.30,2,-1,-1
202,-1,307,147,19,20,0.91,2,-1,-1
202,-1,373,98,18,24,0.87,7,-1,-1
202,-1,314,85,16,24,0.77,7,-1,-1
202,-1,329,104,10,11,0.37,2,-1,-1
203,-1,306,151,18,18,0.89,2,-1,-1
203,-1,373,98,17,24,0.86,7,-1,-1
203,-1,314,85,16,24,0.76,7,-1,-1
203,-1,329,105,10,11,0.38,2,-1,-1
204,-1,304,155,18,18,0.90,2,-1,-1
204,-1,373,97,17,24,0.87,7,-1,-1
204,-1,314,86,16,25,0.76,7,-1,-1
204,-1,329,106,10,11,0.49,2,-1,-1
205,-1,304,157,18,18,0.90,2,-1,-1
205,-1,373,97,17,24,0.87,7,-1,-1
205,-1,314,87,16,25,0.75,7,-1,-1
205,-1,327,106,10,11,0.68,2,-1,-1
206,-1,303,160,19,20,0.89,2,-1,-1
206,-1,372,96,17,23,0.86,7,-1,-1
206,-1,313,88,16,26,0.76,7,-1,-1
206,-1,327,107,11,13,0.72,2,-1,-1
207,-1,301,161,20,22,0.90,2,-1,-1
207,-1,373,96,16,24,0.86,7,-1,-1
207,-1,313,88,16,26,0.76,7,-1,-1
207,-1,327,108,12,13,0.74,2,-1,-1
208,-1,298,165,21,22,0.91,2,-1,-1
208,-1,373,95,16,23,0.86,7,-1,-1
208,-1,312,88,16,27,0.83,7,-1,-1
208,-1,327,108,11,13,0.74,2,-1,-1
209,-1,297,169,20,21,0.90,2,-1,-1
209,-1,372,95,16,23,0.85,7,-1,-1
209,-1,311,89,17,27,0.82,7,-1,-1
209,-1,326,109,12,14,0.81,2,-1,-1
210,-1,295,174,23,21,0.91,2,-1,-1
210,-1,373,95,16,23,0.84,7,-1,-1
210,-1,311,89,17,27,0.84,7,-1,-1
210,-1,326,110,12,14,0.72,2,-1,-1
211,-1,294,175,23,24,0.90,2,-1,-1
211,-1,372,94,16,24,0.86,7,-1,-1
211,-1,310,89,17,28,0.83,7,-1,-1
211,-1,325,110,13,14,0.82,2,-1,-1
211,-1,333,89,11,14,0.33,2,-1,-1
212,-1,292,179,23,24,0.92,2,-1,-1
212,-1,372,93,16,24,0.87,7,-1,-1
212,-1,310,90,17,28,0.87,7,-1,-1
212,-1,324,111,13,15,0.83,2,-1,-1
212,-1,335,86,10,12,0.14,2,-1,-1
213,-1,290,184,24,24,0.92,2,-1,-1
213,-1,372,93,15,24,0.87,7,-1,-1
213,-1,310,90,18,28,0.87,7,-1,-1
213,-1,324,112,13,15,0.83,2,-1,-1
213,-1,335,86,10,13,0.12,2,-1,-1
214,-1,287,189,25,26,0.92,2,-1,-1
214,-1,372,93,15,24,0.87,7,-1,-1
214,-1,308,91,18,28,0.87,7,-1,-1
214,-1,324,113,13,14,0.80,2,-1,-1
215,-1,285,193,26,27,0.92,2,-1,-1
215,-1,308,91,19,28,0.88,7,-1,-1
215,-1,372,92,15,23,0.86,7,-1,-1
215,-1,323,114,13,15,0.86,2,-1,-1
215,-1,335,85,10,11,0.28,2,-1,-1
216,-1,281,200,28,28,0.92,2,-1,-1
216,-1,307,92,19,28,0.88,7,-1,-1
216,-1,372,92,15,23,0.88,7,-1,-1
216,-1,322,116,13,14,0.84,2,-1,-1
216,-1,334,85,11,15,0.55,2,-1,-1
217,-1,278,204,29,29,0.92,2,-1,-1
217,-1,307,92,19,28,0.87,7,-1,-1
217,-1,372,92,15,23,0.87,7,-1,-1
217,-1,322,117,14,15,0.86,2,-1,-1
217,-1,334,85,11,15,0.58,2,-1,-1
218,-1,276,212,29,30,0.91,2,-1,-1
218,-1,321,118,14,15,0.88,2,-1,-1
218,-1,307,93,19,28,0.87,7,-1,-1
218,-1,372,92,15,22,0.84,7,-1,-1
218,-1,333,86,11,14,0.41,2,-1,-1
219,-1,273,217,31,32,0.92,2,-1,-1
219,-1,321,118,14,16,0.88,2,-1,-1
219,-1,306,93,20,29,0.86,7,-1,-1
219,-1,372,92,15,22,0.80,7,-1,-1
219,-1,334,86,10,13,0.37,2,-1,-1
220,-1,266,226,33,33,0.92,2,-1,-1
220,-1,305,95,19,30,0.88,7,-1,-1
220,-1,321,120,14,15,0.86,2,-1,-1
220,-1,372,92,15,21,0.81,7,-1,-1
220,-1,331,93,12,15,0.52,2,-1,-1
221,-1,263,232,35,35,0.94,2,-1,-1
221,-1,304,95,20,31,0.88,7,-1,-1
221,-1,320,121,14,16,0.86,2,-1,-1
221,-1,372,91,15,21,0.78,7,-1,-1
221,-1,331,93,12,16,0.56,2,-1,-1
222,-1,259,243,36,38,0.93,2,-1,-1
222,-1,303,95,21,32,0.90,7,-1,-1
222,-1,319,122,15,17,0.87,2,-1,-1
222,-1,372,91,14,20,0.81,7,-1,-1
222,-1,331,92,12,13,0.53,2,-1,-1
223,-1,255,252,37,39,0.94,2,-1,-1
223,-1,303,95,21,32,0.90,7,-1,-1
223,-1,319,124,15,16,0.89,2,-1,-1
223,-1,372,90,14,21,0.84,7,-1,-1
223,-1,331,91,12,14,0.49,2,-1,-1
224,-1,247,265,41,43,0.93,2,-1,-1
224,-1,302,95,21,33,0.90,7,-1,-1
224,-1,317,125,15,17,0.89,2,-1,-1
224,-1,371,89,14,20,0.83,7,-1,-1
224,-1,328,99,14,18,0.54,2,-1,-1
224,-1,334,88,10,13,0.17,2,-1,-1
225,-1,242,274,43,47,0.94,2,-1,-1
225,-1,301,97,21,33,0.90,7,-1,-1
225,-1,317,126,15,18,0.89,2,-1,-1
225,-1,371,89,14,21,0.85,7,-1,-1
225,-1,328,100,14,18,0.58,2,-1,-1
225,-1,334,88,10,12,0.14,2,-1,-1
226,-1,233,293,46,50,0.94,2,-1,-1
226,-1,300,97,21,33,0.91,7,-1,-1
226,-1,317,128,16,17,0.89,2,-1,-1
226,-1,371,89,15,20,0.83,7,-1,-1
226,-1,327,100,14,19,0.69,2,-1,-1
226,-1,334,88,10,11,0.18,2,-1,-1
227,-1,227,305,48,55,0.94,2,-1,-1
227,-1,300,98,21,33,0.91,7,-1,-1
227,-1,317,130,15,17,0.90,2,-1,-1
227,-1,371,88,14,20,0.82,7,-1,-1
227,-1,328,98,14,22,0.52,2,-1,-1
227,-1,334,88,10,12,0.19,2,-1,-1
228,-1,215,328,52,60,0.95,2,-1,-1
228,-1,316,131,16,18,0.91,2,-1,-1
228,-1,298,99,23,35,0.90,7,-1,-1
228,-1,371,88,14,20,0.79,7,-1,-1
228,-1,328,100,13,20,0.66,2,-1,-1
228,-1,334,88,10,11,0.21,2,-1,-1
229,-1,207,345,56,65,0.95,2,-1,-1
229,-1,314,133,17,18,0.91,2,-1,-1
229,-1,298,100,23,34,0.90,7,-1,-1
229,-1,371,88,15,20,0.83,7,-1,-1
229,-1,328,101,13,19,0.62,2,-1,-1
230,-1,192,375,64,75,0.94,2,-1,-1
230,-1,297,100,23,34,0.91,7,-1,-1
230,-1,315,135,16,19,0.91,2,-1,-1
230,-1,371,88,15,20,0.80,7,-1,-1
230,-1,328,100,12,12,0.60,2,-1,-1
231,-1,179,398,69,83,0.96,2,-1,-1
231,-1,297,100,23,35,0.91,7,-1,-1
231,-1,314,136,17,19,0.88,2,-1,-1
231,-1,370,87,14,19,0.57,7,-1,-1
231,-1,328,101,12,12,0.53,2,-1,-1
232,-1,159,438,78,96,0.95,2,-1,-1
232,-1,295,102,23,36,0.93,7,-1,-1
232,-1,313,138,17,19,0.90,2,-1,-1
232,-1,326,104,15,23,0.54,2,-1,-1
232,-1,370,87,14,19,0.41,7,-1,-1
233,-1,149,469,78,67,0.94,2,-1,-1
233,-1,295,103,23,36,0.93,7,-1,-1
233,-1,313,140,17,19,0.91,2,-1,-1
233,-1,327,102,14,14,0.56,2,-1,-1
233,-1,369,86,14,19,0.44,7,-1,-1
234,-1,293,103,24,38,0.92,7,-1,-1
234,-1,312,143,17,19,0.92,2,-1,-1
234,-1,324,107,15,22,0.67,2,-1,-1
234,-1,369,86,14,19,0.54,7,-1,-1
234,-1,333,90,10,11,0.11,2,-1,-1
235,-1,293,103,24,38,0.93,7,-1,-1
235,-1,311,145,17,19,0.90,2,-1,-1
235,-1,369,85,14,20,0.73,7,-1,-1
235,-1,324,108,15,22,0.71,2,-1,-1
235,-1,333,90,11,11,0.13,2,-1,-1
236,-1,291,104,25,39,0.93,7,-1,-1
236,-1,310,147,18,21,0.91,2,-1,-1
236,-1,323,112,15,20,0.69,2,-1,-1
236,-1,369,85,14,19,0.58,7,-1,-1
237,-1,290,105,25,40,0.93,7,-1,-1
237,-1,309,149,18,21,0.91,2,-1,-1
237,-1,369,85,14,19,0.54,7,-1,-1
237,-1,326,105,13,13,0.50,2,-1,-1
237,-1,324,115,14,18,0.34,2,-1,-1
238,-1,289,106,26,40,0.93,7,-1,-1
238,-1,307,152,19,21,0.92,2,-1,-1
238,-1,369,84,14,18,0.73,7,-1,-1
238,-1,322,113,16,21,0.72,2,-1,-1
238,-1,332,87,11,14,0.48,2,-1,-1
239,-1,288,107,27,41,0.93,7,-1,-1
239,-1,307,154,19,21,0.92,2,-1,-1
239,-1,322,114,16,22,0.75,2,-1,-1
239,-1,369,84,13,18,0.65,7,-1,-1
239,-1,332,89,11,13,0.38,2,-1,-1
240,-1,286,107,28,41,0.93,7,-1,-1
240,-1,305,158,20,22,0.91,2,-1,-1
240,-1,321,121,15,15,0.82,2,-1,-1
240,-1,368,84,13,18,0.81,7,-1,-1
240,-1,325,107,13,13,0.68,2,-1,-1
240,-1,332,90,11,13,0.47,2,-1,-1
241,-1,284,108,29,42,0.93,7,-1,-1
241,-1,303,160,20,23,0.92,2,-1,-1
241,-1,321,123,15,15,0.83,2,-1,-1
241,-1,368,83,13,18,0.81,7,-1,-1
241,-1,325,108,13,13,0.73,2,-1,-1
241,-1,332,89,11,14,0.60,2,-1,-1
242,-1,302,163,21,24,0.92,2,-1,-1
242,-1,284,109,29,44,0.91,7,-1,-1
242,-1,320,125,16,15,0.81,2,-1,-1
242,-1,368,83,13,18,0.75,7,-1,-1
242,-1,325,110,12,12,0.73,2,-1,-1
242,-1,332,92,11,12,0.60,2,-1,-1
243,-1,301,166,21,24,0.92,2,-1,-1
243,-1,283,110,29,44,0.91,7,-1,-1
243,-1,320,126,16,16,0.85,2,-1,-1
243,-1,368,82,13,18,0.81,7,-1,-1
243,-1,325,110,12,12,0.76,2,-1,-1
243,-1,331,93,10,12,0.56,2,-1,-1
244,-1,282,111,30,45,0.93,7,-1,-1
244,-1,298,170,23,26,0.92,2,-1,-1
244,-1,318,127,17,17,0.84,2,-1,-1
244,-1,368,82,13,18,0.81,7,-1,-1
244,-1,325,112,12,12,0.67,2,-1,-1
244,-1,331,94,11,12,0.61,2,-1,-1
245,-1,280,111,31,46,0.93,7,-1,-1
245,-1,297,173,23,26,0.91,2,-1,-1
245,-1,318,130,17,17,0.85,2,-1,-1
245,-1,367,82,13,18,0.78,7,-1,-1
245,-1,324,112,13,12,0.73,2,-1,-1
245,-1,331,93,11,12,0.70,2,-1,-1
246,-1,278,113,32,47,0.94,7,-1,-1
246,-1,295,178,24,27,0.92,2,-1,-1
246,-1,317,131,17,17,0.85,2,-1,-1
246,-1,367,82,13,17,0.82,7,-1,-1
246,-1,324,113,13,13,0.79,2,-1,-1
246,-1,331,93,11,13,0.67,2,-1,-1
247,-1,276,114,33,47,0.95,7,-1,-1
247,-1,293,181,24,29,0.92,2,-1,-1
247,-1,316,132,17,17,0.85,2,-1,-1
247,-1,323,113,13,13,0.84,2,-1,-1
247,-1,367,82,13,17,0.79,7,-1,-1
247,-1,331,93,11,14,0.66,2,-1,-1
248,-1,274,115,34,49,0.94,7,-1,-1
248,-1,290,186,25,30,0.93,2,-1,-1
248,-1,316,134,17,18,0.86,2,-1,-1
248,-1,323,114,14,13,0.84,2,-1,-1
248,-1,367,82,13,17,0.77,7,-1,-1
248,-1,330,95,12,13,0.70,2,-1,-1
249,-1,288,190,26,32,0.94,2,-1,-1
249,-1,273,115,35,51,0.93,7,-1,-1
249,-1,314,136,18,18,0.87,2,-1,-1
249,-1,322,116,14,13,0.86,2,-1,-1
249,-1,367,81,13,17,0.81,7,-1,-1
249,-1,330,96,11,13,0.56,2,-1,-1
250,-1,285,196,28,33,0.94,2,-1,-1
250,-1,271,117,36,51,0.94,7,-1,-1
250,-1,314,138,18,19,0.87,2,-1,-1
250,-1,322,117,13,13,0.86,2,-1,-1
250,-1,367,80,13,18,0.79,7,-1,-1
250,-1,329,97,12,13,0.68,2,-1,-1
251,-1,270,118,36,53,0.95,7,-1,-1
251,-1,283,201,29,35,0.94,2,-1,-1
251,-1,313,139,19,19,0.89,2,-1,-1
251,-1,322,118,13,12,0.87,2,-1,-1
251,-1,367,81,13,18,0.79,7,-1,-1
251,-1,329,97,12,13,0.72,2,-1,-1
252,-1,279,208,30,36,0.94,2,-1,-1
252,-1,268,119,37,54,0.94,7,-1,-1
252,-1,312,143,19,19,0.89,2,-1,-1
252,-1,321,120,14,13,0.84,2,-1,-1
252,-1,329,98,12,13,0.76,2,-1,-1
252,-1,367,80,12,17,0.75,7,-1,-1
253,-1,266,121,38,54,0.94,7,-1,-1
253,-1,277,213,31,38,0.94,2,-1,-1
253,-1,311,145,20,19,0.89,2,-1,-1
253,-1,320,120,14,13,0.85,2,-1,-1
253,-1,329,99,12,12,0.78,2,-1,-1
253,-1,367,80,12,17,0.73,7,-1,-1
254,-1,264,123,38,56,0.94,7,-1,-1
254,-1,272,221,32,41,0.93,2,-1,-1
254,-1,310,148,20,19,0.90,2,-1,-1
254,-1,320,122,14,13,0.85,2,-1,-1
254,-1,329,100,12,12,0.79,2,-1,-1
254,-1,367,80,12,17,0.72,7,-1,-1
255,-1,268,228,35,42,0.95,2,-1,-1
255,-1,262,124,40,57,0.94,7,-1,-1
255,-1,309,149,20,20,0.89,2,-1,-1
255,-1,319,122,15,14,0.85,2,-1,-1
255,-1,329,101,11,12,0.74,2,-1,-1
255,-1,367,80,12,17,0.73,7,-1,-1
256,-1,264,238,36,45,0.95,2,-1,-1
256,-1,260,126,40,58,0.94,7,-1,-1
256,-1,308,153,20,20,0.91,2,-1,-1
256,-1,318,123,15,14,0.86,2,-1,-1
256,-1,329,102,11,12,0.75,2,-1,-1
256,-1,366,79,12,17,0.71,7,-1,-1
257,-1,258,127,41,60,0.94,7,-1,-1
257,-1,260,245,38,49,0.94,2,-1,-1
257,-1,307,155,21,20,0.92,2,-1,-1
257,-1,317,126,15,14,0.84,2,-1,-1
257,-1,328,103,12,12,0.75,2,-1,-1
257,-1,366,79,12,16,0.70,7,-1,-1
257,-1,331,95,11,9,0.37,2,-1,-1
258,-1,254,129,43,61,0.95,7,-1,-1
258,-1,255,257,40,54,0.95,2,-1,-1
258,-1,306,158,21,21,0.92,2,-1,-1
258,-1,316,127,16,14,0.86,2,-1,-1
258,-1,327,105,12,11,0.76,2,-1,-1
258,-1,366,79,12,16,0.70,7,-1,-1
258,-1,332,95,10,9,0.42,2,-1,-1
259,-1,250,267,42,57,0.96,2,-1,-1
259,-1,252,130,44,63,0.95,7,-1,-1
259,-1,304,160,22,23,0.92,2,-1,-1
259,-1,316,128,16,15,0.88,2,-1,-1
259,-1,327,105,12,11,0.78,2,-1,-1
259,-1,366,79,12,16,0.65,7,-1,-1
259,-1,332,95,10,9,0.38,2,-1,-1
260,-1,248,132,46,66,0.95,7,-1,-1
260,-1,242,283,45,63,0.95,2,-1,-1
260,-1,302,164,23,23,0.92,2,-1,-1
260,-1,314,130,16,15,0.92,2,-1,-1
260,-1,326,105,13,12,0.79,2,-1,-1
260,-1,366,79,12,16,0.59,7,-1,-1
260,-1,331,96,10,9,0.35,2,-1,-1
261,-1,246,133,47,67,0.95,7,-1,-1
261,-1,237,296,47,67,0.95,2,-1,-1
261,-1,301,166,24,25,0.90,2,-1,-1
261,-1,313,131,17,16,0.89,2,-1,-1
261,-1,326,106,13,12,0.80,2,-1,-1
261,-1,366,79,12,16,0.48,7,-1,-1
261,-1,331,96,11,9,0.29,2,-1,-1
262,-1,243,135,49,71,0.95,7,-1,-1
262,-1,227,316,51,76,0.95,2,-1,-1
262,-1,298,171,26,25,0.92,2,-1,-1
262,-1,313,134,17,16,0.88,2,-1,-1
262,-1,325,107,13,12,0.80,2,-1,-1
262,-1,366,79,12,16,0.41,7,-1,-1
262,-1,330,96,11,10,0.30,2,-1,-1
263,-1,220,331,55,82,0.96,2,-1,-1
263,-1,240,137,49,72,0.96,7,-1,-1
263,-1,297,174,26,26,0.92,2,-1,-1
263,-1,312,134,17,16,0.90,2,-1,-1
263,-1,325,108,14,12,0.82,2,-1,-1
263,-1,366,78,12,16,0.36,7,-1,-1
263,-1,330,97,11,10,0.25,2,-1,-1
264,-1,236,139,52,75,0.96,7,-1,-1
264,-1,205,359,62,92,0.95,2,-1,-1
264,-1,295,179,26,27,0.92,2,-1,-1
264,-1,310,137,18,17,0.91,2,-1,-1
264,-1,324,110,13,12,0.84,2,-1,-1
264,-1,366,78,12,16,0.40,7,-1,-1
264,-1,330,98,11,9,0.35,2,-1,-1
265,-1,195,380,66,102,0.96,2,-1,-1
265,-1,233,142,53,77,0.96,7,-1,-1
265,-1,294,182,27,29,0.91,2,-1,-1
265,-1,310,139,18,17,0.89,2,-1,-1
265,-1,324,110,13,12,0.85,2,-1,-1
265,-1,330,99,11,9,0.34,2,-1,-1
265,-1,366,78,11,16,0.33,7,-1,-1
266,-1,229,144,55,80,0.96,7,-1,-1
266,-1,176,418,74,114,0.95,2,-1,-1
266,-1,291,188,28,30,0.92,2,-1,-1
266,-1,309,141,18,17,0.90,2,-1,-1
266,-1,324,111,14,12,0.84,2,-1,-1
266,-1,331,99,10,9,0.56,2,-1,-1
266,-1,366,78,11,15,0.26,7,-1,-1
267,-1,226,146,57,83,0.96,7,-1,-1
267,-1,288,192,30,31,0.94,2,-1,-1
267,-1,162,448,80,91,0.94,2,-1,-1
267,-1,308,142,18,18,0.90,2,-1,-1
267,-1,323,112,14,12,0.84,2,-1,-1
267,-1,330,99,11,9,0.59,2,-1,-1
267,-1,366,78,11,15,0.21,7,-1,-1
268,-1,220,148,61,89,0.96,7,-1,-1
268,-1,286,199,30,33,0.94,2,-1,-1
268,-1,154,503,72,36,0.92,2,-1,-1
268,-1,307,146,19,18,0.90,2,-1,-1
268,-1,322,113,14,13,0.84,2,-1,-1
268,-1,330,100,12,10,0.68,2,-1,-1
268,-1,366,79,11,14,0.11,7,-1,-1
269,-1,216,150,64,91,0.96,7,-1,-1
269,-1,284,203,31,34,0.94,2,-1,-1
269,-1,306,147,19,18,0.90,2,-1,-1
269,-1,322,114,14,13,0.84,2,-1,-1
269,-1,330,100,12,10,0.69,2,-1,-1
269,-1,366,78,11,14,0.12,7,-1,-1
270,-1,212,154,66,96,0.95,7,-1,-1
270,-1,280,211,32,35,0.93,2,-1,-1
270,-1,304,150,20,20,0.90,2,-1,-1
270,-1,322,115,14,13,0.85,2,-1,-1
270,-1,329,101,12,11,0.63,2,-1,-1
270,-1,366,78,11,15,0.16,7,-1,-1
271,-1,206,156,69,99,0.95,7,-1,-1
271,-1,278,217,34,37,0.93,2,-1,-1
271,-1,303,153,20,19,0.92,2,-1,-1
271,-1,322,116,14,13,0.85,2,-1,-1
271,-1,329,102,11,10,0.69,2,-1,-1
271,-1,365,78,11,15,0.23,7,-1,-1
272,-1,199,159,73,106,0.97,7,-1,-1
272,-1,273,226,36,40,0.93,2,-1,-1
272,-1,301,157,20,20,0.92,2,-1,-1
272,-1,321,117,15,13,0.85,2,-1,-1
272,-1,329,102,12,11,0.70,2,-1,-1
273,-1,195,163,75,109,0.95,7,-1,-1
273,-1,270,232,35,42,0.94,2,-1,-1
273,-1,300,159,21,20,0.89,2,-1,-1
273,-1,321,117,15,14,0.86,2,-1,-1
273,-1,329,103,12,11,0.67,2,-1,-1
274,-1,186,167,80,115,0.96,7,-1,-1
274,-1,264,243,38,46,0.94,2,-1,-1
274,-1,298,163,22,22,0.90,2,-1,-1
274,-1,320,119,16,14,0.84,2,-1,-1
274,-1,329,104,12,11,0.66,2,-1,-1
275,-1,180,170,84,121,0.96,7,-1,-1
275,-1,261,251,39,49,0.93,2,-1,-1
275,-1,297,166,22,23,0.89,2,-1,-1
275,-1,319,120,16,14,0.83,2,-1,-1
275,-1,328,104,12,12,0.68,2,-1,-1
276,-1,171,175,90,130,0.96,7,-1,-1
276,-1,254,265,43,54,0.93,2,-1,-1
276,-1,295,170,23,23,0.91,2,-1,-1
276,-1,319,121,16,14,0.85,2,-1,-1
276,-1,327,106,13,12,0.67,2,-1,-1
277,-1,163,178,95,137,0.95,7,-1,-1
277,-1,248,276,47,58,0.94,2,-1,-1
277,-1,293,173,24,24,0.91,2,-1,-1
277,-1,318,122,16,15,0.86,2,-1,-1
277,-1,327,106,13,12,0.72,2,-1,-1
278,-1,152,183,101,149,0.96,7,-1,-1
278,-1,240,294,48,64,0.94,2,-1,-1
278,-1,290,177,26,26,0.91,2,-1,-1
278,-1,318,124,17,15,0.84,2,-1,-1
278,-1,326,107,13,12,0.83,2,-1,-1
279,-1,142,188,109,158,0.96,7,-1,-1
279,-1,233,308,52,69,0.94,2,-1,-1
279,-1,289,182,26,26,0.91,2,-1,-1
279,-1,317,125,17,15,0.88,2,-1,-1
279,-1,326,108,13,12,0.83,2,-1,-1
280,-1,128,194,118,171,0.96,7,-1,-1
280,-1,222,332,57,77,0.95,2,-1,-1
280,-1,285,187,27,28,0.91,2,-1,-1
280,-1,316,126,18,16,0.89,2,-1,-1
280,-1,325,109,13,12,0.82,2,-1,-1
281,-1,117,199,125,183,0.96,7,-1,-1
281,-1,215,349,59,84,0.95,2,-1,-1
281,-1,283,191,28,29,0.92,2,-1,-1
281,-1,316,128,17,16,0.87,2,-1,-1
281,-1,325,109,14,12,0.83,2,-1,-1
282,-1,99,207,139,201,0.96,7,-1,-1
282,-1,198,381,69,98,0.94,2,-1,-1
282,-1,281,198,29,31,0.91,2,-1,-1
282,-1,316,130,17,16,0.87,2,-1,-1
282,-1,325,110,14,13,0.82,2,-1,-1
283,-1,85,213,146,215,0.96,7,-1,-1
283,-1,185,406,75,108,0.96,2,-1,-1
283,-1,279,202,29,32,0.92,2,-1,-1
283,-1,314,130,18,17,0.88,2,-1,-1
283,-1,324,111,14,13,0.82,2,-1,-1
284,-1,62,223,162,240,0.95,7,-1,-1
284,-1,177,449,73,87,0.93,2,-1,-1
284,-1,275,210,31,33,0.93,2,-1,-1
284,-1,312,132,19,17,0.90,2,-1,-1
284,-1,324,112,14,13,0.82,2,-1,-1
285,-1,43,231,178,257,0.96,7,-1,-1
285,-1,165,485,73,54,0.94,2,-1,-1
285,-1,272,216,32,35,0.92,2,-1,-1
285,-1,313,132,19,19,0.91,2,-1,-1
285,-1,323,113,14,14,0.84,2,-1,-1
286,-1,13,243,196,288,0.96,7,-1,-1
286,-1,265,226,36,37,0.93,2,-1,-1
286,-1,311,135,19,19,0.90,2,-1,-1
286,-1,323,114,14,14,0.85,2,-1,-1
287,-1,0,252,202,286,0.96,7,-1,-1
287,-1,263,232,36,40,0.95,2,-1,-1
287,-1,311,137,19,19,0.90,2,-1,-1
287,-1,323,115,14,14,0.84,2,-1,-1
288,-1,0,265,192,270,0.95,7,-1,-1
288,-1,257,244,39,43,0.94,2,-1,-1
288,-1,309,140,20,19,0.91,2,-1,-1
288,-1,322,116,15,15,0.85,2,-1,-1
289,-1,13,277,168,262,0.95,7,-1,-1
289,-1,253,253,41,45,0.95,2,-1,-1
289,-1,309,142,19,19,0.91,2,-1,-1
289,-1,322,116,15,15,0.86,2,-1,-1
290,-1,2,295,168,244,0.96,7,-1,-1
290,-1,244,267,43,50,0.95,2,-1,-1
290,-1,308,144,20,19,0.91,2,-1,-1
290,-1,321,118,15,15,0.86,2,-1,-1
291,-1,0,310,167,229,0.97,7,-1,-1
291,-1,239,278,46,54,0.93,2,-1,-1
291,-1,307,146,21,20,0.92,2,-1,-1
291,-1,320,118,15,15,0.87,2,-1,-1
292,-1,1,336,139,203,0.96,7,-1,-1
292,-1,230,298,49,60,0.95,2,-1,-1
292,-1,305,149,21,21,0.92,2,-1,-1
292,-1,320,120,15,15,0.86,2,-1,-1
293,-1,223,313,52,64,0.96,2,-1,-1
293,-1,0,354,144,185,0.94,7,-1,-1
293,-1,305,150,20,21,0.91,2,-1,-1
293,-1,319,121,16,15,0.86,2,-1,-1
294,-1,210,337,58,73,0.95,2,-1,-1
294,-1,1,409,85,130,0.90,7,-1,-1
294,-1,304,153,21,22,0.90,2,-1,-1
294,-1,319,124,16,15,0.86,2,-1,-1
295,-1,200,357,62,81,0.95,2,-1,-1
295,-1,303,155,21,22,0.90,2,-1,-1
295,-1,318,124,16,16,0.85,2,-1,-1
295,-1,0,445,127,94,0.51,7,-1,-1
296,-1,183,392,71,94,0.95,2,-1,-1
296,-1,302,159,22,23,0.93,2,-1,-1
296,-1,317,127,17,16,0.85,2,-1,-1
297,-1,168,420,79,105,0.97,2,-1,-1
297,-1,300,161,23,25,0.92,2,-1,-1
297,-1,316,127,16,16,0.87,2,-1,-1
298,-1,150,470,83,69,0.93,2,-1,-1
298,-1,299,165,24,25,0.93,2,-1,-1
298,-1,316,128,17,18,0.86,2,-1,-1
299,-1,298,168,23,26,0.92,2,-1,-1
299,-1,146,513,70,26,0.90,2,-1,-1
299,-1,315,130,17,18,0.89,2,-1,-1
300,-1,296,173,24,26,0.92,2,-1,-1
300,-1,313,132,18,19,0.90,2,-1,-1
301,-1,294,176,26,27,0.92,2,-1,-1
301,-1,313,133,18,19,0.90,2,-1,-1
302,-1,293,179,26,28,0.92,2,-1,-1
302,-1,312,135,18,20,0.88,2,-1,-1
303,-1,291,184,27,29,0.91,2,-1,-1
303,-1,311,137,18,20,0.88,2,-1,-1
304,-1,288,191,28,30,0.94,2,-1,-1
304,-1,309,139,19,21,0.90,2,-1,-1
305,-1,285,193,30,32,0.93,2,-1,-1
305,-1,308,141,19,20,0.89,2,-1,-1
306,-1,281,201,31,34,0.93,2,-1,-1
306,-1,307,142,19,22,0.90,2,-1,-1
307,-1,279,208,32,34,0.94,2,-1,-1
307,-1,306,145,19,24,0.89,2,-1,-1
308,-1,276,213,33,36,0.93,2,-1,-1
308,-1,305,145,20,25,0.89,2,-1,-1
309,-1,272,219,36,38,0.93,2,-1,-1
309,-1,304,148,20,24,0.91,2,-1,-1
310,-1,267,229,38,40,0.94,2,-1,-1
310,-1,303,151,19,26,0.91,2,-1,-1
311,-1,263,236,40,43,0.94,2,-1,-1
311,-1,302,154,20,25,0.91,2,-1,-1
312,-1,258,248,42,46,0.93,2,-1,-1
312,-1,299,159,21,26,0.91,2,-1,-1
313,-1,254,257,43,49,0.93,2,-1,-1
313,-1,296,160,24,28,0.92,2,-1,-1
314,-1,246,272,48,55,0.94,2,-1,-1
314,-1,295,163,24,29,0.92,2,-1,-1
315,-1,240,283,50,58,0.95,2,-1,-1
315,-1,295,167,23,29,0.92,2,-1,-1
316,-1,232,303,54,63,0.95,2,-1,-1
316,-1,291,172,25,30,0.93,2,-1,-1
317,-1,224,318,58,69,0.96,2,-1,-1
317,-1,289,174,26,32,0.94,2,-1,-1
318,-1,210,344,65,80,0.94,2,-1,-1
318,-1,286,176,27,35,0.93,2,-1,-1
319,-1,200,362,71,90,0.96,2,-1,-1
319,-1,285,182,27,34,0.92,2,-1,-1
320,-1,183,397,78,105,0.95,2,-1,-1
320,-1,282,187,29,37,0.93,2,-1,-1
321,-1,169,425,86,111,0.95,2,-1,-1
321,-1,279,191,31,38,0.93,2,-1,-1
322,-1,158,474,83,65,0.94,2,-1,-1
322,-1,274,198,31,40,0.94,2,-1,-1
323,-1,271,203,34,42,0.93,2,-1,-1
323,-1,148,516,75,23,0.87,2,-1,-1
324,-1,265,209,36,46,0.92,2,-1,-1
325,-1,262,214,37,49,0.92,2,-1,-1
326,-1,257,226,39,50,0.94,2,-1,-1
326,-1,331,96,9,9,0.17,2,-1,-1
327,-1,253,234,40,52,0.94,2,-1,-1
328,-1,246,246,43,57,0.94,2,-1,-1
328,-1,330,98,9,9,0.16,2,-1,-1
329,-1,241,255,46,61,0.94,2,-1,-1
329,-1,330,98,9,9,0.20,2,-1,-1
330,-1,233,270,48,66,0.94,2,-1,-1
331,-1,224,281,54,72,0.92,2,-1,-1
331,-1,327,98,10,10,0.65,2,-1,-1
332,-1,215,302,55,79,0.89,2,-1,-1
332,-1,327,98,10,11,0.64,2,-1,-1
332,-1,329,72,9,13,0.11,7,-1,-1
333,-1,205,315,61,88,0.88,2,-1,-1
333,-1,328,72,10,15,0.25,7,-1,-1
333,-1,327,99,10,10,0.11,2,-1,-1
334,-1,189,342,68,99,0.89,2,-1,-1
334,-1,325,100,10,10,0.64,2,-1,-1
334,-1,328,72,10,15,0.19,7,-1,-1
335,-1,176,363,75,107,0.93,2,-1,-1
335,-1,325,100,10,10,0.63,2,-1,-1
335,-1,328,72,10,15,0.19,7,-1,-1
336,-1,155,399,84,126,0.89,2,-1,-1
336,-1,328,72,10,16,0.18,7,-1,-1
337,-1,140,427,89,112,0.87,2,-1,-1
337,-1,329,71,10,16,0.12,7,-1,-1
338,-1,133,481,78,57,0.92,2,-1,-1
338,-1,324,101,11,11,0.62,2,-1,-1
339,-1,125,518,69,21,0.79,7,-1,-1
339,-1,327,82,9,10,0.11,2,-1,-1
340,-1,318,105,12,10,0.64,2,-1,-1
340,-1,327,82,9,11,0.16,2,-1,-1
341,-1,318,105,12,10,0.64,2,-1,-1
341,-1,327,82,9,11,0.18,2,-1,-1
341,-1,591,501,46,38,0.13,2,-1,-1
342,-1,562,446,75,93,0.93,7,-1,-1
342,-1,318,105,12,10,0.65,2,-1,-1
343,-1,548,415,88,124,0.96,7,-1,-1
343,-1,315,106,12,11,0.60,2,-1,-1
344,-1,527,380,109,159,0.95,7,-1,-1
344,-1,314,106,12,12,0.84,2,-1,-1
344,-1,326,83,9,10,0.25,2,-1,-1
345,-1,513,358,122,181,0.94,7,-1,-1
345,-1,314,106,12,12,0.84,2,-1,-1
345,-1,326,84,9,10,0.43,2,-1,-1
346,-1,505,329,129,210,0.96,7,-1,-1
346,-1,313,107,13,12,0.78,2,-1,-1
346,-1,326,84,9,10,0.43,2,-1,-1
347,-1,496,313,138,226,0.96,7,-1,-1
347,-1,312,108,13,13,0.86,2,-1,-1
347,-1,326,84,9,10,0.39,2,-1,-1
348,-1,484,295,149,243,0.95,7,-1,-1
348,-1,310,108,13,13,0.70,2,-1,-1
348,-1,326,84,9,11,0.44,2,-1,-1
349,-1,479,285,137,227,0.96,7,-1,-1
349,-1,310,109,13,13,0.76,2,-1,-1
349,-1,325,84,9,11,0.49,2,-1,-1
350,-1,471,268,124,205,0.96,7,-1,-1
350,-1,308,108,15,15,0.88,2,-1,-1
350,-1,325,84,9,11,0.52,2,-1,-1
351,-1,464,258,115,190,0.96,7,-1,-1
351,-1,307,110,15,14,0.67,2,-1,-1
351,-1,325,86,9,10,0.30,2,-1,-1
352,-1,458,248,106,171,0.95,7,-1,-1
352,-1,305,110,15,15,0.87,2,-1,-1
352,-1,324,85,10,11,0.48,2,-1,-1
353,-1,453,239,102,162,0.95,7,-1,-1
353,-1,305,110,16,16,0.87,2,-1,-1
353,-1,324,86,10,11,0.39,2,-1,-1
354,-1,447,230,93,147,0.96,7,-1,-1
354,-1,324,87,10,11,0.33,2,-1,-1
355,-1,443,224,90,140,0.95,7,-1,-1
355,-1,304,111,16,16,0.86,2,-1,-1
355,-1,323,86,10,11,0.45,2,-1,-1
356,-1,438,214,84,130,0.96,7,-1,-1
356,-1,303,112,15,16,0.85,2,-1,-1
356,-1,323,86,10,11,0.43,2,-1,-1
357,-1,435,209,79,123,0.95,7,-1,-1
357,-1,302,113,15,16,0.85,2,-1,-1
357,-1,323,87,10,12,0.20,2,-1,-1
358,-1,431,203,74,112,0.96,7,-1,-1
358,-1,301,116,15,16,0.84,2,-1,-1
358,-1,323,87,11,12,0.10,2,-1,-1
359,-1,428,198,70,107,0.95,7,-1,-1
359,-1,300,115,16,17,0.87,2,-1,-1
359,-1,322,87,11,12,0.54,2,-1,-1
360,-1,424,191,67,101,0.96,7,-1,-1
360,-1,322,88,11,12,0.21,2,-1,-1
361,-1,423,189,64,97,0.96,7,-1,-1
361,-1,298,117,17,17,0.87,2,-1,-1
361,-1,322,88,11,12,0.35,2,-1,-1
362,-1,421,183,60,92,0.96,7,-1,-1
362,-1,297,118,17,17,0.88,2,-1,-1
362,-1,321,88,11,12,0.58,2,-1,-1
363,-1,420,180,57,89,0.95,7,-1,-1
363,-1,297,119,17,16,0.82,2,-1,-1
363,-1,321,89,11,11,0.49,2,-1,-1
364,-1,418,178,56,84,0.95,7,-1,-1
364,-1,321,89,11,11,0.52,2,-1,-1
364,-1,295,121,18,18,0.49,2,-1,-1
365,-1,415,174,54,79,0.95,7,-1,-1
365,-1,294,122,18,18,0.87,2,-1,-1
365,-1,321,89,11,12,0.57,2,-1,-1
366,-1,414,171,52,78,0.94,7,-1,-1
366,-1,294,122,18,18,0.86,2,-1,-1
366,-1,321,89,11,12,0.54,2,-1,-1
367,-1,413,169,49,76,0.94,7,-1,-1
367,-1,293,125,17,16,0.88,2,-1,-1
367,-1,320,91,11,11,0.35,2,-1,-1
368,-1,411,164,47,73,0.95,7,-1,-1
368,-1,292,124,18,19,0.89,2,-1,-1
368,-1,319,91,12,12,0.59,2,-1,-1
369,-1,410,162,45,71,0.94,7,-1,-1
369,-1,291,126,18,18,0.90,2,-1,-1
369,-1,319,91,12,12,0.54,2,-1,-1
370,-1,408,160,43,66,0.94,7,-1,-1
370,-1,290,126,19,19,0.89,2,-1,-1
370,-1,319,90,12,14,0.54,2,-1,-1
371,-1,407,157,43,66,0.94,7,-1,-1
371,-1,289,127,19,20,0.88,2,-1,-1
371,-1,319,90,12,14,0.53,2,-1,-1
372,-1,405,154,40,63,0.94,7,-1,-1
372,-1,288,129,19,20,0.91,2,-1,-1
372,-1,317,93,13,13,0.49,2,-1,-1
373,-1,405,152,39,61,0.94,7,-1,-1
373,-1,287,130,19,20,0.91,2,-1,-1
373,-1,318,94,12,13,0.59,2,-1,-1
374,-1,403,148,39,61,0.94,7,-1,-1
374,-1,286,132,20,20,0.90,2,-1,-1
374,-1,317,93,13,14,0.65,2,-1,-1
375,-1,401,146,39,59,0.93,7,-1,-1
375,-1,285,133,19,20,0.90,2,-1,-1
375,-1,316,93,14,14,0.55,2,-1,-1
376,-1,400,144,37,57,0.93,7,-1,-1
376,-1,285,135,19,21,0.88,2,-1,-1
376,-1,316,91,13,16,0.49,2,-1,-1
377,-1,400,142,36,56,0.93,7,-1,-1
377,-1,283,136,20,21,0.90,2,-1,-1
377,-1,316,93,14,15,0.66,2,-1,-1
378,-1,398,140,35,54,0.94,7,-1,-1
378,-1,281,138,20,21,0.90,2,-1,-1
378,-1,315,94,14,16,0.64,2,-1,-1
379,-1,398,138,34,53,0.94,7,-1,-1
379,-1,281,139,20,21,0.91,2,-1,-1
379,-1,315,93,14,16,0.71,2,-1,-1
380,-1,396,136,33,51,0.92,7,-1,-1
380,-1,279,142,20,22,0.91,2,-1,-1
380,-1,315,94,14,16,0.69,2,-1,-1
381,-1,396,134,33,51,0.94,7,-1,-1
381,-1,278,144,20,21,0.92,2,-1,-1
381,-1,315,95,14,16,0.65,2,-1,-1
382,-1,394,133,33,48,0.94,7,-1,-1
382,-1,276,146,21,23,0.91,2,-1,-1
382,-1,313,94,15,18,0.74,2,-1,-1
383,-1,393,132,33,48,0.92,7,-1,-1
383,-1,275,147,21,23,0.91,2,-1,-1
383,-1,313,94,15,18,0.73,2,-1,-1
384,-1,393,130,32,47,0.94,7,-1,-1
384,-1,273,150,22,23,0.89,2,-1,-1
384,-1,313,97,14,16,0.68,2,-1,-1
385,-1,392,129,31,45,0.94,7,-1,-1
385,-1,271,151,22,24,0.90,2,-1,-1
385,-1,313,96,14,17,0.69,2,-1,-1
386,-1,391,127,30,43,0.92,7,-1,-1
386,-1,269,154,22,24,0.91,2,-1,-1
386,-1,312,95,15,18,0.69,2,-1,-1
387,-1,390,126,29,43,0.93,7,-1,-1
387,-1,267,157,22,23,0.91,2,-1,-1
387,-1,312,97,15,18,0.79,2,-1,-1
388,-1,390,125,28,41,0.94,7,-1,-1
388,-1,265,159,23,25,0.91,2,-1,-1
388,-1,312,97,15,18,0.84,2,-1,-1
389,-1,389,125,28,41,0.94,7,-1,-1
389,-1,264,161,23,25,0.91,2,-1,-1
389,-1,311,97,16,19,0.85,2,-1,-1
390,-1,389,123,27,39,0.93,7,-1,-1
390,-1,260,164,25,26,0.92,2,-1,-1
390,-1,310,100,16,18,0.81,2,-1,-1
391,-1,387,121,28,40,0.92,7,-1,-1
391,-1,258,167,25,27,0.92,2,-1,-1
391,-1,310,99,16,18,0.82,2,-1,-1
392,-1,256,170,24,27,0.92,2,-1,-1
392,-1,385,121,27,39,0.92,7,-1,-1
392,-1,309,98,16,20,0.87,2,-1,-1
393,-1,254,175,25,28,0.92,2,-1,-1
393,-1,384,119,27,37,0.91,7,-1,-1
393,-1,309,98,16,21,0.87,2,-1,-1
394,-1,250,177,27,29,0.94,2,-1,-1
394,-1,384,119,26,36,0.90,7,-1,-1
394,-1,309,97,17,22,0.88,2,-1,-1
395,-1,248,180,27,29,0.92,2,-1,-1
395,-1,383,117,26,37,0.91,7,-1,-1
395,-1,308,96,17,24,0.88,2,-1,-1
396,-1,244,185,28,30,0.92,2,-1,-1
396,-1,382,115,27,36,0.89,7,-1,-1
396,-1,307,100,17,22,0.84,2,-1,-1
397,-1,238,191,30,31,0.93,2,-1,-1
397,-1,382,114,26,37,0.90,7,-1,-1
397,-1,307,100,16,23,0.84,2,-1,-1
398,-1,236,193,31,32,0.92,2,-1,-1
398,-1,381,114,25,36,0.91,7,-1,-1
398,-1,306,101,17,23,0.88,2,-1,-1
399,-1,232,196,31,34,0.93,2,-1,-1
399,-1,381,112,24,34,0.90,7,-1,-1
399,-1,305,101,17,23,0.88,2,-1,-1
400,-1,227,202,33,36,0.92,2,-1,-1
400,-1,381,112,25,34,0.91,7,-1,-1
400,-1,304,100,18,26,0.86,2,-1,-1
401,-1,223,207,34,35,0.93,2,-1,-1
401,-1,381,111,24,34,0.91,7,-1,-1
401,-1,304,99,18,27,0.80,2,-1,-1
402,-1,217,214,37,38,0.92,2,-1,-1
402,-1,381,112,21,30,0.88,7,-1,-1
402,-1,303,101,19,26,0.87,2,-1,-1
403,-1,213,219,37,39,0.94,2,-1,-1
403,-1,303,101,19,27,0.88,2,-1,-1
403,-1,381,111,21,30,0.83,7,-1,-1
404,-1,207,226,38,41,0.92,2,-1,-1
404,-1,302,102,19,27,0.89,2,-1,-1
404,-1,380,111,21,29,0.77,7,-1,-1
405,-1,198,235,40,44,0.93,2,-1,-1
405,-1,381,109,20,30,0.86,7,-1,-1
405,-1,301,103,19,28,0.59,2,-1,-1
406,-1,193,241,42,45,0.93,2,-1,-1
406,-1,380,108,20,29,0.84,7,-1,-1
406,-1,301,103,19,28,0.76,2,-1,-1
407,-1,186,250,45,46,0.93,2,-1,-1
407,-1,301,106,19,27,0.88,2,-1,-1
407,-1,380,108,20,29,0.85,7,-1,-1
408,-1,178,262,45,48,0.94,2,-1,-1
408,-1,299,105,20,28,0.90,2,-1,-1
408,-1,379,109,19,26,0.63,7,-1,-1
408,-1,337,86,8,9,0.18,2,-1,-1
409,-1,170,270,48,52,0.94,2,-1,-1
409,-1,430,496,86,43,0.92,2,-1,-1
409,-1,298,106,20,29,0.86,2,-1,-1
409,-1,378,109,18,25,0.46,2,-1,-1
409,-1,336,86,8,9,0.12,2,-1,-1
410,-1,421,447,78,82,0.94,2,-1,-1
410,-1,158,286,51,55,0.94,2,-1,-1
410,-1,297,104,21,32,0.88,7,-1,-1
410,-1,377,106,19,26,0.79,7,-1,-1
410,-1,337,86,8,9,0.21,2,-1,-1
411,-1,149,294,54,59,0.94,2,-1,-1
411,-1,416,419,74,74,0.94,2,-1,-1
411,-1,377,106,19,27,0.84,7,-1,-1
411,-1,296,105,21,32,0.83,7,-1,-1
411,-1,337,86,8,9,0.18,2,-1,-1
412,-1,414,381,61,64,0.94,2,-1,-1
412,-1,136,313,57,64,0.94,2,-1,-1
412,-1,295,105,22,35,0.92,7,-1,-1
412,-1,376,104,20,28,0.88,7,-1,-1
412,-1,336,86,9,10,0.16,2,-1,-1
413,-1,123,325,64,69,0.95,2,-1,-1
413,-1,410,359,56,60,0.95,2,-1,-1
413,-1,294,105,22,36,0.91,7,-1,-1
413,-1,376,104,19,27,0.88,7,-1,-1
413,-1,336,87,9,10,0.18,2,-1,-1
413,-1,323,82,10,15,0.12,2,-1,-1
414,-1,105,348,69,76,0.94,2,-1,-1
414,-1,402,331,54,54,0.94,2,-1,-1
414,-1,376,103,19,27,0.88,7,-1,-1
414,-1,293,107,22,34,0.71,7,-1,-1
414,-1,336,87,9,10,0.14,2,-1,-1
414,-1,323,82,10,15,0.10,2,-1,-1
415,-1,90,368,72,77,0.94,2,-1,-1
415,-1,399,315,51,51,0.94,2,-1,-1
415,-1,293,110,22,32,0.91,2,-1,-1
415,-1,376,102,18,27,0.89,7,-1,-1
416,-1,397,295,45,45,0.94,2,-1,-1
416,-1,65,390,86,93,0.94,2,-1,-1
416,-1,376,102,18,26,0.89,7,-1,-1
416,-1,292,109,23,35,0.82,7,-1,-1
416,-1,322,82,10,16,0.28,2,-1,-1
416,-1,336,88,9,10,0.27,2,-1,-1
417,-1,395,282,42,43,0.93,2,-1,-1
417,-1,46,412,94,101,0.93,2,-1,-1
417,-1,375,101,18,27,0.89,7,-1,-1
417,-1,291,109,23,35,0.79,7,-1,-1
417,-1,336,88,9,10,0.25,2,-1,-1
417,-1,322,82,10,16,0.23,2,-1,-1
418,-1,13,446,106,93,0.94,2,-1,-1
418,-1,392,266,42,39,0.94,2,-1,-1
418,-1,289,109,24,37,0.88,7,-1,-1
418,-1,374,100,17,27,0.88,7,-1,-1
418,-1,336,88,9,10,0.25,2,-1,-1
418,-1,322,82,10,16,0.23,2,-1,-1
419,-1,390,257,38,38,0.92,2,-1,-1
419,-1,2,473,104,66,0.91,2,-1,-1
419,-1,374,100,17,26,0.85,7,-1,-1
419,-1,289,111,23,37,0.65,7,-1,-1
419,-1,321,83,12,17,0.17,2,-1,-1
420,-1,387,244,34,35,0.92,2,-1,-1
420,-1,287,111,24,39,0.90,7,-1,-1
420,-1,374,99,18,26,0.86,7,-1,-1
420,-1,320,83,12,18,0.27,2,-1,-1
421,-1,385,235,33,35,0.92,2,-1,-1
421,-1,287,111,25,40,0.91,7,-1,-1
421,-1,373,99,16,24,0.49,7,-1,-1
421,-1,320,84,12,18,0.12,7,-1,-1
422,-1,383,225,33,32,0.94,2,-1,-1
422,-1,285,111,25,42,0.90,7,-1,-1
422,-1,373,99,15,22,0.48,7,-1,-1
422,-1,320,84,12,18,0.39,7,-1,-1
423,-1,382,217,32,31,0.92,2,-1,-1
423,-1,283,113,25,42,0.88,7,-1,-1
423,-1,372,98,16,23,0.69,7,-1,-1
423,-1,319,84,13,19,0.58,7,-1,-1
424,-1,381,212,29,30,0.92,2,-1,-1
424,-1,283,112,25,44,0.91,7,-1,-1
424,-1,319,84,13,19,0.55,7,-1,-1
424,-1,373,99,15,21,0.30,2,-1,-1
425,-1,281,112,26,46,0.93,7,-1,-1
425,-1,380,207,27,29,0.91,2,-1,-1
425,-1,319,84,13,18,0.52,7,-1,-1
425,-1,373,99,15,21,0.27,2,-1,-1
426,-1,280,114,27,47,0.94,7,-1,-1
426,-1,378,200,27,27,0.92,2,-1,-1
426,-1,318,84,13,19,0.68,7,-1,-1
426,-1,372,98,15,21,0.35,7,-1,-1
427,-1,278,115,27,48,0.94,7,-1,-1
427,-1,377,194,27,25,0.92,2,-1,-1
427,-1,319,85,13,19,0.47,7,-1,-1
427,-1,373,98,14,20,0.32,2,-1,-1
428,-1,277,115,28,49,0.93,7,-1,-1
428,-1,377,190,25,25,0.91,2,-1,-1
428,-1,372,98,14,19,0.43,2,-1,-1
428,-1,319,85,12,18,0.39,7,-1,-1
429,-1,276,117,28,50,0.93,7,-1,-1
429,-1,376,185,24,26,0.90,2,-1,-1
429,-1,319,85,13,19,0.67,7,-1,-1
429,-1,372,98,14,19,0.38,2,-1,-1
430,-1,273,120,30,51,0.91,7,-1,-1
430,-1,374,180,24,23,0.91,2,-1,-1
430,-1,319,86,13,19,0.68,7,-1,-1
430,-1,372,98,13,18,0.22,2,-1,-1
430,-1,333,93,10,12,0.11,2,-1,-1
431,-1,272,121,31,50,0.92,7,-1,-1
431,-1,374,176,24,23,0.89,2,-1,-1
431,-1,318,86,13,19,0.49,7,-1,-1
431,-1,372,98,13,18,0.15,2,-1,-1
432,-1,270,124,31,51,0.94,7,-1,-1
432,-1,372,171,24,23,0.89,2,-1,-1
432,-1,318,86,13,20,0.65,7,-1,-1
432,-1,333,95,10,12,0.55,2,-1,-1
432,-1,371,96,14,18,0.43,7,-1,-1
433,-1,268,126,32,51,0.93,7,-1,-1
433,-1,373,169,22,22,0.90,2,-1,-1
433,-1,317,86,13,19,0.64,7,-1,-1
433,-1,333,95,10,12,0.53,2,-1,-1
433,-1,371,95,14,18,0.25,7,-1,-1
434,-1,265,126,33,54,0.92,7,-1,-1
434,-1,371,163,23,23,0.90,2,-1,-1
434,-1,317,86,14,20,0.62,7,-1,-1
434,-1,333,95,10,12,0.26,2,-1,-1
434,-1,371,95,14,18,0.23,7,-1,-1
435,-1,264,126,35,56,0.93,7,-1,-1
435,-1,370,160,22,23,0.90,2,-1,-1
435,-1,316,86,14,20,0.56,7,-1,-1
435,-1,371,94,14,18,0.53,7,-1,-1
435,-1,333,96,10,12,0.34,2,-1,-1
436,-1,261,128,37,57,0.93,7,-1,-1
436,-1,369,157,21,21,0.89,2,-1,-1
436,-1,316,87,14,20,0.46,7,-1,-1
436,-1,371,94,13,18,0.11,7,-1,-1
437,-1,259,128,37,60,0.93,7,-1,-1
437,-1,369,155,21,21,0.89,2,-1,-1
437,-1,315,87,14,20,0.56,7,-1,-1
437,-1,371,93,13,18,0.15,7,-1,-1
438,-1,256,130,39,62,0.94,7,-1,-1
438,-1,369,151,20,21,0.88,2,-1,-1
438,-1,316,88,14,20,0.67,7,-1,-1
438,-1,333,98,10,13,0.37,2,-1,-1
438,-1,371,92,13,18,0.28,7,-1,-1
439,-1,254,132,37,63,0.93,7,-1,-1
439,-1,368,149,20,21,0.88,2,-1,-1
439,-1,315,88,15,21,0.70,7,-1,-1
439,-1,333,98,10,13,0.42,2,-1,-1
440,-1,250,134,41,65,0.94,7,-1,-1
440,-1,367,146,19,20,0.88,2,-1,-1
440,-1,315,89,15,21,0.78,7,-1,-1
441,-1,247,135,43,70,0.94,7,-1,-1
441,-1,367,144,19,19,0.87,2,-1,-1
441,-1,314,89,15,21,0.71,7,-1,-1
441,-1,331,102,11,13,0.60,2,-1,-1
442,-1,244,137,44,71,0.94,7,-1,-1
442,-1,367,143,19,18,0.87,2,-1,-1
442,-1,329,102,12,14,0.70,2,-1,-1
442,-1,314,89,14,21,0.34,7,-1,-1
443,-1,241,137,48,74,0.95,7,-1,-1
443,-1,367,140,18,18,0.88,2,-1,-1
443,-1,314,90,14,21,0.53,7,-1,-1
443,-1,331,103,12,13,0.51,2,-1,-1
444,-1,237,142,50,76,0.95,7,-1,-1
444,-1,367,138,18,18,0.88,2,-1,-1
444,-1,329,103,13,14,0.72,2,-1,-1
444,-1,314,90,14,21,0.32,7,-1,-1
445,-1,233,141,52,80,0.94,7,-1,-1
445,-1,367,136,17,18,0.88,2,-1,-1
445,-1,329,103,13,14,0.74,2,-1,-1
445,-1,314,90,13,21,0.30,7,-1,-1
446,-1,228,141,55,86,0.95,7,-1,-1
446,-1,366,134,17,18,0.87,2,-1,-1
446,-1,313,91,15,23,0.82,7,-1,-1
446,-1,328,105,13,15,0.78,2,-1,-1
447,-1,224,143,58,89,0.95,7,-1,-1
447,-1,365,133,17,17,0.87,2,-1,-1
447,-1,313,91,15,23,0.84,7,-1,-1
447,-1,328,105,13,15,0.79,2,-1,-1
447,-1,370,89,12,16,0.19,7,-1,-1
448,-1,219,147,58,92,0.94,7,-1,-1
448,-1,365,130,17,18,0.86,2,-1,-1
448,-1,313,91,15,24,0.77,7,-1,-1
448,-1,328,107,13,14,0.76,2,-1,-1
449,-1,215,148,61,96,0.95,7,-1,-1
449,-1,365,129,17,17,0.86,2,-1,-1
449,-1,312,92,16,23,0.80,7,-1,-1
449,-1,327,108,13,14,0.72,2,-1,-1
450,-1,208,152,66,101,0.95,7,-1,-1
450,-1,312,93,16,23,0.85,7,-1,-1
450,-1,365,128,17,17,0.85,2,-1,-1
450,-1,326,109,13,15,0.76,2,-1,-1
450,-1,369,87,12,16,0.10,7,-1,-1
451,-1,204,153,69,106,0.95,7,-1,-1
451,-1,364,126,17,17,0.85,2,-1,-1
451,-1,312,93,16,23,0.79,7,-1,-1
451,-1,326,109,13,15,0.75,2,-1,-1
452,-1,197,158,71,111,0.96,7,-1,-1
452,-1,364,125,16,16,0.86,2,-1,-1
452,-1,311,93,17,24,0.85,7,-1,-1
452,-1,326,110,14,15,0.76,2,-1,-1
453,-1,189,162,75,117,0.96,7,-1,-1
453,-1,364,124,16,16,0.87,2,-1,-1
453,-1,311,93,16,23,0.81,7,-1,-1
453,-1,325,111,14,16,0.79,2,-1,-1
454,-1,183,164,78,125,0.96,7,-1,-1
454,-1,364,123,15,15,0.87,2,-1,-1
454,-1,324,113,14,16,0.78,2,-1,-1
454,-1,311,94,16,24,0.32,7,-1,-1
454,-1,330,95,9,9,0.22,2,-1,-1
455,-1,177,167,81,130,0.96,7,-1,-1
455,-1,363,122,15,15,0.85,2,-1,-1
455,-1,323,114,14,16,0.80,2,-1,-1
455,-1,311,95,16,24,0.34,7,-1,-1
455,-1,329,96,10,9,0.15,2,-1,-1
456,-1,167,171,89,141,0.96,7,-1,-1
456,-1,363,121,15,14,0.85,2,-1,-1
456,-1,309,95,17,25,0.80,7,-1,-1
456,-1,323,116,14,14,0.79,2,-1,-1
456,-1,329,96,10,10,0.31,2,-1,-1
457,-1,160,174,93,149,0.96,7,-1,-1
457,-1,362,119,16,15,0.87,2,-1,-1
457,-1,308,94,17,25,0.83,7,-1,-1
457,-1,322,117,15,15,0.79,2,-1,-1
457,-1,329,96,10,10,0.26,2,-1,-1
458,-1,149,178,99,163,0.96,7,-1,-1
458,-1,362,118,15,14,0.86,2,-1,-1
458,-1,322,118,14,15,0.83,2,-1,-1
458,-1,309,95,17,25,0.62,7,-1,-1
458,-1,329,97,9,11,0.40,2,-1,-1
459,-1,139,183,106,172,0.96,7,-1,-1
459,-1,362,116,16,15,0.86,2,-1,-1
459,-1,306,96,18,25,0.85,7,-1,-1
459,-1,321,119,15,16,0.83,2,-1,-1
459,-1,329,97,9,10,0.43,2,-1,-1
460,-1,124,189,116,188,0.96,7,-1,-1
460,-1,361,115,15,15,0.85,2,-1,-1
460,-1,306,96,18,25,0.84,7,-1,-1
460,-1,321,120,15,17,0.82,2,-1,-1
460,-1,329,99,9,10,0.32,2,-1,-1
461,-1,112,193,123,200,0.96,7,-1,-1
461,-1,362,115,14,14,0.83,2,-1,-1
461,-1,320,121,15,16,0.83,2,-1,-1
461,-1,306,97,18,26,0.80,7,-1,-1
461,-1,329,100,10,10,0.29,2,-1,-1
462,-1,93,200,137,222,0.95,7,-1,-1
462,-1,305,98,18,26,0.87,7,-1,-1
462,-1,361,113,15,14,0.84,2,-1,-1
462,-1,319,123,15,16,0.84,2,-1,-1
462,-1,328,100,10,11,0.34,2,-1,-1
463,-1,79,207,146,239,0.95,7,-1,-1
463,-1,319,124,16,17,0.85,2,-1,-1
463,-1,362,112,14,14,0.82,2,-1,-1
463,-1,305,97,18,28,0.79,7,-1,-1
463,-1,328,102,10,12,0.24,2,-1,-1
464,-1,55,215,163,268,0.95,7,-1,-1
464,-1,318,125,16,18,0.84,2,-1,-1
464,-1,304,98,18,27,0.83,7,-1,-1
464,-1,362,112,14,14,0.83,2,-1,-1
464,-1,328,101,10,12,0.53,2,-1,-1
465,-1,37,223,176,288,0.96,7,-1,-1
465,-1,304,98,18,27,0.84,7,-1,-1
465,-1,362,110,14,14,0.84,2,-1,-1
465,-1,317,126,17,19,0.84,2,-1,-1
465,-1,328,101,10,11,0.55,2,-1,-1
466,-1,4,235,200,304,0.96,7,-1,-1
466,-1,304,99,18,28,0.89,7,-1,-1
466,-1,317,128,16,19,0.84,2,-1,-1
466,-1,362,110,14,14,0.80,2,-1,-1
466,-1,328,102,10,11,0.54,2,-1,-1
467,-1,0,242,199,296,0.95,7,-1,-1
467,-1,316,130,16,19,0.87,2,-1,-1
467,-1,362,109,14,13,0.83,2,-1,-1
467,-1,304,100,18,28,0.79,7,-1,-1
467,-1,328,104,10,11,0.18,2,-1,-1
468,-1,0,253,191,285,0.95,7,-1,-1
468,-1,303,100,19,28,0.89,7,-1,-1
468,-1,316,133,16,18,0.86,2,-1,-1
468,-1,362,108,14,13,0.82,2,-1,-1
468,-1,328,104,11,11,0.24,2,-1,-1
468,-1,319,123,16,13,0.18,2,-1,-1
469,-1,0,262,183,276,0.96,7,-1,-1
469,-1,302,101,19,29,0.89,7,-1,-1
469,-1,315,134,16,18,0.87,2,-1,-1
469,-1,362,108,14,13,0.82,2,-1,-1
469,-1,328,105,11,11,0.53,2,-1,-1
469,-1,319,125,15,12,0.23,2,-1,-1
470,-1,0,281,169,258,0.96,7,-1,-1
470,-1,302,101,20,30,0.88,7,-1,-1
470,-1,313,137,17,18,0.85,2,-1,-1
470,-1,359,106,12,12,0.81,2,-1,-1
470,-1,321,123,14,14,0.63,2,-1,-1
470,-1,328,105,11,11,0.53,2,-1,-1
471,-1,0,295,160,244,0.96,7,-1,-1
471,-1,301,102,20,29,0.89,7,-1,-1
471,-1,312,139,17,19,0.86,2,-1,-1
471,-1,359,106,12,12,0.80,2,-1,-1
471,-1,328,105,11,11,0.65,2,-1,-1
471,-1,321,126,13,13,0.64,2,-1,-1
472,-1,0,316,146,223,0.96,7,-1,-1
472,-1,299,103,20,29,0.88,7,-1,-1
472,-1,312,140,17,19,0.88,2,-1,-1
472,-1,361,105,12,12,0.66,2,-1,-1
472,-1,327,106,12,12,0.63,2,-1,-1
472,-1,320,126,13,13,0.60,2,-1,-1
473,-1,0,330,133,209,0.96,7,-1,-1
473,-1,311,143,17,19,0.88,2,-1,-1
473,-1,299,103,21,30,0.88,7,-1,-1
473,-1,361,105,12,11,0.64,2,-1,-1
473,-1,327,108,12,11,0.58,2,-1,-1
473,-1,318,128,15,13,0.31,2,-1,-1
474,-1,0,360,111,179,0.96,7,-1,-1
474,-1,310,145,18,20,0.89,2,-1,-1
474,-1,298,104,21,30,0.87,7,-1,-1
474,-1,361,105,12,11,0.64,2,-1,-1
474,-1,327,108,12,11,0.56,2,-1,-1
474,-1,318,129,15,14,0.54,2,-1,-1
475,-1,0,382,97,157,0.95,7,-1,-1
475,-1,309,147,18,20,0.89,2,-1,-1
475,-1,298,104,21,30,0.88,7,-1,-1
475,-1,327,108,12,12,0.74,2,-1,-1
475,-1,317,131,15,13,0.61,2,-1,-1
475,-1,361,104,11,11,0.34,2,-1,-1
476,-1,0,426,59,110,0.92,2,-1,-1
476,-1,308,151,17,20,0.89,2,-1,-1
476,-1,296,105,22,31,0.88,7,-1,-1
476,-1,317,133,14,14,0.75,2,-1,-1
476,-1,326,109,12,12,0.72,2,-1,-1
476,-1,361,103,12,11,0.65,2,-1,-1
477,-1,306,154,18,22,0.90,2,-1,-1
477,-1,295,106,22,31,0.88,7,-1,-1
477,-1,326,109,13,13,0.77,2,-1,-1
477,-1,315,134,16,15,0.75,2,-1,-1
477,-1,0,473,25,66,0.66,2,-1,-1
477,-1,361,103,11,11,0.66,2,-1,-1
478,-1,305,156,18,22,0.89,2,-1,-1
478,-1,295,107,22,31,0.88,7,-1,-1
478,-1,314,134,17,16,0.82,2,-1,-1
478,-1,326,110,12,13,0.80,2,-1,-1
478,-1,361,103,11,10,0.13,2,-1,-1
479,-1,304,160,19,23,0.91,2,-1,-1
479,-1,294,107,22,32,0.86,7,-1,-1
479,-1,313,136,16,16,0.86,2,-1,-1
479,-1,325,112,12,13,0.77,2,-1,-1
479,-1,360,101,10,10,0.48,2,-1,-1
480,-1,302,163,20,24,0.89,2,-1,-1
480,-1,293,107,22,33,0.89,7,-1,-1
480,-1,312,138,17,17,0.86,2,-1,-1
480,-1,325,112,12,13,0.79,2,-1,-1
480,-1,360,101,10,10,0.50,2,-1,-1
481,-1,293,108,22,33,0.90,7,-1,-1
481,-1,300,167,21,25,0.90,2,-1,-1
481,-1,312,140,17,17,0.87,2,-1,-1
481,-1,324,114,13,13,0.81,2,-1,-1
482,-1,291,108,24,33,0.91,7,-1,-1
482,-1,299,170,21,25,0.89,2,-1,-1
482,-1,310,142,17,17,0.88,2,-1,-1
482,-1,323,114,13,13,0.80,2,-1,-1
482,-1,360,98,10,10,0.48,2,-1,-1
483,-1,291,110,24,33,0.92,7,-1,-1
483,-1,296,175,22,26,0.90,2,-1,-1
483,-1,309,145,18,17,0.86,2,-1,-1
483,-1,322,115,14,14,0.79,2,-1,-1
483,-1,360,98,10,10,0.45,2,-1,-1
484,-1,290,109,25,34,0.93,7,-1,-1
484,-1,295,178,23,27,0.91,2,-1,-1
484,-1,309,146,18,17,0.87,2,-1,-1
484,-1,322,116,14,14,0.83,2,-1,-1
484,-1,360,98,9,10,0.12,2,-1,-1
485,-1,290,111,24,34,0.92,7,-1,-1
485,-1,293,181,23,28,0.91,2,-1,-1
485,-1,308,149,17,18,0.90,2,-1,-1
485,-1,323,117,13,13,0.85,2,-1,-1
485,-1,360,97,9,9,0.16,2,-1,-1
486,-1,290,187,24,30,0.92,2,-1,-1
486,-1,288,111,25,35,0.92,7,-1,-1
486,-1,307,152,18,18,0.88,2,-1,-1
486,-1,322,118,14,13,0.84,2,-1,-1
486,-1,360,97,9,9,0.23,2,-1,-1
487,-1,288,111,25,37,0.93,7,-1,-1
487,-1,286,193,26,33,0.92,2,-1,-1
487,-1,306,155,18,18,0.89,2,-1,-1
487,-1,322,120,14,13,0.84,2,-1,-1
487,-1,361,97,9,9,0.13,2,-1,-1
488,-1,283,198,27,33,0.92,2,-1,-1
488,-1,287,112,26,37,0.91,7,-1,-1
488,-1,305,157,19,18,0.90,2,-1,-1
488,-1,321,119,14,15,0.86,2,-1,-1
488,-1,360,96,9,9,0.28,2,-1,-1
489,-1,280,205,29,35,0.93,2,-1,-1
489,-1,285,114,27,37,0.90,7,-1,-1
489,-1,304,161,18,19,0.89,2,-1,-1
489,-1,320,121,14,14,0.85,2,-1,-1
489,-1,360,96,9,9,0.24,2,-1,-1
490,-1,277,211,29,36,0.92,2,-1,-1
490,-1,302,164,19,19,0.91,2,-1,-1
490,-1,286,114,26,37,0.90,7,-1,-1
490,-1,320,121,15,15,0.86,2,-1,-1
491,-1,272,219,32,40,0.92,2,-1,-1
491,-1,300,167,21,20,0.89,2,-1,-1
491,-1,319,122,15,16,0.88,2,-1,-1
491,-1,286,115,26,38,0.87,7,-1,-1
492,-1,267,226,34,41,0.95,2,-1,-1
492,-1,284,116,27,38,0.91,7,-1,-1
492,-1,298,170,22,21,0.90,2,-1,-1
492,-1,318,123,16,16,0.88,2,-1,-1
493,-1,262,237,35,45,0.94,2,-1,-1
493,-1,282,117,28,39,0.90,7,-1,-1
493,-1,297,175,21,21,0.90,2,-1,-1
493,-1,318,125,16,16,0.88,2,-1,-1
494,-1,259,245,36,47,0.94,2,-1,-1
494,-1,296,178,22,22,0.91,2,-1,-1
494,-1,318,126,16,16,0.89,2,-1,-1
494,-1,280,118,29,39,0.89,7,-1,-1
495,-1,250,259,40,53,0.94,2,-1,-1
495,-1,292,183,24,23,0.90,2,-1,-1
495,-1,280,119,28,40,0.90,7,-1,-1
495,-1,317,128,16,17,0.88,2,-1,-1
496,-1,246,269,41,57,0.95,2,-1,-1
496,-1,291,187,24,23,0.91,2,-1,-1
496,-1,279,120,29,40,0.90,7,-1,-1
496,-1,316,129,17,17,0.89,2,-1,-1
497,-1,237,289,46,62,0.94,2,-1,-1
497,-1,277,121,30,41,0.92,7,-1,-1
497,-1,288,193,26,25,0.92,2,-1,-1
497,-1,316,131,17,17,0.88,2,-1,-1
498,-1,230,303,49,66,0.95,2,-1,-1
498,-1,277,122,30,42,0.93,7,-1,-1
498,-1,285,197,26,25,0.91,2,-1,-1
498,-1,315,132,17,17,0.88,2,-1,-1
499,-1,217,327,54,76,0.94,2,-1,-1
499,-1,275,123,30,43,0.94,7,-1,-1
499,-1,281,203,28,28,0.92,2,-1,-1
499,-1,315,134,17,18,0.87,2,-1,-1
500,-1,208,346,59,84,0.95,2,-1,-1
500,-1,279,209,29,28,0.93,2,-1,-1
500,-1,273,125,31,43,0.92,7,-1,-1
500,-1,313,135,18,19,0.88,2,-1,-1
501,-1,191,380,66,97,0.95,2,-1,-1
501,-1,272,125,32,45,0.92,7,-1,-1
501,-1,275,217,30,29,0.91,2,-1,-1
501,-1,311,137,19,20,0.89,2,-1,-1
502,-1,176,408,73,105,0.95,2,-1,-1
502,-1,270,223,34,32,0.94,2,-1,-1
502,-1,271,125,34,47,0.92,7,-1,-1
502,-1,310,137,21,22,0.88,2,-1,-1
503,-1,162,440,77,99,0.94,2,-1,-1
503,-1,267,229,34,33,0.92,2,-1,-1
503,-1,270,127,34,46,0.91,7,-1,-1
503,-1,310,139,20,21,0.90,2,-1,-1
504,-1,262,239,35,36,0.93,2,-1,-1
504,-1,153,499,67,40,0.92,2,-1,-1
504,-1,268,128,35,47,0.90,7,-1,-1
504,-1,309,143,20,21,0.90,2,-1,-1
505,-1,258,252,36,38,0.93,2,-1,-1
505,-1,266,130,36,50,0.92,7,-1,-1
505,-1,308,145,21,21,0.91,2,-1,-1
506,-1,252,261,39,40,0.93,2,-1,-1
506,-1,265,130,37,50,0.93,7,-1,-1
506,-1,307,147,21,21,0.91,2,-1,-1
507,-1,244,277,44,45,0.95,2,-1,-1
507,-1,262,133,37,51,0.93,7,-1,-1
507,-1,306,150,21,22,0.92,2,-1,-1
508,-1,238,289,45,49,0.94,2,-1,-1
508,-1,261,134,39,51,0.93,7,-1,-1
508,-1,306,152,21,22,0.92,2,-1,-1
509,-1,228,309,47,54,0.95,2,-1,-1
509,-1,258,135,40,54,0.93,7,-1,-1
509,-1,304,156,22,22,0.92,2,-1,-1
510,-1,220,325,54,58,0.95,2,-1,-1
510,-1,256,136,41,55,0.94,7,-1,-1
510,-1,303,158,23,23,0.91,2,-1,-1
511,-1,203,352,61,67,0.95,2,-1,-1
511,-1,254,138,41,56,0.94,7,-1,-1
511,-1,302,161,23,24,0.92,2,-1,-1
512,-1,194,373,64,73,0.96,2,-1,-1
512,-1,252,139,43,58,0.94,7,-1,-1
512,-1,300,164,23,24,0.92,2,-1,-1
513,-1,176,411,74,86,0.96,2,-1,-1
513,-1,249,141,44,59,0.94,7,-1,-1
513,-1,298,168,24,26,0.92,2,-1,-1
514,-1,248,142,45,61,0.95,7,-1,-1
514,-1,163,439,78,96,0.94,2,-1,-1
514,-1,296,170,26,26,0.92,2,-1,-1
515,-1,245,144,46,63,0.95,7,-1,-1
515,-1,152,490,72,49,0.94,2,-1,-1
515,-1,294,175,25,27,0.92,2,-1,-1
516,-1,243,146,46,64,0.94,7,-1,-1
516,-1,292,177,26,28,0.93,2,-1,-1
517,-1,239,147,48,67,0.95,7,-1,-1
517,-1,290,182,26,29,0.92,2,-1,-1
518,-1,236,149,50,69,0.94,7,-1,-1
518,-1,288,186,27,30,0.92,2,-1,-1
519,-1,284,192,29,31,0.94,2,-1,-1
519,-1,233,151,51,70,0.94,7,-1,-1
520,-1,231,154,51,72,0.95,7,-1,-1
520,-1,282,196,29,32,0.92,2,-1,-1
521,-1,228,156,53,72,0.95,7,-1,-1
521,-1,279,200,31,35,0.91,2,-1,-1
522,-1,224,159,56,76,0.95,7,-1,-1
522,-1,275,207,33,36,0.93,2,-1,-1
523,-1,219,162,57,79,0.96,7,-1,-1
523,-1,269,215,36,39,0.92,2,-1,-1
523,-1,333,96,9,8,0.21,2,-1,-1
523,-1,324,80,10,18,0.17,7,-1,-1
524,-1,216,163,59,82,0.95,7,-1,-1
524,-1,265,221,37,41,0.92,2,-1,-1
524,-1,332,96,9,8,0.14,2,-1,-1
525,-1,211,166,62,86,0.95,7,-1,-1
525,-1,260,230,39,43,0.94,2,-1,-1
525,-1,332,96,9,8,0.33,2,-1,-1
525,-1,322,81,11,18,0.20,7,-1,-1
526,-1,208,170,64,87,0.95,7,-1,-1
526,-1,256,237,40,46,0.93,2,-1,-1
526,-1,332,96,9,8,0.32,2,-1,-1
526,-1,322,81,11,18,0.23,7,-1,-1
527,-1,201,173,68,92,0.96,7,-1,-1
527,-1,250,248,42,51,0.92,2,-1,-1
527,-1,323,83,10,18,0.25,7,-1,-1
527,-1,331,98,10,9,0.25,2,-1,-1
528,-1,197,175,69,96,0.95,7,-1,-1
528,-1,245,258,44,54,0.93,2,-1,-1
528,-1,331,98,11,10,0.73,2,-1,-1
528,-1,322,83,11,18,0.44,7,-1,-1
529,-1,192,178,72,99,0.96,7,-1,-1
529,-1,240,266,47,59,0.94,2,-1,-1
529,-1,331,98,11,10,0.74,2,-1,-1
529,-1,322,82,11,18,0.44,7,-1,-1
530,-1,185,183,75,105,0.96,7,-1,-1
530,-1,231,282,50,66,0.94,2,-1,-1
530,-1,331,98,11,10,0.72,2,-1,-1
530,-1,321,83,11,17,0.67,7,-1,-1
531,-1,180,186,79,108,0.96,7,-1,-1
531,-1,224,295,53,70,0.95,2,-1,-1
531,-1,321,83,11,17,0.76,7,-1,-1
531,-1,331,99,10,9,0.46,2,-1,-1
532,-1,171,190,84,116,0.96,7,-1,-1
532,-1,211,317,60,78,0.95,2,-1,-1
532,-1,330,99,11,10,0.78,2,-1,-1
532,-1,321,83,12,18,0.71,7,-1,-1
533,-1,165,194,89,121,0.96,7,-1,-1
533,-1,203,333,63,86,0.95,2,-1,-1
533,-1,321,83,12,18,0.80,7,-1,-1
533,-1,330,101,11,10,0.69,2,-1,-1
534,-1,154,199,95,130,0.96,7,-1,-1
534,-1,183,362,73,97,0.95,2,-1,-1
534,-1,321,83,12,18,0.78,7,-1,-1
534,-1,330,101,11,10,0.68,2,-1,-1
535,-1,173,383,77,110,0.96,2,-1,-1
535,-1,148,203,98,136,0.96,7,-1,-1
535,-1,329,100,12,11,0.79,2,-1,-1
535,-1,321,83,12,19,0.64,7,-1,-1
536,-1,137,208,105,147,0.96,7,-1,-1
536,-1,147,423,89,114,0.94,2,-1,-1
536,-1,320,84,12,20,0.82,7,-1,-1
536,-1,329,102,10,9,0.18,2,-1,-1
537,-1,129,213,112,153,0.96,7,-1,-1
537,-1,141,456,86,83,0.93,2,-1,-1
537,-1,320,84,12,20,0.76,7,-1,-1
537,-1,328,102,12,12,0.74,2,-1,-1
538,-1,114,220,123,167,0.96,7,-1,-1
538,-1,132,514,69,25,0.89,2,-1,-1
538,-1,320,84,12,20,0.76,7,-1,-1
538,-1,328,102,12,12,0.74,2,-1,-1
539,-1,103,224,127,178,0.96,7,-1,-1
539,-1,319,84,13,22,0.80,7,-1,-1
539,-1,328,104,12,11,0.44,2,-1,-1
540,-1,87,233,138,194,0.96,7,-1,-1
540,-1,318,86,13,21,0.80,7,-1,-1
540,-1,327,104,12,12,0.70,2,-1,-1
541,-1,67,242,152,213,0.96,7,-1,-1
541,-1,326,104,13,14,0.80,2,-1,-1
541,-1,318,85,13,21,0.71,7,-1,-1
542,-1,50,249,163,226,0.96,7,-1,-1
542,-1,326,105,14,14,0.82,2,-1,-1
542,-1,318,86,13,19,0.64,2,-1,-1
543,-1,32,262,172,248,0.96,7,-1,-1
543,-1,326,107,13,14,0.83,2,-1,-1
543,-1,318,87,14,21,0.54,2,-1,-1
544,-1,11,269,187,267,0.96,7,-1,-1
544,-1,325,108,13,13,0.84,2,-1,-1
544,-1,317,87,14,20,0.64,2,-1,-1
545,-1,0,283,190,255,0.96,7,-1,-1
545,-1,325,109,13,14,0.85,2,-1,-1
545,-1,316,87,14,21,0.65,2,-1,-1
546,-1,0,292,183,246,0.96,7,-1,-1
546,-1,324,110,13,13,0.84,2,-1,-1
546,-1,316,88,14,21,0.72,2,-1,-1
547,-1,0,310,171,229,0.97,7,-1,-1
547,-1,324,110,14,14,0.80,2,-1,-1
547,-1,316,88,14,21,0.64,2,-1,-1
548,-1,0,320,164,219,0.96,7,-1,-1
548,-1,323,112,14,14,0.81,2,-1,-1
548,-1,315,88,16,22,0.74,2,-1,-1
549,-1,1,342,149,197,0.96,7,-1,-1
549,-1,322,113,14,15,0.84,2,-1,-1
549,-1,315,88,16,23,0.70,2,-1,-1
550,-1,1,357,137,182,0.96,7,-1,-1
550,-1,322,113,15,15,0.85,2,-1,-1
550,-1,314,88,16,23,0.68,2,-1,-1
551,-1,1,383,117,156,0.96,7,-1,-1
551,-1,322,114,15,15,0.86,2,-1,-1
551,-1,314,89,16,23,0.63,7,-1,-1
552,-1,1,404,109,135,0.94,7,-1,-1
552,-1,322,116,15,14,0.86,2,-1,-1
552,-1,313,91,16,23,0.75,2,-1,-1
553,-1,1,441,81,98,0.92,7,-1,-1
553,-1,321,117,15,14,0.85,2,-1,-1
553,-1,313,91,16,23,0.71,7,-1,-1
554,-1,1,470,67,69,0.91,7,-1,-1
554,-1,320,118,15,15,0.85,2,-1,-1
554,-1,312,91,17,23,0.76,7,-1,-1
555,-1,311,91,17,24,0.85,7,-1,-1
555,-1,320,120,15,15,0.85,2,-1,-1
556,-1,311,91,17,24,0.85,7,-1,-1
556,-1,320,121,15,15,0.84,2,-1,-1
557,-1,319,121,16,16,0.85,2,-1,-1
557,-1,311,92,17,24,0.85,7,-1,-1
558,-1,311,93,18,25,0.87,7,-1,-1
558,-1,319,124,15,15,0.86,2,-1,-1
559,-1,310,93,18,25,0.89,7,-1,-1
559,-1,318,125,16,16,0.88,2,-1,-1
560,-1,317,126,16,17,0.88,2,-1,-1
560,-1,310,94,18,25,0.78,7,-1,-1
561,-1,309,95,18,26,0.88,7,-1,-1
561,-1,317,128,16,17,0.86,2,-1,-1
562,-1,309,96,18,25,0.88,7,-1,-1
562,-1,316,130,17,17,0.87,2,-1,-1
563,-1,315,131,18,18,0.91,2,-1,-1
563,-1,307,96,19,26,0.68,7,-1,-1
564,-1,314,133,18,18,0.91,2,-1,-1
564,-1,307,96,19,26,0.76,7,-1,-1
565,-1,313,135,18,19,0.89,2,-1,-1
565,-1,306,98,19,26,0.88,7,-1,-1
566,-1,312,137,19,18,0.90,2,-1,-1
566,-1,306,99,19,27,0.88,7,-1,-1
567,-1,312,140,18,18,0.91,2,-1,-1
567,-1,306,99,19,27,0.88,7,-1,-1
568,-1,304,99,20,29,0.91,7,-1,-1
568,-1,311,141,18,18,0.91,2,-1,-1
569,-1,304,99,20,29,0.91,7,-1,-1
569,-1,310,143,19,19,0.90,2,-1,-1
570,-1,303,100,20,30,0.91,7,-1,-1
570,-1,309,145,18,20,0.90,2,-1,-1
571,-1,307,148,20,20,0.91,2,-1,-1
571,-1,303,101,20,30,0.90,7,-1,-1
572,-1,307,150,20,21,0.92,2,-1,-1
572,-1,300,102,22,30,0.91,7,-1,-1
573,-1,305,154,20,21,0.92,2,-1,-1
573,-1,299,103,22,30,0.91,7,-1,-1
574,-1,304,157,21,22,0.92,2,-1,-1
574,-1,299,103,22,29,0.91,7,-1,-1
575,-1,303,160,22,22,0.91,2,-1,-1
575,-1,298,104,22,30,0.91,7,-1,-1
576,-1,297,105,23,31,0.92,7,-1,-1
576,-1,301,162,23,24,0.92,2,-1,-1
577,-1,299,166,24,25,0.93,2,-1,-1
577,-1,297,105,23,32,0.92,7,-1,-1
578,-1,298,169,24,25,0.92,2,-1,-1
578,-1,296,105,23,32,0.92,7,-1,-1
579,-1,295,107,23,32,0.93,7,-1,-1
579,-1,295,174,25,26,0.92,2,-1,-1
580,-1,294,108,23,34,0.93,7,-1,-1
580,-1,293,177,26,26,0.92,2,-1,-1
581,-1,293,108,24,34,0.94,7,-1,-1
581,-1,291,182,27,28,0.91,2,-1,-1
582,-1,291,109,25,34,0.95,7,-1,-1
582,-1,289,186,28,29,0.93,2,-1,-1
583,-1,291,110,25,35,0.95,7,-1,-1
583,-1,286,190,28,30,0.93,2,-1,-1
584,-1,290,111,26,36,0.95,7,-1,-1
584,-1,282,196,31,32,0.93,2,-1,-1
585,-1,288,113,26,36,0.94,7,-1,-1
585,-1,279,204,31,35,0.94,2,-1,-1
586,-1,288,113,27,37,0.94,7,-1,-1
586,-1,275,209,34,35,0.93,2,-1,-1
587,-1,286,114,27,38,0.93,7,-1,-1
587,-1,272,214,35,38,0.93,2,-1,-1
588,-1,285,115,28,39,0.94,7,-1,-1
588,-1,266,225,38,39,0.93,2,-1,-1
589,-1,262,231,39,42,0.95,2,-1,-1
589,-1,283,116,29,40,0.94,7,-1,-1
590,-1,282,117,29,41,0.94,7,-1,-1
590,-1,257,242,40,45,0.93,2,-1,-1
591,-1,280,118,29,42,0.95,7,-1,-1
591,-1,247,256,47,51,0.94,2,-1,-1
592,-1,279,120,30,43,0.95,7,-1,-1
592,-1,243,265,47,54,0.94,2,-1,-1
593,-1,278,121,30,42,0.95,7,-1,-1
593,-1,237,277,49,58,0.94,2,-1,-1
594,-1,275,123,32,44,0.95,7,-1,-1
594,-1,226,297,53,65,0.94,2,-1,-1
595,-1,213,320,60,73,0.95,2,-1,-1
595,-1,273,125,32,45,0.94,7,-1,-1
596,-1,204,337,63,81,0.95,2,-1,-1
596,-1,271,126,34,46,0.94,7,-1,-1
597,-1,268,127,36,48,0.95,7,-1,-1
597,-1,186,368,72,95,0.95,2,-1,-1
598,-1,174,393,78,105,0.96,2,-1,-1
598,-1,267,129,36,49,0.95,7,-1,-1
599,-1,149,437,89,102,0.96,2,-1,-1
599,-1,264,130,38,51,0.95,7,-1,-1
600,-1,262,132,39,52,0.95,7,-1,-1
600,-1,142,473,81,66,0.94,2,-1,-1
601,-1,260,134,40,53,0.94,7,-1,-1
601,-1,135,516,72,23,0.89,2,-1,-1
602,-1,256,136,42,55,0.93,7,-1,-1
603,-1,253,138,44,57,0.95,7,-1,-1
604,-1,250,140,45,60,0.94,7,-1,-1
605,-1,248,142,46,61,0.95,7,-1,-1
606,-1,244,144,47,64,0.95,7,-1,-1
607,-1,240,147,50,66,0.95,7,-1,-1
608,-1,237,149,50,68,0.95,7,-1,-1
609,-1,232,152,53,71,0.95,7,-1,-1
610,-1,229,154,55,74,0.95,7,-1,-1
611,-1,223,158,58,78,0.96,7,-1,-1
612,-1,219,160,60,81,0.96,7,-1,-1
613,-1,212,165,63,85,0.95,7,-1,-1
614,-1,207,167,66,89,0.95,7,-1,-1
615,-1,200,173,71,94,0.95,7,-1,-1
616,-1,194,176,73,98,0.95,7,-1,-1
617,-1,188,179,78,103,0.96,7,-1,-1
618,-1,180,185,82,111,0.97,7,-1,-1
619,-1,168,191,89,121,0.96,7,-1,-1
620,-1,160,195,93,129,0.96,7,-1,-1
621,-1,147,202,101,142,0.96,7,-1,-1
622,-1,138,207,105,151,0.95,7,-1,-1
623,-1,120,215,118,169,0.96,7,-1,-1
624,-1,106,222,126,182,0.97,7,-1,-1
625,-1,93,229,133,195,0.96,7,-1,-1
626,-1,67,241,152,220,0.96,7,-1,-1
627,-1,39,256,172,252,0.97,7,-1,-1
628,-1,15,264,186,273,0.96,7,-1,-1
629,-1,0,277,194,260,0.96,7,-1,-1
630,-1,0,294,182,245,0.96,7,-1,-1
631,-1,1,318,166,221,0.96,7,-1,-1
632,-1,3,336,152,203,0.96,7,-1,-1
633,-1,2,357,139,182,0.97,7,-1,-1
634,-1,3,392,116,147,0.96,7,-1,-1
635,-1,2,437,87,102,0.28,7,-1,-1
638,-1,328,70,11,16,0.21,7,-1,-1
639,-1,328,70,11,16,0.31,7,-1,-1
640,-1,328,70,12,16,0.39,7,-1,-1
641,-1,328,70,12,16,0.39,7,-1,-1
642,-1,327,70,12,16,0.48,7,-1,-1
643,-1,327,70,12,16,0.47,7,-1,-1
644,-1,327,70,12,16,0.47,7,-1,-1
645,-1,327,70,12,16,0.45,7,-1,-1
646,-1,327,70,11,16,0.25,7,-1,-1
647,-1,559,476,78,63,0.92,7,-1,-1
647,-1,327,70,11,17,0.24,7,-1,-1
648,-1,544,443,93,96,0.92,7,-1,-1
648,-1,327,71,11,16,0.21,7,-1,-1
649,-1,523,404,113,135,0.95,7,-1,-1
649,-1,327,71,11,16,0.17,7,-1,-1
650,-1,511,381,124,158,0.95,7,-1,-1
650,-1,327,71,11,16,0.17,7,-1,-1
651,-1,500,350,134,189,0.96,7,-1,-1
651,-1,327,71,11,16,0.17,7,-1,-1
652,-1,492,333,143,206,0.96,7,-1,-1
652,-1,327,71,11,17,0.71,7,-1,-1
653,-1,483,313,152,226,0.96,7,-1,-1
653,-1,327,71,11,17,0.71,7,-1,-1
654,-1,474,300,161,239,0.95,7,-1,-1
654,-1,327,71,11,17,0.68,7,-1,-1
655,-1,465,280,169,258,0.96,7,-1,-1
655,-1,327,71,11,17,0.65,7,-1,-1
656,-1,461,271,152,239,0.96,7,-1,-1
656,-1,327,72,11,18,0.67,7,-1,-1
657,-1,452,256,139,214,0.96,7,-1,-1
657,-1,326,72,12,18,0.59,7,-1,-1
658,-1,448,248,129,198,0.96,7,-1,-1
658,-1,326,72,12,18,0.55,7,-1,-1
659,-1,443,237,117,180,0.96,7,-1,-1
659,-1,326,72,12,18,0.48,7,-1,-1
660,-1,440,230,109,170,0.96,7,-1,-1
660,-1,326,72,12,18,0.41,7,-1,-1
661,-1,435,222,101,153,0.96,7,-1,-1
661,-1,326,73,12,18,0.36,7,-1,-1
662,-1,432,216,97,145,0.96,7,-1,-1
662,-1,326,73,12,18,0.30,7,-1,-1
663,-1,428,209,88,133,0.96,7,-1,-1
663,-1,325,74,13,17,0.38,7,-1,-1
664,-1,426,203,85,127,0.96,7,-1,-1
664,-1,324,74,13,18,0.67,7,-1,-1
665,-1,424,199,81,121,0.97,7,-1,-1
665,-1,324,75,13,17,0.71,7,-1,-1
666,-1,420,193,75,112,0.96,7,-1,-1
666,-1,324,75,13,17,0.70,7,-1,-1
667,-1,418,191,72,106,0.96,7,-1,-1
667,-1,324,75,13,17,0.73,7,-1,-1
668,-1,416,183,67,101,0.96,7,-1,-1
668,-1,324,75,13,18,0.76,7,-1,-1
669,-1,413,179,65,94,0.95,7,-1,-1
669,-1,324,75,13,19,0.76,7,-1,-1
670,-1,413,176,61,90,0.95,7,-1,-1
670,-1,324,75,13,19,0.76,7,-1,-1
671,-1,410,173,58,84,0.95,7,-1,-1
671,-1,323,75,13,19,0.81,7,-1,-1
672,-1,409,171,55,81,0.95,7,-1,-1
672,-1,323,76,14,19,0.81,7,-1,-1
673,-1,409,168,53,79,0.94,7,-1,-1
673,-1,323,76,14,19,0.80,7,-1,-1
674,-1,406,163,51,76,0.95,7,-1,-1
674,-1,323,76,14,19,0.78,7,-1,-1
675,-1,404,161,50,72,0.94,7,-1,-1
675,-1,323,76,14,19,0.71,7,-1,-1
676,-1,404,160,47,69,0.95,7,-1,-1
676,-1,323,76,14,19,0.72,7,-1,-1
677,-1,402,155,46,68,0.94,7,-1,-1
677,-1,323,76,14,19,0.70,7,-1,-1
678,-1,401,153,46,65,0.95,7,-1,-1
678,-1,322,76,14,19,0.68,7,-1,-1
679,-1,399,150,45,63,0.93,7,-1,-1
679,-1,322,76,14,19,0.65,7,-1,-1
680,-1,397,148,44,61,0.94,7,-1,-1
680,-1,322,77,14,19,0.67,7,-1,-1
681,-1,397,146,42,59,0.94,7,-1,-1
681,-1,321,77,15,20,0.68,7,-1,-1
682,-1,397,144,41,57,0.94,7,-1,-1
682,-1,321,78,15,20,0.74,7,-1,-1
683,-1,396,141,39,56,0.95,7,-1,-1
683,-1,321,78,14,20,0.75,7,-1,-1
684,-1,394,140,39,54,0.95,7,-1,-1
684,-1,321,78,15,20,0.74,7,-1,-1
685,-1,392,139,38,51,0.94,7,-1,-1
685,-1,320,78,15,21,0.76,7,-1,-1
686,-1,391,137,37,50,0.93,7,-1,-1
686,-1,320,78,15,21,0.76,7,-1,-1
687,-1,391,135,35,49,0.93,7,-1,-1
687,-1,320,79,15,21,0.74,7,-1,-1
688,-1,389,133,35,49,0.95,7,-1,-1
688,-1,319,79,15,22,0.84,7,-1,-1
689,-1,389,133,34,46,0.94,7,-1,-1
689,-1,319,79,15,22,0.84,7,-1,-1
690,-1,388,131,34,45,0.94,7,-1,-1
690,-1,319,79,15,22,0.84,7,-1,-1
691,-1,387,130,32,44,0.93,7,-1,-1
691,-1,319,79,15,21,0.84,7,-1,-1
692,-1,387,128,32,43,0.92,7,-1,-1
692,-1,318,80,16,23,0.87,7,-1,-1
693,-1,318,80,16,23,0.87,7,-1,-1
693,-1,387,130,30,39,0.76,7,-1,-1
694,-1,386,128,30,40,0.89,7,-1,-1
694,-1,318,80,16,23,0.87,7,-1,-1
695,-1,384,127,29,38,0.91,7,-1,-1
695,-1,317,81,17,23,0.87,7,-1,-1
696,-1,317,81,17,24,0.86,7,-1,-1
696,-1,385,128,28,35,0.68,7,-1,-1
697,-1,317,81,17,24,0.86,7,-1,-1
697,-1,383,127,28,34,0.70,2,-1,-1
698,-1,317,82,16,24,0.88,7,-1,-1
698,-1,382,124,28,35,0.59,2,-1,-1
699,-1,317,82,16,24,0.88,7,-1,-1
699,-1,382,124,28,34,0.77,2,-1,-1
700,-1,382,124,27,32,0.90,2,-1,-1
700,-1,315,83,17,25,0.90,7,-1,-1
701,-1,315,83,17,25,0.90,7,-1,-1
701,-1,381,120,26,33,0.83,2,-1,-1
702,-1,316,82,16,25,0.86,7,-1,-1
702,-1,381,121,24,30,0.82,2,-1,-1
703,-1,315,83,17,25,0.87,7,-1,-1
703,-1,380,120,24,31,0.68,7,-1,-1
704,-1,314,83,17,25,0.87,7,-1,-1
704,-1,380,118,24,31,0.82,2,-1,-1
705,-1,314,83,18,26,0.88,7,-1,-1
705,-1,379,117,24,31,0.54,2,-1,-1
706,-1,314,84,18,26,0.88,7,-1,-1
706,-1,378,117,23,29,0.86,2,-1,-1
707,-1,314,84,18,26,0.89,7,-1,-1
707,-1,378,115,23,30,0.64,2,-1,-1
708,-1,313,85,18,26,0.89,7,-1,-1
708,-1,377,114,23,28,0.76,2,-1,-1
709,-1,312,85,18,26,0.90,7,-1,-1
709,-1,377,114,23,28,0.70,2,-1,-1
710,-1,312,85,18,26,0.90,7,-1,-1
710,-1,377,114,22,27,0.76,2,-1,-1
711,-1,312,86,19,27,0.90,7,-1,-1
711,-1,376,112,21,28,0.85,2,-1,-1
712,-1,311,86,20,27,0.90,7,-1,-1
712,-1,376,110,21,27,0.82,2,-1,-1
713,-1,310,87,20,28,0.90,7,-1,-1
713,-1,376,111,20,26,0.86,2,-1,-1
714,-1,310,87,20,28,0.90,7,-1,-1
714,-1,376,110,20,26,0.88,2,-1,-1
715,-1,310,87,20,29,0.90,7,-1,-1
715,-1,376,109,20,26,0.88,2,-1,-1
716,-1,309,88,20,29,0.90,7,-1,-1
716,-1,375,108,20,26,0.88,2,-1,-1
717,-1,309,88,21,30,0.90,7,-1,-1
717,-1,375,108,20,25,0.88,2,-1,-1
718,-1,307,89,22,31,0.90,7,-1,-1
718,-1,374,107,20,25,0.84,2,-1,-1
719,-1,306,89,22,31,0.91,7,-1,-1
719,-1,374,105,20,26,0.71,7,-1,-1
720,-1,306,90,22,31,0.91,7,-1,-1
720,-1,374,105,19,25,0.78,2,-1,-1
721,-1,306,90,22,31,0.90,7,-1,-1
721,-1,374,105,19,24,0.83,2,-1,-1
722,-1,306,90,22,30,0.89,7,-1,-1
722,-1,374,104,18,24,0.82,2,-1,-1
723,-1,304,90,24,32,0.90,7,-1,-1
723,-1,373,104,19,24,0.79,2,-1,-1
724,-1,303,91,24,33,0.90,7,-1,-1
724,-1,373,103,18,22,0.78,2,-1,-1
725,-1,303,92,23,33,0.91,7,-1,-1
725,-1,373,102,18,22,0.84,2,-1,-1
726,-1,302,92,23,33,0.90,7,-1,-1
726,-1,373,102,18,22,0.84,2,-1,-1
727,-1,302,93,23,33,0.91,7,-1,-1
727,-1,372,102,17,21,0.85,2,-1,-1
728,-1,301,94,24,34,0.92,7,-1,-1
728,-1,372,101,17,21,0.83,2,-1,-1
729,-1,301,94,24,34,0.93,7,-1,-1
729,-1,372,101,17,21,0.83,2,-1,-1
730,-1,300,94,25,34,0.92,7,-1,-1
730,-1,372,100,17,21,0.78,2,-1,-1
731,-1,300,94,25,35,0.92,7,-1,-1
731,-1,372,100,17,22,0.69,2,-1,-1
732,-1,298,95,25,36,0.92,7,-1,-1
732,-1,372,97,17,22,0.73,7,-1,-1
733,-1,298,95,25,36,0.91,7,-1,-1
733,-1,372,97,17,22,0.62,7,-1,-1
734,-1,297,96,26,35,0.92,7,-1,-1
734,-1,372,96,17,22,0.69,7,-1,-1
735,-1,296,97,26,36,0.92,7,-1,-1
735,-1,372,96,16,22,0.65,7,-1,-1
736,-1,295,98,27,37,0.92,7,-1,-1
736,-1,372,96,16,21,0.39,7,-1,-1
737,-1,294,99,27,37,0.93,7,-1,-1
737,-1,372,96,15,21,0.52,7,-1,-1
738,-1,293,100,27,38,0.94,7,-1,-1
738,-1,371,94,16,22,0.66,7,-1,-1
739,-1,293,100,27,38,0.93,7,-1,-1
739,-1,371,93,16,22,0.63,7,-1,-1
740,-1,291,101,28,39,0.92,7,-1,-1
740,-1,371,92,15,22,0.70,7,-1,-1
741,-1,290,101,28,40,0.93,7,-1,-1
741,-1,371,92,15,22,0.70,7,-1,-1
742,-1,289,102,30,42,0.93,7,-1,-1
742,-1,371,92,15,21,0.54,7,-1,-1
743,-1,288,102,30,42,0.93,7,-1,-1
743,-1,371,92,15,21,0.56,7,-1,-1
744,-1,286,103,31,43,0.92,7,-1,-1
744,-1,370,91,15,21,0.77,7,-1,-1
745,-1,285,103,31,43,0.93,7,-1,-1
745,-1,371,91,14,20,0.46,7,-1,-1
746,-1,284,105,31,44,0.93,7,-1,-1
746,-1,371,91,14,20,0.28,7,-1,-1
747,-1,283,105,32,45,0.92,7,-1,-1
747,-1,371,90,13,19,0.40,7,-1,-1
748,-1,282,106,32,46,0.93,7,-1,-1
748,-1,371,90,13,18,0.31,2,-1,-1
749,-1,281,107,32,46,0.92,7,-1,-1
749,-1,371,90,12,18,0.31,2,-1,-1
750,-1,280,108,33,47,0.92,7,-1,-1
750,-1,371,90,12,18,0.47,2,-1,-1
751,-1,279,108,34,49,0.92,7,-1,-1
751,-1,371,90,12,17,0.49,2,-1,-1
752,-1,277,110,34,49,0.94,7,-1,-1
752,-1,370,89,12,17,0.52,2,-1,-1
753,-1,276,110,35,49,0.94,7,-1,-1
753,-1,370,89,12,17,0.56,2,-1,-1
754,-1,274,111,36,51,0.93,7,-1,-1
754,-1,370,89,13,17,0.48,2,-1,-1
755,-1,273,112,36,52,0.93,7,-1,-1
755,-1,370,88,12,17,0.35,2,-1,-1
756,-1,271,114,36,53,0.94,7,-1,-1
756,-1,370,87,13,17,0.20,2,-1,-1
757,-1,270,114,37,54,0.94,7,-1,-1
757,-1,370,87,13,17,0.20,7,-1,-1
758,-1,268,115,38,56,0.93,7,-1,-1
758,-1,369,87,13,17,0.21,2,-1,-1
759,-1,266,116,39,57,0.94,7,-1,-1
759,-1,369,87,13,17,0.22,2,-1,-1
760,-1,264,118,39,58,0.94,7,-1,-1
760,-1,369,86,12,17,0.17,2,-1,-1
761,-1,262,118,40,59,0.95,7,-1,-1
761,-1,369,86,12,17,0.13,7,-1,-1
762,-1,260,120,42,60,0.94,7,-1,-1
762,-1,369,85,12,17,0.23,7,-1,-1
763,-1,258,121,43,63,0.94,7,-1,-1
764,-1,256,122,44,63,0.94,7,-1,-1
764,-1,369,85,12,17,0.10,7,-1,-1
765,-1,255,125,45,63,0.95,7,-1,-1
766,-1,252,125,47,67,0.95,7,-1,-1
767,-1,249,127,48,67,0.96,7,-1,-1
768,-1,246,129,49,69,0.96,7,-1,-1
769,-1,243,131,50,72,0.95,7,-1,-1
770,-1,240,133,51,74,0.96,7,-1,-1
771,-1,238,133,52,76,0.96,7,-1,-1
772,-1,234,136,55,80,0.95,7,-1,-1
773,-1,231,137,57,81,0.95,7,-1,-1
774,-1,227,140,60,85,0.96,7,-1,-1
775,-1,223,142,62,87,0.96,7,-1,-1
776,-1,218,144,66,93,0.96,7,-1,-1
777,-1,213,147,68,97,0.95,7,-1,-1
778,-1,209,148,72,101,0.96,7,-1,-1
779,-1,205,151,73,103,0.96,7,-1,-1
780,-1,199,154,78,110,0.96,7,-1,-1
781,-1,191,158,82,117,0.96,7,-1,-1
782,-1,186,160,83,122,0.96,7,-1,-1
783,-1,177,164,90,130,0.96,7,-1,-1
784,-1,171,167,93,136,0.96,7,-1,-1
785,-1,161,171,101,146,0.96,7,-1,-1
786,-1,154,174,106,155,0.95,7,-1,-1
787,-1,141,180,114,169,0.96,7,-1,-1
788,-1,131,183,120,178,0.96,7,-1,-1
789,-1,122,186,126,191,0.96,7,-1,-1
790,-1,103,192,141,207,0.97,7,-1,-1
791,-1,85,200,153,231,0.97,7,-1,-1
792,-1,69,205,165,247,0.96,7,-1,-1
793,-1,39,214,190,277,0.96,7,-1,-1
794,-1,25,221,200,300,0.96,7,-1,-1
795,-1,1,227,214,310,0.96,7,-1,-1
796,-1,2,241,208,291,0.97,7,-1,-1
797,-1,1,249,203,289,0.97,7,-1,-1
798,-1,2,263,190,276,0.96,7,-1,-1
799,-1,2,283,177,256,0.97,7,-1,-1
800,-1,3,295,167,244,0.97,7,-1,-1
801,-1,2,311,157,228,0.96,7,-1,-1
801,-1,333,93,10,10,0.45,2,-1,-1
802,-1,2,335,139,204,0.96,7,-1,-1
803,-1,3,367,115,172,0.96,7,-1,-1
804,-1,2,395,99,143,0.92,7,-1,-1
810,-1,331,97,11,11,0.62,2,-1,-1
811,-1,331,97,11,12,0.61,2,-1,-1
812,-1,325,75,11,18,0.22,7,-1,-1
813,-1,331,99,11,11,0.77,2,-1,-1
814,-1,331,100,10,11,0.54,2,-1,-1
814,-1,325,75,11,18,0.28,7,-1,-1
815,-1,325,76,11,18,0.46,7,-1,-1
816,-1,325,76,11,18,0.46,7,-1,-1
817,-1,330,101,11,12,0.62,2,-1,-1
817,-1,326,77,10,17,0.29,7,-1,-1
818,-1,324,77,11,18,0.43,7,-1,-1
818,-1,330,103,11,11,0.40,2,-1,-1
819,-1,324,77,11,18,0.43,7,-1,-1
819,-1,330,103,11,11,0.40,2,-1,-1
820,-1,329,104,12,12,0.73,2,-1,-1
820,-1,324,79,11,16,0.25,7,-1,-1
821,-1,329,106,12,12,0.78,2,-1,-1
822,-1,328,106,12,12,0.79,2,-1,-1
823,-1,328,107,12,12,0.82,2,-1,-1
824,-1,327,107,13,14,0.84,2,-1,-1
825,-1,327,109,12,13,0.82,2,-1,-1
826,-1,326,108,13,14,0.86,2,-1,-1
827,-1,326,110,14,14,0.85,2,-1,-1
827,-1,327,86,10,14,0.10,2,-1,-1
828,-1,325,110,14,16,0.85,2,-1,-1
828,-1,327,86,10,14,0.26,2,-1,-1
829,-1,325,110,14,16,0.85,2,-1,-1
829,-1,327,86,10,14,0.32,2,-1,-1
830,-1,325,112,14,15,0.86,2,-1,-1
830,-1,326,87,10,14,0.39,2,-1,-1
831,-1,324,112,15,16,0.86,2,-1,-1
831,-1,325,87,11,14,0.55,2,-1,-1
832,-1,324,113,15,16,0.87,2,-1,-1
832,-1,325,87,11,15,0.56,2,-1,-1
833,-1,323,116,15,16,0.85,2,-1,-1
833,-1,322,77,13,21,0.37,7,-1,-1
834,-1,323,116,15,15,0.88,2,-1,-1
834,-1,323,86,12,18,0.55,2,-1,-1
835,-1,322,117,15,15,0.89,2,-1,-1
835,-1,322,86,13,18,0.54,2,-1,-1
836,-1,322,119,15,15,0.85,2,-1,-1
836,-1,322,79,13,25,0.36,7,-1,-1
837,-1,321,118,16,17,0.88,2,-1,-1
837,-1,320,81,13,24,0.61,7,-1,-1
838,-1,320,120,17,17,0.86,2,-1,-1
838,-1,320,80,14,25,0.53,7,-1,-1
839,-1,319,123,16,16,0.87,2,-1,-1
839,-1,319,90,12,17,0.18,2,-1,-1
840,-1,319,124,16,16,0.88,2,-1,-1
840,-1,318,87,13,21,0.58,2,-1,-1
841,-1,318,125,17,17,0.88,2,-1,-1
841,-1,318,88,13,21,0.62,2,-1,-1
842,-1,318,127,17,18,0.87,2,-1,-1
842,-1,317,91,13,18,0.50,2,-1,-1
843,-1,317,128,17,18,0.88,2,-1,-1
843,-1,557,518,78,21,0.85,2,-1,-1
843,-1,317,91,13,19,0.50,2,-1,-1
844,-1,532,465,90,74,0.94,2,-1,-1
844,-1,315,130,18,19,0.89,2,-1,-1
844,-1,316,93,13,18,0.75,2,-1,-1
845,-1,520,435,77,76,0.94,2,-1,-1
845,-1,316,131,17,18,0.90,2,-1,-1
845,-1,316,91,13,19,0.73,2,-1,-1
846,-1,506,395,67,64,0.94,2,-1,-1
846,-1,314,133,19,19,0.89,2,-1,-1
846,-1,315,91,14,20,0.67,2,-1,-1
847,-1,492,361,59,57,0.95,2,-1,-1
847,-1,313,135,19,20,0.88,2,-1,-1
847,-1,314,90,15,22,0.62,2,-1,-1
848,-1,486,343,53,54,0.94,2,-1,-1
848,-1,312,137,19,20,0.90,2,-1,-1
848,-1,314,88,16,24,0.59,7,-1,-1
849,-1,479,324,49,52,0.94,2,-1,-1
849,-1,311,139,20,21,0.91,2,-1,-1
849,-1,313,91,15,23,0.64,2,-1,-1
850,-1,469,304,45,45,0.93,2,-1,-1
850,-1,310,142,21,21,0.90,2,-1,-1
850,-1,313,92,16,23,0.52,7,-1,-1
851,-1,464,291,41,43,0.94,2,-1,-1
851,-1,310,143,20,20,0.90,2,-1,-1
851,-1,311,93,17,23,0.72,2,-1,-1
852,-1,456,273,39,39,0.93,2,-1,-1
852,-1,308,145,20,22,0.91,2,-1,-1
852,-1,311,93,16,24,0.73,2,-1,-1
853,-1,447,259,36,37,0.93,2,-1,-1
853,-1,307,149,21,22,0.92,2,-1,-1
853,-1,310,95,16,23,0.67,2,-1,-1
854,-1,444,250,35,34,0.92,2,-1,-1
854,-1,306,151,21,23,0.92,2,-1,-1
854,-1,310,93,17,26,0.51,2,-1,-1
855,-1,440,243,33,33,0.94,2,-1,-1
855,-1,305,153,20,23,0.92,2,-1,-1
855,-1,310,94,17,26,0.62,2,-1,-1
856,-1,435,232,31,32,0.94,2,-1,-1
856,-1,303,157,22,23,0.92,2,-1,-1
856,-1,309,92,18,30,0.71,7,-1,-1
857,-1,432,225,29,30,0.93,2,-1,-1
857,-1,303,159,21,25,0.91,2,-1,-1
857,-1,309,86,20,35,0.73,7,-1,-1
858,-1,300,163,24,26,0.92,2,-1,-1
858,-1,428,216,27,29,0.92,2,-1,-1
858,-1,307,98,19,25,0.80,2,-1,-1
859,-1,425,210,26,29,0.93,2,-1,-1
859,-1,299,166,24,26,0.92,2,-1,-1
859,-1,307,99,18,23,0.84,2,-1,-1
860,-1,297,170,25,27,0.93,2,-1,-1
860,-1,422,204,25,26,0.92,2,-1,-1
860,-1,306,96,20,28,0.76,2,-1,-1
861,-1,419,199,24,26,0.93,2,-1,-1
861,-1,295,173,25,29,0.92,2,-1,-1
861,-1,305,98,20,28,0.81,2,-1,-1
862,-1,416,193,23,24,0.92,2,-1,-1
862,-1,293,178,26,30,0.91,2,-1,-1
862,-1,306,85,23,42,0.70,7,-1,-1
863,-1,413,189,23,23,0.92,2,-1,-1
863,-1,291,181,27,30,0.91,2,-1,-1
863,-1,304,98,20,29,0.78,7,-1,-1
864,-1,288,187,29,31,0.93,2,-1,-1
864,-1,412,183,21,23,0.92,2,-1,-1
864,-1,304,102,19,27,0.79,7,-1,-1
865,-1,287,191,29,33,0.94,2,-1,-1
865,-1,410,179,21,22,0.91,2,-1,-1
865,-1,303,104,18,25,0.81,7,-1,-1
866,-1,282,198,31,35,0.93,2,-1,-1
866,-1,407,173,20,22,0.91,2,-1,-1
866,-1,303,108,16,22,0.77,2,-1,-1
866,-1,310,86,19,31,0.72,7,-1,-1
867,-1,279,206,32,36,0.94,2,-1,-1
867,-1,405,169,20,22,0.91,2,-1,-1
867,-1,309,86,19,32,0.78,7,-1,-1
867,-1,302,108,17,24,0.72,2,-1,-1
868,-1,276,212,34,38,0.94,2,-1,-1
868,-1,403,166,20,21,0.90,2,-1,-1
868,-1,301,110,17,23,0.84,2,-1,-1
868,-1,310,86,19,31,0.79,7,-1,-1
869,-1,272,221,36,40,0.93,2,-1,-1
869,-1,401,162,18,21,0.90,2,-1,-1
869,-1,309,87,19,32,0.79,7,-1,-1
869,-1,300,109,18,25,0.72,2,-1,-1
870,-1,267,226,38,44,0.93,2,-1,-1
870,-1,400,160,18,20,0.89,2,-1,-1
870,-1,308,87,19,32,0.84,7,-1,-1
870,-1,299,111,17,25,0.67,7,-1,-1
871,-1,264,233,39,46,0.94,2,-1,-1
871,-1,398,158,19,20,0.90,2,-1,-1
871,-1,308,87,19,32,0.84,7,-1,-1
871,-1,298,112,17,25,0.63,7,-1,-1
872,-1,259,246,41,50,0.93,2,-1,-1
872,-1,398,154,19,20,0.90,2,-1,-1
872,-1,308,88,19,33,0.86,7,-1,-1
872,-1,297,113,18,27,0.83,7,-1,-1
873,-1,254,255,44,53,0.94,2,-1,-1
873,-1,396,152,19,20,0.90,2,-1,-1
873,-1,307,89,20,32,0.86,7,-1,-1
873,-1,297,114,18,25,0.82,2,-1,-1
874,-1,244,270,48,61,0.94,2,-1,-1
874,-1,394,148,19,19,0.90,2,-1,-1
874,-1,307,89,20,32,0.87,7,-1,-1
874,-1,295,115,18,26,0.74,7,-1,-1
875,-1,239,283,50,65,0.95,2,-1,-1
875,-1,394,146,18,19,0.88,2,-1,-1
875,-1,306,90,20,32,0.87,7,-1,-1
875,-1,295,115,19,26,0.77,7,-1,-1
876,-1,229,303,56,71,0.94,2,-1,-1
876,-1,392,143,18,18,0.88,2,-1,-1
876,-1,294,117,19,27,0.87,7,-1,-1
876,-1,306,90,20,33,0.86,7,-1,-1
877,-1,221,319,59,78,0.95,2,-1,-1
877,-1,392,141,18,18,0.89,2,-1,-1
877,-1,305,91,21,33,0.86,7,-1,-1
877,-1,293,117,19,28,0.81,7,-1,-1
877,-1,330,105,11,11,0.69,2,-1,-1
878,-1,206,347,67,88,0.96,2,-1,-1
878,-1,390,139,18,18,0.89,2,-1,-1
878,-1,304,91,21,33,0.87,7,-1,-1
878,-1,291,120,19,27,0.86,2,-1,-1
879,-1,193,367,73,100,0.94,2,-1,-1
879,-1,388,137,17,17,0.88,2,-1,-1
879,-1,303,91,21,34,0.87,7,-1,-1
879,-1,290,119,20,30,0.76,7,-1,-1
880,-1,175,407,82,116,0.94,2,-1,-1
880,-1,302,92,22,35,0.89,7,-1,-1
880,-1,388,135,17,17,0.89,2,-1,-1
880,-1,288,122,20,30,0.87,2,-1,-1
880,-1,328,108,11,12,0.55,2,-1,-1
881,-1,164,437,85,101,0.95,2,-1,-1
881,-1,387,133,17,17,0.90,2,-1,-1
881,-1,302,92,22,37,0.89,7,-1,-1
881,-1,287,122,21,30,0.87,2,-1,-1
881,-1,327,109,12,13,0.41,2,-1,-1
882,-1,155,495,75,44,0.92,2,-1,-1
882,-1,286,125,21,29,0.90,2,-1,-1
882,-1,386,132,17,17,0.90,2,-1,-1
882,-1,301,93,22,36,0.89,7,-1,-1
882,-1,327,109,12,13,0.40,2,-1,-1
883,-1,384,130,17,16,0.89,2,-1,-1
883,-1,299,94,22,37,0.88,7,-1,-1
883,-1,285,126,21,30,0.83,2,-1,-1
883,-1,327,109,13,13,0.80,2,-1,-1
884,-1,383,129,17,16,0.88,2,-1,-1
884,-1,298,95,23,37,0.87,7,-1,-1
884,-1,283,128,22,31,0.69,7,-1,-1
884,-1,326,110,13,14,0.46,2,-1,-1
885,-1,282,128,23,32,0.90,7,-1,-1
885,-1,297,95,23,39,0.88,7,-1,-1
885,-1,383,127,16,16,0.87,2,-1,-1
885,-1,326,111,13,14,0.80,2,-1,-1
886,-1,296,97,23,38,0.90,7,-1,-1
886,-1,280,131,24,33,0.88,7,-1,-1
886,-1,383,125,16,16,0.87,2,-1,-1
886,-1,326,111,13,14,0.80,2,-1,-1
887,-1,295,98,24,38,0.89,7,-1,-1
887,-1,279,132,23,34,0.85,7,-1,-1
887,-1,325,113,13,14,0.75,2,-1,-1
887,-1,382,124,15,16,0.73,2,-1,-1
888,-1,294,98,25,40,0.89,7,-1,-1
888,-1,381,123,14,15,0.83,2,-1,-1
888,-1,276,134,25,35,0.77,7,-1,-1
888,-1,324,114,14,14,0.76,2,-1,-1
889,-1,293,99,25,40,0.89,7,-1,-1
889,-1,275,136,25,36,0.86,7,-1,-1
889,-1,381,123,15,15,0.83,2,-1,-1
889,-1,324,115,14,14,0.75,2,-1,-1
890,-1,292,99,25,41,0.89,7,-1,-1
890,-1,273,137,26,38,0.83,7,-1,-1
890,-1,324,115,14,14,0.75,2,-1,-1
890,-1,380,121,15,14,0.68,2,-1,-1
891,-1,291,99,26,42,0.91,7,-1,-1
891,-1,271,139,27,38,0.90,7,-1,-1
891,-1,378,118,16,15,0.80,2,-1,-1
892,-1,291,99,27,43,0.93,7,-1,-1
892,-1,269,143,26,37,0.85,2,-1,-1
892,-1,377,117,17,15,0.83,2,-1,-1
892,-1,323,117,14,15,0.78,2,-1,-1
893,-1,290,99,28,45,0.93,7,-1,-1
893,-1,267,144,27,38,0.77,2,-1,-1
893,-1,375,116,16,16,0.72,2,-1,-1
893,-1,323,119,13,14,0.56,2,-1,-1
894,-1,288,100,29,45,0.91,7,-1,-1
894,-1,322,120,14,15,0.85,2,-1,-1
894,-1,264,147,28,40,0.79,7,-1,-1
894,-1,375,116,16,15,0.56,2,-1,-1
895,-1,287,101,29,45,0.90,7,-1,-1
895,-1,262,149,29,41,0.89,7,-1,-1
895,-1,321,121,14,15,0.85,2,-1,-1
895,-1,376,114,16,15,0.76,2,-1,-1
896,-1,286,102,30,47,0.92,7,-1,-1
896,-1,259,151,30,43,0.80,7,-1,-1
896,-1,321,122,15,16,0.78,2,-1,-1
897,-1,285,102,30,48,0.93,7,-1,-1
897,-1,256,154,31,44,0.91,7,-1,-1
897,-1,320,123,15,16,0.80,2,-1,-1
897,-1,374,113,14,14,0.42,2,-1,-1
898,-1,284,103,31,48,0.93,7,-1,-1
898,-1,253,157,32,46,0.91,7,-1,-1
898,-1,375,112,14,14,0.70,2,-1,-1
898,-1,319,124,15,17,0.69,2,-1,-1
899,-1,283,105,31,48,0.93,7,-1,-1
899,-1,250,160,33,47,0.92,7,-1,-1
899,-1,319,126,15,16,0.66,2,-1,-1
899,-1,374,111,14,15,0.21,2,-1,-1
900,-1,246,164,33,48,0.91,7,-1,-1
900,-1,281,106,33,50,0.91,7,-1,-1
900,-1,318,127,16,17,0.82,2,-1,-1
900,-1,374,109,14,13,0.69,2,-1,-1
