2,0,370,154,25,36,0.87,7,1,365,2880,0,-200,1
3,0,370,154,25,36,0.86,7,2,365,2866,7,-146,1
4,0,369,153,25,36,0.86,7,3,365,2859,-0,-107,1
5,0,370,153,24,34,0.85,7,4,365,2842,2,-128,1
6,0,370,152,24,35,0.85,7,5,365,2832,3,-119,1
7,0,370,152,23,34,0.85,7,6,365,2820,3,-119,1
8,0,370,152,23,34,0.85,7,7,366,2813,3,-112,1
9,0,370,152,23,33,0.85,7,8,366,2803,3,-111,1
10,0,370,151,23,34,0.85,7,9,366,2796,3,-106,1
11,0,369,151,23,33,0.85,7,10,366,2786,2,-105,1
12,0,369,151,23,32,0.85,7,11,366,2775,2,-105,1
13,0,370,150,22,32,0.85,7,12,366,2762,2,-107,1
14,0,370,150,22,31,0.85,7,13,366,2748,3,-110,1
15,0,370,150,22,31,0.85,7,14,367,2737,3,-110,1
16,0,370,150,22,30,0.84,7,15,367,2725,3,-111,1
17,0,370,149,22,31,0.84,7,16,367,2714,3,-110,1
18,0,370,149,22,30,0.84,7,17,367,2703,3,-111,1
19,0,370,148,21,30,0.84,7,18,368,2690,3,-112,1
20,0,370,148,21,30,0.84,7,19,368,2679,3,-112,1
21,0,370,148,20,30,0.83,7,20,368,2670,3,-111,1
22,0,370,149,20,28,0.82,7,21,369,2659,3,-111,1
23,0,370,147,20,30,0.83,7,22,369,2649,3,-110,1
24,0,370,148,20,28,0.83,7,23,369,2638,3,-110,1
25,0,370,147,20,28,0.84,7,24,370,2627,3,-110,1
26,0,370,146,19,29,0.84,7,25,370,2616,3,-110,1
27,0,370,146,19,28,0.83,7,26,370,2604,3,-110,1
27,1,350,164,12,12,0.31,2,1,337,2657,0,-200,1
28,0,370,146,19,28,0.83,7,27,370,2593,3,-110,1
28,1,350,164,12,12,0.33,2,2,337,2640,3,-169,1
29,0,370,145,19,28,0.82,7,28,371,2582,3,-110,1
29,1,350,163,12,12,0.38,2,3,337,2628,2,-145,1
30,0,370,145,19,28,0.82,7,29,371,2571,3,-110,1
30,1,350,163,12,12,0.38,2,4,337,2624,2,-110,1
31,0,370,144,19,28,0.82,7,30,371,2559,3,-111,1
31,1,351,162,11,12,0.27,2,5,337,2614,3,-108,1
32,0,370,144,19,28,0.82,7,31,372,2549,3,-111,1
32,1,351,162,11,12,0.25,2,6,338,2608,3,-98,1
33,0,370,144,19,28,0.82,7,32,372,2539,3,-110,1
33,1,351,162,11,12,0.29,2,7,338,2604,3,-88,1
34,0,370,144,19,27,0.81,7,33,372,2527,3,-110,1
34,1,351,161,11,12,0.24,2,8,338,2595,3,-89,1
35,0,370,144,19,27,0.82,7,34,373,2517,3,-110,1
35,1,351,161,11,12,0.26,2,9,338,2588,2,-86,1
36,0,370,144,18,26,0.82,7,35,373,2506,3,-110,1
36,1,351,161,11,12,0.26,2,10,338,2583,2,-82,1
37,0,370,144,18,26,0.81,7,36,373,2496,3,-110,1
37,1,351,161,11,11,0.20,2,11,338,2574,2,-83,1
38,0,370,143,18,26,0.81,7,37,374,2484,3,-110,1
38,1,352,160,10,11,0.14,2,12,338,2561,2,-87,1
39,0,370,143,18,26,0.81,7,38,374,2473,3,-110,1
39,1,352,160,10,11,0.13,2,13,339,2552,2,-88,1
40,0,370,142,18,26,0.82,7,39,374,2462,3,-110,1
41,0,370,142,18,26,0.82,7,40,375,2451,3,-110,1
42,0,370,142,18,25,0.82,7,41,375,2439,3,-110,1
43,0,370,142,18,25,0.82,7,42,375,2428,3,-110,1
44,0,371,142,18,25,0.83,7,43,376,2417,3,-110,1
45,0,371,142,18,25,0.83,7,44,376,2407,3,-110,1
46,0,371,142,17,24,0.83,7,45,376,2396,3,-110,1
47,0,371,142,17,24,0.83,7,46,377,2385,3,-110,1
48,0,371,142,17,24,0.83,7,47,377,2375,3,-110,1
49,0,372,141,16,24,0.83,7,48,377,2364,3,-110,1
50,0,372,140,16,25,0.84,7,49,378,2353,4,-110,1
51,0,372,141,16,24,0.83,7,50,378,2343,4,-110,1
52,0,372,140,16,24,0.84,7,51,379,2333,4,-110,1
53,0,372,140,16,24,0.84,7,52,379,2322,4,-109,1
54,0,372,140,16,24,0.84,7,53,379,2312,4,-109,1
55,0,372,139,16,24,0.84,7,54,380,2301,4,-109,1
56,0,372,139,16,24,0.84,7,55,380,2291,4,-109,1
57,0,372,140,16,23,0.84,7,56,381,2281,4,-109,1
58,0,372,140,16,23,0.84,7,57,381,2271,4,-109,1
59,0,372,140,16,23,0.84,7,58,382,2261,4,-109,1
60,0,373,140,15,23,0.83,7,59,382,2252,4,-108,1
61,0,373,139,15,23,0.84,7,60,382,2243,4,-108,1
62,0,373,139,15,23,0.84,7,61,383,2233,4,-108,1
63,0,373,138,16,23,0.84,7,62,383,2223,4,-108,1
64,0,373,138,16,24,0.84,7,63,384,2214,4,-107,1
65,0,373,137,16,24,0.83,7,64,384,2204,4,-107,1
66,0,373,137,16,24,0.83,7,65,385,2194,4,-107,1
67,0,373,138,16,23,0.83,7,66,385,2185,4,-107,1
68,0,373,138,16,23,0.83,7,67,386,2176,4,-107,1
69,0,373,137,16,23,0.83,7,68,386,2167,4,-106,1
70,0,373,137,16,23,0.81,7,69,386,2157,4,-106,1
71,0,373,137,16,23,0.81,7,70,387,2148,4,-106,1
72,0,374,137,16,22,0.80,7,71,387,2138,4,-106,1
73,0,374,137,16,22,0.79,7,72,388,2128,4,-106,1
74,0,374,137,16,22,0.79,7,73,388,2119,4,-106,1
75,0,376,137,16,22,0.78,7,74,389,2110,4,-105,1
76,0,376,137,16,22,0.79,7,75,389,2101,4,-105,1
77,0,376,137,16,22,0.80,7,76,390,2093,4,-105,1
78,0,376,137,16,22,0.80,7,77,390,2084,4,-105,1
79,0,376,136,16,22,0.80,7,78,391,2075,4,-104,1
80,0,376,136,16,22,0.80,7,79,391,2066,4,-104,1
81,0,376,136,16,22,0.80,7,80,392,2057,4,-104,1
82,0,376,136,16,22,0.80,7,81,393,2049,4,-104,1
83,0,376,135,16,22,0.81,7,82,393,2039,4,-104,1
84,0,376,135,17,22,0.81,7,83,394,2030,4,-104,1
85,0,376,135,17,22,0.81,7,84,394,2021,4,-103,1
86,0,376,134,17,22,0.82,7,85,395,2012,4,-103,1
87,0,376,134,17,22,0.82,7,86,396,2002,5,-103,1
88,0,377,134,17,22,0.82,7,87,396,1993,5,-103,1
89,0,377,134,16,22,0.81,7,88,397,1984,5,-103,1
90,0,377,134,16,22,0.82,7,89,397,1975,5,-103,1
91,0,377,134,16,22,0.82,7,90,398,1966,5,-103,1
92,0,377,134,16,22,0.82,7,91,399,1957,5,-102,1
93,0,377,134,17,22,0.82,7,92,399,1949,5,-102,1
94,0,377,134,17,22,0.82,7,93,400,1941,5,-102,1
95,0,379,134,16,20,0.81,7,94,400,1931,5,-102,1
96,0,379,134,16,20,0.81,7,95,401,1922,5,-102,1
97,0,379,134,16,21,0.82,7,96,402,1913,5,-102,1
98,0,380,133,16,22,0.82,7,97,402,1905,5,-101,1
99,0,380,134,16,21,0.82,7,98,403,1897,5,-101,1
100,0,380,133,16,22,0.82,7,99,404,1889,5,-101,1
101,0,380,133,16,22,0.81,7,100,404,1881,5,-101,1
102,0,380,133,16,22,0.81,7,101,405,1874,5,-101,1
103,0,380,133,16,22,0.80,7,102,406,1866,5,-100,1
104,0,380,133,16,22,0.80,7,103,406,1859,5,-100,1
105,0,380,133,16,22,0.79,7,104,407,1852,5,-100,1
106,0,380,133,16,21,0.80,7,105,408,1844,5,-100,1
107,0,381,132,15,21,0.78,7,106,408,1835,5,-99,1
108,0,381,132,15,21,0.78,7,107,409,1826,5,-99,1
109,0,381,132,15,21,0.78,7,108,410,1818,5,-99,1
110,0,381,132,16,22,0.77,7,109,410,1811,5,-99,1
111,0,382,132,16,23,0.77,7,110,411,1805,5,-99,1
112,0,382,132,16,23,0.77,7,111,412,1799,5,-98,1
113,0,382,131,16,23,0.76,7,112,412,1792,5,-98,1
114,0,382,131,16,23,0.75,7,113,413,1785,5,-98,1
115,0,382,130,16,23,0.73,7,114,414,1778,5,-97,1
116,0,382,130,16,23,0.72,7,115,414,1770,5,-97,1
117,0,382,130,16,23,0.72,7,116,415,1763,5,-97,1
118,0,382,130,16,23,0.72,7,117,416,1755,5,-97,1
119,0,383,130,15,22,0.62,7,118,416,1747,5,-97,1
120,0,383,130,15,22,0.62,7,119,417,1739,5,-97,1
121,0,383,130,15,22,0.62,7,120,418,1731,5,-96,1
122,0,383,130,15,22,0.60,7,121,419,1724,5,-96,1
123,0,384,130,15,22,0.57,7,122,419,1716,5,-96,1
124,0,384,130,15,22,0.57,7,123,420,1709,5,-96,1
125,0,384,130,15,22,0.54,7,124,421,1702,5,-96,1
126,0,384,130,15,22,0.54,7,125,421,1694,6,-95,1
127,0,384,130,15,20,0.59,7,126,422,1686,6,-95,1
128,0,384,130,15,20,0.61,7,127,423,1677,6,-95,1
129,0,384,130,16,20,0.63,7,128,423,1668,6,-95,1
130,0,384,130,16,20,0.63,7,129,424,1660,6,-95,1
131,0,384,130,16,20,0.57,7,130,425,1651,6,-95,1
132,0,384,130,16,20,0.56,7,131,426,1643,6,-95,1
133,0,384,130,16,20,0.54,7,132,426,1635,6,-95,1
134,0,384,130,16,20,0.24,7,133,427,1627,6,-95,1
274,2,515,441,75,69,0.92,2,1,367,3797,0,-200,1
275,2,506,420,68,63,0.92,2,2,367,3780,5,-169,1
276,2,490,392,62,58,0.91,2,3,367,3757,-2,-200,1
277,2,483,376,57,54,0.91,2,4,367,3738,-0,-197,1
278,2,472,355,53,50,0.92,2,5,367,3716,-0,-203,1
279,2,465,343,50,46,0.91,2,6,367,3696,-0,-203,1
280,2,456,326,46,44,0.91,2,7,367,3674,-1,-206,1
281,2,451,317,44,41,0.90,2,8,367,3653,-0,-206,1
282,2,443,304,42,39,0.90,2,9,367,3632,-1,-207,1
283,2,440,295,39,38,0.89,2,10,367,3611,-1,-207,1
284,2,434,286,37,34,0.89,2,11,367,3590,-1,-208,1
285,2,431,279,34,34,0.89,2,12,367,3569,-1,-208,1
286,2,424,269,33,32,0.88,2,13,367,3548,-1,-208,1
287,2,422,265,33,30,0.89,2,14,367,3527,-1,-208,1
288,2,418,258,30,29,0.87,2,15,367,3506,-1,-209,1
289,2,416,252,29,29,0.88,2,16,367,3485,-1,-209,1
290,2,413,247,27,26,0.87,2,17,367,3464,-1,-209,1
291,2,409,242,28,26,0.88,2,18,367,3443,-1,-209,1
292,2,407,237,26,25,0.88,2,19,366,3421,-1,-209,1
293,2,405,234,26,24,0.84,2,20,366,3401,-1,-209,1
294,2,402,229,24,24,0.87,2,21,366,3380,-1,-209,1
295,2,401,226,22,22,0.85,2,22,366,3359,-1,-209,1
296,2,398,222,23,22,0.88,2,23,366,3338,-1,-209,1
296,3,308,150,11,11,0.32,2,1,269,2320,0,200,1
297,2,396,219,22,22,0.88,2,24,366,3317,-1,-209,1
298,2,395,216,21,20,0.86,2,25,366,3296,-1,-209,1
299,2,394,213,21,21,0.85,2,26,366,3276,-1,-209,1
300,2,391,210,21,20,0.85,2,27,366,3255,-1,-209,1
301,2,390,208,20,20,0.87,2,28,365,3234,-1,-209,1
302,2,389,206,19,18,0.86,2,29,365,3214,-1,-209,1
303,2,388,203,19,18,0.84,2,30,365,3193,-1,-209,1
304,2,386,199,20,20,0.85,2,31,365,3172,-1,-209,1
304,3,306,154,10,12,0.41,2,4,269,2441,-0,151,1
305,2,386,198,19,18,0.83,2,32,365,3152,-1,-208,1
305,3,306,155,11,12,0.52,2,5,269,2468,0,165,1
306,2,384,196,19,18,0.84,2,33,365,3131,-1,-208,1
306,3,306,156,11,11,0.51,2,6,269,2486,1,167,1
307,2,384,194,18,18,0.86,2,34,365,3110,-1,-208,1
307,3,306,156,11,11,0.63,2,7,269,2499,1,163,1
308,2,383,192,17,18,0.85,2,35,365,3090,-1,-208,1
308,3,304,156,12,12,0.77,2,8,269,2516,1,163,1
309,2,382,192,17,16,0.84,2,36,365,3070,-1,-208,1
309,3,304,156,12,12,0.77,2,9,269,2528,1,160,1
310,2,381,190,16,16,0.86,2,37,364,3049,-1,-208,1
310,3,304,158,11,12,0.77,2,10,269,2549,1,164,1
311,2,380,187,16,17,0.86,2,38,364,3029,-1,-208,1
311,3,304,158,11,12,0.81,2,11,269,2565,1,163,1
312,2,379,185,17,17,0.85,2,39,364,3009,-1,-208,1
312,3,304,158,11,12,0.80,2,12,269,2577,1,161,1
313,2,379,185,15,16,0.85,2,40,364,2989,-1,-207,1
313,3,303,158,12,12,0.78,2,13,270,2588,1,158,1
314,2,378,183,15,16,0.84,2,41,364,2968,-1,-207,1
314,3,303,158,11,12,0.76,2,14,270,2597,0,154,1
315,2,376,182,16,16,0.84,2,42,364,2948,-1,-207,1
315,3,302,159,12,12,0.79,2,15,270,2608,0,152,1
316,2,376,180,16,16,0.85,2,43,364,2928,-1,-207,1
316,3,303,159,11,12,0.79,2,16,270,2618,0,149,1
317,2,375,180,16,15,0.85,2,44,364,2908,-1,-207,1
317,3,302,160,11,13,0.79,2,17,270,2632,0,149,1
318,2,374,178,16,16,0.85,2,45,364,2888,-1,-207,1
318,3,302,160,12,12,0.82,2,18,270,2641,0,146,1
319,2,374,178,14,15,0.84,2,46,364,2869,-1,-206,1
319,3,302,160,12,13,0.80,2,19,270,2652,0,144,1
320,2,373,176,14,14,0.85,2,47,364,2849,-1,-206,1
320,3,301,161,12,14,0.81,2,20,270,2667,0,145,1
321,2,372,174,15,15,0.86,2,48,363,2829,-1,-206,1
321,3,301,161,12,14,0.81,2,21,270,2680,0,144,1
322,2,372,174,14,14,0.87,2,49,363,2809,-1,-206,1
322,3,301,162,12,13,0.82,2,22,270,2691,0,143,1
323,2,371,174,15,14,0.85,2,50,363,2789,-1,-206,1
323,3,300,163,13,14,0.81,2,23,270,2706,0,143,1
324,2,372,172,14,14,0.84,2,51,363,2770,-1,-205,1
324,3,300,164,12,12,0.82,2,24,270,2716,0,142,1
325,2,371,172,14,13,0.84,2,52,363,2750,-1,-205,1
325,3,300,164,12,12,0.82,2,25,270,2726,0,140,1
326,2,370,170,13,14,0.82,2,53,363,2730,-1,-205,1
326,3,298,165,13,14,0.82,2,26,270,2741,0,140,1
327,2,370,169,13,14,0.82,2,54,363,2711,-1,-205,1
327,3,298,166,13,13,0.83,2,27,270,2754,0,140,1
328,2,368,168,13,13,0.84,2,55,363,2691,-1,-205,1
328,3,297,167,14,14,0.82,2,28,270,2769,0,140,1
329,2,368,167,13,14,0.84,2,56,363,2671,-1,-205,1
329,3,298,168,13,13,0.82,2,29,270,2783,0,140,1
330,2,368,166,12,14,0.84,2,57,363,2652,-1,-204,1
330,3,297,168,14,14,0.82,2,30,270,2797,0,140,1
331,2,368,165,12,14,0.83,2,58,363,2632,-1,-204,1
331,3,296,169,14,14,0.83,2,31,270,2811,0,140,1
332,2,368,165,12,14,0.79,2,59,363,2613,-1,-204,1
332,3,296,170,14,14,0.84,2,32,270,2825,0,140,1
333,2,366,164,12,14,0.77,2,60,363,2594,-1,-204,1
333,3,296,170,14,14,0.84,2,33,270,2838,0,140,1
334,2,365,164,13,13,0.73,2,61,362,2574,-1,-204,1
334,3,295,171,14,14,0.84,2,34,270,2851,0,140,1
335,2,366,162,12,14,0.80,2,62,362,2555,-1,-203,1
335,3,295,172,14,14,0.85,2,35,270,2864,0,140,1
336,2,365,162,12,13,0.79,2,63,362,2536,-1,-203,1
336,3,294,174,14,12,0.85,2,36,270,2876,0,139,1
337,2,364,160,13,14,0.68,2,64,362,2516,-1,-203,1
337,3,294,174,14,14,0.85,2,37,270,2890,0,139,1
338,2,362,158,13,14,0.77,2,65,362,2497,-1,-203,1
338,3,294,176,14,13,0.86,2,38,270,2903,0,139,1
339,2,362,158,13,14,0.77,2,66,362,2478,-1,-203,1
339,3,293,175,14,14,0.85,2,39,270,2915,0,138,1
340,2,362,156,12,15,0.65,2,67,362,2458,-1,-203,1
340,3,292,176,14,14,0.85,2,40,270,2928,0,138,1
341,2,362,157,13,14,0.70,2,68,362,2439,-1,-203,1
341,3,292,177,14,14,0.86,2,41,270,2940,0,138,1
342,2,362,157,12,13,0.72,2,69,362,2419,-1,-202,1
342,3,290,178,15,14,0.83,2,42,270,2952,0,138,1
343,2,360,156,13,14,0.72,2,70,362,2400,-1,-202,1
343,3,291,179,14,14,0.83,2,43,270,2965,0,137,1
344,2,360,156,13,14,0.76,2,71,361,2382,-1,-202,1
344,3,290,180,15,14,0.85,2,44,270,2977,0,137,1
345,2,360,156,13,12,0.78,2,72,361,2362,-1,-202,1
345,3,289,182,15,14,0.84,2,45,270,2991,0,137,1
346,2,360,156,12,12,0.68,2,73,361,2343,-1,-202,1
346,3,288,182,15,14,0.84,2,46,270,3003,0,137,1
347,2,360,155,12,12,0.71,2,74,361,2324,-1,-201,1
347,3,288,183,14,14,0.83,2,47,270,3015,0,136,1
348,2,359,155,12,11,0.71,2,75,361,2305,-1,-201,1
348,3,286,184,16,15,0.85,2,48,270,3028,0,136,1
349,2,358,154,12,11,0.59,2,76,361,2286,-1,-201,1
349,3,286,186,15,14,0.85,2,49,270,3041,0,136,1
350,2,358,154,11,10,0.72,2,77,361,2266,-1,-201,1
350,3,286,187,15,16,0.86,2,50,270,3055,0,136,1
351,2,358,154,11,10,0.71,2,78,361,2247,-1,-201,1
351,3,284,188,15,16,0.87,2,51,270,3069,0,136,1
352,2,358,153,11,11,0.60,2,79,360,2228,-1,-201,1
352,3,283,190,16,16,0.86,2,52,270,3084,0,136,1
353,2,358,151,11,12,0.80,2,80,360,2209,-1,-201,1
353,3,282,191,16,15,0.86,2,53,270,3097,0,136,1
354,2,357,152,10,10,0.62,2,81,360,2190,-1,-201,1
354,3,281,192,16,16,0.84,2,54,270,3110,0,136,1
355,2,357,152,10,10,0.62,2,82,360,2170,-1,-201,1
355,3,281,192,16,17,0.85,2,55,270,3123,0,136,1
356,2,356,150,10,11,0.66,2,83,360,2151,-1,-200,1
356,3,280,195,16,16,0.85,2,56,270,3137,0,136,1
357,2,356,150,10,11,0.66,2,84,360,2132,-1,-200,1
357,3,278,195,17,18,0.86,2,57,270,3151,0,136,1
358,2,356,150,9,10,0.27,2,85,359,2113,-1,-200,1
358,3,278,197,16,18,0.85,2,58,270,3165,0,136,1
359,2,356,150,9,10,0.27,2,86,359,2094,-1,-200,1
359,3,276,199,18,18,0.84,2,59,270,3179,0,136,1
360,2,356,149,9,10,0.42,2,87,359,2075,-1,-200,1
360,3,274,200,18,18,0.85,2,60,270,3192,0,136,1
361,2,356,149,9,10,0.35,2,88,359,2056,-1,-200,1
361,3,274,202,18,18,0.86,2,61,270,3206,0,136,1
362,2,356,149,9,10,0.34,2,89,359,2037,-1,-200,1
362,3,274,204,18,18,0.87,2,62,270,3219,0,136,1
363,2,355,148,9,10,0.41,2,90,359,2018,-1,-200,1
363,3,272,206,18,18,0.86,2,63,270,3233,0,136,1
364,2,354,148,9,10,0.20,2,91,358,1999,-1,-199,1
364,3,270,208,19,19,0.87,2,64,270,3247,0,136,1
365,2,354,148,9,10,0.20,2,92,358,1980,-1,-199,1
365,3,270,209,19,20,0.86,2,65,270,3261,0,136,1
366,2,354,147,9,10,0.35,2,93,358,1961,-1,-199,1
366,3,268,212,20,20,0.86,2,66,270,3275,0,137,1
367,2,354,147,9,10,0.34,2,94,358,1943,-1,-199,1
367,3,266,214,20,20,0.86,2,67,270,3290,0,137,1
368,2,354,146,9,10,0.37,2,95,358,1924,-1,-199,1
368,3,264,215,20,22,0.85,2,68,270,3304,-0,137,1
369,2,354,145,8,10,0.50,2,96,357,1905,-1,-199,1
369,3,263,218,21,22,0.87,2,69,270,3318,-0,137,1
370,2,354,145,8,10,0.29,2,97,357,1885,-1,-199,1
370,3,261,222,21,21,0.88,2,70,270,3333,-0,137,1
371,2,354,145,8,10,0.28,2,98,357,1867,-1,-199,1
371,3,260,224,21,21,0.87,2,71,270,3347,-0,137,1
372,2,354,145,8,10,0.29,2,99,357,1848,-1,-199,1
372,3,258,227,22,22,0.87,2,72,270,3362,-0,137,1
373,3,256,229,22,23,0.88,2,73,270,3376,-0,137,1
374,2,353,143,8,10,0.20,2,100,356,1809,-1,-198,1
374,3,254,233,22,24,0.88,2,74,270,3391,-0,137,1
375,2,353,143,8,10,0.20,2,101,356,1790,-1,-198,1
375,3,251,236,23,24,0.90,2,75,270,3406,-0,138,1
375,4,425,445,68,70,0.92,2,1,344,3795,0,-200,1
376,3,249,240,24,24,0.88,2,76,270,3421,-0,138,1
376,4,416,413,61,64,0.93,2,2,344,3772,-4,-236,1
377,3,247,242,25,26,0.88,2,77,270,3435,-0,138,1
377,4,411,395,56,58,0.92,2,3,344,3753,-2,-211,1
378,3,243,247,26,26,0.88,2,78,270,3451,-0,138,1
378,4,405,371,51,53,0.91,2,4,344,3730,-2,-217,1
379,3,240,250,27,27,0.89,2,79,270,3465,-0,138,1
379,4,402,356,48,50,0.91,2,5,343,3710,-1,-213,1
380,2,352,142,8,9,0.15,2,102,355,1691,-1,-198,1
380,3,237,256,28,28,0.89,2,80,270,3481,-0,138,1
380,4,396,338,45,46,0.90,2,6,343,3688,-1,-215,1
381,2,352,142,8,9,0.15,2,103,355,1673,-1,-198,1
381,3,234,259,29,29,0.89,2,81,270,3496,-0,139,1
381,4,394,327,44,44,0.90,2,7,343,3668,-0,-212,1
382,3,230,265,30,30,0.89,2,82,269,3512,-0,139,1
382,4,389,312,40,41,0.91,2,8,343,3646,-1,-214,1
382,5,308,136,14,24,0.30,7,1,271,2286,0,200,1
383,3,227,270,30,31,0.90,2,83,269,3528,-0,139,1
383,4,387,304,37,39,0.89,2,9,343,3625,-1,-212,1
383,5,308,136,14,24,0.25,7,2,271,2305,4,187,1
384,3,222,277,32,32,0.89,2,84,269,3544,-0,139,1
384,4,383,291,36,38,0.90,2,10,343,3604,-1,-213,1
384,5,308,135,14,24,0.36,7,3,271,2310,3,117,1
385,2,352,141,8,8,0.11,2,104,355,1594,-1,-198,1
385,3,219,281,33,34,0.90,2,85,269,3559,-0,139,1
385,4,382,285,34,34,0.90,2,11,343,3582,-1,-213,1
385,5,308,135,13,24,0.26,7,4,271,2300,-1,47,1
386,2,352,141,8,8,0.11,2,105,354,1575,-1,-198,1
386,3,214,288,34,36,0.90,2,86,269,3575,-0,140,1
386,4,381,276,30,32,0.90,2,12,343,3561,-1,-213,1
387,2,352,140,8,9,0.20,2,106,354,1556,-1,-198,1
387,3,210,293,36,38,0.90,2,87,269,3591,-0,140,1
387,4,378,269,30,32,0.87,2,13,343,3540,-1,-213,1
387,6,318,155,10,10,0.41,2,1,287,2426,0,200,1
388,3,204,302,37,40,0.91,2,88,269,3607,-0,140,1
388,4,375,258,30,33,0.89,2,14,343,3518,-1,-213,1
388,5,308,141,12,18,0.34,7,5,271,2281,-3,-8,1
388,6,319,156,10,10,0.39,2,2,287,2446,19,205,1
389,3,198,309,40,41,0.91,2,89,269,3623,-0,140,1
389,4,374,257,28,28,0.88,2,15,343,3497,-1,-213,1
389,5,308,142,11,16,0.26,7,6,271,2256,-5,-43,1
389,6,318,156,10,10,0.59,2,3,288,2463,6,186,1
390,3,192,320,41,44,0.90,2,90,269,3639,-0,141,1
390,4,372,249,28,28,0.88,2,16,343,3475,-1,-213,1
390,5,308,142,11,16,0.30,7,7,270,2241,-5,-56,1
390,6,319,157,10,10,0.68,2,4,288,2480,8,181,1
391,3,186,327,44,46,0.91,2,91,270,3655,-0,141,1
391,4,370,245,27,26,0.89,2,17,342,3454,-2,-213,1
391,5,308,142,12,18,0.24,7,8,270,2253,-4,-37,1
391,6,318,157,10,11,0.69,2,5,288,2501,5,187,1
392,3,177,340,46,50,0.91,2,92,270,3671,-0,141,1
392,4,368,240,26,25,0.88,2,18,342,3432,-2,-214,1
392,5,307,144,12,16,0.11,7,9,270,2261,-4,-25,1
392,6,318,157,10,11,0.74,2,6,288,2513,4,175,1
393,3,170,349,48,52,0.91,2,93,270,3686,-0,141,1
393,4,368,236,24,25,0.88,2,19,342,3411,-2,-213,1
393,5,307,143,12,17,0.13,7,10,269,2267,-4,-18,1
393,6,318,158,10,11,0.78,2,7,288,2530,3,173,1
394,3,160,364,52,56,0.92,2,94,270,3702,-0,142,1
394,4,366,230,24,24,0.86,2,20,342,3390,-2,-213,1
394,5,307,147,12,14,0.10,7,11,269,2279,-3,-6,1
394,6,318,158,10,11,0.74,2,8,288,2541,3,164,1
395,3,152,376,55,60,0.92,2,95,270,3718,-0,142,1
395,4,366,227,22,24,0.88,2,21,342,3369,-2,-213,1
395,5,307,147,12,14,0.10,7,12,269,2288,-3,1,1
395,6,318,158,11,12,0.76,2,9,289,2555,3,162,1
396,3,140,394,58,66,0.92,2,96,270,3734,-0,142,1
396,4,365,223,22,22,0.87,2,22,342,3347,-2,-213,1
396,6,318,158,11,12,0.81,2,10,289,2566,3,155,1
397,3,129,408,63,71,0.92,2,97,270,3750,-0,142,1
397,4,364,220,21,22,0.87,2,23,341,3326,-2,-213,1
397,6,318,159,11,12,0.79,2,11,289,2579,3,153,1
398,3,113,432,68,78,0.92,2,98,270,3766,0,143,1
398,4,362,215,21,22,0.86,2,24,341,3304,-2,-213,1
398,6,316,160,12,12,0.79,2,12,289,2596,3,154,1
399,3,101,450,71,84,0.93,2,99,270,3781,0,143,1
399,4,360,214,21,20,0.86,2,25,341,3283,-2,-213,1
399,6,317,160,11,12,0.81,2,13,289,2608,2,152,1
400,4,360,210,20,20,0.84,2,26,341,3262,-2,-213,1
400,6,316,162,12,12,0.78,2,14,289,2627,2,155,1
401,4,360,207,20,20,0.87,2,27,341,3241,-2,-213,1
401,6,316,162,12,12,0.79,2,15,290,2642,2,154,1
402,4,358,204,20,19,0.86,2,28,341,3219,-2,-213,1
402,6,316,162,11,12,0.80,2,16,290,2654,2,152,1
403,4,358,203,19,18,0.85,2,29,340,3198,-2,-213,1
403,6,316,163,12,12,0.74,2,17,290,2667,2,151,1
404,4,358,200,19,19,0.85,2,30,340,3177,-2,-213,1
404,6,316,164,12,13,0.75,2,18,290,2686,2,153,1
405,4,357,199,18,18,0.85,2,31,340,3156,-2,-213,1
405,6,316,164,12,12,0.78,2,19,290,2697,2,151,1
406,4,356,196,18,18,0.85,2,32,340,3135,-2,-213,1
406,6,316,164,12,13,0.78,2,20,290,2710,2,150,1
407,4,356,194,18,18,0.85,2,33,340,3114,-2,-213,1
407,6,316,166,12,12,0.81,2,21,290,2724,2,149,1
408,4,355,191,18,18,0.85,2,34,339,3093,-2,-213,1
408,6,316,167,12,12,0.79,2,22,290,2738,2,149,1
409,4,355,190,18,18,0.84,2,35,339,3073,-2,-212,1
409,5,302,148,13,18,0.26,7,13,265,2394,-3,40,1
409,6,314,167,12,12,0.79,2,23,290,2751,2,148,1
410,4,355,190,18,16,0.84,2,36,339,3052,-2,-212,1
410,5,302,149,12,18,0.24,7,14,265,2437,-2,54,1
410,6,316,168,11,12,0.78,2,24,290,2764,2,147,1
411,4,354,188,17,16,0.86,2,37,339,3031,-2,-212,1
411,5,302,150,12,17,0.33,7,15,265,2457,-2,59,1
411,6,314,168,12,13,0.78,2,25,291,2777,1,146,1
412,4,354,185,16,16,0.84,2,38,339,3010,-2,-212,1
412,5,302,150,12,17,0.35,7,16,265,2470,-2,61,1
412,6,314,169,12,12,0.78,2,26,291,2789,1,145,1
413,4,354,184,17,16,0.84,2,39,339,2990,-2,-212,1
413,5,302,152,12,16,0.50,7,17,265,2485,-2,64,1
413,6,313,170,13,13,0.78,2,27,291,2804,1,145,1
414,4,352,182,16,16,0.82,2,40,338,2969,-2,-212,1
414,5,302,150,12,18,0.27,7,18,265,2497,-2,66,1
414,6,313,170,14,14,0.78,2,28,291,2818,1,145,1
415,4,352,181,16,16,0.83,2,41,338,2949,-2,-212,1
415,5,302,153,12,16,0.57,7,19,265,2510,-2,68,1
415,6,312,172,14,14,0.79,2,29,291,2835,1,146,1
416,4,353,181,15,14,0.82,2,42,338,2928,-2,-211,1
416,5,302,153,12,16,0.63,7,20,265,2520,-2,69,1
416,6,313,172,14,13,0.81,2,30,291,2848,1,146,1
417,4,353,178,15,15,0.84,2,43,338,2907,-2,-211,1
417,5,301,152,12,17,0.65,7,21,265,2529,-2,70,1
417,6,313,174,13,13,0.81,2,31,291,2863,1,146,1
418,4,354,176,14,15,0.83,2,44,338,2886,-2,-211,1
418,5,301,152,12,18,0.58,7,22,265,2540,-2,71,1
418,6,312,174,13,13,0.83,2,32,291,2876,1,145,1
419,4,352,176,14,14,0.83,2,45,338,2866,-2,-211,1
419,5,300,153,13,18,0.53,7,23,265,2553,-2,72,1
419,6,312,175,14,14,0.82,2,33,291,2891,1,145,1
419,7,318,156,10,9,0.30,2,1,287,2426,0,200,1
420,4,352,174,14,14,0.84,2,46,338,2845,-2,-211,1
420,5,300,152,14,19,0.54,7,24,265,2563,-1,73,1
420,6,312,176,14,14,0.81,2,34,291,2905,1,145,1
420,7,318,156,10,10,0.31,2,2,287,2447,4,207,1
421,4,352,174,14,14,0.85,2,47,337,2824,-2,-211,1
421,5,300,153,14,19,0.54,7,25,265,2575,-1,74,1
421,6,311,177,14,14,0.81,2,35,291,2920,1,145,1
421,7,318,156,10,10,0.55,2,3,287,2463,3,187,1
422,4,352,172,14,14,0.86,2,48,337,2804,-2,-211,1
422,5,299,153,14,20,0.50,7,26,265,2589,-1,76,1
422,6,310,178,14,14,0.83,2,36,291,2934,1,145,1
422,7,318,156,10,11,0.64,2,4,287,2481,3,183,1
423,4,352,172,14,14,0.85,2,49,337,2783,-1,-211,1
423,5,299,153,14,20,0.47,7,27,265,2600,-1,77,1
423,6,310,178,14,15,0.82,2,37,291,2948,1,145,1
423,7,318,157,10,10,0.55,2,5,288,2491,3,162,1
424,4,351,170,13,14,0.84,2,50,337,2763,-1,-210,1
424,5,298,151,15,22,0.81,7,28,265,2610,-1,77,1
424,6,310,180,15,15,0.83,2,38,291,2964,1,145,1
424,7,318,157,10,12,0.59,2,6,288,2516,3,180,1
425,4,351,169,13,14,0.82,2,51,337,2742,-1,-210,1
425,5,298,151,16,22,0.80,7,29,265,2619,-1,77,1
425,6,310,180,15,15,0.84,2,39,291,2977,1,145,1
425,7,318,158,10,10,0.59,2,7,288,2523,3,162,1
426,4,350,167,13,14,0.85,2,52,337,2722,-1,-210,1
426,5,298,150,16,24,0.83,7,30,265,2629,-1,78,1
426,6,310,182,14,14,0.84,2,40,291,2991,1,145,1
426,7,318,159,10,10,0.63,2,8,288,2535,3,157,1
427,4,350,166,12,14,0.85,2,53,337,2701,-1,-210,1
427,5,298,150,16,24,0.83,7,31,265,2638,-1,78,1
427,6,309,183,15,14,0.85,2,41,291,3004,1,144,1
427,7,318,158,11,11,0.64,2,9,288,2544,3,148,1
428,4,350,167,12,12,0.77,2,54,337,2681,-1,-210,1
428,5,298,152,16,23,0.82,7,32,265,2649,-1,79,1
428,6,308,184,15,16,0.84,2,42,291,3019,1,145,1
428,7,318,160,11,11,0.67,2,10,288,2564,3,153,1
429,4,350,166,12,13,0.79,2,55,337,2660,-1,-210,1
429,5,298,153,17,23,0.84,7,33,265,2660,-1,79,1
429,6,308,186,15,16,0.83,2,43,291,3035,1,145,1
429,7,318,160,11,11,0.68,2,11,288,2578,3,152,1
430,4,350,165,12,12,0.78,2,56,336,2640,-1,-210,1
430,5,297,153,17,24,0.85,7,34,265,2671,-1,80,1
430,6,308,187,15,16,0.85,2,44,291,3050,1,145,1
430,7,317,159,12,12,0.67,2,12,289,2588,3,148,1
431,4,350,164,12,12,0.81,2,57,336,2619,-1,-210,1
431,5,296,154,17,24,0.83,7,35,266,2684,-1,81,1
431,6,307,190,16,14,0.85,2,45,291,3065,1,145,1
431,7,316,160,12,13,0.44,2,13,289,2607,3,151,1
432,4,350,162,12,12,0.82,2,58,336,2598,-1,-210,1
432,5,296,154,17,24,0.81,7,36,266,2695,-1,82,1
432,6,307,191,16,14,0.84,2,46,291,3079,1,145,1
432,7,316,159,12,14,0.61,2,14,289,2622,2,151,1
433,4,350,163,12,12,0.80,2,59,336,2578,-1,-210,1
433,5,297,156,16,22,0.68,7,37,266,2706,-1,82,1
433,6,306,191,16,16,0.83,2,47,291,3094,1,145,1
433,7,316,160,12,15,0.69,2,15,289,2642,2,154,1
434,4,349,161,12,13,0.76,2,60,336,2558,-1,-210,1
434,5,296,156,16,22,0.59,7,38,266,2715,-1,82,1
434,6,306,193,16,16,0.83,2,48,291,3109,1,145,1
434,7,316,161,12,14,0.64,2,16,289,2658,2,155,1
435,4,349,161,11,12,0.79,2,61,336,2537,-1,-209,1
435,5,296,156,16,24,0.65,7,39,266,2727,-1,83,1
435,6,305,194,17,16,0.84,2,49,291,3123,1,145,1
435,7,316,160,12,16,0.71,2,17,290,2675,2,156,1
436,4,348,160,12,12,0.83,2,62,336,2517,-1,-209,1
436,5,296,156,16,24,0.74,7,40,266,2737,-1,84,1
436,6,304,196,18,16,0.85,2,50,291,3138,1,145,1
436,7,316,162,12,15,0.76,2,18,290,2692,2,157,1
437,4,348,159,11,12,0.79,2,63,336,2497,-1,-209,1
437,5,296,157,16,24,0.74,7,41,266,2748,-1,84,1
437,6,304,198,18,16,0.84,2,51,292,3153,1,145,1
437,7,316,162,12,15,0.77,2,19,290,2706,2,156,1
438,4,349,159,11,12,0.68,2,64,336,2476,-1,-209,1
438,5,295,161,16,22,0.66,7,42,266,2762,-0,85,1
438,6,304,200,18,17,0.84,2,52,292,3169,1,146,1
438,7,314,163,13,14,0.72,2,20,290,2718,2,154,1
439,4,348,158,10,12,0.74,2,65,336,2456,-1,-209,1
439,5,295,160,16,23,0.79,7,43,266,2773,-0,86,1
439,6,303,200,18,18,0.85,2,53,292,3184,1,146,1
439,7,315,162,12,15,0.78,2,21,290,2728,2,151,1
440,4,348,158,10,11,0.65,2,66,336,2436,-1,-209,1
440,5,294,158,18,26,0.85,7,44,267,2786,-0,86,1
440,6,302,204,18,17,0.86,2,54,292,3199,1,146,1
440,7,315,164,12,15,0.75,2,22,290,2742,2,151,1
441,4,347,158,10,10,0.55,2,67,335,2416,-1,-209,1
441,5,294,158,18,26,0.85,7,45,267,2797,-0,87,1
441,6,302,205,18,17,0.85,2,55,292,3214,1,146,1
441,7,314,166,12,14,0.78,2,23,290,2757,1,150,1
442,4,348,157,10,10,0.75,2,68,335,2395,-1,-209,1
442,5,294,158,18,27,0.86,7,46,267,2808,-0,87,1
442,6,302,207,19,18,0.85,2,56,292,3229,1,146,1
442,7,314,166,13,15,0.80,2,24,290,2772,1,150,1
443,4,347,156,10,11,0.59,2,69,335,2375,-1,-209,1
443,5,292,159,18,27,0.86,7,47,267,2820,-0,88,1
443,6,301,208,19,19,0.86,2,57,292,3244,1,146,1
443,7,314,166,13,16,0.77,2,25,290,2787,1,150,1
444,4,347,156,10,10,0.59,2,70,335,2355,-1,-208,1
444,5,292,160,18,26,0.87,7,48,267,2831,-0,88,1
444,6,300,212,19,18,0.86,2,58,292,3260,1,146,1
444,7,314,167,13,16,0.79,2,26,290,2802,1,150,1
445,4,346,154,10,11,0.65,2,71,335,2335,-1,-208,1
445,5,292,160,19,27,0.87,7,49,267,2843,-0,88,1
445,6,300,214,19,19,0.85,2,59,292,3276,1,147,1
445,7,314,167,13,16,0.78,2,27,291,2815,1,150,1
446,4,346,153,10,11,0.65,2,72,335,2314,-1,-208,1
446,5,291,160,20,28,0.87,7,50,267,2854,-0,89,1
446,6,299,217,20,20,0.85,2,60,292,3292,1,147,1
446,7,314,167,13,18,0.75,2,28,291,2831,1,150,1
447,4,346,153,10,12,0.65,2,73,335,2294,-1,-208,1
447,5,291,160,19,28,0.86,7,51,267,2865,-0,89,1
447,6,297,219,20,20,0.85,2,61,292,3308,1,147,1
447,7,314,168,13,17,0.78,2,29,291,2844,1,149,1
448,4,346,152,10,11,0.75,2,74,335,2274,-1,-208,1
448,5,290,162,20,28,0.86,7,52,268,2877,-0,90,1
448,6,296,222,21,20,0.87,2,62,292,3324,1,147,1
448,7,314,169,14,18,0.75,2,30,291,2860,1,150,1
449,4,347,153,10,10,0.59,2,75,335,2254,-1,-208,1
449,5,290,162,20,28,0.86,7,53,268,2888,-0,90,1
449,6,296,225,21,20,0.85,2,63,292,3340,1,147,1
449,7,314,170,13,17,0.79,2,31,291,2873,1,149,1
450,4,347,152,9,10,0.49,2,76,335,2233,-1,-208,1
450,5,289,161,20,31,0.86,7,54,268,2900,-0,90,1
450,6,294,228,22,22,0.88,2,64,292,3357,1,148,1
450,7,313,171,14,18,0.80,2,32,291,2889,1,149,1
451,4,346,152,9,10,0.48,2,77,334,2213,-1,-208,1
451,5,288,162,20,30,0.87,7,55,268,2911,-0,91,1
451,6,293,230,22,22,0.88,2,65,292,3372,1,148,1
451,7,312,171,14,18,0.80,2,33,291,2902,1,149,1
452,4,346,152,9,9,0.14,2,78,334,2193,-1,-208,1
452,5,288,163,20,31,0.87,7,56,268,2923,-0,91,1
452,6,292,235,23,22,0.88,2,66,292,3389,1,148,1
452,7,312,171,15,21,0.78,2,34,291,2919,1,149,1
453,4,346,152,9,9,0.19,2,79,334,2173,-1,-208,1
453,5,287,165,20,30,0.87,7,57,268,2936,-0,92,1
453,6,290,238,24,23,0.88,2,67,292,3405,1,148,1
453,7,312,172,15,21,0.79,2,35,291,2935,1,150,1
454,4,346,151,9,8,0.32,2,80,334,2153,-1,-208,1
454,5,286,166,21,30,0.87,7,58,268,2948,-0,92,1
454,6,288,242,25,24,0.88,2,68,292,3422,1,149,1
454,7,312,172,16,22,0.79,2,36,292,2951,1,150,1
455,4,346,151,8,8,0.29,2,81,334,2132,-1,-208,1
455,5,286,166,20,30,0.87,7,59,268,2960,-0,92,1
455,6,286,245,26,25,0.88,2,69,293,3439,1,149,1
455,7,312,174,15,20,0.83,2,37,292,2965,1,150,1
456,4,346,151,9,8,0.36,2,82,334,2112,-1,-208,1
456,5,285,166,21,31,0.87,7,60,268,2971,-0,93,1
456,6,285,250,26,25,0.88,2,70,293,3455,1,149,1
456,7,311,175,16,22,0.84,2,38,292,2982,2,150,1
456,8,304,145,13,18,0.52,7,1,266,2383,0,200,1
457,4,346,151,9,8,0.37,2,83,334,2092,-1,-207,1
457,5,284,167,22,32,0.87,7,61,269,2984,-0,93,1
457,6,284,254,26,26,0.89,2,71,293,3472,1,150,1
457,7,310,177,16,20,0.84,2,39,292,2996,1,150,1
457,8,304,145,13,18,0.54,7,2,266,2401,5,183,1
458,4,346,150,8,8,0.14,2,84,334,2072,-1,-207,1
458,5,284,168,22,32,0.87,7,62,269,2996,-0,93,1
458,6,282,260,27,28,0.89,2,72,293,3489,1,150,1
458,7,310,177,16,22,0.83,2,40,292,3011,1,150,1
458,8,304,146,14,18,0.65,7,3,266,2417,8,172,1
459,4,345,149,8,8,0.40,2,85,334,2052,-1,-207,1
459,5,284,169,21,32,0.87,7,63,269,3008,-0,94,1
459,6,280,263,29,30,0.88,2,73,293,3506,1,150,1
459,7,310,177,16,24,0.83,2,41,292,3028,1,150,1
459,8,304,146,14,18,0.65,7,4,266,2426,7,142,1
460,4,345,149,8,8,0.40,2,86,334,2032,-1,-207,1
460,5,282,170,22,33,0.86,7,64,269,3021,-0,94,1
460,6,277,270,30,30,0.89,2,74,293,3524,1,151,1
460,7,310,178,16,25,0.77,2,42,292,3044,1,151,1
460,8,304,145,14,19,0.71,7,5,267,2428,6,113,1
461,4,345,148,9,8,0.35,2,87,333,2011,-1,-207,1
461,5,280,171,23,34,0.87,7,65,269,3034,-0,95,1
461,6,274,278,32,32,0.89,2,75,293,3542,1,151,1
461,7,309,180,16,24,0.81,2,43,292,3060,1,151,1
461,8,303,146,14,19,0.72,7,6,267,2439,4,113,1
462,4,345,148,9,8,0.34,2,88,333,1991,-1,-207,1
462,5,281,172,22,32,0.86,7,66,269,3046,-0,95,1
462,6,274,280,32,32,0.89,2,76,293,3558,1,151,1
462,7,308,180,16,24,0.82,2,44,293,3074,1,151,1
462,8,302,147,14,18,0.65,7,7,267,2447,2,107,1
463,4,345,147,9,9,0.42,2,89,333,1971,-1,-207,1
463,5,280,172,23,34,0.86,7,67,269,3058,-0,95,1
463,6,272,288,32,34,0.89,2,77,293,3575,1,151,1
463,7,308,182,18,25,0.83,2,45,293,3090,1,151,1
463,8,302,146,14,19,0.69,7,8,267,2452,1,99,1
464,4,345,146,9,10,0.33,2,90,333,1951,-1,-207,1
464,5,279,173,22,34,0.86,7,68,269,3070,-0,96,1
464,6,269,295,33,34,0.89,2,78,293,3592,1,152,1
464,7,308,182,18,26,0.82,2,46,293,3105,1,151,1
464,8,302,147,14,19,0.68,7,9,267,2463,0,100,1
465,4,345,146,9,10,0.33,2,91,333,1932,-1,-207,1
465,5,278,175,23,34,0.88,7,69,269,3083,-0,96,1
465,6,264,304,37,37,0.89,2,79,293,3609,1,152,1
465,7,307,184,18,26,0.81,2,47,293,3120,1,151,1
465,8,301,147,15,20,0.71,7,10,267,2479,0,107,1
466,4,345,146,9,9,0.22,2,92,333,1912,-1,-207,1
466,5,277,175,24,35,0.89,7,70,269,3095,-0,96,1
466,6,261,312,38,38,0.90,2,80,293,3626,0,152,1
466,7,306,186,18,26,0.75,2,48,293,3136,1,151,1
466,8,300,148,15,20,0.73,7,11,267,2498,-0,115,1
467,4,345,146,8,9,0.20,2,93,333,1892,-1,-207,1
467,5,276,176,25,36,0.89,7,71,269,3107,-0,97,1
467,6,259,323,38,42,0.91,2,81,293,3643,0,153,1
467,7,305,194,18,20,0.77,2,49,293,3151,1,151,1
467,8,301,148,14,20,0.65,7,12,267,2511,-0,117,1
468,5,274,177,26,36,0.89,7,72,269,3120,-0,97,1
468,6,256,332,40,44,0.90,2,82,293,3661,0,153,1
468,7,304,196,18,20,0.78,2,50,293,3167,1,151,1
468,8,300,148,14,20,0.71,7,13,267,2522,-0,116,1
468,9,309,184,14,13,0.64,2,1,290,2993,0,200,1
469,4,344,144,8,10,0.11,2,94,333,1852,-1,-206,1
469,5,274,178,26,38,0.89,7,73,269,3133,-0,98,1
469,6,250,347,43,48,0.91,2,83,293,3678,0,153,1
469,7,303,200,19,19,0.74,2,51,293,3184,1,152,1
469,8,300,148,15,21,0.80,7,14,267,2535,-0,117,1
469,9,308,186,14,14,0.78,2,2,290,3018,-3,253,1
470,4,344,145,8,8,0.17,2,95,333,1832,-1,-206,1
470,5,273,179,26,38,0.89,7,74,269,3146,-0,98,1
470,6,244,357,46,50,0.92,2,84,293,3695,0,153,1
470,7,304,201,19,20,0.75,2,52,293,3200,1,152,1
470,8,300,148,15,21,0.79,7,15,267,2546,-0,116,1
470,9,308,186,14,14,0.75,2,3,290,3033,-1,199,1
471,4,344,145,8,8,0.17,2,96,332,1812,-1,-206,1
471,5,272,180,26,38,0.88,7,75,269,3158,-0,98,1
471,6,238,375,50,56,0.91,2,85,293,3713,0,154,1
471,7,302,205,19,18,0.79,2,53,293,3216,1,152,1
471,8,300,148,15,22,0.80,7,16,266,2559,0,117,1
471,9,308,188,14,14,0.79,2,4,290,3049,1,187,1
472,4,344,145,8,8,0.18,2,97,332,1792,-1,-206,1
472,5,270,181,26,38,0.88,7,76,269,3171,-0,98,1
472,6,234,389,51,59,0.92,2,86,293,3730,0,154,1
472,7,302,206,18,19,0.78,2,54,294,3231,1,152,1
472,8,300,149,15,22,0.80,7,17,266,2574,0,119,1
472,9,307,190,15,13,0.72,2,5,290,3062,1,173,1
473,5,269,182,28,40,0.89,7,77,269,3183,-0,99,1
473,6,224,412,56,66,0.94,2,87,293,3748,0,155,1
473,7,301,209,19,20,0.78,2,55,294,3248,1,152,1
473,8,298,150,16,21,0.75,7,18,266,2586,0,120,1
473,9,306,192,15,14,0.80,2,6,290,3083,0,179,1
474,5,268,183,28,40,0.89,7,78,269,3196,-0,99,1
474,6,218,430,60,70,0.92,2,88,293,3766,0,155,1
474,7,300,212,20,19,0.77,2,56,294,3265,1,153,1
474,8,298,150,16,21,0.75,7,19,266,2597,0,119,1
474,9,306,192,16,15,0.81,2,7,290,3098,1,176,1
475,5,266,185,29,40,0.89,7,79,269,3208,-0,99,1
475,7,298,215,20,20,0.79,2,57,294,3282,1,153,1
475,8,298,150,16,22,0.80,7,20,266,2609,0,119,1
475,9,304,193,16,16,0.81,2,8,290,3115,0,174,1
476,5,266,186,29,42,0.89,7,80,269,3221,-0,100,1
476,7,298,219,20,18,0.83,2,58,294,3298,1,153,1
476,8,298,150,16,22,0.79,7,21,266,2619,0,118,1
476,9,304,195,16,15,0.79,2,9,290,3129,-0,170,1
477,5,264,188,30,42,0.90,7,81,269,3234,-0,100,1
477,7,298,222,20,19,0.83,2,59,294,3316,1,153,1
477,8,298,150,16,22,0.76,7,22,266,2628,0,116,1
477,9,303,197,16,16,0.85,2,10,290,3147,-0,171,1
478,5,264,188,29,44,0.90,7,82,269,3247,-0,100,1
478,7,296,223,21,21,0.84,2,60,294,3332,1,154,1
478,8,298,151,16,22,0.82,7,23,266,2638,0,116,1
478,9,302,199,17,16,0.84,2,11,290,3164,-0,171,1
479,5,261,190,31,44,0.87,7,83,269,3260,-0,101,1
479,7,294,228,22,20,0.86,2,61,294,3350,1,154,1
479,8,298,152,16,23,0.84,7,24,266,2653,0,117,1
479,9,302,200,17,17,0.84,2,12,290,3180,-0,170,1
480,5,260,192,31,45,0.89,7,84,269,3272,-0,101,1
480,7,294,231,22,20,0.86,2,62,294,3366,1,154,1
480,8,298,152,16,22,0.84,7,25,267,2663,0,117,1
480,9,303,202,16,16,0.85,2,13,290,3194,0,168,1
481,5,257,194,33,46,0.86,7,85,269,3286,-0,101,1
481,7,292,235,23,21,0.87,2,63,294,3384,1,155,1
481,8,298,152,16,23,0.85,7,26,267,2674,1,116,1
481,9,301,204,17,17,0.87,2,14,290,3210,0,167,1
482,5,256,194,34,47,0.90,7,86,269,3298,-0,101,1
482,7,291,238,24,22,0.88,2,64,294,3401,1,155,1
482,8,298,153,16,24,0.85,7,27,267,2689,1,118,1
482,9,301,206,18,18,0.85,2,15,290,3228,0,168,1
483,5,254,197,34,48,0.86,7,87,269,3311,-0,102,1
483,7,289,243,25,22,0.86,2,65,294,3419,1,155,1
483,8,297,153,16,23,0.84,7,28,267,2699,1,117,1
483,9,300,209,18,18,0.85,2,16,290,3245,1,168,1
484,5,252,198,36,50,0.91,7,88,269,3324,-0,102,1
484,7,288,245,25,24,0.87,2,66,294,3436,1,155,1
484,8,297,153,16,24,0.85,7,29,267,2711,1,117,1
484,9,298,211,19,18,0.85,2,17,290,3262,0,168,1
485,5,250,201,35,50,0.90,7,89,269,3337,-0,102,1
485,7,288,251,25,24,0.87,2,67,294,3453,1,156,1
485,8,296,153,17,26,0.85,7,30,267,2725,1,118,1
485,9,298,214,19,18,0.85,2,18,290,3279,1,168,1
486,5,249,201,36,53,0.89,7,90,269,3350,-0,103,1
486,7,286,254,26,26,0.88,2,68,294,3471,1,156,1
486,8,296,152,18,26,0.85,7,31,267,2736,1,118,1
486,9,297,216,20,19,0.86,2,19,290,3296,1,168,1
487,5,246,204,37,54,0.91,7,91,269,3364,-0,103,1
487,7,284,259,27,28,0.88,2,69,294,3489,1,156,1
487,8,296,152,17,27,0.85,7,32,267,2748,1,118,1
487,9,296,220,20,19,0.87,2,20,291,3314,1,169,1
488,5,245,206,38,54,0.90,7,92,269,3377,-0,103,1
488,7,283,263,28,30,0.88,2,70,294,3506,1,157,1
488,8,295,154,18,26,0.86,7,33,267,2760,1,118,1
488,9,295,222,21,20,0.87,2,21,291,3331,1,169,1
489,5,242,208,39,57,0.89,7,93,269,3390,-0,104,1
489,7,280,271,29,30,0.88,2,71,294,3525,1,157,1
489,8,295,154,17,26,0.86,7,34,268,2771,1,117,1
489,9,294,225,22,20,0.87,2,22,291,3348,1,169,1
490,5,240,210,40,58,0.91,7,94,269,3403,-0,104,1
490,7,278,276,30,31,0.89,2,72,294,3542,1,157,1
490,8,294,155,18,26,0.85,7,35,268,2782,1,117,1
490,9,294,228,22,21,0.87,2,23,291,3365,1,169,1
491,5,237,213,42,60,0.90,7,95,269,3416,-0,104,1
491,7,275,284,32,32,0.90,2,73,294,3560,1,158,1
491,8,294,155,18,28,0.85,7,36,268,2796,1,118,1
491,9,292,231,22,22,0.88,2,24,291,3383,1,169,1
492,5,235,215,42,62,0.91,7,96,269,3430,-0,105,1
492,7,274,289,33,34,0.90,2,74,294,3578,1,158,1
492,8,294,156,18,27,0.85,7,37,268,2808,1,118,1
492,9,292,234,22,22,0.87,2,25,291,3399,1,169,1
493,5,232,216,44,65,0.90,7,97,270,3443,-0,105,1
493,7,271,298,34,38,0.89,2,75,294,3597,1,159,1
493,8,293,156,18,28,0.85,7,38,268,2821,1,118,1
493,9,290,238,24,24,0.88,2,26,291,3417,1,170,1
494,5,228,218,46,68,0.91,7,98,270,3456,-0,105,1
494,7,267,305,36,39,0.89,2,76,294,3615,1,159,1
494,8,293,156,18,28,0.85,7,39,268,2832,1,118,1
494,9,288,242,24,24,0.87,2,27,291,3434,1,170,1
495,5,226,223,46,68,0.91,7,99,270,3470,-0,105,1
495,7,263,316,39,43,0.91,2,77,294,3633,1,159,1
495,8,292,158,18,28,0.85,7,40,268,2846,1,119,1
495,9,286,247,26,24,0.88,2,28,291,3452,1,170,1
496,5,222,226,48,70,0.91,7,100,270,3483,-0,106,1
496,7,260,324,40,44,0.91,2,78,294,3651,1,159,1
496,8,292,159,19,26,0.85,7,41,269,2856,1,118,1
496,9,286,250,26,25,0.88,2,29,291,3468,1,170,1
497,5,219,229,48,74,0.91,7,101,270,3497,-0,106,1
497,7,256,338,42,48,0.91,2,79,294,3669,1,160,1
497,8,291,160,19,28,0.85,7,42,269,2870,1,119,1
497,9,284,256,26,26,0.88,2,30,292,3486,1,170,1
498,5,215,232,51,75,0.92,7,102,270,3511,-0,106,1
498,7,252,348,44,51,0.92,2,80,294,3687,1,160,1
498,8,291,160,19,28,0.85,7,43,269,2882,1,119,1
498,9,284,260,27,28,0.89,2,31,292,3503,1,170,1
499,5,212,237,52,78,0.92,7,103,270,3525,-0,107,1
499,7,244,365,49,56,0.92,2,81,294,3705,1,160,1
499,8,290,160,20,28,0.86,7,44,269,2893,1,119,1
499,9,281,268,28,29,0.90,2,32,292,3522,1,171,1
500,5,208,241,54,80,0.91,7,104,270,3539,-0,107,1
500,7,240,377,50,60,0.91,2,82,294,3723,1,161,1
500,8,290,160,20,29,0.86,7,45,269,2905,1,119,1
500,9,279,272,30,30,0.88,2,33,292,3540,1,171,1
501,5,202,245,56,84,0.91,7,105,270,3553,-0,107,1
501,7,232,400,56,66,0.92,2,83,294,3741,1,161,1
501,8,289,160,21,30,0.86,7,46,269,2916,1,119,1
501,9,276,280,32,32,0.88,2,34,292,3558,1,171,1
502,5,198,249,59,86,0.93,7,106,270,3566,-0,108,1
502,7,226,416,58,72,0.92,2,84,294,3759,1,161,1
502,8,289,160,21,30,0.87,7,47,269,2927,1,118,1
502,9,276,286,31,32,0.90,2,35,292,3576,1,172,1
503,5,192,254,61,93,0.92,7,107,270,3581,-0,108,1
503,7,214,444,66,82,0.92,2,85,294,3778,1,162,1
503,8,288,160,21,33,0.87,7,48,269,2940,1,119,1
503,9,272,294,34,36,0.90,2,36,292,3595,1,172,1
504,5,186,258,64,96,0.91,7,108,270,3595,-0,108,1
504,8,287,162,22,32,0.87,7,49,270,2953,1,119,1
504,9,270,302,34,36,0.90,2,37,293,3613,1,172,1
505,5,179,265,68,99,0.92,7,109,270,3609,-0,109,1
505,8,287,163,22,32,0.88,7,50,270,2966,1,119,1
505,9,266,312,36,39,0.90,2,38,293,3631,1,173,1
506,5,174,269,70,104,0.93,7,110,270,3623,-0,109,1
506,8,286,163,22,32,0.88,7,51,270,2978,1,119,1
506,9,264,320,38,41,0.90,2,39,293,3649,1,173,1
507,5,165,276,75,110,0.93,7,111,270,3638,-0,109,1
507,8,286,164,23,32,0.88,7,52,270,2989,1,119,1
507,9,260,334,40,44,0.91,2,40,293,3668,1,173,1
508,5,158,282,79,114,0.93,7,112,270,3652,-0,110,1
508,8,285,165,24,32,0.89,7,53,270,3001,1,119,1
508,9,256,344,42,46,0.91,2,41,293,3685,1,173,1
509,5,148,290,84,122,0.93,7,113,270,3666,-0,110,1
509,8,284,166,24,32,0.88,7,54,270,3013,1,119,1
509,9,251,361,44,51,0.91,2,42,293,3704,1,174,1
510,5,142,296,87,128,0.94,7,114,270,3681,-0,110,1
510,8,284,167,23,32,0.88,7,55,270,3024,1,119,1
510,9,245,374,48,54,0.92,2,43,294,3722,1,174,1
511,5,129,306,94,137,0.92,7,115,270,3695,-0,111,1
511,8,284,168,24,34,0.88,7,56,270,3037,1,119,1
511,9,239,396,52,60,0.92,2,44,294,3741,1,174,1
512,5,120,313,98,146,0.93,7,116,270,3709,-0,111,1
512,8,282,168,24,34,0.88,7,57,270,3050,1,119,1
512,9,233,411,55,66,0.94,2,45,294,3759,1,175,1
513,5,105,327,105,156,0.93,7,117,270,3724,-0,112,1
513,8,282,166,25,37,0.86,7,58,270,3062,1,119,1
513,9,223,441,60,72,0.93,2,46,294,3778,1,175,1
514,5,94,335,111,166,0.93,7,118,270,3739,-0,112,1
514,8,281,169,24,35,0.85,7,59,271,3073,1,119,1
515,5,76,351,120,181,0.92,7,119,270,3754,-0,112,1
515,8,280,170,25,35,0.86,7,60,271,3085,1,119,1
516,8,280,172,26,34,0.87,7,61,271,3096,1,119,1
517,8,278,174,25,34,0.87,7,62,271,3108,1,119,1
518,8,278,175,25,34,0.88,7,63,271,3120,1,119,1
519,8,276,176,26,36,0.89,7,64,271,3133,1,119,1
520,8,276,176,26,36,0.89,7,65,271,3145,1,119,1
521,8,274,176,27,38,0.89,7,66,271,3157,1,119,1
522,8,274,177,26,38,0.88,7,67,271,3169,1,119,1
523,8,273,178,27,39,0.88,7,68,271,3181,1,119,1
523,10,524,450,76,68,0.91,2,1,368,3802,0,-200,1
524,8,272,179,28,40,0.88,7,69,271,3193,1,119,1
524,10,512,427,70,64,0.91,2,2,368,3785,-1,-164,1
525,8,271,180,28,40,0.88,7,70,271,3205,1,119,1
525,10,496,400,64,58,0.91,2,3,368,3764,-4,-192,1
526,8,270,181,30,40,0.89,7,71,271,3217,1,119,1
526,10,487,382,59,54,0.92,2,4,368,3744,-2,-193,1
527,8,268,181,31,42,0.89,7,72,271,3228,1,119,1
527,10,476,361,52,48,0.91,2,5,368,3721,-3,-203,1
528,8,268,184,30,42,0.88,7,73,271,3241,1,119,1
528,10,469,348,50,46,0.91,2,6,368,3701,-2,-202,1
529,8,266,185,32,43,0.88,7,74,271,3253,1,119,1
529,10,460,331,46,42,0.91,2,7,368,3679,-2,-206,1
530,8,265,186,32,44,0.89,7,75,271,3265,1,119,1
530,10,454,321,44,41,0.90,2,8,368,3659,-1,-205,1
531,8,264,186,32,46,0.88,7,76,271,3278,1,119,1
531,10,445,308,42,38,0.90,2,9,368,3637,-2,-207,1
532,8,262,189,32,44,0.89,7,77,272,3290,1,119,1
532,10,440,299,40,36,0.90,2,10,368,3616,-2,-207,1
533,8,260,192,33,44,0.89,7,78,272,3302,1,119,1
533,10,435,288,36,34,0.89,2,11,368,3595,-2,-208,1
534,8,259,194,32,44,0.89,7,79,272,3314,1,119,1
534,10,432,282,34,32,0.89,2,12,367,3574,-2,-208,1
535,8,258,196,34,46,0.89,7,80,272,3327,1,119,1
535,10,424,272,35,32,0.86,2,13,367,3553,-2,-209,1
536,8,256,197,35,46,0.90,7,81,272,3339,1,120,1
536,10,422,264,32,32,0.88,2,14,367,3531,-2,-209,1
537,8,254,198,36,48,0.90,7,82,272,3351,1,120,1
537,10,416,259,33,29,0.86,2,15,367,3510,-2,-209,1
538,8,253,200,36,48,0.90,7,83,272,3363,1,120,1
538,10,414,254,31,28,0.86,2,16,367,3489,-2,-209,1
538,11,422,428,79,102,0.93,2,1,343,3803,0,-200,1
539,8,250,202,38,50,0.91,7,84,272,3376,1,120,1
539,10,410,248,30,25,0.86,2,17,367,3467,-2,-210,1
539,11,414,399,71,91,0.92,2,2,343,3780,-1,-231,1
540,8,249,203,38,52,0.90,7,85,272,3388,1,120,1
540,10,408,244,30,25,0.85,2,18,367,3446,-2,-210,1
540,11,409,381,67,86,0.92,2,3,343,3763,-1,-201,1
541,8,247,206,39,53,0.91,7,86,272,3401,1,120,1
541,10,406,239,28,24,0.85,2,19,366,3425,-2,-210,1
541,11,403,359,60,78,0.92,2,4,343,3742,-2,-206,1
542,8,246,208,39,54,0.90,7,87,272,3413,1,120,1
542,10,404,236,27,23,0.81,2,20,366,3404,-2,-210,1
542,11,400,347,56,72,0.92,2,5,343,3723,-1,-201,1
543,8,243,209,40,56,0.89,7,88,272,3426,1,120,1
543,10,400,232,26,22,0.77,2,21,366,3383,-2,-210,1
543,11,395,328,52,68,0.92,2,6,343,3702,-1,-203,1
544,8,240,210,43,58,0.90,7,89,272,3438,1,120,1
544,10,399,227,24,22,0.83,2,22,366,3362,-2,-210,1
544,11,393,319,51,63,0.91,2,7,343,3683,-1,-201,1
545,8,238,212,44,62,0.90,7,90,272,3451,1,120,1
545,10,396,222,24,22,0.88,2,23,366,3341,-2,-210,1
545,11,390,305,48,60,0.91,2,8,343,3662,-0,-202,1
546,8,236,213,44,64,0.90,7,91,272,3464,1,120,1
546,10,394,220,24,21,0.86,2,24,365,3320,-2,-210,1
546,11,386,296,45,57,0.90,2,9,343,3642,-1,-201,1
547,8,233,218,46,65,0.90,7,92,272,3477,1,120,1
547,10,391,216,24,20,0.83,2,25,365,3299,-2,-210,1
547,11,384,286,40,52,0.90,2,10,343,3622,-1,-202,1
548,8,230,218,47,68,0.91,7,93,272,3490,1,120,1
548,10,390,214,23,20,0.84,2,26,365,3278,-2,-210,1
548,11,382,280,40,50,0.91,2,11,343,3602,-1,-201,1
549,8,228,221,48,72,0.91,7,94,272,3503,1,121,1
549,10,388,211,22,18,0.86,2,27,365,3257,-2,-210,1
549,11,380,270,38,48,0.91,2,12,343,3582,-1,-202,1
550,8,224,223,51,74,0.91,7,95,272,3516,1,121,1
550,10,388,209,21,18,0.86,2,28,364,3236,-2,-210,1
550,11,378,262,38,48,0.90,2,13,343,3562,-1,-201,1
551,8,221,227,54,77,0.91,7,96,272,3529,1,121,1
551,10,386,205,20,18,0.83,2,29,364,3215,-2,-210,1
551,11,375,257,36,43,0.91,2,14,343,3541,-1,-202,1
552,8,218,230,54,78,0.91,7,97,272,3542,1,121,1
552,10,384,202,21,19,0.83,2,30,364,3194,-2,-210,1
552,11,374,252,34,42,0.91,2,15,343,3521,-1,-201,1
553,8,214,234,58,82,0.92,7,98,272,3555,1,121,1
553,10,382,200,20,18,0.84,2,31,364,3173,-2,-210,1
553,11,372,246,33,40,0.91,2,16,343,3501,-1,-201,1
554,8,210,238,59,83,0.91,7,99,272,3568,1,121,1
554,10,382,199,20,17,0.83,2,32,364,3152,-2,-210,1
554,11,372,241,32,39,0.90,2,17,342,3481,-1,-201,1
555,8,205,242,62,88,0.91,7,100,272,3582,1,121,1
555,10,381,196,18,17,0.84,2,33,363,3131,-2,-210,1
555,11,370,236,30,37,0.90,2,18,342,3461,-1,-201,1
556,8,202,246,64,90,0.92,7,101,272,3595,1,121,1
556,10,380,195,18,16,0.84,2,34,363,3110,-2,-210,1
556,11,369,233,28,36,0.90,2,19,342,3441,-1,-201,1
557,8,195,249,68,98,0.92,7,102,272,3609,1,122,1
557,10,378,194,17,15,0.83,2,35,363,3089,-2,-210,1
557,11,368,228,28,34,0.89,2,20,342,3421,-1,-201,1
558,8,191,254,72,100,0.92,7,103,272,3622,1,122,1
558,10,378,193,17,14,0.83,2,36,363,3069,-2,-210,1
558,11,368,225,26,32,0.89,2,21,342,3401,-1,-201,1
559,8,183,259,76,106,0.92,7,104,272,3635,1,122,1
559,10,377,190,17,15,0.83,2,37,362,3048,-2,-210,1
559,11,366,220,26,32,0.89,2,22,342,3380,-1,-201,1
560,8,178,262,79,111,0.93,7,105,272,3649,1,122,1
560,10,376,188,16,15,0.84,2,38,362,3027,-2,-210,1
560,11,366,218,24,30,0.88,2,23,342,3360,-1,-202,1
561,8,170,269,86,118,0.93,7,106,272,3662,1,122,1
561,10,374,187,16,14,0.84,2,39,362,3007,-2,-210,1
561,11,365,216,24,28,0.89,2,24,342,3340,-1,-202,1
562,8,164,274,89,124,0.92,7,107,272,3676,1,122,1
562,10,374,186,15,13,0.84,2,40,362,2986,-2,-210,1
562,11,365,211,23,30,0.89,2,25,342,3320,-1,-201,1
563,8,154,280,96,133,0.92,7,108,273,3690,1,122,1
563,10,373,185,15,12,0.83,2,41,361,2965,-2,-210,1
563,11,364,208,24,28,0.89,2,26,342,3299,-1,-202,1
564,8,147,286,100,141,0.93,7,109,273,3703,1,123,1
564,10,373,183,14,13,0.84,2,42,361,2944,-2,-209,1
564,11,364,207,22,27,0.87,2,27,342,3280,-1,-201,1
565,8,134,294,108,152,0.93,7,110,273,3717,1,123,1
565,10,372,182,14,12,0.82,2,43,361,2924,-2,-209,1
565,11,362,204,21,26,0.88,2,28,342,3260,-1,-201,1
566,8,126,298,114,163,0.92,7,111,273,3731,1,123,1
566,10,371,180,14,12,0.83,2,44,361,2903,-2,-209,1
566,11,362,202,20,26,0.87,2,29,342,3240,-1,-201,1
567,8,112,309,122,178,0.92,7,112,273,3745,1,123,1
567,10,370,179,14,12,0.82,2,45,360,2882,-2,-209,1
567,11,362,200,20,25,0.86,2,30,341,3220,-1,-201,1
568,8,99,317,131,188,0.91,7,113,273,3759,1,123,1
568,10,370,178,14,12,0.79,2,46,360,2862,-2,-209,1
568,11,360,197,20,25,0.87,2,31,341,3200,-1,-201,1
569,8,80,328,146,206,0.92,7,114,273,3773,1,124,1
569,10,369,176,14,12,0.80,2,47,360,2841,-2,-209,1
569,11,360,195,19,24,0.88,2,32,341,3180,-1,-201,1
570,10,368,175,13,12,0.79,2,48,360,2820,-2,-209,1
570,11,359,193,20,24,0.86,2,33,341,3160,-1,-201,1
571,10,368,174,13,12,0.75,2,49,359,2800,-2,-209,1
571,11,358,192,19,22,0.85,2,34,341,3141,-1,-201,1
572,10,368,174,13,12,0.74,2,50,359,2779,-2,-209,1
572,11,358,190,19,22,0.85,2,35,341,3121,-1,-201,1
573,10,366,172,13,12,0.76,2,51,359,2759,-2,-209,1
573,11,357,188,18,22,0.84,2,36,341,3101,-1,-201,1
574,10,366,171,12,12,0.76,2,52,359,2739,-2,-209,1
574,11,357,187,18,22,0.83,2,37,341,3082,-1,-200,1
575,10,366,170,13,11,0.72,2,53,359,2718,-2,-209,1
575,11,356,184,18,22,0.81,2,38,341,3062,-1,-200,1
576,10,365,168,12,12,0.76,2,54,358,2697,-2,-209,1
576,11,356,183,18,22,0.84,2,39,341,3042,-1,-200,1
577,10,364,166,12,12,0.75,2,55,358,2677,-2,-209,1
577,11,356,183,17,20,0.84,2,40,341,3023,-1,-200,1
578,10,364,166,12,12,0.75,2,56,358,2656,-2,-208,1
578,11,356,182,16,20,0.84,2,41,341,3004,-1,-200,1
579,10,363,166,12,12,0.73,2,57,358,2636,-2,-208,1
579,11,355,180,17,20,0.80,2,42,341,2984,-1,-200,1
580,10,363,164,12,12,0.71,2,58,357,2615,-2,-208,1
580,11,354,179,17,20,0.81,2,43,340,2965,-1,-199,1
581,10,362,163,12,12,0.70,2,59,357,2595,-2,-208,1
581,11,354,177,16,20,0.80,2,44,340,2946,-1,-199,1
582,10,362,161,12,14,0.67,2,60,357,2575,-2,-208,1
582,11,353,176,16,20,0.78,2,45,340,2927,-1,-199,1
583,10,362,161,12,12,0.69,2,61,357,2554,-2,-208,1
583,11,353,174,16,20,0.80,2,46,340,2908,-1,-199,1
584,10,361,160,12,12,0.74,2,62,357,2534,-2,-208,1
584,11,352,174,16,19,0.79,2,47,340,2889,-1,-199,1
585,10,360,159,12,12,0.70,2,63,356,2513,-2,-208,1
585,11,352,172,16,18,0.80,2,48,340,2869,-1,-199,1
585,12,515,410,89,98,0.91,2,1,369,3796,0,-200,1
586,10,360,159,12,12,0.72,2,64,356,2493,-2,-208,1
586,11,352,172,15,18,0.79,2,49,340,2850,-1,-198,1
586,12,506,395,84,93,0.84,2,2,369,3783,-1,-127,1
587,10,360,158,12,13,0.72,2,65,356,2472,-2,-208,1
587,11,351,170,16,18,0.80,2,50,340,2831,-1,-198,1
587,12,495,375,76,85,0.93,2,3,369,3765,-1,-155,1
588,10,360,158,12,12,0.72,2,66,356,2452,-2,-208,1
588,11,351,170,15,18,0.81,2,51,340,2812,-1,-198,1
588,12,488,363,71,80,0.92,2,4,369,3750,-1,-154,1
589,10,360,157,12,12,0.70,2,67,356,2432,-2,-208,1
589,11,351,168,14,18,0.79,2,52,340,2793,-1,-198,1
589,12,478,347,66,74,0.92,2,5,369,3732,-1,-160,1
590,10,360,156,12,12,0.65,2,68,355,2411,-2,-208,1
590,11,351,168,14,18,0.80,2,53,339,2774,-1,-198,1
590,12,472,337,64,72,0.92,2,6,369,3717,-1,-158,1
591,10,360,157,11,10,0.56,2,69,355,2391,-2,-208,1
591,11,350,167,14,16,0.82,2,54,339,2755,-1,-198,1
591,12,464,324,60,68,0.92,2,7,369,3701,-2,-160,1
592,10,359,156,11,10,0.49,2,70,355,2370,-2,-208,1
592,11,350,166,14,16,0.83,2,55,339,2735,-1,-198,1
592,12,460,316,56,64,0.91,2,8,369,3685,-1,-160,1
593,10,358,156,11,10,0.49,2,71,355,2350,-2,-207,1
593,11,350,166,13,16,0.82,2,56,339,2716,-1,-197,1
593,12,454,306,53,60,0.91,2,9,369,3668,-1,-161,1
593,13,319,154,10,10,0.37,2,1,288,2397,0,200,1
594,10,358,155,11,10,0.57,2,72,355,2330,-2,-207,1
594,11,350,165,13,16,0.83,2,57,339,2697,-1,-197,1
594,12,450,300,51,58,0.92,2,10,369,3652,-1,-160,1
594,13,319,154,10,10,0.37,2,2,288,2415,3,183,1
595,10,358,154,11,10,0.64,2,73,354,2309,-2,-207,1
595,11,350,165,12,14,0.82,2,58,339,2678,-1,-197,1
595,12,445,290,48,56,0.91,2,11,369,3636,-1,-160,1
595,13,318,154,11,11,0.38,2,3,288,2431,-0,172,1
596,10,358,154,10,10,0.64,2,74,354,2289,-2,-207,1
596,11,350,164,12,14,0.82,2,59,339,2659,-1,-197,1
596,12,441,284,47,53,0.91,2,12,368,3620,-1,-161,1
596,13,318,154,10,11,0.51,2,4,288,2440,-2,144,1
597,10,358,153,10,10,0.53,2,75,354,2268,-2,-207,1
597,11,349,163,13,16,0.74,2,60,339,2640,-1,-197,1
597,12,436,276,45,51,0.92,2,13,368,3603,-1,-161,1
597,13,318,155,10,11,0.55,2,5,288,2454,-2,142,1
598,10,358,153,10,10,0.51,2,76,354,2248,-2,-207,1
598,11,350,162,12,15,0.79,2,61,338,2621,-1,-197,1
598,12,434,271,42,50,0.91,2,14,368,3587,-1,-161,1
598,13,318,155,10,12,0.55,2,6,288,2472,-1,151,1
599,10,358,152,9,10,0.42,2,77,354,2228,-2,-207,1
599,11,349,162,12,15,0.79,2,62,338,2603,-1,-197,1
599,12,430,264,41,47,0.90,2,15,368,3570,-1,-162,1
599,13,318,156,11,12,0.68,2,7,288,2494,0,161,1
600,10,357,151,9,10,0.30,2,78,354,2207,-2,-207,1
600,11,348,162,13,14,0.45,2,63,338,2584,-1,-196,1
600,12,428,260,40,46,0.92,2,16,368,3554,-1,-162,1
600,13,318,157,11,12,0.62,2,8,288,2516,1,171,1
601,10,357,151,9,10,0.34,2,79,354,2187,-2,-207,1
601,11,348,161,12,14,0.77,2,64,338,2565,-1,-196,1
601,12,425,255,38,44,0.90,2,17,368,3538,-1,-162,1
601,13,318,158,11,11,0.69,2,9,288,2532,1,168,1
602,10,356,150,9,10,0.40,2,80,353,2167,-2,-207,1
602,11,348,160,12,14,0.80,2,65,338,2546,-1,-196,1
602,12,423,251,37,43,0.91,2,18,368,3522,-1,-161,1
602,13,318,158,11,12,0.75,2,10,288,2549,2,169,1
603,10,356,150,9,10,0.27,2,81,353,2146,-2,-207,1
603,11,348,160,12,13,0.78,2,66,338,2527,-1,-196,1
603,12,419,246,37,42,0.90,2,19,368,3506,-1,-161,1
603,13,317,159,12,11,0.68,2,11,289,2562,2,166,1
604,10,356,149,9,10,0.19,2,82,353,2126,-2,-207,1
604,11,348,159,12,13,0.71,2,67,338,2508,-1,-196,1
604,12,418,242,36,41,0.90,2,20,368,3490,-0,-161,1
604,13,316,160,12,12,0.62,2,12,289,2584,1,170,1
605,10,356,149,10,10,0.20,2,83,353,2106,-2,-207,1
605,11,348,159,12,12,0.69,2,68,338,2489,-1,-196,1
605,12,416,238,33,39,0.90,2,21,368,3474,-0,-161,1
605,13,316,160,12,12,0.61,2,13,289,2600,1,170,1
606,10,356,149,9,8,0.30,2,84,353,2085,-2,-207,1
606,11,347,158,12,13,0.72,2,69,337,2471,-1,-196,1
606,12,414,235,34,38,0.90,2,22,368,3458,-0,-161,1
606,13,317,160,12,12,0.70,2,14,289,2613,1,166,1
607,10,356,149,8,8,0.20,2,85,353,2065,-2,-207,1
607,11,347,158,11,12,0.49,2,70,337,2452,-1,-196,1
607,12,412,232,32,36,0.90,2,23,368,3442,-0,-161,1
607,13,316,160,12,13,0.66,2,15,289,2627,1,164,1
608,10,356,149,8,8,0.19,2,86,352,2044,-2,-207,1
608,11,347,158,11,12,0.50,2,71,337,2433,-1,-195,1
608,12,410,229,32,35,0.89,2,24,368,3425,-0,-161,1
608,13,316,160,12,13,0.69,2,16,289,2639,1,161,1
609,10,356,148,8,8,0.14,2,87,352,2024,-2,-207,1
609,11,346,155,12,14,0.58,2,72,337,2415,-1,-195,1
609,12,408,226,31,34,0.90,2,25,368,3409,-0,-161,1
609,13,317,162,12,13,0.76,2,17,289,2656,1,162,1
610,10,355,147,8,8,0.12,2,88,352,2003,-2,-207,1
610,11,346,155,11,13,0.53,2,73,337,2396,-1,-195,1
610,12,406,224,30,33,0.88,2,26,368,3393,-0,-161,1
610,13,317,162,12,13,0.76,2,18,289,2670,1,160,1
611,11,346,155,11,13,0.50,2,74,337,2377,-1,-195,1
611,12,404,221,29,32,0.90,2,27,368,3378,-0,-161,1
611,13,316,164,12,12,0.76,2,19,289,2685,1,160,1
612,10,354,146,8,8,0.17,2,89,352,1962,-2,-207,1
612,11,346,154,12,13,0.54,2,75,337,2359,-1,-195,1
612,12,403,218,28,32,0.89,2,28,368,3362,-0,-161,1
612,13,316,164,12,13,0.78,2,20,290,2700,1,160,1
613,10,354,146,8,8,0.16,2,90,352,1941,-2,-207,1
613,11,346,154,11,12,0.44,2,76,336,2340,-1,-195,1
613,12,401,216,28,30,0.89,2,29,368,3346,-0,-161,1
613,13,315,165,12,12,0.79,2,21,290,2714,1,158,1
614,10,354,146,8,8,0.17,2,91,352,1921,-2,-207,1
614,11,346,152,11,13,0.61,2,77,336,2321,-1,-195,1
614,12,400,213,26,30,0.89,2,30,368,3330,-0,-161,1
614,13,317,166,12,12,0.80,2,22,290,2727,1,157,1
615,10,354,146,8,8,0.17,2,92,351,1901,-2,-207,1
615,11,346,153,11,12,0.60,2,78,336,2302,-1,-195,1
615,12,398,211,26,30,0.90,2,31,368,3314,-0,-161,1
615,13,315,166,12,13,0.81,2,23,290,2742,1,157,1
616,11,346,153,10,11,0.43,2,79,336,2284,-1,-194,1
616,12,396,210,26,29,0.89,2,32,368,3299,-0,-161,1
616,13,316,166,12,14,0.82,2,24,290,2757,1,157,1
617,11,346,152,10,12,0.50,2,80,336,2265,-1,-194,1
617,12,395,208,24,28,0.89,2,33,368,3283,-0,-160,1
617,13,316,168,12,14,0.80,2,25,290,2775,1,157,1
618,10,353,145,8,8,0.12,2,93,351,1839,-2,-207,1
618,11,346,152,10,12,0.56,2,81,336,2247,-1,-194,1
618,12,394,206,25,28,0.88,2,34,368,3268,-0,-160,1
618,13,316,168,12,14,0.80,2,26,290,2790,2,157,1
619,12,393,203,24,28,0.88,2,35,368,3252,-0,-160,1
619,13,314,170,12,13,0.80,2,27,291,2805,1,157,1
620,12,392,202,24,27,0.88,2,36,368,3237,-0,-160,1
620,13,314,170,14,14,0.81,2,28,291,2821,1,157,1
621,12,391,200,24,26,0.87,2,37,368,3221,-0,-160,1
621,13,313,172,14,13,0.82,2,29,291,2836,1,157,1
622,12,390,199,23,26,0.87,2,38,368,3206,-0,-160,1
622,13,312,173,14,14,0.81,2,30,291,2854,1,158,1
623,10,352,143,8,8,0.15,2,94,350,1736,-2,-207,1
623,11,345,150,10,10,0.41,2,82,335,2150,-1,-194,1
623,12,389,196,22,25,0.88,2,39,368,3190,-0,-159,1
623,13,312,174,14,14,0.84,2,31,291,2871,1,158,1
624,10,352,143,8,8,0.15,2,95,350,1716,-2,-206,1
624,11,345,150,10,10,0.42,2,83,335,2131,-1,-194,1
624,12,388,195,22,25,0.89,2,40,368,3174,-0,-159,1
624,13,312,174,14,14,0.83,2,32,291,2886,1,158,1
625,10,351,142,8,8,0.12,2,96,350,1696,-2,-206,1
625,11,346,150,9,9,0.34,2,84,335,2113,-1,-194,1
625,12,386,193,22,25,0.87,2,41,368,3159,-0,-159,1
625,13,312,174,14,15,0.84,2,33,291,2900,1,157,1
626,10,351,142,8,8,0.11,2,97,350,1676,-2,-206,1
626,11,346,150,9,9,0.25,2,85,335,2094,-1,-194,1
626,12,386,192,21,25,0.86,2,42,368,3144,-0,-159,1
626,13,311,176,15,16,0.81,2,34,291,2918,1,158,1
627,10,351,141,8,8,0.13,2,98,350,1655,-2,-206,1
627,11,346,151,9,8,0.32,2,86,335,2075,-1,-194,1
627,12,386,192,20,23,0.86,2,43,368,3128,-0,-159,1
627,13,311,176,15,16,0.84,2,35,291,2934,1,158,1
628,11,346,150,9,8,0.13,2,87,335,2057,-1,-194,1
628,12,386,190,20,23,0.86,2,44,367,3113,-0,-159,1
628,13,311,178,15,16,0.83,2,36,291,2951,1,158,1
629,11,345,150,8,8,0.19,2,88,334,2038,-1,-194,1
629,12,385,188,20,23,0.88,2,45,367,3097,-0,-159,1
629,13,310,179,15,16,0.82,2,37,292,2967,1,158,1
630,11,345,150,8,8,0.19,2,89,334,2020,-1,-193,1
630,12,384,188,20,22,0.89,2,46,367,3082,-0,-159,1
630,13,310,180,16,16,0.83,2,38,292,2982,1,158,1
631,11,345,149,8,8,0.13,2,90,334,2001,-1,-193,1
631,12,384,186,20,22,0.87,2,47,367,3067,-0,-158,1
631,13,310,182,15,16,0.84,2,39,292,2999,1,158,1
632,11,345,147,8,10,0.49,2,91,334,1983,-1,-193,1
632,12,382,186,20,22,0.87,2,48,367,3052,-0,-158,1
632,13,310,183,15,16,0.84,2,40,292,3015,1,158,1
633,11,345,148,8,8,0.21,2,92,334,1964,-1,-193,1
633,12,383,184,19,22,0.87,2,49,367,3036,-0,-158,1
633,13,310,184,15,17,0.84,2,41,292,3031,1,159,1
634,12,382,184,19,21,0.87,2,50,367,3021,-0,-158,1
634,13,308,186,16,16,0.84,2,42,292,3047,1,159,1
635,11,346,145,8,10,0.12,2,93,334,1926,-1,-193,1
635,12,382,182,19,21,0.87,2,51,367,3006,-0,-158,1
635,13,307,188,17,16,0.85,2,43,292,3063,1,159,1
636,11,345,144,8,10,0.39,2,94,334,1908,-1,-193,1
636,12,381,182,19,21,0.86,2,52,367,2991,-0,-158,1
636,13,307,189,17,16,0.85,2,44,292,3079,1,159,1
637,11,345,144,8,10,0.39,2,95,334,1889,-1,-193,1
637,12,381,181,18,20,0.85,2,53,367,2976,-0,-157,1
637,13,306,191,17,17,0.83,2,45,292,3096,1,159,1
638,11,345,144,8,10,0.30,2,96,333,1870,-1,-193,1
638,12,380,178,18,21,0.84,2,54,367,2961,-0,-157,1
638,13,306,192,17,18,0.84,2,46,292,3113,1,159,1
639,11,345,144,8,10,0.23,2,97,333,1852,-1,-193,1
639,12,380,178,18,21,0.83,2,55,367,2946,-0,-157,1
639,13,304,193,18,19,0.86,2,47,292,3130,1,159,1
640,12,380,176,18,22,0.83,2,56,367,2931,-0,-157,1
640,13,304,195,18,18,0.84,2,48,292,3146,1,159,1
641,11,345,142,8,10,0.12,2,98,333,1814,-1,-193,1
641,12,379,177,16,20,0.84,2,57,367,2917,-0,-157,1
641,13,302,197,19,20,0.85,2,49,292,3164,1,160,1
642,11,345,142,8,9,0.22,2,99,333,1795,-1,-193,1
642,12,378,176,17,20,0.82,2,58,367,2902,-0,-157,1
642,13,302,199,20,20,0.85,2,50,292,3182,1,160,1
643,11,345,142,8,9,0.19,2,100,333,1776,-1,-193,1
643,12,378,175,16,20,0.82,2,59,367,2887,-0,-156,1
643,13,302,202,19,19,0.85,2,51,292,3199,1,160,1
644,12,377,175,18,20,0.82,2,60,367,2873,-0,-156,1
644,13,301,203,19,20,0.85,2,52,292,3216,1,161,1
645,11,345,143,8,8,0.11,2,101,333,1738,-1,-193,1
645,12,376,173,17,20,0.82,2,61,367,2858,-0,-156,1
645,13,300,206,20,20,0.86,2,53,292,3233,1,161,1
646,11,345,143,8,8,0.11,2,102,333,1719,-1,-193,1
646,12,376,172,17,20,0.82,2,62,367,2844,-0,-156,1
646,13,300,208,20,20,0.85,2,54,292,3250,1,161,1
647,12,377,172,16,18,0.83,2,63,367,2829,-0,-156,1
647,13,298,210,20,22,0.84,2,55,292,3268,1,161,1
648,12,376,171,16,19,0.83,2,64,367,2814,-0,-156,1
648,13,297,213,22,22,0.87,2,56,292,3285,1,162,1
649,12,376,169,16,20,0.84,2,65,367,2799,-0,-155,1
649,13,296,216,22,23,0.85,2,57,292,3304,1,162,1
650,12,376,170,16,18,0.84,2,66,367,2785,-0,-155,1
650,13,296,217,22,24,0.86,2,58,292,3321,1,162,1
651,12,376,168,16,19,0.84,2,67,367,2770,-0,-155,1
651,13,294,222,24,24,0.87,2,59,292,3339,1,162,1
652,12,376,168,16,18,0.84,2,68,367,2755,-0,-155,1
652,13,293,224,24,24,0.86,2,60,292,3356,1,163,1
653,12,376,168,16,18,0.83,2,69,367,2741,0,-155,1
653,13,292,228,25,26,0.89,2,61,292,3374,1,163,1
654,12,376,166,16,18,0.83,2,70,367,2726,0,-155,1
654,13,291,230,25,27,0.88,2,62,293,3392,1,163,1
655,12,376,166,16,18,0.82,2,71,367,2711,0,-155,1
655,13,289,234,26,28,0.88,2,63,293,3410,1,163,1
656,12,376,166,16,18,0.81,2,72,367,2697,0,-154,1
656,13,288,238,27,28,0.88,2,64,293,3428,1,164,1
657,12,376,165,15,18,0.81,2,73,368,2683,0,-154,1
657,13,286,243,28,30,0.90,2,65,293,3446,1,164,1
658,12,376,165,15,17,0.81,2,74,368,2668,0,-154,1
658,13,286,247,28,30,0.88,2,66,293,3464,1,164,1
659,12,376,164,15,18,0.82,2,75,368,2654,0,-154,1
659,13,284,252,29,32,0.90,2,67,293,3482,1,165,1
660,12,375,163,15,18,0.83,2,76,368,2639,0,-154,1
660,13,283,256,29,34,0.89,2,68,293,3501,1,165,1
661,12,375,163,14,16,0.82,2,77,368,2625,0,-154,1
661,13,280,263,31,36,0.89,2,69,293,3520,1,165,1
662,12,375,164,14,16,0.82,2,78,368,2610,0,-154,1
662,13,278,268,32,37,0.90,2,70,293,3538,1,166,1
663,12,376,161,14,18,0.81,2,79,368,2596,0,-153,1
663,13,274,277,35,38,0.90,2,71,293,3557,1,166,1
664,12,376,160,14,17,0.80,2,80,369,2581,0,-153,1
664,13,272,281,36,42,0.90,2,72,293,3576,1,166,1
665,12,375,161,14,16,0.81,2,81,369,2567,0,-153,1
665,13,269,291,37,44,0.91,2,73,293,3595,1,167,1
666,12,375,160,14,16,0.80,2,82,369,2552,0,-153,1
666,13,266,297,39,46,0.90,2,74,293,3613,1,167,1
667,12,375,160,14,16,0.77,2,83,369,2538,1,-153,1
667,13,259,310,44,50,0.91,2,75,293,3633,1,167,1
668,12,375,159,14,16,0.79,2,84,369,2524,1,-153,1
668,13,258,318,43,53,0.91,2,76,293,3651,1,168,1
669,12,375,158,14,16,0.79,2,85,369,2509,1,-153,1
669,13,253,332,46,58,0.91,2,77,294,3671,1,168,1
670,12,374,158,14,16,0.75,2,86,370,2494,1,-153,1
670,13,248,343,48,61,0.90,2,78,294,3690,1,168,1
671,12,374,158,14,16,0.74,2,87,370,2480,1,-153,1
671,13,239,360,54,68,0.92,2,79,294,3709,1,169,1
672,12,374,158,14,15,0.69,2,88,370,2466,1,-152,1
672,13,234,373,56,74,0.92,2,80,294,3728,1,169,1
673,12,374,157,13,16,0.55,2,89,370,2452,1,-152,1
673,13,226,394,60,84,0.93,2,81,294,3747,1,169,1
674,12,374,157,14,16,0.63,2,90,370,2438,1,-152,1
674,13,218,412,66,90,0.92,2,82,294,3766,1,170,1
675,12,374,157,13,14,0.61,2,91,371,2423,1,-152,1
675,13,204,443,74,90,0.93,2,83,294,3785,1,170,1
676,12,375,156,13,14,0.67,2,92,371,2409,1,-152,1
677,12,375,156,13,14,0.69,2,93,371,2394,1,-152,1
678,12,375,156,13,14,0.69,2,94,371,2380,1,-152,1
679,12,375,156,12,14,0.67,2,95,372,2366,1,-152,1
680,12,376,154,12,16,0.68,2,96,372,2352,1,-152,1
689,14,376,152,12,14,0.68,2,1,385,2391,0,-200,1
690,14,376,152,12,14,0.59,2,2,385,2373,8,-183,1
691,14,376,151,12,13,0.56,2,3,385,2349,9,-209,1
691,15,308,148,10,12,0.43,2,1,267,2289,0,200,1
692,14,377,150,12,14,0.54,2,4,386,2329,13,-208,1
692,15,308,148,10,12,0.41,2,2,267,2307,5,186,1
693,14,377,150,12,14,0.61,2,5,386,2316,12,-188,1
693,15,308,148,10,12,0.42,2,3,267,2318,4,147,1
694,14,377,148,13,15,0.53,2,6,387,2297,13,-188,1
694,15,308,148,10,12,0.42,2,4,268,2319,3,99,1
695,14,377,148,13,15,0.54,2,7,387,2285,12,-178,1
695,15,308,148,11,13,0.43,2,5,268,2325,4,91,1
696,14,377,148,12,15,0.54,2,8,388,2277,11,-164,1
696,15,308,148,11,14,0.45,2,6,268,2341,4,104,1
697,14,378,148,12,14,0.60,2,9,389,2261,11,-163,1
697,15,307,148,12,15,0.56,2,7,268,2362,4,122,1
698,14,378,148,12,14,0.60,2,10,389,2249,11,-158,1
698,15,307,148,12,15,0.58,2,8,268,2376,4,125,1
699,14,378,148,12,14,0.64,2,11,390,2241,10,-151,1
699,15,307,149,12,15,0.70,2,9,268,2395,4,133,1
700,14,378,148,12,14,0.64,2,12,391,2234,10,-143,1
700,15,306,150,12,14,0.55,2,10,269,2409,3,134,1
701,14,378,146,12,16,0.50,2,13,391,2229,9,-135,1
701,15,306,152,11,14,0.56,2,11,269,2435,3,146,1
702,14,378,146,12,16,0.50,2,14,392,2225,9,-128,1
702,15,306,153,11,14,0.60,2,12,269,2460,3,156,1
703,14,378,145,14,16,0.27,2,15,393,2215,9,-126,1
703,15,306,154,11,13,0.56,2,13,269,2479,3,159,1
704,14,378,145,14,16,0.21,2,16,393,2206,9,-123,1
704,15,306,154,11,13,0.58,2,14,270,2494,3,158,1
705,14,378,145,14,16,0.25,2,17,394,2199,9,-120,1
705,15,306,155,11,14,0.67,2,15,270,2516,3,163,1
706,14,378,145,14,16,0.26,2,18,394,2193,9,-116,1
706,15,306,156,11,13,0.66,2,16,270,2534,3,163,1
707,14,378,145,14,16,0.35,2,19,395,2188,8,-113,1
707,15,305,156,11,14,0.71,2,17,270,2552,3,165,1
708,14,378,145,14,16,0.35,2,20,396,2184,8,-109,1
708,15,305,156,11,14,0.70,2,18,270,2568,3,164,1
709,14,378,145,14,16,0.35,2,21,396,2181,8,-105,1
709,15,304,157,12,14,0.78,2,19,271,2584,3,164,1
710,14,378,144,14,16,0.25,2,22,397,2172,8,-104,1
710,15,303,157,12,15,0.79,2,20,271,2602,2,165,1
711,14,378,144,14,15,0.34,2,23,397,2161,8,-105,1
711,15,303,157,12,15,0.79,2,21,271,2617,2,164,1
712,14,378,144,13,16,0.29,2,24,398,2155,7,-103,1
712,15,302,158,12,15,0.79,2,22,271,2633,2,164,1
713,14,379,144,13,15,0.19,2,25,398,2146,7,-102,1
713,15,302,158,12,15,0.80,2,23,271,2646,2,163,1
714,14,378,144,14,15,0.20,2,26,399,2137,7,-102,1
714,15,302,159,12,15,0.80,2,24,271,2661,2,162,1
715,14,379,144,14,15,0.18,2,27,399,2130,7,-101,1
715,15,301,159,12,16,0.82,2,25,271,2676,2,161,1
716,14,380,144,13,14,0.33,2,28,400,2119,7,-101,1
716,15,300,160,12,16,0.83,2,26,271,2692,1,161,1
717,14,380,144,13,14,0.33,2,29,401,2109,7,-101,1
717,15,300,161,12,16,0.85,2,27,271,2708,1,161,1
718,14,380,144,13,14,0.32,2,30,401,2100,7,-100,1
718,15,300,161,13,16,0.84,2,28,271,2722,1,161,1
719,14,380,144,12,13,0.31,2,31,402,2089,7,-101,1
719,15,299,162,13,17,0.84,2,29,271,2739,1,161,1
720,14,380,143,12,14,0.31,2,32,402,2078,7,-101,1
720,15,298,162,13,17,0.84,2,30,271,2754,1,161,1
721,14,380,143,12,14,0.33,2,33,403,2068,7,-101,1
721,15,298,162,14,18,0.84,2,31,271,2769,1,160,1
722,14,380,143,12,14,0.35,2,34,404,2059,7,-101,1
722,15,297,163,14,19,0.82,2,32,271,2787,1,161,1
723,14,381,143,12,14,0.14,2,35,404,2051,7,-100,1
723,15,296,163,14,20,0.83,2,33,271,2804,1,161,1
724,14,381,143,12,14,0.15,2,36,405,2043,7,-100,1
724,15,296,164,14,19,0.84,2,34,271,2819,1,161,1
725,15,296,166,15,19,0.84,2,35,271,2836,1,161,1
726,14,382,142,11,14,0.11,2,37,406,2023,7,-100,1
726,15,296,167,14,18,0.85,2,36,271,2851,1,161,1
726,16,318,150,10,12,0.35,2,1,286,2339,0,200,1
727,14,382,142,11,14,0.11,2,38,407,2014,7,-99,1
727,15,295,168,15,19,0.85,2,37,271,2868,1,161,1
727,16,318,150,10,12,0.34,2,2,286,2358,3,185,1
728,15,294,168,15,19,0.85,2,38,271,2883,1,161,1
728,16,318,151,10,11,0.22,2,3,286,2368,2,142,1
729,15,294,170,15,18,0.85,2,39,271,2897,1,160,1
730,15,294,171,15,18,0.85,2,40,271,2912,1,160,1
730,16,317,155,10,10,0.10,2,4,286,2413,0,183,1
731,15,293,172,16,18,0.85,2,41,271,2926,1,159,1
731,16,318,155,10,10,0.12,2,5,286,2429,2,179,1
732,15,292,173,15,18,0.86,2,42,272,2940,1,159,1
732,16,318,155,10,10,0.11,2,6,286,2438,2,165,1
733,15,292,173,15,20,0.85,2,43,272,2956,1,159,1
733,16,317,155,11,12,0.38,2,7,286,2464,2,179,1
734,15,291,174,16,20,0.85,2,44,272,2971,1,159,1
734,16,318,155,10,12,0.47,2,8,286,2481,3,177,1
735,15,290,176,16,20,0.85,2,45,272,2987,1,159,1
735,16,317,155,11,12,0.49,2,9,286,2493,2,171,1
736,15,290,176,16,20,0.86,2,46,272,3001,1,158,1
736,16,318,156,10,11,0.59,2,10,287,2502,3,162,1
737,15,288,178,17,20,0.84,2,47,272,3016,1,158,1
737,16,318,157,10,10,0.58,2,11,287,2508,2,154,1
738,15,287,179,17,20,0.85,2,48,272,3031,1,158,1
738,16,317,158,10,11,0.70,2,12,287,2525,2,155,1
739,15,286,180,18,22,0.85,2,49,272,3047,1,158,1
739,16,317,157,10,11,0.72,2,13,287,2533,2,149,1
740,15,286,182,17,21,0.85,2,50,272,3063,1,158,1
740,16,317,158,11,12,0.73,2,14,287,2549,2,150,1
741,15,285,183,18,22,0.86,2,51,272,3079,1,158,1
741,16,317,158,11,12,0.70,2,15,287,2562,2,148,1
742,15,284,184,18,22,0.86,2,52,272,3094,1,158,1
742,16,317,158,11,12,0.75,2,16,288,2572,2,145,1
743,15,284,186,18,22,0.85,2,53,272,3110,1,158,1
743,16,316,158,12,13,0.83,2,17,288,2584,2,144,1
744,15,283,186,18,22,0.86,2,54,272,3124,1,158,1
744,16,316,158,12,13,0.84,2,18,288,2595,2,142,1
745,15,282,189,18,22,0.87,2,55,272,3139,1,158,1
745,16,316,158,12,13,0.85,2,19,288,2604,2,139,1
746,15,280,191,18,22,0.87,2,56,272,3155,1,157,1
746,16,316,158,12,13,0.83,2,20,288,2611,2,136,1
747,15,280,191,19,24,0.87,2,57,272,3170,1,157,1
747,16,315,159,12,14,0.83,2,21,288,2624,2,136,1
748,15,278,193,20,24,0.86,2,58,272,3186,1,157,1
748,16,316,159,12,14,0.83,2,22,288,2635,2,134,1
749,15,276,195,20,24,0.87,2,59,272,3201,1,157,1
749,16,316,159,12,14,0.83,2,23,288,2644,2,133,1
750,15,276,196,21,25,0.88,2,60,272,3216,1,157,1
750,16,315,160,12,14,0.83,2,24,289,2655,2,132,1
751,15,274,198,21,26,0.85,2,61,272,3232,1,157,1
751,16,315,160,12,15,0.81,2,25,289,2667,1,131,1
752,15,272,200,22,26,0.86,2,62,272,3247,1,157,1
752,16,315,162,12,14,0.79,2,26,289,2681,1,131,1
753,15,271,201,21,28,0.88,2,63,272,3263,1,157,1
753,16,315,162,12,14,0.80,2,27,289,2692,1,131,1
754,15,270,204,22,27,0.88,2,64,272,3279,1,157,1
754,16,315,162,12,14,0.81,2,28,289,2702,1,130,1
755,15,268,207,22,28,0.88,2,65,272,3295,1,157,1
755,16,315,162,12,14,0.81,2,29,289,2711,1,128,1
756,15,266,210,22,28,0.88,2,66,272,3311,0,157,1
756,16,314,163,12,14,0.81,2,30,289,2721,1,127,1
757,15,264,212,24,29,0.88,2,67,272,3327,0,157,1
757,16,314,164,12,14,0.82,2,31,289,2732,1,127,1
758,15,263,214,24,30,0.88,2,68,272,3343,0,157,1
758,16,314,165,12,13,0.82,2,32,289,2742,1,126,1
759,15,260,217,26,32,0.89,2,69,272,3360,0,158,1
759,16,314,165,12,15,0.82,2,33,289,2754,1,126,1
760,15,258,219,25,32,0.88,2,70,272,3376,0,158,1
760,16,314,166,12,14,0.83,2,34,289,2766,1,125,1
761,15,256,225,26,32,0.88,2,71,272,3393,0,158,1
761,16,314,166,12,15,0.82,2,35,289,2777,1,125,1
762,15,254,227,26,34,0.90,2,72,272,3410,0,158,1
762,16,312,167,13,16,0.83,2,36,289,2792,1,126,1
763,15,250,230,28,36,0.89,2,73,272,3427,0,158,1
763,16,312,167,13,16,0.83,2,37,290,2804,1,126,1
764,15,248,234,28,36,0.89,2,74,272,3444,0,158,1
764,16,312,168,13,16,0.83,2,38,290,2817,1,126,1
765,15,245,239,29,38,0.89,2,75,272,3462,0,159,1
765,16,312,169,14,16,0.84,2,39,290,2830,1,126,1
766,15,241,242,31,40,0.89,2,76,272,3479,0,159,1
766,16,312,169,14,16,0.84,2,40,290,2842,1,126,1
767,15,238,246,32,44,0.90,2,77,272,3497,0,159,1
767,16,312,170,14,17,0.84,2,41,290,2856,1,126,1
768,15,234,250,34,45,0.90,2,78,272,3514,0,159,1
768,16,312,172,14,16,0.86,2,42,290,2869,1,126,1
769,15,229,257,35,48,0.90,2,79,272,3532,0,160,1
769,16,312,172,14,16,0.86,2,43,290,2882,1,126,1
770,15,225,262,37,49,0.90,2,80,272,3550,0,160,1
770,16,311,172,14,16,0.87,2,44,290,2893,1,126,1
771,15,220,270,38,52,0.91,2,81,272,3568,0,160,1
771,16,310,173,14,16,0.86,2,45,290,2904,1,126,1
772,15,215,276,41,53,0.90,2,82,272,3585,0,160,1
772,16,310,174,14,16,0.86,2,46,290,2916,1,125,1
773,15,209,284,42,57,0.90,2,83,272,3603,0,161,1
773,16,310,175,14,16,0.85,2,47,290,2928,1,125,1
774,15,204,290,44,60,0.91,2,84,272,3621,0,161,1
774,16,310,175,14,17,0.85,2,48,290,2940,1,125,1
775,15,196,300,48,66,0.92,2,85,272,3639,0,161,1
775,16,309,175,15,18,0.86,2,49,290,2952,1,125,1
776,15,190,309,50,68,0.92,2,86,272,3657,0,161,1
776,16,309,176,15,18,0.87,2,50,290,2963,1,125,1
777,15,180,323,54,72,0.92,2,87,272,3675,0,162,1
777,16,308,177,15,18,0.86,2,51,290,2975,1,125,1
777,17,425,452,73,76,0.89,2,1,343,3802,0,-200,1
778,15,172,332,58,78,0.92,2,88,273,3693,0,162,1
778,16,308,178,15,18,0.85,2,52,290,2987,1,125,1
778,17,420,430,67,66,0.91,2,2,343,3784,3,-183,1
779,15,160,348,61,86,0.93,2,89,273,3711,0,162,1
779,16,308,179,14,17,0.86,2,53,290,2998,1,124,1
779,17,412,401,60,60,0.91,2,3,343,3762,-1,-206,1
780,15,150,360,66,92,0.93,2,90,273,3729,0,162,1
780,16,308,180,15,18,0.86,2,54,290,3010,1,124,1
780,17,406,384,58,57,0.91,2,4,343,3743,-2,-198,1
781,15,134,381,72,103,0.93,2,91,273,3747,0,163,1
781,16,308,181,15,18,0.85,2,55,290,3022,1,124,1
781,17,401,362,52,52,0.92,2,5,343,3721,-2,-203,1
782,15,121,396,80,113,0.92,2,92,273,3765,0,163,1
782,16,308,182,15,19,0.85,2,56,290,3035,1,124,1
782,17,398,350,49,48,0.92,2,6,343,3702,-2,-202,1
783,16,307,183,15,18,0.85,2,57,290,3046,1,124,1
783,17,394,333,46,44,0.91,2,7,343,3680,-1,-204,1
784,16,307,183,15,20,0.86,2,58,290,3058,1,124,1
784,17,390,323,44,42,0.90,2,8,343,3660,-2,-203,1
785,16,306,184,16,20,0.86,2,59,290,3070,1,124,1
785,17,386,310,40,38,0.90,2,9,343,3639,-2,-205,1
786,16,306,185,16,20,0.86,2,60,290,3082,1,124,1
786,17,384,302,38,36,0.90,2,10,343,3619,-2,-205,1
787,16,305,186,16,19,0.85,2,61,291,3093,1,124,1
787,17,381,290,37,35,0.90,2,11,343,3597,-2,-206,1
788,16,305,188,16,20,0.85,2,62,291,3106,1,124,1
788,17,379,283,36,34,0.90,2,12,343,3577,-2,-205,1
789,16,304,190,16,19,0.85,2,63,291,3118,1,124,1
789,17,378,272,32,33,0.86,2,13,343,3556,-2,-206,1
790,16,304,190,16,20,0.86,2,64,291,3129,1,123,1
790,17,375,259,32,40,0.88,2,14,342,3535,-2,-206,1
791,16,304,192,16,20,0.86,2,65,291,3141,1,123,1
791,17,372,258,31,32,0.89,2,15,342,3514,-2,-206,1
792,16,303,192,17,21,0.86,2,66,291,3153,1,123,1
792,17,372,257,29,28,0.88,2,16,342,3494,-2,-206,1
793,16,302,194,17,21,0.85,2,67,291,3165,1,123,1
793,17,370,251,28,26,0.88,2,17,342,3474,-2,-206,1
794,16,302,196,17,21,0.86,2,68,291,3178,1,123,1
794,17,368,246,27,26,0.88,2,18,342,3453,-2,-206,1
795,16,301,196,18,22,0.87,2,69,291,3190,1,123,1
795,17,366,240,26,26,0.87,2,19,342,3433,-2,-206,1
796,16,301,198,18,22,0.87,2,70,291,3202,1,123,1
796,17,366,236,26,26,0.87,2,20,341,3413,-2,-205,1
796,18,308,136,15,23,0.51,7,1,271,2253,0,200,1
797,16,300,199,18,22,0.85,2,71,291,3214,1,123,1
797,17,364,232,24,23,0.87,2,21,341,3392,-2,-205,1
797,18,308,135,14,24,0.51,7,2,271,2271,-4,188,1
798,16,298,201,19,22,0.85,2,72,291,3226,1,123,1
798,17,364,229,22,22,0.89,2,22,341,3372,-2,-205,1
798,18,308,135,15,24,0.54,7,3,271,2283,2,151,1
799,16,298,202,19,23,0.86,2,73,291,3238,1,123,1
799,17,363,225,22,22,0.86,2,23,341,3351,-2,-205,1
799,18,308,136,14,24,0.49,7,4,271,2294,1,138,1
800,16,298,203,19,24,0.86,2,74,291,3250,1,123,1
800,17,363,222,22,21,0.87,2,24,341,3331,-2,-205,1
800,18,308,136,15,24,0.45,7,5,271,2300,2,118,1
801,16,296,206,20,24,0.86,2,75,291,3263,1,123,1
801,17,361,217,22,22,0.83,2,25,340,3310,-2,-205,1
801,18,307,137,14,23,0.40,7,6,271,2303,-0,101,1
802,16,296,207,20,24,0.87,2,76,291,3275,1,123,1
802,17,360,216,21,20,0.86,2,26,340,3290,-2,-205,1
802,18,308,137,14,23,0.47,7,7,271,2304,-0,85,1
803,16,295,208,20,26,0.88,2,77,291,3288,0,123,1
803,17,360,210,21,22,0.84,2,27,340,3270,-2,-205,1
803,18,307,136,15,24,0.28,7,8,271,2304,-1,74,1
804,16,295,210,20,26,0.89,2,78,291,3300,0,123,1
804,17,359,209,20,20,0.86,2,28,340,3250,-2,-205,1
804,18,307,138,14,23,0.18,7,9,271,2314,-1,77,1
805,16,293,213,21,26,0.88,2,79,291,3313,0,123,1
805,17,358,207,20,19,0.86,2,29,339,3229,-2,-205,1
805,18,307,138,14,23,0.16,7,10,271,2321,-1,76,1
806,16,292,215,21,26,0.88,2,80,291,3326,0,123,1
806,17,358,206,20,18,0.84,2,30,339,3209,-2,-205,1
806,18,307,138,14,23,0.22,7,11,271,2326,-1,73,1
807,16,292,217,21,27,0.89,2,81,291,3339,0,123,1
807,17,356,202,20,18,0.86,2,31,339,3189,-2,-205,1
807,18,306,138,14,24,0.17,7,12,271,2338,-1,78,1
808,16,292,218,21,28,0.88,2,82,291,3351,0,123,1
808,17,356,200,20,18,0.86,2,32,339,3169,-2,-204,1
808,18,306,138,14,24,0.17,7,13,270,2347,-1,79,1
809,16,289,222,23,28,0.88,2,83,291,3364,0,124,1
809,17,356,198,20,18,0.85,2,33,339,3149,-2,-204,1
809,18,306,139,14,24,0.27,7,14,270,2360,-1,83,1
810,16,289,224,23,28,0.88,2,84,291,3377,0,124,1
810,17,356,196,18,18,0.86,2,34,338,3129,-2,-204,1
810,18,306,138,15,26,0.54,7,15,270,2377,-1,89,1
811,16,286,226,25,30,0.89,2,85,291,3390,0,124,1
811,17,354,193,18,18,0.85,2,35,338,3109,-2,-204,1
811,18,306,138,14,26,0.64,7,16,270,2391,-1,92,1
812,16,286,229,24,30,0.90,2,86,291,3403,0,124,1
812,17,354,193,18,16,0.84,2,36,338,3089,-2,-204,1
812,18,306,138,14,26,0.64,7,17,270,2402,-0,93,1
813,16,284,232,26,32,0.89,2,87,291,3417,0,124,1
813,17,354,192,17,15,0.84,2,37,338,3069,-2,-204,1
813,18,305,140,14,26,0.68,7,18,270,2421,-0,99,1
814,16,284,234,26,32,0.90,2,88,291,3430,0,124,1
814,17,353,189,18,16,0.85,2,38,338,3049,-2,-204,1
814,18,304,140,14,25,0.63,7,19,270,2432,-1,100,1
815,16,282,238,27,33,0.90,2,89,291,3444,0,124,1
815,17,353,187,18,16,0.86,2,39,338,3029,-2,-204,1
815,18,304,140,14,26,0.61,7,20,270,2446,-1,102,1
816,16,282,240,26,33,0.90,2,90,291,3456,0,124,1
816,17,352,185,17,17,0.85,2,40,337,3009,-2,-203,1
816,18,304,139,15,28,0.71,7,21,270,2462,-1,105,1
817,16,280,244,27,34,0.90,2,91,291,3470,0,124,1
817,17,352,184,17,16,0.84,2,41,337,2989,-2,-203,1
817,18,304,139,16,28,0.68,7,22,270,2475,-0,106,1
818,16,279,246,27,36,0.90,2,92,291,3483,0,124,1
818,17,352,183,16,15,0.83,2,42,337,2969,-2,-203,1
818,18,304,138,16,29,0.68,7,23,270,2486,-0,106,1
819,16,276,251,29,38,0.90,2,93,291,3497,0,125,1
819,17,352,181,16,16,0.83,2,43,337,2950,-2,-203,1
819,18,303,141,16,28,0.76,7,24,270,2503,-0,109,1
820,16,275,254,30,39,0.91,2,94,291,3510,0,125,1
820,17,352,181,15,14,0.85,2,44,337,2930,-2,-203,1
820,18,303,140,16,29,0.76,7,25,270,2517,-0,110,1
821,16,272,260,31,40,0.91,2,95,291,3524,0,125,1
821,17,352,180,15,14,0.84,2,45,337,2910,-2,-203,1
821,18,303,140,16,30,0.72,7,26,270,2533,-0,112,1
822,16,270,262,32,42,0.90,2,96,291,3538,0,125,1
822,17,351,179,15,14,0.83,2,46,336,2891,-2,-203,1
822,18,302,146,15,25,0.62,7,27,270,2550,-0,115,1
823,16,268,268,32,43,0.91,2,97,291,3552,0,125,1
823,17,351,177,14,14,0.82,2,47,336,2871,-2,-202,1
823,18,301,145,16,26,0.70,7,28,270,2565,-0,116,1
824,16,264,272,35,44,0.90,2,98,291,3565,0,125,1
824,17,351,176,14,14,0.83,2,48,336,2851,-2,-202,1
824,18,302,145,16,26,0.69,7,29,270,2578,-0,116,1
825,16,262,278,36,47,0.90,2,99,291,3579,0,125,1
825,17,351,175,14,14,0.84,2,49,336,2832,-2,-202,1
825,18,300,149,16,24,0.74,7,30,270,2595,-0,118,1
826,16,260,283,36,48,0.91,2,100,291,3593,0,126,1
826,17,351,174,14,13,0.84,2,50,336,2812,-2,-202,1
826,18,300,150,16,24,0.74,7,31,270,2612,-0,120,1
827,16,255,290,38,51,0.90,2,101,291,3607,0,126,1
827,17,350,173,14,13,0.84,2,51,336,2792,-2,-202,1
827,18,300,151,16,23,0.74,7,32,270,2627,-0,121,1
828,16,253,296,39,52,0.91,2,102,291,3620,0,126,1
828,17,350,171,14,14,0.83,2,52,336,2773,-2,-202,1
828,18,300,151,15,23,0.71,7,33,270,2641,-0,121,1
829,16,247,304,42,56,0.90,2,103,291,3635,0,126,1
829,17,350,170,13,14,0.83,2,53,336,2753,-2,-202,1
829,18,298,150,16,27,0.78,7,34,270,2660,-0,124,1
830,16,244,310,44,58,0.91,2,104,291,3648,0,126,1
830,17,350,169,13,14,0.82,2,54,335,2734,-2,-201,1
830,18,298,150,16,28,0.79,7,35,270,2679,-0,126,1
831,16,238,320,46,62,0.90,2,105,291,3663,0,126,1
831,17,349,168,13,13,0.82,2,55,335,2714,-2,-201,1
831,18,298,151,16,28,0.80,7,36,270,2698,-0,127,1
832,16,233,327,48,64,0.91,2,106,291,3677,0,127,1
832,17,348,167,13,14,0.84,2,56,335,2695,-2,-201,1
832,18,298,151,16,28,0.80,7,37,270,2715,-0,128,1
833,16,225,338,52,70,0.92,2,107,291,3691,0,127,1
833,17,349,166,12,14,0.84,2,57,335,2676,-2,-201,1
833,18,298,152,16,28,0.80,7,38,270,2732,-0,130,1
834,16,220,347,54,73,0.92,2,108,291,3705,0,127,1
834,17,349,165,12,14,0.84,2,58,335,2656,-2,-201,1
834,18,297,153,16,29,0.81,7,39,270,2751,-0,131,1
835,16,212,360,56,80,0.93,2,109,291,3719,0,127,1
835,17,349,164,12,14,0.82,2,59,335,2637,-2,-201,1
835,18,296,154,16,29,0.80,7,40,270,2769,-0,133,1
836,16,205,371,60,84,0.92,2,110,291,3734,0,127,1
836,17,348,164,12,13,0.81,2,60,335,2617,-2,-201,1
836,18,296,155,16,28,0.81,7,41,271,2786,-0,133,1
837,16,194,388,64,90,0.92,2,111,290,3748,0,128,1
837,17,348,163,12,13,0.79,2,61,335,2598,-2,-201,1
837,18,295,156,17,29,0.82,7,42,271,2804,-0,135,1
838,16,186,400,68,95,0.92,2,112,290,3762,0,128,1
838,17,348,163,12,13,0.79,2,62,334,2579,-2,-200,1
838,18,295,156,17,30,0.82,7,43,271,2822,-0,136,1
839,16,171,422,74,105,0.93,2,113,290,3777,0,128,1
839,17,348,162,12,12,0.80,2,63,334,2560,-2,-200,1
839,18,295,156,16,30,0.78,7,44,271,2838,0,136,1
840,17,348,161,12,12,0.80,2,64,334,2540,-2,-200,1
840,18,294,156,16,30,0.78,7,45,271,2852,-0,136,1
841,17,348,161,12,12,0.80,2,65,334,2521,-2,-200,1
841,18,294,156,16,26,0.78,7,46,271,2860,-0,135,1
842,17,348,160,12,12,0.81,2,66,334,2501,-2,-200,1
842,18,294,157,16,28,0.78,7,47,271,2871,-0,135,1
843,17,348,159,12,12,0.80,2,67,334,2482,-1,-200,1
843,18,294,157,16,28,0.78,7,48,271,2881,-0,134,1
844,17,348,159,11,12,0.80,2,68,334,2463,-1,-200,1
844,18,293,158,16,28,0.79,7,49,271,2891,-0,133,1
845,17,347,158,12,12,0.78,2,69,334,2444,-1,-200,1
845,18,292,159,16,26,0.81,7,50,271,2900,-0,132,1
846,17,347,157,11,12,0.77,2,70,334,2424,-1,-199,1
846,18,292,159,17,27,0.80,7,51,271,2909,-0,131,1
847,17,347,157,11,12,0.77,2,71,334,2405,-1,-199,1
847,18,292,160,17,27,0.80,7,52,271,2918,-0,131,1
847,19,305,148,12,16,0.33,7,1,268,2411,0,200,1
848,17,347,157,11,11,0.77,2,72,334,2386,-1,-199,1
848,18,292,161,17,26,0.81,7,53,271,2927,-0,130,1
848,19,306,149,12,16,0.35,7,2,268,2431,21,205,1
849,17,347,156,10,10,0.72,2,73,333,2367,-1,-199,1
849,18,290,162,18,26,0.83,7,54,271,2936,-0,129,1
849,19,305,148,12,17,0.38,7,3,268,2448,8,187,1
850,17,347,156,10,10,0.71,2,74,333,2347,-1,-199,1
850,18,290,161,18,28,0.83,7,55,271,2945,-0,128,1
850,19,305,149,12,16,0.40,7,4,268,2456,5,151,1
851,17,346,155,11,11,0.73,2,75,333,2328,-1,-199,1
851,18,290,163,18,26,0.84,7,56,270,2954,-0,127,1
851,19,305,150,12,16,0.41,7,5,268,2468,4,144,1
851,20,282,190,15,15,0.78,2,1,268,3082,0,200,1
852,17,346,155,10,10,0.69,2,76,333,2309,-1,-199,1
852,18,290,163,18,28,0.85,7,57,270,2963,-0,127,1
852,19,304,150,12,16,0.51,7,6,269,2476,2,130,1
852,20,281,191,16,16,0.76,2,2,268,3101,5,192,1
853,17,346,154,10,10,0.70,2,77,333,2290,-1,-199,1
853,18,289,165,18,27,0.84,7,58,270,2973,-0,126,1
853,19,304,150,12,17,0.58,7,7,269,2490,2,132,1
853,20,280,193,16,16,0.78,2,3,268,3119,3,185,1
854,17,346,154,10,10,0.72,2,78,333,2271,-1,-199,1
854,18,288,165,18,28,0.84,7,59,270,2983,-0,126,1
854,19,304,151,12,16,0.62,7,8,269,2499,2,126,1
854,20,279,194,16,16,0.79,2,4,268,3131,1,163,1
855,17,347,154,10,10,0.59,2,79,333,2252,-1,-199,1
855,18,288,166,19,29,0.85,7,60,270,2994,-0,126,1
855,19,304,152,12,16,0.64,7,9,269,2513,2,128,1
855,20,278,195,16,18,0.80,2,5,268,3150,1,170,1
856,17,346,152,10,10,0.64,2,80,333,2232,-1,-198,1
856,18,288,165,19,30,0.86,7,61,270,3004,-0,125,1
856,19,303,150,12,18,0.47,7,10,269,2523,1,125,1
856,20,278,196,16,17,0.80,2,6,268,3160,1,156,1
857,17,346,152,10,10,0.63,2,81,333,2213,-1,-198,1
857,18,287,166,19,30,0.86,7,62,270,3014,-0,125,1
857,19,302,150,12,19,0.54,7,11,269,2537,0,126,1
857,20,276,198,17,18,0.79,2,7,268,3176,1,156,1
858,17,346,152,9,9,0.58,2,82,333,2194,-1,-198,1
858,18,286,167,19,30,0.86,7,63,270,3025,-0,125,1
858,19,302,150,13,20,0.62,7,12,269,2554,1,130,1
858,20,274,200,18,18,0.82,2,8,268,3191,1,155,1
859,17,346,151,9,9,0.61,2,83,333,2174,-1,-198,1
859,18,286,167,19,30,0.86,7,64,270,3034,-0,124,1
859,19,301,149,14,20,0.77,7,13,269,2561,0,125,1
859,20,274,201,18,19,0.84,2,9,268,3206,1,155,1
860,17,346,151,9,9,0.61,2,84,333,2155,-1,-198,1
860,18,285,167,20,32,0.86,7,65,270,3045,-0,124,1
860,19,301,149,14,21,0.81,7,14,269,2571,0,124,1
860,20,272,204,18,18,0.84,2,10,268,3221,1,154,1
861,17,346,150,9,9,0.61,2,85,332,2135,-1,-198,1
861,18,284,168,22,32,0.87,7,66,270,3055,-0,123,1
861,19,300,149,14,22,0.79,7,15,269,2584,-0,124,1
861,20,272,209,17,16,0.83,2,11,268,3237,1,155,1
862,17,346,150,9,9,0.60,2,86,332,2116,-1,-198,1
862,18,284,169,20,32,0.86,7,67,270,3065,-0,123,1
862,19,300,149,14,22,0.77,7,16,269,2595,-0,123,1
862,20,270,210,18,16,0.84,2,12,268,3250,1,153,1
863,17,346,150,9,9,0.60,2,87,332,2097,-1,-198,1
863,18,283,170,21,32,0.85,7,68,270,3076,-0,123,1
863,19,300,150,14,22,0.77,7,17,268,2608,-0,123,1
863,20,270,211,18,18,0.85,2,13,268,3265,1,153,1
864,17,346,150,9,9,0.55,2,88,332,2078,-1,-198,1
864,18,282,170,21,33,0.85,7,69,270,3086,-0,123,1
864,19,300,152,14,20,0.78,7,18,268,2618,-0,122,1
864,20,268,214,18,17,0.85,2,14,269,3279,1,152,1
865,17,346,149,9,10,0.57,2,89,332,2059,-1,-198,1
865,18,281,172,22,32,0.86,7,70,270,3096,-0,122,1
865,19,300,152,14,20,0.79,7,19,268,2627,-0,120,1
865,20,265,216,20,19,0.84,2,15,269,3296,1,152,1
866,17,346,148,9,9,0.56,2,90,332,2040,-1,-198,1
866,18,281,172,22,34,0.86,7,71,270,3107,-0,122,1
866,19,300,152,14,20,0.81,7,20,268,2634,-0,118,1
866,20,264,220,20,18,0.85,2,16,269,3312,1,153,1
867,17,346,149,9,8,0.46,2,91,332,2021,-1,-198,1
867,18,280,174,22,34,0.86,7,72,270,3119,-0,122,1
867,19,299,151,15,22,0.83,7,21,268,2643,0,116,1
867,20,262,223,20,19,0.86,2,17,269,3329,1,154,1
868,17,346,148,9,8,0.33,2,92,332,2001,-1,-198,1
868,18,279,174,23,34,0.87,7,73,270,3129,-0,122,1
868,19,299,151,15,23,0.84,7,22,268,2654,0,116,1
868,20,261,226,20,19,0.85,2,18,269,3346,1,155,1
869,17,346,148,9,8,0.33,2,93,332,1982,-1,-198,1
869,18,278,175,23,36,0.87,7,74,270,3141,-0,122,1
869,19,299,151,15,24,0.84,7,23,268,2667,0,116,1
869,20,258,228,22,21,0.86,2,19,269,3363,1,156,1
870,17,346,147,8,9,0.29,2,94,332,1963,-1,-197,1
870,18,278,176,24,35,0.88,7,75,270,3151,-0,121,1
870,19,298,152,15,23,0.84,7,24,268,2677,0,116,1
870,20,256,231,23,22,0.86,2,20,269,3380,1,157,1
871,17,346,147,8,8,0.31,2,95,332,1944,-1,-197,1
871,18,276,178,25,36,0.89,7,76,270,3163,-0,121,1
871,19,298,153,15,22,0.84,7,25,268,2686,0,115,1
871,20,252,236,24,22,0.87,2,21,269,3398,1,158,1
872,17,346,147,8,8,0.31,2,96,332,1925,-1,-197,1
872,18,276,178,25,36,0.88,7,77,270,3174,-0,121,1
872,19,298,152,16,23,0.85,7,26,268,2694,0,113,1
872,20,251,239,24,22,0.87,2,22,269,3415,1,158,1
873,17,347,146,8,8,0.23,2,97,332,1905,-1,-197,1
873,18,274,180,26,36,0.88,7,78,270,3185,0,121,1
873,19,298,154,16,22,0.82,7,27,268,2704,0,113,1
873,20,248,243,25,24,0.88,2,23,269,3433,1,159,1
874,17,347,146,8,8,0.25,2,98,332,1886,-1,-197,1
874,18,274,180,26,38,0.88,7,79,270,3197,0,121,1
874,19,298,154,16,23,0.82,7,28,268,2714,0,112,1
874,20,246,248,26,24,0.86,2,24,269,3450,1,160,1
875,17,347,146,8,8,0.25,2,99,332,1867,-1,-197,1
875,18,272,182,27,38,0.87,7,80,270,3208,0,121,1
875,19,298,153,16,24,0.83,7,29,268,2723,0,112,1
875,20,243,253,27,24,0.87,2,25,269,3468,1,161,1
876,17,347,144,8,8,0.32,2,100,332,1848,-1,-197,1
876,18,272,183,26,38,0.87,7,81,270,3220,0,121,1
876,19,298,154,16,24,0.83,7,30,268,2734,1,111,1
876,20,239,256,28,26,0.86,2,26,269,3485,1,161,1
877,17,347,144,8,8,0.33,2,101,332,1828,-1,-197,1
877,18,270,184,28,40,0.88,7,82,270,3232,0,121,1
877,19,297,154,16,24,0.83,7,31,268,2743,1,111,1
877,20,236,262,29,28,0.88,2,27,269,3503,1,162,1
878,17,347,144,8,8,0.32,2,102,332,1809,-1,-197,1
878,18,270,185,28,41,0.88,7,83,270,3244,0,121,1
878,19,297,155,16,24,0.83,7,32,269,2753,1,110,1
878,20,232,266,31,30,0.88,2,28,270,3521,1,163,1
879,17,347,144,8,8,0.34,2,103,332,1790,-1,-197,1
879,18,267,187,29,41,0.87,7,84,270,3256,0,121,1
879,19,297,156,16,24,0.81,7,33,269,2764,1,110,1
879,20,227,275,33,30,0.89,2,29,270,3539,1,163,1
880,17,347,143,8,8,0.37,2,104,332,1770,-1,-197,1
880,18,266,190,29,39,0.88,7,85,270,3268,0,121,1
880,19,296,156,16,24,0.83,7,34,269,2773,1,110,1
880,20,224,280,34,32,0.88,2,30,270,3557,1,164,1
881,17,347,143,8,8,0.37,2,105,332,1751,-1,-197,1
881,18,264,191,30,42,0.88,7,86,270,3281,0,121,1
881,19,296,156,16,24,0.83,7,35,269,2782,1,109,1
881,20,218,289,37,32,0.88,2,31,270,3575,1,165,1
882,17,347,143,8,8,0.31,2,106,332,1732,-1,-197,1
882,18,264,193,30,42,0.89,7,87,270,3293,0,121,1
882,19,296,159,16,23,0.76,7,36,269,2793,1,109,1
882,20,214,295,38,34,0.89,2,32,270,3593,1,165,1
883,17,347,142,8,8,0.29,2,107,332,1713,-1,-197,1
883,18,262,194,32,44,0.89,7,88,270,3306,0,121,1
883,19,296,159,16,23,0.77,7,37,269,2803,1,109,1
883,20,207,304,40,38,0.89,2,33,270,3612,1,166,1
883,21,479,317,152,217,0.92,7,1,365,3810,0,-200,1
884,17,347,142,8,8,0.29,2,108,332,1693,-1,-197,1
884,18,260,196,32,44,0.89,7,89,270,3318,0,121,1
884,19,296,162,16,21,0.67,7,38,269,2814,1,109,1
884,20,202,312,42,39,0.89,2,34,270,3630,1,166,1
884,22,308,139,12,19,0.34,7,1,267,2220,0,200,1
885,17,348,141,8,9,0.15,2,109,332,1674,-1,-197,1
885,18,258,198,32,45,0.89,7,90,270,3331,0,121,1
885,19,295,160,18,24,0.80,7,39,269,2825,1,109,1
885,20,195,324,44,42,0.90,2,35,270,3648,1,167,1
885,22,308,140,11,18,0.32,7,2,267,2239,-4,189,1
886,17,348,142,8,8,0.16,2,110,332,1655,-1,-197,1
886,18,257,199,33,46,0.90,7,91,270,3344,0,121,1
886,19,295,159,18,24,0.82,7,40,269,2834,1,108,1
886,20,189,331,46,46,0.91,2,36,271,3666,1,167,1
886,22,308,140,11,19,0.35,7,3,267,2258,-0,186,1
887,17,348,138,9,10,0.18,2,111,332,1636,-1,-197,1
887,18,255,200,34,48,0.89,7,92,271,3357,0,121,1
887,19,294,158,18,26,0.83,7,41,269,2843,1,108,1
887,20,180,347,49,48,0.91,2,37,271,3684,1,168,1
887,21,457,288,126,167,0.92,7,4,364,3768,1,-105,1
887,22,308,140,11,18,0.29,7,4,267,2260,-0,132,1
888,17,348,138,9,10,0.20,2,112,332,1616,-1,-197,1
888,18,253,204,35,48,0.89,7,93,271,3370,0,121,1
888,19,294,159,18,26,0.83,7,42,270,2853,1,108,1
888,20,172,358,52,52,0.92,2,38,271,3702,1,168,1
888,21,453,283,122,160,0.93,7,5,364,3754,2,-112,1
888,22,308,139,12,20,0.18,7,5,267,2266,1,115,1
889,17,348,138,9,10,0.20,2,113,332,1597,-1,-197,1
889,18,250,205,36,50,0.90,7,94,271,3383,0,121,1
889,19,293,160,19,26,0.85,7,43,270,2863,1,108,1
889,20,159,376,56,57,0.91,2,39,271,3720,1,168,1
889,21,448,276,114,148,0.93,7,6,364,3739,2,-118,1
889,22,309,136,12,22,0.11,7,6,267,2258,3,75,1
890,17,348,138,9,10,0.19,2,114,332,1578,-1,-197,1
890,18,250,208,36,50,0.90,7,95,271,3396,0,122,1
890,19,293,160,19,26,0.86,7,44,270,2872,1,107,1
890,20,150,390,58,61,0.91,2,40,271,3737,1,169,1
890,21,446,272,110,140,0.93,7,7,365,3725,2,-121,1
890,22,309,136,12,22,0.10,7,7,267,2250,3,50,1
891,18,247,211,37,51,0.90,7,96,271,3409,0,122,1
891,19,293,160,19,28,0.85,7,45,270,2883,1,107,1
891,20,132,414,68,68,0.92,2,41,271,3756,1,169,1
891,21,440,265,104,132,0.93,7,8,365,3711,2,-124,1
892,18,245,213,37,52,0.91,7,97,271,3422,0,122,1
892,19,292,160,20,28,0.86,7,46,270,2893,1,107,1
892,20,124,432,68,73,0.92,2,42,271,3773,1,169,1
892,21,438,262,99,128,0.93,7,9,365,3698,2,-125,1
893,18,242,215,39,54,0.90,7,98,271,3435,0,122,1
893,19,292,160,20,28,0.86,7,47,270,2902,1,107,1
893,21,435,255,93,122,0.93,7,10,365,3684,2,-126,1
894,18,240,218,40,56,0.89,7,99,271,3448,0,122,1
894,19,292,161,20,28,0.87,7,48,270,2912,1,107,1
894,21,432,252,90,116,0.93,7,11,365,3671,2,-126,1
895,18,237,220,41,58,0.91,7,100,271,3462,0,122,1
895,19,291,160,20,30,0.87,7,49,271,2922,1,106,1
895,21,428,247,86,112,0.94,7,12,365,3658,1,-127,1
896,17,349,138,8,8,0.18,2,115,332,1460,-1,-197,1
896,18,235,223,41,60,0.90,7,101,271,3475,0,122,1
896,19,290,161,20,30,0.86,7,50,271,2932,1,106,1
896,21,427,244,82,106,0.93,7,13,366,3645,1,-128,1
896,22,306,145,12,16,0.19,7,8,269,2307,1,72,1
897,18,231,228,43,61,0.89,7,102,271,3489,0,122,1
897,19,290,162,20,30,0.86,7,51,271,2942,1,106,1
897,21,424,240,78,102,0.93,7,14,366,3631,1,-128,1
897,22,306,146,12,17,0.58,7,9,269,2345,1,96,1
898,18,229,229,44,64,0.90,7,103,271,3502,0,123,1
898,19,290,162,21,30,0.85,7,52,271,2952,1,106,1
898,21,421,236,76,98,0.92,7,15,366,3618,1,-128,1
898,22,306,146,12,16,0.60,7,10,269,2354,0,95,1
899,18,225,234,47,66,0.90,7,104,271,3516,0,123,1
899,19,290,164,21,30,0.86,7,53,271,2962,1,106,1
899,21,419,234,72,93,0.93,7,16,366,3604,1,-129,1
899,22,305,146,13,17,0.66,7,11,269,2369,0,99,1
900,18,223,238,48,66,0.90,7,105,271,3530,0,123,1
900,19,289,164,22,30,0.87,7,54,271,2972,1,106,1
900,21,416,230,71,91,0.93,7,17,366,3591,1,-129,1
900,22,305,146,13,18,0.65,7,12,268,2387,0,104,1
901,18,218,241,50,70,0.90,7,106,271,3543,0,123,1
901,19,288,165,22,30,0.87,7,55,271,2982,1,106,1
901,21,413,227,69,86,0.92,7,18,366,3577,1,-130,1
901,22,305,147,13,17,0.58,7,13,268,2400,0,106,1
