1,-1,245,140,49,68,0.95,7,-1,-1
1,-1,409,432,59,71,0.94,2,-1,-1
1,-1,312,88,17,23,0.84,7,-1,-1
2,-1,243,142,48,69,0.95,7,-1,-1
2,-1,406,404,54,65,0.94,2,-1,-1
2,-1,312,89,17,23,0.81,7,-1,-1
3,-1,240,143,51,74,0.94,7,-1,-1
3,-1,400,369,50,60,0.93,2,-1,-1
3,-1,312,89,17,25,0.82,7,-1,-1
4,-1,235,144,55,77,0.95,7,-1,-1
4,-1,396,348,48,57,0.93,2,-1,-1
4,-1,312,89,17,25,0.84,7,-1,-1
5,-1,231,148,57,78,0.94,7,-1,-1
5,-1,391,322,46,51,0.92,2,-1,-1
5,-1,310,89,18,25,0.86,7,-1,-1
6,-1,228,148,59,83,0.95,7,-1,-1
6,-1,391,307,42,47,0.92,2,-1,-1
6,-1,310,90,18,25,0.86,7,-1,-1
7,-1,224,151,61,86,0.95,7,-1,-1
7,-1,389,288,37,42,0.93,2,-1,-1
7,-1,309,91,19,25,0.88,7,-1,-1
8,-1,221,153,62,89,0.95,7,-1,-1
8,-1,388,276,35,40,0.93,2,-1,-1
8,-1,309,91,19,25,0.87,7,-1,-1
9,-1,217,154,64,96,0.96,7,-1,-1
9,-1,384,259,33,38,0.93,2,-1,-1
9,-1,309,91,19,26,0.84,7,-1,-1
10,-1,212,155,68,100,0.95,7,-1,-1
10,-1,383,251,32,36,0.92,2,-1,-1
10,-1,307,91,20,28,0.87,7,-1,-1
11,-1,206,160,71,105,0.96,7,-1,-1
11,-1,381,239,30,34,0.94,2,-1,-1
11,-1,307,92,20,27,0.87,7,-1,-1
12,-1,200,164,74,107,0.95,7,-1,-1
12,-1,381,231,29,32,0.94,2,-1,-1
12,-1,308,92,20,28,0.87,7,-1,-1
13,-1,191,168,80,115,0.96,7,-1,-1
13,-1,379,222,27,30,0.92,2,-1,-1
13,-1,307,93,20,27,0.85,7,-1,-1
14,-1,177,175,87,129,0.96,7,-1,-1
14,-1,376,209,25,28,0.92,2,-1,-1
14,-1,305,96,20,26,0.87,7,-1,-1
15,-1,177,175,87,129,0.96,7,-1,-1
15,-1,376,209,25,28,0.92,2,-1,-1
15,-1,305,95,20,26,0.88,7,-1,-1
16,-1,171,178,89,135,0.95,7,-1,-1
16,-1,374,204,26,26,0.91,2,-1,-1
16,-1,306,96,20,27,0.88,7,-1,-1
17,-1,160,183,97,146,0.94,7,-1,-1
17,-1,539,507,83,32,0.91,2,-1,-1
17,-1,373,197,25,26,0.91,2,-1,-1
17,-1,305,97,19,26,0.89,7,-1,-1
18,-1,150,184,104,155,0.96,7,-1,-1
18,-1,527,472,83,67,0.93,2,-1,-1
18,-1,373,192,24,26,0.91,2,-1,-1
18,-1,305,96,21,28,0.87,7,-1,-1
19,-1,142,190,110,170,0.96,7,-1,-1
19,-1,505,427,76,74,0.94,2,-1,-1
19,-1,371,186,24,24,0.91,2,-1,-1
19,-1,304,97,20,28,0.90,7,-1,-1
20,-1,132,193,117,182,0.95,7,-1,-1
20,-1,496,402,69,69,0.94,2,-1,-1
20,-1,371,182,23,24,0.92,2,-1,-1
20,-1,304,97,21,28,0.90,7,-1,-1
21,-1,112,199,129,201,0.96,7,-1,-1
21,-1,483,368,61,62,0.95,2,-1,-1
21,-1,302,97,21,29,0.91,7,-1,-1
21,-1,370,177,22,23,0.91,2,-1,-1
22,-1,99,205,139,213,0.96,7,-1,-1
22,-1,474,349,57,55,0.94,2,-1,-1
22,-1,369,174,22,23,0.91,2,-1,-1
22,-1,303,97,21,28,0.90,7,-1,-1
23,-1,64,219,163,251,0.96,7,-1,-1
23,-1,459,308,47,49,0.94,2,-1,-1
23,-1,302,99,22,29,0.90,7,-1,-1
23,-1,367,167,21,22,0.90,2,-1,-1
24,-1,455,301,47,48,0.94,2,-1,-1
24,-1,6,222,219,263,0.92,7,-1,-1
24,-1,367,165,20,22,0.91,2,-1,-1
24,-1,301,99,22,29,0.90,7,-1,-1
25,-1,5,237,210,297,0.96,7,-1,-1
25,-1,443,278,44,42,0.94,2,-1,-1
25,-1,367,160,19,21,0.90,2,-1,-1
25,-1,300,100,23,30,0.90,7,-1,-1
26,-1,5,237,210,297,0.96,7,-1,-1
26,-1,443,278,44,42,0.94,2,-1,-1
26,-1,367,160,19,21,0.90,2,-1,-1
26,-1,300,100,23,30,0.90,7,-1,-1
27,-1,0,251,208,287,0.96,7,-1,-1
27,-1,438,262,40,40,0.93,2,-1,-1
27,-1,299,101,23,32,0.91,7,-1,-1
27,-1,366,156,19,20,0.89,2,-1,-1
28,-1,0,275,188,264,0.96,7,-1,-1
28,-1,429,241,35,36,0.94,2,-1,-1
28,-1,296,102,25,33,0.92,7,-1,-1
28,-1,365,150,20,20,0.89,2,-1,-1
29,-1,0,275,189,264,0.96,7,-1,-1
29,-1,429,241,35,36,0.94,2,-1,-1
29,-1,297,102,25,33,0.92,7,-1,-1
29,-1,365,150,20,20,0.89,2,-1,-1
30,-1,0,308,164,231,0.96,7,-1,-1
30,-1,420,224,33,32,0.94,2,-1,-1
30,-1,295,103,25,34,0.91,7,-1,-1
30,-1,363,145,20,19,0.90,2,-1,-1
31,-1,0,316,158,223,0.96,7,-1,-1
31,-1,417,218,33,31,0.94,2,-1,-1
31,-1,294,103,26,35,0.90,7,-1,-1
31,-1,363,144,19,19,0.87,2,-1,-1
32,-1,0,322,154,217,0.96,7,-1,-1
32,-1,415,215,32,30,0.93,2,-1,-1
32,-1,293,104,26,35,0.90,7,-1,-1
32,-1,363,143,19,19,0.87,2,-1,-1
33,-1,0,342,141,197,0.96,7,-1,-1
33,-1,414,211,30,29,0.94,2,-1,-1
33,-1,293,103,26,36,0.90,7,-1,-1
33,-1,363,141,19,19,0.89,2,-1,-1
34,-1,0,397,106,142,0.94,7,-1,-1
34,-1,410,198,26,27,0.92,2,-1,-1
34,-1,292,106,26,36,0.91,7,-1,-1
34,-1,364,137,16,16,0.89,2,-1,-1
35,-1,0,397,106,142,0.94,7,-1,-1
35,-1,410,198,26,27,0.92,2,-1,-1
35,-1,292,106,26,36,0.91,7,-1,-1
35,-1,364,137,16,16,0.89,2,-1,-1
36,-1,408,194,26,25,0.92,2,-1,-1
36,-1,292,107,26,36,0.91,7,-1,-1
36,-1,364,136,16,17,0.88,2,-1,-1
37,-1,287,107,29,37,0.92,7,-1,-1
37,-1,403,188,27,25,0.91,2,-1,-1
37,-1,364,133,16,16,0.89,2,-1,-1
38,-1,287,108,28,37,0.91,7,-1,-1
38,-1,363,133,16,16,0.90,2,-1,-1
38,-1,402,185,27,24,0.89,2,-1,-1
39,-1,399,179,26,23,0.91,2,-1,-1
39,-1,363,131,15,16,0.91,2,-1,-1
39,-1,287,110,29,37,0.91,7,-1,-1
40,-1,398,176,25,22,0.91,2,-1,-1
40,-1,363,130,15,15,0.91,2,-1,-1
40,-1,286,111,29,38,0.91,7,-1,-1
41,-1,394,168,25,22,0.92,2,-1,-1
41,-1,363,126,15,15,0.90,2,-1,-1
41,-1,284,112,30,39,0.90,7,-1,-1
42,-1,395,168,25,22,0.92,2,-1,-1
42,-1,284,112,30,39,0.90,7,-1,-1
42,-1,363,126,15,15,0.90,2,-1,-1
43,-1,282,114,31,40,0.90,7,-1,-1
43,-1,363,123,15,15,0.90,2,-1,-1
43,-1,393,164,24,22,0.90,2,-1,-1
44,-1,281,115,31,42,0.91,7,-1,-1
44,-1,364,122,14,15,0.90,2,-1,-1
44,-1,391,158,23,21,0.89,2,-1,-1
45,-1,281,115,31,42,0.91,7,-1,-1
45,-1,364,122,14,15,0.90,2,-1,-1
45,-1,391,158,23,21,0.89,2,-1,-1
46,-1,280,116,31,42,0.93,7,-1,-1
46,-1,363,122,15,15,0.89,2,-1,-1
46,-1,390,156,22,19,0.89,2,-1,-1
47,-1,276,119,33,44,0.92,7,-1,-1
47,-1,388,149,21,20,0.90,2,-1,-1
47,-1,362,119,14,13,0.86,2,-1,-1
47,-1,319,83,13,19,0.39,7,-1,-1
48,-1,276,119,33,44,0.92,7,-1,-1
48,-1,388,149,21,20,0.90,2,-1,-1
48,-1,362,119,14,13,0.86,2,-1,-1
48,-1,319,83,13,19,0.39,7,-1,-1
49,-1,275,121,32,43,0.92,7,-1,-1
49,-1,387,147,21,20,0.90,2,-1,-1
49,-1,363,118,13,13,0.86,2,-1,-1
49,-1,319,83,13,19,0.50,7,-1,-1
50,-1,273,122,34,45,0.93,7,-1,-1
50,-1,385,143,20,19,0.89,2,-1,-1
50,-1,362,117,13,13,0.88,2,-1,-1
50,-1,319,83,14,20,0.57,7,-1,-1
51,-1,271,123,34,46,0.93,7,-1,-1
51,-1,385,142,20,19,0.89,2,-1,-1
51,-1,362,116,14,13,0.88,2,-1,-1
51,-1,318,83,14,20,0.50,7,-1,-1
52,-1,269,125,35,48,0.92,7,-1,-1
52,-1,384,140,19,18,0.89,2,-1,-1
52,-1,362,114,13,12,0.87,2,-1,-1
52,-1,318,83,14,20,0.53,7,-1,-1
53,-1,268,126,36,48,0.92,7,-1,-1
53,-1,383,138,19,18,0.90,2,-1,-1
53,-1,362,114,12,12,0.87,2,-1,-1
53,-1,318,85,14,20,0.71,7,-1,-1
53,-1,332,99,10,10,0.34,2,-1,-1
54,-1,266,128,36,49,0.92,7,-1,-1
54,-1,383,136,18,18,0.87,2,-1,-1
54,-1,362,113,12,12,0.85,2,-1,-1
54,-1,318,85,14,21,0.58,7,-1,-1
54,-1,332,100,10,10,0.18,2,-1,-1
55,-1,264,129,37,50,0.91,7,-1,-1
55,-1,383,135,18,17,0.88,2,-1,-1
55,-1,362,112,12,12,0.84,2,-1,-1
55,-1,317,84,14,21,0.63,7,-1,-1
55,-1,332,100,10,10,0.14,2,-1,-1
56,-1,262,130,38,52,0.92,7,-1,-1
56,-1,382,133,18,16,0.89,2,-1,-1
56,-1,362,111,11,12,0.85,2,-1,-1
56,-1,318,85,14,21,0.64,7,-1,-1
56,-1,331,100,11,12,0.59,2,-1,-1
57,-1,261,132,40,53,0.92,7,-1,-1
57,-1,382,132,17,16,0.89,2,-1,-1
57,-1,362,110,11,12,0.74,2,-1,-1
57,-1,331,101,11,12,0.57,2,-1,-1
57,-1,317,85,14,21,0.54,7,-1,-1
58,-1,256,133,42,58,0.92,7,-1,-1
58,-1,381,128,15,15,0.88,2,-1,-1
58,-1,361,108,11,12,0.78,2,-1,-1
58,-1,329,103,12,12,0.67,2,-1,-1
58,-1,317,85,13,21,0.54,7,-1,-1
59,-1,254,134,44,58,0.93,7,-1,-1
59,-1,380,128,16,16,0.89,2,-1,-1
59,-1,361,108,11,12,0.79,2,-1,-1
59,-1,329,103,12,12,0.68,2,-1,-1
59,-1,316,85,14,21,0.58,7,-1,-1
60,-1,252,136,45,59,0.94,7,-1,-1
60,-1,380,127,16,15,0.89,2,-1,-1
60,-1,329,104,12,12,0.72,2,-1,-1
60,-1,361,106,11,11,0.71,2,-1,-1
60,-1,316,85,14,22,0.48,7,-1,-1
61,-1,250,139,41,59,0.93,7,-1,-1
61,-1,380,126,15,14,0.89,2,-1,-1
61,-1,361,106,11,11,0.71,2,-1,-1
61,-1,329,104,12,12,0.67,2,-1,-1
61,-1,316,85,14,22,0.53,7,-1,-1
62,-1,248,138,46,64,0.93,7,-1,-1
62,-1,380,125,14,14,0.89,2,-1,-1
62,-1,328,105,12,12,0.78,2,-1,-1
62,-1,361,106,11,11,0.75,2,-1,-1
62,-1,315,85,15,23,0.45,7,-1,-1
63,-1,246,143,45,63,0.94,7,-1,-1
63,-1,378,124,14,14,0.75,2,-1,-1
63,-1,361,105,10,10,0.50,2,-1,-1
63,-1,314,86,16,24,0.50,7,-1,-1
63,-1,328,107,11,12,0.21,2,-1,-1
64,-1,242,140,49,71,0.94,7,-1,-1
64,-1,378,123,15,14,0.87,2,-1,-1
64,-1,361,105,11,10,0.50,2,-1,-1
64,-1,314,86,16,24,0.49,7,-1,-1
64,-1,328,107,11,12,0.25,2,-1,-1
65,-1,238,141,53,75,0.94,7,-1,-1
65,-1,377,121,15,13,0.86,2,-1,-1
65,-1,326,107,13,14,0.83,2,-1,-1
65,-1,361,104,10,9,0.68,2,-1,-1
65,-1,314,87,15,24,0.61,7,-1,-1
66,-1,235,143,53,76,0.93,7,-1,-1
66,-1,326,108,13,14,0.84,2,-1,-1
66,-1,376,120,15,13,0.83,2,-1,-1
66,-1,313,88,16,24,0.39,7,-1,-1
67,-1,232,146,53,77,0.93,7,-1,-1
67,-1,326,109,12,13,0.84,2,-1,-1
67,-1,375,119,15,13,0.81,2,-1,-1
67,-1,313,88,16,24,0.59,7,-1,-1
68,-1,229,147,58,84,0.94,7,-1,-1
68,-1,376,118,14,12,0.86,2,-1,-1
68,-1,325,110,13,14,0.85,2,-1,-1
68,-1,312,88,16,25,0.69,7,-1,-1
68,-1,360,101,10,10,0.57,2,-1,-1
69,-1,225,150,59,86,0.94,7,-1,-1
69,-1,376,118,12,12,0.84,2,-1,-1
69,-1,325,111,13,14,0.84,2,-1,-1
69,-1,360,101,10,10,0.56,2,-1,-1
69,-1,311,89,16,24,0.50,7,-1,-1
70,-1,218,153,64,95,0.96,7,-1,-1
70,-1,375,114,13,12,0.85,2,-1,-1
70,-1,311,90,17,25,0.84,7,-1,-1
70,-1,324,113,14,15,0.82,2,-1,-1
70,-1,360,99,9,10,0.54,2,-1,-1
71,-1,212,157,67,99,0.94,7,-1,-1
71,-1,375,114,13,12,0.85,2,-1,-1
71,-1,323,115,14,15,0.83,2,-1,-1
71,-1,310,92,17,24,0.82,7,-1,-1
71,-1,360,99,10,9,0.55,2,-1,-1
72,-1,212,157,67,99,0.94,7,-1,-1
72,-1,375,114,13,12,0.85,2,-1,-1
72,-1,323,115,14,15,0.83,2,-1,-1
72,-1,309,93,17,23,0.81,7,-1,-1
72,-1,360,99,10,10,0.55,2,-1,-1
73,-1,207,159,69,103,0.95,7,-1,-1
73,-1,323,116,14,15,0.87,2,-1,-1
73,-1,310,94,17,23,0.81,7,-1,-1
73,-1,374,112,12,12,0.78,2,-1,-1
73,-1,360,98,9,9,0.14,2,-1,-1
74,-1,193,165,80,114,0.96,7,-1,-1
74,-1,322,117,15,15,0.88,2,-1,-1
74,-1,373,110,13,12,0.87,2,-1,-1
74,-1,308,95,18,23,0.76,7,-1,-1
74,-1,360,97,9,9,0.18,2,-1,-1
75,-1,184,168,85,125,0.96,7,-1,-1
75,-1,321,119,16,17,0.88,2,-1,-1
75,-1,309,96,18,24,0.82,7,-1,-1
75,-1,373,110,12,12,0.78,2,-1,-1
76,-1,184,168,85,125,0.96,7,-1,-1
76,-1,321,119,16,17,0.88,2,-1,-1
76,-1,309,96,18,24,0.82,7,-1,-1
76,-1,373,110,12,12,0.78,2,-1,-1
77,-1,165,176,97,139,0.95,7,-1,-1
77,-1,309,96,18,25,0.87,7,-1,-1
77,-1,320,121,16,17,0.87,2,-1,-1
77,-1,373,107,13,11,0.84,2,-1,-1
77,-1,360,95,9,9,0.13,2,-1,-1
78,-1,160,180,100,146,0.95,7,-1,-1
78,-1,319,121,17,18,0.90,2,-1,-1
78,-1,308,96,19,26,0.89,7,-1,-1
78,-1,372,107,12,11,0.83,2,-1,-1
79,-1,158,182,101,150,0.95,7,-1,-1
79,-1,308,96,19,26,0.89,7,-1,-1
79,-1,319,124,16,17,0.88,2,-1,-1
79,-1,372,107,12,11,0.84,2,-1,-1
80,-1,148,186,107,157,0.95,7,-1,-1
80,-1,319,123,16,18,0.90,2,-1,-1
80,-1,307,96,19,26,0.89,7,-1,-1
80,-1,372,107,12,11,0.85,2,-1,-1
80,-1,359,94,9,8,0.17,2,-1,-1
81,-1,130,192,120,172,0.95,7,-1,-1
81,-1,307,98,18,25,0.89,7,-1,-1
81,-1,319,125,17,18,0.89,2,-1,-1
81,-1,372,106,12,11,0.78,2,-1,-1
82,-1,107,199,138,197,0.96,7,-1,-1
82,-1,305,97,20,29,0.90,7,-1,-1
82,-1,316,128,17,19,0.88,2,-1,-1
82,-1,371,104,12,10,0.82,2,-1,-1
83,-1,101,202,141,202,0.96,7,-1,-1
83,-1,305,97,20,29,0.91,7,-1,-1
83,-1,316,129,17,18,0.88,2,-1,-1
83,-1,371,104,12,10,0.81,2,-1,-1
84,-1,90,207,147,217,0.96,7,-1,-1
84,-1,316,130,17,18,0.90,2,-1,-1
84,-1,305,98,20,29,0.89,7,-1,-1
84,-1,371,104,12,10,0.82,2,-1,-1
85,-1,79,213,153,233,0.96,7,-1,-1
85,-1,314,130,18,19,0.90,2,-1,-1
85,-1,304,98,20,29,0.90,7,-1,-1
85,-1,372,104,12,10,0.77,2,-1,-1
86,-1,33,223,192,264,0.93,7,-1,-1
86,-1,313,132,19,20,0.91,2,-1,-1
86,-1,302,98,21,31,0.90,7,-1,-1
86,-1,372,103,11,10,0.77,2,-1,-1
87,-1,5,234,208,303,0.95,7,-1,-1
87,-1,311,134,20,21,0.91,2,-1,-1
87,-1,302,100,22,30,0.90,7,-1,-1
87,-1,371,103,11,9,0.51,2,-1,-1
88,-1,1,243,209,294,0.97,7,-1,-1
88,-1,310,137,20,21,0.91,2,-1,-1
88,-1,301,101,22,30,0.89,7,-1,-1
88,-1,371,101,11,10,0.74,2,-1,-1
89,-1,0,255,200,283,0.96,7,-1,-1
89,-1,309,139,20,22,0.91,2,-1,-1
89,-1,300,101,23,31,0.88,7,-1,-1
89,-1,371,101,11,10,0.73,2,-1,-1
90,-1,0,265,195,274,0.96,7,-1,-1
90,-1,308,141,20,22,0.91,2,-1,-1
90,-1,299,102,23,32,0.89,7,-1,-1
90,-1,371,101,10,10,0.37,2,-1,-1
91,-1,0,296,175,241,0.96,7,-1,-1
91,-1,306,146,21,23,0.92,2,-1,-1
91,-1,298,106,24,30,0.90,7,-1,-1
91,-1,370,99,11,10,0.58,2,-1,-1
92,-1,0,312,162,227,0.96,7,-1,-1
92,-1,306,148,20,23,0.90,2,-1,-1
92,-1,296,106,25,31,0.89,7,-1,-1
92,-1,370,99,11,10,0.58,2,-1,-1
93,-1,0,322,158,217,0.96,7,-1,-1
93,-1,295,106,26,32,0.89,7,-1,-1
93,-1,305,149,20,24,0.88,2,-1,-1
93,-1,370,99,11,10,0.57,2,-1,-1
94,-1,0,358,132,181,0.96,7,-1,-1
94,-1,302,154,21,25,0.90,2,-1,-1
94,-1,294,109,25,31,0.87,7,-1,-1
95,-1,0,392,108,147,0.94,7,-1,-1
95,-1,301,158,21,26,0.91,2,-1,-1
95,-1,295,108,24,33,0.88,7,-1,-1
95,-1,370,97,10,8,0.11,2,-1,-1
96,-1,298,160,23,27,0.90,2,-1,-1
96,-1,294,106,25,36,0.89,7,-1,-1
96,-1,1,425,81,112,0.74,7,-1,-1
96,-1,370,97,10,8,0.11,2,-1,-1
97,-1,293,106,25,37,0.90,7,-1,-1
97,-1,297,164,22,27,0.90,2,-1,-1
97,-1,369,95,10,8,0.15,2,-1,-1
98,-1,292,107,26,38,0.91,7,-1,-1
98,-1,295,167,23,28,0.89,2,-1,-1
98,-1,369,95,10,8,0.11,2,-1,-1
99,-1,291,108,26,38,0.91,7,-1,-1
99,-1,294,168,24,28,0.89,2,-1,-1
100,-1,292,171,25,29,0.91,2,-1,-1
100,-1,290,109,27,38,0.90,7,-1,-1
101,-1,290,175,26,30,0.92,2,-1,-1
101,-1,290,109,27,39,0.90,7,-1,-1
102,-1,284,184,29,33,0.91,2,-1,-1
102,-1,288,110,29,40,0.90,7,-1,-1
103,-1,287,110,30,41,0.91,7,-1,-1
103,-1,281,186,31,35,0.90,2,-1,-1
104,-1,278,194,31,37,0.90,2,-1,-1
104,-1,285,111,31,43,0.89,7,-1,-1
105,-1,277,197,32,38,0.91,2,-1,-1
105,-1,284,111,31,43,0.89,7,-1,-1
106,-1,273,201,33,40,0.91,2,-1,-1
106,-1,284,113,33,43,0.90,7,-1,-1
107,-1,269,211,35,42,0.92,2,-1,-1
107,-1,282,113,33,45,0.90,7,-1,-1
108,-1,260,224,40,47,0.93,2,-1,-1
108,-1,280,114,34,47,0.90,7,-1,-1
109,-1,258,227,40,48,0.92,2,-1,-1
109,-1,279,114,35,48,0.90,7,-1,-1
110,-1,252,235,43,52,0.93,2,-1,-1
110,-1,278,115,35,49,0.91,7,-1,-1
111,-1,245,247,47,57,0.93,2,-1,-1
111,-1,276,117,36,50,0.92,7,-1,-1
111,-1,332,101,11,11,0.21,2,-1,-1
112,-1,240,257,48,62,0.93,2,-1,-1
112,-1,274,117,37,52,0.91,7,-1,-1
113,-1,230,274,54,69,0.94,2,-1,-1
113,-1,272,120,39,52,0.91,7,-1,-1
113,-1,331,102,12,12,0.68,2,-1,-1
114,-1,221,288,58,75,0.93,2,-1,-1
114,-1,270,121,38,54,0.92,7,-1,-1
114,-1,331,103,12,12,0.73,2,-1,-1
115,-1,208,311,65,83,0.93,2,-1,-1
115,-1,268,124,40,54,0.93,7,-1,-1
115,-1,330,103,12,12,0.74,2,-1,-1
116,-1,200,328,67,91,0.94,2,-1,-1
116,-1,266,122,42,58,0.93,7,-1,-1
116,-1,330,104,12,13,0.37,2,-1,-1
117,-1,183,359,74,106,0.95,2,-1,-1
117,-1,264,124,43,60,0.92,7,-1,-1
117,-1,329,106,13,13,0.80,2,-1,-1
118,-1,169,382,81,120,0.95,2,-1,-1
118,-1,263,127,42,59,0.92,7,-1,-1
118,-1,329,107,13,13,0.75,2,-1,-1
119,-1,154,411,87,126,0.96,2,-1,-1
119,-1,260,130,43,59,0.93,7,-1,-1
119,-1,329,107,13,13,0.75,2,-1,-1
120,-1,134,464,89,74,0.94,2,-1,-1
120,-1,257,128,48,65,0.93,7,-1,-1
120,-1,328,108,13,13,0.77,2,-1,-1
121,-1,255,128,50,69,0.93,7,-1,-1
121,-1,127,510,80,29,0.90,2,-1,-1
121,-1,328,109,13,13,0.79,2,-1,-1
122,-1,252,130,51,71,0.92,7,-1,-1
122,-1,328,110,13,14,0.74,2,-1,-1
123,-1,246,133,55,77,0.94,7,-1,-1
123,-1,326,113,14,14,0.22,2,-1,-1
124,-1,243,134,56,80,0.94,7,-1,-1
125,-1,239,137,58,84,0.94,7,-1,-1
125,-1,325,116,14,14,0.79,2,-1,-1
126,-1,239,137,58,84,0.94,7,-1,-1
126,-1,325,116,14,14,0.79,2,-1,-1
127,-1,229,142,65,91,0.95,7,-1,-1
127,-1,324,118,14,15,0.42,2,-1,-1
128,-1,229,141,66,91,0.95,7,-1,-1
128,-1,324,118,15,15,0.75,2,-1,-1
129,-1,225,143,69,95,0.95,7,-1,-1
129,-1,324,118,16,16,0.88,2,-1,-1
130,-1,220,146,70,100,0.95,7,-1,-1
130,-1,323,121,16,16,0.88,2,-1,-1
131,-1,215,149,73,106,0.95,7,-1,-1
131,-1,321,123,17,16,0.89,2,-1,-1
132,-1,210,151,77,110,0.95,7,-1,-1
132,-1,321,124,18,17,0.89,2,-1,-1
133,-1,203,154,81,116,0.95,7,-1,-1
133,-1,321,125,17,17,0.88,2,-1,-1
134,-1,198,158,84,121,0.96,7,-1,-1
134,-1,318,127,20,19,0.89,2,-1,-1
135,-1,188,161,92,131,0.96,7,-1,-1
135,-1,317,129,20,18,0.87,2,-1,-1
136,-1,182,163,94,139,0.95,7,-1,-1
136,-1,317,131,20,18,0.89,2,-1,-1
137,-1,167,167,106,151,0.94,7,-1,-1
137,-1,313,133,22,20,0.87,2,-1,-1
138,-1,159,170,112,160,0.95,7,-1,-1
138,-1,313,134,21,19,0.87,2,-1,-1
139,-1,149,174,119,167,0.96,7,-1,-1
139,-1,312,135,22,20,0.87,2,-1,-1
140,-1,138,181,126,182,0.96,7,-1,-1
140,-1,310,139,22,21,0.89,2,-1,-1
141,-1,130,185,130,195,0.96,7,-1,-1
141,-1,309,141,22,21,0.89,2,-1,-1
142,-1,113,190,142,214,0.96,7,-1,-1
142,-1,308,145,22,21,0.90,2,-1,-1
143,-1,86,197,165,241,0.94,7,-1,-1
143,-1,306,149,22,21,0.90,2,-1,-1
144,-1,72,202,174,258,0.95,7,-1,-1
144,-1,305,151,23,22,0.91,2,-1,-1
145,-1,7,213,231,291,0.93,7,-1,-1
145,-1,304,156,23,21,0.91,2,-1,-1
145,-1,425,500,80,39,0.91,2,-1,-1
146,-1,5,218,227,317,0.95,7,-1,-1
146,-1,420,464,84,75,0.93,2,-1,-1
146,-1,303,159,22,21,0.90,2,-1,-1
147,-1,0,232,225,306,0.96,7,-1,-1
147,-1,412,419,72,76,0.92,2,-1,-1
147,-1,301,162,23,23,0.92,2,-1,-1
147,-1,324,81,11,14,0.11,2,-1,-1
148,-1,0,240,218,298,0.96,7,-1,-1
148,-1,408,394,68,72,0.92,2,-1,-1
148,-1,299,167,23,22,0.92,2,-1,-1
148,-1,324,81,11,14,0.12,2,-1,-1
149,-1,1,251,210,287,0.96,7,-1,-1
149,-1,404,371,62,67,0.93,2,-1,-1
149,-1,298,170,24,23,0.92,2,-1,-1
149,-1,323,81,11,14,0.16,2,-1,-1
150,-1,1,267,200,272,0.96,7,-1,-1
150,-1,400,341,56,61,0.94,2,-1,-1
150,-1,293,176,26,24,0.91,2,-1,-1
150,-1,324,82,11,14,0.39,2,-1,-1
151,-1,0,287,188,252,0.97,7,-1,-1
151,-1,393,313,54,55,0.93,2,-1,-1
151,-1,290,182,27,26,0.91,2,-1,-1
151,-1,324,82,11,14,0.39,2,-1,-1
152,-1,0,298,181,241,0.97,7,-1,-1
152,-1,289,186,28,27,0.93,2,-1,-1
152,-1,391,299,52,52,0.92,2,-1,-1
152,-1,324,82,11,14,0.38,2,-1,-1
153,-1,0,325,162,214,0.97,7,-1,-1
153,-1,389,280,47,48,0.93,2,-1,-1
153,-1,285,193,30,28,0.91,2,-1,-1
153,-1,324,83,11,15,0.42,2,-1,-1
154,-1,0,347,149,192,0.96,7,-1,-1
154,-1,386,268,48,45,0.93,2,-1,-1
154,-1,284,198,29,29,0.90,2,-1,-1
154,-1,323,83,11,15,0.41,2,-1,-1
155,-1,1,382,122,157,0.95,7,-1,-1
155,-1,385,254,44,42,0.92,2,-1,-1
155,-1,280,207,29,31,0.91,2,-1,-1
155,-1,323,84,12,15,0.53,2,-1,-1
156,-1,385,246,40,39,0.92,2,-1,-1
156,-1,276,213,32,32,0.90,2,-1,-1
156,-1,0,410,101,129,0.90,7,-1,-1
156,-1,322,84,12,15,0.56,2,-1,-1
157,-1,266,230,37,39,0.91,2,-1,-1
157,-1,382,226,36,36,0.91,2,-1,-1
157,-1,322,84,12,15,0.56,2,-1,-1
158,-1,383,226,35,37,0.92,2,-1,-1
158,-1,265,229,39,40,0.91,2,-1,-1
158,-1,322,84,12,15,0.57,2,-1,-1
159,-1,260,244,39,43,0.92,2,-1,-1
159,-1,381,217,35,34,0.91,2,-1,-1
159,-1,321,84,12,16,0.77,2,-1,-1
160,-1,246,266,47,50,0.92,2,-1,-1
160,-1,381,208,32,30,0.91,2,-1,-1
160,-1,321,84,12,17,0.56,2,-1,-1
161,-1,243,272,47,52,0.93,2,-1,-1
161,-1,380,206,32,29,0.90,2,-1,-1
161,-1,321,84,13,17,0.50,2,-1,-1
162,-1,238,287,51,55,0.93,2,-1,-1
162,-1,380,201,31,28,0.91,2,-1,-1
162,-1,320,84,13,17,0.49,2,-1,-1
163,-1,215,332,60,70,0.94,2,-1,-1
163,-1,379,191,28,25,0.91,2,-1,-1
163,-1,320,84,13,17,0.47,2,-1,-1
164,-1,214,332,62,69,0.93,2,-1,-1
164,-1,379,191,28,25,0.91,2,-1,-1
164,-1,320,84,13,17,0.48,2,-1,-1
165,-1,197,368,68,79,0.94,2,-1,-1
165,-1,380,184,27,25,0.90,2,-1,-1
165,-1,318,85,15,18,0.69,2,-1,-1
166,-1,185,398,72,85,0.94,2,-1,-1
166,-1,380,180,28,25,0.91,2,-1,-1
166,-1,318,85,15,18,0.79,2,-1,-1
167,-1,167,431,81,101,0.94,2,-1,-1
167,-1,380,177,27,25,0.90,2,-1,-1
167,-1,318,85,14,18,0.81,2,-1,-1
168,-1,145,492,84,47,0.93,2,-1,-1
168,-1,380,174,26,22,0.90,2,-1,-1
168,-1,317,85,15,19,0.84,2,-1,-1
169,-1,379,167,26,24,0.88,2,-1,-1
169,-1,317,86,15,19,0.81,2,-1,-1
170,-1,380,165,25,23,0.91,2,-1,-1
170,-1,317,86,15,19,0.82,2,-1,-1
171,-1,380,160,25,23,0.89,2,-1,-1
171,-1,317,86,15,19,0.85,2,-1,-1
172,-1,380,158,25,22,0.89,2,-1,-1
172,-1,316,87,16,19,0.86,2,-1,-1
173,-1,380,154,24,21,0.89,2,-1,-1
173,-1,316,87,16,19,0.87,2,-1,-1
174,-1,380,151,24,21,0.90,2,-1,-1
174,-1,316,87,16,19,0.87,2,-1,-1
175,-1,380,148,23,20,0.89,2,-1,-1
175,-1,315,88,16,19,0.81,2,-1,-1
176,-1,380,146,23,21,0.90,2,-1,-1
176,-1,316,88,15,19,0.83,2,-1,-1
177,-1,381,144,23,20,0.91,2,-1,-1
177,-1,316,89,15,19,0.84,2,-1,-1
178,-1,381,142,22,20,0.88,2,-1,-1
178,-1,316,89,15,19,0.85,2,-1,-1
179,-1,380,138,22,20,0.88,2,-1,-1
179,-1,314,90,16,20,0.86,2,-1,-1
180,-1,380,137,22,19,0.89,2,-1,-1
180,-1,314,90,16,20,0.86,2,-1,-1
181,-1,381,136,21,18,0.89,2,-1,-1
181,-1,314,91,17,20,0.87,2,-1,-1
182,-1,380,135,21,17,0.89,2,-1,-1
182,-1,313,91,17,20,0.87,2,-1,-1
183,-1,380,133,20,17,0.89,2,-1,-1
183,-1,313,91,17,21,0.88,2,-1,-1
184,-1,312,92,17,21,0.89,2,-1,-1
184,-1,380,132,19,16,0.89,2,-1,-1
185,-1,312,92,17,21,0.89,2,-1,-1
185,-1,380,129,19,17,0.88,2,-1,-1
186,-1,312,92,18,22,0.90,2,-1,-1
186,-1,379,127,19,17,0.88,2,-1,-1
187,-1,311,93,18,22,0.91,2,-1,-1
187,-1,380,126,17,16,0.88,2,-1,-1
188,-1,311,93,19,22,0.91,2,-1,-1
188,-1,380,124,17,16,0.89,2,-1,-1
189,-1,310,93,19,22,0.90,2,-1,-1
189,-1,380,123,17,15,0.89,2,-1,-1
190,-1,309,94,19,23,0.91,2,-1,-1
190,-1,379,121,17,16,0.89,2,-1,-1
191,-1,309,94,19,23,0.91,2,-1,-1
191,-1,378,120,18,15,0.90,2,-1,-1
192,-1,309,94,19,23,0.90,2,-1,-1
192,-1,378,120,17,15,0.90,2,-1,-1
193,-1,308,95,20,24,0.89,2,-1,-1
193,-1,378,117,16,16,0.88,2,-1,-1
194,-1,308,96,19,24,0.90,2,-1,-1
194,-1,377,116,15,14,0.88,2,-1,-1
195,-1,377,116,16,14,0.89,2,-1,-1
195,-1,307,96,20,25,0.88,2,-1,-1
196,-1,377,114,14,14,0.88,2,-1,-1
196,-1,306,96,22,25,0.88,2,-1,-1
197,-1,377,114,14,14,0.88,2,-1,-1
197,-1,306,97,21,25,0.85,2,-1,-1
198,-1,377,113,14,14,0.88,2,-1,-1
198,-1,306,97,21,25,0.84,2,-1,-1
199,-1,305,98,21,25,0.90,2,-1,-1
199,-1,376,111,14,13,0.87,2,-1,-1
200,-1,305,98,21,26,0.92,2,-1,-1
200,-1,376,111,14,13,0.88,2,-1,-1
201,-1,305,98,21,26,0.90,2,-1,-1
201,-1,376,110,13,13,0.89,2,-1,-1
202,-1,304,98,21,27,0.89,2,-1,-1
202,-1,375,109,14,13,0.89,2,-1,-1
203,-1,303,99,23,26,0.91,2,-1,-1
203,-1,375,108,14,14,0.87,2,-1,-1
204,-1,302,100,23,26,0.89,2,-1,-1
204,-1,375,107,14,13,0.88,2,-1,-1
205,-1,301,100,23,27,0.89,2,-1,-1
205,-1,374,106,14,13,0.88,2,-1,-1
206,-1,301,102,23,27,0.92,2,-1,-1
206,-1,374,105,13,13,0.86,2,-1,-1
207,-1,300,102,23,28,0.89,2,-1,-1
207,-1,374,105,13,13,0.87,2,-1,-1
208,-1,374,104,13,12,0.86,2,-1,-1
208,-1,300,102,23,29,0.67,7,-1,-1
209,-1,374,103,12,12,0.86,2,-1,-1
209,-1,299,102,23,29,0.80,2,-1,-1
210,-1,374,103,12,12,0.86,2,-1,-1
210,-1,298,103,24,31,0.63,2,-1,-1
211,-1,373,101,13,12,0.87,2,-1,-1
211,-1,297,104,25,31,0.61,2,-1,-1
212,-1,295,105,26,30,0.83,2,-1,-1
212,-1,373,100,12,12,0.83,2,-1,-1
213,-1,372,100,12,11,0.84,2,-1,-1
213,-1,295,105,25,32,0.61,7,-1,-1
214,-1,372,99,12,11,0.84,2,-1,-1
214,-1,294,106,26,33,0.77,7,-1,-1
215,-1,372,99,11,11,0.75,2,-1,-1
215,-1,293,107,26,33,0.46,2,-1,-1
216,-1,292,108,27,32,0.75,7,-1,-1
216,-1,372,99,11,11,0.74,2,-1,-1
217,-1,291,109,27,33,0.80,7,-1,-1
217,-1,371,97,11,10,0.80,2,-1,-1
218,-1,291,110,27,34,0.90,7,-1,-1
218,-1,371,96,11,10,0.74,2,-1,-1
219,-1,289,111,28,35,0.93,7,-1,-1
219,-1,371,95,11,11,0.71,2,-1,-1
220,-1,288,111,28,35,0.92,7,-1,-1
220,-1,371,95,11,11,0.69,2,-1,-1
221,-1,287,113,29,35,0.91,7,-1,-1
221,-1,371,94,11,10,0.38,2,-1,-1
222,-1,286,113,29,37,0.90,7,-1,-1
222,-1,557,455,78,84,0.67,7,-1,-1
222,-1,371,94,11,10,0.36,2,-1,-1
223,-1,543,420,92,119,0.93,7,-1,-1
223,-1,286,114,29,37,0.91,7,-1,-1
223,-1,370,93,11,11,0.50,2,-1,-1
224,-1,535,402,100,137,0.94,7,-1,-1
224,-1,284,114,30,38,0.91,7,-1,-1
224,-1,370,93,11,10,0.31,2,-1,-1
225,-1,524,376,111,163,0.95,7,-1,-1
225,-1,283,116,30,38,0.92,7,-1,-1
225,-1,370,93,11,10,0.25,2,-1,-1
226,-1,516,361,118,177,0.95,7,-1,-1
226,-1,282,117,31,38,0.93,7,-1,-1
226,-1,370,92,11,10,0.18,2,-1,-1
227,-1,506,340,128,197,0.95,7,-1,-1
227,-1,281,118,31,39,0.92,7,-1,-1
228,-1,500,329,134,209,0.96,7,-1,-1
228,-1,281,119,31,39,0.93,7,-1,-1
228,-1,325,88,9,9,0.14,2,-1,-1
229,-1,493,313,142,223,0.95,7,-1,-1
229,-1,280,121,30,41,0.91,7,-1,-1
229,-1,325,88,9,9,0.13,2,-1,-1
230,-1,487,303,149,232,0.96,7,-1,-1
230,-1,279,122,30,41,0.92,7,-1,-1
231,-1,480,292,142,234,0.95,7,-1,-1
231,-1,277,124,31,40,0.94,7,-1,-1
231,-1,335,92,9,8,0.19,2,-1,-1
232,-1,477,283,134,185,0.95,7,-1,-1
232,-1,276,125,31,41,0.94,7,-1,-1
232,-1,335,92,9,8,0.18,2,-1,-1
233,-1,274,126,31,42,0.93,7,-1,-1
233,-1,471,272,125,173,0.93,7,-1,-1
234,-1,272,128,33,43,0.93,7,-1,-1
234,-1,467,265,122,191,0.93,7,-1,-1
235,-1,271,129,33,45,0.94,7,-1,-1
235,-1,462,255,113,176,0.93,7,-1,-1
236,-1,458,250,109,176,0.94,7,-1,-1
236,-1,269,130,34,45,0.94,7,-1,-1
237,-1,455,245,105,167,0.95,7,-1,-1
237,-1,268,131,34,46,0.93,7,-1,-1
238,-1,451,236,100,143,0.94,7,-1,-1
238,-1,265,133,36,47,0.92,7,-1,-1
238,-1,322,92,8,9,0.10,2,-1,-1
239,-1,447,229,93,148,0.94,7,-1,-1
239,-1,263,135,37,49,0.92,7,-1,-1
240,-1,445,224,89,140,0.94,7,-1,-1
240,-1,261,136,38,50,0.92,7,-1,-1
240,-1,321,93,10,10,0.22,2,-1,-1
240,-1,334,97,10,9,0.11,2,-1,-1
241,-1,443,220,86,133,0.95,7,-1,-1
241,-1,259,137,39,51,0.92,7,-1,-1
241,-1,321,93,10,10,0.22,2,-1,-1
241,-1,334,97,10,9,0.12,2,-1,-1
242,-1,439,215,82,121,0.96,7,-1,-1
242,-1,256,140,42,52,0.92,7,-1,-1
242,-1,321,94,10,11,0.12,2,-1,-1
243,-1,437,210,76,118,0.94,7,-1,-1
243,-1,253,139,43,57,0.94,7,-1,-1
243,-1,333,98,10,10,0.60,2,-1,-1
243,-1,320,94,10,11,0.54,2,-1,-1
244,-1,435,206,75,114,0.95,7,-1,-1
244,-1,251,141,44,58,0.94,7,-1,-1
244,-1,333,98,10,10,0.61,2,-1,-1
244,-1,320,94,10,11,0.54,2,-1,-1
245,-1,433,202,73,109,0.95,7,-1,-1
245,-1,249,144,43,58,0.93,7,-1,-1
246,-1,430,198,68,101,0.95,7,-1,-1
246,-1,246,146,47,61,0.94,7,-1,-1
247,-1,427,193,66,100,0.95,7,-1,-1
247,-1,242,149,48,63,0.94,7,-1,-1
247,-1,331,100,11,11,0.58,2,-1,-1
247,-1,318,98,10,10,0.41,2,-1,-1
248,-1,425,191,66,97,0.96,7,-1,-1
248,-1,240,150,49,65,0.94,7,-1,-1
248,-1,317,98,11,11,0.43,2,-1,-1
249,-1,424,188,63,94,0.95,7,-1,-1
249,-1,237,152,52,67,0.94,7,-1,-1
249,-1,317,98,11,11,0.41,2,-1,-1
250,-1,422,185,59,90,0.96,7,-1,-1
250,-1,232,155,55,70,0.94,7,-1,-1
250,-1,317,98,11,11,0.71,2,-1,-1
250,-1,331,102,11,11,0.69,2,-1,-1
251,-1,420,182,58,85,0.95,7,-1,-1
251,-1,228,157,57,75,0.94,7,-1,-1
251,-1,316,100,11,11,0.49,2,-1,-1
251,-1,331,103,11,11,0.26,2,-1,-1
252,-1,419,179,57,84,0.95,7,-1,-1
252,-1,225,159,61,77,0.95,7,-1,-1
252,-1,315,101,11,11,0.74,2,-1,-1
252,-1,330,104,11,11,0.47,2,-1,-1
253,-1,222,161,63,80,0.95,7,-1,-1
253,-1,417,177,55,82,0.95,7,-1,-1
253,-1,315,101,12,12,0.78,2,-1,-1
253,-1,330,105,12,11,0.53,2,-1,-1
254,-1,416,174,52,78,0.95,7,-1,-1
254,-1,216,165,66,83,0.94,7,-1,-1
254,-1,314,103,12,12,0.65,2,-1,-1
254,-1,329,106,11,11,0.24,2,-1,-1
255,-1,414,171,50,76,0.95,7,-1,-1
255,-1,209,167,71,91,0.95,7,-1,-1
255,-1,314,103,12,12,0.77,2,-1,-1
255,-1,329,106,12,12,0.75,2,-1,-1
256,-1,205,168,72,94,0.95,7,-1,-1
256,-1,412,169,50,73,0.94,7,-1,-1
256,-1,313,103,12,12,0.83,2,-1,-1
256,-1,329,106,12,11,0.74,2,-1,-1
257,-1,201,172,73,97,0.95,7,-1,-1
257,-1,412,167,49,72,0.93,7,-1,-1
257,-1,313,103,12,12,0.83,2,-1,-1
257,-1,329,107,12,11,0.74,2,-1,-1
258,-1,192,173,81,105,0.95,7,-1,-1
258,-1,410,164,48,70,0.94,7,-1,-1
258,-1,328,108,13,12,0.79,2,-1,-1
258,-1,313,105,12,12,0.77,2,-1,-1
259,-1,184,179,88,113,0.95,7,-1,-1
259,-1,409,162,46,67,0.94,7,-1,-1
259,-1,312,106,12,12,0.85,2,-1,-1
259,-1,328,110,13,12,0.82,2,-1,-1
260,-1,178,182,91,117,0.95,7,-1,-1
260,-1,408,160,45,67,0.94,7,-1,-1
260,-1,312,106,12,12,0.85,2,-1,-1
260,-1,327,110,13,12,0.83,2,-1,-1
261,-1,172,186,94,120,0.97,7,-1,-1
261,-1,407,159,45,64,0.94,7,-1,-1
261,-1,326,111,13,13,0.85,2,-1,-1
261,-1,311,109,12,13,0.77,2,-1,-1
262,-1,161,191,103,132,0.95,7,-1,-1
262,-1,406,157,43,63,0.94,7,-1,-1
262,-1,310,109,13,13,0.87,2,-1,-1
262,-1,326,111,13,13,0.84,2,-1,-1
263,-1,148,196,109,146,0.95,7,-1,-1
263,-1,405,154,41,60,0.94,7,-1,-1
263,-1,326,113,13,13,0.84,2,-1,-1
263,-1,309,110,13,13,0.83,2,-1,-1
264,-1,143,198,114,155,0.95,7,-1,-1
264,-1,404,153,41,60,0.94,7,-1,-1
264,-1,325,115,13,13,0.85,2,-1,-1
264,-1,309,111,12,13,0.83,2,-1,-1
265,-1,131,203,122,164,0.95,7,-1,-1
265,-1,403,151,41,59,0.94,7,-1,-1
265,-1,308,112,13,13,0.86,2,-1,-1
265,-1,325,115,13,12,0.85,2,-1,-1
266,-1,116,209,131,181,0.96,7,-1,-1
266,-1,401,149,40,57,0.94,7,-1,-1
266,-1,307,112,13,13,0.85,2,-1,-1
266,-1,324,118,13,12,0.83,2,-1,-1
267,-1,95,217,149,200,0.96,7,-1,-1
267,-1,400,147,39,55,0.94,7,-1,-1
267,-1,305,115,14,13,0.86,2,-1,-1
267,-1,323,119,14,13,0.84,2,-1,-1
268,-1,80,222,159,215,0.96,7,-1,-1
268,-1,399,146,39,54,0.94,7,-1,-1
268,-1,305,115,14,14,0.87,2,-1,-1
268,-1,323,120,14,13,0.84,2,-1,-1
269,-1,67,230,166,229,0.96,7,-1,-1
269,-1,399,146,38,53,0.93,7,-1,-1
269,-1,304,116,14,14,0.88,2,-1,-1
269,-1,323,121,14,13,0.83,2,-1,-1
270,-1,41,240,184,261,0.95,7,-1,-1
270,-1,398,144,37,52,0.94,7,-1,-1
270,-1,302,116,15,15,0.87,2,-1,-1
270,-1,321,122,15,14,0.86,2,-1,-1
271,-1,1,252,218,286,0.96,7,-1,-1
271,-1,397,141,36,50,0.94,7,-1,-1
271,-1,301,118,15,16,0.87,2,-1,-1
271,-1,321,123,16,15,0.87,2,-1,-1
272,-1,0,257,213,282,0.96,7,-1,-1
272,-1,396,140,36,51,0.95,7,-1,-1
272,-1,321,124,16,15,0.86,2,-1,-1
272,-1,300,120,16,14,0.85,2,-1,-1
273,-1,0,271,209,268,0.96,7,-1,-1
273,-1,395,139,36,51,0.95,7,-1,-1
273,-1,319,125,16,14,0.86,2,-1,-1
273,-1,299,120,16,17,0.85,2,-1,-1
274,-1,1,287,196,252,0.96,7,-1,-1
274,-1,395,136,35,50,0.94,7,-1,-1
274,-1,298,121,16,16,0.87,2,-1,-1
274,-1,318,126,16,15,0.85,2,-1,-1
275,-1,1,308,185,230,0.96,7,-1,-1
275,-1,394,135,34,49,0.93,7,-1,-1
275,-1,297,124,15,15,0.87,2,-1,-1
275,-1,317,128,16,16,0.83,2,-1,-1
276,-1,1,321,177,216,0.97,7,-1,-1
276,-1,394,134,34,48,0.93,7,-1,-1
276,-1,295,125,17,17,0.88,2,-1,-1
276,-1,317,130,16,16,0.86,2,-1,-1
277,-1,1,335,167,204,0.97,7,-1,-1
277,-1,393,134,34,47,0.94,7,-1,-1
277,-1,294,126,17,17,0.88,2,-1,-1
277,-1,317,131,16,16,0.86,2,-1,-1
278,-1,1,363,149,176,0.96,7,-1,-1
278,-1,392,132,34,46,0.93,7,-1,-1
278,-1,315,133,17,17,0.89,2,-1,-1
278,-1,292,128,17,17,0.87,2,-1,-1
279,-1,1,382,137,157,0.95,7,-1,-1
279,-1,392,131,34,47,0.93,7,-1,-1
279,-1,291,130,18,17,0.89,2,-1,-1
279,-1,314,134,18,17,0.87,2,-1,-1
280,-1,1,418,120,121,0.93,7,-1,-1
280,-1,390,130,33,45,0.92,7,-1,-1
280,-1,312,136,19,18,0.87,2,-1,-1
280,-1,289,133,17,17,0.87,2,-1,-1
281,-1,389,129,32,44,0.91,7,-1,-1
281,-1,1,448,97,91,0.88,7,-1,-1
281,-1,312,138,18,18,0.87,2,-1,-1
281,-1,287,133,18,19,0.87,2,-1,-1
282,-1,390,129,31,43,0.91,7,-1,-1
282,-1,309,140,19,19,0.87,2,-1,-1
282,-1,285,135,19,19,0.85,2,-1,-1
282,-1,374,153,19,20,0.23,2,-1,-1
282,-1,0,505,65,34,0.12,7,-1,-1
283,-1,389,127,30,42,0.93,7,-1,-1
283,-1,308,144,19,19,0.87,2,-1,-1
283,-1,283,138,19,20,0.85,2,-1,-1
283,-1,374,150,16,21,0.18,2,-1,-1
284,-1,388,127,30,42,0.94,7,-1,-1
284,-1,307,145,20,20,0.89,2,-1,-1
284,-1,282,140,19,19,0.87,2,-1,-1
284,-1,373,148,17,21,0.19,2,-1,-1
285,-1,387,126,30,42,0.94,7,-1,-1
285,-1,306,147,20,21,0.92,2,-1,-1
285,-1,280,141,19,20,0.89,2,-1,-1
285,-1,372,148,17,20,0.11,2,-1,-1
286,-1,387,124,30,41,0.95,7,-1,-1
286,-1,305,150,20,21,0.90,2,-1,-1
286,-1,277,144,19,20,0.89,2,-1,-1
287,-1,386,123,31,41,0.93,7,-1,-1
287,-1,303,155,21,20,0.92,2,-1,-1
287,-1,274,148,20,21,0.92,2,-1,-1
288,-1,386,122,30,40,0.92,7,-1,-1
288,-1,272,150,21,22,0.91,2,-1,-1
288,-1,301,158,21,20,0.90,2,-1,-1
289,-1,386,122,30,40,0.91,7,-1,-1
289,-1,300,160,22,21,0.91,2,-1,-1
289,-1,270,151,21,22,0.90,2,-1,-1
290,-1,298,162,23,22,0.92,2,-1,-1
290,-1,385,121,29,38,0.92,7,-1,-1
290,-1,267,157,22,22,0.91,2,-1,-1
291,-1,297,165,23,24,0.91,2,-1,-1
291,-1,384,120,29,38,0.91,7,-1,-1
291,-1,265,158,21,23,0.90,2,-1,-1
291,-1,370,141,18,18,0.32,2,-1,-1
292,-1,261,162,23,24,0.91,2,-1,-1
292,-1,295,170,23,23,0.90,2,-1,-1
292,-1,384,119,28,38,0.90,7,-1,-1
292,-1,370,140,18,17,0.39,2,-1,-1
293,-1,383,118,28,38,0.91,7,-1,-1
293,-1,258,166,24,24,0.90,2,-1,-1
293,-1,293,174,24,24,0.90,2,-1,-1
293,-1,370,139,18,17,0.33,2,-1,-1
294,-1,291,178,24,25,0.92,2,-1,-1
294,-1,383,118,27,36,0.91,7,-1,-1
294,-1,255,169,25,26,0.91,2,-1,-1
294,-1,369,137,15,18,0.16,2,-1,-1
295,-1,290,181,24,25,0.92,2,-1,-1
295,-1,383,118,27,36,0.92,7,-1,-1
295,-1,251,173,25,27,0.91,2,-1,-1
295,-1,369,136,16,18,0.11,2,-1,-1
296,-1,382,116,27,36,0.91,7,-1,-1
296,-1,246,178,27,27,0.91,2,-1,-1
296,-1,283,187,28,27,0.90,2,-1,-1
297,-1,243,184,27,27,0.90,2,-1,-1
297,-1,282,191,28,28,0.90,2,-1,-1
297,-1,382,116,26,36,0.89,7,-1,-1
298,-1,238,189,28,29,0.92,2,-1,-1
298,-1,278,197,30,31,0.90,2,-1,-1
298,-1,382,115,25,35,0.89,7,-1,-1
299,-1,233,194,29,30,0.94,2,-1,-1
299,-1,275,201,31,33,0.91,2,-1,-1
299,-1,381,114,25,36,0.90,7,-1,-1
300,-1,224,202,34,32,0.93,2,-1,-1
300,-1,271,209,33,33,0.91,2,-1,-1
300,-1,382,114,24,35,0.88,7,-1,-1
301,-1,219,208,35,33,0.93,2,-1,-1
301,-1,267,215,36,35,0.89,2,-1,-1
301,-1,381,113,24,34,0.89,7,-1,-1
302,-1,211,216,36,35,0.91,2,-1,-1
302,-1,262,226,38,37,0.90,2,-1,-1
302,-1,381,112,24,35,0.85,7,-1,-1
302,-1,368,128,17,19,0.11,2,-1,-1
303,-1,206,222,38,37,0.92,2,-1,-1
303,-1,259,231,38,41,0.90,2,-1,-1
303,-1,380,111,24,34,0.71,7,-1,-1
304,-1,195,234,40,40,0.93,2,-1,-1
304,-1,250,243,43,45,0.92,2,-1,-1
304,-1,380,111,23,34,0.73,7,-1,-1
305,-1,243,253,48,46,0.92,2,-1,-1
305,-1,188,242,42,43,0.92,2,-1,-1
305,-1,380,111,24,33,0.67,2,-1,-1
306,-1,175,255,45,48,0.92,2,-1,-1
306,-1,239,267,48,52,0.92,2,-1,-1
306,-1,380,110,23,31,0.60,2,-1,-1
307,-1,233,279,51,54,0.93,2,-1,-1
307,-1,169,264,46,51,0.93,2,-1,-1
307,-1,380,109,22,32,0.72,7,-1,-1
308,-1,154,282,51,58,0.94,2,-1,-1
308,-1,225,299,53,61,0.93,2,-1,-1
308,-1,380,109,21,31,0.63,7,-1,-1
308,-1,368,123,15,17,0.11,2,-1,-1
309,-1,143,296,53,62,0.94,2,-1,-1
309,-1,218,314,55,65,0.94,2,-1,-1
309,-1,379,108,22,31,0.70,2,-1,-1
310,-1,121,320,61,70,0.94,2,-1,-1
310,-1,202,339,63,76,0.94,2,-1,-1
310,-1,378,108,21,30,0.74,2,-1,-1
311,-1,104,340,66,76,0.94,2,-1,-1
311,-1,192,360,67,83,0.94,2,-1,-1
311,-1,379,108,21,30,0.67,2,-1,-1
312,-1,174,396,75,95,0.94,2,-1,-1
312,-1,78,372,73,87,0.93,2,-1,-1
312,-1,378,107,20,29,0.78,2,-1,-1
313,-1,157,426,83,105,0.94,2,-1,-1
313,-1,52,397,82,100,0.93,2,-1,-1
313,-1,378,107,20,29,0.74,2,-1,-1
314,-1,141,479,84,60,0.93,2,-1,-1
314,-1,6,441,101,97,0.93,2,-1,-1
314,-1,377,106,21,29,0.84,2,-1,-1
315,-1,1,478,82,61,0.91,2,-1,-1
315,-1,377,106,21,29,0.86,2,-1,-1
315,-1,127,524,81,15,0.80,2,-1,-1
316,-1,377,106,20,28,0.85,2,-1,-1
317,-1,555,486,82,53,0.90,7,-1,-1
317,-1,376,105,20,29,0.83,2,-1,-1
318,-1,540,451,95,88,0.93,7,-1,-1
318,-1,376,104,20,28,0.88,2,-1,-1
319,-1,531,429,104,110,0.95,7,-1,-1
319,-1,376,104,20,28,0.88,2,-1,-1
320,-1,520,404,116,135,0.96,7,-1,-1
320,-1,376,104,19,27,0.89,2,-1,-1
321,-1,513,388,117,151,0.95,7,-1,-1
321,-1,376,103,19,27,0.87,2,-1,-1
322,-1,502,365,107,155,0.96,7,-1,-1
322,-1,376,103,19,27,0.84,2,-1,-1
323,-1,497,352,102,171,0.94,7,-1,-1
323,-1,376,102,19,27,0.85,2,-1,-1
324,-1,488,334,94,154,0.94,7,-1,-1
324,-1,376,102,19,26,0.81,2,-1,-1
325,-1,484,324,89,147,0.94,7,-1,-1
325,-1,376,101,18,26,0.86,2,-1,-1
326,-1,477,311,83,140,0.92,7,-1,-1
326,-1,375,101,18,26,0.85,2,-1,-1
327,-1,474,301,78,119,0.95,7,-1,-1
327,-1,375,100,18,25,0.88,2,-1,-1
328,-1,467,289,75,106,0.93,7,-1,-1
328,-1,375,100,18,25,0.87,2,-1,-1
329,-1,463,281,72,106,0.94,7,-1,-1
329,-1,375,100,18,24,0.88,2,-1,-1
330,-1,457,271,70,96,0.95,7,-1,-1
330,-1,375,100,18,24,0.88,2,-1,-1
331,-1,454,264,66,92,0.95,7,-1,-1
331,-1,375,99,18,24,0.85,2,-1,-1
332,-1,449,255,63,92,0.95,7,-1,-1
332,-1,374,98,17,24,0.79,2,-1,-1
333,-1,447,250,61,86,0.96,7,-1,-1
333,-1,374,98,17,24,0.78,2,-1,-1
334,-1,443,242,58,84,0.95,7,-1,-1
334,-1,374,98,17,24,0.74,2,-1,-1
335,-1,440,238,56,79,0.95,7,-1,-1
335,-1,374,98,16,24,0.57,2,-1,-1
336,-1,437,231,54,77,0.95,7,-1,-1
336,-1,374,97,16,24,0.59,2,-1,-1
337,-1,435,226,52,74,0.95,7,-1,-1
337,-1,374,97,16,24,0.57,2,-1,-1
338,-1,432,221,49,71,0.94,7,-1,-1
338,-1,374,97,16,23,0.67,2,-1,-1
339,-1,431,217,48,69,0.94,7,-1,-1
339,-1,373,96,16,24,0.77,2,-1,-1
340,-1,428,212,46,66,0.94,7,-1,-1
340,-1,373,96,16,23,0.75,2,-1,-1
340,-1,600,521,36,18,0.14,7,-1,-1
341,-1,426,208,46,66,0.95,7,-1,-1
341,-1,569,479,69,60,0.92,7,-1,-1
341,-1,373,96,16,23,0.69,2,-1,-1
342,-1,424,204,44,64,0.93,7,-1,-1
342,-1,545,429,91,110,0.93,7,-1,-1
342,-1,373,95,16,22,0.71,2,-1,-1
343,-1,421,200,43,62,0.95,7,-1,-1
343,-1,529,394,107,145,0.94,7,-1,-1
343,-1,373,95,15,22,0.56,2,-1,-1
343,-1,332,98,10,10,0.22,2,-1,-1
344,-1,420,197,42,59,0.95,7,-1,-1
344,-1,520,374,115,165,0.95,7,-1,-1
344,-1,372,95,15,22,0.58,2,-1,-1
344,-1,332,98,10,10,0.24,2,-1,-1
345,-1,511,355,123,184,0.96,7,-1,-1
345,-1,418,195,41,57,0.93,7,-1,-1
345,-1,372,95,15,21,0.48,2,-1,-1
345,-1,332,98,10,10,0.22,2,-1,-1
346,-1,500,330,134,209,0.96,7,-1,-1
346,-1,416,191,41,55,0.94,7,-1,-1
346,-1,372,95,15,21,0.56,2,-1,-1
347,-1,490,309,144,230,0.96,7,-1,-1
347,-1,414,186,40,55,0.96,7,-1,-1
347,-1,372,95,15,21,0.46,2,-1,-1
347,-1,332,99,10,10,0.36,2,-1,-1
348,-1,483,295,152,244,0.96,7,-1,-1
348,-1,413,184,39,54,0.95,7,-1,-1
348,-1,372,94,14,21,0.49,7,-1,-1
348,-1,331,100,10,11,0.23,2,-1,-1
349,-1,479,283,155,255,0.96,7,-1,-1
349,-1,412,182,37,52,0.94,7,-1,-1
349,-1,372,94,15,21,0.60,7,-1,-1
349,-1,331,100,10,10,0.17,2,-1,-1
350,-1,471,270,164,269,0.96,7,-1,-1
350,-1,411,178,36,52,0.96,7,-1,-1
350,-1,421,520,72,19,0.73,2,-1,-1
350,-1,372,93,15,21,0.65,7,-1,-1
350,-1,331,101,11,11,0.61,2,-1,-1
351,-1,459,249,174,271,0.96,7,-1,-1
351,-1,409,173,35,50,0.94,7,-1,-1
351,-1,415,443,63,72,0.89,2,-1,-1
351,-1,372,92,15,21,0.73,7,-1,-1
351,-1,330,102,10,10,0.17,2,-1,-1
352,-1,459,249,174,264,0.96,7,-1,-1
352,-1,409,173,35,50,0.94,7,-1,-1
352,-1,415,443,62,71,0.90,2,-1,-1
352,-1,372,92,15,21,0.73,7,-1,-1
352,-1,330,102,10,10,0.16,2,-1,-1
353,-1,456,244,164,241,0.97,7,-1,-1
353,-1,408,171,35,49,0.95,7,-1,-1
353,-1,411,417,60,70,0.91,2,-1,-1
353,-1,372,92,14,21,0.83,7,-1,-1
353,-1,330,102,11,11,0.65,2,-1,-1
354,-1,449,233,149,223,0.96,7,-1,-1
354,-1,407,169,33,46,0.92,7,-1,-1
354,-1,408,384,50,61,0.90,2,-1,-1
354,-1,372,92,14,20,0.82,7,-1,-1
354,-1,330,102,11,11,0.65,2,-1,-1
355,-1,446,223,138,219,0.95,7,-1,-1
355,-1,405,167,33,45,0.93,7,-1,-1
355,-1,402,356,48,55,0.89,2,-1,-1
355,-1,372,92,14,20,0.80,7,-1,-1
356,-1,443,218,130,216,0.95,7,-1,-1
356,-1,405,165,32,44,0.94,7,-1,-1
356,-1,398,340,48,53,0.93,2,-1,-1
356,-1,372,92,14,20,0.82,7,-1,-1
356,-1,329,105,11,11,0.72,2,-1,-1
357,-1,440,213,124,189,0.95,7,-1,-1
357,-1,404,164,31,42,0.95,7,-1,-1
357,-1,396,325,46,51,0.93,2,-1,-1
357,-1,371,91,14,19,0.65,7,-1,-1
358,-1,436,205,115,195,0.96,7,-1,-1
358,-1,403,161,31,42,0.93,7,-1,-1
358,-1,391,304,45,47,0.90,2,-1,-1
358,-1,371,91,14,20,0.74,7,-1,-1
358,-1,328,107,10,11,0.13,2,-1,-1
359,-1,432,197,108,176,0.95,7,-1,-1
359,-1,401,159,31,42,0.94,7,-1,-1
359,-1,412,480,80,59,0.92,2,-1,-1
359,-1,390,288,39,45,0.91,2,-1,-1
359,-1,328,108,12,12,0.80,2,-1,-1
359,-1,372,90,13,19,0.73,7,-1,-1
360,-1,431,194,102,169,0.97,7,-1,-1
360,-1,401,157,31,40,0.95,7,-1,-1
360,-1,407,451,74,87,0.94,2,-1,-1
360,-1,387,279,38,40,0.91,2,-1,-1
360,-1,372,90,13,19,0.81,7,-1,-1
360,-1,328,108,11,11,0.79,2,-1,-1
361,-1,427,191,100,156,0.96,7,-1,-1
361,-1,404,425,68,79,0.94,2,-1,-1
361,-1,401,156,29,40,0.94,7,-1,-1
361,-1,386,270,35,38,0.92,2,-1,-1
361,-1,372,90,13,19,0.77,7,-1,-1
361,-1,327,110,10,11,0.69,2,-1,-1
362,-1,425,186,91,144,0.96,7,-1,-1
362,-1,399,392,62,69,0.94,2,-1,-1
362,-1,399,154,29,39,0.94,7,-1,-1
362,-1,383,257,34,36,0.91,2,-1,-1
362,-1,327,110,11,12,0.85,2,-1,-1
362,-1,372,90,13,18,0.70,7,-1,-1
363,-1,422,183,88,133,0.97,7,-1,-1
363,-1,396,362,55,64,0.94,2,-1,-1
363,-1,398,152,29,39,0.93,7,-1,-1
363,-1,382,246,31,33,0.90,2,-1,-1
363,-1,326,113,11,11,0.53,2,-1,-1
363,-1,371,89,12,18,0.32,7,-1,-1
364,-1,420,179,84,130,0.96,7,-1,-1
364,-1,398,151,29,38,0.94,7,-1,-1
364,-1,394,345,51,58,0.94,2,-1,-1
364,-1,382,239,29,31,0.91,2,-1,-1
364,-1,326,111,12,12,0.83,2,-1,-1
364,-1,372,89,12,18,0.21,7,-1,-1
365,-1,419,177,80,123,0.95,7,-1,-1
365,-1,397,149,28,38,0.94,7,-1,-1
365,-1,391,330,49,55,0.94,2,-1,-1
365,-1,381,233,28,29,0.90,2,-1,-1
365,-1,326,112,12,13,0.83,2,-1,-1
365,-1,371,88,13,19,0.73,7,-1,-1
366,-1,417,173,77,118,0.96,7,-1,-1
366,-1,388,308,46,54,0.94,2,-1,-1
366,-1,396,147,29,38,0.94,7,-1,-1
366,-1,380,225,27,29,0.89,2,-1,-1
366,-1,325,113,13,13,0.85,2,-1,-1
366,-1,371,88,12,18,0.50,7,-1,-1
367,-1,415,170,73,108,0.96,7,-1,-1
367,-1,395,145,29,37,0.94,7,-1,-1
367,-1,383,292,45,47,0.92,2,-1,-1
367,-1,378,217,24,25,0.90,2,-1,-1
367,-1,324,114,14,14,0.86,2,-1,-1
367,-1,371,88,12,18,0.43,7,-1,-1
368,-1,413,167,70,105,0.96,7,-1,-1
368,-1,394,143,28,37,0.93,7,-1,-1
368,-1,384,282,41,46,0.92,2,-1,-1
368,-1,376,213,24,25,0.90,2,-1,-1
368,-1,324,115,14,14,0.87,2,-1,-1
368,-1,371,88,12,17,0.29,7,-1,-1
369,-1,411,165,69,104,0.96,7,-1,-1
369,-1,383,272,39,43,0.93,2,-1,-1
369,-1,394,142,27,36,0.92,7,-1,-1
369,-1,376,209,24,24,0.89,2,-1,-1
369,-1,324,117,12,12,0.77,2,-1,-1
369,-1,371,88,12,17,0.37,7,-1,-1
370,-1,410,162,66,101,0.95,7,-1,-1
370,-1,380,258,37,40,0.94,2,-1,-1
370,-1,393,141,27,36,0.93,7,-1,-1
370,-1,374,202,24,24,0.89,2,-1,-1
370,-1,323,118,13,13,0.86,2,-1,-1
370,-1,371,88,11,17,0.17,7,-1,-1
371,-1,408,159,63,96,0.97,7,-1,-1
371,-1,392,138,26,36,0.93,7,-1,-1
371,-1,379,248,36,38,0.92,2,-1,-1
371,-1,374,197,24,24,0.91,2,-1,-1
371,-1,323,119,14,13,0.85,2,-1,-1
371,-1,371,86,12,18,0.36,7,-1,-1
372,-1,407,157,60,94,0.96,7,-1,-1
372,-1,391,136,26,36,0.94,7,-1,-1
372,-1,378,241,34,37,0.93,2,-1,-1
372,-1,374,193,23,25,0.89,2,-1,-1
372,-1,323,121,13,12,0.85,2,-1,-1
372,-1,371,86,11,17,0.40,7,-1,-1
373,-1,406,155,59,91,0.96,7,-1,-1
373,-1,391,136,26,35,0.95,7,-1,-1
373,-1,376,234,34,36,0.92,2,-1,-1
373,-1,373,189,21,24,0.91,2,-1,-1
373,-1,322,121,13,12,0.85,2,-1,-1
373,-1,371,86,11,17,0.38,7,-1,-1
374,-1,405,152,56,88,0.95,7,-1,-1
374,-1,391,135,26,33,0.92,7,-1,-1
374,-1,375,225,32,33,0.92,2,-1,-1
374,-1,321,122,15,14,0.88,2,-1,-1
374,-1,372,185,22,23,0.87,2,-1,-1
374,-1,371,86,11,18,0.27,7,-1,-1
375,-1,403,150,54,84,0.96,7,-1,-1
375,-1,374,217,29,32,0.92,2,-1,-1
375,-1,389,134,25,32,0.91,7,-1,-1
375,-1,371,179,21,24,0.88,2,-1,-1
375,-1,321,124,15,14,0.88,2,-1,-1
375,-1,371,86,11,17,0.25,7,-1,-1
376,-1,402,148,53,81,0.96,7,-1,-1
376,-1,370,177,21,23,0.91,2,-1,-1
376,-1,373,214,28,31,0.90,2,-1,-1
376,-1,389,134,25,32,0.90,7,-1,-1
376,-1,320,124,15,15,0.88,2,-1,-1
376,-1,371,86,11,17,0.33,7,-1,-1
377,-1,401,147,51,79,0.96,7,-1,-1
377,-1,373,209,27,30,0.91,2,-1,-1
377,-1,370,174,21,23,0.90,2,-1,-1
377,-1,389,133,25,32,0.89,7,-1,-1
377,-1,320,124,15,16,0.87,2,-1,-1
377,-1,371,86,11,17,0.40,7,-1,-1
378,-1,399,144,51,77,0.95,7,-1,-1
378,-1,372,202,27,29,0.91,2,-1,-1
378,-1,388,132,25,31,0.88,7,-1,-1
378,-1,319,125,16,17,0.87,2,-1,-1
378,-1,369,171,19,22,0.85,2,-1,-1
378,-1,371,86,11,17,0.40,7,-1,-1
379,-1,398,142,49,74,0.94,7,-1,-1
379,-1,371,195,25,28,0.90,2,-1,-1
379,-1,387,131,24,30,0.88,7,-1,-1
379,-1,368,166,19,21,0.88,2,-1,-1
379,-1,319,128,16,16,0.85,2,-1,-1
379,-1,370,85,11,17,0.28,7,-1,-1
380,-1,396,139,49,74,0.94,7,-1,-1
380,-1,371,191,24,27,0.91,2,-1,-1
380,-1,368,164,18,21,0.88,2,-1,-1
380,-1,318,130,16,16,0.86,2,-1,-1
380,-1,387,131,23,29,0.84,7,-1,-1
380,-1,370,85,11,17,0.29,7,-1,-1
381,-1,395,137,48,74,0.94,7,-1,-1
381,-1,371,187,22,27,0.90,2,-1,-1
381,-1,367,162,18,21,0.89,2,-1,-1
381,-1,318,131,16,16,0.86,2,-1,-1
381,-1,387,130,22,29,0.83,7,-1,-1
381,-1,370,85,11,17,0.26,7,-1,-1
381,-1,324,83,10,15,0.10,2,-1,-1
382,-1,394,134,48,72,0.92,7,-1,-1
382,-1,370,182,22,27,0.88,2,-1,-1
382,-1,318,133,16,17,0.87,2,-1,-1
382,-1,366,159,19,20,0.85,2,-1,-1
382,-1,387,128,22,28,0.76,7,-1,-1
382,-1,370,84,11,17,0.36,7,-1,-1
382,-1,373,159,23,27,0.15,2,-1,-1
382,-1,324,82,10,15,0.10,7,-1,-1
383,-1,393,132,46,71,0.93,7,-1,-1
383,-1,369,176,21,27,0.88,2,-1,-1
383,-1,316,134,17,17,0.87,2,-1,-1
383,-1,366,156,18,20,0.84,2,-1,-1
383,-1,386,127,22,28,0.69,7,-1,-1
383,-1,370,84,11,17,0.51,7,-1,-1
383,-1,323,82,10,15,0.33,7,-1,-1
384,-1,391,131,45,69,0.93,7,-1,-1
384,-1,314,135,18,18,0.87,2,-1,-1
384,-1,366,171,23,29,0.86,2,-1,-1
384,-1,366,154,17,20,0.76,2,-1,-1
384,-1,385,127,22,27,0.54,7,-1,-1
384,-1,370,84,11,17,0.45,7,-1,-1
384,-1,323,83,10,15,0.43,7,-1,-1
385,-1,388,129,47,68,0.94,7,-1,-1
385,-1,313,136,18,19,0.88,2,-1,-1
385,-1,364,164,23,33,0.84,2,-1,-1
385,-1,364,152,18,19,0.78,2,-1,-1
385,-1,323,83,10,15,0.50,7,-1,-1
385,-1,370,84,11,17,0.41,7,-1,-1
385,-1,384,126,22,27,0.22,7,-1,-1
386,-1,388,128,45,66,0.93,7,-1,-1
386,-1,311,138,20,20,0.89,2,-1,-1
386,-1,363,158,23,34,0.83,2,-1,-1
386,-1,365,151,17,18,0.76,2,-1,-1
386,-1,323,83,11,15,0.61,7,-1,-1
386,-1,370,84,11,17,0.47,7,-1,-1
386,-1,384,125,19,27,0.30,7,-1,-1
387,-1,388,127,44,65,0.93,7,-1,-1
387,-1,311,140,20,20,0.90,2,-1,-1
387,-1,363,154,23,35,0.83,2,-1,-1
387,-1,364,150,19,21,0.73,2,-1,-1
387,-1,322,83,11,15,0.59,7,-1,-1
387,-1,369,83,11,17,0.50,7,-1,-1
388,-1,389,127,41,61,0.93,7,-1,-1
388,-1,310,142,20,20,0.89,2,-1,-1
388,-1,363,147,18,19,0.74,2,-1,-1
388,-1,322,83,11,16,0.66,7,-1,-1
388,-1,363,148,21,37,0.66,2,-1,-1
388,-1,370,83,11,17,0.44,7,-1,-1
388,-1,383,124,18,25,0.12,7,-1,-1
389,-1,388,125,41,61,0.93,7,-1,-1
389,-1,309,144,20,20,0.91,2,-1,-1
389,-1,364,145,17,18,0.74,2,-1,-1
389,-1,322,83,11,16,0.68,7,-1,-1
389,-1,363,147,20,34,0.67,2,-1,-1
389,-1,369,83,10,16,0.45,7,-1,-1
389,-1,384,123,18,25,0.17,7,-1,-1
390,-1,388,125,40,59,0.95,7,-1,-1
390,-1,309,147,20,20,0.91,2,-1,-1
390,-1,362,144,19,28,0.69,2,-1,-1
390,-1,322,84,11,16,0.67,7,-1,-1
390,-1,370,83,10,16,0.24,7,-1,-1
391,-1,386,124,39,58,0.94,7,-1,-1
391,-1,307,149,21,21,0.90,2,-1,-1
391,-1,361,144,21,31,0.83,2,-1,-1
391,-1,321,84,12,17,0.76,7,-1,-1
391,-1,369,83,10,16,0.18,7,-1,-1
392,-1,388,123,36,56,0.94,7,-1,-1
392,-1,306,151,21,22,0.90,2,-1,-1
392,-1,362,143,21,29,0.83,2,-1,-1
392,-1,321,84,12,17,0.75,7,-1,-1
392,-1,362,141,18,17,0.22,2,-1,-1
392,-1,369,83,10,15,0.12,7,-1,-1
393,-1,386,122,36,56,0.93,7,-1,-1
393,-1,305,154,21,22,0.92,2,-1,-1
393,-1,321,84,12,17,0.76,7,-1,-1
393,-1,363,139,18,25,0.67,2,-1,-1
393,-1,363,138,15,15,0.64,2,-1,-1
393,-1,369,83,10,15,0.13,7,-1,-1
394,-1,385,121,36,53,0.95,7,-1,-1
394,-1,304,158,21,22,0.90,2,-1,-1
394,-1,321,85,12,17,0.74,7,-1,-1
394,-1,362,137,17,25,0.65,2,-1,-1
395,-1,385,120,35,52,0.94,7,-1,-1
395,-1,302,160,22,23,0.91,2,-1,-1
395,-1,320,85,12,17,0.82,7,-1,-1
395,-1,362,137,16,23,0.60,2,-1,-1
396,-1,382,118,36,52,0.94,7,-1,-1
396,-1,299,162,24,24,0.91,2,-1,-1
396,-1,320,85,12,17,0.82,7,-1,-1
396,-1,361,136,18,25,0.77,2,-1,-1
397,-1,382,118,36,51,0.94,7,-1,-1
397,-1,300,165,23,25,0.92,2,-1,-1
397,-1,320,85,12,18,0.84,7,-1,-1
397,-1,361,135,18,25,0.77,2,-1,-1
398,-1,381,117,35,49,0.92,7,-1,-1
398,-1,297,170,24,25,0.92,2,-1,-1
398,-1,319,85,12,19,0.85,7,-1,-1
398,-1,361,134,18,23,0.81,2,-1,-1
398,-1,596,504,43,35,0.73,7,-1,-1
399,-1,380,115,35,49,0.92,7,-1,-1
399,-1,559,461,78,78,0.91,7,-1,-1
399,-1,295,174,25,26,0.90,2,-1,-1
399,-1,319,86,13,19,0.76,7,-1,-1
399,-1,361,131,17,24,0.76,2,-1,-1
400,-1,380,115,35,49,0.92,7,-1,-1
400,-1,546,440,90,99,0.90,7,-1,-1
400,-1,294,177,24,27,0.90,2,-1,-1
400,-1,319,86,13,19,0.74,7,-1,-1
400,-1,361,131,17,24,0.72,2,-1,-1
401,-1,537,418,98,121,0.94,7,-1,-1
401,-1,292,179,25,28,0.92,2,-1,-1
401,-1,380,114,34,48,0.92,7,-1,-1
401,-1,319,86,13,19,0.73,7,-1,-1
401,-1,362,129,17,24,0.64,2,-1,-1
402,-1,524,387,111,151,0.94,7,-1,-1
402,-1,378,113,34,48,0.92,7,-1,-1
402,-1,290,185,26,30,0.92,2,-1,-1
402,-1,319,86,13,20,0.73,7,-1,-1
403,-1,512,364,124,175,0.95,7,-1,-1
403,-1,285,191,30,31,0.92,2,-1,-1
403,-1,378,112,33,47,0.92,7,-1,-1
403,-1,319,87,13,19,0.60,7,-1,-1
404,-1,505,351,130,188,0.95,7,-1,-1
404,-1,379,112,32,46,0.92,7,-1,-1
404,-1,284,193,30,34,0.91,2,-1,-1
404,-1,318,87,13,19,0.64,7,-1,-1
405,-1,498,335,137,204,0.96,7,-1,-1
405,-1,282,198,31,35,0.93,2,-1,-1
405,-1,378,111,32,45,0.90,7,-1,-1
405,-1,319,86,13,20,0.62,7,-1,-1
406,-1,488,316,141,216,0.95,7,-1,-1
406,-1,279,204,31,37,0.92,2,-1,-1
406,-1,377,110,33,45,0.91,7,-1,-1
406,-1,318,88,13,19,0.45,2,-1,-1
406,-1,362,123,12,15,0.12,2,-1,-1
407,-1,482,302,121,226,0.93,7,-1,-1
407,-1,275,214,33,36,0.91,2,-1,-1
407,-1,376,110,32,43,0.90,7,-1,-1
407,-1,318,89,13,19,0.61,2,-1,-1
407,-1,366,126,21,26,0.21,2,-1,-1
408,-1,477,293,114,200,0.93,7,-1,-1
408,-1,270,218,36,40,0.92,2,-1,-1
408,-1,377,110,31,42,0.89,7,-1,-1
408,-1,318,89,13,19,0.64,2,-1,-1
408,-1,365,123,21,27,0.29,2,-1,-1
408,-1,361,122,12,16,0.18,2,-1,-1
409,-1,474,284,105,201,0.94,7,-1,-1
409,-1,266,225,38,41,0.91,2,-1,-1
409,-1,375,109,32,42,0.89,7,-1,-1
409,-1,317,89,14,18,0.78,2,-1,-1
410,-1,467,271,101,181,0.93,7,-1,-1
410,-1,261,235,39,45,0.93,2,-1,-1
410,-1,374,109,32,41,0.90,7,-1,-1
410,-1,316,90,15,20,0.67,2,-1,-1
410,-1,368,119,23,30,0.11,2,-1,-1
411,-1,460,259,95,164,0.94,7,-1,-1
411,-1,256,246,40,48,0.92,2,-1,-1
411,-1,375,108,30,40,0.90,7,-1,-1
411,-1,316,90,14,20,0.53,7,-1,-1
412,-1,457,253,90,155,0.94,7,-1,-1
412,-1,253,255,42,51,0.92,2,-1,-1
412,-1,374,107,31,40,0.91,7,-1,-1
412,-1,316,90,15,20,0.69,7,-1,-1
413,-1,454,246,87,149,0.95,7,-1,-1
413,-1,245,264,46,55,0.93,2,-1,-1
413,-1,374,107,31,40,0.91,7,-1,-1
413,-1,315,90,16,21,0.82,7,-1,-1
413,-1,550,456,88,83,0.77,7,-1,-1
414,-1,450,237,81,135,0.93,7,-1,-1
414,-1,238,280,49,58,0.93,2,-1,-1
414,-1,534,419,103,120,0.92,7,-1,-1
414,-1,374,106,29,40,0.90,7,-1,-1
414,-1,315,90,15,21,0.84,7,-1,-1
414,-1,360,118,12,16,0.68,2,-1,-1
415,-1,446,229,77,127,0.95,7,-1,-1
415,-1,522,384,115,155,0.95,7,-1,-1
415,-1,230,298,51,65,0.93,2,-1,-1
415,-1,374,105,28,39,0.90,7,-1,-1
415,-1,314,91,16,21,0.83,7,-1,-1
415,-1,360,117,12,15,0.41,2,-1,-1
416,-1,512,368,123,171,0.95,7,-1,-1
416,-1,221,313,57,71,0.94,2,-1,-1
416,-1,443,224,74,125,0.92,7,-1,-1
416,-1,374,105,27,39,0.91,7,-1,-1
416,-1,314,91,16,21,0.86,7,-1,-1
416,-1,360,116,11,16,0.37,2,-1,-1
417,-1,505,352,129,187,0.95,7,-1,-1
417,-1,441,220,71,120,0.95,7,-1,-1
417,-1,214,328,58,73,0.94,2,-1,-1
417,-1,374,104,27,38,0.91,7,-1,-1
417,-1,312,91,17,22,0.89,7,-1,-1
417,-1,360,115,11,15,0.32,2,-1,-1
418,-1,495,326,140,213,0.96,7,-1,-1
418,-1,201,354,62,90,0.94,2,-1,-1
418,-1,437,213,68,114,0.93,7,-1,-1
418,-1,374,103,27,38,0.92,7,-1,-1
418,-1,312,91,17,22,0.89,7,-1,-1
419,-1,486,308,149,231,0.96,7,-1,-1
419,-1,180,387,74,100,0.94,2,-1,-1
419,-1,374,102,25,37,0.93,7,-1,-1
419,-1,311,92,18,23,0.88,7,-1,-1
419,-1,434,207,65,104,0.87,7,-1,-1
419,-1,358,111,14,18,0.19,2,-1,-1
420,-1,480,298,156,240,0.96,7,-1,-1
420,-1,168,413,78,112,0.94,2,-1,-1
420,-1,432,203,63,101,0.94,7,-1,-1
420,-1,374,102,25,36,0.93,7,-1,-1
420,-1,311,92,19,23,0.88,7,-1,-1
420,-1,359,111,14,19,0.21,2,-1,-1
421,-1,475,287,159,251,0.96,7,-1,-1
421,-1,152,443,85,96,0.95,2,-1,-1
421,-1,430,200,61,95,0.94,7,-1,-1
421,-1,374,102,25,37,0.93,7,-1,-1
421,-1,310,93,18,23,0.76,7,-1,-1
421,-1,358,111,14,19,0.24,2,-1,-1
422,-1,467,275,168,264,0.96,7,-1,-1
422,-1,373,102,26,36,0.92,7,-1,-1
422,-1,143,496,78,43,0.92,2,-1,-1
422,-1,426,195,59,90,0.85,7,-1,-1
422,-1,309,93,20,24,0.83,7,-1,-1
423,-1,461,263,175,276,0.96,7,-1,-1
423,-1,424,190,58,86,0.94,7,-1,-1
423,-1,373,101,25,36,0.92,7,-1,-1
423,-1,309,93,20,24,0.85,7,-1,-1
424,-1,457,257,179,280,0.96,7,-1,-1
424,-1,422,187,56,84,0.94,7,-1,-1
424,-1,372,100,26,36,0.90,7,-1,-1
424,-1,309,94,20,24,0.88,7,-1,-1
425,-1,454,249,181,287,0.96,7,-1,-1
425,-1,420,185,55,81,0.95,7,-1,-1
425,-1,372,100,25,35,0.90,7,-1,-1
425,-1,307,94,21,26,0.90,7,-1,-1
426,-1,450,243,168,250,0.96,7,-1,-1
426,-1,417,181,55,75,0.93,7,-1,-1
426,-1,371,99,26,35,0.92,7,-1,-1
426,-1,307,94,21,26,0.90,7,-1,-1
426,-1,358,109,12,17,0.14,2,-1,-1
427,-1,446,231,152,221,0.95,7,-1,-1
427,-1,415,176,52,76,0.94,7,-1,-1
427,-1,370,99,25,34,0.91,7,-1,-1
427,-1,307,95,20,26,0.89,7,-1,-1
427,-1,358,108,13,21,0.25,2,-1,-1
428,-1,444,225,145,216,0.95,7,-1,-1
428,-1,414,175,51,72,0.93,7,-1,-1
428,-1,370,98,24,34,0.91,7,-1,-1
428,-1,306,95,21,27,0.90,7,-1,-1
428,-1,358,107,12,21,0.24,2,-1,-1
429,-1,441,221,138,220,0.95,7,-1,-1
429,-1,413,173,49,67,0.92,7,-1,-1
429,-1,414,492,89,47,0.91,2,-1,-1
429,-1,370,98,24,34,0.91,7,-1,-1
429,-1,305,95,22,27,0.90,7,-1,-1
429,-1,356,108,13,19,0.44,2,-1,-1
430,-1,438,214,127,202,0.95,7,-1,-1
430,-1,413,450,73,88,0.92,2,-1,-1
430,-1,411,169,47,66,0.91,7,-1,-1
430,-1,369,97,23,33,0.90,7,-1,-1
430,-1,305,95,21,28,0.90,7,-1,-1
431,-1,436,208,122,196,0.95,7,-1,-1
431,-1,410,425,65,73,0.94,2,-1,-1
431,-1,410,167,46,63,0.92,7,-1,-1
431,-1,370,98,23,32,0.90,7,-1,-1
431,-1,305,96,21,27,0.90,7,-1,-1
432,-1,431,201,115,171,0.95,7,-1,-1
432,-1,404,393,60,64,0.94,2,-1,-1
432,-1,409,163,44,63,0.92,7,-1,-1
432,-1,304,97,22,27,0.91,7,-1,-1
432,-1,369,96,22,32,0.90,7,-1,-1
432,-1,356,105,13,19,0.34,2,-1,-1
433,-1,430,197,110,171,0.95,7,-1,-1
433,-1,400,374,57,60,0.94,2,-1,-1
433,-1,409,162,42,61,0.92,7,-1,-1
433,-1,304,97,22,27,0.91,7,-1,-1
433,-1,367,96,22,32,0.89,7,-1,-1
433,-1,357,105,12,19,0.27,2,-1,-1
434,-1,428,193,102,159,0.96,7,-1,-1
434,-1,398,348,51,54,0.93,2,-1,-1
434,-1,303,98,21,27,0.91,7,-1,-1
434,-1,407,160,41,56,0.91,7,-1,-1
434,-1,367,96,23,32,0.89,7,-1,-1
434,-1,357,105,12,19,0.29,2,-1,-1
435,-1,426,190,98,146,0.96,7,-1,-1
435,-1,396,333,49,53,0.93,2,-1,-1
435,-1,302,99,22,28,0.92,7,-1,-1
435,-1,407,158,40,55,0.91,7,-1,-1
435,-1,367,95,22,31,0.88,7,-1,-1
435,-1,357,105,12,19,0.41,2,-1,-1
436,-1,423,185,91,144,0.95,7,-1,-1
436,-1,303,99,21,28,0.93,7,-1,-1
436,-1,392,313,46,49,0.93,2,-1,-1
436,-1,405,155,40,53,0.91,7,-1,-1
436,-1,367,95,21,30,0.85,7,-1,-1
436,-1,358,105,11,19,0.18,2,-1,-1
437,-1,421,183,89,132,0.96,7,-1,-1
437,-1,302,100,21,28,0.92,7,-1,-1
437,-1,391,301,44,45,0.92,2,-1,-1
437,-1,405,154,39,53,0.91,7,-1,-1
437,-1,367,95,20,29,0.85,7,-1,-1
437,-1,357,104,12,18,0.36,2,-1,-1
438,-1,420,179,83,124,0.96,7,-1,-1
438,-1,390,285,40,40,0.93,2,-1,-1
438,-1,301,101,22,29,0.91,7,-1,-1
438,-1,403,152,37,51,0.91,7,-1,-1
438,-1,367,95,19,29,0.84,7,-1,-1
438,-1,357,105,12,17,0.39,2,-1,-1
439,-1,418,176,80,119,0.94,7,-1,-1
439,-1,387,275,39,39,0.92,2,-1,-1
439,-1,300,102,22,30,0.92,7,-1,-1
439,-1,403,150,36,53,0.91,7,-1,-1
439,-1,366,94,19,29,0.84,7,-1,-1
440,-1,416,172,76,117,0.96,7,-1,-1
440,-1,300,102,22,31,0.92,7,-1,-1
440,-1,384,261,37,38,0.91,2,-1,-1
440,-1,401,147,36,53,0.91,7,-1,-1
440,-1,366,94,19,28,0.85,7,-1,-1
441,-1,415,170,73,113,0.96,7,-1,-1
441,-1,300,102,22,31,0.92,7,-1,-1
441,-1,381,253,38,37,0.89,2,-1,-1
441,-1,400,146,36,52,0.89,7,-1,-1
441,-1,366,94,19,28,0.85,7,-1,-1
442,-1,412,167,70,108,0.96,7,-1,-1
442,-1,299,103,22,31,0.92,7,-1,-1
442,-1,400,144,35,50,0.91,7,-1,-1
442,-1,379,238,37,40,0.89,2,-1,-1
442,-1,365,93,19,28,0.81,7,-1,-1
443,-1,412,166,69,106,0.96,7,-1,-1
443,-1,299,103,22,31,0.91,7,-1,-1
443,-1,399,144,35,50,0.91,7,-1,-1
443,-1,378,236,35,37,0.90,2,-1,-1
443,-1,365,93,19,28,0.82,7,-1,-1
444,-1,410,163,67,101,0.95,7,-1,-1
444,-1,297,104,23,32,0.91,7,-1,-1
444,-1,397,142,33,48,0.88,7,-1,-1
444,-1,377,227,34,36,0.88,2,-1,-1
444,-1,364,93,19,27,0.83,7,-1,-1
445,-1,409,161,65,99,0.95,7,-1,-1
445,-1,296,105,24,33,0.91,7,-1,-1
445,-1,376,219,33,37,0.90,2,-1,-1
445,-1,397,141,32,47,0.89,7,-1,-1
445,-1,361,92,21,27,0.79,7,-1,-1
446,-1,407,158,62,95,0.96,7,-1,-1
446,-1,294,105,25,34,0.92,7,-1,-1
446,-1,376,215,29,32,0.92,2,-1,-1
446,-1,396,139,31,46,0.87,7,-1,-1
446,-1,362,92,20,27,0.79,7,-1,-1
447,-1,405,155,62,94,0.95,7,-1,-1
447,-1,294,105,25,35,0.92,7,-1,-1
447,-1,376,212,28,30,0.89,2,-1,-1
447,-1,396,137,31,45,0.83,7,-1,-1
447,-1,362,92,20,27,0.82,7,-1,-1
447,-1,420,527,92,12,0.19,2,-1,-1
448,-1,402,151,61,92,0.94,7,-1,-1
448,-1,416,477,81,62,0.93,2,-1,-1
448,-1,293,106,25,35,0.92,7,-1,-1
448,-1,375,204,26,30,0.90,2,-1,-1
448,-1,361,91,20,26,0.79,7,-1,-1
448,-1,395,136,30,41,0.79,7,-1,-1
449,-1,411,447,72,87,0.94,2,-1,-1
449,-1,401,148,59,90,0.93,7,-1,-1
449,-1,293,107,25,35,0.91,7,-1,-1
449,-1,375,200,25,30,0.90,2,-1,-1
449,-1,361,91,20,26,0.79,7,-1,-1
449,-1,395,135,30,41,0.79,7,-1,-1
450,-1,407,409,64,70,0.95,2,-1,-1
450,-1,402,149,55,83,0.94,7,-1,-1
450,-1,292,108,26,36,0.92,7,-1,-1
450,-1,374,195,24,28,0.89,2,-1,-1
450,-1,394,133,30,42,0.88,7,-1,-1
450,-1,361,91,20,26,0.77,7,-1,-1
451,-1,397,140,57,87,0.94,7,-1,-1
451,-1,290,109,27,37,0.93,7,-1,-1
451,-1,399,378,60,64,0.93,2,-1,-1
451,-1,373,189,23,27,0.88,2,-1,-1
451,-1,361,90,19,25,0.72,7,-1,-1
451,-1,393,132,28,40,0.69,7,-1,-1
452,-1,397,142,55,83,0.94,7,-1,-1
452,-1,398,358,56,58,0.94,2,-1,-1
452,-1,288,110,28,37,0.93,7,-1,-1
452,-1,373,184,22,28,0.85,2,-1,-1
452,-1,392,131,28,38,0.79,7,-1,-1
452,-1,361,90,19,26,0.74,7,-1,-1
453,-1,395,341,52,54,0.94,2,-1,-1
453,-1,397,142,53,80,0.93,7,-1,-1
453,-1,288,110,28,37,0.92,7,-1,-1
453,-1,372,182,22,26,0.86,2,-1,-1
453,-1,392,130,28,38,0.79,7,-1,-1
453,-1,361,89,19,25,0.74,7,-1,-1
454,-1,396,141,52,77,0.94,7,-1,-1
454,-1,287,111,28,38,0.93,7,-1,-1
454,-1,393,319,47,49,0.92,2,-1,-1
454,-1,391,129,27,37,0.87,7,-1,-1
454,-1,371,176,22,26,0.86,2,-1,-1
454,-1,361,89,18,25,0.69,7,-1,-1
455,-1,388,298,44,47,0.93,2,-1,-1
455,-1,395,138,49,75,0.93,7,-1,-1
455,-1,285,113,29,39,0.92,7,-1,-1
455,-1,390,128,26,37,0.86,7,-1,-1
455,-1,369,173,19,25,0.84,2,-1,-1
455,-1,361,89,18,25,0.67,7,-1,-1
456,-1,387,287,42,45,0.93,2,-1,-1
456,-1,393,134,49,75,0.92,7,-1,-1
456,-1,284,113,30,39,0.91,7,-1,-1
456,-1,369,169,19,25,0.80,2,-1,-1
456,-1,390,128,26,37,0.72,7,-1,-1
456,-1,361,88,19,24,0.58,7,-1,-1
457,-1,386,277,40,43,0.93,2,-1,-1
457,-1,392,130,49,76,0.93,7,-1,-1
457,-1,284,114,30,40,0.92,7,-1,-1
457,-1,368,165,20,26,0.79,2,-1,-1
457,-1,361,88,19,25,0.60,7,-1,-1
457,-1,389,127,27,37,0.33,7,-1,-1
458,-1,391,128,49,75,0.94,7,-1,-1
458,-1,383,263,37,40,0.93,2,-1,-1
458,-1,282,115,30,41,0.92,7,-1,-1
458,-1,368,162,18,25,0.86,2,-1,-1
458,-1,361,88,18,24,0.45,7,-1,-1
458,-1,389,126,28,36,0.18,7,-1,-1
459,-1,391,128,46,73,0.93,7,-1,-1
459,-1,281,116,30,42,0.93,7,-1,-1
459,-1,382,250,34,37,0.93,2,-1,-1
459,-1,368,156,21,28,0.83,2,-1,-1
459,-1,360,87,19,24,0.43,7,-1,-1
459,-1,333,98,10,10,0.24,2,-1,-1
459,-1,388,124,26,37,0.20,7,-1,-1
460,-1,389,126,47,71,0.94,7,-1,-1
460,-1,280,117,31,42,0.93,7,-1,-1
460,-1,380,242,34,37,0.92,2,-1,-1
460,-1,368,154,20,26,0.79,2,-1,-1
460,-1,332,98,10,10,0.34,2,-1,-1
460,-1,360,87,18,23,0.17,7,-1,-1
461,-1,389,125,46,70,0.93,7,-1,-1
461,-1,279,118,31,43,0.93,7,-1,-1
461,-1,378,235,33,36,0.93,2,-1,-1
461,-1,368,153,20,25,0.65,2,-1,-1
461,-1,360,86,18,24,0.20,7,-1,-1
462,-1,278,119,31,44,0.93,7,-1,-1
462,-1,388,122,44,70,0.93,7,-1,-1
462,-1,377,226,31,33,0.92,2,-1,-1
462,-1,366,151,19,24,0.63,2,-1,-1
462,-1,332,99,10,10,0.34,2,-1,-1
463,-1,276,120,32,44,0.93,7,-1,-1
463,-1,388,123,43,68,0.93,7,-1,-1
463,-1,376,222,30,31,0.92,2,-1,-1
463,-1,366,149,19,24,0.49,2,-1,-1
463,-1,332,99,10,10,0.33,2,-1,-1
464,-1,274,122,32,45,0.94,7,-1,-1
464,-1,387,122,42,65,0.93,7,-1,-1
464,-1,374,214,28,30,0.90,2,-1,-1
464,-1,365,148,18,22,0.35,2,-1,-1
465,-1,273,122,33,46,0.93,7,-1,-1
465,-1,386,121,42,64,0.93,7,-1,-1
465,-1,374,209,26,29,0.92,2,-1,-1
465,-1,331,102,11,11,0.51,2,-1,-1
465,-1,365,147,18,23,0.30,2,-1,-1
466,-1,386,120,41,62,0.93,7,-1,-1
466,-1,272,125,34,46,0.93,7,-1,-1
466,-1,373,202,26,28,0.90,2,-1,-1
466,-1,365,145,17,21,0.20,2,-1,-1
467,-1,270,126,35,48,0.93,7,-1,-1
467,-1,385,119,41,60,0.92,7,-1,-1
467,-1,372,198,26,28,0.90,2,-1,-1
467,-1,364,145,16,18,0.78,2,-1,-1
467,-1,359,84,17,23,0.13,7,-1,-1
468,-1,268,127,35,50,0.94,7,-1,-1
468,-1,385,118,40,59,0.92,7,-1,-1
468,-1,370,191,26,27,0.90,2,-1,-1
468,-1,363,143,16,18,0.75,2,-1,-1
468,-1,330,104,10,10,0.29,2,-1,-1
468,-1,359,84,17,23,0.17,7,-1,-1
468,-1,370,142,19,22,0.12,2,-1,-1
469,-1,267,129,36,50,0.94,7,-1,-1
469,-1,385,118,38,58,0.93,7,-1,-1
469,-1,370,188,24,26,0.91,2,-1,-1
469,-1,363,141,15,17,0.83,2,-1,-1
470,-1,385,117,38,57,0.93,7,-1,-1
470,-1,264,130,37,52,0.93,7,-1,-1
470,-1,369,182,23,26,0.90,2,-1,-1
470,-1,363,139,15,16,0.87,2,-1,-1
470,-1,330,106,11,11,0.55,2,-1,-1
471,-1,263,131,38,53,0.93,7,-1,-1
471,-1,385,117,37,55,0.92,7,-1,-1
471,-1,369,179,22,24,0.89,2,-1,-1
471,-1,363,138,15,16,0.85,2,-1,-1
471,-1,330,107,11,11,0.54,2,-1,-1
472,-1,260,133,39,55,0.95,7,-1,-1
472,-1,384,115,36,56,0.93,7,-1,-1
472,-1,367,174,22,25,0.89,2,-1,-1
472,-1,362,136,15,16,0.84,2,-1,-1
473,-1,259,134,40,56,0.94,7,-1,-1
473,-1,384,114,35,55,0.93,7,-1,-1
473,-1,367,171,22,25,0.87,2,-1,-1
473,-1,362,135,15,16,0.83,2,-1,-1
473,-1,328,108,12,11,0.73,2,-1,-1
473,-1,359,82,16,22,0.34,7,-1,-1
474,-1,256,137,40,59,0.94,7,-1,-1
474,-1,383,114,35,53,0.92,7,-1,-1
474,-1,366,166,21,24,0.88,2,-1,-1
474,-1,362,133,15,16,0.85,2,-1,-1
474,-1,328,109,12,11,0.70,2,-1,-1
474,-1,359,82,16,22,0.52,7,-1,-1
475,-1,254,138,42,60,0.95,7,-1,-1
475,-1,383,113,34,53,0.90,7,-1,-1
475,-1,366,164,20,23,0.88,2,-1,-1
475,-1,361,131,14,16,0.85,2,-1,-1
475,-1,328,109,12,12,0.76,2,-1,-1
475,-1,360,82,16,21,0.31,7,-1,-1
476,-1,251,141,42,60,0.95,7,-1,-1
476,-1,382,113,34,51,0.93,7,-1,-1
476,-1,365,160,20,23,0.89,2,-1,-1
476,-1,361,130,14,15,0.81,2,-1,-1
476,-1,327,111,12,12,0.65,2,-1,-1
476,-1,359,82,16,22,0.23,7,-1,-1
477,-1,248,142,45,63,0.94,7,-1,-1
477,-1,382,112,34,51,0.91,7,-1,-1
477,-1,365,158,20,23,0.88,2,-1,-1
477,-1,361,129,14,14,0.81,2,-1,-1
477,-1,327,111,12,13,0.78,2,-1,-1
477,-1,358,82,16,21,0.17,7,-1,-1
478,-1,244,145,47,65,0.95,7,-1,-1
478,-1,381,111,33,50,0.92,7,-1,-1
478,-1,365,154,20,22,0.88,2,-1,-1
478,-1,361,127,14,14,0.78,2,-1,-1
478,-1,326,113,13,13,0.77,2,-1,-1
479,-1,242,147,47,66,0.94,7,-1,-1
479,-1,381,111,32,49,0.91,7,-1,-1
479,-1,364,152,20,22,0.87,2,-1,-1
479,-1,360,127,14,14,0.79,2,-1,-1
479,-1,326,113,13,13,0.79,2,-1,-1
479,-1,322,96,10,8,0.13,2,-1,-1
480,-1,238,149,50,69,0.94,7,-1,-1
480,-1,381,110,32,48,0.91,7,-1,-1
480,-1,364,149,18,21,0.89,2,-1,-1
480,-1,325,114,13,13,0.79,2,-1,-1
480,-1,361,125,14,14,0.69,2,-1,-1
480,-1,322,96,10,8,0.20,2,-1,-1
481,-1,235,151,51,71,0.93,7,-1,-1
481,-1,380,110,31,47,0.92,7,-1,-1
481,-1,364,147,18,20,0.90,2,-1,-1
481,-1,325,115,14,13,0.79,2,-1,-1
481,-1,361,123,13,14,0.68,2,-1,-1
481,-1,322,96,9,8,0.25,2,-1,-1
482,-1,231,154,53,75,0.95,7,-1,-1
482,-1,380,109,31,46,0.92,7,-1,-1
482,-1,363,145,18,20,0.89,2,-1,-1
482,-1,324,118,14,13,0.77,2,-1,-1
482,-1,360,121,13,14,0.75,2,-1,-1
482,-1,322,96,9,9,0.11,2,-1,-1
483,-1,228,157,55,77,0.95,7,-1,-1
483,-1,380,109,31,45,0.93,7,-1,-1
483,-1,363,143,17,19,0.88,2,-1,-1
483,-1,324,118,13,13,0.78,2,-1,-1
483,-1,360,121,13,14,0.75,2,-1,-1
483,-1,322,97,9,9,0.13,2,-1,-1
484,-1,222,159,57,81,0.95,7,-1,-1
484,-1,379,109,30,44,0.93,7,-1,-1
484,-1,363,141,17,20,0.90,2,-1,-1
484,-1,324,120,14,13,0.83,2,-1,-1
484,-1,360,119,13,15,0.62,2,-1,-1
485,-1,219,162,59,83,0.95,7,-1,-1
485,-1,379,108,30,43,0.93,7,-1,-1
485,-1,362,140,17,19,0.89,2,-1,-1
485,-1,323,120,14,14,0.86,2,-1,-1
485,-1,360,118,12,14,0.47,2,-1,-1
485,-1,333,98,9,9,0.13,2,-1,-1
485,-1,321,97,9,10,0.12,2,-1,-1
486,-1,213,166,63,87,0.95,7,-1,-1
486,-1,379,108,28,42,0.93,7,-1,-1
486,-1,362,137,17,18,0.88,2,-1,-1
486,-1,323,122,14,14,0.87,2,-1,-1
486,-1,360,117,14,14,0.54,2,-1,-1
486,-1,333,98,9,9,0.41,2,-1,-1
486,-1,320,98,10,10,0.39,2,-1,-1
487,-1,209,169,64,90,0.96,7,-1,-1
487,-1,379,107,28,43,0.93,7,-1,-1
487,-1,362,136,16,18,0.89,2,-1,-1
487,-1,323,123,14,15,0.87,2,-1,-1
487,-1,360,115,15,15,0.42,2,-1,-1
488,-1,201,173,69,96,0.95,7,-1,-1
488,-1,378,107,27,41,0.91,7,-1,-1
488,-1,361,135,16,17,0.89,2,-1,-1
488,-1,320,123,16,16,0.86,2,-1,-1
488,-1,332,99,10,10,0.51,2,-1,-1
488,-1,319,98,10,11,0.49,2,-1,-1
488,-1,361,114,14,15,0.26,2,-1,-1
489,-1,197,177,71,98,0.95,7,-1,-1
489,-1,378,106,27,41,0.91,7,-1,-1
489,-1,361,134,16,16,0.88,2,-1,-1
489,-1,320,125,15,15,0.86,2,-1,-1
489,-1,360,113,14,15,0.60,2,-1,-1
489,-1,319,100,10,10,0.51,2,-1,-1
489,-1,332,100,10,10,0.41,2,-1,-1
490,-1,188,182,75,105,0.96,7,-1,-1
490,-1,377,105,27,41,0.88,7,-1,-1
490,-1,320,127,16,16,0.87,2,-1,-1
490,-1,361,132,15,15,0.81,2,-1,-1
490,-1,360,110,15,17,0.35,2,-1,-1
490,-1,331,101,10,10,0.22,2,-1,-1
490,-1,317,101,10,10,0.21,2,-1,-1
491,-1,182,185,78,110,0.96,7,-1,-1
491,-1,377,105,27,40,0.90,7,-1,-1
491,-1,318,128,17,16,0.85,2,-1,-1
491,-1,360,130,15,17,0.80,2,-1,-1
491,-1,360,112,15,15,0.29,2,-1,-1
491,-1,331,101,10,10,0.28,2,-1,-1
491,-1,317,101,10,10,0.22,2,-1,-1
492,-1,173,190,83,114,0.96,7,-1,-1
492,-1,377,104,26,40,0.89,7,-1,-1
492,-1,317,130,18,17,0.85,2,-1,-1
492,-1,360,127,15,17,0.78,2,-1,-1
492,-1,317,101,11,11,0.70,2,-1,-1
492,-1,331,102,10,11,0.65,2,-1,-1
492,-1,359,111,14,15,0.58,2,-1,-1
493,-1,165,195,88,123,0.95,7,-1,-1
493,-1,376,103,26,40,0.89,7,-1,-1
493,-1,317,132,17,17,0.86,2,-1,-1
493,-1,360,126,15,17,0.67,2,-1,-1
493,-1,359,111,14,14,0.60,2,-1,-1
493,-1,316,102,11,11,0.55,2,-1,-1
493,-1,330,103,10,10,0.42,2,-1,-1
494,-1,155,201,93,134,0.96,7,-1,-1
494,-1,376,103,26,38,0.89,7,-1,-1
494,-1,317,134,16,17,0.87,2,-1,-1
494,-1,360,124,15,16,0.67,2,-1,-1
494,-1,316,103,11,11,0.65,2,-1,-1
494,-1,330,103,11,11,0.62,2,-1,-1
494,-1,359,110,13,14,0.58,2,-1,-1
495,-1,147,206,99,140,0.95,7,-1,-1
495,-1,376,102,25,38,0.89,7,-1,-1
495,-1,315,135,17,17,0.87,2,-1,-1
495,-1,315,103,11,11,0.70,2,-1,-1
495,-1,360,123,15,16,0.67,2,-1,-1
495,-1,359,110,14,14,0.56,2,-1,-1
495,-1,330,104,10,10,0.50,2,-1,-1
496,-1,133,214,107,152,0.95,7,-1,-1
496,-1,376,101,24,37,0.88,7,-1,-1
496,-1,314,138,18,17,0.88,2,-1,-1
496,-1,329,106,10,10,0.56,2,-1,-1
496,-1,359,117,17,20,0.51,2,-1,-1
496,-1,314,105,10,11,0.46,2,-1,-1
496,-1,359,109,15,15,0.43,2,-1,-1
497,-1,123,221,113,161,0.96,7,-1,-1
497,-1,375,101,24,37,0.91,7,-1,-1
497,-1,312,140,19,18,0.89,2,-1,-1
497,-1,314,106,10,10,0.58,2,-1,-1
497,-1,329,106,10,10,0.53,2,-1,-1
497,-1,359,110,13,14,0.42,2,-1,-1
497,-1,358,112,14,23,0.40,2,-1,-1
498,-1,106,229,123,173,0.96,7,-1,-1
498,-1,375,101,23,36,0.92,7,-1,-1
498,-1,310,142,19,18,0.90,2,-1,-1
498,-1,313,105,11,11,0.81,2,-1,-1
498,-1,329,107,11,11,0.71,2,-1,-1
498,-1,359,109,13,14,0.41,2,-1,-1
498,-1,358,111,14,23,0.36,2,-1,-1
499,-1,94,236,131,185,0.96,7,-1,-1
499,-1,375,100,23,37,0.93,7,-1,-1
499,-1,310,144,19,18,0.89,2,-1,-1
499,-1,313,106,11,11,0.75,2,-1,-1
499,-1,329,107,11,10,0.73,2,-1,-1
499,-1,359,114,14,20,0.37,2,-1,-1
499,-1,359,109,14,17,0.20,2,-1,-1
500,-1,73,249,142,208,0.97,7,-1,-1
500,-1,375,100,23,36,0.91,7,-1,-1
500,-1,309,147,19,19,0.90,2,-1,-1
500,-1,328,109,11,11,0.78,2,-1,-1
500,-1,312,107,11,11,0.75,2,-1,-1
500,-1,359,114,14,19,0.43,2,-1,-1
500,-1,359,108,13,17,0.23,2,-1,-1
501,-1,63,257,148,221,0.95,7,-1,-1
501,-1,375,99,23,36,0.91,7,-1,-1
501,-1,309,149,18,19,0.90,2,-1,-1
501,-1,312,107,11,12,0.80,2,-1,-1
501,-1,328,110,11,11,0.77,2,-1,-1
501,-1,359,112,14,19,0.44,2,-1,-1
502,-1,13,268,188,264,0.95,7,-1,-1
502,-1,307,153,19,19,0.89,2,-1,-1
502,-1,375,100,22,34,0.85,7,-1,-1
502,-1,310,108,12,12,0.79,2,-1,-1
502,-1,327,111,12,11,0.72,2,-1,-1
502,-1,358,111,14,19,0.23,2,-1,-1
503,-1,3,281,191,255,0.96,7,-1,-1
503,-1,305,155,20,20,0.91,2,-1,-1
503,-1,374,100,23,34,0.86,7,-1,-1
503,-1,310,109,11,12,0.73,2,-1,-1
503,-1,327,112,11,11,0.64,2,-1,-1
503,-1,358,111,13,18,0.20,2,-1,-1
504,-1,0,297,184,240,0.96,7,-1,-1
504,-1,302,159,22,20,0.91,2,-1,-1
504,-1,374,99,23,34,0.86,7,-1,-1
504,-1,310,109,12,13,0.80,2,-1,-1
504,-1,327,112,12,12,0.72,2,-1,-1
504,-1,358,110,13,18,0.21,2,-1,-1
505,-1,0,313,175,226,0.97,7,-1,-1
505,-1,302,161,20,20,0.91,2,-1,-1
505,-1,374,98,23,34,0.85,7,-1,-1
505,-1,310,109,12,12,0.79,2,-1,-1
505,-1,327,112,12,12,0.71,2,-1,-1
505,-1,358,109,12,18,0.27,2,-1,-1
506,-1,1,334,160,205,0.96,7,-1,-1
506,-1,300,166,22,22,0.90,2,-1,-1
506,-1,374,98,22,33,0.87,7,-1,-1
506,-1,326,114,12,11,0.48,2,-1,-1
506,-1,358,110,13,18,0.31,2,-1,-1
506,-1,309,112,11,12,0.27,2,-1,-1
507,-1,1,350,148,189,0.96,7,-1,-1
507,-1,298,169,23,22,0.91,2,-1,-1
507,-1,373,97,22,33,0.86,7,-1,-1
507,-1,326,114,11,11,0.43,2,-1,-1
507,-1,309,110,11,13,0.22,2,-1,-1
507,-1,359,109,13,18,0.14,2,-1,-1
508,-1,1,381,129,158,0.96,7,-1,-1
508,-1,296,175,24,23,0.90,2,-1,-1
508,-1,373,97,22,33,0.85,7,-1,-1
508,-1,308,112,12,13,0.74,2,-1,-1
508,-1,326,115,12,12,0.72,2,-1,-1
508,-1,358,108,13,18,0.21,2,-1,-1
509,-1,2,404,113,135,0.94,7,-1,-1
509,-1,293,178,25,24,0.91,2,-1,-1
509,-1,373,96,22,33,0.86,7,-1,-1
509,-1,325,117,12,11,0.75,2,-1,-1
509,-1,306,113,12,13,0.58,2,-1,-1
509,-1,359,107,14,19,0.18,2,-1,-1
510,-1,291,183,25,24,0.92,2,-1,-1
510,-1,1,447,84,92,0.87,7,-1,-1
510,-1,373,96,21,32,0.87,7,-1,-1
510,-1,305,113,14,15,0.81,2,-1,-1
510,-1,324,118,12,12,0.77,2,-1,-1
510,-1,358,106,13,18,0.25,2,-1,-1
511,-1,290,187,25,26,0.93,2,-1,-1
511,-1,373,96,21,32,0.86,7,-1,-1
511,-1,304,114,14,16,0.82,2,-1,-1
511,-1,324,119,13,13,0.81,2,-1,-1
511,-1,358,105,13,18,0.25,2,-1,-1
512,-1,285,193,27,27,0.90,2,-1,-1
512,-1,372,95,21,32,0.87,7,-1,-1
512,-1,323,120,14,13,0.85,2,-1,-1
512,-1,304,114,14,16,0.72,2,-1,-1
512,-1,359,103,14,20,0.23,2,-1,-1
513,-1,284,198,27,28,0.90,2,-1,-1
513,-1,373,95,20,32,0.86,7,-1,-1
513,-1,304,117,13,15,0.83,2,-1,-1
513,-1,322,122,13,14,0.81,2,-1,-1
514,-1,281,206,27,30,0.92,2,-1,-1
514,-1,373,95,20,31,0.85,7,-1,-1
514,-1,321,123,15,14,0.85,2,-1,-1
514,-1,303,118,13,15,0.83,2,-1,-1
514,-1,359,103,14,17,0.36,2,-1,-1
515,-1,277,212,29,30,0.92,2,-1,-1
515,-1,321,123,15,14,0.84,2,-1,-1
515,-1,373,95,19,30,0.83,7,-1,-1
515,-1,302,120,13,14,0.82,2,-1,-1
515,-1,358,102,13,16,0.36,2,-1,-1
515,-1,363,101,13,23,0.16,2,-1,-1
516,-1,270,221,33,32,0.89,2,-1,-1
516,-1,320,124,16,15,0.86,2,-1,-1
516,-1,373,94,19,30,0.83,7,-1,-1
516,-1,301,120,14,16,0.82,2,-1,-1
516,-1,358,101,13,16,0.36,2,-1,-1
516,-1,364,100,13,23,0.16,2,-1,-1
517,-1,267,228,34,35,0.91,2,-1,-1
517,-1,319,125,16,15,0.85,2,-1,-1
517,-1,372,94,19,29,0.84,7,-1,-1
517,-1,300,120,15,16,0.83,2,-1,-1
517,-1,359,101,12,16,0.35,2,-1,-1
517,-1,365,97,19,26,0.19,2,-1,-1
518,-1,260,240,36,37,0.91,2,-1,-1
518,-1,299,122,16,17,0.89,2,-1,-1
518,-1,371,93,20,29,0.84,7,-1,-1
518,-1,319,127,16,16,0.83,2,-1,-1
518,-1,360,99,13,18,0.17,2,-1,-1
519,-1,256,248,40,40,0.93,2,-1,-1
519,-1,298,124,16,15,0.89,2,-1,-1
519,-1,372,93,19,29,0.85,7,-1,-1
519,-1,317,128,16,16,0.83,2,-1,-1
519,-1,358,99,12,15,0.37,2,-1,-1
520,-1,245,263,45,45,0.93,2,-1,-1
520,-1,297,125,16,16,0.87,2,-1,-1
520,-1,372,93,18,28,0.86,7,-1,-1
520,-1,317,130,17,16,0.83,2,-1,-1
520,-1,582,486,56,53,0.71,7,-1,-1
520,-1,358,99,12,15,0.35,2,-1,-1
521,-1,243,273,44,49,0.93,2,-1,-1
521,-1,564,449,72,90,0.89,7,-1,-1
521,-1,372,92,19,28,0.86,7,-1,-1
521,-1,296,126,16,17,0.86,2,-1,-1
521,-1,316,131,17,16,0.86,2,-1,-1
521,-1,358,99,12,15,0.38,2,-1,-1
522,-1,235,294,46,54,0.94,2,-1,-1
522,-1,543,406,93,133,0.93,7,-1,-1
522,-1,294,127,17,19,0.86,2,-1,-1
522,-1,316,133,17,16,0.85,2,-1,-1
522,-1,372,92,18,27,0.83,7,-1,-1
522,-1,359,99,11,15,0.28,2,-1,-1
523,-1,227,310,50,57,0.94,2,-1,-1
523,-1,532,383,104,156,0.93,7,-1,-1
523,-1,294,128,17,19,0.86,2,-1,-1
523,-1,315,135,17,16,0.84,2,-1,-1
523,-1,371,92,18,26,0.82,7,-1,-1
523,-1,358,98,12,16,0.30,2,-1,-1
524,-1,517,356,121,183,0.95,7,-1,-1
524,-1,215,336,54,64,0.94,2,-1,-1
524,-1,314,137,17,17,0.89,2,-1,-1
524,-1,293,130,17,19,0.85,2,-1,-1
524,-1,372,92,18,26,0.83,7,-1,-1
525,-1,507,336,129,203,0.95,7,-1,-1
525,-1,203,357,60,72,0.94,2,-1,-1
525,-1,312,138,19,18,0.87,2,-1,-1
525,-1,291,131,18,19,0.87,2,-1,-1
525,-1,371,92,18,26,0.82,7,-1,-1
525,-1,359,99,11,15,0.11,2,-1,-1
526,-1,497,312,134,218,0.95,7,-1,-1
526,-1,186,395,66,84,0.95,2,-1,-1
526,-1,310,141,20,18,0.89,2,-1,-1
526,-1,290,134,18,19,0.88,2,-1,-1
526,-1,371,91,17,26,0.84,7,-1,-1
526,-1,358,99,11,14,0.17,2,-1,-1
527,-1,172,424,71,96,0.95,2,-1,-1
527,-1,489,302,124,224,0.94,7,-1,-1
527,-1,289,134,19,20,0.89,2,-1,-1
527,-1,310,143,20,18,0.87,2,-1,-1
527,-1,371,91,17,25,0.84,7,-1,-1
528,-1,481,286,112,205,0.95,7,-1,-1
528,-1,151,478,78,61,0.94,2,-1,-1
528,-1,309,146,19,19,0.90,2,-1,-1
528,-1,287,137,19,20,0.88,2,-1,-1
528,-1,371,90,17,26,0.82,7,-1,-1
529,-1,475,276,108,187,0.93,7,-1,-1
529,-1,308,148,20,20,0.91,2,-1,-1
529,-1,286,139,20,20,0.87,2,-1,-1
529,-1,140,524,77,15,0.82,2,-1,-1
529,-1,371,91,17,25,0.80,7,-1,-1
530,-1,467,261,98,169,0.94,7,-1,-1
530,-1,306,152,19,19,0.89,2,-1,-1
530,-1,285,141,19,20,0.86,2,-1,-1
530,-1,370,91,17,24,0.64,7,-1,-1
531,-1,462,253,93,153,0.94,7,-1,-1
531,-1,305,154,20,20,0.90,2,-1,-1
531,-1,285,143,19,20,0.87,2,-1,-1
531,-1,370,90,17,25,0.69,7,-1,-1
532,-1,456,241,86,138,0.95,7,-1,-1
532,-1,303,157,20,21,0.90,2,-1,-1
532,-1,282,145,20,21,0.87,2,-1,-1
532,-1,370,90,17,25,0.68,7,-1,-1
532,-1,358,97,12,13,0.11,2,-1,-1
533,-1,452,234,82,129,0.94,7,-1,-1
533,-1,302,160,21,21,0.91,2,-1,-1
533,-1,281,147,20,21,0.90,2,-1,-1
533,-1,369,89,17,25,0.77,7,-1,-1
534,-1,448,225,77,119,0.94,7,-1,-1
534,-1,300,163,22,23,0.91,2,-1,-1
534,-1,278,149,21,23,0.89,2,-1,-1
534,-1,370,89,16,25,0.80,7,-1,-1
535,-1,444,219,71,114,0.95,7,-1,-1
535,-1,277,152,21,23,0.91,2,-1,-1
535,-1,299,167,22,23,0.89,2,-1,-1
535,-1,370,89,16,25,0.82,7,-1,-1
536,-1,440,211,67,105,0.94,7,-1,-1
536,-1,274,155,22,23,0.91,2,-1,-1
536,-1,296,171,23,24,0.90,2,-1,-1
536,-1,370,89,16,24,0.79,7,-1,-1
536,-1,322,94,9,9,0.18,2,-1,-1
537,-1,438,206,65,98,0.95,7,-1,-1
537,-1,272,158,22,23,0.92,2,-1,-1
537,-1,295,175,23,24,0.89,2,-1,-1
537,-1,370,89,15,24,0.65,7,-1,-1
537,-1,575,498,62,41,0.25,7,-1,-1
537,-1,322,94,9,9,0.13,2,-1,-1
538,-1,433,199,61,91,0.94,7,-1,-1
538,-1,540,447,97,92,0.91,7,-1,-1
538,-1,269,160,23,25,0.91,2,-1,-1
538,-1,292,179,24,25,0.91,2,-1,-1
538,-1,370,89,15,24,0.66,7,-1,-1
538,-1,322,94,9,9,0.41,2,-1,-1
539,-1,431,195,59,88,0.95,7,-1,-1
539,-1,528,418,108,121,0.92,7,-1,-1
539,-1,291,182,24,25,0.92,2,-1,-1
539,-1,268,162,22,25,0.90,2,-1,-1
539,-1,369,88,16,24,0.74,7,-1,-1
539,-1,321,95,9,9,0.52,2,-1,-1
540,-1,511,384,122,155,0.95,7,-1,-1
540,-1,427,190,55,83,0.95,7,-1,-1
540,-1,286,189,27,26,0.91,2,-1,-1
540,-1,265,167,23,27,0.90,2,-1,-1
540,-1,370,88,15,24,0.73,7,-1,-1
540,-1,322,95,9,9,0.64,2,-1,-1
541,-1,503,363,130,176,0.95,7,-1,-1
541,-1,426,186,54,80,0.94,7,-1,-1
541,-1,284,193,28,28,0.91,2,-1,-1
541,-1,263,170,24,26,0.91,2,-1,-1
541,-1,369,87,15,24,0.79,7,-1,-1
541,-1,322,95,9,9,0.64,2,-1,-1
542,-1,491,337,143,202,0.96,7,-1,-1
542,-1,422,181,52,77,0.95,7,-1,-1
542,-1,259,174,24,28,0.93,2,-1,-1
542,-1,280,199,29,31,0.91,2,-1,-1
542,-1,369,87,15,23,0.65,7,-1,-1
542,-1,321,96,9,10,0.58,2,-1,-1
543,-1,483,315,151,220,0.96,7,-1,-1
543,-1,421,178,51,72,0.95,7,-1,-1
543,-1,277,205,30,32,0.92,2,-1,-1
543,-1,256,177,25,27,0.92,2,-1,-1
543,-1,369,87,15,24,0.69,7,-1,-1
543,-1,321,96,9,10,0.58,2,-1,-1
544,-1,474,300,160,235,0.95,7,-1,-1
544,-1,418,174,48,68,0.93,7,-1,-1
544,-1,252,182,28,29,0.90,2,-1,-1
544,-1,273,213,32,34,0.90,2,-1,-1
544,-1,321,96,9,9,0.58,2,-1,-1
544,-1,368,87,15,22,0.56,7,-1,-1
545,-1,468,289,167,249,0.96,7,-1,-1
545,-1,416,171,47,66,0.93,7,-1,-1
545,-1,248,186,28,31,0.92,2,-1,-1
545,-1,269,218,34,36,0.89,2,-1,-1
545,-1,368,87,16,23,0.60,7,-1,-1
545,-1,319,98,10,10,0.51,2,-1,-1
546,-1,459,274,162,257,0.96,7,-1,-1
546,-1,242,191,30,32,0.94,2,-1,-1
546,-1,414,167,45,64,0.93,7,-1,-1
546,-1,261,230,38,40,0.92,2,-1,-1
546,-1,368,87,15,22,0.57,7,-1,-1
546,-1,319,98,10,10,0.51,2,-1,-1
547,-1,454,265,149,257,0.95,7,-1,-1
547,-1,412,164,44,62,0.94,7,-1,-1
547,-1,239,194,30,34,0.92,2,-1,-1
547,-1,256,236,41,43,0.90,2,-1,-1
547,-1,318,98,10,10,0.57,2,-1,-1
547,-1,368,86,15,22,0.46,7,-1,-1
547,-1,413,351,110,184,0.11,7,-1,-1
548,-1,448,251,135,237,0.95,7,-1,-1
548,-1,411,161,42,59,0.93,7,-1,-1
548,-1,232,201,32,36,0.91,2,-1,-1
548,-1,252,249,42,46,0.91,2,-1,-1
548,-1,367,85,16,23,0.60,7,-1,-1
549,-1,444,244,125,214,0.95,7,-1,-1
549,-1,409,158,41,58,0.95,7,-1,-1
549,-1,245,256,44,52,0.92,2,-1,-1
549,-1,228,205,33,38,0.92,2,-1,-1
549,-1,366,84,16,23,0.73,7,-1,-1
550,-1,439,232,115,199,0.95,7,-1,-1
550,-1,236,275,48,55,0.93,2,-1,-1
550,-1,407,155,40,55,0.93,7,-1,-1
550,-1,220,214,35,39,0.92,2,-1,-1
550,-1,366,85,15,23,0.73,7,-1,-1
550,-1,315,100,11,11,0.46,2,-1,-1
551,-1,435,227,109,183,0.95,7,-1,-1
551,-1,406,153,40,54,0.94,7,-1,-1
551,-1,231,288,49,58,0.93,2,-1,-1
551,-1,216,219,36,41,0.92,2,-1,-1
551,-1,366,84,16,23,0.75,7,-1,-1
551,-1,315,101,11,11,0.35,2,-1,-1
552,-1,431,218,100,162,0.95,7,-1,-1
552,-1,221,312,52,65,0.94,2,-1,-1
552,-1,207,228,38,45,0.93,2,-1,-1
552,-1,404,150,39,52,0.93,7,-1,-1
552,-1,366,84,15,22,0.79,7,-1,-1
552,-1,315,102,11,11,0.46,2,-1,-1
553,-1,427,214,96,151,0.95,7,-1,-1
553,-1,204,329,64,70,0.93,2,-1,-1
553,-1,403,147,37,52,0.93,7,-1,-1
553,-1,199,234,42,48,0.93,2,-1,-1
553,-1,366,84,15,22,0.70,7,-1,-1
553,-1,315,102,11,11,0.64,2,-1,-1
554,-1,423,206,90,137,0.95,7,-1,-1
554,-1,402,145,36,51,0.94,7,-1,-1
554,-1,191,245,43,52,0.93,2,-1,-1
554,-1,182,359,76,87,0.92,2,-1,-1
554,-1,366,84,16,22,0.69,7,-1,-1
554,-1,314,103,11,11,0.42,2,-1,-1
555,-1,183,254,46,55,0.94,2,-1,-1
555,-1,422,201,85,131,0.94,7,-1,-1
555,-1,180,384,71,85,0.94,2,-1,-1
555,-1,400,143,36,49,0.93,7,-1,-1
555,-1,366,84,16,23,0.69,7,-1,-1
555,-1,314,103,11,11,0.31,2,-1,-1
556,-1,418,195,80,118,0.94,7,-1,-1
556,-1,170,268,49,61,0.94,2,-1,-1
556,-1,154,429,83,98,0.93,2,-1,-1
556,-1,398,140,35,49,0.92,7,-1,-1
556,-1,313,104,12,12,0.80,2,-1,-1
556,-1,365,83,16,22,0.59,7,-1,-1
557,-1,416,192,77,110,0.95,7,-1,-1
557,-1,160,279,53,65,0.95,2,-1,-1
557,-1,142,467,83,72,0.93,2,-1,-1
557,-1,398,138,34,48,0.92,7,-1,-1
557,-1,313,104,12,12,0.80,2,-1,-1
557,-1,365,83,16,21,0.56,7,-1,-1
558,-1,412,185,73,105,0.95,7,-1,-1
558,-1,145,298,56,71,0.94,2,-1,-1
558,-1,396,136,34,48,0.93,7,-1,-1
558,-1,365,83,16,21,0.61,7,-1,-1
558,-1,312,106,12,12,0.58,2,-1,-1
559,-1,411,183,70,100,0.95,7,-1,-1
559,-1,132,312,60,75,0.94,2,-1,-1
559,-1,395,135,33,47,0.92,7,-1,-1
559,-1,311,106,13,12,0.82,2,-1,-1
559,-1,365,83,15,21,0.47,7,-1,-1
560,-1,409,179,65,94,0.96,7,-1,-1
560,-1,111,336,66,87,0.95,2,-1,-1
560,-1,395,133,32,45,0.94,7,-1,-1
560,-1,364,82,15,20,0.64,7,-1,-1
560,-1,310,108,12,12,0.56,2,-1,-1
561,-1,407,177,64,90,0.96,7,-1,-1
561,-1,97,353,69,95,0.95,2,-1,-1
561,-1,393,131,32,44,0.94,7,-1,-1
561,-1,364,82,15,20,0.69,7,-1,-1
561,-1,310,108,12,13,0.61,2,-1,-1
562,-1,406,173,59,84,0.95,7,-1,-1
562,-1,71,386,76,106,0.95,2,-1,-1
562,-1,392,130,30,43,0.92,7,-1,-1
562,-1,309,109,12,13,0.84,2,-1,-1
562,-1,363,82,15,21,0.71,7,-1,-1
563,-1,404,171,58,81,0.95,7,-1,-1
563,-1,50,412,84,116,0.94,2,-1,-1
563,-1,392,129,30,41,0.91,7,-1,-1
563,-1,308,110,12,13,0.82,2,-1,-1
563,-1,363,81,16,21,0.73,7,-1,-1
564,-1,403,167,54,77,0.96,7,-1,-1
564,-1,390,128,29,41,0.93,7,-1,-1
564,-1,7,456,100,83,0.93,2,-1,-1
564,-1,308,110,12,13,0.82,2,-1,-1
564,-1,363,81,15,21,0.71,7,-1,-1
565,-1,401,163,53,76,0.95,7,-1,-1
565,-1,390,127,29,39,0.94,7,-1,-1
565,-1,3,494,82,45,0.92,2,-1,-1
565,-1,307,111,13,13,0.85,2,-1,-1
565,-1,363,81,15,21,0.70,7,-1,-1
566,-1,399,160,51,74,0.95,7,-1,-1
566,-1,389,126,28,39,0.93,7,-1,-1
566,-1,363,81,15,20,0.62,7,-1,-1
566,-1,306,112,13,13,0.51,2,-1,-1
567,-1,398,158,50,70,0.94,7,-1,-1
567,-1,388,125,28,37,0.92,7,-1,-1
567,-1,306,113,14,14,0.86,2,-1,-1
567,-1,363,81,15,20,0.56,7,-1,-1
568,-1,396,155,48,67,0.93,7,-1,-1
568,-1,387,124,27,36,0.92,7,-1,-1
568,-1,304,114,14,14,0.87,2,-1,-1
568,-1,363,81,14,20,0.44,7,-1,-1
569,-1,395,153,47,65,0.93,7,-1,-1
569,-1,387,124,26,35,0.92,7,-1,-1
569,-1,304,116,13,13,0.87,2,-1,-1
569,-1,362,81,14,19,0.31,7,-1,-1
570,-1,394,149,45,63,0.93,7,-1,-1
570,-1,385,122,26,33,0.90,7,-1,-1
570,-1,304,116,13,14,0.88,2,-1,-1
570,-1,362,81,14,19,0.15,7,-1,-1
571,-1,394,147,44,61,0.95,7,-1,-1
571,-1,386,121,26,33,0.92,7,-1,-1
571,-1,303,116,14,15,0.88,2,-1,-1
571,-1,362,80,14,19,0.16,7,-1,-1
572,-1,385,119,25,33,0.94,7,-1,-1
572,-1,392,145,42,59,0.93,7,-1,-1
572,-1,301,119,14,16,0.86,2,-1,-1
573,-1,392,143,41,58,0.94,7,-1,-1
573,-1,384,119,25,32,0.93,7,-1,-1
573,-1,301,120,15,15,0.86,2,-1,-1
574,-1,390,140,40,57,0.94,7,-1,-1
574,-1,384,117,25,31,0.92,7,-1,-1
574,-1,300,120,15,16,0.86,2,-1,-1
575,-1,387,136,38,54,0.95,7,-1,-1
575,-1,298,123,16,16,0.91,2,-1,-1
575,-1,384,115,24,30,0.91,7,-1,-1
576,-1,387,136,38,54,0.95,7,-1,-1
576,-1,298,123,16,16,0.91,2,-1,-1
576,-1,384,115,24,30,0.91,7,-1,-1
577,-1,387,135,38,53,0.95,7,-1,-1
577,-1,297,123,17,17,0.91,2,-1,-1
577,-1,383,115,24,30,0.89,7,-1,-1
578,-1,386,133,36,50,0.94,7,-1,-1
578,-1,296,126,16,15,0.89,2,-1,-1
578,-1,383,113,23,29,0.87,7,-1,-1
579,-1,385,132,35,49,0.96,7,-1,-1
579,-1,295,127,17,16,0.89,2,-1,-1
579,-1,382,113,22,28,0.86,7,-1,-1
580,-1,384,130,34,49,0.94,7,-1,-1
580,-1,293,128,17,17,0.89,2,-1,-1
580,-1,382,111,22,28,0.86,7,-1,-1
581,-1,383,129,34,47,0.94,7,-1,-1
581,-1,292,130,17,17,0.88,2,-1,-1
581,-1,382,110,21,28,0.87,7,-1,-1
582,-1,382,127,33,47,0.93,7,-1,-1
582,-1,291,131,18,17,0.91,2,-1,-1
582,-1,381,109,20,27,0.88,7,-1,-1
583,-1,382,126,32,46,0.93,7,-1,-1
583,-1,290,133,18,18,0.91,2,-1,-1
583,-1,381,109,20,25,0.87,7,-1,-1
584,-1,380,124,32,45,0.94,7,-1,-1
584,-1,288,134,18,19,0.91,2,-1,-1
584,-1,381,108,20,23,0.72,7,-1,-1
585,-1,380,123,31,45,0.93,7,-1,-1
585,-1,286,135,20,20,0.91,2,-1,-1
585,-1,381,107,19,22,0.42,7,-1,-1
586,-1,379,122,30,43,0.93,7,-1,-1
586,-1,285,137,20,20,0.89,2,-1,-1
586,-1,381,107,19,22,0.13,7,-1,-1
586,-1,369,120,14,13,0.13,2,-1,-1
587,-1,379,121,29,42,0.92,7,-1,-1
587,-1,284,139,20,20,0.90,2,-1,-1
587,-1,364,139,19,24,0.27,2,-1,-1
587,-1,380,106,18,21,0.17,2,-1,-1
588,-1,378,119,29,41,0.90,7,-1,-1
588,-1,282,142,20,20,0.89,2,-1,-1
588,-1,364,137,18,23,0.12,2,-1,-1
588,-1,368,118,13,13,0.11,2,-1,-1
589,-1,378,118,28,40,0.89,7,-1,-1
589,-1,281,143,19,21,0.88,2,-1,-1
589,-1,363,137,17,21,0.39,2,-1,-1
590,-1,279,146,21,21,0.91,2,-1,-1
590,-1,377,115,28,41,0.90,7,-1,-1
590,-1,363,131,17,23,0.11,2,-1,-1
591,-1,376,116,27,39,0.91,7,-1,-1
591,-1,277,149,20,21,0.89,2,-1,-1
591,-1,379,104,18,19,0.15,2,-1,-1
591,-1,362,131,17,21,0.13,2,-1,-1
592,-1,376,115,26,39,0.92,7,-1,-1
592,-1,275,151,21,22,0.90,2,-1,-1
592,-1,362,130,17,21,0.27,2,-1,-1
592,-1,379,103,18,18,0.23,2,-1,-1
593,-1,376,114,26,39,0.92,7,-1,-1
593,-1,273,154,21,22,0.91,2,-1,-1
593,-1,379,103,17,16,0.30,2,-1,-1
593,-1,362,129,17,21,0.28,2,-1,-1
594,-1,374,112,27,38,0.92,7,-1,-1
594,-1,271,158,22,22,0.90,2,-1,-1
594,-1,361,126,17,22,0.10,2,-1,-1
595,-1,374,110,26,38,0.92,7,-1,-1
595,-1,268,160,23,24,0.92,2,-1,-1
595,-1,361,126,16,20,0.22,2,-1,-1
596,-1,373,106,27,41,0.93,7,-1,-1
596,-1,265,163,23,24,0.91,2,-1,-1
596,-1,361,124,16,20,0.25,2,-1,-1
597,-1,372,106,26,40,0.91,7,-1,-1
597,-1,264,164,24,26,0.91,2,-1,-1
597,-1,361,124,16,19,0.18,2,-1,-1
598,-1,372,103,25,41,0.91,7,-1,-1
598,-1,260,169,25,26,0.90,2,-1,-1
598,-1,361,125,15,18,0.24,2,-1,-1
599,-1,257,173,24,27,0.93,2,-1,-1
599,-1,371,104,25,39,0.84,7,-1,-1
599,-1,360,123,15,18,0.36,2,-1,-1
600,-1,254,177,25,27,0.91,2,-1,-1
600,-1,371,104,24,37,0.81,7,-1,-1
600,-1,360,123,14,17,0.14,2,-1,-1
601,-1,251,180,26,28,0.92,2,-1,-1
601,-1,370,105,24,35,0.71,7,-1,-1
601,-1,360,121,14,18,0.11,2,-1,-1
602,-1,246,185,28,29,0.91,2,-1,-1
602,-1,370,105,23,33,0.81,2,-1,-1
603,-1,242,191,28,30,0.90,2,-1,-1
603,-1,369,105,24,32,0.84,2,-1,-1
604,-1,238,194,31,32,0.92,2,-1,-1
604,-1,368,104,24,32,0.87,2,-1,-1
605,-1,233,198,31,34,0.92,2,-1,-1
605,-1,368,104,23,32,0.86,2,-1,-1
606,-1,227,206,31,36,0.92,2,-1,-1
606,-1,367,103,22,31,0.87,2,-1,-1
607,-1,220,213,35,39,0.93,2,-1,-1
607,-1,367,102,21,30,0.83,2,-1,-1
608,-1,215,220,35,40,0.93,2,-1,-1
608,-1,367,102,21,30,0.84,2,-1,-1
609,-1,210,225,37,42,0.93,2,-1,-1
609,-1,367,102,21,30,0.86,2,-1,-1
610,-1,200,235,40,47,0.94,2,-1,-1
610,-1,366,102,22,28,0.88,2,-1,-1
611,-1,194,243,40,49,0.93,2,-1,-1
611,-1,366,101,21,29,0.89,2,-1,-1
612,-1,183,255,42,55,0.93,2,-1,-1
612,-1,365,101,21,28,0.90,2,-1,-1
613,-1,173,264,47,59,0.94,2,-1,-1
613,-1,366,99,20,28,0.88,2,-1,-1
614,-1,161,280,50,65,0.94,2,-1,-1
614,-1,365,98,20,28,0.88,2,-1,-1
615,-1,144,299,53,72,0.95,2,-1,-1
615,-1,366,98,19,26,0.86,2,-1,-1
616,-1,130,313,60,79,0.93,2,-1,-1
616,-1,366,98,18,26,0.87,2,-1,-1
617,-1,115,330,66,85,0.94,2,-1,-1
617,-1,366,98,18,26,0.87,2,-1,-1
618,-1,88,359,75,96,0.95,2,-1,-1
618,-1,365,97,18,25,0.86,2,-1,-1
619,-1,58,393,87,114,0.94,2,-1,-1
619,-1,365,96,18,25,0.87,2,-1,-1
620,-1,37,420,93,115,0.95,2,-1,-1
620,-1,365,95,18,25,0.88,2,-1,-1
621,-1,11,452,101,87,0.93,2,-1,-1
621,-1,364,95,18,25,0.87,2,-1,-1
622,-1,364,95,18,25,0.87,2,-1,-1
623,-1,364,95,18,24,0.87,2,-1,-1
624,-1,364,94,17,24,0.86,2,-1,-1
625,-1,364,94,17,24,0.86,2,-1,-1
626,-1,364,93,17,24,0.86,2,-1,-1
627,-1,364,93,17,23,0.84,2,-1,-1
628,-1,364,93,16,22,0.86,2,-1,-1
629,-1,363,92,17,23,0.83,2,-1,-1
630,-1,363,91,16,23,0.75,2,-1,-1
631,-1,363,91,16,23,0.74,2,-1,-1
632,-1,363,90,16,23,0.78,2,-1,-1
633,-1,363,89,16,23,0.61,2,-1,-1
634,-1,363,89,16,23,0.74,2,-1,-1
635,-1,363,88,16,23,0.73,2,-1,-1
636,-1,363,87,16,23,0.53,2,-1,-1
637,-1,363,87,16,23,0.54,2,-1,-1
638,-1,362,87,16,22,0.61,2,-1,-1
639,-1,362,87,15,22,0.42,2,-1,-1
640,-1,362,87,15,21,0.60,2,-1,-1
641,-1,362,86,15,22,0.64,2,-1,-1
642,-1,362,86,15,21,0.58,2,-1,-1
643,-1,362,86,15,21,0.64,2,-1,-1
644,-1,362,86,14,19,0.78,2,-1,-1
645,-1,362,86,14,19,0.75,2,-1,-1
646,-1,362,86,14,19,0.71,2,-1,-1
647,-1,362,86,14,19,0.68,2,-1,-1
648,-1,362,85,14,19,0.54,2,-1,-1
649,-1,361,85,14,19,0.41,2,-1,-1
650,-1,361,85,14,19,0.53,2,-1,-1
651,-1,361,85,14,18,0.68,2,-1,-1
652,-1,361,85,14,18,0.76,2,-1,-1
653,-1,361,85,14,18,0.77,2,-1,-1
654,-1,361,84,13,18,0.64,2,-1,-1
655,-1,361,83,13,18,0.66,2,-1,-1
656,-1,361,83,13,18,0.68,2,-1,-1
657,-1,361,83,13,17,0.69,2,-1,-1
658,-1,361,83,12,17,0.66,2,-1,-1
659,-1,361,83,12,17,0.66,2,-1,-1
660,-1,361,83,12,17,0.46,2,-1,-1
661,-1,361,82,12,16,0.26,2,-1,-1
662,-1,361,82,12,16,0.24,2,-1,-1
663,-1,361,83,11,15,0.20,2,-1,-1
664,-1,361,83,11,15,0.21,2,-1,-1
665,-1,361,83,11,15,0.21,2,-1,-1
666,-1,361,82,11,15,0.21,2,-1,-1
667,-1,361,82,11,15,0.19,2,-1,-1
668,-1,361,82,11,15,0.12,2,-1,-1
672,-1,359,81,12,15,0.18,2,-1,-1
673,-1,359,80,11,15,0.29,2,-1,-1
674,-1,333,95,9,9,0.54,2,-1,-1
674,-1,359,80,11,14,0.15,2,-1,-1
675,-1,333,96,9,9,0.20,2,-1,-1
675,-1,359,80,11,14,0.18,2,-1,-1
676,-1,333,96,9,9,0.20,2,-1,-1
676,-1,359,80,11,14,0.12,2,-1,-1
677,-1,333,97,10,9,0.40,2,-1,-1
678,-1,359,80,11,13,0.12,2,-1,-1
679,-1,331,98,11,10,0.73,2,-1,-1
680,-1,331,98,11,11,0.73,2,-1,-1
681,-1,330,100,11,11,0.56,2,-1,-1
682,-1,330,100,11,11,0.56,2,-1,-1
683,-1,330,100,11,11,0.54,2,-1,-1
686,-1,329,103,11,11,0.74,2,-1,-1
687,-1,328,104,11,11,0.51,2,-1,-1
688,-1,327,105,12,12,0.81,2,-1,-1
689,-1,327,105,12,12,0.81,2,-1,-1
690,-1,327,106,12,12,0.81,2,-1,-1
692,-1,326,107,13,12,0.82,2,-1,-1
693,-1,326,108,13,12,0.83,2,-1,-1
694,-1,326,110,12,12,0.83,2,-1,-1
695,-1,326,111,12,12,0.82,2,-1,-1
696,-1,324,113,12,13,0.72,2,-1,-1
697,-1,324,113,13,12,0.81,2,-1,-1
698,-1,324,114,13,13,0.83,2,-1,-1
699,-1,324,116,12,13,0.69,2,-1,-1
700,-1,323,117,13,13,0.85,2,-1,-1
701,-1,322,117,14,13,0.86,2,-1,-1
702,-1,322,119,15,14,0.83,2,-1,-1
702,-1,321,93,10,10,0.11,2,-1,-1
703,-1,321,121,15,14,0.85,2,-1,-1
704,-1,321,121,16,14,0.86,2,-1,-1
704,-1,320,95,10,11,0.30,2,-1,-1
705,-1,320,122,16,15,0.87,2,-1,-1
705,-1,320,95,10,10,0.28,2,-1,-1
706,-1,319,124,16,14,0.86,2,-1,-1
706,-1,320,95,10,11,0.44,2,-1,-1
707,-1,319,126,16,14,0.86,2,-1,-1
707,-1,320,95,10,11,0.45,2,-1,-1
708,-1,318,127,17,15,0.84,2,-1,-1
708,-1,320,96,10,11,0.67,2,-1,-1
709,-1,317,129,17,15,0.84,2,-1,-1
709,-1,318,97,10,11,0.42,2,-1,-1
710,-1,317,132,16,15,0.89,2,-1,-1
710,-1,318,97,11,11,0.36,2,-1,-1
711,-1,315,133,17,15,0.88,2,-1,-1
711,-1,318,98,11,11,0.55,2,-1,-1
712,-1,313,133,19,16,0.87,2,-1,-1
712,-1,317,99,11,12,0.37,2,-1,-1
713,-1,313,136,18,16,0.90,2,-1,-1
713,-1,316,100,11,12,0.69,2,-1,-1
714,-1,310,139,19,17,0.90,2,-1,-1
714,-1,316,100,11,12,0.69,2,-1,-1
715,-1,310,142,19,17,0.90,2,-1,-1
715,-1,316,101,11,12,0.64,2,-1,-1
716,-1,309,143,19,18,0.89,2,-1,-1
716,-1,315,102,11,12,0.81,2,-1,-1
717,-1,308,146,19,18,0.90,2,-1,-1
717,-1,315,102,11,12,0.81,2,-1,-1
718,-1,306,149,20,18,0.90,2,-1,-1
718,-1,315,102,11,12,0.80,2,-1,-1
719,-1,305,152,20,18,0.88,2,-1,-1
719,-1,314,103,11,12,0.72,2,-1,-1
720,-1,304,155,20,18,0.90,2,-1,-1
720,-1,313,104,12,11,0.82,2,-1,-1
721,-1,302,159,20,19,0.90,2,-1,-1
721,-1,313,105,11,12,0.80,2,-1,-1
722,-1,299,162,22,19,0.92,2,-1,-1
722,-1,312,105,12,13,0.83,2,-1,-1
723,-1,298,164,22,20,0.90,2,-1,-1
723,-1,312,106,12,13,0.83,2,-1,-1
724,-1,296,170,21,20,0.90,2,-1,-1
725,-1,295,172,22,21,0.89,2,-1,-1
726,-1,292,177,23,22,0.91,2,-1,-1
726,-1,310,110,12,13,0.84,2,-1,-1
727,-1,290,182,23,22,0.92,2,-1,-1
728,-1,285,187,26,24,0.90,2,-1,-1
729,-1,282,191,28,25,0.89,2,-1,-1
729,-1,308,113,13,12,0.83,2,-1,-1
730,-1,278,196,29,29,0.91,2,-1,-1
730,-1,307,114,13,13,0.13,2,-1,-1
731,-1,276,202,30,30,0.91,2,-1,-1
732,-1,271,211,32,31,0.91,2,-1,-1
732,-1,305,116,14,14,0.85,2,-1,-1
733,-1,267,216,33,33,0.89,2,-1,-1
733,-1,305,117,13,13,0.79,2,-1,-1
734,-1,260,228,37,35,0.91,2,-1,-1
734,-1,304,118,13,14,0.79,2,-1,-1
734,-1,330,101,10,10,0.31,2,-1,-1
735,-1,256,236,39,37,0.92,2,-1,-1
735,-1,304,118,14,15,0.87,2,-1,-1
735,-1,330,102,10,10,0.39,2,-1,-1
736,-1,247,250,42,40,0.93,2,-1,-1
736,-1,302,120,15,14,0.87,2,-1,-1
737,-1,241,260,46,44,0.93,2,-1,-1
737,-1,301,121,16,15,0.86,2,-1,-1
738,-1,230,276,50,51,0.93,2,-1,-1
738,-1,300,123,15,15,0.89,2,-1,-1
738,-1,329,105,11,11,0.62,2,-1,-1
739,-1,225,291,52,53,0.93,2,-1,-1
739,-1,300,123,16,15,0.88,2,-1,-1
739,-1,329,105,12,11,0.64,2,-1,-1
740,-1,211,315,58,58,0.93,2,-1,-1
740,-1,297,126,16,15,0.87,2,-1,-1
740,-1,328,106,12,12,0.77,2,-1,-1
741,-1,203,332,60,64,0.94,2,-1,-1
741,-1,296,127,17,15,0.86,2,-1,-1
741,-1,328,106,12,12,0.76,2,-1,-1
742,-1,183,366,68,76,0.94,2,-1,-1
742,-1,295,129,17,17,0.88,2,-1,-1
742,-1,328,107,12,12,0.73,2,-1,-1
743,-1,166,394,75,84,0.92,2,-1,-1
743,-1,294,131,17,16,0.88,2,-1,-1
744,-1,147,439,80,95,0.95,2,-1,-1
744,-1,293,133,17,16,0.89,2,-1,-1
744,-1,326,110,12,12,0.83,2,-1,-1
745,-1,129,479,87,60,0.92,2,-1,-1
745,-1,292,134,17,16,0.89,2,-1,-1
745,-1,326,111,12,12,0.79,2,-1,-1
746,-1,290,137,18,17,0.90,2,-1,-1
746,-1,325,112,13,12,0.81,2,-1,-1
747,-1,289,138,19,17,0.90,2,-1,-1
747,-1,324,112,13,13,0.82,2,-1,-1
748,-1,287,140,19,17,0.89,2,-1,-1
748,-1,324,115,13,13,0.77,2,-1,-1
749,-1,286,142,20,18,0.90,2,-1,-1
749,-1,323,115,15,14,0.85,2,-1,-1
750,-1,283,145,20,18,0.88,2,-1,-1
750,-1,323,117,15,13,0.86,2,-1,-1
751,-1,282,147,20,19,0.89,2,-1,-1
752,-1,279,151,20,18,0.89,2,-1,-1
752,-1,323,120,13,13,0.78,2,-1,-1
753,-1,278,152,21,19,0.90,2,-1,-1
753,-1,322,121,15,14,0.85,2,-1,-1
754,-1,276,155,21,20,0.89,2,-1,-1
754,-1,321,123,14,14,0.86,2,-1,-1
755,-1,274,158,22,20,0.89,2,-1,-1
755,-1,320,123,16,14,0.87,2,-1,-1
756,-1,271,162,23,21,0.90,2,-1,-1
756,-1,319,125,16,14,0.88,2,-1,-1
756,-1,324,79,11,15,0.17,2,-1,-1
757,-1,268,165,23,22,0.90,2,-1,-1
757,-1,319,126,16,15,0.85,2,-1,-1
757,-1,324,79,11,15,0.14,2,-1,-1
758,-1,264,170,24,22,0.91,2,-1,-1
758,-1,317,129,16,14,0.83,2,-1,-1
758,-1,324,79,12,15,0.27,2,-1,-1
759,-1,262,173,24,22,0.90,2,-1,-1
759,-1,316,130,17,15,0.84,2,-1,-1
759,-1,324,79,12,15,0.26,2,-1,-1
760,-1,257,179,26,22,0.89,2,-1,-1
760,-1,316,132,17,16,0.88,2,-1,-1
760,-1,324,80,11,15,0.48,2,-1,-1
761,-1,255,183,25,22,0.90,2,-1,-1
761,-1,316,133,17,15,0.89,2,-1,-1
761,-1,324,80,11,15,0.45,2,-1,-1
762,-1,251,188,25,24,0.91,2,-1,-1
762,-1,314,136,18,16,0.89,2,-1,-1
762,-1,324,80,11,15,0.39,2,-1,-1
763,-1,246,195,26,25,0.91,2,-1,-1
763,-1,312,138,19,17,0.90,2,-1,-1
763,-1,323,81,11,15,0.39,2,-1,-1
764,-1,240,199,29,28,0.90,2,-1,-1
764,-1,310,140,20,17,0.90,2,-1,-1
764,-1,323,81,11,15,0.39,2,-1,-1
765,-1,236,203,30,29,0.90,2,-1,-1
765,-1,309,142,20,18,0.90,2,-1,-1
765,-1,323,81,11,15,0.58,2,-1,-1
766,-1,229,212,29,30,0.92,2,-1,-1
766,-1,308,145,19,18,0.86,2,-1,-1
766,-1,323,81,11,15,0.40,2,-1,-1
767,-1,224,221,33,29,0.92,2,-1,-1
767,-1,308,147,19,19,0.90,2,-1,-1
767,-1,322,82,12,15,0.49,2,-1,-1
768,-1,215,227,35,36,0.92,2,-1,-1
768,-1,307,150,19,20,0.90,2,-1,-1
768,-1,322,82,11,15,0.32,2,-1,-1
769,-1,208,237,38,35,0.91,2,-1,-1
769,-1,306,155,20,18,0.88,2,-1,-1
769,-1,322,82,12,16,0.59,2,-1,-1
770,-1,198,248,42,41,0.92,2,-1,-1
770,-1,304,157,20,19,0.91,2,-1,-1
770,-1,321,82,12,16,0.36,2,-1,-1
771,-1,189,257,44,45,0.92,2,-1,-1
771,-1,302,160,21,20,0.91,2,-1,-1
771,-1,321,83,12,16,0.26,2,-1,-1
772,-1,176,272,45,50,0.92,2,-1,-1
772,-1,301,165,20,21,0.89,2,-1,-1
772,-1,321,83,12,16,0.28,2,-1,-1
773,-1,166,287,47,53,0.93,2,-1,-1
773,-1,299,168,22,21,0.90,2,-1,-1
773,-1,322,83,12,16,0.39,2,-1,-1
774,-1,150,311,55,58,0.93,2,-1,-1
774,-1,296,174,23,21,0.90,2,-1,-1
774,-1,321,83,13,16,0.56,2,-1,-1
775,-1,128,338,58,67,0.94,2,-1,-1
775,-1,295,178,22,23,0.90,2,-1,-1
775,-1,320,84,13,16,0.71,2,-1,-1
776,-1,111,359,67,73,0.95,2,-1,-1
776,-1,293,182,23,24,0.90,2,-1,-1
776,-1,320,84,13,16,0.69,2,-1,-1
777,-1,92,382,73,82,0.95,2,-1,-1
777,-1,292,187,23,24,0.92,2,-1,-1
777,-1,320,84,13,16,0.78,2,-1,-1
778,-1,59,424,82,98,0.95,2,-1,-1
778,-1,285,193,28,27,0.90,2,-1,-1
778,-1,320,84,13,17,0.80,2,-1,-1
779,-1,29,460,94,79,0.94,2,-1,-1
779,-1,283,198,27,28,0.91,2,-1,-1
779,-1,320,85,13,17,0.78,2,-1,-1
780,-1,278,206,30,30,0.92,2,-1,-1
780,-1,319,85,13,18,0.77,2,-1,-1
781,-1,277,212,29,30,0.93,2,-1,-1
781,-1,319,85,13,17,0.81,2,-1,-1
782,-1,272,222,33,32,0.91,2,-1,-1
782,-1,318,86,14,18,0.80,2,-1,-1
783,-1,267,229,35,34,0.92,2,-1,-1
783,-1,317,86,15,18,0.81,2,-1,-1
784,-1,260,241,38,37,0.92,2,-1,-1
784,-1,317,86,15,18,0.84,2,-1,-1
785,-1,256,251,40,40,0.94,2,-1,-1
785,-1,317,86,15,19,0.83,2,-1,-1
786,-1,247,266,44,44,0.94,2,-1,-1
786,-1,317,87,14,19,0.82,2,-1,-1
787,-1,243,278,45,47,0.93,2,-1,-1
787,-1,317,88,14,19,0.80,2,-1,-1
788,-1,234,299,49,53,0.94,2,-1,-1
788,-1,316,88,15,19,0.84,2,-1,-1
789,-1,228,316,50,56,0.94,2,-1,-1
789,-1,316,88,15,19,0.84,2,-1,-1
790,-1,214,344,56,66,0.95,2,-1,-1
790,-1,316,89,15,19,0.84,2,-1,-1
791,-1,203,367,61,74,0.95,2,-1,-1
791,-1,316,89,15,19,0.83,2,-1,-1
792,-1,184,407,69,88,0.94,2,-1,-1
792,-1,316,89,15,20,0.85,2,-1,-1
793,-1,168,439,76,96,0.95,2,-1,-1
793,-1,315,90,16,19,0.87,2,-1,-1
794,-1,153,499,75,40,0.94,2,-1,-1
794,-1,314,90,16,19,0.87,2,-1,-1
795,-1,314,91,17,19,0.87,2,-1,-1
796,-1,313,91,17,20,0.87,2,-1,-1
797,-1,313,92,17,20,0.88,2,-1,-1
798,-1,312,92,18,21,0.90,2,-1,-1
799,-1,311,92,18,21,0.90,2,-1,-1
800,-1,310,93,19,22,0.90,2,-1,-1
801,-1,310,93,19,22,0.90,2,-1,-1
802,-1,310,94,19,22,0.89,2,-1,-1
803,-1,310,94,19,23,0.90,2,-1,-1
804,-1,310,94,19,23,0.90,2,-1,-1
805,-1,309,94,20,24,0.90,2,-1,-1
806,-1,308,95,19,24,0.90,2,-1,-1
807,-1,307,95,21,25,0.90,2,-1,-1
808,-1,307,95,21,25,0.90,2,-1,-1
809,-1,306,97,21,25,0.90,2,-1,-1
810,-1,306,97,21,25,0.90,2,-1,-1
811,-1,305,97,22,26,0.89,2,-1,-1
812,-1,304,98,22,26,0.91,2,-1,-1
813,-1,305,99,21,25,0.89,2,-1,-1
814,-1,303,100,23,26,0.91,2,-1,-1
815,-1,302,101,23,25,0.91,2,-1,-1
815,-1,570,496,68,43,0.11,7,-1,-1
816,-1,302,101,23,26,0.90,2,-1,-1
816,-1,548,450,88,89,0.87,7,-1,-1
817,-1,537,423,99,116,0.95,7,-1,-1
817,-1,301,101,24,28,0.89,2,-1,-1
818,-1,521,389,113,150,0.95,7,-1,-1
818,-1,300,105,23,26,0.86,2,-1,-1
819,-1,508,361,126,178,0.96,7,-1,-1
819,-1,299,103,24,28,0.84,2,-1,-1
820,-1,500,341,133,198,0.96,7,-1,-1
820,-1,299,104,24,29,0.68,2,-1,-1
821,-1,493,325,141,214,0.96,7,-1,-1
821,-1,298,106,24,28,0.87,2,-1,-1
822,-1,483,310,151,228,0.96,7,-1,-1
822,-1,298,106,24,28,0.83,2,-1,-1
823,-1,478,298,157,240,0.96,7,-1,-1
823,-1,297,105,25,31,0.73,7,-1,-1
824,-1,470,280,165,257,0.97,7,-1,-1
824,-1,295,108,26,30,0.76,2,-1,-1
825,-1,464,271,168,257,0.96,7,-1,-1
825,-1,294,107,26,32,0.86,7,-1,-1
826,-1,457,260,151,254,0.95,7,-1,-1
826,-1,293,108,27,32,0.89,7,-1,-1
827,-1,453,252,142,259,0.93,7,-1,-1
827,-1,293,109,27,33,0.91,7,-1,-1
828,-1,448,240,135,221,0.94,7,-1,-1
828,-1,291,111,27,33,0.90,7,-1,-1
829,-1,445,233,124,204,0.94,7,-1,-1
829,-1,291,109,28,35,0.92,7,-1,-1
830,-1,441,225,114,186,0.95,7,-1,-1
830,-1,289,111,29,35,0.92,7,-1,-1
831,-1,438,220,107,179,0.94,7,-1,-1
831,-1,288,111,29,37,0.92,7,-1,-1
832,-1,434,213,101,160,0.96,7,-1,-1
832,-1,287,112,29,37,0.91,7,-1,-1
833,-1,431,206,96,151,0.95,7,-1,-1
833,-1,286,113,31,38,0.92,7,-1,-1
834,-1,428,202,89,139,0.95,7,-1,-1
834,-1,284,114,31,38,0.91,7,-1,-1
835,-1,426,198,86,133,0.96,7,-1,-1
835,-1,283,115,32,39,0.91,7,-1,-1
836,-1,423,191,80,124,0.95,7,-1,-1
836,-1,281,117,32,39,0.92,7,-1,-1
837,-1,422,188,77,117,0.96,7,-1,-1
837,-1,281,117,33,41,0.92,7,-1,-1
838,-1,419,183,72,111,0.95,7,-1,-1
838,-1,280,118,33,42,0.91,7,-1,-1
839,-1,417,181,70,106,0.96,7,-1,-1
839,-1,279,122,33,40,0.90,7,-1,-1
840,-1,415,177,66,100,0.95,7,-1,-1
840,-1,276,122,35,42,0.92,7,-1,-1
841,-1,413,174,65,96,0.96,7,-1,-1
841,-1,275,123,35,43,0.92,7,-1,-1
842,-1,411,171,62,91,0.95,7,-1,-1
842,-1,273,127,35,42,0.92,7,-1,-1
843,-1,411,168,58,89,0.95,7,-1,-1
843,-1,271,126,36,45,0.92,7,-1,-1
844,-1,409,165,57,87,0.96,7,-1,-1
844,-1,270,127,37,46,0.91,7,-1,-1
845,-1,407,163,56,83,0.96,7,-1,-1
845,-1,268,128,38,47,0.91,7,-1,-1
846,-1,406,160,52,80,0.95,7,-1,-1
846,-1,264,128,41,52,0.92,7,-1,-1
847,-1,405,158,51,78,0.96,7,-1,-1
847,-1,263,129,42,53,0.92,7,-1,-1
848,-1,403,155,49,73,0.95,7,-1,-1
848,-1,261,132,42,53,0.92,7,-1,-1
849,-1,401,154,48,72,0.94,7,-1,-1
849,-1,258,133,44,55,0.93,7,-1,-1
850,-1,400,151,47,69,0.94,7,-1,-1
850,-1,255,136,46,56,0.93,7,-1,-1
851,-1,399,149,45,68,0.94,7,-1,-1
851,-1,253,138,47,57,0.94,7,-1,-1
852,-1,397,146,45,65,0.95,7,-1,-1
852,-1,248,139,49,61,0.94,7,-1,-1
853,-1,247,140,50,63,0.95,7,-1,-1
853,-1,397,145,44,64,0.94,7,-1,-1
854,-1,242,144,53,65,0.95,7,-1,-1
854,-1,395,143,42,62,0.93,7,-1,-1
855,-1,239,144,55,69,0.95,7,-1,-1
855,-1,395,141,41,61,0.95,7,-1,-1
856,-1,394,139,40,60,0.96,7,-1,-1
856,-1,234,146,57,74,0.94,7,-1,-1
857,-1,232,149,57,74,0.94,7,-1,-1
857,-1,393,137,40,58,0.93,7,-1,-1
858,-1,227,150,60,80,0.95,7,-1,-1
858,-1,391,135,39,56,0.94,7,-1,-1
859,-1,222,153,63,85,0.95,7,-1,-1
859,-1,391,134,37,55,0.94,7,-1,-1
860,-1,219,155,66,89,0.96,7,-1,-1
860,-1,391,133,37,54,0.94,7,-1,-1
861,-1,213,159,71,91,0.95,7,-1,-1
861,-1,390,132,37,53,0.94,7,-1,-1
862,-1,205,162,74,98,0.95,7,-1,-1
862,-1,390,130,35,52,0.94,7,-1,-1
863,-1,201,166,76,101,0.95,7,-1,-1
863,-1,389,129,34,50,0.94,7,-1,-1
864,-1,192,169,82,109,0.96,7,-1,-1
864,-1,388,128,34,48,0.94,7,-1,-1
865,-1,186,173,86,114,0.96,7,-1,-1
865,-1,387,127,33,48,0.94,7,-1,-1
866,-1,387,125,33,47,0.96,7,-1,-1
866,-1,176,178,92,122,0.96,7,-1,-1
867,-1,169,180,95,129,0.96,7,-1,-1
867,-1,386,124,32,46,0.95,7,-1,-1
868,-1,155,186,105,141,0.95,7,-1,-1
868,-1,385,123,31,45,0.94,7,-1,-1
869,-1,147,190,109,150,0.96,7,-1,-1
869,-1,384,121,32,46,0.93,7,-1,-1
870,-1,132,197,119,167,0.95,7,-1,-1
870,-1,384,121,31,43,0.93,7,-1,-1
871,-1,119,201,128,177,0.95,7,-1,-1
871,-1,383,120,31,42,0.91,7,-1,-1
872,-1,101,210,141,195,0.96,7,-1,-1
872,-1,383,119,31,42,0.92,7,-1,-1
873,-1,86,215,150,211,0.96,7,-1,-1
873,-1,383,119,30,40,0.93,7,-1,-1
874,-1,58,224,170,238,0.95,7,-1,-1
874,-1,383,117,29,40,0.93,7,-1,-1
875,-1,44,232,180,256,0.94,7,-1,-1
875,-1,382,117,28,39,0.92,7,-1,-1
876,-1,1,248,212,290,0.96,7,-1,-1
876,-1,382,116,28,39,0.93,7,-1,-1
877,-1,0,255,209,283,0.96,7,-1,-1
877,-1,382,115,28,39,0.93,7,-1,-1
878,-1,1,267,196,272,0.95,7,-1,-1
878,-1,381,114,27,38,0.91,7,-1,-1
879,-1,0,284,187,255,0.96,7,-1,-1
879,-1,381,113,27,38,0.91,7,-1,-1
880,-1,0,303,174,236,0.97,7,-1,-1
880,-1,381,112,25,37,0.93,7,-1,-1
880,-1,367,130,17,18,0.23,2,-1,-1
881,-1,0,319,162,220,0.96,7,-1,-1
881,-1,381,111,25,37,0.93,7,-1,-1
881,-1,367,130,16,18,0.33,2,-1,-1
882,-1,1,347,143,192,0.96,7,-1,-1
882,-1,380,110,25,37,0.92,7,-1,-1
882,-1,367,128,17,18,0.24,2,-1,-1
883,-1,1,370,126,169,0.96,7,-1,-1
883,-1,380,109,25,36,0.93,7,-1,-1
883,-1,367,127,17,18,0.14,2,-1,-1
884,-1,0,408,103,131,0.91,7,-1,-1
884,-1,379,109,24,35,0.90,7,-1,-1
884,-1,367,126,16,18,0.55,2,-1,-1
885,-1,379,108,24,34,0.90,7,-1,-1
885,-1,0,446,71,93,0.87,7,-1,-1
885,-1,367,125,15,17,0.40,2,-1,-1
886,-1,379,108,23,34,0.90,7,-1,-1
886,-1,367,124,14,17,0.47,2,-1,-1
886,-1,334,90,10,11,0.11,2,-1,-1
887,-1,379,107,23,34,0.90,7,-1,-1
887,-1,367,122,14,18,0.24,2,-1,-1
887,-1,334,90,10,11,0.13,2,-1,-1
888,-1,379,107,23,32,0.79,7,-1,-1
888,-1,367,122,15,16,0.31,2,-1,-1
888,-1,335,93,10,11,0.28,2,-1,-1
889,-1,379,106,22,32,0.87,7,-1,-1
889,-1,335,92,10,11,0.35,2,-1,-1
889,-1,367,121,15,17,0.22,2,-1,-1
890,-1,378,105,22,31,0.79,7,-1,-1
890,-1,334,93,10,12,0.25,2,-1,-1
891,-1,378,105,22,31,0.79,7,-1,-1
891,-1,333,94,10,11,0.45,2,-1,-1
892,-1,378,104,22,31,0.85,7,-1,-1
892,-1,333,94,10,11,0.47,2,-1,-1
892,-1,367,113,15,20,0.22,2,-1,-1
893,-1,377,104,22,30,0.85,7,-1,-1
893,-1,333,96,11,11,0.29,2,-1,-1
893,-1,367,116,15,16,0.12,2,-1,-1
894,-1,377,103,21,30,0.81,7,-1,-1
894,-1,332,97,11,11,0.64,2,-1,-1
895,-1,377,102,21,30,0.86,7,-1,-1
895,-1,332,96,11,11,0.64,2,-1,-1
896,-1,376,101,20,30,0.86,7,-1,-1
896,-1,332,98,11,11,0.58,2,-1,-1
897,-1,376,101,20,30,0.86,7,-1,-1
897,-1,332,98,11,11,0.60,2,-1,-1
898,-1,376,101,20,29,0.89,7,-1,-1
898,-1,331,98,11,12,0.73,2,-1,-1
899,-1,375,100,20,29,0.89,7,-1,-1
899,-1,330,100,11,12,0.52,2,-1,-1
900,-1,375,100,20,28,0.83,7,-1,-1
900,-1,330,101,11,11,0.69,2,-1,-1
