1,-1,230,248,41,80,0.89,7,-1,-1
1,-1,316,178,22,39,0.86,7,-1,-1
1,-1,302,154,13,20,0.80,7,-1,-1
1,-1,226,206,18,21,0.79,2,-1,-1
1,-1,273,161,14,24,0.53,7,-1,-1
2,-1,228,251,42,82,0.90,7,-1,-1
2,-1,316,177,22,38,0.86,7,-1,-1
2,-1,302,154,12,20,0.79,7,-1,-1
2,-1,226,206,18,22,0.77,2,-1,-1
2,-1,274,162,14,24,0.59,7,-1,-1
3,-1,225,258,42,86,0.89,7,-1,-1
3,-1,315,176,22,38,0.86,7,-1,-1
3,-1,300,154,13,20,0.80,7,-1,-1
3,-1,226,206,19,22,0.76,2,-1,-1
3,-1,276,161,13,26,0.50,7,-1,-1
3,-1,271,168,14,19,0.17,2,-1,-1
4,-1,223,260,44,90,0.89,7,-1,-1
4,-1,316,176,22,37,0.86,7,-1,-1
4,-1,300,154,12,18,0.79,7,-1,-1
4,-1,226,206,18,22,0.74,2,-1,-1
4,-1,276,161,14,26,0.63,7,-1,-1
4,-1,272,165,14,22,0.13,7,-1,-1
5,-1,220,266,48,95,0.89,7,-1,-1
5,-1,315,176,22,37,0.86,7,-1,-1
5,-1,300,154,12,18,0.75,7,-1,-1
5,-1,226,206,18,22,0.75,2,-1,-1
5,-1,277,161,13,26,0.61,7,-1,-1
5,-1,271,166,13,22,0.13,7,-1,-1
6,-1,216,270,50,100,0.90,7,-1,-1
6,-1,314,174,21,36,0.85,7,-1,-1
6,-1,226,206,19,22,0.75,2,-1,-1
6,-1,299,154,12,18,0.64,7,-1,-1
6,-1,277,160,13,26,0.60,7,-1,-1
6,-1,271,166,13,22,0.12,7,-1,-1
7,-1,212,276,54,108,0.91,7,-1,-1
7,-1,314,174,19,35,0.86,7,-1,-1
7,-1,226,207,18,21,0.75,2,-1,-1
7,-1,299,154,12,18,0.65,7,-1,-1
7,-1,277,161,12,26,0.57,7,-1,-1
7,-1,270,170,13,19,0.10,2,-1,-1
8,-1,209,280,57,112,0.90,7,-1,-1
8,-1,314,173,20,35,0.86,7,-1,-1
8,-1,226,206,18,22,0.75,2,-1,-1
8,-1,298,153,12,18,0.73,7,-1,-1
8,-1,277,161,13,28,0.54,7,-1,-1
9,-1,204,290,60,119,0.90,7,-1,-1
9,-1,314,172,19,33,0.84,7,-1,-1
9,-1,226,206,19,22,0.78,2,-1,-1
9,-1,298,153,12,18,0.72,7,-1,-1
9,-1,274,164,14,26,0.45,7,-1,-1
9,-1,270,171,14,20,0.12,2,-1,-1
10,-1,201,295,61,128,0.90,7,-1,-1
10,-1,314,172,19,33,0.84,7,-1,-1
10,-1,226,206,19,22,0.77,2,-1,-1
10,-1,298,153,12,18,0.71,7,-1,-1
10,-1,276,164,13,27,0.52,7,-1,-1
11,-1,196,304,65,138,0.91,7,-1,-1
11,-1,314,171,18,32,0.85,7,-1,-1
11,-1,226,206,19,22,0.77,2,-1,-1
11,-1,297,153,11,17,0.64,7,-1,-1
11,-1,274,165,15,26,0.45,7,-1,-1
12,-1,190,312,69,148,0.90,7,-1,-1
12,-1,314,170,18,33,0.86,7,-1,-1
12,-1,226,206,19,22,0.78,2,-1,-1
12,-1,297,152,11,17,0.63,7,-1,-1
12,-1,274,166,15,26,0.36,7,-1,-1
12,-1,271,173,14,19,0.19,2,-1,-1
13,-1,181,322,74,164,0.90,7,-1,-1
13,-1,314,170,18,32,0.86,7,-1,-1
13,-1,226,206,18,21,0.79,2,-1,-1
13,-1,274,166,16,26,0.51,7,-1,-1
13,-1,296,152,11,16,0.46,7,-1,-1
14,-1,178,330,77,175,0.90,7,-1,-1
14,-1,314,170,18,30,0.86,7,-1,-1
14,-1,226,206,18,21,0.79,2,-1,-1
14,-1,296,152,11,16,0.48,7,-1,-1
14,-1,273,167,16,26,0.36,7,-1,-1
15,-1,313,169,18,31,0.86,7,-1,-1
15,-1,226,206,18,21,0.79,2,-1,-1
15,-1,272,168,16,25,0.44,7,-1,-1
15,-1,296,152,10,16,0.25,7,-1,-1
16,-1,314,169,18,30,0.85,7,-1,-1
16,-1,226,206,18,21,0.79,2,-1,-1
16,-1,273,168,16,26,0.48,7,-1,-1
16,-1,294,152,11,16,0.28,7,-1,-1
17,-1,313,168,18,29,0.86,7,-1,-1
17,-1,226,206,18,21,0.79,2,-1,-1
17,-1,274,168,16,26,0.55,7,-1,-1
17,-1,294,152,11,16,0.20,7,-1,-1
17,-1,174,373,46,65,0.13,2,-1,-1
18,-1,312,168,18,28,0.85,7,-1,-1
18,-1,226,206,18,21,0.79,2,-1,-1
18,-1,276,168,14,27,0.49,7,-1,-1
18,-1,270,170,16,26,0.27,7,-1,-1
19,-1,312,167,18,28,0.85,7,-1,-1
19,-1,226,206,18,21,0.79,2,-1,-1
19,-1,271,169,17,26,0.40,7,-1,-1
20,-1,312,166,17,28,0.85,7,-1,-1
20,-1,226,206,18,21,0.79,2,-1,-1
20,-1,269,174,14,22,0.40,7,-1,-1
20,-1,278,169,12,24,0.16,7,-1,-1
21,-1,312,166,17,28,0.85,7,-1,-1
21,-1,226,206,18,22,0.79,2,-1,-1
21,-1,268,174,16,24,0.47,7,-1,-1
21,-1,276,169,12,25,0.10,7,-1,-1
22,-1,312,166,17,28,0.85,7,-1,-1
22,-1,226,206,18,22,0.79,2,-1,-1
22,-1,268,175,16,22,0.36,7,-1,-1
22,-1,290,150,10,16,0.14,7,-1,-1
23,-1,312,165,16,27,0.85,7,-1,-1
23,-1,226,206,18,22,0.79,2,-1,-1
23,-1,272,174,17,25,0.42,7,-1,-1
23,-1,291,150,10,16,0.30,7,-1,-1
23,-1,278,168,11,14,0.12,2,-1,-1
24,-1,311,165,16,27,0.85,7,-1,-1
24,-1,226,206,18,22,0.81,2,-1,-1
24,-1,290,149,10,16,0.60,7,-1,-1
24,-1,270,176,17,25,0.35,7,-1,-1
24,-1,275,158,10,16,0.19,7,-1,-1
24,-1,278,166,10,11,0.12,2,-1,-1
25,-1,311,164,16,27,0.84,7,-1,-1
25,-1,226,206,18,21,0.81,2,-1,-1
25,-1,290,149,10,15,0.53,7,-1,-1
25,-1,270,176,17,24,0.39,7,-1,-1
25,-1,275,158,10,16,0.23,7,-1,-1
25,-1,279,171,11,21,0.13,2,-1,-1
26,-1,311,164,16,27,0.84,7,-1,-1
26,-1,226,206,18,21,0.81,2,-1,-1
26,-1,268,176,17,26,0.47,7,-1,-1
26,-1,289,149,10,15,0.46,7,-1,-1
26,-1,280,168,9,10,0.25,2,-1,-1
26,-1,275,158,10,16,0.13,7,-1,-1
27,-1,310,164,16,27,0.83,7,-1,-1
27,-1,226,206,18,22,0.81,2,-1,-1
27,-1,268,178,18,24,0.43,2,-1,-1
27,-1,288,148,10,16,0.43,7,-1,-1
27,-1,280,168,9,10,0.32,2,-1,-1
28,-1,310,163,16,26,0.83,7,-1,-1
28,-1,226,206,18,22,0.81,2,-1,-1
28,-1,268,178,18,24,0.46,2,-1,-1
28,-1,288,148,10,16,0.42,7,-1,-1
28,-1,279,168,10,11,0.38,2,-1,-1
29,-1,310,162,16,26,0.84,7,-1,-1
29,-1,226,206,18,22,0.81,2,-1,-1
29,-1,287,147,12,16,0.53,7,-1,-1
29,-1,268,180,18,24,0.46,2,-1,-1
29,-1,279,170,10,11,0.24,2,-1,-1
30,-1,310,162,16,25,0.85,7,-1,-1
30,-1,226,206,18,21,0.81,2,-1,-1
30,-1,268,181,18,24,0.50,2,-1,-1
30,-1,286,147,12,16,0.48,7,-1,-1
30,-1,279,169,10,11,0.37,2,-1,-1
31,-1,310,162,16,25,0.85,7,-1,-1
31,-1,226,206,18,21,0.83,2,-1,-1
31,-1,268,182,18,24,0.49,2,-1,-1
31,-1,279,169,10,12,0.43,2,-1,-1
31,-1,286,147,12,16,0.34,7,-1,-1
32,-1,310,162,15,24,0.85,7,-1,-1
32,-1,226,206,18,21,0.83,2,-1,-1
32,-1,279,168,10,12,0.55,2,-1,-1
32,-1,268,182,18,24,0.51,2,-1,-1
32,-1,286,147,12,16,0.36,7,-1,-1
33,-1,226,207,18,21,0.83,2,-1,-1
33,-1,309,161,14,24,0.83,7,-1,-1
33,-1,279,169,10,12,0.54,2,-1,-1
33,-1,268,181,18,26,0.41,7,-1,-1
33,-1,286,146,10,16,0.13,7,-1,-1
34,-1,226,207,18,21,0.83,2,-1,-1
34,-1,309,161,14,23,0.83,7,-1,-1
34,-1,269,181,18,27,0.56,7,-1,-1
34,-1,278,168,10,13,0.54,2,-1,-1
34,-1,286,146,10,16,0.14,7,-1,-1
35,-1,308,160,14,23,0.84,7,-1,-1
35,-1,226,207,18,21,0.83,2,-1,-1
35,-1,278,168,11,14,0.59,2,-1,-1
35,-1,270,180,18,29,0.53,7,-1,-1
35,-1,285,146,10,15,0.10,7,-1,-1
36,-1,226,207,18,21,0.85,2,-1,-1
36,-1,308,160,14,22,0.84,7,-1,-1
36,-1,270,179,19,31,0.66,7,-1,-1
36,-1,277,169,12,14,0.34,2,-1,-1
37,-1,226,207,18,21,0.85,2,-1,-1
37,-1,307,159,14,22,0.82,7,-1,-1
37,-1,270,179,19,32,0.68,7,-1,-1
37,-1,276,170,14,16,0.14,2,-1,-1
38,-1,226,207,18,21,0.85,2,-1,-1
38,-1,307,159,14,22,0.82,7,-1,-1
38,-1,270,178,19,33,0.44,7,-1,-1
38,-1,275,172,14,16,0.11,2,-1,-1
39,-1,226,207,18,21,0.85,2,-1,-1
39,-1,306,159,13,22,0.81,7,-1,-1
39,-1,270,181,19,32,0.58,7,-1,-1
39,-1,277,172,12,14,0.27,2,-1,-1
40,-1,226,207,18,21,0.85,2,-1,-1
40,-1,306,158,13,22,0.81,7,-1,-1
40,-1,270,180,19,32,0.27,7,-1,-1
40,-1,275,172,14,16,0.15,2,-1,-1
41,-1,226,207,18,21,0.85,2,-1,-1
41,-1,305,157,14,22,0.81,7,-1,-1
41,-1,269,177,21,38,0.55,7,-1,-1
42,-1,226,207,18,21,0.85,2,-1,-1
42,-1,305,157,14,22,0.81,7,-1,-1
42,-1,269,178,20,38,0.48,7,-1,-1
43,-1,226,207,18,21,0.85,2,-1,-1
43,-1,305,157,13,22,0.81,7,-1,-1
43,-1,268,180,21,36,0.39,7,-1,-1
44,-1,226,207,18,21,0.84,2,-1,-1
44,-1,304,156,13,22,0.82,7,-1,-1
44,-1,267,185,21,34,0.53,7,-1,-1
44,-1,278,167,10,12,0.16,2,-1,-1
44,-1,277,174,12,16,0.11,2,-1,-1
45,-1,226,207,18,21,0.84,2,-1,-1
45,-1,304,156,13,22,0.82,7,-1,-1
45,-1,266,185,22,35,0.67,7,-1,-1
45,-1,278,167,11,12,0.16,2,-1,-1
45,-1,278,174,12,16,0.11,2,-1,-1
46,-1,226,206,18,22,0.82,2,-1,-1
46,-1,304,156,13,21,0.80,7,-1,-1
46,-1,266,185,21,36,0.66,7,-1,-1
46,-1,278,168,11,13,0.14,2,-1,-1
47,-1,226,206,18,22,0.82,2,-1,-1
47,-1,304,156,13,21,0.80,7,-1,-1
47,-1,266,187,22,36,0.72,7,-1,-1
47,-1,278,168,11,12,0.24,2,-1,-1
47,-1,275,177,14,14,0.16,2,-1,-1
48,-1,226,206,18,22,0.82,2,-1,-1
48,-1,304,155,12,20,0.79,7,-1,-1
48,-1,264,188,22,36,0.71,7,-1,-1
48,-1,278,168,11,13,0.24,2,-1,-1
48,-1,275,178,14,15,0.23,2,-1,-1
49,-1,226,207,18,21,0.81,2,-1,-1
49,-1,303,155,12,20,0.75,7,-1,-1
49,-1,264,186,22,40,0.59,7,-1,-1
49,-1,278,168,10,12,0.25,2,-1,-1
49,-1,278,171,11,15,0.16,2,-1,-1
49,-1,273,178,16,16,0.14,2,-1,-1
50,-1,226,207,18,21,0.81,2,-1,-1
50,-1,303,155,12,20,0.78,7,-1,-1
50,-1,264,186,23,41,0.61,7,-1,-1
50,-1,278,168,10,13,0.25,2,-1,-1
50,-1,274,178,14,14,0.19,2,-1,-1
51,-1,226,207,18,21,0.81,2,-1,-1
51,-1,302,155,12,20,0.77,7,-1,-1
51,-1,264,189,23,40,0.61,7,-1,-1
51,-1,278,169,10,14,0.35,2,-1,-1
51,-1,274,179,14,14,0.15,2,-1,-1
52,-1,226,207,18,21,0.81,2,-1,-1
52,-1,302,155,12,19,0.69,7,-1,-1
52,-1,264,190,22,40,0.54,7,-1,-1
52,-1,278,168,10,13,0.48,2,-1,-1
52,-1,274,181,14,14,0.17,2,-1,-1
53,-1,226,207,18,21,0.81,2,-1,-1
53,-1,263,194,22,39,0.73,7,-1,-1
53,-1,302,155,12,19,0.68,7,-1,-1
53,-1,278,169,10,12,0.62,2,-1,-1
53,-1,274,181,14,14,0.36,2,-1,-1
54,-1,226,206,18,21,0.81,2,-1,-1
54,-1,263,195,22,39,0.76,7,-1,-1
54,-1,301,155,12,18,0.70,7,-1,-1
54,-1,278,169,10,13,0.60,2,-1,-1
54,-1,274,181,14,15,0.56,2,-1,-1
55,-1,226,206,18,21,0.81,2,-1,-1
55,-1,262,194,22,42,0.77,7,-1,-1
55,-1,300,155,12,18,0.62,7,-1,-1
55,-1,278,170,10,12,0.61,2,-1,-1
55,-1,273,182,14,14,0.45,2,-1,-1
56,-1,226,206,18,21,0.81,2,-1,-1
56,-1,262,197,22,41,0.80,7,-1,-1
56,-1,278,170,10,12,0.69,2,-1,-1
56,-1,300,154,12,18,0.64,7,-1,-1
56,-1,272,183,14,14,0.59,2,-1,-1
57,-1,261,198,22,42,0.81,7,-1,-1
57,-1,226,207,18,21,0.80,2,-1,-1
57,-1,278,170,10,13,0.75,2,-1,-1
57,-1,272,184,15,15,0.51,2,-1,-1
57,-1,300,154,12,18,0.46,7,-1,-1
58,-1,260,198,23,43,0.81,7,-1,-1
58,-1,226,207,19,21,0.78,2,-1,-1
58,-1,278,170,10,13,0.77,2,-1,-1
58,-1,272,184,15,15,0.49,2,-1,-1
58,-1,299,153,12,18,0.49,7,-1,-1
59,-1,259,199,24,45,0.82,7,-1,-1
59,-1,226,207,19,21,0.78,2,-1,-1
59,-1,278,171,10,13,0.70,2,-1,-1
59,-1,298,153,12,18,0.68,7,-1,-1
59,-1,272,184,14,16,0.42,2,-1,-1
60,-1,259,198,25,47,0.81,7,-1,-1
60,-1,226,206,20,21,0.80,2,-1,-1
60,-1,278,172,10,12,0.76,2,-1,-1
60,-1,298,153,12,18,0.60,7,-1,-1
60,-1,271,185,15,16,0.52,2,-1,-1
61,-1,258,201,26,47,0.82,7,-1,-1
61,-1,227,206,20,22,0.78,2,-1,-1
61,-1,278,172,10,12,0.74,2,-1,-1
61,-1,297,152,12,18,0.46,7,-1,-1
61,-1,271,187,15,16,0.45,2,-1,-1
62,-1,257,202,26,48,0.85,7,-1,-1
62,-1,278,172,11,14,0.79,2,-1,-1
62,-1,227,206,20,22,0.78,2,-1,-1
62,-1,270,188,16,16,0.59,2,-1,-1
62,-1,297,152,12,18,0.46,7,-1,-1
63,-1,256,202,28,50,0.85,7,-1,-1
63,-1,278,172,10,14,0.79,2,-1,-1
63,-1,227,206,20,22,0.78,2,-1,-1
63,-1,270,188,16,16,0.72,2,-1,-1
63,-1,296,152,12,18,0.46,7,-1,-1
64,-1,256,200,28,54,0.85,7,-1,-1
64,-1,227,206,20,21,0.77,2,-1,-1
64,-1,277,174,11,13,0.77,2,-1,-1
64,-1,269,190,16,16,0.62,2,-1,-1
64,-1,296,152,12,18,0.53,7,-1,-1
65,-1,255,203,28,54,0.86,7,-1,-1
65,-1,277,174,11,13,0.79,2,-1,-1
65,-1,227,206,20,21,0.78,2,-1,-1
65,-1,269,190,16,16,0.66,2,-1,-1
65,-1,296,152,12,18,0.41,7,-1,-1
66,-1,254,204,28,54,0.85,7,-1,-1
66,-1,277,174,11,13,0.79,2,-1,-1
66,-1,227,206,20,21,0.77,2,-1,-1
66,-1,268,190,16,18,0.64,2,-1,-1
66,-1,295,152,12,17,0.33,7,-1,-1
67,-1,253,207,29,56,0.85,7,-1,-1
67,-1,277,175,11,14,0.78,2,-1,-1
67,-1,227,206,20,21,0.73,2,-1,-1
67,-1,268,192,16,18,0.71,2,-1,-1
67,-1,294,152,12,17,0.21,7,-1,-1
68,-1,252,208,30,56,0.87,7,-1,-1
68,-1,277,175,11,14,0.79,2,-1,-1
68,-1,267,193,17,19,0.79,2,-1,-1
68,-1,227,206,20,21,0.72,2,-1,-1
69,-1,251,210,31,57,0.89,7,-1,-1
69,-1,266,194,17,20,0.82,2,-1,-1
69,-1,277,176,11,14,0.80,2,-1,-1
69,-1,227,206,19,21,0.71,2,-1,-1
70,-1,250,211,32,60,0.88,7,-1,-1
70,-1,277,176,11,14,0.82,2,-1,-1
70,-1,266,194,18,20,0.82,2,-1,-1
70,-1,227,206,19,21,0.70,2,-1,-1
71,-1,248,213,33,61,0.90,7,-1,-1
71,-1,276,176,12,14,0.84,2,-1,-1
71,-1,265,196,18,20,0.82,2,-1,-1
71,-1,227,206,20,21,0.71,2,-1,-1
72,-1,248,214,34,63,0.90,7,-1,-1
72,-1,276,176,12,14,0.85,2,-1,-1
72,-1,264,196,18,22,0.79,2,-1,-1
72,-1,227,206,20,21,0.71,2,-1,-1
72,-1,292,151,10,16,0.11,7,-1,-1
73,-1,247,215,35,65,0.90,7,-1,-1
73,-1,276,177,12,14,0.83,2,-1,-1
73,-1,264,197,18,22,0.79,2,-1,-1
73,-1,226,206,20,21,0.76,2,-1,-1
74,-1,246,216,36,68,0.90,7,-1,-1
74,-1,276,177,12,15,0.84,2,-1,-1
74,-1,263,198,19,22,0.77,2,-1,-1
74,-1,226,206,20,22,0.76,2,-1,-1
75,-1,244,219,37,69,0.90,7,-1,-1
75,-1,276,178,12,15,0.83,2,-1,-1
75,-1,227,206,21,21,0.77,2,-1,-1
75,-1,262,200,19,22,0.72,2,-1,-1
75,-1,290,149,11,16,0.35,7,-1,-1
76,-1,244,220,37,72,0.90,7,-1,-1
76,-1,276,179,12,15,0.83,2,-1,-1
76,-1,227,206,20,21,0.78,2,-1,-1
76,-1,261,201,20,22,0.73,2,-1,-1
76,-1,289,150,11,16,0.27,7,-1,-1
77,-1,242,223,38,74,0.90,7,-1,-1
77,-1,275,179,13,16,0.84,2,-1,-1
77,-1,261,202,20,23,0.84,2,-1,-1
77,-1,226,206,21,21,0.79,2,-1,-1
77,-1,288,149,11,15,0.27,7,-1,-1
78,-1,241,224,39,77,0.89,7,-1,-1
78,-1,275,179,13,16,0.83,2,-1,-1
78,-1,227,206,20,21,0.79,2,-1,-1
78,-1,260,202,21,25,0.75,2,-1,-1
78,-1,288,149,11,15,0.27,7,-1,-1
79,-1,239,228,40,78,0.89,7,-1,-1
79,-1,274,180,13,16,0.83,2,-1,-1
79,-1,227,206,20,21,0.80,2,-1,-1
79,-1,260,204,21,24,0.78,2,-1,-1
79,-1,288,148,11,16,0.18,7,-1,-1
80,-1,237,229,42,81,0.89,7,-1,-1
80,-1,274,180,13,16,0.82,2,-1,-1
80,-1,260,206,20,24,0.81,2,-1,-1
80,-1,227,206,20,21,0.79,2,-1,-1
80,-1,286,147,12,16,0.60,7,-1,-1
81,-1,235,230,43,87,0.88,7,-1,-1
81,-1,274,180,14,17,0.81,2,-1,-1
81,-1,227,206,20,21,0.79,2,-1,-1
81,-1,258,207,21,26,0.70,2,-1,-1
81,-1,286,147,12,16,0.59,7,-1,-1
82,-1,233,233,44,88,0.89,7,-1,-1
82,-1,274,181,14,18,0.81,2,-1,-1
82,-1,226,206,20,21,0.79,2,-1,-1
82,-1,286,147,12,16,0.62,7,-1,-1
82,-1,258,208,22,28,0.51,2,-1,-1
83,-1,232,238,46,89,0.89,7,-1,-1
83,-1,274,182,14,18,0.83,2,-1,-1
83,-1,227,206,20,21,0.77,2,-1,-1
83,-1,256,209,24,32,0.61,2,-1,-1
83,-1,286,147,11,16,0.40,7,-1,-1
84,-1,230,240,46,94,0.89,7,-1,-1
84,-1,273,182,14,19,0.82,2,-1,-1
84,-1,227,206,20,21,0.78,2,-1,-1
84,-1,256,210,23,28,0.78,2,-1,-1
84,-1,196,317,28,22,0.67,2,-1,-1
84,-1,285,147,10,16,0.22,7,-1,-1
85,-1,228,241,48,102,0.88,7,-1,-1
85,-1,227,206,20,21,0.82,2,-1,-1
85,-1,272,183,16,23,0.80,2,-1,-1
85,-1,256,212,23,26,0.79,2,-1,-1
85,-1,194,317,30,30,0.20,2,-1,-1
86,-1,225,243,50,105,0.87,7,-1,-1
86,-1,254,213,23,29,0.82,2,-1,-1
86,-1,227,206,20,21,0.82,2,-1,-1
86,-1,272,184,16,24,0.80,2,-1,-1
87,-1,223,250,51,108,0.88,7,-1,-1
87,-1,227,206,20,21,0.83,2,-1,-1
87,-1,272,184,16,22,0.81,2,-1,-1
87,-1,253,216,24,30,0.77,2,-1,-1
87,-1,284,147,10,14,0.17,7,-1,-1
88,-1,220,251,54,114,0.87,7,-1,-1
88,-1,227,206,20,21,0.83,2,-1,-1
88,-1,272,185,16,24,0.81,2,-1,-1
88,-1,252,217,24,30,0.67,2,-1,-1
88,-1,284,147,10,14,0.17,7,-1,-1
89,-1,218,254,56,122,0.89,7,-1,-1
89,-1,227,206,20,21,0.83,2,-1,-1
89,-1,272,186,16,26,0.83,2,-1,-1
89,-1,250,217,27,35,0.68,2,-1,-1
89,-1,283,146,10,15,0.12,7,-1,-1
90,-1,214,258,58,126,0.90,7,-1,-1
90,-1,227,206,20,21,0.83,2,-1,-1
90,-1,271,187,16,26,0.83,2,-1,-1
90,-1,251,220,26,32,0.77,2,-1,-1
91,-1,208,265,63,131,0.89,7,-1,-1
91,-1,227,206,20,21,0.83,2,-1,-1
91,-1,270,188,16,27,0.82,2,-1,-1
91,-1,250,220,28,36,0.69,2,-1,-1
92,-1,207,268,64,138,0.89,7,-1,-1
92,-1,270,188,16,26,0.83,2,-1,-1
92,-1,227,206,20,21,0.82,2,-1,-1
92,-1,248,224,28,32,0.63,2,-1,-1
93,-1,203,273,67,150,0.91,7,-1,-1
93,-1,270,188,17,28,0.82,2,-1,-1
93,-1,227,206,20,21,0.82,2,-1,-1
93,-1,247,224,29,37,0.52,2,-1,-1
94,-1,198,276,71,160,0.91,7,-1,-1
94,-1,270,190,17,28,0.82,2,-1,-1
94,-1,227,206,20,21,0.82,2,-1,-1
94,-1,246,228,29,45,0.68,2,-1,-1
95,-1,195,284,74,171,0.91,7,-1,-1
95,-1,270,191,17,28,0.83,2,-1,-1
95,-1,227,206,20,21,0.82,2,-1,-1
95,-1,244,224,33,64,0.49,2,-1,-1
96,-1,190,288,78,181,0.90,7,-1,-1
96,-1,268,191,18,29,0.83,2,-1,-1
96,-1,227,206,20,21,0.82,2,-1,-1
96,-1,242,223,35,69,0.54,7,-1,-1
97,-1,183,293,84,200,0.90,7,-1,-1
97,-1,268,192,19,30,0.84,2,-1,-1
97,-1,240,221,40,78,0.83,7,-1,-1
97,-1,227,206,20,21,0.82,2,-1,-1
98,-1,179,300,86,210,0.89,7,-1,-1
98,-1,267,193,19,30,0.84,2,-1,-1
98,-1,227,206,20,21,0.83,2,-1,-1
98,-1,239,224,38,79,0.75,7,-1,-1
99,-1,171,308,93,225,0.85,7,-1,-1
99,-1,266,194,20,30,0.84,2,-1,-1
99,-1,227,206,19,20,0.83,2,-1,-1
99,-1,236,231,42,78,0.81,7,-1,-1
100,-1,227,206,20,21,0.83,2,-1,-1
100,-1,265,195,20,31,0.82,2,-1,-1
100,-1,235,234,42,81,0.79,7,-1,-1
101,-1,232,231,46,89,0.83,7,-1,-1
101,-1,227,206,19,21,0.83,2,-1,-1
101,-1,264,196,20,32,0.82,2,-1,-1
101,-1,274,156,8,13,0.16,7,-1,-1
102,-1,227,206,19,20,0.83,2,-1,-1
102,-1,264,197,20,33,0.80,2,-1,-1
102,-1,230,238,46,87,0.76,7,-1,-1
102,-1,274,156,8,13,0.17,7,-1,-1
103,-1,229,236,49,97,0.86,7,-1,-1
103,-1,227,207,19,20,0.83,2,-1,-1
103,-1,263,199,21,32,0.82,2,-1,-1
103,-1,273,156,9,13,0.12,7,-1,-1
104,-1,227,207,19,20,0.84,2,-1,-1
104,-1,264,199,21,33,0.82,2,-1,-1
104,-1,228,236,50,101,0.80,7,-1,-1
105,-1,225,237,52,109,0.86,7,-1,-1
105,-1,264,201,20,33,0.84,2,-1,-1
105,-1,227,207,19,20,0.84,2,-1,-1
106,-1,222,238,55,114,0.85,7,-1,-1
106,-1,227,207,19,20,0.85,2,-1,-1
106,-1,263,202,21,33,0.84,2,-1,-1
107,-1,261,203,22,36,0.86,2,-1,-1
107,-1,227,207,19,20,0.85,2,-1,-1
107,-1,220,240,57,124,0.84,7,-1,-1
107,-1,274,158,10,14,0.16,7,-1,-1
108,-1,262,204,22,37,0.86,2,-1,-1
108,-1,227,207,19,20,0.85,2,-1,-1
108,-1,219,242,59,128,0.82,7,-1,-1
108,-1,274,158,10,14,0.15,7,-1,-1
109,-1,260,205,23,38,0.88,2,-1,-1
109,-1,227,207,18,21,0.86,2,-1,-1
109,-1,215,243,62,138,0.77,7,-1,-1
110,-1,260,206,23,38,0.88,2,-1,-1
110,-1,227,207,18,20,0.86,2,-1,-1
110,-1,213,256,62,132,0.62,7,-1,-1
111,-1,259,208,24,39,0.87,2,-1,-1
111,-1,227,207,18,21,0.86,2,-1,-1
111,-1,208,249,68,153,0.71,7,-1,-1
112,-1,258,208,24,40,0.87,2,-1,-1
112,-1,227,207,18,20,0.86,2,-1,-1
112,-1,205,250,72,163,0.57,7,-1,-1
113,-1,258,210,24,41,0.88,2,-1,-1
113,-1,227,207,18,21,0.86,2,-1,-1
113,-1,201,256,74,174,0.56,7,-1,-1
113,-1,276,160,9,14,0.25,7,-1,-1
114,-1,257,211,24,42,0.88,2,-1,-1
114,-1,227,207,18,20,0.86,2,-1,-1
114,-1,198,314,67,126,0.52,7,-1,-1
114,-1,276,160,9,15,0.46,7,-1,-1
115,-1,256,213,25,43,0.87,2,-1,-1
115,-1,227,207,18,21,0.86,2,-1,-1
115,-1,191,269,85,191,0.77,7,-1,-1
115,-1,276,162,9,14,0.16,7,-1,-1
116,-1,255,215,26,43,0.87,2,-1,-1
116,-1,227,207,18,20,0.86,2,-1,-1
116,-1,186,268,88,208,0.73,7,-1,-1
116,-1,276,162,9,14,0.25,7,-1,-1
117,-1,254,216,25,45,0.87,2,-1,-1
117,-1,227,207,18,20,0.86,2,-1,-1
117,-1,181,280,90,217,0.82,7,-1,-1
117,-1,276,162,10,14,0.13,7,-1,-1
118,-1,254,218,26,46,0.87,2,-1,-1
118,-1,227,207,18,20,0.86,2,-1,-1
118,-1,177,286,90,232,0.82,7,-1,-1
118,-1,276,163,9,15,0.13,2,-1,-1
119,-1,252,220,27,47,0.88,2,-1,-1
119,-1,227,207,18,20,0.86,2,-1,-1
119,-1,276,163,9,15,0.13,2,-1,-1
120,-1,252,221,28,49,0.87,2,-1,-1
120,-1,227,207,18,20,0.86,2,-1,-1
120,-1,276,164,9,14,0.27,2,-1,-1
121,-1,250,224,28,50,0.89,2,-1,-1
121,-1,227,207,18,20,0.86,2,-1,-1
121,-1,277,165,9,13,0.37,2,-1,-1
122,-1,249,226,29,51,0.89,2,-1,-1
122,-1,227,206,18,21,0.86,2,-1,-1
122,-1,277,166,9,13,0.41,2,-1,-1
123,-1,247,228,30,53,0.90,2,-1,-1
123,-1,227,206,18,21,0.86,2,-1,-1
123,-1,277,165,10,15,0.47,2,-1,-1
124,-1,247,230,30,54,0.89,2,-1,-1
124,-1,226,207,19,21,0.85,2,-1,-1
124,-1,276,166,10,14,0.53,2,-1,-1
125,-1,245,233,31,55,0.89,2,-1,-1
125,-1,226,207,19,21,0.85,2,-1,-1
125,-1,276,168,10,14,0.54,2,-1,-1
126,-1,244,235,32,57,0.89,2,-1,-1
126,-1,226,207,19,21,0.85,2,-1,-1
126,-1,276,168,10,14,0.54,2,-1,-1
127,-1,242,238,34,60,0.88,2,-1,-1
127,-1,227,207,18,21,0.85,2,-1,-1
127,-1,276,168,9,14,0.56,2,-1,-1
128,-1,227,207,18,21,0.85,2,-1,-1
128,-1,240,240,34,61,0.80,7,-1,-1
128,-1,276,168,10,14,0.56,2,-1,-1
129,-1,227,207,18,21,0.85,2,-1,-1
129,-1,277,168,10,14,0.71,2,-1,-1
129,-1,239,244,36,63,0.67,2,-1,-1
130,-1,227,207,18,20,0.85,2,-1,-1
130,-1,238,247,36,64,0.72,2,-1,-1
130,-1,277,169,10,14,0.71,2,-1,-1
131,-1,227,207,18,20,0.85,2,-1,-1
131,-1,235,251,38,67,0.77,2,-1,-1
131,-1,277,169,10,15,0.68,2,-1,-1
132,-1,227,207,18,20,0.85,2,-1,-1
132,-1,233,253,39,70,0.84,7,-1,-1
132,-1,276,169,10,15,0.71,2,-1,-1
133,-1,231,258,40,73,0.86,7,-1,-1
133,-1,227,207,19,20,0.84,2,-1,-1
133,-1,277,170,10,16,0.68,2,-1,-1
134,-1,230,260,42,75,0.89,7,-1,-1
134,-1,227,206,19,21,0.82,2,-1,-1
134,-1,277,170,10,16,0.70,2,-1,-1
135,-1,227,266,42,78,0.89,7,-1,-1
135,-1,227,206,20,21,0.82,2,-1,-1
135,-1,277,169,11,17,0.73,2,-1,-1
136,-1,226,268,43,81,0.88,7,-1,-1
136,-1,227,207,19,21,0.83,2,-1,-1
136,-1,276,171,11,16,0.54,2,-1,-1
137,-1,223,274,46,85,0.89,7,-1,-1
137,-1,226,207,20,21,0.84,2,-1,-1
137,-1,276,173,11,16,0.66,2,-1,-1
138,-1,221,278,47,89,0.90,7,-1,-1
138,-1,226,207,19,21,0.84,2,-1,-1
138,-1,276,170,12,19,0.66,2,-1,-1
139,-1,217,286,51,93,0.90,7,-1,-1
139,-1,226,207,20,21,0.84,2,-1,-1
139,-1,277,171,11,19,0.68,2,-1,-1
140,-1,214,290,52,97,0.91,7,-1,-1
140,-1,226,206,20,21,0.84,2,-1,-1
140,-1,277,170,12,20,0.65,2,-1,-1
141,-1,210,296,55,104,0.90,7,-1,-1
141,-1,226,206,20,21,0.84,2,-1,-1
141,-1,276,172,12,19,0.74,2,-1,-1
141,-1,265,158,12,17,0.30,7,-1,-1
142,-1,208,303,57,108,0.88,7,-1,-1
142,-1,226,206,20,21,0.84,2,-1,-1
142,-1,277,172,12,20,0.70,2,-1,-1
142,-1,265,158,12,17,0.27,7,-1,-1
143,-1,204,312,58,115,0.88,7,-1,-1
143,-1,226,206,20,21,0.84,2,-1,-1
143,-1,277,172,12,21,0.51,2,-1,-1
143,-1,265,162,12,14,0.19,7,-1,-1
144,-1,226,207,20,21,0.84,2,-1,-1
144,-1,201,318,60,120,0.80,7,-1,-1
144,-1,276,173,12,20,0.64,2,-1,-1
144,-1,265,163,12,14,0.19,7,-1,-1
145,-1,227,206,19,21,0.84,2,-1,-1
145,-1,276,174,12,20,0.77,2,-1,-1
145,-1,196,328,63,130,0.75,7,-1,-1
146,-1,192,336,67,138,0.89,7,-1,-1
146,-1,226,206,20,21,0.84,2,-1,-1
146,-1,276,174,12,20,0.75,2,-1,-1
146,-1,266,162,12,15,0.14,7,-1,-1
147,-1,226,206,20,22,0.84,2,-1,-1
147,-1,186,348,70,148,0.77,2,-1,-1
147,-1,276,176,13,20,0.73,2,-1,-1
148,-1,226,206,20,22,0.84,2,-1,-1
148,-1,181,356,74,160,0.76,2,-1,-1
148,-1,276,177,13,20,0.74,2,-1,-1
149,-1,227,206,20,21,0.84,2,-1,-1
149,-1,172,372,80,163,0.74,7,-1,-1
149,-1,276,178,13,20,0.72,2,-1,-1
150,-1,226,206,20,21,0.84,2,-1,-1
150,-1,276,178,13,20,0.75,2,-1,-1
151,-1,226,206,20,22,0.84,2,-1,-1
151,-1,275,179,14,21,0.79,2,-1,-1
151,-1,277,156,11,18,0.31,7,-1,-1
152,-1,226,206,20,21,0.84,2,-1,-1
152,-1,274,179,14,21,0.79,2,-1,-1
152,-1,277,156,11,18,0.41,7,-1,-1
153,-1,226,207,19,21,0.84,2,-1,-1
153,-1,274,180,14,21,0.81,2,-1,-1
153,-1,276,158,11,20,0.54,7,-1,-1
154,-1,226,207,19,21,0.84,2,-1,-1
154,-1,274,180,14,22,0.80,2,-1,-1
154,-1,276,158,11,19,0.49,7,-1,-1
154,-1,267,163,12,18,0.13,7,-1,-1
155,-1,226,207,19,21,0.84,2,-1,-1
155,-1,273,181,15,23,0.77,2,-1,-1
155,-1,277,158,11,20,0.54,7,-1,-1
155,-1,266,168,11,14,0.11,2,-1,-1
156,-1,226,207,19,21,0.84,2,-1,-1
156,-1,273,181,16,24,0.76,2,-1,-1
156,-1,277,158,11,20,0.60,7,-1,-1
156,-1,268,166,10,16,0.12,7,-1,-1
157,-1,226,207,19,20,0.84,2,-1,-1
157,-1,273,182,16,24,0.74,2,-1,-1
157,-1,276,158,12,22,0.64,7,-1,-1
157,-1,266,162,12,20,0.42,7,-1,-1
158,-1,401,426,65,88,0.91,2,-1,-1
158,-1,226,207,19,20,0.84,2,-1,-1
158,-1,272,182,16,24,0.77,2,-1,-1
158,-1,276,159,12,22,0.50,7,-1,-1
158,-1,267,162,12,21,0.33,7,-1,-1
159,-1,391,397,55,76,0.91,2,-1,-1
159,-1,226,208,19,20,0.84,2,-1,-1
159,-1,272,184,16,25,0.81,2,-1,-1
159,-1,277,159,12,22,0.52,7,-1,-1
159,-1,266,163,12,21,0.32,7,-1,-1
160,-1,385,381,51,68,0.92,2,-1,-1
160,-1,226,208,19,20,0.84,2,-1,-1
160,-1,272,184,16,25,0.81,2,-1,-1
160,-1,277,160,12,21,0.68,7,-1,-1
160,-1,266,164,14,21,0.24,7,-1,-1
161,-1,374,358,48,62,0.92,2,-1,-1
161,-1,226,207,18,20,0.84,2,-1,-1
161,-1,272,184,16,26,0.80,2,-1,-1
161,-1,276,160,13,22,0.66,7,-1,-1
161,-1,266,162,16,24,0.28,7,-1,-1
161,-1,265,176,10,11,0.21,2,-1,-1
162,-1,369,345,45,57,0.91,2,-1,-1
162,-1,226,207,18,20,0.84,2,-1,-1
162,-1,270,185,17,27,0.80,2,-1,-1
162,-1,277,161,13,22,0.69,7,-1,-1
162,-1,266,162,16,23,0.19,7,-1,-1
162,-1,265,176,10,11,0.18,2,-1,-1
163,-1,364,329,39,52,0.91,2,-1,-1
163,-1,226,207,18,20,0.84,2,-1,-1
163,-1,270,187,17,26,0.82,2,-1,-1
163,-1,277,161,12,22,0.64,7,-1,-1
163,-1,264,164,14,24,0.20,7,-1,-1
163,-1,264,173,12,15,0.11,2,-1,-1
164,-1,361,320,38,48,0.90,2,-1,-1
164,-1,226,207,18,20,0.84,2,-1,-1
164,-1,269,188,18,28,0.82,2,-1,-1
164,-1,276,162,13,22,0.71,7,-1,-1
164,-1,265,176,11,12,0.14,2,-1,-1
165,-1,356,306,34,44,0.90,2,-1,-1
165,-1,226,207,18,20,0.84,2,-1,-1
165,-1,268,188,18,28,0.79,2,-1,-1
165,-1,276,161,13,22,0.66,7,-1,-1
165,-1,264,178,11,11,0.24,2,-1,-1
166,-1,354,299,32,41,0.88,2,-1,-1
166,-1,226,207,18,20,0.84,2,-1,-1
166,-1,269,190,18,28,0.81,2,-1,-1
166,-1,277,162,12,22,0.71,7,-1,-1
166,-1,265,178,12,12,0.23,2,-1,-1
167,-1,346,288,34,38,0.89,2,-1,-1
167,-1,226,207,18,20,0.84,2,-1,-1
167,-1,268,190,18,30,0.81,2,-1,-1
167,-1,276,162,12,22,0.57,7,-1,-1
167,-1,264,175,12,15,0.16,2,-1,-1
167,-1,265,166,14,23,0.14,7,-1,-1
168,-1,348,282,29,37,0.88,2,-1,-1
168,-1,226,207,18,20,0.84,2,-1,-1
168,-1,267,191,18,29,0.79,2,-1,-1
168,-1,276,161,12,20,0.57,7,-1,-1
168,-1,264,177,12,14,0.12,2,-1,-1
169,-1,346,273,26,35,0.90,2,-1,-1
169,-1,226,207,17,20,0.84,2,-1,-1
169,-1,266,193,19,30,0.77,2,-1,-1
169,-1,276,163,13,26,0.68,7,-1,-1
169,-1,264,166,14,24,0.12,7,-1,-1
170,-1,344,268,25,34,0.88,2,-1,-1
170,-1,226,207,17,20,0.84,2,-1,-1
170,-1,276,164,13,26,0.74,7,-1,-1
170,-1,266,194,19,30,0.74,2,-1,-1
170,-1,268,165,17,26,0.16,7,-1,-1
171,-1,342,262,24,30,0.88,2,-1,-1
171,-1,226,207,17,20,0.83,2,-1,-1
171,-1,276,165,13,26,0.76,7,-1,-1
171,-1,264,196,20,32,0.74,2,-1,-1
172,-1,338,258,25,29,0.88,2,-1,-1
172,-1,226,207,17,20,0.84,2,-1,-1
172,-1,276,164,14,28,0.76,7,-1,-1
172,-1,263,197,20,32,0.66,2,-1,-1
173,-1,337,251,24,28,0.85,2,-1,-1
173,-1,226,207,17,20,0.84,2,-1,-1
173,-1,276,165,14,28,0.76,7,-1,-1
173,-1,262,198,21,34,0.57,2,-1,-1
174,-1,334,246,24,29,0.86,2,-1,-1
174,-1,226,207,18,21,0.84,2,-1,-1
174,-1,276,166,13,28,0.67,7,-1,-1
174,-1,262,198,21,35,0.62,2,-1,-1
175,-1,334,241,22,26,0.88,2,-1,-1
175,-1,226,206,18,21,0.84,2,-1,-1
175,-1,276,167,13,28,0.67,7,-1,-1
175,-1,262,200,21,35,0.62,2,-1,-1
175,-1,266,170,14,25,0.10,7,-1,-1
176,-1,334,238,21,26,0.85,2,-1,-1
176,-1,226,207,18,21,0.84,2,-1,-1
176,-1,275,168,13,28,0.69,7,-1,-1
176,-1,260,201,22,37,0.58,2,-1,-1
177,-1,396,428,61,80,0.90,2,-1,-1
177,-1,332,233,22,26,0.86,2,-1,-1
177,-1,226,206,18,21,0.84,2,-1,-1
177,-1,260,202,22,39,0.78,7,-1,-1
177,-1,274,168,13,29,0.58,7,-1,-1
178,-1,390,404,52,71,0.91,2,-1,-1
178,-1,226,206,18,21,0.84,2,-1,-1
178,-1,330,231,22,24,0.82,2,-1,-1
178,-1,259,204,22,39,0.82,7,-1,-1
178,-1,274,168,14,30,0.78,7,-1,-1
179,-1,376,375,47,59,0.89,2,-1,-1
179,-1,329,226,20,23,0.85,2,-1,-1
179,-1,226,206,18,21,0.82,2,-1,-1
179,-1,274,169,14,30,0.80,7,-1,-1
179,-1,258,205,23,41,0.79,7,-1,-1
180,-1,368,358,46,53,0.90,2,-1,-1
180,-1,257,207,24,42,0.84,7,-1,-1
180,-1,329,224,18,23,0.84,2,-1,-1
180,-1,226,206,18,21,0.81,2,-1,-1
180,-1,274,171,14,29,0.77,7,-1,-1
180,-1,276,158,10,14,0.22,7,-1,-1
181,-1,362,338,40,46,0.90,2,-1,-1
181,-1,328,220,18,22,0.82,2,-1,-1
181,-1,226,206,18,21,0.81,2,-1,-1
181,-1,274,171,16,30,0.81,7,-1,-1
181,-1,255,209,24,43,0.79,7,-1,-1
181,-1,275,158,11,14,0.52,7,-1,-1
182,-1,356,326,38,43,0.89,2,-1,-1
182,-1,326,219,19,22,0.82,2,-1,-1
182,-1,273,171,16,31,0.81,7,-1,-1
182,-1,226,206,19,21,0.81,2,-1,-1
182,-1,254,212,24,43,0.72,2,-1,-1
182,-1,275,158,11,14,0.58,7,-1,-1
183,-1,348,309,37,40,0.88,2,-1,-1
183,-1,226,206,18,21,0.81,2,-1,-1
183,-1,254,215,24,43,0.81,2,-1,-1
183,-1,327,216,16,20,0.81,2,-1,-1
183,-1,273,171,16,32,0.79,7,-1,-1
183,-1,276,158,10,14,0.54,7,-1,-1
184,-1,342,299,37,38,0.89,2,-1,-1
184,-1,325,215,18,20,0.82,2,-1,-1
184,-1,226,206,18,21,0.82,2,-1,-1
184,-1,272,172,16,32,0.80,7,-1,-1
184,-1,252,216,26,44,0.65,2,-1,-1
184,-1,275,159,11,14,0.40,7,-1,-1
185,-1,340,288,32,33,0.89,2,-1,-1
185,-1,226,207,18,20,0.84,2,-1,-1
185,-1,324,211,17,19,0.83,2,-1,-1
185,-1,272,172,16,33,0.81,7,-1,-1
185,-1,250,218,27,48,0.63,2,-1,-1
185,-1,274,159,12,14,0.28,7,-1,-1
186,-1,343,280,26,33,0.87,2,-1,-1
186,-1,226,207,18,20,0.84,2,-1,-1
186,-1,272,172,16,34,0.83,7,-1,-1
186,-1,249,220,28,49,0.81,2,-1,-1
186,-1,324,209,15,18,0.79,2,-1,-1
186,-1,274,159,12,14,0.34,7,-1,-1
187,-1,338,270,26,30,0.88,2,-1,-1
187,-1,248,224,28,50,0.86,2,-1,-1
187,-1,226,207,18,20,0.84,2,-1,-1
187,-1,272,174,16,34,0.83,7,-1,-1
187,-1,323,205,16,21,0.80,2,-1,-1
187,-1,274,159,12,16,0.39,7,-1,-1
188,-1,336,264,25,29,0.87,2,-1,-1
188,-1,226,207,18,20,0.84,2,-1,-1
188,-1,271,174,17,34,0.83,7,-1,-1
188,-1,322,204,16,20,0.78,2,-1,-1
188,-1,246,226,29,52,0.72,2,-1,-1
188,-1,274,159,12,16,0.42,7,-1,-1
188,-1,223,260,18,20,0.20,2,-1,-1
189,-1,334,258,22,26,0.89,2,-1,-1
189,-1,226,207,17,20,0.84,2,-1,-1
189,-1,270,176,18,34,0.81,7,-1,-1
189,-1,322,201,16,18,0.79,2,-1,-1
189,-1,245,229,30,54,0.79,7,-1,-1
189,-1,276,160,12,14,0.36,7,-1,-1
189,-1,266,176,10,11,0.23,2,-1,-1
190,-1,331,250,23,27,0.86,2,-1,-1
190,-1,226,207,17,20,0.84,2,-1,-1
190,-1,270,176,18,34,0.81,7,-1,-1
190,-1,322,200,16,18,0.80,2,-1,-1
190,-1,243,232,32,56,0.69,7,-1,-1
190,-1,276,160,11,14,0.34,7,-1,-1
190,-1,266,176,10,11,0.14,2,-1,-1
191,-1,226,207,17,20,0.84,2,-1,-1
191,-1,328,244,23,25,0.84,2,-1,-1
191,-1,240,236,34,59,0.84,7,-1,-1
191,-1,270,176,18,36,0.82,7,-1,-1
191,-1,321,200,16,17,0.79,2,-1,-1
191,-1,276,161,12,14,0.43,7,-1,-1
192,-1,328,242,21,23,0.87,2,-1,-1
192,-1,226,207,17,20,0.84,2,-1,-1
192,-1,238,238,34,60,0.82,7,-1,-1
192,-1,268,177,19,36,0.82,7,-1,-1
192,-1,320,198,16,16,0.80,2,-1,-1
192,-1,277,162,11,14,0.32,2,-1,-1
193,-1,326,235,20,22,0.87,2,-1,-1
193,-1,236,243,35,63,0.85,7,-1,-1
193,-1,268,178,20,38,0.85,7,-1,-1
193,-1,226,208,16,20,0.85,2,-1,-1
193,-1,320,196,14,17,0.81,2,-1,-1
193,-1,276,162,12,16,0.61,7,-1,-1
194,-1,268,178,20,38,0.86,7,-1,-1
194,-1,234,247,36,64,0.85,2,-1,-1
194,-1,227,208,16,20,0.85,2,-1,-1
194,-1,323,231,21,22,0.84,2,-1,-1
194,-1,319,195,15,18,0.83,2,-1,-1
194,-1,276,163,12,15,0.55,7,-1,-1
195,-1,231,252,38,68,0.89,7,-1,-1
195,-1,268,179,20,39,0.86,7,-1,-1
195,-1,226,208,16,20,0.85,2,-1,-1
195,-1,323,226,19,22,0.84,2,-1,-1
195,-1,318,194,15,17,0.83,2,-1,-1
195,-1,276,163,12,16,0.56,7,-1,-1
196,-1,229,255,40,71,0.89,7,-1,-1
196,-1,267,179,22,40,0.87,7,-1,-1
196,-1,226,208,16,20,0.85,2,-1,-1
196,-1,321,223,18,21,0.84,2,-1,-1
196,-1,318,194,14,18,0.80,2,-1,-1
196,-1,276,163,12,16,0.55,7,-1,-1
197,-1,226,260,42,76,0.89,7,-1,-1
197,-1,266,180,22,42,0.86,7,-1,-1
197,-1,226,208,16,20,0.85,2,-1,-1
197,-1,320,219,17,20,0.83,2,-1,-1
197,-1,318,192,13,16,0.70,2,-1,-1
197,-1,277,165,12,14,0.48,2,-1,-1
197,-1,336,228,17,20,0.32,2,-1,-1
198,-1,223,266,44,79,0.89,7,-1,-1
198,-1,226,208,16,20,0.85,2,-1,-1
198,-1,265,181,22,42,0.85,7,-1,-1
198,-1,318,218,18,18,0.82,2,-1,-1
198,-1,317,190,13,15,0.78,2,-1,-1
198,-1,277,166,11,14,0.67,2,-1,-1
199,-1,220,272,46,85,0.89,7,-1,-1
199,-1,264,182,22,44,0.85,7,-1,-1
199,-1,226,208,16,20,0.85,2,-1,-1
199,-1,317,215,17,17,0.83,2,-1,-1
199,-1,316,189,13,14,0.79,2,-1,-1
199,-1,277,166,12,15,0.68,2,-1,-1
200,-1,217,278,48,88,0.90,7,-1,-1
200,-1,264,182,22,44,0.85,7,-1,-1
200,-1,227,208,16,20,0.84,2,-1,-1
200,-1,316,211,17,18,0.84,2,-1,-1
200,-1,315,188,14,15,0.76,2,-1,-1
200,-1,277,167,12,14,0.73,2,-1,-1
201,-1,214,286,49,94,0.90,7,-1,-1
201,-1,262,183,24,46,0.85,7,-1,-1
201,-1,314,209,16,17,0.85,2,-1,-1
201,-1,227,207,16,20,0.84,2,-1,-1
201,-1,314,186,13,14,0.81,2,-1,-1
201,-1,276,167,12,16,0.73,2,-1,-1
202,-1,210,292,51,100,0.90,7,-1,-1
202,-1,263,184,23,47,0.85,7,-1,-1
202,-1,227,207,16,20,0.84,2,-1,-1
202,-1,314,207,16,16,0.80,2,-1,-1
202,-1,314,186,13,14,0.77,2,-1,-1
202,-1,277,168,12,15,0.75,2,-1,-1
203,-1,205,302,55,108,0.89,7,-1,-1
203,-1,261,185,25,48,0.87,7,-1,-1
203,-1,227,207,16,20,0.85,2,-1,-1
203,-1,312,204,16,15,0.80,2,-1,-1
203,-1,276,168,12,16,0.75,2,-1,-1
203,-1,312,186,13,13,0.58,2,-1,-1
204,-1,201,310,57,114,0.89,7,-1,-1
204,-1,260,186,25,48,0.87,7,-1,-1
204,-1,226,207,16,20,0.85,2,-1,-1
204,-1,312,202,15,16,0.80,2,-1,-1
204,-1,276,168,13,16,0.74,2,-1,-1
204,-1,313,183,13,12,0.60,2,-1,-1
204,-1,242,203,11,12,0.17,2,-1,-1
205,-1,196,322,62,126,0.89,7,-1,-1
205,-1,260,186,25,51,0.88,7,-1,-1
205,-1,226,207,16,21,0.85,2,-1,-1
205,-1,311,199,15,16,0.81,2,-1,-1
205,-1,275,170,14,16,0.74,2,-1,-1
205,-1,314,182,13,13,0.65,2,-1,-1
205,-1,243,202,12,12,0.18,2,-1,-1
206,-1,260,187,26,52,0.88,7,-1,-1
206,-1,190,332,64,134,0.86,7,-1,-1
206,-1,227,207,16,20,0.85,2,-1,-1
206,-1,310,198,14,15,0.83,2,-1,-1
206,-1,275,169,14,17,0.74,2,-1,-1
206,-1,315,180,12,13,0.74,2,-1,-1
206,-1,243,202,12,12,0.20,2,-1,-1
207,-1,258,188,26,53,0.89,7,-1,-1
207,-1,310,197,13,15,0.85,2,-1,-1
207,-1,226,207,17,20,0.85,2,-1,-1
207,-1,181,348,72,152,0.78,7,-1,-1
207,-1,315,180,12,13,0.75,2,-1,-1
207,-1,275,169,14,18,0.74,2,-1,-1
207,-1,243,202,11,13,0.14,2,-1,-1
208,-1,258,189,27,54,0.88,7,-1,-1
208,-1,175,360,77,166,0.85,7,-1,-1
208,-1,226,207,17,20,0.85,2,-1,-1
208,-1,310,194,13,15,0.82,2,-1,-1
208,-1,314,179,13,14,0.74,2,-1,-1
208,-1,275,169,14,19,0.71,2,-1,-1
209,-1,256,190,28,56,0.87,7,-1,-1
209,-1,226,207,17,20,0.85,2,-1,-1
209,-1,309,192,12,14,0.80,2,-1,-1
209,-1,275,170,14,19,0.73,2,-1,-1
209,-1,313,178,12,13,0.64,2,-1,-1
210,-1,256,192,28,58,0.88,7,-1,-1
210,-1,226,207,17,21,0.85,2,-1,-1
210,-1,308,192,12,14,0.80,2,-1,-1
210,-1,275,171,14,18,0.77,2,-1,-1
210,-1,312,178,11,13,0.64,2,-1,-1
211,-1,255,194,29,60,0.88,7,-1,-1
211,-1,226,207,17,21,0.85,2,-1,-1
211,-1,308,190,13,14,0.81,2,-1,-1
211,-1,274,171,14,18,0.75,2,-1,-1
211,-1,312,178,11,12,0.51,2,-1,-1
211,-1,243,200,12,14,0.11,2,-1,-1
212,-1,254,194,30,61,0.88,7,-1,-1
212,-1,226,207,17,21,0.85,2,-1,-1
212,-1,307,189,12,13,0.78,2,-1,-1
212,-1,274,172,15,19,0.74,2,-1,-1
212,-1,311,177,10,12,0.54,2,-1,-1
212,-1,314,178,12,13,0.14,2,-1,-1
213,-1,252,196,30,63,0.89,7,-1,-1
213,-1,226,207,17,21,0.85,2,-1,-1
213,-1,306,186,12,13,0.82,2,-1,-1
213,-1,274,172,15,22,0.64,2,-1,-1
213,-1,310,176,10,11,0.50,2,-1,-1
214,-1,252,196,31,65,0.90,7,-1,-1
214,-1,226,207,16,21,0.85,2,-1,-1
214,-1,306,186,12,13,0.82,2,-1,-1
214,-1,274,174,15,20,0.58,2,-1,-1
214,-1,310,176,10,11,0.51,2,-1,-1
214,-1,244,198,12,13,0.14,2,-1,-1
215,-1,250,198,32,68,0.90,7,-1,-1
215,-1,226,207,16,20,0.85,2,-1,-1
215,-1,305,185,11,13,0.77,2,-1,-1
215,-1,272,175,16,22,0.51,7,-1,-1
215,-1,310,175,10,11,0.39,2,-1,-1
215,-1,244,198,12,13,0.11,2,-1,-1
216,-1,248,200,34,70,0.91,7,-1,-1
216,-1,226,207,16,21,0.85,2,-1,-1
216,-1,304,184,11,12,0.74,2,-1,-1
216,-1,310,174,9,10,0.49,2,-1,-1
216,-1,273,176,16,22,0.48,7,-1,-1
216,-1,244,199,13,14,0.44,2,-1,-1
216,-1,277,168,12,10,0.12,2,-1,-1
217,-1,247,202,35,72,0.90,7,-1,-1
217,-1,226,207,16,20,0.85,2,-1,-1
217,-1,304,183,10,12,0.78,2,-1,-1
217,-1,272,177,16,22,0.75,2,-1,-1
217,-1,310,174,9,10,0.43,2,-1,-1
217,-1,244,199,13,14,0.36,2,-1,-1
217,-1,278,168,11,10,0.11,2,-1,-1
218,-1,245,202,36,75,0.89,7,-1,-1
218,-1,226,207,16,20,0.85,2,-1,-1
218,-1,304,182,10,12,0.78,2,-1,-1
218,-1,272,177,16,22,0.60,2,-1,-1
218,-1,244,199,13,14,0.54,2,-1,-1
218,-1,310,174,8,10,0.36,2,-1,-1
219,-1,243,204,38,78,0.89,7,-1,-1
219,-1,226,207,17,20,0.85,2,-1,-1
219,-1,304,180,10,12,0.68,2,-1,-1
219,-1,272,178,16,24,0.62,2,-1,-1
219,-1,244,199,13,13,0.57,2,-1,-1
219,-1,309,174,9,12,0.15,2,-1,-1
220,-1,242,205,38,81,0.88,7,-1,-1
220,-1,226,207,16,20,0.85,2,-1,-1
220,-1,304,179,10,12,0.66,2,-1,-1
220,-1,271,179,17,26,0.65,7,-1,-1
220,-1,244,200,12,13,0.59,2,-1,-1
220,-1,308,172,9,14,0.19,2,-1,-1
221,-1,240,207,40,86,0.89,7,-1,-1
221,-1,226,207,17,20,0.84,2,-1,-1
221,-1,270,180,18,30,0.67,7,-1,-1
221,-1,304,178,9,12,0.51,2,-1,-1
221,-1,244,200,12,12,0.32,2,-1,-1
221,-1,276,173,12,9,0.30,2,-1,-1
221,-1,308,171,9,13,0.14,2,-1,-1
222,-1,239,209,42,88,0.89,7,-1,-1
222,-1,226,207,18,20,0.84,2,-1,-1
222,-1,270,181,18,34,0.82,7,-1,-1
222,-1,304,178,9,12,0.56,2,-1,-1
222,-1,278,172,10,10,0.48,2,-1,-1
222,-1,244,200,12,13,0.27,2,-1,-1
223,-1,237,211,42,93,0.90,7,-1,-1
223,-1,268,182,20,36,0.86,7,-1,-1
223,-1,226,207,18,20,0.84,2,-1,-1
223,-1,278,172,10,10,0.53,2,-1,-1
223,-1,302,175,10,12,0.36,2,-1,-1
224,-1,236,212,43,96,0.90,7,-1,-1
224,-1,268,182,20,38,0.88,7,-1,-1
224,-1,226,207,17,20,0.84,2,-1,-1
224,-1,278,174,10,10,0.45,2,-1,-1
224,-1,302,174,10,12,0.39,2,-1,-1
225,-1,234,214,44,102,0.90,7,-1,-1
225,-1,267,184,20,37,0.87,7,-1,-1
225,-1,226,208,17,20,0.84,2,-1,-1
225,-1,278,174,10,12,0.61,2,-1,-1
225,-1,302,174,9,10,0.52,2,-1,-1
225,-1,246,200,12,13,0.11,2,-1,-1
225,-1,306,169,8,10,0.11,2,-1,-1
226,-1,231,216,47,106,0.91,7,-1,-1
226,-1,267,184,20,40,0.86,7,-1,-1
226,-1,226,208,17,20,0.85,2,-1,-1
226,-1,278,175,10,11,0.54,2,-1,-1
226,-1,302,175,8,10,0.46,2,-1,-1
226,-1,306,168,8,9,0.15,2,-1,-1
227,-1,226,220,51,110,0.90,7,-1,-1
227,-1,266,186,21,40,0.86,7,-1,-1
227,-1,226,208,17,20,0.85,2,-1,-1
227,-1,277,175,10,11,0.52,2,-1,-1
227,-1,302,174,8,10,0.32,2,-1,-1
227,-1,306,168,8,9,0.26,2,-1,-1
227,-1,246,200,12,12,0.15,2,-1,-1
228,-1,223,222,53,115,0.90,7,-1,-1
228,-1,266,186,21,41,0.86,7,-1,-1
228,-1,226,208,16,20,0.85,2,-1,-1
228,-1,276,174,10,12,0.62,2,-1,-1
228,-1,302,174,8,10,0.29,2,-1,-1
228,-1,305,168,8,9,0.24,2,-1,-1
228,-1,245,200,12,13,0.13,2,-1,-1
229,-1,219,225,56,123,0.92,7,-1,-1
229,-1,264,188,22,45,0.86,7,-1,-1
229,-1,227,208,16,20,0.85,2,-1,-1
229,-1,276,176,11,12,0.60,2,-1,-1
229,-1,304,166,8,11,0.11,2,-1,-1
230,-1,218,228,57,128,0.92,7,-1,-1
230,-1,264,189,22,45,0.86,7,-1,-1
230,-1,227,208,16,20,0.86,2,-1,-1
230,-1,276,177,11,12,0.66,2,-1,-1
230,-1,246,199,11,12,0.15,2,-1,-1
231,-1,216,230,58,139,0.92,7,-1,-1
231,-1,227,208,16,20,0.86,2,-1,-1
231,-1,262,191,23,45,0.86,7,-1,-1
231,-1,246,198,11,12,0.76,2,-1,-1
231,-1,276,178,12,12,0.68,2,-1,-1
231,-1,303,166,8,11,0.12,2,-1,-1
232,-1,212,234,60,144,0.92,7,-1,-1
232,-1,261,191,24,47,0.87,7,-1,-1
232,-1,227,208,16,20,0.86,2,-1,-1
232,-1,246,198,11,12,0.76,2,-1,-1
232,-1,276,179,12,12,0.64,2,-1,-1
232,-1,299,169,8,10,0.11,2,-1,-1
232,-1,302,166,8,12,0.11,2,-1,-1
233,-1,207,239,64,156,0.91,7,-1,-1
233,-1,260,192,24,49,0.88,7,-1,-1
233,-1,226,208,16,20,0.86,2,-1,-1
233,-1,246,198,11,13,0.79,2,-1,-1
233,-1,275,179,12,13,0.66,2,-1,-1
234,-1,204,241,66,165,0.92,7,-1,-1
234,-1,259,193,25,50,0.89,7,-1,-1
234,-1,226,208,16,20,0.87,2,-1,-1
234,-1,246,197,11,13,0.78,2,-1,-1
234,-1,274,179,13,15,0.64,2,-1,-1
235,-1,200,246,70,179,0.92,7,-1,-1
235,-1,258,195,26,52,0.88,7,-1,-1
235,-1,226,208,16,20,0.86,2,-1,-1
235,-1,246,197,11,13,0.80,2,-1,-1
235,-1,274,180,13,14,0.66,2,-1,-1
236,-1,196,249,72,189,0.91,7,-1,-1
236,-1,256,196,28,55,0.89,7,-1,-1
236,-1,226,207,16,20,0.86,2,-1,-1
236,-1,246,197,11,12,0.78,2,-1,-1
236,-1,274,180,13,14,0.69,2,-1,-1
236,-1,294,162,11,14,0.10,7,-1,-1
237,-1,188,255,79,210,0.90,7,-1,-1
237,-1,255,197,28,58,0.88,7,-1,-1
237,-1,226,207,16,20,0.87,2,-1,-1
237,-1,274,180,13,14,0.77,2,-1,-1
237,-1,246,198,11,12,0.65,2,-1,-1
238,-1,254,198,28,58,0.88,7,-1,-1
238,-1,185,258,82,224,0.88,7,-1,-1
238,-1,226,208,16,20,0.87,2,-1,-1
238,-1,274,181,13,14,0.76,2,-1,-1
238,-1,246,197,12,12,0.65,2,-1,-1
239,-1,253,200,30,60,0.89,7,-1,-1
239,-1,226,207,16,20,0.87,2,-1,-1
239,-1,176,264,90,248,0.86,7,-1,-1
239,-1,273,182,14,16,0.75,2,-1,-1
239,-1,246,197,12,12,0.65,2,-1,-1
240,-1,252,201,30,62,0.89,7,-1,-1
240,-1,226,208,16,20,0.87,2,-1,-1
240,-1,172,270,92,260,0.86,7,-1,-1
240,-1,246,197,12,13,0.78,2,-1,-1
240,-1,273,183,14,16,0.75,2,-1,-1
241,-1,250,203,32,67,0.90,7,-1,-1
241,-1,226,207,17,20,0.86,2,-1,-1
241,-1,158,280,104,246,0.85,7,-1,-1
241,-1,272,184,15,17,0.75,2,-1,-1
241,-1,246,198,12,12,0.68,2,-1,-1
242,-1,250,204,32,68,0.90,7,-1,-1
242,-1,226,207,16,20,0.87,2,-1,-1
242,-1,153,285,108,242,0.86,7,-1,-1
242,-1,246,197,12,12,0.74,2,-1,-1
242,-1,272,186,15,18,0.73,2,-1,-1
243,-1,247,206,33,72,0.90,7,-1,-1
243,-1,226,207,16,20,0.86,2,-1,-1
243,-1,271,188,15,19,0.73,2,-1,-1
243,-1,246,197,12,12,0.72,2,-1,-1
244,-1,245,207,36,74,0.90,7,-1,-1
244,-1,226,207,16,20,0.87,2,-1,-1
244,-1,269,190,16,20,0.68,2,-1,-1
244,-1,246,196,12,13,0.55,2,-1,-1
245,-1,243,209,38,78,0.88,7,-1,-1
245,-1,108,318,148,216,0.87,7,-1,-1
245,-1,226,207,17,20,0.87,2,-1,-1
245,-1,246,196,12,14,0.59,2,-1,-1
245,-1,268,192,16,21,0.58,2,-1,-1
246,-1,242,212,38,79,0.90,7,-1,-1
246,-1,226,207,16,20,0.86,2,-1,-1
246,-1,267,195,16,21,0.59,2,-1,-1
246,-1,247,196,11,13,0.46,2,-1,-1
247,-1,240,214,38,84,0.88,7,-1,-1
247,-1,226,207,17,20,0.87,2,-1,-1
247,-1,267,193,17,25,0.76,2,-1,-1
247,-1,248,195,12,14,0.53,2,-1,-1
248,-1,239,215,40,88,0.89,7,-1,-1
248,-1,226,207,17,20,0.86,2,-1,-1
248,-1,266,195,18,24,0.68,2,-1,-1
248,-1,247,195,12,14,0.57,2,-1,-1
249,-1,236,219,42,91,0.90,7,-1,-1
249,-1,226,207,16,20,0.87,2,-1,-1
249,-1,265,196,18,25,0.80,2,-1,-1
249,-1,247,196,12,13,0.65,2,-1,-1
250,-1,235,221,42,94,0.90,7,-1,-1
250,-1,226,207,16,20,0.87,2,-1,-1
250,-1,264,195,19,28,0.78,2,-1,-1
250,-1,247,196,11,13,0.62,2,-1,-1
251,-1,232,225,46,100,0.91,7,-1,-1
251,-1,226,207,16,20,0.87,2,-1,-1
251,-1,263,196,20,30,0.79,2,-1,-1
251,-1,247,196,12,12,0.76,2,-1,-1
252,-1,230,227,46,102,0.91,7,-1,-1
252,-1,226,208,16,20,0.87,2,-1,-1
252,-1,248,196,11,12,0.80,2,-1,-1
252,-1,262,197,20,31,0.77,2,-1,-1
253,-1,228,229,48,110,0.90,7,-1,-1
253,-1,226,208,16,20,0.87,2,-1,-1
253,-1,261,199,21,32,0.79,2,-1,-1
253,-1,248,195,11,12,0.74,2,-1,-1
254,-1,224,232,51,116,0.90,7,-1,-1
254,-1,226,208,16,20,0.87,2,-1,-1
254,-1,260,201,21,32,0.84,2,-1,-1
254,-1,248,195,12,12,0.77,2,-1,-1
255,-1,220,236,54,124,0.91,7,-1,-1
255,-1,226,208,16,20,0.86,2,-1,-1
255,-1,258,203,22,35,0.84,2,-1,-1
255,-1,248,196,11,12,0.73,2,-1,-1
256,-1,218,238,57,132,0.91,7,-1,-1
256,-1,226,208,16,20,0.87,2,-1,-1
256,-1,258,205,22,36,0.84,2,-1,-1
256,-1,248,195,11,12,0.79,2,-1,-1
257,-1,213,243,61,142,0.92,7,-1,-1
257,-1,226,208,16,20,0.87,2,-1,-1
257,-1,256,208,24,38,0.77,2,-1,-1
257,-1,248,195,12,12,0.75,2,-1,-1
258,-1,211,245,64,150,0.92,7,-1,-1
258,-1,226,208,16,20,0.87,2,-1,-1
258,-1,256,209,24,40,0.73,2,-1,-1
258,-1,248,195,11,12,0.71,2,-1,-1
259,-1,205,251,68,163,0.91,7,-1,-1
259,-1,226,208,16,20,0.87,2,-1,-1
259,-1,254,211,26,42,0.84,2,-1,-1
259,-1,248,195,12,12,0.75,2,-1,-1
260,-1,202,254,70,172,0.91,7,-1,-1
260,-1,226,207,16,20,0.87,2,-1,-1
260,-1,252,212,26,44,0.87,2,-1,-1
260,-1,248,195,12,12,0.75,2,-1,-1
261,-1,195,261,76,188,0.91,7,-1,-1
261,-1,226,208,16,20,0.87,2,-1,-1
261,-1,251,214,28,50,0.87,2,-1,-1
261,-1,248,195,12,12,0.65,2,-1,-1
262,-1,189,266,81,200,0.89,7,-1,-1
262,-1,226,207,16,20,0.87,2,-1,-1
262,-1,250,216,28,55,0.76,2,-1,-1
262,-1,248,195,12,12,0.68,2,-1,-1
263,-1,182,272,87,224,0.88,7,-1,-1
263,-1,226,207,16,20,0.87,2,-1,-1
263,-1,247,218,30,60,0.82,2,-1,-1
263,-1,248,195,12,12,0.70,2,-1,-1
264,-1,226,207,16,20,0.86,2,-1,-1
264,-1,176,272,90,247,0.86,7,-1,-1
264,-1,248,194,14,14,0.76,2,-1,-1
264,-1,246,221,31,62,0.69,7,-1,-1
265,-1,226,208,16,20,0.87,2,-1,-1
265,-1,249,193,14,14,0.80,2,-1,-1
265,-1,244,224,34,65,0.76,2,-1,-1
266,-1,226,207,16,20,0.87,2,-1,-1
266,-1,166,294,102,238,0.82,7,-1,-1
266,-1,249,193,14,14,0.81,2,-1,-1
266,-1,242,226,36,68,0.71,2,-1,-1
267,-1,238,228,38,76,0.90,7,-1,-1
267,-1,226,208,16,20,0.87,2,-1,-1
267,-1,249,192,14,14,0.77,2,-1,-1
268,-1,236,232,39,79,0.88,7,-1,-1
268,-1,226,208,16,20,0.87,2,-1,-1
268,-1,249,192,14,14,0.78,2,-1,-1
269,-1,233,236,43,84,0.89,7,-1,-1
269,-1,134,326,124,209,0.89,7,-1,-1
269,-1,226,208,16,20,0.86,2,-1,-1
269,-1,249,192,14,14,0.79,2,-1,-1
270,-1,231,238,44,88,0.90,7,-1,-1
270,-1,226,208,16,20,0.86,2,-1,-1
270,-1,249,192,14,14,0.79,2,-1,-1
271,-1,228,241,45,95,0.89,7,-1,-1
271,-1,226,208,16,20,0.87,2,-1,-1
271,-1,250,192,13,14,0.80,2,-1,-1
272,-1,226,244,47,100,0.90,7,-1,-1
272,-1,226,208,16,20,0.86,2,-1,-1
272,-1,250,192,13,14,0.80,2,-1,-1
273,-1,222,251,50,107,0.90,7,-1,-1
273,-1,226,208,16,20,0.87,2,-1,-1
273,-1,250,193,14,13,0.84,2,-1,-1
274,-1,220,255,51,111,0.90,7,-1,-1
274,-1,226,208,16,20,0.87,2,-1,-1
274,-1,250,192,14,14,0.84,2,-1,-1
274,-1,182,332,32,39,0.12,2,-1,-1
275,-1,216,261,53,119,0.90,7,-1,-1
275,-1,226,208,16,20,0.87,2,-1,-1
275,-1,250,193,13,13,0.84,2,-1,-1
276,-1,212,266,56,125,0.91,7,-1,-1
276,-1,226,208,16,20,0.86,2,-1,-1
276,-1,250,193,13,13,0.84,2,-1,-1
277,-1,207,272,61,138,0.90,7,-1,-1
277,-1,226,208,16,20,0.87,2,-1,-1
277,-1,250,194,13,12,0.81,2,-1,-1
278,-1,203,276,64,148,0.90,7,-1,-1
278,-1,226,208,16,20,0.87,2,-1,-1
278,-1,250,194,13,12,0.81,2,-1,-1
279,-1,196,285,70,164,0.91,7,-1,-1
279,-1,226,208,16,20,0.86,2,-1,-1
279,-1,251,192,13,13,0.79,2,-1,-1
280,-1,191,290,74,176,0.91,7,-1,-1
280,-1,226,208,16,20,0.86,2,-1,-1
280,-1,251,192,13,13,0.79,2,-1,-1
281,-1,182,302,80,194,0.92,7,-1,-1
281,-1,226,208,16,20,0.86,2,-1,-1
281,-1,251,192,14,14,0.81,2,-1,-1
282,-1,176,306,85,214,0.90,7,-1,-1
282,-1,226,208,16,20,0.86,2,-1,-1
282,-1,251,192,14,14,0.81,2,-1,-1
283,-1,226,208,16,20,0.86,2,-1,-1
283,-1,251,192,14,14,0.80,2,-1,-1
284,-1,225,208,17,20,0.86,2,-1,-1
284,-1,252,192,12,13,0.72,2,-1,-1
285,-1,225,207,17,20,0.86,2,-1,-1
285,-1,252,192,12,12,0.70,2,-1,-1
286,-1,402,426,59,81,0.90,2,-1,-1
286,-1,225,207,17,20,0.86,2,-1,-1
286,-1,252,192,12,12,0.70,2,-1,-1
287,-1,389,389,49,66,0.92,2,-1,-1
287,-1,225,207,17,20,0.85,2,-1,-1
287,-1,252,192,12,13,0.73,2,-1,-1
288,-1,381,369,44,60,0.91,2,-1,-1
288,-1,225,208,17,20,0.86,2,-1,-1
288,-1,253,192,11,12,0.77,2,-1,-1
289,-1,371,344,40,53,0.91,2,-1,-1
289,-1,226,207,17,20,0.86,2,-1,-1
289,-1,253,192,11,12,0.67,2,-1,-1
289,-1,273,163,10,11,0.10,2,-1,-1
290,-1,366,330,36,48,0.90,2,-1,-1
290,-1,226,207,17,20,0.86,2,-1,-1
290,-1,252,192,11,12,0.74,2,-1,-1
290,-1,274,162,10,12,0.15,2,-1,-1
291,-1,360,311,32,44,0.89,2,-1,-1
291,-1,226,207,17,20,0.86,2,-1,-1
291,-1,253,192,11,12,0.75,2,-1,-1
291,-1,275,163,10,12,0.15,2,-1,-1
292,-1,354,302,31,41,0.89,2,-1,-1
292,-1,226,207,17,20,0.86,2,-1,-1
292,-1,253,192,11,12,0.78,2,-1,-1
292,-1,275,163,10,12,0.19,2,-1,-1
293,-1,347,288,31,38,0.88,2,-1,-1
293,-1,226,208,17,20,0.86,2,-1,-1
293,-1,253,192,11,12,0.79,2,-1,-1
293,-1,274,165,10,11,0.41,2,-1,-1
294,-1,346,280,27,35,0.89,2,-1,-1
294,-1,226,208,17,20,0.86,2,-1,-1
294,-1,253,192,12,12,0.79,2,-1,-1
294,-1,274,165,10,11,0.41,2,-1,-1
295,-1,344,269,24,33,0.87,2,-1,-1
295,-1,226,208,17,20,0.86,2,-1,-1
295,-1,252,192,12,12,0.80,2,-1,-1
295,-1,273,166,10,11,0.39,2,-1,-1
296,-1,342,263,23,31,0.88,2,-1,-1
296,-1,226,208,17,20,0.86,2,-1,-1
296,-1,252,192,12,12,0.80,2,-1,-1
296,-1,276,164,10,12,0.37,2,-1,-1
297,-1,337,255,23,28,0.86,2,-1,-1
297,-1,226,208,17,20,0.86,2,-1,-1
297,-1,253,192,12,12,0.80,2,-1,-1
297,-1,276,166,10,12,0.30,2,-1,-1
298,-1,226,208,17,20,0.86,2,-1,-1
298,-1,336,248,22,30,0.86,2,-1,-1
298,-1,253,192,12,12,0.80,2,-1,-1
298,-1,276,166,10,12,0.33,2,-1,-1
299,-1,226,208,17,20,0.86,2,-1,-1
299,-1,332,242,22,27,0.86,2,-1,-1
299,-1,253,192,12,12,0.80,2,-1,-1
299,-1,276,166,10,12,0.46,2,-1,-1
300,-1,226,208,17,20,0.86,2,-1,-1
300,-1,331,238,21,26,0.83,2,-1,-1
300,-1,253,192,11,12,0.79,2,-1,-1
300,-1,276,166,10,13,0.48,2,-1,-1
301,-1,226,208,16,20,0.86,2,-1,-1
301,-1,329,233,20,24,0.84,2,-1,-1
301,-1,254,192,11,12,0.81,2,-1,-1
301,-1,276,166,10,14,0.55,2,-1,-1
302,-1,226,207,17,20,0.86,2,-1,-1
302,-1,327,229,20,24,0.83,2,-1,-1
302,-1,254,191,11,12,0.80,2,-1,-1
302,-1,276,166,10,14,0.52,2,-1,-1
303,-1,226,208,16,20,0.86,2,-1,-1
303,-1,327,224,18,23,0.81,2,-1,-1
303,-1,254,191,11,12,0.80,2,-1,-1
303,-1,276,167,10,14,0.49,2,-1,-1
304,-1,226,207,16,20,0.85,2,-1,-1
304,-1,254,191,11,12,0.79,2,-1,-1
304,-1,325,221,19,22,0.76,2,-1,-1
304,-1,276,167,10,14,0.58,2,-1,-1
305,-1,226,207,16,20,0.85,2,-1,-1
305,-1,254,191,11,12,0.78,2,-1,-1
305,-1,322,218,19,20,0.78,2,-1,-1
305,-1,276,167,10,14,0.58,2,-1,-1
306,-1,226,207,17,20,0.85,2,-1,-1
306,-1,322,217,18,18,0.80,2,-1,-1
306,-1,254,191,11,11,0.78,2,-1,-1
306,-1,276,168,10,15,0.56,2,-1,-1
307,-1,226,207,16,20,0.85,2,-1,-1
307,-1,321,210,17,19,0.79,2,-1,-1
307,-1,254,191,11,11,0.79,2,-1,-1
307,-1,276,168,10,15,0.55,2,-1,-1
308,-1,226,207,16,20,0.86,2,-1,-1
308,-1,254,191,11,11,0.78,2,-1,-1
308,-1,322,207,16,20,0.66,2,-1,-1
308,-1,276,168,10,16,0.64,2,-1,-1
309,-1,226,207,17,20,0.85,2,-1,-1
309,-1,254,191,11,11,0.79,2,-1,-1
309,-1,320,206,18,19,0.67,2,-1,-1
309,-1,276,169,10,16,0.65,2,-1,-1
310,-1,226,207,17,20,0.85,2,-1,-1
310,-1,254,191,11,11,0.79,2,-1,-1
310,-1,276,169,10,16,0.65,2,-1,-1
310,-1,320,205,16,18,0.62,2,-1,-1
311,-1,226,207,17,20,0.85,2,-1,-1
311,-1,254,191,11,11,0.80,2,-1,-1
311,-1,320,202,16,16,0.77,2,-1,-1
311,-1,276,169,10,16,0.65,2,-1,-1
312,-1,226,207,16,20,0.86,2,-1,-1
312,-1,318,199,16,17,0.81,2,-1,-1
312,-1,254,190,12,11,0.80,2,-1,-1
312,-1,276,170,10,16,0.60,2,-1,-1
313,-1,226,207,16,20,0.86,2,-1,-1
313,-1,317,196,16,17,0.84,2,-1,-1
313,-1,253,190,12,12,0.82,2,-1,-1
313,-1,277,170,11,17,0.67,2,-1,-1
314,-1,226,207,16,20,0.86,2,-1,-1
314,-1,317,195,15,17,0.83,2,-1,-1
314,-1,253,190,12,12,0.82,2,-1,-1
314,-1,277,170,11,18,0.65,2,-1,-1
315,-1,226,207,16,20,0.86,2,-1,-1
315,-1,253,190,12,12,0.81,2,-1,-1
315,-1,316,195,15,16,0.66,2,-1,-1
315,-1,276,170,11,18,0.63,2,-1,-1
316,-1,226,207,16,20,0.86,2,-1,-1
316,-1,253,190,12,12,0.80,2,-1,-1
316,-1,316,194,14,14,0.77,2,-1,-1
316,-1,276,170,11,18,0.66,2,-1,-1
317,-1,226,207,16,20,0.86,2,-1,-1
317,-1,253,190,12,12,0.80,2,-1,-1
317,-1,314,190,15,16,0.74,2,-1,-1
317,-1,276,172,12,17,0.69,2,-1,-1
318,-1,226,207,16,20,0.86,2,-1,-1
318,-1,253,190,12,12,0.79,2,-1,-1
318,-1,276,172,12,18,0.62,2,-1,-1
318,-1,313,191,14,13,0.60,2,-1,-1
319,-1,226,207,16,20,0.86,2,-1,-1
319,-1,253,190,12,12,0.70,2,-1,-1
319,-1,312,189,13,12,0.63,2,-1,-1
319,-1,276,171,12,20,0.51,2,-1,-1
320,-1,226,207,16,20,0.86,2,-1,-1
320,-1,253,190,12,11,0.64,2,-1,-1
320,-1,312,188,14,12,0.60,2,-1,-1
320,-1,276,172,12,19,0.58,2,-1,-1
321,-1,226,207,16,20,0.86,2,-1,-1
321,-1,312,186,12,12,0.68,2,-1,-1
321,-1,254,190,11,11,0.51,2,-1,-1
321,-1,276,172,12,20,0.48,2,-1,-1
322,-1,226,207,16,20,0.85,2,-1,-1
322,-1,276,174,12,19,0.73,2,-1,-1
322,-1,311,184,12,12,0.71,2,-1,-1
322,-1,254,190,11,11,0.49,2,-1,-1
323,-1,226,207,16,20,0.85,2,-1,-1
323,-1,276,174,12,20,0.74,2,-1,-1
323,-1,312,183,12,12,0.64,2,-1,-1
323,-1,255,190,11,11,0.59,2,-1,-1
324,-1,226,207,16,20,0.86,2,-1,-1
324,-1,312,182,12,12,0.72,2,-1,-1
324,-1,254,190,11,10,0.61,2,-1,-1
324,-1,276,174,12,21,0.58,2,-1,-1
325,-1,226,207,16,20,0.86,2,-1,-1
325,-1,255,189,10,11,0.68,2,-1,-1
325,-1,311,180,12,13,0.66,2,-1,-1
325,-1,276,174,12,21,0.56,2,-1,-1
326,-1,226,207,16,20,0.86,2,-1,-1
326,-1,311,178,12,13,0.63,2,-1,-1
326,-1,255,189,10,11,0.62,2,-1,-1
326,-1,276,175,12,21,0.51,2,-1,-1
327,-1,226,207,16,20,0.86,2,-1,-1
327,-1,310,178,11,12,0.62,2,-1,-1
327,-1,275,176,12,22,0.55,7,-1,-1
327,-1,255,188,10,11,0.55,2,-1,-1
328,-1,226,207,16,20,0.86,2,-1,-1
328,-1,310,177,11,12,0.71,2,-1,-1
328,-1,275,176,12,22,0.51,7,-1,-1
328,-1,255,189,10,11,0.41,2,-1,-1
329,-1,226,207,16,20,0.86,2,-1,-1
329,-1,275,176,13,24,0.66,7,-1,-1
329,-1,255,189,10,11,0.54,2,-1,-1
329,-1,310,177,10,11,0.53,2,-1,-1
330,-1,226,207,16,20,0.86,2,-1,-1
330,-1,274,177,13,22,0.53,7,-1,-1
330,-1,255,189,10,11,0.48,2,-1,-1
330,-1,310,177,9,10,0.40,2,-1,-1
331,-1,226,207,16,20,0.86,2,-1,-1
331,-1,274,178,14,24,0.56,7,-1,-1
331,-1,255,188,10,11,0.47,2,-1,-1
331,-1,308,174,9,11,0.45,2,-1,-1
332,-1,226,207,16,20,0.86,2,-1,-1
332,-1,274,178,14,24,0.61,7,-1,-1
332,-1,308,174,9,11,0.46,2,-1,-1
332,-1,255,188,10,11,0.39,2,-1,-1
333,-1,226,207,16,20,0.86,2,-1,-1
333,-1,274,178,15,26,0.79,7,-1,-1
333,-1,255,188,10,11,0.48,2,-1,-1
333,-1,310,174,8,10,0.11,2,-1,-1
334,-1,226,207,16,20,0.86,2,-1,-1
334,-1,274,179,15,26,0.82,7,-1,-1
334,-1,255,188,10,11,0.36,2,-1,-1
335,-1,226,207,16,20,0.86,2,-1,-1
335,-1,274,179,15,27,0.82,7,-1,-1
335,-1,256,188,10,11,0.27,2,-1,-1
335,-1,306,171,9,11,0.23,2,-1,-1
336,-1,226,207,16,20,0.86,2,-1,-1
336,-1,272,180,16,26,0.77,7,-1,-1
336,-1,306,170,8,10,0.40,2,-1,-1
336,-1,256,187,10,11,0.26,2,-1,-1
337,-1,226,207,16,20,0.86,2,-1,-1
337,-1,272,183,16,26,0.82,7,-1,-1
337,-1,256,188,10,11,0.63,2,-1,-1
338,-1,226,207,16,20,0.86,2,-1,-1
338,-1,272,182,16,28,0.79,7,-1,-1
338,-1,256,187,10,11,0.52,2,-1,-1
339,-1,226,207,16,20,0.86,2,-1,-1
339,-1,272,183,16,28,0.68,7,-1,-1
339,-1,255,187,10,11,0.66,2,-1,-1
339,-1,304,169,9,9,0.19,2,-1,-1
340,-1,226,207,16,21,0.86,2,-1,-1
340,-1,272,183,16,29,0.77,7,-1,-1
340,-1,256,187,10,11,0.65,2,-1,-1
341,-1,226,207,16,20,0.86,2,-1,-1
341,-1,271,184,17,30,0.82,7,-1,-1
341,-1,256,187,10,11,0.73,2,-1,-1
341,-1,303,167,8,9,0.37,2,-1,-1
342,-1,226,207,16,21,0.86,2,-1,-1
342,-1,270,185,17,30,0.83,7,-1,-1
342,-1,256,187,10,11,0.73,2,-1,-1
342,-1,303,167,8,8,0.34,2,-1,-1
343,-1,226,207,17,21,0.86,2,-1,-1
343,-1,270,186,18,32,0.85,7,-1,-1
343,-1,256,187,10,11,0.74,2,-1,-1
344,-1,226,207,17,21,0.86,2,-1,-1
344,-1,270,186,18,32,0.83,7,-1,-1
344,-1,256,186,10,10,0.77,2,-1,-1
345,-1,226,207,17,21,0.86,2,-1,-1
345,-1,270,187,18,32,0.82,7,-1,-1
345,-1,256,186,10,11,0.81,2,-1,-1
346,-1,226,207,17,21,0.86,2,-1,-1
346,-1,269,189,18,32,0.82,7,-1,-1
346,-1,256,187,10,10,0.82,2,-1,-1
347,-1,226,207,17,21,0.86,2,-1,-1
347,-1,256,186,10,10,0.81,2,-1,-1
347,-1,268,191,18,32,0.71,7,-1,-1
348,-1,226,207,17,21,0.86,2,-1,-1
348,-1,255,186,10,11,0.82,2,-1,-1
348,-1,268,191,18,34,0.80,7,-1,-1
349,-1,226,207,16,20,0.87,2,-1,-1
349,-1,266,193,20,34,0.84,7,-1,-1
349,-1,256,186,10,10,0.80,2,-1,-1
350,-1,226,207,16,20,0.87,2,-1,-1
350,-1,266,194,20,34,0.80,7,-1,-1
350,-1,256,186,10,10,0.79,2,-1,-1
351,-1,226,207,16,20,0.86,2,-1,-1
351,-1,265,195,20,36,0.81,7,-1,-1
351,-1,256,186,10,10,0.80,2,-1,-1
352,-1,226,207,16,20,0.86,2,-1,-1
352,-1,264,197,20,36,0.83,7,-1,-1
352,-1,256,186,11,11,0.82,2,-1,-1
353,-1,226,207,16,20,0.87,2,-1,-1
353,-1,263,197,21,38,0.86,7,-1,-1
353,-1,256,186,10,11,0.83,2,-1,-1
354,-1,263,198,21,39,0.87,7,-1,-1
354,-1,226,207,16,20,0.87,2,-1,-1
354,-1,256,186,10,11,0.84,2,-1,-1
355,-1,262,201,22,40,0.88,7,-1,-1
355,-1,226,207,16,20,0.87,2,-1,-1
355,-1,256,186,10,11,0.83,2,-1,-1
356,-1,261,202,23,40,0.88,7,-1,-1
356,-1,226,207,16,21,0.87,2,-1,-1
356,-1,256,186,10,11,0.83,2,-1,-1
357,-1,260,204,23,42,0.88,7,-1,-1
357,-1,226,207,16,21,0.87,2,-1,-1
357,-1,256,186,10,11,0.82,2,-1,-1
358,-1,259,204,24,44,0.89,7,-1,-1
358,-1,226,207,16,20,0.87,2,-1,-1
358,-1,256,186,10,10,0.83,2,-1,-1
359,-1,258,206,25,45,0.89,7,-1,-1
359,-1,226,207,16,20,0.86,2,-1,-1
359,-1,256,185,10,11,0.83,2,-1,-1
360,-1,256,207,26,47,0.87,7,-1,-1
360,-1,226,207,16,20,0.86,2,-1,-1
360,-1,256,185,10,11,0.83,2,-1,-1
361,-1,256,210,26,48,0.88,7,-1,-1
361,-1,226,207,16,20,0.87,2,-1,-1
361,-1,256,185,11,11,0.84,2,-1,-1
362,-1,255,210,28,50,0.88,7,-1,-1
362,-1,226,207,16,20,0.87,2,-1,-1
362,-1,256,185,11,10,0.83,2,-1,-1
363,-1,253,212,28,52,0.88,7,-1,-1
363,-1,226,207,16,20,0.87,2,-1,-1
363,-1,256,185,11,11,0.83,2,-1,-1
364,-1,252,215,28,54,0.89,7,-1,-1
364,-1,226,207,16,20,0.87,2,-1,-1
364,-1,256,184,11,10,0.73,2,-1,-1
365,-1,250,218,30,54,0.90,7,-1,-1
365,-1,226,207,16,20,0.87,2,-1,-1
365,-1,256,184,11,10,0.75,2,-1,-1
366,-1,249,220,30,56,0.90,7,-1,-1
366,-1,226,207,16,20,0.87,2,-1,-1
366,-1,256,184,11,10,0.75,2,-1,-1
367,-1,246,223,33,60,0.90,7,-1,-1
367,-1,226,207,16,20,0.87,2,-1,-1
367,-1,257,184,11,11,0.82,2,-1,-1
368,-1,246,225,34,61,0.88,7,-1,-1
368,-1,226,207,16,20,0.87,2,-1,-1
368,-1,257,184,11,11,0.81,2,-1,-1
369,-1,244,228,36,64,0.89,7,-1,-1
369,-1,226,207,16,20,0.87,2,-1,-1
369,-1,257,183,11,11,0.84,2,-1,-1
370,-1,242,231,36,66,0.89,7,-1,-1
370,-1,226,207,16,20,0.86,2,-1,-1
370,-1,257,183,11,11,0.83,2,-1,-1
371,-1,239,236,38,68,0.89,7,-1,-1
371,-1,226,207,16,20,0.86,2,-1,-1
371,-1,257,183,11,12,0.85,2,-1,-1
372,-1,238,238,38,72,0.90,7,-1,-1
372,-1,226,207,16,20,0.87,2,-1,-1
372,-1,257,183,11,12,0.85,2,-1,-1
373,-1,234,243,41,76,0.90,7,-1,-1
373,-1,226,207,16,20,0.87,2,-1,-1
373,-1,257,182,10,11,0.84,2,-1,-1
374,-1,232,245,43,77,0.89,7,-1,-1
374,-1,226,207,16,20,0.87,2,-1,-1
374,-1,258,182,10,11,0.84,2,-1,-1
375,-1,229,250,44,83,0.89,7,-1,-1
375,-1,226,207,16,20,0.86,2,-1,-1
375,-1,258,182,10,11,0.84,2,-1,-1
376,-1,226,252,46,88,0.90,7,-1,-1
376,-1,226,207,16,20,0.86,2,-1,-1
376,-1,257,182,10,11,0.84,2,-1,-1
377,-1,222,260,48,94,0.90,7,-1,-1
377,-1,226,207,16,20,0.86,2,-1,-1
377,-1,257,182,10,11,0.83,2,-1,-1
378,-1,220,265,50,98,0.90,7,-1,-1
378,-1,226,207,16,20,0.86,2,-1,-1
378,-1,257,182,10,11,0.83,2,-1,-1
379,-1,215,272,54,105,0.91,7,-1,-1
379,-1,226,207,16,20,0.87,2,-1,-1
379,-1,258,182,10,11,0.84,2,-1,-1
380,-1,212,278,56,110,0.92,7,-1,-1
380,-1,226,207,16,20,0.87,2,-1,-1
380,-1,258,182,10,11,0.84,2,-1,-1
381,-1,207,286,60,120,0.90,7,-1,-1
381,-1,226,207,16,20,0.87,2,-1,-1
381,-1,258,182,10,11,0.84,2,-1,-1
382,-1,203,292,64,130,0.91,7,-1,-1
382,-1,226,207,16,20,0.87,2,-1,-1
382,-1,258,182,10,11,0.84,2,-1,-1
383,-1,198,303,66,141,0.91,7,-1,-1
383,-1,226,207,16,20,0.87,2,-1,-1
383,-1,258,182,10,11,0.84,2,-1,-1
384,-1,194,310,70,152,0.91,7,-1,-1
384,-1,226,207,16,20,0.87,2,-1,-1
384,-1,258,182,10,11,0.83,2,-1,-1
385,-1,184,322,78,172,0.92,7,-1,-1
385,-1,226,208,16,20,0.87,2,-1,-1
385,-1,258,182,10,11,0.81,2,-1,-1
386,-1,180,334,81,184,0.91,7,-1,-1
386,-1,226,208,16,20,0.87,2,-1,-1
386,-1,258,182,10,11,0.81,2,-1,-1
387,-1,226,208,16,20,0.87,2,-1,-1
387,-1,258,182,10,11,0.81,2,-1,-1
388,-1,226,208,16,20,0.87,2,-1,-1
388,-1,258,182,10,11,0.81,2,-1,-1
389,-1,226,207,16,20,0.86,2,-1,-1
389,-1,258,182,10,11,0.81,2,-1,-1
390,-1,226,207,16,20,0.86,2,-1,-1
390,-1,258,182,10,11,0.81,2,-1,-1
391,-1,226,207,16,20,0.86,2,-1,-1
391,-1,259,181,10,11,0.76,2,-1,-1
392,-1,226,207,16,20,0.86,2,-1,-1
392,-1,259,181,10,11,0.74,2,-1,-1
393,-1,226,207,16,20,0.86,2,-1,-1
393,-1,259,180,10,11,0.71,2,-1,-1
394,-1,226,208,16,20,0.86,2,-1,-1
394,-1,259,180,10,11,0.73,2,-1,-1
395,-1,226,207,16,20,0.86,2,-1,-1
395,-1,259,180,10,11,0.72,2,-1,-1
396,-1,226,208,16,20,0.86,2,-1,-1
396,-1,259,180,10,11,0.72,2,-1,-1
397,-1,226,208,16,20,0.87,2,-1,-1
397,-1,259,181,10,11,0.72,2,-1,-1
398,-1,226,208,16,20,0.87,2,-1,-1
398,-1,259,181,10,10,0.74,2,-1,-1
399,-1,226,208,16,20,0.87,2,-1,-1
399,-1,260,180,10,10,0.77,2,-1,-1
400,-1,226,207,16,20,0.86,2,-1,-1
400,-1,260,180,10,10,0.75,2,-1,-1
401,-1,226,208,16,20,0.86,2,-1,-1
401,-1,260,180,10,10,0.77,2,-1,-1
402,-1,226,208,16,20,0.86,2,-1,-1
402,-1,260,180,10,10,0.77,2,-1,-1
403,-1,226,208,16,20,0.86,2,-1,-1
403,-1,260,180,10,10,0.77,2,-1,-1
404,-1,226,208,16,20,0.86,2,-1,-1
404,-1,260,180,10,10,0.75,2,-1,-1
405,-1,226,208,16,20,0.86,2,-1,-1
405,-1,260,180,10,10,0.75,2,-1,-1
406,-1,226,207,16,20,0.86,2,-1,-1
406,-1,260,180,10,10,0.75,2,-1,-1
407,-1,226,207,16,20,0.86,2,-1,-1
407,-1,260,179,9,10,0.76,2,-1,-1
408,-1,226,207,16,20,0.86,2,-1,-1
408,-1,260,179,9,10,0.76,2,-1,-1
409,-1,226,207,16,21,0.85,2,-1,-1
409,-1,260,179,9,10,0.73,2,-1,-1
410,-1,226,207,16,21,0.85,2,-1,-1
410,-1,260,179,9,10,0.73,2,-1,-1
411,-1,226,207,16,20,0.85,2,-1,-1
411,-1,260,179,9,10,0.72,2,-1,-1
412,-1,226,207,16,20,0.85,2,-1,-1
412,-1,260,179,10,10,0.75,2,-1,-1
413,-1,226,207,16,20,0.86,2,-1,-1
413,-1,260,179,9,10,0.71,2,-1,-1
414,-1,226,207,16,20,0.86,2,-1,-1
414,-1,260,179,9,10,0.71,2,-1,-1
415,-1,226,207,16,20,0.85,2,-1,-1
415,-1,260,178,9,10,0.71,2,-1,-1
416,-1,226,207,16,20,0.85,2,-1,-1
416,-1,260,178,9,10,0.71,2,-1,-1
417,-1,226,207,16,20,0.85,2,-1,-1
417,-1,260,178,9,10,0.71,2,-1,-1
418,-1,226,207,16,20,0.85,2,-1,-1
418,-1,260,178,9,10,0.71,2,-1,-1
419,-1,226,207,16,20,0.85,2,-1,-1
419,-1,260,178,9,10,0.71,2,-1,-1
420,-1,226,207,16,20,0.85,2,-1,-1
420,-1,260,178,9,10,0.69,2,-1,-1
421,-1,226,207,16,21,0.85,2,-1,-1
421,-1,260,178,9,10,0.71,2,-1,-1
422,-1,226,207,16,21,0.85,2,-1,-1
422,-1,260,178,9,10,0.69,2,-1,-1
423,-1,226,207,16,21,0.85,2,-1,-1
423,-1,260,178,9,10,0.69,2,-1,-1
424,-1,226,207,17,20,0.85,2,-1,-1
424,-1,261,178,9,10,0.66,2,-1,-1
425,-1,226,207,17,21,0.85,2,-1,-1
425,-1,261,178,9,10,0.64,2,-1,-1
426,-1,226,207,17,21,0.86,2,-1,-1
426,-1,261,178,9,10,0.64,2,-1,-1
427,-1,332,421,50,73,0.92,2,-1,-1
427,-1,226,207,17,20,0.85,2,-1,-1
427,-1,261,178,9,10,0.68,2,-1,-1
428,-1,329,400,46,69,0.93,2,-1,-1
428,-1,226,207,17,20,0.85,2,-1,-1
428,-1,261,178,9,10,0.69,2,-1,-1
429,-1,326,375,41,60,0.91,2,-1,-1
429,-1,226,207,17,20,0.85,2,-1,-1
429,-1,261,178,9,9,0.68,2,-1,-1
430,-1,324,360,39,56,0.90,2,-1,-1
430,-1,226,207,17,20,0.85,2,-1,-1
430,-1,261,178,9,9,0.65,2,-1,-1
431,-1,321,342,34,50,0.89,2,-1,-1
431,-1,226,207,17,20,0.85,2,-1,-1
431,-1,260,178,9,9,0.63,2,-1,-1
431,-1,274,167,10,9,0.10,2,-1,-1
432,-1,320,330,32,47,0.89,2,-1,-1
432,-1,226,207,17,20,0.85,2,-1,-1
432,-1,260,178,9,9,0.63,2,-1,-1
432,-1,274,167,10,9,0.10,2,-1,-1
433,-1,317,316,32,43,0.90,2,-1,-1
433,-1,226,207,16,20,0.86,2,-1,-1
433,-1,261,178,8,9,0.62,2,-1,-1
434,-1,316,306,31,42,0.89,2,-1,-1
434,-1,226,207,16,20,0.86,2,-1,-1
434,-1,261,178,8,9,0.61,2,-1,-1
434,-1,273,168,9,10,0.15,2,-1,-1
435,-1,314,296,29,38,0.89,2,-1,-1
435,-1,226,207,16,20,0.86,2,-1,-1
435,-1,261,178,8,9,0.61,2,-1,-1
435,-1,273,168,9,10,0.13,2,-1,-1
436,-1,314,290,27,36,0.90,2,-1,-1
436,-1,226,207,16,20,0.86,2,-1,-1
436,-1,260,178,9,9,0.58,2,-1,-1
436,-1,272,168,10,10,0.13,2,-1,-1
437,-1,313,280,24,34,0.88,2,-1,-1
437,-1,226,207,16,21,0.86,2,-1,-1
437,-1,261,177,8,9,0.58,2,-1,-1
438,-1,312,274,24,33,0.88,2,-1,-1
438,-1,226,207,16,21,0.86,2,-1,-1
438,-1,260,178,9,9,0.54,2,-1,-1
439,-1,310,266,24,30,0.87,2,-1,-1
439,-1,226,207,17,21,0.86,2,-1,-1
439,-1,260,178,9,9,0.54,2,-1,-1
440,-1,310,261,24,30,0.87,2,-1,-1
440,-1,226,207,16,21,0.86,2,-1,-1
440,-1,261,177,8,9,0.53,2,-1,-1
441,-1,309,255,22,28,0.87,2,-1,-1
441,-1,226,207,16,21,0.86,2,-1,-1
441,-1,261,177,8,9,0.50,2,-1,-1
442,-1,310,251,21,26,0.88,2,-1,-1
442,-1,226,207,16,21,0.86,2,-1,-1
442,-1,261,177,9,9,0.49,2,-1,-1
442,-1,275,159,10,20,0.16,7,-1,-1
443,-1,308,245,20,26,0.86,2,-1,-1
443,-1,226,207,16,21,0.86,2,-1,-1
443,-1,262,177,8,9,0.55,2,-1,-1
