2,0,225,203,38,62,0.90,7,1,355,3230,0,200,1
2,1,306,168,8,12,0.72,2,1,457,1898,0,-200,1
3,0,223,204,40,64,0.90,7,2,355,3249,5,191,1
3,1,306,166,10,11,0.46,2,2,457,1874,28,-241,1
4,0,222,206,40,68,0.90,7,3,356,3278,10,236,1
4,1,306,167,10,10,0.63,2,3,457,1840,21,-292,1
5,0,218,207,44,70,0.90,7,4,356,3299,7,230,1
5,1,306,165,8,10,0.45,2,4,458,1785,9,-377,1
6,0,215,209,44,74,0.89,7,5,356,3326,4,239,1
6,1,306,165,8,10,0.49,2,5,458,1732,5,-416,1
7,0,212,211,46,76,0.90,7,6,356,3349,3,237,1
7,1,306,165,8,10,0.45,2,6,458,1690,4,-416,1
8,0,209,215,48,79,0.90,7,7,356,3375,3,242,1
8,1,306,165,8,10,0.49,2,7,458,1661,3,-395,1
9,0,206,216,50,82,0.91,7,8,356,3398,3,240,1
9,1,306,165,8,10,0.49,2,8,458,1642,3,-366,1
10,0,202,220,52,86,0.90,7,9,357,3424,2,242,1
11,0,199,222,54,89,0.91,7,10,357,3447,2,241,1
11,1,304,162,8,10,0.30,2,9,458,1565,-1,-371,1
12,0,194,227,56,94,0.92,7,11,357,3473,2,243,1
12,1,303,162,8,10,0.29,2,10,458,1535,-4,-363,1
12,2,412,444,64,76,0.92,2,1,517,3799,0,-200,1
13,0,190,230,60,97,0.92,7,12,357,3497,2,243,1
13,1,302,162,8,10,0.24,2,11,458,1514,-6,-350,1
13,2,402,419,56,66,0.92,2,2,517,3767,-12,-317,1
14,0,184,233,64,105,0.92,7,13,357,3523,2,244,1
14,1,302,161,8,9,0.31,2,12,457,1474,-8,-354,1
14,2,390,387,48,55,0.90,2,3,517,3721,-12,-387,1
15,0,182,236,64,110,0.92,7,14,357,3548,3,245,1
15,1,302,161,8,9,0.32,2,13,456,1441,-9,-352,1
15,2,384,368,44,51,0.90,2,4,517,3684,-9,-382,1
16,0,172,240,72,119,0.93,7,15,357,3575,3,246,1
16,2,376,346,40,44,0.89,2,5,516,3642,-8,-393,1
17,0,170,243,72,125,0.92,7,16,358,3599,3,246,1
17,1,301,160,8,8,0.10,2,14,454,1366,-10,-355,1
17,2,372,332,36,41,0.89,2,6,516,3603,-7,-392,1
18,0,160,246,80,137,0.92,7,17,358,3625,3,247,1
18,2,367,315,32,36,0.89,2,7,516,3561,-6,-398,1
19,0,154,251,84,144,0.92,7,18,358,3650,3,247,1
19,2,363,304,30,35,0.88,2,8,515,3521,-5,-398,1
20,0,144,258,92,156,0.92,7,19,358,3676,3,248,1
20,2,358,293,28,30,0.88,2,9,515,3479,-6,-400,1
21,0,137,262,98,168,0.92,7,20,359,3701,3,248,1
21,2,355,286,28,28,0.87,2,10,515,3440,-5,-399,1
22,0,124,268,108,187,0.92,7,21,359,3728,4,249,1
22,2,352,275,26,26,0.87,2,11,515,3399,-5,-400,1
23,0,112,274,116,201,0.92,7,22,359,3753,4,249,1
23,2,350,270,24,24,0.86,2,12,514,3359,-5,-400,1
24,0,99,280,126,228,0.93,7,23,360,3780,4,250,1
24,2,348,264,24,20,0.88,2,13,514,3319,-4,-400,1
25,2,346,258,22,20,0.85,2,14,514,3279,-4,-400,1
26,2,344,250,20,20,0.85,2,15,513,3239,-4,-400,1
27,2,342,244,20,20,0.87,2,16,513,3199,-4,-400,1
28,2,340,238,20,20,0.86,2,17,513,3159,-4,-400,1
29,2,340,234,20,19,0.85,2,18,513,3119,-3,-400,1
30,2,338,229,18,18,0.85,2,19,512,3079,-3,-400,1
31,2,338,228,16,16,0.85,2,20,512,3040,-3,-400,1
32,2,337,223,16,16,0.84,2,21,512,3000,-3,-400,1
33,2,335,219,16,16,0.84,2,22,512,2960,-3,-400,1
34,2,334,217,16,14,0.84,2,23,512,2920,-3,-400,1
35,2,332,214,16,14,0.85,2,24,512,2880,-3,-400,1
36,2,332,212,16,14,0.84,2,25,511,2841,-2,-399,1
37,2,331,209,16,14,0.84,2,26,511,2802,-2,-399,1
38,2,331,205,14,14,0.85,2,27,511,2762,-2,-399,1
39,2,331,204,14,14,0.84,2,28,511,2723,-2,-398,1
40,2,329,200,14,14,0.82,2,29,511,2684,-2,-398,1
41,2,328,198,16,14,0.83,2,30,511,2645,-2,-398,1
42,2,326,196,16,14,0.83,2,31,511,2606,-2,-398,1
43,2,327,195,14,13,0.83,2,32,511,2567,-2,-397,1
44,2,328,193,12,12,0.81,2,33,511,2527,-2,-397,1
45,2,325,191,14,13,0.84,2,34,511,2488,-2,-397,1
46,2,324,189,14,14,0.85,2,35,510,2450,-2,-397,1
47,2,324,188,14,13,0.84,2,36,510,2411,-2,-396,1
48,2,323,186,14,12,0.82,2,37,510,2372,-2,-396,1
49,2,324,184,12,12,0.83,2,38,510,2333,-2,-396,1
50,2,322,183,12,12,0.80,2,39,510,2294,-2,-396,1
51,2,322,182,12,12,0.80,2,40,510,2255,-2,-396,1
52,2,322,181,12,12,0.79,2,41,510,2217,-2,-395,1
53,2,321,180,12,12,0.80,2,42,510,2179,-2,-395,1
54,2,320,179,12,10,0.77,2,43,510,2140,-2,-395,1
55,2,320,177,12,12,0.78,2,44,509,2101,-2,-395,1
56,2,319,177,12,10,0.80,2,45,509,2063,-2,-394,1
57,2,318,176,12,11,0.76,2,46,509,2025,-2,-394,1
58,2,318,175,12,10,0.77,2,47,509,1986,-2,-394,1
59,2,318,174,12,11,0.79,2,48,509,1948,-2,-394,1
60,2,316,172,12,11,0.79,2,49,508,1910,-2,-393,1
61,2,316,172,12,11,0.79,2,50,508,1872,-2,-393,1
62,2,317,170,10,10,0.77,2,51,508,1833,-2,-393,1
63,2,314,170,12,10,0.76,2,52,508,1795,-2,-393,1
64,2,316,169,8,9,0.52,2,53,507,1757,-2,-393,1
65,2,315,168,10,10,0.67,2,54,507,1718,-2,-392,1
66,2,316,168,8,10,0.41,2,55,507,1680,-2,-392,1
67,2,314,168,8,8,0.23,2,56,506,1642,-3,-392,1
68,2,313,166,8,8,0.25,2,57,506,1604,-3,-392,1
69,2,312,166,8,8,0.39,2,58,505,1565,-3,-392,1
70,2,312,165,8,8,0.22,2,59,505,1527,-3,-392,1
71,2,311,163,10,10,0.69,2,60,504,1489,-3,-391,1
72,2,311,163,10,10,0.69,2,61,504,1451,-3,-391,1
73,2,310,162,8,9,0.25,2,62,503,1413,-3,-391,1
74,2,309,161,10,10,0.74,2,63,502,1375,-3,-391,1
75,2,310,161,8,10,0.26,2,64,502,1338,-3,-390,1
110,3,270,156,10,14,0.32,7,1,314,1531,0,200,1
111,3,268,153,12,17,0.65,7,2,314,1551,-26,196,1
112,3,268,153,12,18,0.73,7,3,314,1572,-13,203,1
113,3,269,153,12,18,0.73,7,4,313,1590,1,196,1
114,3,270,155,12,16,0.55,7,5,314,1602,10,177,1
115,3,270,154,12,16,0.60,7,6,314,1595,11,128,1
116,3,270,155,12,16,0.53,7,7,315,1599,11,114,1
117,3,270,155,12,16,0.53,7,8,315,1602,11,101,1
118,3,270,155,12,18,0.70,7,9,316,1631,12,125,1
119,3,270,155,12,18,0.70,7,10,317,1652,12,134,1
120,3,268,153,14,20,0.65,7,11,318,1668,11,137,1
121,3,268,153,14,20,0.65,7,12,319,1681,10,136,1
122,3,268,153,14,22,0.38,7,13,319,1712,10,150,1
123,3,268,155,14,20,0.68,7,14,320,1735,9,157,1
124,3,268,156,14,20,0.76,7,15,321,1763,10,166,1
125,3,268,154,14,21,0.65,7,16,322,1777,9,164,1
126,3,268,154,14,22,0.55,7,17,322,1795,9,165,1
127,3,268,155,14,22,0.46,7,18,323,1818,9,169,1
128,3,266,154,16,25,0.76,7,19,324,1853,9,179,1
129,3,266,154,16,25,0.76,7,20,325,1880,9,184,1
130,3,266,154,16,26,0.80,7,21,325,1909,9,189,1
131,3,266,154,16,26,0.79,7,22,326,1934,9,192,1
132,3,266,154,16,26,0.79,7,23,327,1954,9,192,1
133,3,266,154,16,26,0.79,7,24,328,1972,9,192,1
134,3,266,156,16,26,0.76,7,25,328,1997,9,194,1
135,3,266,158,16,24,0.79,7,26,329,2018,9,195,1
136,3,266,158,16,25,0.78,7,27,330,2041,9,196,1
137,3,266,158,16,26,0.61,7,28,331,2065,9,198,1
138,3,266,159,16,26,0.77,7,29,332,2091,9,200,1
139,3,266,158,16,26,0.78,7,30,332,2109,9,199,1
140,3,266,161,16,26,0.76,7,31,333,2136,9,202,1
141,3,266,163,16,24,0.74,7,32,334,2160,9,203,1
142,3,266,166,16,22,0.73,7,33,335,2184,9,204,1
143,3,266,164,16,25,0.79,7,34,336,2209,9,205,1
144,3,266,164,16,25,0.81,7,35,337,2231,9,206,1
145,3,266,165,16,24,0.81,7,36,338,2250,9,205,1
146,3,266,164,16,26,0.73,7,37,339,2270,9,205,1
147,3,266,165,16,26,0.81,7,38,340,2291,9,205,1
147,4,424,424,68,88,0.92,2,1,526,3792,0,-200,1
148,3,266,166,16,26,0.76,7,39,341,2312,9,206,1
148,4,412,398,60,78,0.92,2,2,526,3758,-14,-338,1
149,3,266,164,16,29,0.78,7,40,342,2334,9,206,1
149,4,406,382,54,72,0.92,2,3,526,3730,-9,-306,1
150,3,265,164,16,30,0.80,7,41,343,2356,9,206,1
150,4,398,363,48,64,0.91,2,4,526,3698,-7,-312,1
151,3,264,165,16,30,0.80,7,42,344,2378,9,207,1
151,4,391,350,46,61,0.90,2,5,526,3670,-8,-305,1
152,3,264,168,16,29,0.77,7,43,345,2403,9,208,1
152,4,384,334,42,55,0.91,2,6,525,3638,-8,-308,1
153,3,264,171,16,26,0.81,7,44,346,2425,9,208,1
153,4,380,325,40,53,0.91,2,7,525,3609,-8,-304,1
154,3,262,167,18,32,0.82,7,45,347,2450,9,209,1
154,4,375,313,36,48,0.90,2,8,525,3578,-8,-305,1
155,3,262,169,18,32,0.82,7,46,347,2476,9,210,1
155,4,371,305,36,46,0.90,2,9,524,3549,-8,-303,1
156,3,262,171,16,30,0.79,7,47,348,2500,9,211,1
156,4,368,295,32,43,0.90,2,10,524,3519,-8,-303,1
157,3,262,170,18,32,0.80,7,48,349,2523,9,211,1
157,4,364,289,32,41,0.89,2,11,523,3490,-7,-302,1
158,3,261,169,18,34,0.79,7,49,350,2546,9,211,1
158,4,362,279,28,40,0.89,2,12,523,3459,-7,-302,1
159,3,260,172,20,32,0.82,7,50,351,2568,9,212,1
159,4,360,275,28,38,0.90,2,13,522,3431,-7,-301,1
160,3,258,172,20,34,0.83,7,51,351,2592,9,212,1
160,4,356,268,28,36,0.89,2,14,522,3401,-7,-300,1
161,3,258,176,20,30,0.83,7,52,352,2614,8,212,1
161,4,355,263,26,35,0.89,2,15,521,3372,-6,-299,1
162,3,258,178,20,30,0.84,7,53,353,2636,8,213,1
162,4,354,258,24,32,0.89,2,16,521,3342,-6,-299,1
163,3,258,178,20,32,0.82,7,54,353,2660,8,213,1
163,4,352,254,24,31,0.88,2,17,520,3313,-6,-299,1
164,3,257,180,20,31,0.83,7,55,354,2683,8,213,1
164,4,350,249,24,29,0.88,2,18,520,3283,-5,-299,1
165,3,256,180,20,32,0.84,7,56,355,2706,8,214,1
165,4,348,245,24,29,0.89,2,19,519,3254,-5,-299,1
166,3,254,180,22,34,0.85,7,57,355,2729,8,214,1
166,4,346,240,22,28,0.88,2,20,519,3224,-5,-299,1
167,3,254,181,20,34,0.86,7,58,356,2751,8,214,1
167,4,345,237,22,28,0.88,2,21,519,3195,-5,-298,1
168,3,253,180,22,38,0.87,7,59,356,2776,8,215,1
168,4,344,233,20,26,0.88,2,22,518,3165,-5,-298,1
169,3,250,181,24,38,0.87,7,60,357,2799,8,215,1
169,4,343,230,20,26,0.87,2,23,518,3136,-4,-298,1
170,3,250,182,24,39,0.87,7,61,357,2823,7,215,1
170,4,341,227,20,25,0.88,2,24,518,3106,-4,-298,1
171,3,249,181,24,41,0.87,7,62,358,2846,7,216,1
171,4,340,225,20,24,0.86,2,25,517,3077,-4,-297,1
172,3,248,182,24,42,0.87,7,63,358,2869,7,216,1
172,4,338,222,20,22,0.86,2,26,517,3047,-4,-297,1
173,3,248,182,24,44,0.87,7,64,358,2891,7,216,1
173,4,338,219,20,23,0.87,2,27,517,3018,-4,-297,1
174,3,244,185,28,44,0.88,7,65,359,2915,7,216,1
174,4,337,216,18,22,0.86,2,28,517,2989,-4,-297,1
175,3,244,186,28,44,0.89,7,66,359,2938,7,216,1
175,4,338,214,16,22,0.86,2,29,516,2959,-4,-297,1
176,3,242,187,28,46,0.90,7,67,359,2961,7,217,1
176,4,336,212,16,21,0.85,2,30,516,2930,-4,-297,1
177,3,242,188,28,46,0.90,7,68,360,2984,7,217,1
177,4,335,210,16,21,0.84,2,31,516,2901,-4,-297,1
178,3,240,189,28,48,0.89,7,69,360,3007,7,217,1
178,4,334,207,16,20,0.85,2,32,516,2871,-4,-297,1
179,3,240,189,28,50,0.89,7,70,360,3029,6,217,1
179,4,334,206,16,20,0.86,2,33,515,2842,-3,-296,1
180,3,237,191,30,51,0.89,7,71,360,3052,6,217,1
180,4,332,204,16,20,0.86,2,34,515,2813,-3,-296,1
181,3,235,192,30,52,0.89,7,72,361,3075,6,217,1
181,4,332,202,16,19,0.86,2,35,515,2784,-3,-296,1
182,3,233,194,32,55,0.89,7,73,361,3099,6,218,1
182,4,330,201,16,18,0.85,2,36,515,2755,-3,-296,1
183,3,232,195,32,56,0.89,7,74,361,3122,6,218,1
183,4,330,200,16,18,0.84,2,37,514,2726,-3,-296,1
184,3,230,197,32,58,0.90,7,75,361,3145,6,218,1
184,4,329,198,16,18,0.82,2,38,514,2697,-3,-295,1
185,3,228,198,34,60,0.90,7,76,361,3169,6,218,1
185,4,328,196,16,18,0.83,2,39,514,2668,-3,-295,1
186,3,225,200,36,62,0.90,7,77,362,3193,6,219,1
186,4,329,195,14,16,0.83,2,40,514,2639,-3,-295,1
186,5,268,152,12,14,0.30,7,1,299,1311,0,200,1
187,3,222,203,38,62,0.90,7,78,362,3216,6,219,1
187,4,328,194,16,17,0.84,2,41,513,2610,-3,-295,1
187,5,268,153,12,14,0.28,7,2,299,1332,10,208,1
188,3,221,205,38,64,0.90,7,79,362,3240,6,219,1
188,4,328,191,14,18,0.83,2,42,513,2582,-3,-295,1
188,5,268,153,12,14,0.40,7,3,299,1354,11,215,1
189,3,219,207,40,66,0.90,7,80,362,3263,6,219,1
189,4,327,190,14,17,0.82,2,43,513,2553,-3,-295,1
189,5,270,153,12,16,0.53,7,4,299,1393,33,274,1
190,3,215,209,42,70,0.91,7,81,362,3287,6,220,1
190,4,327,190,14,16,0.84,2,44,513,2524,-3,-295,1
190,5,270,153,12,16,0.56,7,5,301,1434,36,306,1
191,3,213,211,44,72,0.91,7,82,362,3311,5,220,1
191,4,327,189,14,16,0.81,2,45,513,2495,-3,-294,1
191,5,270,153,12,16,0.59,7,6,302,1468,35,313,1
192,3,210,214,44,75,0.92,7,83,362,3335,5,220,1
192,4,326,187,14,16,0.83,2,46,512,2466,-3,-294,1
192,5,270,153,12,16,0.70,7,7,304,1493,32,302,1
193,3,206,216,48,77,0.91,7,84,363,3359,5,220,1
193,4,325,186,14,16,0.83,2,47,512,2438,-3,-294,1
193,5,270,153,12,17,0.74,7,8,306,1524,31,304,1
194,3,204,218,48,82,0.91,7,85,363,3383,5,221,1
194,4,326,186,12,14,0.84,2,48,512,2409,-3,-294,1
194,5,270,154,12,16,0.67,7,9,308,1548,29,295,1
195,3,198,222,52,84,0.91,7,86,363,3407,5,221,1
195,4,326,185,12,14,0.83,2,49,512,2380,-3,-294,1
195,5,271,157,10,14,0.40,7,10,309,1578,27,296,1
196,3,196,226,52,88,0.92,7,87,363,3431,5,221,1
196,4,324,184,12,14,0.83,2,50,512,2351,-3,-294,1
196,5,271,157,10,14,0.30,7,11,311,1600,26,289,1
197,3,191,230,56,90,0.92,7,88,363,3456,5,221,1
197,4,323,183,14,14,0.84,2,51,511,2323,-3,-293,1
197,5,271,157,10,14,0.30,7,12,313,1617,24,278,1
198,3,186,234,60,96,0.92,7,89,363,3480,5,222,1
198,4,322,181,14,15,0.80,2,52,511,2294,-3,-293,1
198,5,270,156,12,17,0.70,7,13,314,1652,24,284,1
199,3,182,237,62,100,0.92,7,90,364,3505,5,222,1
199,4,322,182,14,13,0.80,2,53,511,2266,-3,-293,1
199,5,270,156,12,17,0.73,7,14,316,1679,23,283,1
200,3,174,243,68,108,0.92,7,91,364,3530,5,222,1
200,4,322,180,12,13,0.81,2,54,511,2237,-3,-293,1
200,5,270,156,12,17,0.72,7,15,317,1701,22,278,1
201,3,171,247,70,112,0.93,7,92,364,3555,5,223,1
201,4,322,179,12,14,0.79,2,55,511,2209,-3,-293,1
201,5,270,156,12,18,0.75,7,16,319,1726,21,277,1
202,3,162,252,76,121,0.93,7,93,364,3580,5,223,1
202,4,322,179,12,12,0.79,2,56,510,2180,-3,-293,1
202,5,270,156,12,18,0.70,7,17,320,1748,21,273,1
203,3,157,257,80,128,0.93,7,94,364,3605,5,223,1
203,4,322,179,12,12,0.77,2,57,510,2152,-3,-293,1
203,5,270,156,12,20,0.64,7,18,322,1781,20,276,1
204,3,148,264,84,140,0.93,7,95,365,3631,5,224,1
204,4,322,176,12,13,0.78,2,58,510,2123,-3,-292,1
204,5,270,157,12,20,0.63,7,19,323,1815,20,280,1
205,3,140,270,90,147,0.92,7,96,365,3657,5,224,1
205,4,322,177,12,12,0.76,2,59,510,2095,-3,-292,1
205,5,270,158,12,18,0.64,7,20,324,1837,20,276,1
206,3,127,278,100,162,0.93,7,97,365,3683,5,224,1
206,4,320,175,12,12,0.78,2,60,510,2066,-3,-292,1
206,5,270,158,12,18,0.53,7,21,326,1855,19,272,1
206,6,282,169,10,10,0.41,2,1,375,1902,0,200,1
207,3,118,284,108,176,0.92,7,98,365,3709,5,225,1
207,4,320,176,12,12,0.73,2,61,509,2038,-3,-292,1
207,5,270,159,12,20,0.71,7,22,327,1889,19,275,1
208,3,102,292,118,198,0.92,7,99,366,3735,5,225,1
208,4,320,174,12,12,0.78,2,62,509,2009,-3,-292,1
208,5,270,159,12,20,0.73,7,23,329,1917,19,275,1
209,3,86,298,132,216,0.93,7,100,366,3762,5,226,1
209,4,320,174,12,12,0.77,2,63,509,1981,-3,-292,1
209,5,270,159,12,20,0.77,7,24,330,1941,18,274,1
210,4,319,174,12,13,0.70,2,64,509,1954,-3,-291,1
210,5,270,160,12,20,0.77,7,25,331,1967,18,273,1
211,4,318,172,12,12,0.74,2,65,509,1926,-3,-291,1
211,5,270,160,12,20,0.79,7,26,333,1989,18,271,1
212,4,318,172,12,12,0.70,2,66,508,1898,-3,-291,1
212,5,270,160,12,20,0.79,7,27,334,2009,17,268,1
213,4,319,173,10,10,0.58,2,67,508,1870,-3,-291,1
213,5,270,160,12,20,0.78,7,28,335,2026,17,265,1
214,4,319,172,10,10,0.69,2,68,508,1842,-3,-291,1
214,5,268,160,14,22,0.79,7,29,336,2049,17,264,1
214,6,282,179,10,12,0.60,2,4,376,2263,10,452,1
215,4,319,172,10,10,0.70,2,69,508,1814,-3,-291,1
215,5,268,160,14,22,0.78,7,30,338,2070,16,262,1
215,6,282,181,8,11,0.65,2,5,377,2307,10,450,1
216,4,320,171,8,10,0.60,2,70,508,1786,-3,-290,1
216,5,268,160,14,22,0.80,7,31,339,2088,16,259,1
216,6,280,182,10,11,0.67,2,6,378,2345,9,443,1
217,4,318,170,10,10,0.67,2,71,507,1758,-3,-290,1
217,5,268,160,14,22,0.80,7,32,340,2105,16,256,1
217,6,280,182,10,12,0.72,2,7,379,2379,9,434,1
218,4,318,168,8,10,0.70,2,72,507,1729,-3,-290,1
218,5,268,160,14,24,0.78,7,33,341,2126,15,255,1
218,6,279,182,12,14,0.77,2,8,379,2416,9,429,1
219,4,318,169,8,9,0.25,2,73,507,1701,-3,-290,1
219,5,266,158,16,26,0.76,7,34,342,2145,15,253,1
219,6,278,186,12,12,0.64,2,9,380,2456,8,426,1
220,4,317,166,8,10,0.53,2,74,507,1672,-3,-290,1
220,5,267,160,16,25,0.80,7,35,343,2165,15,251,1
220,6,277,186,12,14,0.78,2,10,381,2496,8,425,1
221,4,316,165,8,10,0.60,2,75,506,1644,-3,-290,1
221,5,267,160,16,25,0.78,7,36,343,2184,15,249,1
221,6,277,187,12,14,0.78,2,11,381,2532,7,420,1
222,4,316,165,8,10,0.54,2,76,506,1615,-3,-290,1
222,5,267,163,16,24,0.84,7,37,344,2206,14,248,1
222,6,276,189,12,14,0.74,2,12,382,2569,7,417,1
223,4,315,164,8,11,0.50,2,77,506,1587,-3,-290,1
223,5,267,163,16,24,0.83,7,38,345,2226,14,247,1
223,6,274,192,14,14,0.75,2,13,382,2609,6,416,1
224,4,316,164,8,12,0.48,2,78,506,1559,-3,-290,1
224,5,267,164,16,25,0.84,7,39,346,2249,14,247,1
224,6,274,192,14,16,0.74,2,14,383,2648,6,415,1
225,4,314,164,8,10,0.62,2,79,505,1531,-3,-289,1
225,5,266,164,16,26,0.85,7,40,347,2273,14,247,1
225,6,272,193,16,16,0.77,2,15,383,2683,5,411,1
226,4,314,164,8,10,0.54,2,80,505,1503,-3,-289,1
226,5,266,164,16,26,0.85,7,41,348,2295,14,246,1
226,6,272,195,16,16,0.80,2,16,383,2717,5,408,1
227,4,314,164,8,10,0.54,2,81,505,1475,-3,-289,1
227,5,266,164,16,26,0.85,7,42,349,2314,14,245,1
227,6,270,196,16,17,0.82,2,17,384,2751,5,405,1
228,4,313,165,8,8,0.24,2,82,504,1447,-3,-289,1
228,5,266,166,16,26,0.85,7,43,349,2337,13,244,1
228,6,271,198,14,18,0.82,2,18,384,2787,4,402,1
229,4,313,164,8,9,0.42,2,83,504,1420,-3,-289,1
229,5,267,166,16,26,0.85,7,44,350,2357,13,243,1
229,6,270,200,16,19,0.83,2,19,384,2823,4,400,1
230,4,312,163,8,8,0.47,2,84,503,1392,-3,-289,1
230,5,266,166,16,28,0.84,7,45,351,2380,13,243,1
230,6,268,203,16,18,0.86,2,20,384,2857,4,398,1
231,4,312,163,8,8,0.13,2,85,503,1364,-3,-289,1
231,5,266,167,16,28,0.84,7,46,352,2403,13,242,1
231,6,268,205,16,18,0.85,2,21,384,2890,4,395,1
232,4,311,162,8,8,0.25,2,86,503,1336,-3,-289,1
232,5,266,168,16,28,0.84,7,47,353,2425,13,242,1
232,6,266,208,16,20,0.86,2,22,384,2927,4,394,1
233,4,311,162,8,8,0.25,2,87,502,1308,-3,-288,1
233,5,266,168,16,28,0.85,7,48,354,2446,13,241,1
233,6,266,210,16,20,0.84,2,23,384,2962,3,393,1
234,5,264,169,18,29,0.85,7,49,354,2469,13,241,1
234,6,263,213,18,22,0.85,2,24,384,2999,3,392,1
235,5,264,169,18,30,0.84,7,50,355,2492,13,241,1
235,6,264,214,16,22,0.86,2,25,384,3032,3,390,1
236,5,263,169,18,32,0.84,7,51,356,2516,12,241,1
236,6,262,219,16,24,0.85,2,26,385,3070,3,389,1
237,5,263,170,18,31,0.84,7,52,357,2539,12,241,1
237,6,260,222,16,23,0.85,2,27,385,3104,3,388,1
238,5,262,172,18,30,0.83,7,53,358,2561,12,240,1
238,6,256,226,20,26,0.88,2,28,385,3142,2,388,1
239,4,308,158,8,10,0.23,2,88,499,1136,-3,-288,1
239,5,260,172,20,32,0.83,7,54,358,2584,12,240,1
239,6,255,230,20,27,0.88,2,29,384,3180,2,387,1
240,5,260,174,20,32,0.85,7,55,359,2609,12,240,1
240,6,254,235,20,28,0.86,2,30,384,3218,2,387,1
241,5,259,174,20,32,0.85,7,56,360,2632,12,240,1
241,6,252,239,20,30,0.89,2,31,384,3255,2,387,1
242,5,258,176,20,32,0.85,7,57,360,2655,11,240,1
242,6,250,246,20,31,0.88,2,32,384,3294,2,387,1
243,5,258,177,20,32,0.85,7,58,361,2678,11,240,1
243,6,246,251,24,32,0.90,2,33,384,3331,2,386,1
244,5,257,178,20,32,0.86,7,59,362,2701,11,240,1
244,6,244,259,24,35,0.90,2,34,384,3371,2,387,1
245,5,257,178,20,33,0.87,7,60,362,2722,11,239,1
245,6,242,263,24,38,0.89,2,35,384,3409,2,386,1
246,5,255,178,22,34,0.88,7,61,363,2744,11,239,1
246,6,238,274,28,40,0.89,2,36,384,3449,2,387,1
247,5,255,179,22,36,0.88,7,62,363,2767,10,239,1
247,6,235,279,28,45,0.90,2,37,384,3487,2,387,1
247,7,304,156,8,8,0.30,2,1,451,1069,0,-200,1
248,5,254,179,22,38,0.88,7,63,363,2791,10,239,1
248,6,232,292,28,49,0.90,2,38,384,3527,2,387,1
249,5,253,180,22,39,0.88,7,64,364,2815,10,239,1
249,6,226,302,32,53,0.90,2,39,384,3567,2,387,1
250,5,251,180,24,40,0.88,7,65,364,2838,10,239,1
250,6,220,316,36,62,0.90,2,40,385,3608,2,388,1
250,8,270,156,12,14,0.31,7,1,318,1529,0,200,1
251,5,250,180,24,41,0.89,7,66,364,2860,10,238,1
251,6,215,330,38,66,0.91,2,41,385,3647,2,388,1
251,8,270,156,12,14,0.31,7,2,318,1548,7,194,1
252,5,250,181,24,42,0.88,7,67,365,2883,10,238,1
252,6,205,352,44,78,0.90,2,42,385,3689,3,389,1
252,8,270,154,12,16,0.23,7,3,318,1564,7,175,1
253,5,248,184,24,42,0.87,7,68,365,2907,9,238,1
253,6,198,368,48,90,0.92,2,43,385,3729,3,389,1
253,8,271,156,12,15,0.45,7,4,319,1580,17,172,1
254,5,248,186,24,42,0.87,7,69,365,2930,9,238,1
254,6,185,401,56,109,0.90,2,44,386,3771,3,390,1
254,8,271,156,12,16,0.40,7,5,319,1605,19,191,1
255,5,246,186,26,42,0.88,7,70,366,2952,9,238,1
255,8,271,156,12,16,0.43,7,6,320,1624,18,191,1
256,5,244,188,28,44,0.90,7,71,366,2975,9,238,1
256,8,271,157,12,15,0.40,7,7,321,1638,17,182,1
257,5,243,188,28,45,0.90,7,72,366,2998,9,238,1
257,8,272,157,12,16,0.35,7,8,322,1660,18,188,1
258,5,241,190,28,46,0.90,7,73,366,3021,9,237,1
258,8,272,158,12,15,0.29,7,9,323,1677,18,185,1
259,5,240,191,28,46,0.89,7,74,366,3043,9,237,1
259,8,271,157,12,17,0.30,7,10,324,1701,17,192,1
260,5,240,193,28,48,0.89,7,75,366,3066,8,237,1
260,8,272,157,12,18,0.41,7,11,325,1731,17,202,1
261,5,238,194,28,49,0.89,7,76,367,3088,8,237,1
261,8,272,160,12,16,0.40,7,12,326,1764,18,214,1
262,5,234,195,32,52,0.90,7,77,367,3112,8,237,1
262,8,272,156,12,19,0.38,7,13,328,1779,17,209,1
263,5,234,196,32,53,0.90,7,78,367,3135,8,237,1
263,8,271,157,12,18,0.44,7,14,329,1792,16,203,1
264,5,232,198,32,55,0.90,7,79,367,3158,8,237,1
264,8,270,158,12,20,0.54,7,15,330,1829,15,215,1
265,5,230,198,32,57,0.90,7,80,367,3181,8,237,1
265,8,270,158,14,20,0.46,7,16,331,1857,15,219,1
266,5,226,201,36,58,0.89,7,81,367,3205,8,237,1
266,8,268,157,16,22,0.74,7,17,332,1888,14,224,1
267,5,226,202,36,60,0.90,7,82,367,3228,8,237,1
267,8,268,160,16,20,0.59,7,18,333,1920,14,230,1
268,5,224,205,36,62,0.90,7,83,367,3251,8,237,1
268,8,268,160,16,19,0.59,7,19,334,1939,13,228,1
269,5,222,206,36,64,0.90,7,84,368,3274,7,237,1
269,8,269,160,14,20,0.57,7,20,335,1961,13,228,1
270,5,218,208,40,68,0.88,7,85,368,3298,7,237,1
270,8,268,160,16,20,0.52,7,21,336,1980,12,226,1
271,5,216,209,40,70,0.89,7,86,368,3321,7,237,1
271,8,268,161,16,20,0.68,7,22,337,2001,12,225,1
272,5,213,214,42,71,0.89,7,87,368,3345,7,237,1
272,8,269,163,14,18,0.64,7,23,338,2019,12,223,1
273,5,211,215,42,74,0.90,7,88,368,3368,7,236,1
273,8,270,163,12,18,0.67,7,24,339,2035,11,220,1
274,5,208,219,44,77,0.90,7,89,368,3392,7,237,1
274,8,269,162,14,22,0.67,7,25,339,2062,11,222,1
275,5,206,221,44,79,0.89,7,90,368,3415,7,236,1
275,8,269,162,14,22,0.45,7,26,340,2085,11,223,1
276,5,200,226,48,83,0.91,7,91,368,3439,7,237,1
276,8,269,163,14,22,0.65,7,27,341,2110,11,224,1
277,5,198,227,50,87,0.92,7,92,369,3463,7,237,1
277,8,270,166,12,20,0.79,7,28,342,2135,11,225,1
278,5,192,231,52,92,0.92,7,93,369,3487,7,237,1
278,8,266,164,16,22,0.71,7,29,343,2158,11,225,1
279,5,188,233,56,96,0.91,7,94,369,3511,7,237,1
279,8,266,165,16,22,0.71,7,30,343,2181,11,225,1
280,5,182,236,60,104,0.92,7,95,369,3535,7,237,1
280,8,267,164,16,24,0.84,7,31,344,2204,10,225,1
281,5,180,239,60,109,0.91,7,96,369,3558,7,237,1
281,8,267,164,16,25,0.83,7,32,345,2229,10,226,1
282,5,170,244,68,117,0.92,7,97,369,3583,6,237,1
282,8,266,165,16,26,0.83,7,33,346,2257,10,228,1
283,5,167,247,68,124,0.92,7,98,369,3607,6,237,1
283,8,266,166,16,25,0.82,7,34,346,2281,10,228,1
284,5,158,253,76,134,0.93,7,99,370,3631,6,237,1
284,8,266,166,16,26,0.82,7,35,347,2306,10,229,1
285,5,154,258,76,140,0.92,7,100,370,3655,6,237,1
285,8,265,167,16,26,0.84,7,36,348,2331,10,229,1
286,5,142,264,84,156,0.92,7,101,370,3680,6,237,1
286,8,265,168,16,26,0.84,7,37,349,2355,10,230,1
287,5,134,267,90,168,0.92,7,102,370,3705,6,237,1
287,8,264,169,16,26,0.85,7,38,349,2380,10,230,1
288,5,121,277,100,184,0.92,7,103,371,3730,6,237,1
288,8,264,169,16,27,0.82,7,39,350,2405,9,231,1
289,5,110,282,108,199,0.92,7,104,371,3755,6,237,1
289,8,263,170,18,28,0.84,7,40,350,2431,9,232,1
290,5,93,292,120,224,0.94,7,105,371,3781,6,238,1
290,8,262,170,18,29,0.85,7,41,351,2458,9,232,1
291,8,262,171,18,29,0.85,7,42,352,2483,9,233,1
292,8,261,172,18,29,0.85,7,43,352,2508,9,233,1
293,8,261,172,18,30,0.85,7,44,353,2533,9,234,1
294,8,261,173,18,30,0.85,7,45,353,2557,9,234,1
295,8,260,174,18,31,0.87,7,46,354,2582,9,234,1
296,8,258,175,20,32,0.87,7,47,354,2609,8,235,1
297,8,258,175,20,32,0.87,7,48,355,2632,8,235,1
298,8,258,178,18,32,0.88,7,49,355,2659,8,236,1
299,8,256,178,20,33,0.87,7,50,356,2685,8,236,1
300,8,255,178,20,34,0.87,7,51,356,2709,8,236,1
301,8,254,179,20,36,0.87,7,52,357,2736,8,237,1
302,8,254,180,20,36,0.87,7,53,357,2761,7,237,1
302,9,283,178,10,9,0.46,2,1,386,2166,0,200,1
303,8,252,180,22,38,0.88,7,54,357,2787,7,238,1
303,9,284,178,8,9,0.54,2,2,386,2185,4,184,1
304,8,251,182,22,38,0.88,7,55,358,2813,7,238,1
304,9,283,180,10,9,0.48,2,3,386,2208,6,211,1
305,8,250,182,22,40,0.88,7,56,358,2839,7,238,1
305,9,282,181,10,8,0.45,2,4,387,2228,-1,205,1
306,8,248,184,24,40,0.87,7,57,358,2865,7,239,1
306,9,282,182,12,9,0.49,2,5,387,2260,4,235,1
307,8,248,186,24,40,0.87,7,58,358,2890,7,239,1
307,9,282,182,12,10,0.43,2,6,387,2292,6,251,1
308,8,246,187,24,40,0.88,7,59,359,2914,7,239,1
308,9,282,183,10,10,0.58,2,7,387,2321,5,259,1
309,8,246,188,24,41,0.88,7,60,359,2938,6,239,1
309,9,282,184,12,10,0.65,2,8,387,2349,6,261,1
310,8,244,189,24,43,0.89,7,61,359,2963,6,239,1
310,9,280,185,12,10,0.69,2,9,388,2376,4,262,1
311,8,244,190,24,44,0.89,7,62,359,2987,6,239,1
311,9,281,186,12,10,0.63,2,10,388,2402,4,261,1
312,8,242,192,24,44,0.88,7,63,359,3011,6,239,1
312,9,281,188,12,10,0.70,2,11,388,2432,5,266,1
313,8,240,194,26,44,0.88,7,64,359,3035,6,239,1
313,9,280,190,12,10,0.66,2,12,388,2467,4,274,1
314,8,238,195,28,47,0.89,7,65,359,3059,6,239,1
314,9,280,191,12,10,0.69,2,13,389,2498,4,276,1
315,8,236,196,28,48,0.89,7,66,360,3083,6,239,1
315,9,280,192,12,10,0.73,2,14,389,2526,4,277,1
316,8,234,198,28,50,0.89,7,67,360,3108,6,239,1
316,9,280,192,12,11,0.76,2,15,389,2552,4,275,1
317,8,233,200,28,50,0.90,7,68,360,3132,6,239,1
317,9,278,193,14,12,0.78,2,16,390,2580,4,276,1
317,10,282,165,8,8,0.30,2,1,363,1652,0,200,1
318,8,232,203,28,52,0.89,7,69,360,3157,5,240,1
318,9,278,193,14,14,0.79,2,17,390,2611,4,278,1
318,10,282,165,8,8,0.29,2,2,363,1671,5,193,1
319,8,228,204,30,54,0.89,7,70,360,3182,5,240,1
319,9,277,197,14,12,0.82,2,18,390,2642,4,280,1
320,8,225,207,32,56,0.88,7,71,360,3207,5,240,1
320,9,278,198,12,13,0.79,2,19,391,2673,4,282,1
321,8,224,208,32,58,0.88,7,72,360,3232,5,240,1
321,9,276,198,14,14,0.81,2,20,391,2702,3,282,1
322,8,221,210,34,62,0.89,7,73,360,3258,5,240,1
322,9,275,200,14,14,0.79,2,21,391,2731,3,282,1
323,8,220,213,32,62,0.89,7,74,360,3283,5,240,1
323,9,274,202,16,15,0.78,2,22,391,2762,3,284,1
324,8,216,216,34,66,0.89,7,75,360,3308,5,241,1
324,9,273,204,16,15,0.71,2,23,392,2793,3,285,1
325,8,214,218,36,68,0.90,7,76,360,3334,5,241,1
325,9,272,206,16,14,0.75,2,24,392,2821,2,285,1
326,8,208,223,40,70,0.90,7,77,360,3360,5,241,1
326,9,271,208,16,15,0.79,2,25,392,2851,2,285,1
326,10,282,172,10,8,0.34,2,4,367,1919,16,297,1
327,8,206,225,40,73,0.90,7,78,360,3385,5,241,1
327,9,271,210,16,16,0.82,2,26,392,2882,2,286,1
327,10,284,172,8,9,0.16,2,5,368,1959,16,307,1
328,8,202,230,40,76,0.90,7,79,360,3411,5,241,1
328,9,270,212,16,16,0.76,2,27,392,2912,2,287,1
329,8,199,232,42,80,0.91,7,80,361,3437,5,242,1
329,9,270,212,16,18,0.75,2,28,392,2940,2,287,1
329,10,284,174,8,8,0.29,2,6,371,2016,16,303,1
330,8,192,237,48,84,0.90,7,81,361,3463,5,242,1
330,9,270,215,16,18,0.81,2,29,392,2968,2,287,1
330,10,284,175,8,8,0.27,2,7,372,2044,16,302,1
331,8,190,240,48,89,0.90,7,82,361,3489,4,242,1
331,9,270,217,16,18,0.79,2,30,392,2996,2,286,1
331,10,284,176,8,9,0.38,2,8,374,2084,15,309,1
332,8,184,246,50,93,0.91,7,83,361,3515,4,242,1
332,9,268,224,16,16,0.79,2,31,392,3027,2,287,1
332,10,284,176,8,10,0.46,2,9,375,2121,15,313,1
333,8,180,250,52,98,0.93,7,84,361,3541,4,243,1
333,9,266,224,18,18,0.81,2,32,392,3055,2,287,1
333,10,284,177,8,10,0.49,2,10,376,2156,15,315,1
334,8,172,257,56,106,0.91,7,85,361,3567,4,243,1
334,9,264,228,20,19,0.82,2,33,392,3086,2,288,1
334,10,282,179,10,10,0.55,2,11,378,2196,15,320,1
335,8,166,261,60,112,0.92,7,86,361,3594,4,243,1
335,9,264,229,20,20,0.86,2,34,392,3115,1,287,1
335,10,282,179,10,10,0.55,2,12,379,2227,14,320,1
336,8,157,269,64,122,0.93,7,87,361,3621,4,243,1
336,9,262,234,20,20,0.83,2,35,392,3145,1,288,1
336,10,282,181,12,10,0.69,2,13,380,2263,14,322,1
337,8,150,274,68,130,0.92,7,88,361,3647,4,244,1
337,9,264,236,16,22,0.86,2,36,392,3174,1,288,1
337,10,282,181,12,11,0.73,2,14,381,2297,14,322,1
338,8,138,284,76,143,0.92,7,89,361,3675,4,244,1
338,9,260,241,20,22,0.82,2,37,392,3205,1,289,1
338,10,282,182,10,11,0.68,2,15,382,2329,13,322,1
339,8,130,291,80,154,0.92,7,90,362,3701,4,244,1
339,9,258,242,20,24,0.87,2,38,392,3233,1,288,1
339,10,280,183,12,11,0.69,2,16,383,2360,13,322,1
340,8,116,303,88,173,0.92,7,91,362,3729,4,245,1
340,9,256,252,22,22,0.85,2,39,392,3265,1,289,1
340,10,280,184,12,12,0.77,2,17,384,2394,13,323,1
341,8,105,313,94,186,0.92,7,92,362,3756,4,245,1
341,9,255,252,22,26,0.87,2,40,392,3295,1,289,1
341,10,280,186,12,12,0.77,2,18,385,2429,12,324,1
342,9,252,258,24,27,0.88,2,41,392,3326,1,290,1
342,10,280,188,12,12,0.81,2,19,386,2466,12,326,1
343,9,251,262,24,28,0.88,2,42,392,3355,1,290,1
343,10,280,189,12,12,0.81,2,20,387,2500,12,326,1
344,9,249,270,24,28,0.88,2,43,392,3386,1,290,1
344,10,280,190,12,12,0.81,2,21,388,2532,12,326,1
345,9,248,276,24,30,0.88,2,44,392,3416,1,291,1
345,10,278,193,12,12,0.81,2,22,389,2568,11,327,1
346,9,244,284,28,32,0.88,2,45,392,3448,1,291,1
346,10,278,195,12,12,0.83,2,23,389,2604,11,328,1
347,9,242,290,28,34,0.89,2,46,392,3479,1,292,1
347,10,278,195,12,14,0.83,2,24,390,2640,11,329,1
348,9,238,299,30,38,0.89,2,47,392,3511,1,292,1
348,10,276,197,14,14,0.84,2,25,391,2675,10,330,1
349,9,236,306,30,40,0.89,2,48,392,3542,1,293,1
349,10,275,198,14,14,0.84,2,26,391,2708,10,330,1
350,9,231,319,32,44,0.89,2,49,392,3574,1,293,1
350,10,274,202,16,14,0.82,2,27,392,2744,10,331,1
351,9,226,328,36,47,0.90,2,50,392,3605,1,294,1
351,10,274,204,16,14,0.83,2,28,393,2780,9,332,1
352,9,222,345,36,50,0.90,2,51,392,3637,1,294,1
352,10,273,206,14,15,0.83,2,29,393,2816,9,333,1
353,9,219,356,38,56,0.90,2,52,392,3668,1,295,1
353,10,271,206,16,17,0.84,2,30,393,2851,9,333,1
354,9,212,376,42,64,0.90,2,53,393,3701,1,295,1
354,10,270,210,16,16,0.84,2,31,394,2886,8,334,1
355,9,206,389,46,72,0.91,2,54,393,3732,1,296,1
355,10,270,212,16,16,0.84,2,32,394,2919,8,333,1
356,9,196,418,52,82,0.93,2,55,393,3764,1,296,1
356,10,268,214,16,18,0.84,2,33,394,2953,8,334,1
357,9,190,438,52,94,0.91,2,56,393,3795,1,297,1
357,10,268,216,16,19,0.85,2,34,395,2988,8,334,1
358,10,266,222,16,18,0.84,2,35,395,3024,7,335,1
359,10,266,225,16,18,0.85,2,36,395,3059,7,335,1
360,10,263,228,18,20,0.85,2,37,395,3095,7,336,1
361,10,262,231,18,20,0.85,2,38,395,3129,7,336,1
362,10,260,237,18,20,0.86,2,39,395,3164,6,336,1
363,10,259,240,18,22,0.85,2,40,395,3200,6,337,1
364,10,256,245,20,24,0.88,2,41,395,3236,6,337,1
365,10,254,250,20,24,0.88,2,42,395,3272,6,338,1
366,10,252,257,22,26,0.88,2,43,395,3309,5,338,1
367,10,250,262,22,26,0.87,2,44,395,3344,5,339,1
368,10,246,269,24,30,0.89,2,45,395,3382,5,339,1
369,10,244,277,24,30,0.90,2,46,395,3418,5,340,1
370,10,240,286,26,34,0.89,2,47,395,3457,5,341,1
371,10,238,294,26,36,0.89,2,48,394,3494,5,341,1
372,10,232,306,28,40,0.90,2,49,394,3533,4,342,1
373,10,229,316,30,43,0.90,2,50,394,3569,4,343,1
374,10,222,333,34,49,0.90,2,51,394,3608,4,343,1
375,10,218,346,36,54,0.90,2,52,394,3645,4,344,1
376,10,210,368,40,62,0.89,2,53,394,3684,4,345,1
377,10,202,386,44,71,0.91,2,54,394,3721,4,345,1
378,10,191,417,50,86,0.90,2,55,394,3760,4,346,1
478,11,270,156,10,13,0.34,2,1,312,1479,0,200,1
479,11,270,158,10,12,0.35,2,2,312,1500,9,209,1
480,11,270,158,10,12,0.34,2,3,312,1522,11,214,1
481,11,271,158,10,12,0.44,2,4,312,1540,19,205,1
482,11,271,158,10,12,0.57,2,5,313,1553,19,185,1
483,11,271,158,10,12,0.58,2,6,314,1560,17,162,1
484,11,271,159,10,12,0.49,2,7,314,1577,16,163,1
485,11,271,158,10,13,0.54,2,8,315,1589,15,157,1
486,11,271,159,10,13,0.58,2,9,316,1611,15,166,1
487,11,271,159,10,13,0.58,2,10,317,1628,14,166,1
488,11,270,160,12,14,0.34,2,11,318,1665,15,186,1
489,11,271,160,10,16,0.39,2,12,319,1717,16,217,1
490,11,270,160,12,16,0.50,2,13,320,1755,16,231,1
491,11,270,160,12,16,0.54,2,14,321,1784,16,235,1
492,11,271,161,10,14,0.54,2,15,322,1799,15,229,1
493,11,271,161,10,14,0.54,2,16,324,1811,14,221,1
494,11,271,162,10,13,0.58,2,17,325,1821,14,214,1
495,11,271,162,10,15,0.64,2,18,326,1843,14,214,1
496,11,270,162,12,15,0.72,2,19,327,1861,13,212,1
497,11,270,162,12,15,0.72,2,20,328,1876,13,209,1
498,11,270,163,12,16,0.73,2,21,329,1901,13,211,1
499,11,270,164,12,16,0.77,2,22,330,1928,13,214,1
500,11,270,164,12,15,0.78,2,23,331,1945,13,212,1
501,11,270,164,12,16,0.75,2,24,332,1965,13,211,1
502,11,269,164,12,17,0.78,2,25,333,1988,12,212,1
503,11,270,164,12,18,0.70,2,26,334,2011,12,213,1
504,11,269,164,12,19,0.70,2,27,335,2037,12,215,1
505,11,269,164,12,19,0.69,2,28,336,2059,12,215,1
506,11,269,165,12,19,0.77,2,29,337,2082,12,215,1
507,11,269,166,12,18,0.80,2,30,338,2102,12,215,1
508,11,269,167,12,18,0.82,2,31,339,2124,12,215,1
509,11,269,167,12,18,0.82,2,32,340,2143,11,214,1
510,11,270,169,12,18,0.84,2,33,341,2167,11,215,1
511,11,270,170,12,17,0.83,2,34,341,2187,11,215,1
512,11,268,170,12,18,0.80,2,35,342,2210,11,215,1
513,11,268,171,12,18,0.83,2,36,343,2232,11,215,1
514,11,267,170,14,20,0.77,2,37,344,2255,11,216,1
515,11,268,171,12,20,0.53,2,38,345,2279,11,216,1
516,11,268,171,12,20,0.63,2,39,346,2300,11,216,1
517,11,268,171,12,22,0.67,2,40,347,2324,11,217,1
518,11,266,172,14,22,0.57,2,41,348,2348,11,217,1
519,11,266,172,14,22,0.72,2,42,348,2370,10,217,1
520,11,264,172,16,24,0.82,7,43,349,2394,10,218,1
521,11,264,173,16,23,0.73,7,44,350,2416,10,218,1
522,11,264,175,16,22,0.65,7,45,351,2438,10,218,1
523,11,264,176,16,23,0.51,7,46,351,2462,10,218,1
524,11,262,177,16,24,0.60,7,47,352,2488,10,219,1
525,11,262,178,16,23,0.70,7,48,353,2511,10,220,1
526,11,262,178,16,24,0.57,7,49,353,2534,9,220,1
527,11,262,179,16,24,0.61,7,50,354,2556,9,220,1
528,11,261,179,16,26,0.63,7,51,355,2581,9,220,1
529,11,260,180,16,26,0.74,7,52,355,2604,9,221,1
530,11,260,181,16,26,0.86,7,53,356,2627,9,221,1
531,11,259,182,16,26,0.79,7,54,356,2649,9,221,1
532,11,258,182,16,28,0.83,7,55,357,2673,9,221,1
533,11,258,184,16,26,0.79,7,56,357,2694,8,221,1
534,11,256,185,16,27,0.84,7,57,357,2717,8,221,1
535,11,255,186,18,28,0.85,7,58,358,2740,8,221,1
536,11,254,187,18,28,0.86,7,59,358,2762,8,221,1
537,11,254,187,16,30,0.87,7,60,358,2785,8,221,1
538,11,254,188,16,31,0.87,7,61,359,2808,8,222,1
539,11,252,190,18,30,0.87,7,62,359,2830,7,222,1
540,11,251,190,18,32,0.87,7,63,359,2853,7,222,1
541,11,250,192,20,32,0.88,7,64,359,2876,7,222,1
542,11,248,192,20,34,0.88,7,65,359,2899,7,222,1
543,11,248,194,20,34,0.88,7,66,360,2922,7,222,1
544,11,246,196,20,34,0.87,7,67,360,2945,7,222,1
545,11,245,198,20,35,0.87,7,68,360,2968,7,222,1
546,11,244,200,20,35,0.88,7,69,360,2992,6,223,1
547,11,242,201,20,36,0.88,7,70,360,3015,6,223,1
548,11,242,203,20,36,0.88,7,71,360,3037,6,223,1
549,11,239,205,22,38,0.88,7,72,360,3061,6,223,1
550,11,236,207,24,38,0.89,7,73,360,3085,6,223,1
551,11,236,208,24,40,0.89,7,74,360,3108,6,223,1
552,11,234,210,24,42,0.88,7,75,360,3132,6,223,1
553,11,232,212,24,43,0.88,7,76,360,3156,5,224,1
554,11,230,215,24,44,0.88,7,77,360,3180,5,224,1
555,11,228,218,26,44,0.89,7,78,360,3204,5,224,1
556,11,225,221,28,46,0.89,7,79,360,3228,5,224,1
557,11,224,223,28,47,0.89,7,80,360,3252,5,225,1
558,11,222,226,28,49,0.89,7,81,360,3276,5,225,1
559,11,220,230,28,49,0.89,7,82,360,3300,5,225,1
560,11,216,233,28,52,0.90,7,83,359,3324,5,225,1
561,11,214,236,30,54,0.89,7,84,359,3349,5,225,1
562,11,210,240,32,56,0.88,7,85,359,3373,5,226,1
563,11,207,244,32,58,0.86,7,86,359,3397,5,226,1
564,11,202,248,36,62,0.90,7,87,359,3422,5,226,1
565,11,200,252,36,64,0.88,7,88,359,3447,5,226,1
566,11,194,259,38,66,0.88,7,89,359,3472,4,227,1
567,11,190,262,40,70,0.89,7,90,359,3496,4,227,1
568,11,184,269,42,75,0.90,7,91,359,3522,4,227,1
569,11,180,274,44,78,0.84,7,92,359,3546,4,227,1
570,11,172,282,48,84,0.86,7,93,360,3572,4,228,1
571,11,166,289,52,88,0.90,7,94,360,3597,4,228,1
572,11,159,298,52,96,0.90,7,95,360,3623,4,228,1
573,11,152,305,56,101,0.90,7,96,360,3648,4,229,1
574,11,140,318,60,111,0.90,7,97,360,3674,4,229,1
575,11,133,326,64,120,0.90,7,98,360,3700,4,229,1
576,11,118,340,72,135,0.92,7,99,360,3727,4,230,1
577,11,107,354,78,142,0.91,7,100,360,3753,4,230,1
598,12,282,165,8,8,0.31,2,1,363,1652,0,200,1
599,12,282,165,8,8,0.30,2,2,363,1671,5,193,1
600,12,282,165,8,8,0.38,2,3,363,1686,5,171,1
602,12,282,166,10,9,0.28,2,4,364,1727,13,188,1
603,12,284,168,8,8,0.21,2,5,364,1759,19,214,1
604,12,283,170,10,8,0.32,2,6,365,1811,21,265,1
605,12,284,169,8,10,0.38,2,7,367,1860,21,297,1
606,12,282,170,12,10,0.53,2,8,368,1905,21,317,1
607,12,282,171,10,10,0.45,2,9,369,1949,19,330,1
608,12,282,172,10,10,0.64,2,10,371,1990,18,338,1
609,12,282,172,10,10,0.64,2,11,372,2020,17,335,1
610,12,282,173,12,11,0.67,2,12,373,2059,17,339,1
611,12,282,174,12,10,0.65,2,13,374,2088,16,336,1
612,12,282,174,12,11,0.70,2,14,375,2118,16,333,1
613,12,280,176,12,10,0.74,2,15,377,2149,15,332,1
614,12,280,179,12,10,0.63,2,16,378,2192,14,338,1
615,12,282,179,12,10,0.65,2,17,379,2226,14,338,1
616,12,281,180,12,11,0.74,2,18,380,2263,14,340,1
617,12,282,180,12,11,0.78,2,19,381,2293,14,338,1
618,12,280,182,12,12,0.81,2,20,382,2333,13,340,1
619,12,280,182,12,12,0.82,2,21,383,2364,13,339,1
620,12,280,183,12,14,0.84,2,22,384,2403,13,342,1
621,12,280,184,12,14,0.83,2,23,385,2439,12,342,1
622,12,278,188,12,12,0.84,2,24,386,2476,12,343,1
623,12,279,188,12,13,0.84,2,25,386,2510,12,343,1
624,12,278,190,12,13,0.83,2,26,387,2545,11,344,1
625,12,277,191,14,14,0.85,2,27,388,2580,11,344,1
626,12,278,192,12,15,0.84,2,28,389,2616,11,344,1
627,12,276,194,14,15,0.84,2,29,389,2651,10,345,1
628,12,276,196,14,15,0.85,2,30,390,2686,10,345,1
629,12,274,197,16,16,0.82,2,31,390,2720,10,345,1
630,12,274,200,16,16,0.81,2,32,391,2756,10,345,1
631,12,273,202,16,16,0.83,2,33,391,2791,9,345,1
632,12,272,204,16,18,0.84,2,34,392,2828,9,346,1
633,12,271,205,16,20,0.84,2,35,392,2866,9,347,1
634,12,270,210,16,18,0.85,2,36,393,2903,8,348,1
635,12,269,212,16,19,0.85,2,37,393,2940,8,348,1
636,12,268,214,16,22,0.86,2,38,393,2979,8,349,1
637,12,266,215,18,24,0.85,2,39,394,3017,8,350,1
638,12,264,222,18,22,0.87,2,40,394,3056,7,351,1
639,12,262,226,20,22,0.86,2,41,394,3094,7,352,1
640,12,261,230,20,24,0.88,2,42,394,3133,7,353,1
641,12,260,234,20,25,0.87,2,43,394,3172,7,354,1
642,12,257,240,22,26,0.87,2,44,394,3212,6,355,1
643,12,256,244,20,27,0.88,2,45,395,3250,6,355,1
644,12,252,250,24,30,0.90,2,46,395,3290,6,356,1
645,12,250,256,24,31,0.90,2,47,395,3330,6,357,1
646,12,249,264,24,34,0.89,2,48,395,3371,6,358,1
647,12,246,270,26,36,0.89,2,49,395,3411,5,359,1
648,12,242,281,28,40,0.89,2,50,395,3453,5,360,1
649,12,240,288,28,43,0.89,2,51,395,3493,5,361,1
650,12,234,302,32,47,0.89,2,52,395,3534,5,362,1
651,12,232,312,32,52,0.90,2,53,395,3574,5,363,1
652,12,224,330,36,60,0.89,2,54,395,3615,5,364,1
653,12,220,345,38,66,0.90,2,55,395,3656,5,365,1
654,12,210,371,44,78,0.90,2,56,395,3698,5,366,1
655,12,203,392,48,89,0.91,2,57,396,3739,5,367,1
819,13,418,445,64,82,0.91,2,1,519,3804,0,-200,1
820,13,407,418,56,70,0.91,2,2,519,3770,-8,-343,1
821,13,402,401,52,66,0.91,2,3,519,3745,-2,-297,1
822,13,394,379,46,60,0.91,2,4,519,3714,-3,-300,1
823,13,388,366,44,56,0.90,2,5,519,3687,-4,-293,1
824,13,383,350,38,51,0.90,2,6,519,3657,-5,-294,1
825,13,378,338,38,50,0.90,2,7,518,3630,-5,-290,1
826,13,374,325,34,46,0.90,2,8,518,3600,-5,-291,1
827,13,372,317,32,44,0.90,2,9,518,3573,-4,-289,1
828,13,368,306,30,41,0.90,2,10,518,3544,-4,-289,1
829,13,366,299,28,40,0.89,2,11,517,3516,-3,-288,1
830,13,362,290,28,37,0.89,2,12,517,3487,-3,-288,1
831,13,362,285,24,35,0.89,2,13,517,3459,-3,-287,1
832,13,358,276,24,34,0.89,2,14,517,3430,-3,-288,1
833,13,355,273,24,32,0.88,2,15,516,3402,-3,-287,1
834,13,352,266,24,30,0.88,2,16,516,3373,-3,-287,1
835,13,352,261,22,30,0.88,2,17,516,3345,-3,-287,1
836,13,349,256,22,29,0.88,2,18,516,3316,-3,-287,1
837,13,349,253,20,27,0.88,2,19,515,3288,-3,-286,1
838,13,346,248,20,27,0.85,2,20,515,3260,-3,-286,1
839,13,344,244,20,27,0.88,2,21,515,3232,-3,-286,1
840,13,344,240,18,26,0.87,2,22,515,3204,-3,-285,1
841,13,343,237,20,26,0.87,2,23,515,3177,-3,-285,1
842,13,340,233,20,24,0.86,2,24,514,3149,-3,-285,1
843,13,338,230,20,24,0.86,2,25,514,3121,-3,-284,1
844,13,337,227,20,23,0.86,2,26,514,3093,-3,-284,1
845,13,336,225,20,22,0.85,2,27,513,3065,-3,-284,1
846,13,336,222,18,22,0.87,2,28,513,3037,-3,-284,1
846,14,343,415,50,70,0.91,2,1,479,3766,0,-200,1
847,13,336,220,16,21,0.86,2,29,513,3009,-3,-284,1
847,14,340,392,44,61,0.91,2,2,479,3732,-4,-343,1
848,13,336,217,16,20,0.85,2,30,513,2981,-3,-284,1
848,14,334,364,42,52,0.90,2,3,479,3685,-5,-406,1
849,13,334,216,16,20,0.84,2,31,512,2953,-3,-283,1
849,14,332,350,38,46,0.90,2,4,479,3647,-5,-397,1
850,13,334,213,16,20,0.83,2,32,512,2925,-3,-283,1
850,14,328,328,32,42,0.90,2,5,479,3604,-8,-408,1
851,13,332,212,16,19,0.84,2,33,512,2898,-3,-283,1
851,14,326,316,32,39,0.90,2,6,479,3564,-8,-406,1
852,13,331,208,16,20,0.86,2,34,512,2870,-3,-283,1
852,14,324,300,30,36,0.89,2,7,478,3521,-7,-410,1
853,13,331,208,16,18,0.85,2,35,511,2842,-3,-283,1
853,14,324,292,28,34,0.90,2,8,478,3481,-6,-408,1
854,13,329,206,16,18,0.83,2,36,511,2815,-3,-282,1
854,14,321,281,26,30,0.88,2,9,478,3439,-6,-409,1
855,13,328,204,16,18,0.84,2,37,511,2787,-3,-282,1
855,14,320,274,24,28,0.88,2,10,477,3399,-6,-409,1
856,13,328,201,16,18,0.85,2,38,511,2759,-3,-282,1
856,14,320,264,24,27,0.87,2,11,477,3357,-6,-410,1
857,13,328,201,16,18,0.84,2,39,510,2732,-3,-282,1
857,14,318,258,24,25,0.88,2,12,476,3316,-5,-410,1
858,13,328,198,14,18,0.84,2,40,510,2704,-3,-282,1
858,14,317,250,22,24,0.89,2,13,476,3274,-5,-411,1
859,13,327,198,14,16,0.85,2,41,510,2677,-3,-281,1
859,14,316,246,20,24,0.87,2,14,476,3234,-5,-410,1
860,13,328,196,12,16,0.86,2,42,510,2649,-3,-281,1
860,14,316,240,20,22,0.85,2,15,475,3193,-5,-410,1
861,13,326,196,14,16,0.85,2,43,509,2622,-3,-281,1
861,14,315,235,20,22,0.87,2,16,475,3153,-5,-409,1
862,13,325,193,14,16,0.83,2,44,509,2594,-3,-281,1
862,14,314,230,18,20,0.86,2,17,474,3111,-5,-410,1
863,13,324,192,14,16,0.84,2,45,509,2567,-3,-281,1
863,14,314,226,18,20,0.85,2,18,474,3071,-5,-409,1
864,13,324,192,14,14,0.84,2,46,509,2539,-3,-281,1
864,14,313,221,18,20,0.86,2,19,474,3030,-5,-409,1
865,13,324,190,14,16,0.85,2,47,508,2512,-3,-281,1
865,14,314,219,16,18,0.86,2,20,473,2989,-5,-409,1
866,13,324,190,12,14,0.85,2,48,508,2485,-3,-280,1
866,14,313,214,16,18,0.85,2,21,473,2948,-5,-410,1
867,13,324,188,12,14,0.84,2,49,508,2457,-3,-280,1
867,14,312,212,16,18,0.85,2,22,473,2907,-5,-409,1
868,13,322,187,14,14,0.82,2,50,508,2430,-3,-280,1
868,14,312,210,16,16,0.84,2,23,472,2867,-4,-409,1
869,13,322,186,12,14,0.81,2,51,507,2402,-3,-280,1
869,14,311,207,16,16,0.84,2,24,472,2826,-4,-409,1
870,13,322,185,12,14,0.79,2,52,507,2375,-3,-280,1
870,14,310,204,16,16,0.84,2,25,471,2786,-4,-409,1
871,13,322,184,12,14,0.78,2,53,507,2348,-3,-280,1
871,14,312,203,12,16,0.84,2,26,471,2746,-4,-408,1
872,13,322,183,12,13,0.80,2,54,506,2320,-3,-280,1
872,14,310,198,14,16,0.84,2,27,471,2706,-4,-408,1
873,13,321,182,12,14,0.76,2,55,506,2293,-3,-279,1
873,14,310,198,14,14,0.84,2,28,470,2665,-4,-408,1
874,13,322,182,12,14,0.74,2,56,506,2266,-3,-279,1
874,14,310,194,12,16,0.81,2,29,470,2625,-4,-408,1
875,13,321,180,12,13,0.77,2,57,506,2239,-3,-279,1
875,14,309,194,14,14,0.82,2,30,470,2585,-4,-407,1
876,13,320,180,12,12,0.68,2,58,505,2212,-3,-279,1
876,14,310,191,12,14,0.83,2,31,469,2545,-4,-407,1
877,13,320,180,12,12,0.63,2,59,505,2185,-3,-279,1
877,14,310,189,12,14,0.83,2,32,469,2504,-4,-407,1
878,13,320,178,12,12,0.65,2,60,505,2157,-3,-279,1
878,14,309,188,12,14,0.82,2,33,469,2465,-4,-407,1
879,13,320,177,12,12,0.61,2,61,505,2130,-3,-279,1
879,14,310,187,12,14,0.81,2,34,468,2425,-4,-406,1
880,13,320,177,12,12,0.60,2,62,504,2102,-2,-279,1
880,14,308,184,12,14,0.80,2,35,468,2385,-4,-406,1
881,13,319,176,12,12,0.69,2,63,504,2075,-2,-278,1
881,14,308,185,12,12,0.77,2,36,468,2346,-4,-406,1
882,13,318,174,12,13,0.64,2,64,504,2048,-2,-278,1
882,14,308,183,12,12,0.77,2,37,467,2306,-4,-406,1
883,13,318,174,12,13,0.63,2,65,504,2021,-2,-278,1
883,14,308,181,12,12,0.75,2,38,467,2266,-4,-405,1
884,13,319,173,10,12,0.69,2,66,504,1994,-2,-278,1
884,14,308,181,12,12,0.67,2,39,467,2227,-4,-405,1
885,13,319,173,10,12,0.64,2,67,503,1967,-2,-278,1
885,14,308,180,12,12,0.72,2,40,466,2188,-4,-405,1
886,13,319,172,10,11,0.65,2,68,503,1939,-2,-278,1
886,14,306,179,12,10,0.67,2,41,466,2148,-4,-404,1
887,13,319,173,10,10,0.65,2,69,503,1912,-2,-278,1
887,14,306,176,12,12,0.75,2,42,466,2109,-4,-404,1
888,13,320,172,8,10,0.54,2,70,503,1885,-2,-278,1
888,14,308,176,10,10,0.74,2,43,465,2069,-4,-404,1
888,15,352,412,64,102,0.92,2,1,485,3793,0,-200,1
889,13,318,172,10,10,0.54,2,71,503,1858,-2,-278,1
889,14,307,174,10,12,0.64,2,44,465,2029,-4,-404,1
889,15,348,392,56,90,0.91,2,2,485,3764,-10,-292,1
890,13,317,171,10,10,0.58,2,72,502,1831,-2,-278,1
890,14,308,174,8,10,0.37,2,45,465,1990,-4,-404,1
890,15,342,363,50,80,0.93,2,3,485,3723,-10,-352,1
891,13,317,171,10,10,0.56,2,73,502,1804,-2,-277,1
891,14,307,173,10,10,0.41,2,46,464,1950,-4,-404,1
891,15,338,349,48,72,0.91,2,4,485,3689,-9,-349,1
892,13,316,170,10,10,0.47,2,74,502,1777,-2,-277,1
892,14,306,172,10,10,0.56,2,47,464,1910,-4,-403,1
892,15,336,330,44,64,0.90,2,5,485,3650,-7,-360,1
893,13,316,168,8,10,0.56,2,75,502,1750,-2,-277,1
893,14,306,172,10,10,0.54,2,48,464,1871,-4,-403,1
893,15,333,318,40,60,0.90,2,6,484,3614,-7,-358,1
894,13,316,168,8,10,0.44,2,76,502,1723,-2,-277,1
894,14,305,170,10,10,0.60,2,49,463,1832,-4,-403,1
894,15,330,302,36,56,0.90,2,7,484,3576,-7,-362,1
895,13,316,167,8,11,0.47,2,77,501,1696,-2,-277,1
895,14,305,170,10,10,0.62,2,50,463,1793,-4,-403,1
895,15,330,294,32,51,0.91,2,8,484,3540,-7,-362,1
896,13,316,166,8,11,0.29,2,78,501,1669,-2,-277,1
896,14,306,168,8,9,0.32,2,51,463,1753,-4,-403,1
896,15,326,282,32,47,0.92,2,9,483,3501,-7,-365,1
897,13,316,166,8,11,0.29,2,79,501,1642,-2,-277,1
897,14,306,168,8,9,0.31,2,52,462,1713,-4,-402,1
897,15,324,276,32,45,0.91,2,10,483,3466,-7,-364,1
898,13,314,164,8,12,0.50,2,80,501,1615,-2,-277,1
898,15,324,266,28,42,0.90,2,11,482,3428,-7,-366,1
899,13,314,164,8,12,0.54,2,81,500,1588,-2,-277,1
899,14,305,167,8,8,0.40,2,53,461,1634,-4,-402,1
899,15,322,260,28,40,0.91,2,12,482,3392,-7,-366,1
900,13,314,164,8,10,0.48,2,82,500,1561,-3,-277,1
900,14,305,165,8,10,0.30,2,54,461,1594,-4,-402,1
900,15,321,254,26,37,0.90,2,13,482,3355,-6,-366,1
901,13,314,164,8,10,0.54,2,83,500,1534,-3,-276,1
901,14,304,166,8,9,0.27,2,55,461,1556,-4,-402,1
901,15,320,249,26,35,0.88,2,14,481,3318,-6,-366,1
