1,-1,305,107,14,16,0.83,2,-1,-1
2,-1,303,109,16,16,0.84,2,-1,-1
3,-1,303,112,15,16,0.84,2,-1,-1
4,-1,302,112,16,18,0.85,2,-1,-1
5,-1,302,116,16,18,0.86,2,-1,-1
6,-1,301,119,16,18,0.87,2,-1,-1
7,-1,300,122,16,19,0.86,2,-1,-1
8,-1,300,123,17,20,0.87,2,-1,-1
9,-1,299,128,16,19,0.84,2,-1,-1
10,-1,298,131,17,20,0.87,2,-1,-1
11,-1,297,134,18,22,0.88,2,-1,-1
12,-1,296,137,18,22,0.87,2,-1,-1
13,-1,295,141,18,24,0.89,2,-1,-1
14,-1,294,145,19,24,0.87,2,-1,-1
15,-1,292,151,20,26,0.88,2,-1,-1
16,-1,292,155,20,26,0.89,2,-1,-1
17,-1,290,161,20,28,0.89,2,-1,-1
18,-1,288,166,22,29,0.89,2,-1,-1
19,-1,285,174,24,31,0.90,2,-1,-1
20,-1,283,179,26,34,0.91,2,-1,-1
21,-1,281,189,26,36,0.89,2,-1,-1
22,-1,280,196,26,37,0.88,2,-1,-1
23,-1,276,207,28,41,0.91,2,-1,-1
24,-1,273,217,30,42,0.91,2,-1,-1
25,-1,270,232,32,48,0.91,2,-1,-1
26,-1,266,243,34,52,0.91,2,-1,-1
27,-1,260,262,37,58,0.93,2,-1,-1
28,-1,255,278,40,63,0.92,2,-1,-1
29,-1,246,305,45,74,0.94,2,-1,-1
30,-1,234,338,54,92,0.94,2,-1,-1
31,-1,225,366,58,106,0.95,2,-1,-1
32,-1,214,399,66,124,0.95,2,-1,-1
33,-1,200,466,70,72,0.91,2,-1,-1
45,-1,512,494,96,44,0.91,2,-1,-1
46,-1,494,444,76,90,0.94,2,-1,-1
47,-1,480,415,70,84,0.93,2,-1,-1
48,-1,470,390,64,76,0.93,2,-1,-1
49,-1,458,356,56,67,0.94,2,-1,-1
50,-1,450,338,52,62,0.93,2,-1,-1
51,-1,441,313,46,56,0.92,2,-1,-1
52,-1,436,298,44,53,0.93,2,-1,-1
53,-1,428,280,40,48,0.93,2,-1,-1
54,-1,422,263,36,45,0.92,2,-1,-1
55,-1,418,253,34,43,0.90,2,-1,-1
56,-1,414,245,32,40,0.91,2,-1,-1
57,-1,408,232,32,38,0.89,2,-1,-1
58,-1,406,226,30,35,0.89,2,-1,-1
59,-1,402,215,28,34,0.89,2,-1,-1
60,-1,400,208,26,33,0.88,2,-1,-1
61,-1,396,200,26,31,0.89,2,-1,-1
62,-1,394,195,24,30,0.88,2,-1,-1
63,-1,390,187,24,29,0.88,2,-1,-1
64,-1,388,182,24,28,0.89,2,-1,-1
65,-1,388,176,20,27,0.88,2,-1,-1
66,-1,384,171,20,26,0.89,2,-1,-1
67,-1,382,167,20,26,0.87,2,-1,-1
68,-1,381,164,20,24,0.89,2,-1,-1
69,-1,378,158,20,24,0.86,2,-1,-1
70,-1,378,156,18,23,0.88,2,-1,-1
71,-1,376,152,18,22,0.87,2,-1,-1
72,-1,375,148,18,22,0.88,2,-1,-1
73,-1,373,144,18,22,0.87,2,-1,-1
74,-1,372,142,17,20,0.87,2,-1,-1
75,-1,371,139,17,20,0.86,2,-1,-1
76,-1,371,136,16,20,0.86,2,-1,-1
77,-1,369,133,16,20,0.86,2,-1,-1
78,-1,368,130,16,19,0.84,2,-1,-1
79,-1,366,128,16,19,0.85,2,-1,-1
80,-1,366,127,16,18,0.84,2,-1,-1
81,-1,365,124,16,18,0.85,2,-1,-1
82,-1,363,120,16,19,0.84,2,-1,-1
83,-1,362,120,16,18,0.83,2,-1,-1
84,-1,362,118,16,17,0.84,2,-1,-1
85,-1,362,117,14,16,0.81,2,-1,-1
86,-1,361,116,14,15,0.82,2,-1,-1
87,-1,360,114,14,15,0.82,2,-1,-1
88,-1,360,111,14,17,0.83,2,-1,-1
89,-1,359,109,14,16,0.83,2,-1,-1
90,-1,358,108,14,15,0.85,2,-1,-1
91,-1,357,106,14,16,0.84,2,-1,-1
92,-1,358,105,12,16,0.84,2,-1,-1
93,-1,358,105,12,14,0.82,2,-1,-1
94,-1,356,103,14,14,0.81,2,-1,-1
95,-1,356,102,14,14,0.80,2,-1,-1
96,-1,356,101,13,14,0.80,2,-1,-1
97,-1,356,100,12,14,0.79,2,-1,-1
98,-1,355,100,13,13,0.78,2,-1,-1
99,-1,355,97,12,14,0.77,2,-1,-1
100,-1,354,96,12,14,0.77,2,-1,-1
101,-1,354,96,12,13,0.75,2,-1,-1
102,-1,354,95,12,13,0.76,2,-1,-1
102,-1,333,54,14,17,0.24,7,-1,-1
103,-1,354,95,12,12,0.77,2,-1,-1
104,-1,353,94,12,12,0.77,2,-1,-1
104,-1,331,53,16,16,0.27,7,-1,-1
105,-1,352,93,12,12,0.78,2,-1,-1
105,-1,330,53,16,16,0.19,7,-1,-1
106,-1,352,92,12,12,0.79,2,-1,-1
106,-1,330,53,16,16,0.16,7,-1,-1
107,-1,352,92,12,12,0.78,2,-1,-1
107,-1,329,54,16,17,0.28,7,-1,-1
108,-1,352,91,12,12,0.76,2,-1,-1
108,-1,329,54,16,17,0.26,7,-1,-1
109,-1,351,90,12,12,0.70,2,-1,-1
109,-1,328,54,16,18,0.37,7,-1,-1
110,-1,352,89,11,12,0.69,2,-1,-1
110,-1,327,54,16,18,0.44,7,-1,-1
111,-1,352,88,10,12,0.72,2,-1,-1
111,-1,326,54,16,18,0.56,7,-1,-1
112,-1,352,87,10,12,0.73,2,-1,-1
112,-1,325,54,18,19,0.39,7,-1,-1
113,-1,352,87,10,12,0.70,2,-1,-1
113,-1,324,54,18,20,0.62,7,-1,-1
114,-1,351,86,10,10,0.70,2,-1,-1
114,-1,324,54,18,20,0.64,7,-1,-1
115,-1,351,86,10,10,0.68,2,-1,-1
115,-1,323,54,18,20,0.58,7,-1,-1
116,-1,351,86,10,10,0.67,2,-1,-1
116,-1,322,55,18,20,0.64,7,-1,-1
117,-1,322,54,18,20,0.71,7,-1,-1
117,-1,351,84,10,10,0.68,2,-1,-1
118,-1,321,54,18,20,0.75,7,-1,-1
118,-1,351,84,10,11,0.62,2,-1,-1
119,-1,321,55,18,20,0.78,7,-1,-1
119,-1,350,82,10,10,0.58,2,-1,-1
120,-1,321,55,18,20,0.78,7,-1,-1
120,-1,350,82,10,10,0.58,2,-1,-1
121,-1,320,55,18,20,0.75,7,-1,-1
121,-1,350,82,10,10,0.59,2,-1,-1
122,-1,320,55,18,20,0.75,7,-1,-1
122,-1,350,81,9,10,0.62,2,-1,-1
123,-1,319,56,17,20,0.75,7,-1,-1
123,-1,350,80,9,10,0.63,2,-1,-1
124,-1,318,56,18,21,0.76,7,-1,-1
124,-1,350,80,9,10,0.63,2,-1,-1
125,-1,318,56,18,21,0.78,7,-1,-1
125,-1,350,80,10,10,0.63,2,-1,-1
126,-1,318,56,18,21,0.78,7,-1,-1
126,-1,350,80,9,10,0.62,2,-1,-1
127,-1,317,57,18,20,0.74,7,-1,-1
127,-1,351,80,8,9,0.62,2,-1,-1
128,-1,317,57,18,20,0.74,7,-1,-1
128,-1,351,80,8,9,0.62,2,-1,-1
129,-1,316,57,18,20,0.70,7,-1,-1
129,-1,351,78,8,9,0.61,2,-1,-1
130,-1,316,57,18,20,0.67,7,-1,-1
130,-1,351,78,8,9,0.58,2,-1,-1
131,-1,540,512,94,28,0.86,2,-1,-1
131,-1,314,57,18,20,0.71,7,-1,-1
131,-1,351,78,8,9,0.57,2,-1,-1
132,-1,526,474,108,66,0.88,7,-1,-1
132,-1,314,57,18,21,0.72,7,-1,-1
132,-1,351,77,8,9,0.60,2,-1,-1
133,-1,506,428,128,110,0.92,7,-1,-1
133,-1,314,57,18,22,0.78,7,-1,-1
133,-1,351,76,8,9,0.47,2,-1,-1
134,-1,494,400,104,134,0.93,7,-1,-1
134,-1,314,57,18,22,0.78,7,-1,-1
134,-1,352,77,8,8,0.34,2,-1,-1
135,-1,480,371,88,116,0.87,2,-1,-1
135,-1,313,58,18,22,0.82,7,-1,-1
135,-1,352,77,8,8,0.33,2,-1,-1
136,-1,471,352,80,107,0.91,2,-1,-1
136,-1,313,58,18,22,0.83,7,-1,-1
136,-1,352,76,8,8,0.18,2,-1,-1
137,-1,460,326,72,96,0.87,7,-1,-1
137,-1,313,58,18,22,0.82,7,-1,-1
137,-1,353,75,8,8,0.36,2,-1,-1
138,-1,452,311,68,92,0.89,2,-1,-1
138,-1,313,58,17,22,0.82,7,-1,-1
138,-1,353,75,8,8,0.36,2,-1,-1
139,-1,313,59,16,22,0.83,7,-1,-1
139,-1,444,294,60,81,0.81,2,-1,-1
139,-1,353,74,8,8,0.37,2,-1,-1
140,-1,313,59,16,22,0.83,7,-1,-1
140,-1,438,282,56,77,0.59,7,-1,-1
140,-1,353,74,8,8,0.37,2,-1,-1
141,-1,432,267,52,70,0.90,2,-1,-1
141,-1,312,58,17,23,0.83,7,-1,-1
141,-1,354,74,8,8,0.34,2,-1,-1
142,-1,311,58,18,23,0.84,7,-1,-1
142,-1,427,259,50,65,0.83,2,-1,-1
142,-1,354,73,8,8,0.31,2,-1,-1
143,-1,311,59,17,23,0.84,7,-1,-1
143,-1,422,244,44,64,0.82,2,-1,-1
143,-1,355,72,8,8,0.35,2,-1,-1
144,-1,418,236,44,63,0.88,2,-1,-1
144,-1,311,59,16,24,0.83,7,-1,-1
144,-1,355,72,8,8,0.35,2,-1,-1
145,-1,414,226,40,58,0.87,2,-1,-1
145,-1,311,59,16,24,0.83,7,-1,-1
145,-1,355,72,8,8,0.17,2,-1,-1
146,-1,412,220,38,56,0.88,2,-1,-1
146,-1,310,59,16,24,0.82,7,-1,-1
146,-1,355,72,8,8,0.17,2,-1,-1
147,-1,408,214,36,50,0.89,2,-1,-1
147,-1,310,60,16,24,0.83,7,-1,-1
147,-1,356,71,8,8,0.17,2,-1,-1
148,-1,404,208,36,49,0.89,2,-1,-1
148,-1,310,60,16,24,0.84,7,-1,-1
148,-1,356,71,8,8,0.16,2,-1,-1
149,-1,401,199,34,48,0.88,2,-1,-1
149,-1,310,60,16,24,0.83,7,-1,-1
149,-1,356,71,8,8,0.16,2,-1,-1
150,-1,310,60,16,24,0.84,7,-1,-1
150,-1,399,191,32,50,0.83,2,-1,-1
150,-1,357,70,8,8,0.18,2,-1,-1
151,-1,309,60,16,26,0.85,7,-1,-1
151,-1,396,184,32,49,0.84,2,-1,-1
152,-1,309,60,16,25,0.85,7,-1,-1
152,-1,394,178,32,49,0.74,2,-1,-1
152,-1,357,70,8,8,0.10,2,-1,-1
153,-1,309,60,15,25,0.86,7,-1,-1
153,-1,392,173,30,46,0.82,7,-1,-1
154,-1,391,169,28,46,0.87,7,-1,-1
154,-1,309,60,15,26,0.86,7,-1,-1
155,-1,308,61,16,26,0.86,7,-1,-1
155,-1,388,162,28,46,0.73,2,-1,-1
156,-1,386,160,28,44,0.89,7,-1,-1
156,-1,308,62,15,25,0.86,7,-1,-1
157,-1,385,156,26,43,0.86,7,-1,-1
157,-1,308,62,16,26,0.85,7,-1,-1
158,-1,383,153,26,42,0.88,7,-1,-1
158,-1,308,62,15,26,0.86,7,-1,-1
159,-1,382,148,24,41,0.89,7,-1,-1
159,-1,308,62,15,26,0.84,7,-1,-1
160,-1,380,146,24,40,0.88,7,-1,-1
160,-1,307,62,16,26,0.84,7,-1,-1
161,-1,306,63,16,26,0.84,7,-1,-1
161,-1,379,142,24,39,0.77,7,-1,-1
162,-1,376,140,24,37,0.85,2,-1,-1
162,-1,306,63,16,26,0.84,7,-1,-1
163,-1,306,63,16,26,0.84,7,-1,-1
163,-1,377,138,22,36,0.68,7,-1,-1
164,-1,376,134,22,38,0.90,7,-1,-1
164,-1,306,63,16,27,0.83,7,-1,-1
165,-1,376,132,20,36,0.88,7,-1,-1
165,-1,306,64,16,27,0.83,7,-1,-1
166,-1,374,130,20,34,0.89,7,-1,-1
166,-1,306,63,16,28,0.83,7,-1,-1
167,-1,373,128,20,34,0.88,7,-1,-1
167,-1,305,64,16,28,0.82,7,-1,-1
168,-1,372,127,20,33,0.87,7,-1,-1
168,-1,305,64,16,28,0.82,7,-1,-1
169,-1,304,64,16,28,0.82,7,-1,-1
169,-1,371,126,19,30,0.71,2,-1,-1
170,-1,370,124,19,30,0.84,7,-1,-1
170,-1,304,64,16,28,0.80,7,-1,-1
170,-1,319,79,9,14,0.13,2,-1,-1
171,-1,370,122,18,30,0.87,7,-1,-1
171,-1,304,65,16,28,0.82,7,-1,-1
171,-1,319,85,8,9,0.29,2,-1,-1
172,-1,369,119,18,30,0.88,7,-1,-1
172,-1,303,66,16,28,0.82,7,-1,-1
172,-1,319,86,8,9,0.30,2,-1,-1
173,-1,368,118,18,29,0.87,7,-1,-1
173,-1,303,66,16,28,0.80,7,-1,-1
173,-1,318,85,8,10,0.16,2,-1,-1
174,-1,367,115,18,30,0.86,7,-1,-1
174,-1,303,66,16,28,0.79,7,-1,-1
174,-1,318,85,8,10,0.22,2,-1,-1
175,-1,302,67,16,28,0.81,7,-1,-1
175,-1,366,115,18,28,0.80,7,-1,-1
175,-1,317,86,9,10,0.18,2,-1,-1
176,-1,366,115,18,26,0.82,2,-1,-1
176,-1,302,66,16,29,0.81,7,-1,-1
176,-1,317,88,9,10,0.40,2,-1,-1
177,-1,302,67,16,30,0.82,7,-1,-1
177,-1,366,112,16,26,0.76,7,-1,-1
177,-1,316,89,9,11,0.32,2,-1,-1
177,-1,329,61,8,16,0.10,7,-1,-1
178,-1,302,67,16,30,0.82,7,-1,-1
178,-1,366,113,16,24,0.59,7,-1,-1
178,-1,316,90,9,11,0.32,2,-1,-1
179,-1,365,112,16,22,0.85,2,-1,-1
179,-1,301,68,16,29,0.82,7,-1,-1
179,-1,314,92,10,10,0.44,2,-1,-1
179,-1,328,62,9,16,0.25,7,-1,-1
180,-1,364,110,17,24,0.86,2,-1,-1
180,-1,301,69,16,29,0.82,7,-1,-1
180,-1,314,92,10,10,0.52,2,-1,-1
180,-1,328,62,8,16,0.23,7,-1,-1
181,-1,364,108,16,24,0.85,2,-1,-1
181,-1,301,69,16,29,0.81,7,-1,-1
181,-1,313,93,10,10,0.55,2,-1,-1
181,-1,326,64,10,16,0.22,7,-1,-1
182,-1,364,108,16,22,0.84,2,-1,-1
182,-1,301,69,16,29,0.81,7,-1,-1
182,-1,313,93,10,11,0.61,2,-1,-1
182,-1,326,65,10,16,0.18,7,-1,-1
183,-1,362,106,16,22,0.84,2,-1,-1
183,-1,300,69,17,30,0.82,7,-1,-1
183,-1,312,94,10,12,0.61,2,-1,-1
183,-1,326,64,10,17,0.46,7,-1,-1
184,-1,362,106,16,22,0.84,2,-1,-1
184,-1,299,69,18,30,0.82,7,-1,-1
184,-1,312,94,10,12,0.62,2,-1,-1
184,-1,324,63,11,18,0.52,7,-1,-1
185,-1,299,69,18,30,0.81,7,-1,-1
185,-1,363,105,14,20,0.80,2,-1,-1
185,-1,311,95,10,12,0.65,2,-1,-1
185,-1,324,64,10,18,0.42,7,-1,-1
186,-1,362,103,14,20,0.81,2,-1,-1
186,-1,298,70,18,30,0.80,7,-1,-1
186,-1,310,96,12,14,0.72,2,-1,-1
186,-1,324,64,10,17,0.44,7,-1,-1
187,-1,298,70,18,30,0.82,7,-1,-1
187,-1,361,102,15,20,0.79,2,-1,-1
187,-1,309,97,12,14,0.75,2,-1,-1
187,-1,322,65,11,18,0.54,7,-1,-1
188,-1,298,69,18,32,0.83,7,-1,-1
188,-1,361,103,14,18,0.80,2,-1,-1
188,-1,309,98,12,14,0.78,2,-1,-1
188,-1,322,64,11,18,0.32,7,-1,-1
189,-1,296,70,20,32,0.84,7,-1,-1
189,-1,360,100,14,20,0.81,2,-1,-1
189,-1,308,100,12,14,0.76,2,-1,-1
189,-1,322,64,11,20,0.65,7,-1,-1
190,-1,295,70,20,33,0.84,7,-1,-1
190,-1,359,101,15,18,0.82,2,-1,-1
190,-1,308,101,12,14,0.78,2,-1,-1
190,-1,321,64,12,20,0.68,7,-1,-1
191,-1,295,71,20,32,0.84,7,-1,-1
191,-1,307,102,12,16,0.79,2,-1,-1
191,-1,321,64,12,20,0.71,7,-1,-1
191,-1,359,95,14,22,0.68,2,-1,-1
192,-1,295,71,20,32,0.84,7,-1,-1
192,-1,306,103,13,15,0.79,2,-1,-1
192,-1,359,95,14,22,0.77,2,-1,-1
192,-1,321,65,12,20,0.68,7,-1,-1
193,-1,294,72,19,33,0.82,7,-1,-1
193,-1,358,97,14,18,0.79,2,-1,-1
193,-1,306,106,13,14,0.78,2,-1,-1
193,-1,320,66,12,20,0.73,7,-1,-1
194,-1,294,72,20,33,0.83,7,-1,-1
194,-1,358,96,14,18,0.82,2,-1,-1
194,-1,304,105,14,16,0.80,2,-1,-1
194,-1,320,66,13,20,0.75,7,-1,-1
195,-1,293,72,20,34,0.83,7,-1,-1
195,-1,304,107,14,16,0.81,2,-1,-1
195,-1,358,94,14,19,0.81,2,-1,-1
195,-1,320,66,12,20,0.76,7,-1,-1
196,-1,293,72,20,34,0.83,7,-1,-1
196,-1,358,94,13,18,0.81,2,-1,-1
196,-1,304,109,14,16,0.81,2,-1,-1
196,-1,320,67,12,20,0.77,7,-1,-1
197,-1,303,110,14,17,0.83,2,-1,-1
197,-1,292,73,20,34,0.82,7,-1,-1
197,-1,319,67,12,20,0.79,7,-1,-1
197,-1,358,95,13,16,0.79,2,-1,-1
198,-1,303,111,14,18,0.83,2,-1,-1
198,-1,292,72,20,36,0.83,7,-1,-1
198,-1,357,94,13,16,0.79,2,-1,-1
198,-1,319,68,12,20,0.79,7,-1,-1
199,-1,302,114,14,18,0.83,2,-1,-1
199,-1,292,73,20,36,0.82,7,-1,-1
199,-1,356,90,13,18,0.78,2,-1,-1
199,-1,318,68,12,21,0.69,7,-1,-1
200,-1,302,115,15,18,0.83,2,-1,-1
200,-1,291,73,20,36,0.83,7,-1,-1
200,-1,356,90,13,17,0.77,2,-1,-1
200,-1,318,67,12,22,0.77,7,-1,-1
201,-1,300,117,16,19,0.84,2,-1,-1
201,-1,291,73,20,38,0.81,7,-1,-1
201,-1,318,68,12,22,0.77,7,-1,-1
201,-1,356,89,12,18,0.75,2,-1,-1
202,-1,290,73,21,38,0.83,7,-1,-1
202,-1,300,118,16,20,0.82,2,-1,-1
202,-1,356,90,12,17,0.74,2,-1,-1
202,-1,317,68,13,22,0.64,7,-1,-1
203,-1,299,123,16,18,0.84,2,-1,-1
203,-1,290,75,21,37,0.84,7,-1,-1
203,-1,355,89,12,16,0.74,2,-1,-1
203,-1,317,70,14,22,0.45,7,-1,-1
204,-1,299,122,16,21,0.87,2,-1,-1
204,-1,289,75,21,38,0.84,7,-1,-1
204,-1,355,89,12,16,0.73,2,-1,-1
204,-1,316,70,13,22,0.64,7,-1,-1
205,-1,299,126,16,21,0.87,2,-1,-1
205,-1,288,75,22,38,0.85,7,-1,-1
205,-1,355,88,12,16,0.74,2,-1,-1
205,-1,317,72,12,20,0.35,2,-1,-1
206,-1,288,75,22,40,0.86,7,-1,-1
206,-1,296,128,18,22,0.84,2,-1,-1
206,-1,354,87,12,16,0.71,2,-1,-1
206,-1,316,72,12,21,0.39,2,-1,-1
207,-1,296,130,18,24,0.87,2,-1,-1
207,-1,288,76,22,40,0.86,7,-1,-1
207,-1,354,86,12,16,0.73,2,-1,-1
207,-1,314,73,14,22,0.55,7,-1,-1
208,-1,296,132,18,24,0.88,2,-1,-1
208,-1,288,76,22,40,0.86,7,-1,-1
208,-1,354,85,11,16,0.75,2,-1,-1
208,-1,314,73,14,22,0.59,7,-1,-1
209,-1,294,136,19,24,0.87,2,-1,-1
209,-1,287,77,22,40,0.86,7,-1,-1
209,-1,354,85,11,16,0.75,2,-1,-1
209,-1,314,75,14,21,0.66,7,-1,-1
210,-1,294,137,18,26,0.88,2,-1,-1
210,-1,286,77,22,40,0.86,7,-1,-1
210,-1,354,86,10,14,0.74,2,-1,-1
210,-1,313,75,14,21,0.56,7,-1,-1
211,-1,293,142,20,26,0.88,2,-1,-1
211,-1,286,77,22,41,0.87,7,-1,-1
211,-1,354,86,10,12,0.72,2,-1,-1
211,-1,313,77,14,20,0.45,2,-1,-1
212,-1,293,144,20,28,0.88,2,-1,-1
212,-1,286,77,22,42,0.87,7,-1,-1
212,-1,354,86,10,12,0.70,2,-1,-1
212,-1,312,76,15,22,0.56,7,-1,-1
213,-1,292,147,20,30,0.88,2,-1,-1
213,-1,286,78,22,42,0.87,7,-1,-1
213,-1,353,84,10,12,0.70,2,-1,-1
213,-1,312,77,15,22,0.65,7,-1,-1
214,-1,291,152,20,30,0.87,2,-1,-1
214,-1,284,78,23,42,0.87,7,-1,-1
214,-1,353,84,10,12,0.70,2,-1,-1
214,-1,312,76,15,23,0.64,7,-1,-1
215,-1,288,156,22,32,0.89,2,-1,-1
215,-1,284,78,23,44,0.88,7,-1,-1
215,-1,353,84,10,12,0.65,2,-1,-1
215,-1,311,78,15,22,0.60,7,-1,-1
216,-1,287,158,23,34,0.88,2,-1,-1
216,-1,284,78,23,44,0.88,7,-1,-1
216,-1,353,84,10,12,0.65,2,-1,-1
216,-1,310,78,16,23,0.64,7,-1,-1
217,-1,286,164,24,36,0.89,2,-1,-1
217,-1,282,80,24,44,0.88,7,-1,-1
217,-1,310,79,16,24,0.68,7,-1,-1
217,-1,352,83,10,12,0.65,2,-1,-1
218,-1,285,168,24,37,0.91,2,-1,-1
218,-1,282,80,24,45,0.88,7,-1,-1
218,-1,311,80,14,24,0.76,7,-1,-1
218,-1,352,83,10,11,0.55,2,-1,-1
219,-1,282,174,26,40,0.92,2,-1,-1
219,-1,282,80,24,46,0.88,7,-1,-1
219,-1,310,81,15,24,0.76,7,-1,-1
219,-1,352,82,10,10,0.50,2,-1,-1
220,-1,281,180,26,40,0.90,2,-1,-1
220,-1,282,80,24,47,0.88,7,-1,-1
220,-1,310,81,15,24,0.77,7,-1,-1
220,-1,352,82,10,11,0.51,2,-1,-1
221,-1,279,188,27,42,0.90,2,-1,-1
221,-1,281,81,24,48,0.87,7,-1,-1
221,-1,309,82,16,24,0.56,7,-1,-1
221,-1,352,81,10,11,0.53,2,-1,-1
222,-1,277,194,28,44,0.91,2,-1,-1
222,-1,280,81,24,48,0.87,7,-1,-1
222,-1,352,80,10,11,0.56,2,-1,-1
222,-1,309,83,16,24,0.51,2,-1,-1
223,-1,274,202,30,49,0.91,2,-1,-1
223,-1,280,82,24,49,0.87,7,-1,-1
223,-1,352,80,10,11,0.56,2,-1,-1
223,-1,308,84,16,25,0.47,7,-1,-1
224,-1,271,208,32,52,0.90,2,-1,-1
224,-1,280,82,24,49,0.87,7,-1,-1
224,-1,308,84,16,26,0.77,7,-1,-1
224,-1,352,81,10,10,0.56,2,-1,-1
225,-1,266,221,34,56,0.91,2,-1,-1
225,-1,279,83,24,50,0.86,7,-1,-1
225,-1,308,84,16,26,0.58,7,-1,-1
225,-1,352,80,10,10,0.56,2,-1,-1
226,-1,264,229,36,59,0.92,2,-1,-1
226,-1,279,84,24,50,0.86,7,-1,-1
226,-1,307,84,17,28,0.61,7,-1,-1
226,-1,352,80,10,10,0.56,2,-1,-1
227,-1,259,244,38,64,0.92,2,-1,-1
227,-1,278,85,24,51,0.84,7,-1,-1
227,-1,306,84,18,28,0.65,7,-1,-1
227,-1,352,80,9,10,0.52,2,-1,-1
228,-1,254,253,41,70,0.92,2,-1,-1
228,-1,278,86,24,50,0.85,7,-1,-1
228,-1,306,86,18,28,0.54,7,-1,-1
228,-1,352,80,9,10,0.51,2,-1,-1
229,-1,248,272,44,78,0.90,2,-1,-1
229,-1,277,86,24,52,0.85,7,-1,-1
229,-1,305,86,18,29,0.63,7,-1,-1
229,-1,352,79,8,9,0.58,2,-1,-1
230,-1,244,284,45,86,0.92,2,-1,-1
230,-1,276,89,25,50,0.85,7,-1,-1
230,-1,304,87,20,30,0.80,7,-1,-1
230,-1,352,78,8,10,0.58,2,-1,-1
231,-1,233,309,54,100,0.94,2,-1,-1
231,-1,275,88,26,52,0.86,7,-1,-1
231,-1,305,88,18,30,0.65,7,-1,-1
231,-1,352,78,8,10,0.58,2,-1,-1
232,-1,227,328,54,110,0.95,2,-1,-1
232,-1,275,89,26,52,0.87,7,-1,-1
232,-1,304,89,20,30,0.81,7,-1,-1
232,-1,352,78,9,9,0.62,2,-1,-1
233,-1,212,364,64,131,0.94,2,-1,-1
233,-1,274,88,26,56,0.86,7,-1,-1
233,-1,303,90,20,31,0.80,7,-1,-1
233,-1,352,78,9,9,0.62,2,-1,-1
234,-1,201,392,72,144,0.94,2,-1,-1
234,-1,274,90,26,55,0.87,7,-1,-1
234,-1,352,76,8,10,0.62,2,-1,-1
234,-1,304,91,20,30,0.61,7,-1,-1
235,-1,189,446,74,92,0.93,2,-1,-1
235,-1,273,90,27,56,0.89,7,-1,-1
235,-1,303,91,20,32,0.68,7,-1,-1
235,-1,352,76,9,9,0.55,2,-1,-1
236,-1,185,490,70,48,0.91,2,-1,-1
236,-1,272,92,28,56,0.88,7,-1,-1
236,-1,303,94,20,30,0.65,2,-1,-1
236,-1,352,76,9,9,0.54,2,-1,-1
237,-1,272,90,27,58,0.89,7,-1,-1
237,-1,302,95,21,31,0.67,2,-1,-1
237,-1,353,76,8,9,0.34,2,-1,-1
238,-1,271,92,28,58,0.89,7,-1,-1
238,-1,302,96,20,32,0.48,2,-1,-1
238,-1,353,75,8,9,0.37,2,-1,-1
239,-1,270,93,28,60,0.89,7,-1,-1
239,-1,301,97,22,33,0.81,7,-1,-1
239,-1,353,74,8,9,0.33,2,-1,-1
240,-1,270,94,28,60,0.89,7,-1,-1
240,-1,300,97,22,34,0.85,7,-1,-1
240,-1,353,74,8,8,0.36,2,-1,-1
241,-1,268,93,30,62,0.88,7,-1,-1
241,-1,300,99,22,34,0.84,7,-1,-1
241,-1,353,74,8,8,0.37,2,-1,-1
242,-1,268,93,29,64,0.88,7,-1,-1
242,-1,298,100,24,36,0.83,7,-1,-1
242,-1,353,74,8,8,0.36,2,-1,-1
243,-1,267,94,30,65,0.89,7,-1,-1
243,-1,298,100,24,37,0.86,7,-1,-1
243,-1,354,74,8,9,0.26,2,-1,-1
244,-1,266,94,30,66,0.89,7,-1,-1
244,-1,298,102,24,36,0.86,7,-1,-1
244,-1,354,73,8,8,0.23,2,-1,-1
245,-1,265,95,32,68,0.90,7,-1,-1
245,-1,298,104,24,38,0.80,7,-1,-1
245,-1,354,72,8,8,0.20,2,-1,-1
246,-1,264,97,32,68,0.90,7,-1,-1
246,-1,297,106,24,38,0.85,7,-1,-1
246,-1,354,72,8,8,0.21,2,-1,-1
247,-1,264,98,32,69,0.91,7,-1,-1
247,-1,297,106,25,40,0.76,7,-1,-1
247,-1,355,72,8,8,0.22,2,-1,-1
248,-1,262,98,33,71,0.90,7,-1,-1
248,-1,296,106,25,41,0.60,2,-1,-1
248,-1,355,72,8,8,0.15,2,-1,-1
249,-1,261,99,34,72,0.90,7,-1,-1
249,-1,296,109,24,42,0.65,2,-1,-1
249,-1,356,71,8,8,0.20,2,-1,-1
250,-1,260,99,35,73,0.91,7,-1,-1
250,-1,296,110,24,44,0.74,7,-1,-1
250,-1,356,71,8,8,0.20,2,-1,-1
251,-1,259,101,36,74,0.91,7,-1,-1
251,-1,295,112,24,44,0.56,2,-1,-1
251,-1,356,70,8,8,0.18,2,-1,-1
252,-1,258,100,36,77,0.92,7,-1,-1
252,-1,294,110,25,49,0.64,7,-1,-1
252,-1,356,70,8,8,0.18,2,-1,-1
253,-1,256,101,37,78,0.91,7,-1,-1
253,-1,294,112,26,50,0.60,7,-1,-1
253,-1,356,70,8,8,0.37,2,-1,-1
254,-1,255,102,38,80,0.91,7,-1,-1
254,-1,295,115,24,50,0.51,2,-1,-1
254,-1,357,70,8,8,0.18,2,-1,-1
255,-1,254,104,40,81,0.89,7,-1,-1
255,-1,295,117,24,52,0.57,7,-1,-1
255,-1,357,70,8,7,0.16,2,-1,-1
256,-1,253,105,40,82,0.90,7,-1,-1
256,-1,294,146,22,26,0.75,2,-1,-1
256,-1,295,117,22,23,0.41,2,-1,-1
256,-1,357,70,8,7,0.16,2,-1,-1
257,-1,252,106,41,84,0.90,7,-1,-1
257,-1,292,120,27,56,0.71,2,-1,-1
257,-1,358,70,7,7,0.18,2,-1,-1
258,-1,250,106,42,86,0.89,7,-1,-1
258,-1,290,119,28,60,0.77,7,-1,-1
259,-1,248,107,43,88,0.90,7,-1,-1
259,-1,289,122,28,62,0.63,7,-1,-1
260,-1,247,107,44,90,0.90,7,-1,-1
260,-1,288,122,29,66,0.80,7,-1,-1
261,-1,245,108,46,93,0.90,7,-1,-1
261,-1,286,126,31,67,0.68,7,-1,-1
262,-1,243,109,48,94,0.91,7,-1,-1
262,-1,285,128,32,69,0.72,7,-1,-1
263,-1,240,110,49,98,0.92,7,-1,-1
263,-1,284,130,32,74,0.63,7,-1,-1
264,-1,240,111,50,100,0.92,7,-1,-1
264,-1,283,134,33,74,0.76,7,-1,-1
265,-1,236,112,53,104,0.92,7,-1,-1
265,-1,583,498,54,40,0.86,2,-1,-1
265,-1,281,138,34,77,0.81,7,-1,-1
266,-1,235,111,53,108,0.92,7,-1,-1
266,-1,543,454,94,84,0.91,7,-1,-1
266,-1,279,140,36,79,0.85,7,-1,-1
267,-1,519,401,118,138,0.94,7,-1,-1
267,-1,232,113,55,112,0.92,7,-1,-1
267,-1,278,144,37,84,0.65,7,-1,-1
268,-1,504,372,132,166,0.94,7,-1,-1
268,-1,231,115,56,114,0.92,7,-1,-1
269,-1,486,338,152,200,0.94,7,-1,-1
269,-1,228,117,58,118,0.91,7,-1,-1
270,-1,476,318,160,219,0.94,7,-1,-1
270,-1,225,117,60,122,0.92,7,-1,-1
271,-1,466,295,170,242,0.93,7,-1,-1
271,-1,223,120,62,122,0.92,7,-1,-1
272,-1,220,121,64,124,0.93,7,-1,-1
272,-1,460,281,176,257,0.92,7,-1,-1
273,-1,216,124,67,130,0.93,7,-1,-1
273,-1,446,258,190,275,0.90,7,-1,-1
274,-1,212,124,70,132,0.92,7,-1,-1
274,-1,440,237,196,298,0.88,7,-1,-1
275,-1,209,125,73,138,0.93,7,-1,-1
275,-1,430,229,208,311,0.85,7,-1,-1
276,-1,206,127,74,140,0.93,7,-1,-1
276,-1,428,221,204,309,0.88,7,-1,-1
277,-1,202,131,77,146,0.92,7,-1,-1
277,-1,422,207,176,298,0.89,7,-1,-1
278,-1,420,203,160,264,0.93,7,-1,-1
278,-1,199,134,80,148,0.93,7,-1,-1
279,-1,416,190,140,238,0.94,7,-1,-1
279,-1,194,133,84,158,0.92,7,-1,-1
279,-1,340,52,12,16,0.24,7,-1,-1
280,-1,412,184,132,222,0.95,7,-1,-1
280,-1,191,135,85,162,0.93,7,-1,-1
280,-1,340,52,12,16,0.25,7,-1,-1
281,-1,408,176,118,202,0.94,7,-1,-1
281,-1,186,137,89,170,0.93,7,-1,-1
281,-1,340,52,12,16,0.15,7,-1,-1
282,-1,406,171,112,190,0.94,7,-1,-1
282,-1,182,139,92,173,0.93,7,-1,-1
283,-1,402,165,100,175,0.94,7,-1,-1
283,-1,176,141,98,184,0.93,7,-1,-1
283,-1,203,278,94,208,0.50,7,-1,-1
284,-1,400,160,96,166,0.94,7,-1,-1
284,-1,169,142,104,188,0.93,7,-1,-1
285,-1,395,154,90,156,0.95,7,-1,-1
285,-1,160,144,112,200,0.93,7,-1,-1
285,-1,176,309,118,226,0.51,7,-1,-1
286,-1,394,151,88,147,0.94,7,-1,-1
286,-1,154,145,116,209,0.92,7,-1,-1
287,-1,391,146,80,138,0.94,7,-1,-1
287,-1,147,150,122,218,0.92,7,-1,-1
288,-1,390,143,78,132,0.93,7,-1,-1
288,-1,138,147,130,230,0.92,7,-1,-1
289,-1,387,138,74,126,0.94,7,-1,-1
289,-1,129,152,138,242,0.92,7,-1,-1
289,-1,162,354,118,182,0.73,7,-1,-1
290,-1,384,136,72,120,0.93,7,-1,-1
290,-1,122,156,143,252,0.92,7,-1,-1
290,-1,153,380,122,156,0.23,2,-1,-1
291,-1,383,132,68,113,0.94,7,-1,-1
291,-1,109,156,154,270,0.91,7,-1,-1
292,-1,382,130,66,110,0.94,7,-1,-1
292,-1,102,159,158,282,0.90,7,-1,-1
293,-1,380,127,64,104,0.93,7,-1,-1
293,-1,84,157,174,314,0.82,7,-1,-1
294,-1,379,125,60,100,0.93,7,-1,-1
294,-1,76,193,168,291,0.87,7,-1,-1
295,-1,377,121,56,96,0.93,7,-1,-1
295,-1,60,207,180,308,0.85,7,-1,-1
295,-1,328,57,12,16,0.13,7,-1,-1
296,-1,377,120,54,94,0.93,7,-1,-1
296,-1,47,237,176,298,0.82,7,-1,-1
296,-1,328,57,12,16,0.14,7,-1,-1
297,-1,376,116,50,90,0.92,7,-1,-1
297,-1,18,219,216,314,0.80,7,-1,-1
297,-1,327,57,12,17,0.15,7,-1,-1
298,-1,376,114,48,88,0.93,7,-1,-1
298,-1,4,233,223,302,0.80,7,-1,-1
298,-1,326,57,12,18,0.47,7,-1,-1
299,-1,374,113,48,84,0.92,7,-1,-1
299,-1,325,57,12,18,0.41,7,-1,-1
300,-1,373,110,46,83,0.91,7,-1,-1
300,-1,324,57,12,18,0.21,7,-1,-1
301,-1,372,108,44,80,0.92,7,-1,-1
301,-1,323,57,13,19,0.34,7,-1,-1
302,-1,371,108,44,79,0.91,7,-1,-1
302,-1,5,235,222,304,0.85,7,-1,-1
302,-1,323,58,13,18,0.24,7,-1,-1
303,-1,369,105,42,76,0.93,7,-1,-1
303,-1,322,58,14,19,0.45,7,-1,-1
304,-1,369,104,40,75,0.92,7,-1,-1
304,-1,321,58,14,19,0.51,7,-1,-1
305,-1,368,102,40,72,0.93,7,-1,-1
305,-1,320,57,14,20,0.53,7,-1,-1
306,-1,367,101,38,70,0.93,7,-1,-1
306,-1,319,59,14,18,0.46,7,-1,-1
307,-1,366,99,38,68,0.92,7,-1,-1
307,-1,318,58,14,20,0.67,7,-1,-1
308,-1,366,98,36,66,0.91,7,-1,-1
308,-1,318,58,14,19,0.61,7,-1,-1
309,-1,364,96,36,65,0.92,7,-1,-1
309,-1,318,59,14,20,0.76,7,-1,-1
310,-1,364,95,34,65,0.92,7,-1,-1
310,-1,318,59,14,20,0.65,7,-1,-1
311,-1,363,93,34,64,0.92,7,-1,-1
311,-1,316,59,15,20,0.45,7,-1,-1
312,-1,362,93,34,62,0.92,7,-1,-1
312,-1,316,60,14,20,0.34,7,-1,-1
313,-1,361,92,34,60,0.93,7,-1,-1
313,-1,314,60,15,22,0.77,7,-1,-1
314,-1,1,286,189,252,0.94,7,-1,-1
314,-1,362,91,32,58,0.93,7,-1,-1
314,-1,314,60,14,22,0.71,7,-1,-1
315,-1,0,300,182,238,0.93,7,-1,-1
315,-1,361,90,31,57,0.92,7,-1,-1
315,-1,313,60,15,22,0.80,7,-1,-1
316,-1,360,89,30,56,0.91,7,-1,-1
316,-1,313,60,15,22,0.80,7,-1,-1
317,-1,0,332,168,206,0.94,7,-1,-1
317,-1,359,88,30,54,0.92,7,-1,-1
317,-1,313,61,14,22,0.79,7,-1,-1
318,-1,359,87,30,53,0.92,7,-1,-1
318,-1,313,61,14,22,0.80,7,-1,-1
319,-1,359,87,28,52,0.91,7,-1,-1
319,-1,310,62,16,22,0.82,7,-1,-1
320,-1,359,86,28,52,0.91,7,-1,-1
320,-1,310,62,15,22,0.82,7,-1,-1
321,-1,0,403,132,135,0.92,7,-1,-1
321,-1,358,85,28,50,0.91,7,-1,-1
321,-1,310,62,15,23,0.81,7,-1,-1
321,-1,564,482,72,56,0.69,7,-1,-1
322,-1,542,434,96,104,0.91,7,-1,-1
322,-1,358,85,27,49,0.91,7,-1,-1
322,-1,310,62,15,24,0.82,7,-1,-1
323,-1,516,379,120,158,0.94,7,-1,-1
323,-1,357,84,26,48,0.90,7,-1,-1
323,-1,310,62,14,24,0.84,7,-1,-1
323,-1,0,460,100,78,0.65,7,-1,-1
324,-1,503,351,134,185,0.95,7,-1,-1
324,-1,357,84,26,46,0.90,7,-1,-1
324,-1,309,62,15,24,0.85,7,-1,-1
325,-1,484,318,152,218,0.94,7,-1,-1
325,-1,356,82,26,46,0.90,7,-1,-1
325,-1,308,63,16,24,0.82,7,-1,-1
326,-1,475,297,162,240,0.93,7,-1,-1
326,-1,356,82,25,44,0.90,7,-1,-1
326,-1,307,62,16,25,0.81,7,-1,-1
327,-1,462,273,172,259,0.92,7,-1,-1
327,-1,356,81,25,44,0.89,7,-1,-1
327,-1,307,64,15,24,0.81,7,-1,-1
328,-1,454,262,182,268,0.92,7,-1,-1
328,-1,356,81,25,43,0.89,7,-1,-1
328,-1,306,64,16,26,0.80,7,-1,-1
329,-1,444,240,192,284,0.91,7,-1,-1
329,-1,355,80,24,42,0.88,7,-1,-1
329,-1,306,64,16,25,0.80,7,-1,-1
330,-1,354,80,25,42,0.88,7,-1,-1
330,-1,438,230,200,310,0.85,7,-1,-1
330,-1,305,64,16,26,0.80,7,-1,-1
331,-1,354,79,24,40,0.88,7,-1,-1
331,-1,428,218,200,312,0.88,7,-1,-1
331,-1,305,64,16,26,0.80,7,-1,-1
332,-1,428,203,176,290,0.89,7,-1,-1
332,-1,354,78,23,41,0.87,7,-1,-1
332,-1,304,65,16,26,0.81,7,-1,-1
333,-1,422,193,152,262,0.93,7,-1,-1
333,-1,354,77,23,40,0.87,7,-1,-1
333,-1,304,66,16,26,0.80,7,-1,-1
334,-1,418,190,138,235,0.94,7,-1,-1
334,-1,354,76,22,40,0.88,7,-1,-1
334,-1,303,66,16,26,0.81,7,-1,-1
335,-1,413,181,124,212,0.94,7,-1,-1
335,-1,353,74,22,40,0.88,7,-1,-1
335,-1,303,66,16,27,0.82,7,-1,-1
336,-1,410,174,118,200,0.94,7,-1,-1
336,-1,353,74,22,39,0.87,7,-1,-1
336,-1,302,67,16,27,0.83,7,-1,-1
337,-1,406,168,112,183,0.94,7,-1,-1
337,-1,353,74,22,38,0.87,7,-1,-1
337,-1,302,66,16,28,0.84,7,-1,-1
338,-1,404,163,100,174,0.94,7,-1,-1
338,-1,352,74,22,38,0.87,7,-1,-1
338,-1,301,67,17,28,0.85,7,-1,-1
339,-1,400,156,96,160,0.94,7,-1,-1
339,-1,353,74,20,36,0.87,7,-1,-1
339,-1,300,68,17,28,0.86,7,-1,-1
340,-1,398,153,88,152,0.94,7,-1,-1
340,-1,352,73,21,36,0.87,7,-1,-1
340,-1,300,68,17,28,0.86,7,-1,-1
341,-1,396,148,84,142,0.93,7,-1,-1
341,-1,353,72,20,36,0.87,7,-1,-1
341,-1,299,69,18,28,0.86,7,-1,-1
341,-1,564,486,72,52,0.82,2,-1,-1
342,-1,393,144,80,136,0.94,7,-1,-1
342,-1,534,438,104,100,0.92,7,-1,-1
342,-1,352,72,20,35,0.87,7,-1,-1
342,-1,298,69,18,29,0.86,7,-1,-1
343,-1,391,139,74,128,0.94,7,-1,-1
343,-1,504,384,130,154,0.92,7,-1,-1
343,-1,298,69,18,30,0.86,7,-1,-1
343,-1,352,73,20,34,0.86,7,-1,-1
344,-1,389,137,70,122,0.94,7,-1,-1
344,-1,489,357,148,180,0.91,7,-1,-1
344,-1,352,72,20,33,0.87,7,-1,-1
344,-1,297,70,18,29,0.86,7,-1,-1
345,-1,470,321,164,216,0.93,7,-1,-1
345,-1,386,133,68,116,0.93,7,-1,-1
345,-1,296,72,18,29,0.87,7,-1,-1
345,-1,352,73,20,32,0.86,7,-1,-1
346,-1,386,130,64,112,0.93,7,-1,-1
346,-1,460,301,176,236,0.93,7,-1,-1
346,-1,295,72,19,29,0.87,7,-1,-1
346,-1,352,72,18,32,0.85,7,-1,-1
347,-1,382,127,64,106,0.93,7,-1,-1
347,-1,446,273,188,265,0.91,7,-1,-1
347,-1,294,72,20,30,0.87,7,-1,-1
347,-1,352,72,18,31,0.85,7,-1,-1
348,-1,381,124,62,104,0.93,7,-1,-1
348,-1,438,258,196,280,0.90,7,-1,-1
348,-1,294,72,19,32,0.87,7,-1,-1
348,-1,352,72,18,30,0.86,7,-1,-1
349,-1,380,122,56,98,0.93,7,-1,-1
349,-1,429,245,170,288,0.91,7,-1,-1
349,-1,294,73,19,32,0.86,7,-1,-1
349,-1,352,71,18,31,0.86,7,-1,-1
350,-1,423,233,154,264,0.93,7,-1,-1
350,-1,378,120,56,95,0.92,7,-1,-1
350,-1,352,70,18,31,0.86,7,-1,-1
350,-1,294,73,19,32,0.86,7,-1,-1
351,-1,416,218,132,232,0.94,7,-1,-1
351,-1,378,117,50,90,0.93,7,-1,-1
351,-1,292,74,19,32,0.87,7,-1,-1
351,-1,352,69,18,31,0.87,7,-1,-1
352,-1,410,212,122,211,0.94,7,-1,-1
352,-1,377,115,50,88,0.92,7,-1,-1
352,-1,292,74,19,33,0.87,7,-1,-1
352,-1,352,68,16,31,0.86,7,-1,-1
353,-1,403,200,110,189,0.94,7,-1,-1
353,-1,375,112,48,85,0.92,7,-1,-1
353,-1,291,75,20,34,0.87,7,-1,-1
353,-1,352,68,16,31,0.84,7,-1,-1
354,-1,399,192,102,178,0.94,7,-1,-1
354,-1,375,111,46,82,0.91,7,-1,-1
354,-1,290,76,20,34,0.87,7,-1,-1
354,-1,352,68,16,30,0.85,7,-1,-1
355,-1,396,184,90,158,0.94,7,-1,-1
355,-1,373,108,46,79,0.91,7,-1,-1
355,-1,290,76,20,34,0.87,7,-1,-1
355,-1,352,67,16,30,0.84,7,-1,-1
356,-1,393,178,84,150,0.94,7,-1,-1
356,-1,372,108,44,76,0.91,7,-1,-1
356,-1,289,77,20,34,0.87,7,-1,-1
356,-1,352,66,16,30,0.83,7,-1,-1
357,-1,386,170,80,136,0.92,7,-1,-1
357,-1,372,105,42,75,0.90,7,-1,-1
357,-1,288,77,21,36,0.88,7,-1,-1
357,-1,352,66,16,28,0.83,7,-1,-1
358,-1,383,166,76,130,0.93,7,-1,-1
358,-1,370,104,42,75,0.89,7,-1,-1
358,-1,288,78,20,36,0.88,7,-1,-1
358,-1,352,66,16,28,0.83,7,-1,-1
359,-1,382,160,68,121,0.93,7,-1,-1
359,-1,368,102,40,71,0.90,7,-1,-1
359,-1,287,78,20,37,0.88,7,-1,-1
359,-1,352,65,17,28,0.84,7,-1,-1
360,-1,379,156,66,114,0.93,7,-1,-1
360,-1,286,79,21,37,0.88,7,-1,-1
360,-1,369,101,38,72,0.87,7,-1,-1
360,-1,352,65,17,28,0.84,7,-1,-1
361,-1,286,80,21,38,0.89,7,-1,-1
361,-1,352,65,15,28,0.84,7,-1,-1
361,-1,366,99,72,160,0.82,7,-1,-1
362,-1,285,80,22,38,0.89,7,-1,-1
362,-1,352,65,15,27,0.83,7,-1,-1
362,-1,366,97,70,154,0.83,7,-1,-1
363,-1,284,81,22,40,0.89,7,-1,-1
363,-1,366,96,62,143,0.87,7,-1,-1
363,-1,352,64,14,27,0.83,7,-1,-1
364,-1,283,82,22,40,0.89,7,-1,-1
364,-1,366,95,56,137,0.86,7,-1,-1
364,-1,352,64,14,26,0.82,7,-1,-1
365,-1,282,83,22,40,0.88,7,-1,-1
365,-1,366,97,52,126,0.82,7,-1,-1
365,-1,352,64,14,26,0.82,7,-1,-1
366,-1,282,84,22,40,0.88,7,-1,-1
366,-1,364,94,52,123,0.87,7,-1,-1
366,-1,352,64,14,26,0.81,7,-1,-1
367,-1,282,84,22,42,0.88,7,-1,-1
367,-1,362,93,48,116,0.88,7,-1,-1
367,-1,352,64,14,26,0.81,7,-1,-1
368,-1,363,92,46,112,0.90,7,-1,-1
368,-1,281,86,22,42,0.88,7,-1,-1
368,-1,352,63,14,26,0.81,7,-1,-1
369,-1,280,86,24,43,0.89,7,-1,-1
369,-1,362,95,42,103,0.84,7,-1,-1
369,-1,352,63,14,26,0.79,7,-1,-1
370,-1,279,87,24,44,0.89,7,-1,-1
370,-1,361,118,41,76,0.85,7,-1,-1
370,-1,352,64,14,24,0.79,7,-1,-1
371,-1,278,88,24,45,0.89,7,-1,-1
371,-1,359,114,39,74,0.88,7,-1,-1
371,-1,352,62,14,25,0.78,7,-1,-1
372,-1,358,112,38,72,0.90,7,-1,-1
372,-1,277,89,24,45,0.88,7,-1,-1
372,-1,352,62,13,24,0.78,7,-1,-1
373,-1,357,112,36,67,0.89,7,-1,-1
373,-1,276,90,25,46,0.88,7,-1,-1
373,-1,352,62,13,24,0.79,7,-1,-1
374,-1,275,91,26,47,0.89,7,-1,-1
374,-1,356,113,35,63,0.88,7,-1,-1
374,-1,352,62,13,24,0.80,7,-1,-1
375,-1,275,92,26,48,0.90,7,-1,-1
375,-1,355,111,33,60,0.88,7,-1,-1
375,-1,352,62,12,24,0.79,7,-1,-1
376,-1,274,92,26,50,0.90,7,-1,-1
376,-1,354,110,32,58,0.89,7,-1,-1
376,-1,352,62,12,23,0.75,7,-1,-1
377,-1,272,95,27,50,0.90,7,-1,-1
377,-1,354,108,30,56,0.88,7,-1,-1
377,-1,353,62,12,22,0.76,7,-1,-1
378,-1,271,96,28,51,0.90,7,-1,-1
378,-1,352,106,30,55,0.88,7,-1,-1
378,-1,353,62,12,22,0.75,7,-1,-1
379,-1,270,98,29,52,0.90,7,-1,-1
379,-1,352,104,28,54,0.87,7,-1,-1
379,-1,353,63,12,21,0.67,7,-1,-1
380,-1,270,99,29,52,0.90,7,-1,-1
380,-1,351,103,28,52,0.87,7,-1,-1
380,-1,353,62,12,22,0.65,7,-1,-1
381,-1,268,100,30,54,0.90,7,-1,-1
381,-1,350,102,28,50,0.87,7,-1,-1
381,-1,353,62,12,21,0.44,7,-1,-1
382,-1,268,100,30,56,0.90,7,-1,-1
382,-1,349,100,28,49,0.88,7,-1,-1
382,-1,353,62,12,20,0.30,7,-1,-1
382,-1,359,78,18,25,0.17,7,-1,-1
383,-1,266,102,30,58,0.91,7,-1,-1
383,-1,348,100,26,47,0.88,7,-1,-1
384,-1,265,104,31,58,0.91,7,-1,-1
384,-1,348,99,26,46,0.87,7,-1,-1
385,-1,264,106,31,60,0.90,7,-1,-1
385,-1,348,99,24,42,0.85,7,-1,-1
386,-1,262,106,34,62,0.90,7,-1,-1
386,-1,348,97,23,42,0.83,7,-1,-1
386,-1,357,76,18,24,0.13,7,-1,-1
387,-1,261,108,34,64,0.90,7,-1,-1
387,-1,347,97,22,40,0.81,7,-1,-1
387,-1,357,75,20,28,0.11,7,-1,-1
388,-1,260,109,34,66,0.90,7,-1,-1
388,-1,346,95,22,40,0.84,7,-1,-1
388,-1,356,75,20,30,0.27,7,-1,-1
389,-1,258,112,34,68,0.90,7,-1,-1
389,-1,345,94,22,38,0.85,7,-1,-1
390,-1,256,113,36,70,0.91,7,-1,-1
390,-1,346,94,20,37,0.84,7,-1,-1
391,-1,254,114,36,74,0.91,7,-1,-1
391,-1,354,76,20,34,0.82,7,-1,-1
392,-1,252,115,38,76,0.92,7,-1,-1
392,-1,354,75,20,34,0.82,7,-1,-1
393,-1,250,119,40,78,0.91,7,-1,-1
393,-1,354,74,20,34,0.83,7,-1,-1
393,-1,344,95,19,30,0.58,7,-1,-1
394,-1,248,120,41,81,0.91,7,-1,-1
394,-1,354,74,20,33,0.84,7,-1,-1
394,-1,344,94,18,29,0.77,7,-1,-1
395,-1,246,122,43,84,0.91,7,-1,-1
395,-1,353,74,20,33,0.84,7,-1,-1
396,-1,243,124,45,86,0.92,7,-1,-1
396,-1,353,72,20,34,0.84,7,-1,-1
396,-1,343,95,18,26,0.63,2,-1,-1
397,-1,240,127,47,92,0.93,7,-1,-1
397,-1,354,71,19,34,0.83,7,-1,-1
397,-1,342,89,18,30,0.81,7,-1,-1
398,-1,238,129,49,94,0.93,7,-1,-1
398,-1,354,71,18,33,0.80,7,-1,-1
398,-1,342,90,16,27,0.74,7,-1,-1
399,-1,233,133,52,100,0.93,7,-1,-1
399,-1,353,70,18,32,0.79,7,-1,-1
399,-1,342,94,16,22,0.69,2,-1,-1
400,-1,230,136,54,102,0.92,7,-1,-1
400,-1,353,70,18,32,0.80,7,-1,-1
400,-1,342,94,16,21,0.74,2,-1,-1
401,-1,226,138,56,110,0.93,7,-1,-1
401,-1,342,96,16,18,0.79,2,-1,-1
401,-1,353,70,17,32,0.74,7,-1,-1
402,-1,222,141,57,114,0.93,7,-1,-1
402,-1,342,97,15,16,0.81,2,-1,-1
402,-1,352,68,18,34,0.81,7,-1,-1
403,-1,217,146,61,121,0.93,7,-1,-1
403,-1,352,68,18,33,0.81,7,-1,-1
403,-1,342,96,16,16,0.79,2,-1,-1
404,-1,212,150,64,125,0.93,7,-1,-1
404,-1,342,95,14,16,0.82,2,-1,-1
404,-1,351,67,18,32,0.80,7,-1,-1
405,-1,207,154,66,134,0.93,7,-1,-1
405,-1,342,95,14,14,0.80,2,-1,-1
405,-1,352,67,16,32,0.80,7,-1,-1
406,-1,202,157,70,141,0.94,7,-1,-1
406,-1,351,66,18,31,0.81,7,-1,-1
406,-1,341,92,14,16,0.78,2,-1,-1
407,-1,192,162,78,152,0.94,7,-1,-1
407,-1,340,92,14,15,0.78,2,-1,-1
407,-1,352,66,16,30,0.77,7,-1,-1
408,-1,187,166,81,161,0.94,7,-1,-1
408,-1,340,92,14,15,0.79,2,-1,-1
408,-1,352,66,16,30,0.78,7,-1,-1
409,-1,178,173,86,176,0.94,7,-1,-1
409,-1,351,66,17,30,0.77,7,-1,-1
409,-1,340,91,13,14,0.77,2,-1,-1
410,-1,170,178,92,186,0.94,7,-1,-1
410,-1,351,66,17,28,0.77,7,-1,-1
410,-1,341,90,12,14,0.75,2,-1,-1
411,-1,157,185,102,206,0.93,7,-1,-1
411,-1,351,66,16,28,0.73,7,-1,-1
411,-1,340,88,13,14,0.61,2,-1,-1
412,-1,148,190,108,220,0.93,7,-1,-1
412,-1,350,67,16,26,0.78,7,-1,-1
412,-1,340,76,14,24,0.44,7,-1,-1
413,-1,131,200,120,249,0.93,7,-1,-1
413,-1,350,66,16,26,0.77,7,-1,-1
413,-1,340,74,14,26,0.61,7,-1,-1
414,-1,118,206,130,268,0.92,7,-1,-1
414,-1,350,66,15,26,0.77,7,-1,-1
414,-1,339,74,14,26,0.64,7,-1,-1
415,-1,94,219,147,295,0.88,7,-1,-1
415,-1,350,66,15,26,0.72,7,-1,-1
415,-1,339,73,14,25,0.67,7,-1,-1
416,-1,77,221,162,315,0.88,7,-1,-1
416,-1,350,66,15,26,0.72,7,-1,-1
416,-1,339,74,14,24,0.61,7,-1,-1
417,-1,38,242,193,294,0.86,7,-1,-1
417,-1,350,65,14,26,0.67,7,-1,-1
417,-1,339,73,14,24,0.54,7,-1,-1
418,-1,31,244,196,293,0.90,7,-1,-1
418,-1,350,66,14,24,0.70,7,-1,-1
418,-1,339,73,14,24,0.53,7,-1,-1
419,-1,7,269,210,269,0.93,7,-1,-1
419,-1,350,65,14,24,0.72,7,-1,-1
419,-1,339,74,13,20,0.40,7,-1,-1
420,-1,350,65,14,24,0.72,7,-1,-1
420,-1,339,74,13,20,0.40,7,-1,-1
421,-1,350,66,14,23,0.69,7,-1,-1
421,-1,340,76,12,18,0.17,2,-1,-1
422,-1,1,327,190,208,0.93,7,-1,-1
422,-1,350,66,14,22,0.68,7,-1,-1
422,-1,340,75,12,19,0.23,7,-1,-1
423,-1,351,66,13,22,0.65,7,-1,-1
423,-1,340,76,12,16,0.19,2,-1,-1
424,-1,0,388,162,148,0.94,7,-1,-1
424,-1,351,65,13,22,0.72,7,-1,-1
424,-1,340,80,11,12,0.29,2,-1,-1
425,-1,351,65,13,20,0.70,7,-1,-1
425,-1,340,77,11,14,0.28,2,-1,-1
426,-1,351,64,14,22,0.72,7,-1,-1
426,-1,340,74,11,16,0.21,2,-1,-1
427,-1,351,63,14,22,0.73,7,-1,-1
427,-1,341,74,10,15,0.16,2,-1,-1
428,-1,351,63,14,22,0.74,7,-1,-1
428,-1,341,77,10,12,0.22,2,-1,-1
429,-1,351,62,14,22,0.78,7,-1,-1
429,-1,341,71,10,18,0.13,2,-1,-1
430,-1,351,62,14,23,0.77,7,-1,-1
430,-1,342,70,10,18,0.16,2,-1,-1
431,-1,351,62,14,23,0.78,7,-1,-1
431,-1,342,72,9,16,0.20,2,-1,-1
432,-1,351,60,14,23,0.78,7,-1,-1
432,-1,342,73,10,14,0.22,2,-1,-1
433,-1,352,61,14,22,0.78,7,-1,-1
433,-1,342,74,9,12,0.24,2,-1,-1
434,-1,352,60,14,22,0.76,7,-1,-1
434,-1,342,76,10,10,0.35,2,-1,-1
435,-1,353,60,13,22,0.76,7,-1,-1
435,-1,342,76,10,10,0.28,2,-1,-1
436,-1,354,60,13,21,0.78,7,-1,-1
436,-1,342,72,10,13,0.15,2,-1,-1
437,-1,353,60,14,22,0.79,7,-1,-1
437,-1,342,68,10,15,0.18,2,-1,-1
438,-1,354,60,13,21,0.79,7,-1,-1
438,-1,342,70,11,14,0.15,2,-1,-1
439,-1,354,60,14,21,0.78,7,-1,-1
440,-1,354,59,14,20,0.79,7,-1,-1
441,-1,354,59,13,20,0.76,7,-1,-1
442,-1,354,59,14,20,0.77,7,-1,-1
443,-1,355,58,14,21,0.76,7,-1,-1
444,-1,355,58,14,21,0.75,7,-1,-1
445,-1,355,58,14,20,0.75,7,-1,-1
446,-1,355,58,14,20,0.75,7,-1,-1
447,-1,356,58,13,20,0.75,7,-1,-1
448,-1,357,57,13,20,0.76,7,-1,-1
449,-1,357,57,14,20,0.71,7,-1,-1
450,-1,358,56,14,20,0.73,7,-1,-1
451,-1,358,55,14,20,0.71,7,-1,-1
452,-1,358,55,14,20,0.70,7,-1,-1
453,-1,359,55,14,20,0.75,7,-1,-1
454,-1,360,54,14,20,0.67,7,-1,-1
455,-1,360,55,14,19,0.63,7,-1,-1
456,-1,360,54,14,20,0.70,7,-1,-1
457,-1,360,54,14,20,0.62,7,-1,-1
458,-1,361,53,14,20,0.65,7,-1,-1
459,-1,361,54,14,20,0.35,7,-1,-1
460,-1,362,53,14,20,0.21,7,-1,-1
461,-1,362,52,14,20,0.26,7,-1,-1
462,-1,362,52,14,20,0.23,7,-1,-1
467,-1,322,74,10,10,0.12,2,-1,-1
468,-1,322,74,10,10,0.12,2,-1,-1
471,-1,320,78,9,8,0.32,2,-1,-1
472,-1,319,78,10,9,0.11,2,-1,-1
473,-1,319,78,10,10,0.48,2,-1,-1
474,-1,319,78,9,10,0.53,2,-1,-1
475,-1,317,80,10,10,0.29,2,-1,-1
476,-1,318,80,9,10,0.45,2,-1,-1
477,-1,318,80,9,10,0.59,2,-1,-1
478,-1,317,82,10,10,0.42,2,-1,-1
479,-1,316,82,10,11,0.51,2,-1,-1
480,-1,316,82,10,11,0.52,2,-1,-1
481,-1,315,82,10,12,0.63,2,-1,-1
482,-1,315,84,10,11,0.70,2,-1,-1
483,-1,314,84,11,11,0.71,2,-1,-1
484,-1,314,86,10,10,0.66,2,-1,-1
485,-1,313,86,12,11,0.70,2,-1,-1
486,-1,312,87,11,11,0.71,2,-1,-1
487,-1,312,88,10,11,0.71,2,-1,-1
488,-1,312,89,11,11,0.72,2,-1,-1
489,-1,311,89,12,12,0.71,2,-1,-1
490,-1,310,90,12,12,0.76,2,-1,-1
491,-1,310,91,12,12,0.78,2,-1,-1
492,-1,310,91,11,12,0.79,2,-1,-1
493,-1,310,92,12,13,0.80,2,-1,-1
494,-1,310,93,12,13,0.80,2,-1,-1
495,-1,309,94,12,14,0.80,2,-1,-1
496,-1,309,95,12,14,0.80,2,-1,-1
497,-1,308,96,13,14,0.82,2,-1,-1
498,-1,308,97,13,14,0.82,2,-1,-1
499,-1,308,99,13,14,0.78,2,-1,-1
499,-1,338,52,10,16,0.29,7,-1,-1
500,-1,308,100,13,15,0.79,2,-1,-1
500,-1,337,53,10,16,0.31,7,-1,-1
501,-1,306,101,14,16,0.80,2,-1,-1
501,-1,336,53,11,16,0.57,7,-1,-1
502,-1,306,102,14,16,0.81,2,-1,-1
503,-1,306,104,14,15,0.77,2,-1,-1
504,-1,306,105,14,16,0.79,2,-1,-1
504,-1,334,55,10,16,0.22,7,-1,-1
505,-1,306,107,14,16,0.80,2,-1,-1
505,-1,332,55,11,16,0.24,7,-1,-1
506,-1,306,109,14,16,0.80,2,-1,-1
506,-1,332,55,11,16,0.22,7,-1,-1
507,-1,305,110,14,17,0.84,2,-1,-1
508,-1,305,113,14,16,0.83,2,-1,-1
508,-1,329,56,12,16,0.21,7,-1,-1
509,-1,304,114,14,18,0.83,2,-1,-1
509,-1,328,56,12,16,0.39,7,-1,-1
510,-1,303,115,16,18,0.84,2,-1,-1
510,-1,328,56,11,16,0.46,7,-1,-1
511,-1,302,117,16,18,0.86,2,-1,-1
511,-1,328,57,11,16,0.72,7,-1,-1
512,-1,302,119,16,18,0.87,2,-1,-1
512,-1,327,56,10,18,0.37,7,-1,-1
513,-1,302,121,16,20,0.86,2,-1,-1
513,-1,326,57,10,17,0.14,7,-1,-1
514,-1,301,123,16,20,0.88,2,-1,-1
514,-1,324,57,11,18,0.32,7,-1,-1
515,-1,301,125,16,21,0.88,2,-1,-1
515,-1,323,58,12,18,0.31,7,-1,-1
516,-1,300,127,16,22,0.87,2,-1,-1
516,-1,323,58,12,18,0.25,7,-1,-1
517,-1,298,130,18,23,0.87,2,-1,-1
517,-1,322,58,12,18,0.56,7,-1,-1
518,-1,298,131,18,24,0.88,2,-1,-1
518,-1,320,59,12,18,0.46,7,-1,-1
519,-1,298,136,18,24,0.87,2,-1,-1
519,-1,320,58,12,19,0.70,7,-1,-1
520,-1,297,138,18,24,0.88,2,-1,-1
520,-1,319,58,12,19,0.70,7,-1,-1
521,-1,296,142,19,26,0.88,2,-1,-1
521,-1,318,60,12,18,0.47,7,-1,-1
522,-1,296,145,19,26,0.89,2,-1,-1
522,-1,318,60,12,18,0.36,7,-1,-1
523,-1,294,149,20,28,0.89,2,-1,-1
523,-1,317,60,12,19,0.65,7,-1,-1
524,-1,293,152,20,28,0.89,2,-1,-1
524,-1,317,60,12,19,0.44,7,-1,-1
525,-1,292,156,20,30,0.89,2,-1,-1
525,-1,316,60,12,20,0.52,7,-1,-1
526,-1,292,160,20,31,0.88,2,-1,-1
526,-1,316,61,12,19,0.50,7,-1,-1
527,-1,289,166,22,32,0.89,2,-1,-1
527,-1,314,62,13,20,0.53,7,-1,-1
528,-1,287,170,24,33,0.90,2,-1,-1
528,-1,314,62,12,20,0.68,7,-1,-1
529,-1,286,176,24,35,0.91,2,-1,-1
529,-1,313,62,14,20,0.78,7,-1,-1
530,-1,285,180,24,36,0.90,2,-1,-1
530,-1,312,62,14,20,0.77,7,-1,-1
531,-1,282,186,26,40,0.91,2,-1,-1
531,-1,311,62,14,21,0.73,7,-1,-1
532,-1,282,192,26,41,0.90,2,-1,-1
532,-1,311,63,14,21,0.80,7,-1,-1
533,-1,280,200,27,44,0.89,2,-1,-1
533,-1,310,64,13,20,0.80,7,-1,-1
534,-1,278,205,28,46,0.91,2,-1,-1
534,-1,309,64,14,20,0.82,7,-1,-1
535,-1,275,216,30,49,0.90,2,-1,-1
535,-1,310,64,12,22,0.82,7,-1,-1
536,-1,272,222,31,52,0.91,2,-1,-1
536,-1,308,64,13,22,0.81,7,-1,-1
537,-1,269,233,33,57,0.90,2,-1,-1
537,-1,308,65,13,21,0.82,7,-1,-1
538,-1,265,242,36,60,0.91,2,-1,-1
538,-1,308,65,13,22,0.81,7,-1,-1
539,-1,262,257,37,64,0.91,2,-1,-1
539,-1,306,64,14,23,0.82,7,-1,-1
540,-1,257,267,40,70,0.92,2,-1,-1
540,-1,306,66,14,23,0.82,7,-1,-1
541,-1,252,284,42,78,0.92,2,-1,-1
541,-1,306,66,14,24,0.80,7,-1,-1
542,-1,248,297,45,84,0.92,2,-1,-1
542,-1,305,67,14,23,0.82,7,-1,-1
543,-1,240,320,50,94,0.93,2,-1,-1
543,-1,304,67,14,24,0.83,7,-1,-1
544,-1,235,336,52,104,0.94,2,-1,-1
544,-1,304,67,14,24,0.82,7,-1,-1
545,-1,224,366,60,120,0.95,2,-1,-1
545,-1,303,68,14,24,0.80,7,-1,-1
546,-1,216,390,64,133,0.94,2,-1,-1
546,-1,302,69,14,24,0.80,7,-1,-1
547,-1,202,431,72,106,0.92,2,-1,-1
547,-1,302,69,14,25,0.83,7,-1,-1
548,-1,195,464,74,74,0.89,2,-1,-1
548,-1,301,70,15,25,0.85,7,-1,-1
549,-1,301,70,14,25,0.85,7,-1,-1
549,-1,184,525,76,14,0.59,2,-1,-1
550,-1,300,71,14,25,0.85,7,-1,-1
551,-1,300,72,14,24,0.85,7,-1,-1
552,-1,298,72,16,25,0.84,7,-1,-1
553,-1,298,74,16,25,0.84,7,-1,-1
554,-1,297,74,16,25,0.79,7,-1,-1
555,-1,296,75,16,26,0.82,7,-1,-1
556,-1,296,75,16,26,0.83,7,-1,-1
557,-1,295,75,16,28,0.85,7,-1,-1
558,-1,295,75,16,28,0.86,7,-1,-1
559,-1,294,77,16,28,0.85,7,-1,-1
560,-1,294,77,16,29,0.87,7,-1,-1
561,-1,292,78,18,29,0.88,7,-1,-1
562,-1,292,78,18,30,0.87,7,-1,-1
563,-1,292,79,18,30,0.87,7,-1,-1
564,-1,290,80,18,31,0.87,7,-1,-1
565,-1,290,80,19,32,0.87,7,-1,-1
566,-1,290,81,18,32,0.87,7,-1,-1
567,-1,288,82,19,33,0.88,7,-1,-1
568,-1,288,84,19,32,0.88,7,-1,-1
569,-1,287,85,19,33,0.88,7,-1,-1
570,-1,286,86,19,33,0.87,7,-1,-1
571,-1,285,88,20,34,0.87,7,-1,-1
572,-1,284,88,20,34,0.87,7,-1,-1
573,-1,283,90,20,35,0.86,7,-1,-1
574,-1,283,90,20,36,0.87,7,-1,-1
575,-1,281,91,21,38,0.88,7,-1,-1
576,-1,280,92,22,38,0.88,7,-1,-1
577,-1,279,93,22,40,0.89,7,-1,-1
578,-1,278,94,22,40,0.89,7,-1,-1
579,-1,277,96,22,41,0.89,7,-1,-1
580,-1,275,96,24,43,0.90,7,-1,-1
581,-1,274,98,24,43,0.89,7,-1,-1
582,-1,273,101,24,42,0.89,7,-1,-1
583,-1,271,104,25,43,0.88,7,-1,-1
584,-1,270,103,26,46,0.89,7,-1,-1
585,-1,268,106,27,47,0.89,7,-1,-1
586,-1,267,107,27,48,0.90,7,-1,-1
587,-1,265,110,28,49,0.90,7,-1,-1
588,-1,264,110,28,51,0.90,7,-1,-1
589,-1,261,113,30,52,0.89,7,-1,-1
590,-1,260,114,29,54,0.90,7,-1,-1
591,-1,258,118,30,56,0.91,7,-1,-1
592,-1,256,120,32,58,0.91,7,-1,-1
593,-1,253,122,32,60,0.90,7,-1,-1
594,-1,251,124,33,62,0.90,7,-1,-1
595,-1,248,128,36,65,0.91,7,-1,-1
596,-1,245,131,36,66,0.90,7,-1,-1
597,-1,242,134,38,70,0.90,7,-1,-1
598,-1,241,137,38,72,0.91,7,-1,-1
599,-1,236,142,40,76,0.91,7,-1,-1
600,-1,232,144,42,79,0.91,7,-1,-1
601,-1,228,150,44,84,0.92,7,-1,-1
602,-1,224,153,47,88,0.92,7,-1,-1
603,-1,219,159,48,94,0.92,7,-1,-1
604,-1,214,164,52,98,0.92,7,-1,-1
605,-1,207,170,56,105,0.92,7,-1,-1
606,-1,202,176,60,111,0.93,7,-1,-1
607,-1,192,184,64,120,0.94,7,-1,-1
608,-1,186,190,67,128,0.94,7,-1,-1
609,-1,174,201,73,140,0.94,7,-1,-1
610,-1,166,209,77,150,0.94,7,-1,-1
611,-1,151,222,88,168,0.94,7,-1,-1
612,-1,138,231,95,184,0.94,7,-1,-1
613,-1,117,250,108,209,0.93,7,-1,-1
614,-1,98,263,120,230,0.94,7,-1,-1
615,-1,64,287,144,250,0.94,7,-1,-1
616,-1,37,305,162,218,0.92,7,-1,-1
617,-1,0,338,183,200,0.95,7,-1,-1
620,-1,0,467,119,70,0.91,7,-1,-1
719,-1,319,77,9,9,0.34,2,-1,-1
720,-1,318,77,10,9,0.37,2,-1,-1
721,-1,318,77,10,10,0.40,2,-1,-1
722,-1,317,78,10,9,0.32,2,-1,-1
723,-1,318,78,9,10,0.56,2,-1,-1
724,-1,316,80,10,10,0.51,2,-1,-1
725,-1,316,80,10,10,0.54,2,-1,-1
726,-1,316,80,10,10,0.51,2,-1,-1
727,-1,314,82,10,10,0.46,2,-1,-1
728,-1,314,82,11,10,0.59,2,-1,-1
729,-1,417,507,82,32,0.87,2,-1,-1
729,-1,313,82,12,12,0.61,2,-1,-1
730,-1,410,462,80,76,0.91,2,-1,-1
730,-1,313,82,10,11,0.61,2,-1,-1
731,-1,399,410,64,92,0.94,2,-1,-1
731,-1,313,83,10,12,0.74,2,-1,-1
732,-1,394,382,56,80,0.93,2,-1,-1
732,-1,312,84,11,12,0.75,2,-1,-1
733,-1,387,346,50,68,0.92,2,-1,-1
733,-1,312,85,10,12,0.73,2,-1,-1
734,-1,384,323,46,64,0.92,2,-1,-1
734,-1,312,86,10,12,0.71,2,-1,-1
735,-1,379,297,40,56,0.93,2,-1,-1
735,-1,311,86,11,12,0.75,2,-1,-1
736,-1,376,281,38,53,0.92,2,-1,-1
736,-1,310,88,11,12,0.72,2,-1,-1
737,-1,371,261,36,48,0.92,2,-1,-1
737,-1,310,89,12,12,0.71,2,-1,-1
738,-1,369,249,36,46,0.91,2,-1,-1
738,-1,310,90,12,13,0.76,2,-1,-1
739,-1,367,234,32,42,0.91,2,-1,-1
739,-1,309,91,12,13,0.77,2,-1,-1
740,-1,365,224,30,40,0.90,2,-1,-1
740,-1,309,91,12,14,0.78,2,-1,-1
741,-1,363,212,28,38,0.90,2,-1,-1
741,-1,308,92,12,13,0.77,2,-1,-1
742,-1,362,205,27,36,0.90,2,-1,-1
742,-1,308,94,12,13,0.76,2,-1,-1
743,-1,360,195,26,34,0.90,2,-1,-1
743,-1,308,95,12,14,0.78,2,-1,-1
744,-1,359,190,25,32,0.89,2,-1,-1
744,-1,306,96,14,14,0.80,2,-1,-1
745,-1,356,181,24,30,0.90,2,-1,-1
745,-1,306,98,14,14,0.79,2,-1,-1
746,-1,355,175,24,30,0.89,2,-1,-1
746,-1,306,98,13,14,0.81,2,-1,-1
747,-1,354,168,22,29,0.87,2,-1,-1
747,-1,305,100,14,15,0.82,2,-1,-1
748,-1,354,165,21,28,0.88,2,-1,-1
748,-1,304,102,14,15,0.82,2,-1,-1
749,-1,352,158,20,28,0.88,2,-1,-1
749,-1,304,104,14,15,0.83,2,-1,-1
750,-1,352,156,20,26,0.89,2,-1,-1
750,-1,304,104,14,16,0.83,2,-1,-1
751,-1,351,151,18,24,0.87,2,-1,-1
751,-1,303,106,14,16,0.84,2,-1,-1
752,-1,350,148,19,24,0.89,2,-1,-1
752,-1,302,108,14,16,0.85,2,-1,-1
753,-1,349,143,19,23,0.87,2,-1,-1
753,-1,302,110,14,16,0.85,2,-1,-1
754,-1,349,140,18,22,0.88,2,-1,-1
754,-1,301,111,14,16,0.85,2,-1,-1
755,-1,348,137,18,22,0.86,2,-1,-1
755,-1,300,114,15,17,0.84,2,-1,-1
756,-1,348,134,17,22,0.87,2,-1,-1
756,-1,300,115,15,18,0.85,2,-1,-1
757,-1,347,131,17,20,0.86,2,-1,-1
757,-1,299,118,16,18,0.85,2,-1,-1
758,-1,298,120,16,17,0.85,2,-1,-1
758,-1,346,129,17,19,0.84,2,-1,-1
759,-1,298,123,16,18,0.86,2,-1,-1
759,-1,346,125,16,20,0.86,2,-1,-1
760,-1,298,126,16,18,0.87,2,-1,-1
760,-1,346,124,16,19,0.86,2,-1,-1
761,-1,297,127,16,20,0.86,2,-1,-1
761,-1,345,120,15,19,0.85,2,-1,-1
762,-1,344,119,15,18,0.86,2,-1,-1
762,-1,296,130,17,20,0.85,2,-1,-1
762,-1,342,50,11,16,0.17,7,-1,-1
763,-1,294,133,18,21,0.87,2,-1,-1
763,-1,344,116,15,18,0.85,2,-1,-1
764,-1,294,135,18,22,0.85,2,-1,-1
764,-1,344,115,14,17,0.85,2,-1,-1
764,-1,341,52,11,15,0.16,7,-1,-1
765,-1,293,140,18,22,0.87,2,-1,-1
765,-1,344,112,14,18,0.85,2,-1,-1
765,-1,340,52,11,14,0.12,7,-1,-1
766,-1,292,142,18,23,0.87,2,-1,-1
766,-1,343,111,14,17,0.86,2,-1,-1
766,-1,340,52,10,15,0.20,7,-1,-1
767,-1,291,149,20,22,0.88,2,-1,-1
767,-1,342,109,14,16,0.87,2,-1,-1
767,-1,338,52,11,15,0.22,7,-1,-1
768,-1,290,152,20,24,0.87,2,-1,-1
768,-1,342,108,13,16,0.85,2,-1,-1
768,-1,338,52,11,16,0.27,7,-1,-1
769,-1,288,156,21,26,0.88,2,-1,-1
769,-1,342,105,14,16,0.84,2,-1,-1
769,-1,338,52,11,16,0.26,7,-1,-1
770,-1,287,160,22,27,0.89,2,-1,-1
770,-1,342,104,13,16,0.83,2,-1,-1
770,-1,336,52,12,16,0.45,7,-1,-1
771,-1,286,167,22,28,0.90,2,-1,-1
771,-1,342,103,13,15,0.84,2,-1,-1
771,-1,336,52,12,16,0.58,7,-1,-1
772,-1,284,171,22,28,0.89,2,-1,-1
772,-1,342,102,12,15,0.85,2,-1,-1
772,-1,335,52,12,16,0.53,7,-1,-1
773,-1,282,178,24,31,0.88,2,-1,-1
773,-1,342,101,12,14,0.84,2,-1,-1
773,-1,334,52,12,16,0.51,7,-1,-1
774,-1,279,183,26,33,0.89,2,-1,-1
774,-1,342,100,12,14,0.82,2,-1,-1
774,-1,333,52,12,17,0.42,7,-1,-1
775,-1,276,193,27,34,0.91,2,-1,-1
775,-1,342,98,12,14,0.79,2,-1,-1
775,-1,332,53,12,18,0.35,7,-1,-1
776,-1,275,197,28,38,0.92,2,-1,-1
776,-1,342,98,12,13,0.79,2,-1,-1
776,-1,332,53,12,18,0.44,7,-1,-1
777,-1,272,209,29,40,0.90,2,-1,-1
777,-1,342,97,12,12,0.80,2,-1,-1
777,-1,331,53,13,18,0.60,7,-1,-1
778,-1,268,218,31,42,0.91,2,-1,-1
778,-1,341,95,12,14,0.81,2,-1,-1
778,-1,331,54,12,16,0.63,7,-1,-1
779,-1,263,230,34,47,0.93,2,-1,-1
779,-1,341,94,12,13,0.79,2,-1,-1
779,-1,330,55,12,16,0.49,7,-1,-1
780,-1,260,241,36,50,0.93,2,-1,-1
780,-1,341,94,12,13,0.79,2,-1,-1
780,-1,330,55,12,16,0.48,7,-1,-1
781,-1,254,258,38,56,0.92,2,-1,-1
781,-1,341,92,12,13,0.77,2,-1,-1
781,-1,329,54,12,18,0.70,7,-1,-1
782,-1,250,272,40,60,0.93,2,-1,-1
782,-1,341,92,12,12,0.76,2,-1,-1
782,-1,328,54,12,18,0.75,7,-1,-1
783,-1,241,295,44,70,0.93,2,-1,-1
783,-1,327,55,13,18,0.77,7,-1,-1
783,-1,340,90,12,12,0.73,2,-1,-1
784,-1,234,313,48,77,0.93,2,-1,-1
784,-1,551,479,86,58,0.88,7,-1,-1
784,-1,326,55,12,18,0.74,7,-1,-1
784,-1,340,89,12,12,0.72,2,-1,-1
785,-1,222,346,55,91,0.94,2,-1,-1
785,-1,520,415,116,124,0.93,7,-1,-1
785,-1,326,56,12,18,0.75,7,-1,-1
785,-1,340,88,12,12,0.72,2,-1,-1
786,-1,211,374,62,103,0.94,2,-1,-1
786,-1,504,382,132,156,0.94,7,-1,-1
786,-1,340,88,12,12,0.74,2,-1,-1
786,-1,325,56,12,18,0.73,7,-1,-1
787,-1,190,424,74,112,0.94,2,-1,-1
787,-1,485,342,150,194,0.93,7,-1,-1
787,-1,324,56,13,18,0.74,7,-1,-1
787,-1,340,86,12,12,0.74,2,-1,-1
788,-1,474,319,162,219,0.94,7,-1,-1
788,-1,185,470,72,68,0.93,2,-1,-1
788,-1,324,56,13,18,0.75,7,-1,-1
788,-1,340,86,12,12,0.73,2,-1,-1
789,-1,460,286,148,238,0.94,7,-1,-1
789,-1,322,57,14,18,0.77,7,-1,-1
789,-1,341,85,11,12,0.73,2,-1,-1
790,-1,453,276,132,214,0.95,7,-1,-1
790,-1,321,57,14,19,0.75,7,-1,-1
790,-1,341,85,10,12,0.72,2,-1,-1
791,-1,442,255,116,190,0.94,7,-1,-1
791,-1,321,57,14,19,0.74,7,-1,-1
791,-1,341,84,10,12,0.71,2,-1,-1
792,-1,436,244,108,176,0.94,7,-1,-1
792,-1,320,57,14,20,0.72,7,-1,-1
792,-1,341,84,10,10,0.66,2,-1,-1
793,-1,427,228,96,160,0.93,7,-1,-1
793,-1,318,57,14,20,0.73,7,-1,-1
793,-1,341,84,10,10,0.66,2,-1,-1
794,-1,424,219,88,150,0.93,7,-1,-1
794,-1,318,57,14,20,0.70,7,-1,-1
794,-1,341,82,10,11,0.61,2,-1,-1
795,-1,418,206,80,138,0.93,7,-1,-1
795,-1,318,58,14,20,0.75,7,-1,-1
795,-1,341,82,10,10,0.60,2,-1,-1
796,-1,413,199,76,130,0.94,7,-1,-1
796,-1,317,58,14,19,0.64,7,-1,-1
796,-1,342,81,10,10,0.55,2,-1,-1
797,-1,408,190,70,119,0.94,7,-1,-1
797,-1,316,58,14,20,0.67,7,-1,-1
797,-1,342,80,10,10,0.64,2,-1,-1
798,-1,406,184,64,114,0.93,7,-1,-1
798,-1,315,58,14,20,0.66,7,-1,-1
798,-1,342,80,10,10,0.64,2,-1,-1
799,-1,402,176,60,107,0.93,7,-1,-1
799,-1,314,59,14,20,0.69,7,-1,-1
799,-1,342,79,10,10,0.59,2,-1,-1
800,-1,399,171,58,102,0.92,7,-1,-1
800,-1,314,59,14,20,0.68,7,-1,-1
800,-1,342,79,10,10,0.60,2,-1,-1
801,-1,396,164,56,95,0.92,7,-1,-1
801,-1,314,59,14,21,0.78,7,-1,-1
801,-1,342,78,10,10,0.59,2,-1,-1
802,-1,393,160,54,92,0.93,7,-1,-1
802,-1,313,60,14,21,0.77,7,-1,-1
802,-1,343,78,10,10,0.46,2,-1,-1
803,-1,390,154,50,88,0.92,7,-1,-1
803,-1,312,60,14,21,0.80,7,-1,-1
803,-1,343,77,10,10,0.39,2,-1,-1
804,-1,389,151,48,84,0.92,7,-1,-1
804,-1,312,60,15,22,0.82,7,-1,-1
804,-1,344,77,9,10,0.33,2,-1,-1
805,-1,386,145,46,81,0.92,7,-1,-1
805,-1,310,60,16,22,0.84,7,-1,-1
805,-1,344,77,9,8,0.25,2,-1,-1
806,-1,384,142,46,78,0.92,7,-1,-1
806,-1,310,60,16,22,0.84,7,-1,-1
806,-1,344,77,9,9,0.24,2,-1,-1
807,-1,381,138,44,75,0.92,7,-1,-1
807,-1,310,61,16,22,0.83,7,-1,-1
807,-1,344,77,9,8,0.14,2,-1,-1
808,-1,381,136,42,72,0.92,7,-1,-1
808,-1,308,60,16,23,0.84,7,-1,-1
808,-1,345,75,8,9,0.13,2,-1,-1
809,-1,379,132,40,69,0.92,7,-1,-1
809,-1,308,61,15,23,0.84,7,-1,-1
810,-1,378,129,40,68,0.90,7,-1,-1
810,-1,307,61,16,23,0.84,7,-1,-1
811,-1,378,125,36,66,0.91,7,-1,-1
811,-1,307,62,15,24,0.82,7,-1,-1
811,-1,346,75,8,8,0.11,2,-1,-1
812,-1,376,124,36,64,0.91,7,-1,-1
812,-1,306,62,15,24,0.81,7,-1,-1
813,-1,374,120,36,62,0.90,7,-1,-1
813,-1,306,62,15,24,0.80,7,-1,-1
814,-1,374,117,32,62,0.91,7,-1,-1
814,-1,306,62,14,24,0.80,7,-1,-1
815,-1,374,116,32,58,0.91,7,-1,-1
815,-1,305,63,15,24,0.80,7,-1,-1
816,-1,372,114,32,57,0.91,7,-1,-1
816,-1,304,64,16,24,0.80,7,-1,-1
817,-1,370,111,32,56,0.90,7,-1,-1
817,-1,304,64,15,24,0.82,7,-1,-1
818,-1,370,110,32,54,0.91,7,-1,-1
818,-1,303,64,16,25,0.83,7,-1,-1
819,-1,368,108,30,53,0.92,7,-1,-1
819,-1,303,64,16,26,0.84,7,-1,-1
820,-1,369,106,28,52,0.90,7,-1,-1
820,-1,303,64,16,26,0.84,7,-1,-1
821,-1,366,104,30,51,0.91,7,-1,-1
821,-1,302,65,16,26,0.84,7,-1,-1
822,-1,366,102,28,51,0.91,7,-1,-1
822,-1,302,65,16,26,0.84,7,-1,-1
823,-1,365,100,28,50,0.90,7,-1,-1
823,-1,301,66,16,26,0.83,7,-1,-1
824,-1,364,99,28,49,0.89,7,-1,-1
824,-1,300,66,16,26,0.83,7,-1,-1
825,-1,364,98,26,48,0.89,7,-1,-1
825,-1,300,67,16,26,0.81,7,-1,-1
826,-1,363,96,26,47,0.89,7,-1,-1
826,-1,299,67,17,27,0.84,7,-1,-1
827,-1,362,96,26,45,0.89,7,-1,-1
827,-1,299,67,16,28,0.83,7,-1,-1
828,-1,362,94,26,44,0.89,7,-1,-1
828,-1,299,68,16,28,0.85,7,-1,-1
829,-1,361,93,26,44,0.89,7,-1,-1
829,-1,298,69,17,27,0.85,7,-1,-1
830,-1,361,92,25,44,0.88,7,-1,-1
830,-1,296,69,18,28,0.85,7,-1,-1
831,-1,360,91,24,42,0.88,7,-1,-1
831,-1,295,70,18,28,0.85,7,-1,-1
832,-1,359,90,24,41,0.88,7,-1,-1
832,-1,296,70,17,28,0.85,7,-1,-1
833,-1,359,90,24,39,0.88,7,-1,-1
833,-1,294,70,18,30,0.85,7,-1,-1
834,-1,359,88,22,39,0.87,7,-1,-1
834,-1,294,71,18,30,0.86,7,-1,-1
835,-1,358,88,22,37,0.87,7,-1,-1
835,-1,293,72,18,30,0.85,7,-1,-1
836,-1,358,88,22,36,0.87,7,-1,-1
836,-1,293,72,18,31,0.85,7,-1,-1
837,-1,357,88,21,34,0.86,7,-1,-1
837,-1,292,72,18,31,0.86,7,-1,-1
838,-1,292,73,18,32,0.86,7,-1,-1
838,-1,357,86,20,34,0.85,7,-1,-1
839,-1,292,74,18,32,0.86,7,-1,-1
839,-1,357,86,20,34,0.85,7,-1,-1
840,-1,291,74,18,32,0.86,7,-1,-1
840,-1,356,86,20,33,0.86,7,-1,-1
841,-1,356,84,19,32,0.86,7,-1,-1
841,-1,290,76,19,32,0.85,7,-1,-1
842,-1,356,84,18,32,0.86,7,-1,-1
842,-1,290,76,19,33,0.85,7,-1,-1
843,-1,355,83,18,32,0.86,7,-1,-1
843,-1,289,76,19,34,0.86,7,-1,-1
844,-1,355,82,18,31,0.86,7,-1,-1
844,-1,288,77,19,34,0.86,7,-1,-1
845,-1,288,77,20,36,0.87,7,-1,-1
845,-1,354,82,18,30,0.85,7,-1,-1
846,-1,287,78,20,35,0.87,7,-1,-1
846,-1,354,82,18,29,0.87,7,-1,-1
847,-1,287,79,20,36,0.87,7,-1,-1
847,-1,354,80,18,29,0.85,7,-1,-1
848,-1,286,79,20,36,0.88,7,-1,-1
848,-1,353,80,18,28,0.84,7,-1,-1
849,-1,286,79,20,38,0.88,7,-1,-1
849,-1,354,79,17,28,0.85,7,-1,-1
850,-1,284,80,21,38,0.87,7,-1,-1
850,-1,354,79,17,28,0.84,7,-1,-1
851,-1,284,82,21,38,0.87,7,-1,-1
851,-1,353,79,17,26,0.84,7,-1,-1
852,-1,283,83,22,38,0.88,7,-1,-1
852,-1,352,79,18,26,0.84,7,-1,-1
853,-1,282,84,22,39,0.88,7,-1,-1
853,-1,353,78,16,26,0.83,7,-1,-1
854,-1,282,84,22,40,0.88,7,-1,-1
854,-1,352,77,16,26,0.83,7,-1,-1
855,-1,281,86,22,40,0.88,7,-1,-1
855,-1,352,76,16,25,0.84,7,-1,-1
856,-1,280,86,22,40,0.88,7,-1,-1
856,-1,352,76,16,25,0.84,7,-1,-1
857,-1,279,87,24,42,0.89,7,-1,-1
857,-1,351,76,16,24,0.83,7,-1,-1
858,-1,278,88,24,42,0.89,7,-1,-1
858,-1,352,76,15,23,0.83,7,-1,-1
859,-1,276,89,25,43,0.89,7,-1,-1
859,-1,352,76,14,23,0.83,7,-1,-1
860,-1,276,90,25,44,0.90,7,-1,-1
860,-1,352,76,14,23,0.83,7,-1,-1
861,-1,275,92,26,45,0.89,7,-1,-1
861,-1,351,74,14,22,0.82,7,-1,-1
862,-1,274,92,26,46,0.89,7,-1,-1
862,-1,351,74,14,21,0.81,7,-1,-1
863,-1,274,94,26,46,0.90,7,-1,-1
863,-1,351,74,14,21,0.81,7,-1,-1
864,-1,273,95,26,47,0.90,7,-1,-1
864,-1,351,72,14,22,0.80,7,-1,-1
865,-1,271,98,28,47,0.90,7,-1,-1
865,-1,351,71,14,22,0.81,7,-1,-1
866,-1,271,98,28,48,0.89,7,-1,-1
866,-1,351,70,13,23,0.81,7,-1,-1
867,-1,269,99,28,50,0.89,7,-1,-1
867,-1,351,69,13,23,0.81,7,-1,-1
868,-1,268,99,30,52,0.90,7,-1,-1
868,-1,351,69,13,23,0.81,7,-1,-1
869,-1,267,101,30,53,0.90,7,-1,-1
869,-1,351,69,13,22,0.81,7,-1,-1
870,-1,416,478,80,60,0.92,2,-1,-1
870,-1,266,102,32,53,0.91,7,-1,-1
870,-1,351,68,13,22,0.82,7,-1,-1
871,-1,402,413,68,94,0.94,2,-1,-1
871,-1,264,104,33,55,0.90,7,-1,-1
871,-1,351,68,13,22,0.80,7,-1,-1
872,-1,394,378,64,84,0.94,2,-1,-1
872,-1,264,106,33,56,0.90,7,-1,-1
872,-1,351,68,13,22,0.81,7,-1,-1
873,-1,387,335,54,70,0.94,2,-1,-1
873,-1,262,107,34,58,0.91,7,-1,-1
873,-1,351,68,13,22,0.80,7,-1,-1
874,-1,382,312,50,63,0.92,2,-1,-1
874,-1,261,108,34,59,0.91,7,-1,-1
874,-1,351,67,13,22,0.81,7,-1,-1
875,-1,377,283,42,54,0.93,2,-1,-1
875,-1,258,111,36,60,0.90,7,-1,-1
875,-1,351,68,12,21,0.79,7,-1,-1
876,-1,375,266,38,50,0.92,2,-1,-1
876,-1,258,112,34,62,0.90,7,-1,-1
876,-1,351,67,12,20,0.79,7,-1,-1
877,-1,370,244,36,46,0.92,2,-1,-1
877,-1,256,113,36,66,0.91,7,-1,-1
877,-1,351,66,12,20,0.80,7,-1,-1
878,-1,368,232,34,43,0.92,2,-1,-1
878,-1,255,115,34,67,0.91,7,-1,-1
878,-1,351,66,12,20,0.80,7,-1,-1
879,-1,252,117,36,70,0.92,7,-1,-1
879,-1,365,216,30,40,0.90,2,-1,-1
879,-1,352,66,12,19,0.79,7,-1,-1
880,-1,250,120,37,70,0.91,7,-1,-1
880,-1,363,207,30,38,0.91,2,-1,-1
880,-1,352,66,12,19,0.79,7,-1,-1
881,-1,247,122,40,74,0.91,7,-1,-1
881,-1,361,195,28,35,0.90,2,-1,-1
881,-1,352,66,12,18,0.77,7,-1,-1
882,-1,246,124,40,76,0.90,7,-1,-1
882,-1,359,187,28,34,0.90,2,-1,-1
882,-1,352,66,12,18,0.76,7,-1,-1
883,-1,242,126,42,80,0.91,7,-1,-1
883,-1,357,177,25,32,0.89,2,-1,-1
883,-1,352,66,12,18,0.75,7,-1,-1
884,-1,240,128,42,82,0.91,7,-1,-1
884,-1,356,172,25,30,0.90,2,-1,-1
884,-1,352,66,11,17,0.76,7,-1,-1
885,-1,236,132,46,86,0.92,7,-1,-1
885,-1,354,164,24,30,0.88,2,-1,-1
885,-1,352,66,11,16,0.75,7,-1,-1
886,-1,234,134,48,88,0.92,7,-1,-1
886,-1,353,159,23,28,0.87,2,-1,-1
886,-1,352,66,12,16,0.77,7,-1,-1
887,-1,230,138,50,94,0.92,7,-1,-1
887,-1,351,153,22,26,0.89,2,-1,-1
887,-1,353,66,11,16,0.73,7,-1,-1
888,-1,228,140,52,97,0.92,7,-1,-1
888,-1,350,150,21,24,0.89,2,-1,-1
888,-1,353,66,11,16,0.73,7,-1,-1
889,-1,223,145,54,103,0.92,7,-1,-1
889,-1,350,143,20,24,0.88,2,-1,-1
889,-1,354,64,10,16,0.68,7,-1,-1
890,-1,220,148,56,106,0.93,7,-1,-1
890,-1,349,139,20,24,0.89,2,-1,-1
890,-1,354,64,10,16,0.64,7,-1,-1
891,-1,214,152,61,113,0.94,7,-1,-1
891,-1,348,136,18,22,0.86,2,-1,-1
891,-1,355,64,10,16,0.54,7,-1,-1
892,-1,209,157,64,116,0.93,7,-1,-1
892,-1,347,132,18,22,0.88,2,-1,-1
892,-1,355,64,10,16,0.51,7,-1,-1
893,-1,202,163,68,124,0.93,7,-1,-1
893,-1,346,129,18,20,0.85,2,-1,-1
893,-1,355,65,10,14,0.23,7,-1,-1
894,-1,198,166,70,132,0.94,7,-1,-1
894,-1,346,126,17,20,0.87,2,-1,-1
894,-1,356,65,10,14,0.20,7,-1,-1
895,-1,188,172,77,142,0.94,7,-1,-1
895,-1,346,122,16,19,0.85,2,-1,-1
895,-1,356,61,10,18,0.52,7,-1,-1
896,-1,183,177,80,150,0.94,7,-1,-1
896,-1,345,121,16,18,0.86,2,-1,-1
896,-1,357,62,10,16,0.39,7,-1,-1
897,-1,172,184,87,164,0.94,7,-1,-1
897,-1,344,117,16,18,0.86,2,-1,-1
897,-1,358,61,10,16,0.45,7,-1,-1
898,-1,164,190,92,172,0.94,7,-1,-1
898,-1,344,115,16,18,0.84,2,-1,-1
898,-1,358,61,10,16,0.58,7,-1,-1
899,-1,152,200,100,188,0.93,7,-1,-1
899,-1,343,112,16,18,0.85,2,-1,-1
899,-1,358,60,10,16,0.28,7,-1,-1
900,-1,141,206,106,202,0.95,7,-1,-1
900,-1,342,110,15,18,0.86,2,-1,-1
900,-1,358,60,10,16,0.33,7,-1,-1
