1,-1,270,154,10,16,0.68,2,-1,-1
1,-1,325,176,12,11,0.32,2,-1,-1
2,-1,270,154,10,16,0.62,2,-1,-1
2,-1,324,176,12,11,0.32,2,-1,-1
3,-1,270,155,10,16,0.74,2,-1,-1
3,-1,324,176,12,12,0.36,2,-1,-1
4,-1,270,156,10,16,0.75,2,-1,-1
4,-1,324,176,12,12,0.37,2,-1,-1
5,-1,270,156,10,16,0.74,2,-1,-1
5,-1,324,176,12,12,0.37,2,-1,-1
6,-1,270,156,10,15,0.74,2,-1,-1
6,-1,324,176,12,12,0.37,2,-1,-1
7,-1,270,156,11,16,0.71,2,-1,-1
7,-1,324,176,12,12,0.37,2,-1,-1
8,-1,270,157,11,16,0.69,2,-1,-1
8,-1,324,176,12,12,0.37,2,-1,-1
9,-1,270,158,11,15,0.76,2,-1,-1
9,-1,324,176,11,11,0.35,2,-1,-1
10,-1,270,158,11,16,0.74,2,-1,-1
10,-1,324,176,11,11,0.34,2,-1,-1
11,-1,270,158,11,16,0.73,2,-1,-1
11,-1,324,176,11,11,0.35,2,-1,-1
12,-1,271,159,11,16,0.71,2,-1,-1
12,-1,325,177,11,11,0.38,2,-1,-1
13,-1,271,159,11,16,0.72,2,-1,-1
13,-1,325,177,11,11,0.20,2,-1,-1
14,-1,416,381,97,146,0.92,7,-1,-1
14,-1,271,159,11,16,0.75,2,-1,-1
14,-1,325,177,11,11,0.19,2,-1,-1
15,-1,409,364,88,134,0.92,7,-1,-1
15,-1,271,160,11,16,0.77,2,-1,-1
15,-1,325,176,11,11,0.13,2,-1,-1
16,-1,398,342,78,118,0.93,7,-1,-1
16,-1,272,161,11,17,0.77,2,-1,-1
16,-1,324,176,11,11,0.11,2,-1,-1
17,-1,392,329,72,110,0.93,7,-1,-1
17,-1,272,161,11,17,0.77,2,-1,-1
17,-1,324,176,11,11,0.10,2,-1,-1
18,-1,384,307,64,108,0.91,7,-1,-1
18,-1,271,160,12,18,0.72,2,-1,-1
18,-1,324,176,11,11,0.10,2,-1,-1
19,-1,379,302,61,96,0.91,7,-1,-1
19,-1,271,161,12,18,0.70,2,-1,-1
20,-1,373,290,54,87,0.92,7,-1,-1
20,-1,271,161,12,18,0.68,2,-1,-1
21,-1,369,282,53,82,0.90,7,-1,-1
21,-1,272,162,12,18,0.69,2,-1,-1
22,-1,365,272,48,78,0.90,7,-1,-1
22,-1,271,162,12,18,0.74,2,-1,-1
23,-1,362,266,45,72,0.90,7,-1,-1
23,-1,271,162,12,18,0.73,2,-1,-1
24,-1,357,258,42,69,0.91,7,-1,-1
24,-1,271,162,12,20,0.66,2,-1,-1
25,-1,355,252,40,66,0.90,7,-1,-1
25,-1,271,163,12,20,0.64,2,-1,-1
26,-1,351,244,39,66,0.91,7,-1,-1
26,-1,270,163,12,20,0.62,2,-1,-1
27,-1,350,241,36,61,0.91,7,-1,-1
27,-1,270,164,13,20,0.73,2,-1,-1
28,-1,347,236,35,57,0.90,7,-1,-1
28,-1,270,165,13,20,0.72,2,-1,-1
29,-1,346,234,33,54,0.89,7,-1,-1
29,-1,269,164,14,20,0.75,2,-1,-1
30,-1,344,228,32,53,0.90,7,-1,-1
30,-1,269,166,14,20,0.75,2,-1,-1
31,-1,342,225,32,50,0.89,7,-1,-1
31,-1,270,166,13,20,0.72,2,-1,-1
32,-1,340,220,31,49,0.89,7,-1,-1
32,-1,270,167,13,20,0.67,2,-1,-1
33,-1,338,218,30,48,0.89,7,-1,-1
33,-1,270,168,13,20,0.65,2,-1,-1
34,-1,336,212,30,47,0.87,7,-1,-1
34,-1,268,168,14,21,0.57,2,-1,-1
35,-1,334,211,30,46,0.87,7,-1,-1
35,-1,269,168,14,21,0.50,2,-1,-1
36,-1,334,208,28,43,0.87,7,-1,-1
36,-1,268,168,15,22,0.62,7,-1,-1
37,-1,334,206,26,42,0.87,7,-1,-1
37,-1,268,168,15,22,0.56,7,-1,-1
38,-1,332,203,24,40,0.89,7,-1,-1
38,-1,268,169,15,23,0.56,2,-1,-1
39,-1,331,202,25,39,0.89,7,-1,-1
39,-1,267,169,16,24,0.58,2,-1,-1
40,-1,330,199,24,38,0.87,7,-1,-1
40,-1,266,170,16,24,0.68,2,-1,-1
41,-1,330,198,24,36,0.87,7,-1,-1
41,-1,266,170,16,24,0.60,2,-1,-1
42,-1,329,194,23,36,0.86,7,-1,-1
42,-1,266,172,16,24,0.56,7,-1,-1
43,-1,328,192,23,36,0.87,7,-1,-1
43,-1,266,172,16,25,0.71,7,-1,-1
44,-1,326,190,23,36,0.88,7,-1,-1
44,-1,265,173,16,25,0.66,7,-1,-1
45,-1,326,189,22,34,0.88,7,-1,-1
45,-1,264,174,17,25,0.57,7,-1,-1
46,-1,326,188,22,34,0.87,7,-1,-1
46,-1,263,175,18,26,0.62,7,-1,-1
47,-1,324,186,22,34,0.87,7,-1,-1
47,-1,263,174,18,26,0.67,7,-1,-1
48,-1,323,184,22,33,0.86,7,-1,-1
48,-1,263,175,18,28,0.71,7,-1,-1
49,-1,324,183,21,32,0.86,7,-1,-1
49,-1,262,176,18,28,0.82,7,-1,-1
50,-1,322,181,20,32,0.86,7,-1,-1
50,-1,262,176,18,28,0.80,7,-1,-1
51,-1,262,177,18,28,0.80,7,-1,-1
51,-1,322,182,20,30,0.80,7,-1,-1
52,-1,320,180,20,30,0.84,7,-1,-1
52,-1,260,178,19,29,0.80,7,-1,-1
53,-1,260,178,19,30,0.86,7,-1,-1
53,-1,320,180,20,28,0.85,7,-1,-1
54,-1,260,179,20,31,0.88,7,-1,-1
54,-1,321,178,18,28,0.87,7,-1,-1
55,-1,259,180,20,32,0.87,7,-1,-1
55,-1,321,178,18,27,0.87,7,-1,-1
56,-1,258,181,20,32,0.86,7,-1,-1
56,-1,320,176,18,27,0.86,7,-1,-1
57,-1,258,182,21,32,0.86,7,-1,-1
57,-1,320,176,18,26,0.81,7,-1,-1
58,-1,256,183,22,33,0.86,7,-1,-1
58,-1,319,176,17,24,0.69,7,-1,-1
59,-1,255,183,22,34,0.87,7,-1,-1
59,-1,319,175,16,24,0.56,2,-1,-1
60,-1,253,184,23,36,0.88,7,-1,-1
60,-1,319,174,16,23,0.72,2,-1,-1
61,-1,252,185,24,36,0.87,7,-1,-1
61,-1,319,174,16,22,0.77,2,-1,-1
62,-1,250,186,25,37,0.88,7,-1,-1
62,-1,318,172,16,22,0.70,2,-1,-1
63,-1,250,187,26,38,0.87,7,-1,-1
63,-1,318,172,15,22,0.73,2,-1,-1
64,-1,249,188,26,39,0.88,7,-1,-1
64,-1,318,170,15,22,0.68,2,-1,-1
65,-1,248,189,26,40,0.87,7,-1,-1
65,-1,317,170,15,22,0.68,2,-1,-1
66,-1,247,191,26,40,0.87,7,-1,-1
66,-1,318,171,13,19,0.76,2,-1,-1
67,-1,246,191,26,42,0.87,7,-1,-1
67,-1,318,170,14,20,0.64,2,-1,-1
68,-1,244,193,27,42,0.88,7,-1,-1
68,-1,318,170,13,18,0.68,2,-1,-1
69,-1,242,194,28,44,0.88,7,-1,-1
69,-1,317,168,12,19,0.58,2,-1,-1
70,-1,241,196,28,44,0.88,7,-1,-1
70,-1,317,168,12,18,0.49,2,-1,-1
71,-1,240,196,29,46,0.87,7,-1,-1
71,-1,317,168,12,18,0.51,2,-1,-1
72,-1,238,198,30,48,0.88,7,-1,-1
72,-1,317,168,12,17,0.45,2,-1,-1
73,-1,236,200,32,49,0.88,7,-1,-1
73,-1,316,168,10,16,0.35,2,-1,-1
74,-1,233,202,33,50,0.88,7,-1,-1
74,-1,316,167,10,16,0.62,2,-1,-1
75,-1,232,203,32,52,0.89,7,-1,-1
75,-1,316,168,10,14,0.57,2,-1,-1
76,-1,230,205,34,54,0.89,7,-1,-1
76,-1,316,167,10,14,0.39,2,-1,-1
77,-1,228,206,35,55,0.89,7,-1,-1
77,-1,314,166,11,14,0.54,2,-1,-1
78,-1,224,208,37,58,0.91,7,-1,-1
78,-1,314,166,10,14,0.58,2,-1,-1
79,-1,223,210,38,60,0.90,7,-1,-1
79,-1,314,167,10,12,0.55,2,-1,-1
80,-1,220,212,38,62,0.90,7,-1,-1
80,-1,314,167,9,10,0.58,2,-1,-1
81,-1,218,214,39,65,0.89,7,-1,-1
81,-1,314,167,9,10,0.58,2,-1,-1
82,-1,214,219,40,66,0.89,7,-1,-1
82,-1,313,165,10,11,0.65,2,-1,-1
83,-1,212,221,42,68,0.89,7,-1,-1
83,-1,312,165,9,11,0.74,2,-1,-1
84,-1,208,225,44,71,0.88,7,-1,-1
84,-1,312,164,10,11,0.77,2,-1,-1
85,-1,206,227,46,74,0.88,7,-1,-1
85,-1,312,164,9,11,0.78,2,-1,-1
85,-1,327,178,9,9,0.18,2,-1,-1
86,-1,202,230,47,78,0.89,7,-1,-1
86,-1,310,162,10,11,0.75,2,-1,-1
86,-1,326,178,10,10,0.16,2,-1,-1
87,-1,199,233,48,80,0.89,7,-1,-1
87,-1,310,162,10,11,0.74,2,-1,-1
87,-1,326,178,10,10,0.17,2,-1,-1
88,-1,193,234,52,88,0.89,7,-1,-1
88,-1,310,162,9,11,0.55,2,-1,-1
88,-1,326,178,9,10,0.22,2,-1,-1
89,-1,190,238,53,91,0.90,7,-1,-1
89,-1,310,162,9,10,0.57,2,-1,-1
89,-1,326,178,10,10,0.29,2,-1,-1
90,-1,184,244,57,95,0.92,7,-1,-1
90,-1,309,161,9,10,0.54,2,-1,-1
90,-1,326,177,10,10,0.31,2,-1,-1
91,-1,180,246,58,101,0.92,7,-1,-1
91,-1,308,160,9,10,0.49,2,-1,-1
91,-1,326,178,10,10,0.29,2,-1,-1
92,-1,173,253,64,107,0.91,7,-1,-1
92,-1,308,158,8,12,0.33,2,-1,-1
92,-1,326,177,10,11,0.29,2,-1,-1
93,-1,168,256,67,114,0.92,7,-1,-1
93,-1,308,158,8,12,0.32,2,-1,-1
93,-1,326,177,10,11,0.29,2,-1,-1
94,-1,158,263,73,123,0.93,7,-1,-1
94,-1,326,177,10,11,0.27,2,-1,-1
94,-1,308,158,8,11,0.19,2,-1,-1
95,-1,152,267,78,132,0.92,7,-1,-1
95,-1,326,177,10,11,0.24,2,-1,-1
96,-1,142,274,82,143,0.93,7,-1,-1
96,-1,326,177,10,11,0.24,2,-1,-1
97,-1,134,280,87,155,0.92,7,-1,-1
97,-1,326,177,10,10,0.16,2,-1,-1
98,-1,121,290,97,173,0.92,7,-1,-1
98,-1,326,177,10,10,0.13,2,-1,-1
99,-1,108,294,106,190,0.91,7,-1,-1
99,-1,326,177,10,10,0.14,2,-1,-1
100,-1,91,304,117,218,0.91,7,-1,-1
100,-1,326,177,10,10,0.15,2,-1,-1
101,-1,326,177,10,10,0.15,2,-1,-1
102,-1,326,177,10,10,0.15,2,-1,-1
102,-1,279,160,8,7,0.13,2,-1,-1
103,-1,279,160,8,7,0.12,2,-1,-1
103,-1,326,178,10,10,0.12,2,-1,-1
104,-1,326,177,10,10,0.12,2,-1,-1
105,-1,326,177,10,10,0.13,2,-1,-1
106,-1,326,177,10,10,0.13,2,-1,-1
107,-1,326,177,10,10,0.13,2,-1,-1
108,-1,326,177,10,10,0.14,2,-1,-1
109,-1,326,177,11,10,0.25,2,-1,-1
110,-1,326,177,11,10,0.25,2,-1,-1
111,-1,326,177,11,10,0.24,2,-1,-1
112,-1,326,177,11,11,0.28,2,-1,-1
113,-1,326,177,11,11,0.28,2,-1,-1
114,-1,282,166,8,8,0.59,2,-1,-1
114,-1,326,177,11,11,0.29,2,-1,-1
115,-1,282,166,8,8,0.43,2,-1,-1
115,-1,326,177,10,10,0.27,2,-1,-1
116,-1,282,168,9,8,0.36,2,-1,-1
116,-1,326,177,10,10,0.15,2,-1,-1
117,-1,282,169,8,9,0.45,2,-1,-1
117,-1,326,177,10,10,0.15,2,-1,-1
118,-1,326,177,10,10,0.16,2,-1,-1
119,-1,326,177,11,10,0.16,2,-1,-1
119,-1,282,170,10,9,0.15,2,-1,-1
120,-1,282,171,9,9,0.30,2,-1,-1
120,-1,326,177,11,10,0.17,2,-1,-1
121,-1,281,171,10,9,0.37,2,-1,-1
121,-1,326,177,11,11,0.11,2,-1,-1
122,-1,282,172,10,10,0.63,2,-1,-1
123,-1,282,172,10,10,0.39,2,-1,-1
124,-1,282,173,10,10,0.65,2,-1,-1
125,-1,282,174,10,9,0.63,2,-1,-1
126,-1,282,175,11,10,0.72,2,-1,-1
127,-1,282,176,11,10,0.72,2,-1,-1
128,-1,282,176,10,10,0.72,2,-1,-1
129,-1,282,177,10,9,0.54,2,-1,-1
130,-1,282,177,11,11,0.76,2,-1,-1
131,-1,282,178,11,12,0.77,2,-1,-1
132,-1,282,179,11,11,0.79,2,-1,-1
133,-1,281,180,12,11,0.78,2,-1,-1
134,-1,282,182,11,11,0.76,2,-1,-1
135,-1,282,182,11,10,0.78,2,-1,-1
136,-1,282,183,12,12,0.79,2,-1,-1
137,-1,282,183,12,12,0.79,2,-1,-1
138,-1,281,186,12,12,0.84,2,-1,-1
139,-1,281,186,12,12,0.85,2,-1,-1
140,-1,280,188,12,12,0.82,2,-1,-1
141,-1,280,189,12,13,0.84,2,-1,-1
142,-1,280,190,13,14,0.83,2,-1,-1
143,-1,280,191,13,14,0.82,2,-1,-1
144,-1,278,192,14,14,0.84,2,-1,-1
145,-1,278,193,14,16,0.86,2,-1,-1
146,-1,278,195,14,16,0.87,2,-1,-1
146,-1,281,163,8,8,0.12,2,-1,-1
147,-1,278,198,14,14,0.85,2,-1,-1
147,-1,282,164,8,8,0.43,2,-1,-1
148,-1,395,328,132,207,0.92,7,-1,-1
148,-1,277,200,14,14,0.86,2,-1,-1
148,-1,282,163,8,8,0.44,2,-1,-1
149,-1,390,316,119,204,0.91,7,-1,-1
149,-1,276,201,15,16,0.87,2,-1,-1
149,-1,282,164,9,8,0.49,2,-1,-1
150,-1,382,302,105,180,0.93,7,-1,-1
150,-1,275,202,15,16,0.86,2,-1,-1
150,-1,281,165,9,8,0.70,2,-1,-1
150,-1,326,177,10,10,0.11,2,-1,-1
151,-1,378,293,98,164,0.91,7,-1,-1
151,-1,275,205,15,16,0.85,2,-1,-1
151,-1,281,165,9,8,0.71,2,-1,-1
151,-1,326,177,10,10,0.11,2,-1,-1
152,-1,372,281,86,151,0.92,7,-1,-1
152,-1,274,208,16,16,0.85,2,-1,-1
152,-1,281,166,9,10,0.62,2,-1,-1
153,-1,369,274,81,146,0.93,7,-1,-1
153,-1,273,209,16,17,0.85,2,-1,-1
153,-1,282,166,9,9,0.72,2,-1,-1
154,-1,366,265,74,135,0.92,7,-1,-1
154,-1,272,212,16,18,0.85,2,-1,-1
154,-1,282,167,10,9,0.73,2,-1,-1
155,-1,363,259,68,128,0.92,7,-1,-1
155,-1,271,214,17,18,0.86,2,-1,-1
155,-1,282,168,10,10,0.66,2,-1,-1
156,-1,360,252,62,116,0.92,7,-1,-1
156,-1,270,218,17,19,0.85,2,-1,-1
156,-1,282,168,10,10,0.65,2,-1,-1
157,-1,358,246,60,109,0.93,7,-1,-1
157,-1,269,220,17,19,0.86,2,-1,-1
157,-1,282,168,10,10,0.74,2,-1,-1
158,-1,354,241,56,102,0.92,7,-1,-1
158,-1,268,224,17,20,0.86,2,-1,-1
158,-1,282,170,10,10,0.72,2,-1,-1
159,-1,352,238,52,97,0.90,7,-1,-1
159,-1,266,227,18,20,0.88,2,-1,-1
159,-1,282,170,9,10,0.76,2,-1,-1
160,-1,350,232,49,91,0.91,7,-1,-1
160,-1,264,231,18,22,0.85,2,-1,-1
160,-1,282,171,10,10,0.78,2,-1,-1
161,-1,348,229,46,87,0.91,7,-1,-1
161,-1,264,234,18,22,0.87,2,-1,-1
161,-1,281,173,10,10,0.77,2,-1,-1
162,-1,346,224,44,82,0.91,7,-1,-1
162,-1,262,239,19,22,0.86,2,-1,-1
162,-1,282,174,10,10,0.79,2,-1,-1
163,-1,345,223,42,78,0.89,7,-1,-1
163,-1,260,243,20,23,0.88,2,-1,-1
163,-1,282,174,10,10,0.79,2,-1,-1
164,-1,342,219,41,74,0.91,7,-1,-1
164,-1,257,249,21,24,0.88,2,-1,-1
164,-1,282,176,10,11,0.76,2,-1,-1
165,-1,342,216,38,72,0.92,7,-1,-1
165,-1,256,253,22,26,0.86,2,-1,-1
165,-1,282,176,10,11,0.79,2,-1,-1
166,-1,341,211,36,70,0.91,7,-1,-1
166,-1,252,260,22,26,0.88,2,-1,-1
166,-1,282,177,10,10,0.79,2,-1,-1
167,-1,340,208,36,68,0.91,7,-1,-1
167,-1,251,265,23,28,0.88,2,-1,-1
167,-1,281,177,11,11,0.80,2,-1,-1
168,-1,339,206,34,65,0.90,7,-1,-1
168,-1,247,274,24,30,0.88,2,-1,-1
168,-1,280,178,10,12,0.84,2,-1,-1
169,-1,338,204,33,63,0.91,7,-1,-1
169,-1,244,280,26,32,0.89,2,-1,-1
169,-1,280,179,11,12,0.85,2,-1,-1
170,-1,336,202,32,59,0.91,7,-1,-1
170,-1,240,290,27,34,0.90,2,-1,-1
170,-1,280,180,11,12,0.85,2,-1,-1
171,-1,336,200,31,58,0.90,7,-1,-1
171,-1,237,298,28,36,0.89,2,-1,-1
171,-1,280,180,12,13,0.85,2,-1,-1
172,-1,335,197,30,56,0.90,7,-1,-1
172,-1,233,310,30,40,0.89,2,-1,-1
172,-1,280,182,12,13,0.85,2,-1,-1
173,-1,229,320,32,44,0.90,2,-1,-1
173,-1,335,196,28,54,0.90,7,-1,-1
173,-1,280,182,12,14,0.84,2,-1,-1
174,-1,223,337,34,49,0.90,2,-1,-1
174,-1,333,194,28,52,0.89,7,-1,-1
174,-1,278,184,12,14,0.84,2,-1,-1
175,-1,218,350,36,54,0.90,2,-1,-1
175,-1,332,192,28,51,0.89,7,-1,-1
175,-1,278,185,12,14,0.86,2,-1,-1
176,-1,210,374,40,61,0.91,2,-1,-1
176,-1,331,190,28,49,0.88,7,-1,-1
176,-1,278,187,12,14,0.86,2,-1,-1
177,-1,203,391,43,68,0.94,2,-1,-1
177,-1,330,188,27,49,0.87,7,-1,-1
177,-1,277,188,13,14,0.86,2,-1,-1
178,-1,191,423,50,82,0.91,2,-1,-1
178,-1,328,187,27,47,0.87,7,-1,-1
178,-1,277,190,13,14,0.85,2,-1,-1
179,-1,328,185,26,47,0.88,7,-1,-1
179,-1,276,191,14,14,0.83,2,-1,-1
180,-1,327,183,25,46,0.86,7,-1,-1
180,-1,276,192,14,15,0.85,2,-1,-1
181,-1,326,182,25,45,0.86,7,-1,-1
181,-1,275,194,14,15,0.85,2,-1,-1
182,-1,326,181,24,43,0.86,7,-1,-1
182,-1,274,195,14,16,0.85,2,-1,-1
183,-1,324,181,25,42,0.88,7,-1,-1
183,-1,274,196,15,16,0.85,2,-1,-1
184,-1,324,180,24,40,0.88,7,-1,-1
184,-1,272,199,15,16,0.83,2,-1,-1
185,-1,324,179,24,40,0.87,7,-1,-1
185,-1,272,201,16,16,0.86,2,-1,-1
186,-1,323,178,23,38,0.87,7,-1,-1
186,-1,271,203,16,17,0.85,2,-1,-1
187,-1,324,177,22,38,0.87,7,-1,-1
187,-1,270,204,16,18,0.84,2,-1,-1
188,-1,322,176,22,37,0.86,7,-1,-1
188,-1,270,207,16,18,0.86,2,-1,-1
189,-1,322,176,22,36,0.86,7,-1,-1
189,-1,268,208,17,20,0.85,2,-1,-1
190,-1,322,175,22,35,0.85,7,-1,-1
190,-1,267,212,17,19,0.85,2,-1,-1
191,-1,266,215,17,18,0.87,2,-1,-1
191,-1,322,174,21,34,0.85,7,-1,-1
192,-1,321,172,21,34,0.86,7,-1,-1
192,-1,265,218,18,20,0.85,2,-1,-1
193,-1,264,219,17,21,0.86,2,-1,-1
193,-1,322,172,20,32,0.85,7,-1,-1
194,-1,321,171,19,32,0.86,7,-1,-1
194,-1,262,225,18,20,0.84,2,-1,-1
195,-1,261,228,18,20,0.87,2,-1,-1
195,-1,321,171,19,32,0.87,7,-1,-1
196,-1,320,170,19,32,0.86,7,-1,-1
196,-1,259,232,19,21,0.85,2,-1,-1
197,-1,258,234,20,23,0.87,2,-1,-1
197,-1,320,168,19,32,0.86,7,-1,-1
198,-1,320,168,18,30,0.85,7,-1,-1
198,-1,256,238,20,24,0.85,2,-1,-1
199,-1,254,244,20,24,0.87,2,-1,-1
199,-1,320,167,18,30,0.85,7,-1,-1
200,-1,252,249,22,26,0.88,2,-1,-1
200,-1,319,166,18,29,0.85,7,-1,-1
201,-1,250,253,22,26,0.86,2,-1,-1
201,-1,319,166,18,29,0.84,7,-1,-1
202,-1,247,260,23,28,0.86,2,-1,-1
202,-1,318,165,18,28,0.84,7,-1,-1
203,-1,246,264,24,30,0.87,2,-1,-1
203,-1,318,165,17,28,0.84,7,-1,-1
204,-1,242,274,26,31,0.88,2,-1,-1
204,-1,318,164,16,27,0.85,7,-1,-1
204,-1,271,161,7,8,0.19,2,-1,-1
205,-1,240,280,27,31,0.88,2,-1,-1
205,-1,319,164,15,26,0.85,7,-1,-1
205,-1,271,161,7,8,0.11,2,-1,-1
206,-1,236,290,29,35,0.88,2,-1,-1
206,-1,318,164,15,26,0.85,7,-1,-1
207,-1,233,296,30,37,0.88,2,-1,-1
207,-1,318,163,15,26,0.85,7,-1,-1
208,-1,227,309,33,42,0.89,2,-1,-1
208,-1,318,162,15,25,0.86,7,-1,-1
209,-1,224,318,34,45,0.88,2,-1,-1
209,-1,318,162,15,25,0.87,7,-1,-1
209,-1,271,163,7,8,0.21,2,-1,-1
210,-1,218,336,37,48,0.90,2,-1,-1
210,-1,318,161,14,25,0.86,7,-1,-1
210,-1,271,164,7,8,0.20,2,-1,-1
211,-1,213,348,39,53,0.90,2,-1,-1
211,-1,318,160,15,25,0.85,7,-1,-1
211,-1,271,164,7,8,0.19,2,-1,-1
212,-1,204,370,44,61,0.90,2,-1,-1
212,-1,318,160,14,25,0.85,7,-1,-1
212,-1,271,165,8,8,0.11,2,-1,-1
213,-1,198,384,46,72,0.93,2,-1,-1
213,-1,317,160,14,24,0.85,7,-1,-1
213,-1,271,165,8,8,0.19,2,-1,-1
214,-1,186,414,54,83,0.91,2,-1,-1
214,-1,317,159,14,24,0.84,7,-1,-1
214,-1,271,166,8,8,0.52,2,-1,-1
215,-1,176,440,60,93,0.92,2,-1,-1
215,-1,316,159,13,24,0.84,7,-1,-1
215,-1,272,165,8,8,0.65,2,-1,-1
216,-1,316,158,14,24,0.84,7,-1,-1
216,-1,271,167,8,8,0.35,2,-1,-1
217,-1,316,158,13,23,0.80,7,-1,-1
217,-1,272,167,8,8,0.34,2,-1,-1
218,-1,315,158,13,22,0.82,7,-1,-1
218,-1,272,168,8,8,0.62,2,-1,-1
219,-1,314,157,12,22,0.81,7,-1,-1
219,-1,272,169,8,8,0.43,2,-1,-1
220,-1,314,156,12,22,0.82,7,-1,-1
220,-1,271,169,8,8,0.42,2,-1,-1
221,-1,314,156,12,21,0.82,7,-1,-1
221,-1,272,169,8,9,0.58,2,-1,-1
222,-1,313,156,12,21,0.83,7,-1,-1
222,-1,270,169,9,9,0.36,2,-1,-1
223,-1,312,155,13,22,0.84,7,-1,-1
223,-1,271,169,9,9,0.41,2,-1,-1
223,-1,280,163,9,8,0.18,2,-1,-1
224,-1,312,155,13,21,0.84,7,-1,-1
224,-1,281,163,8,8,0.24,2,-1,-1
224,-1,270,171,8,8,0.12,2,-1,-1
225,-1,312,155,12,20,0.84,7,-1,-1
225,-1,282,164,8,8,0.19,2,-1,-1
226,-1,312,155,12,20,0.82,7,-1,-1
226,-1,282,165,8,8,0.60,2,-1,-1
226,-1,270,172,8,8,0.53,2,-1,-1
227,-1,311,153,12,20,0.84,7,-1,-1
227,-1,282,165,8,8,0.62,2,-1,-1
227,-1,270,173,8,8,0.56,2,-1,-1
228,-1,310,153,12,20,0.85,7,-1,-1
228,-1,282,166,9,9,0.54,2,-1,-1
228,-1,268,173,9,9,0.38,2,-1,-1
229,-1,310,153,12,20,0.85,7,-1,-1
229,-1,282,166,9,10,0.67,2,-1,-1
229,-1,267,174,9,9,0.60,2,-1,-1
229,-1,326,177,10,10,0.11,2,-1,-1
230,-1,310,153,12,20,0.84,7,-1,-1
230,-1,282,166,9,10,0.67,2,-1,-1
230,-1,267,174,9,9,0.58,2,-1,-1
230,-1,326,177,10,10,0.12,2,-1,-1
231,-1,309,152,12,19,0.78,7,-1,-1
231,-1,267,174,10,9,0.59,2,-1,-1
231,-1,283,167,8,10,0.58,2,-1,-1
231,-1,326,177,10,10,0.14,2,-1,-1
232,-1,308,152,12,18,0.71,7,-1,-1
232,-1,266,175,9,9,0.64,2,-1,-1
232,-1,282,168,9,10,0.50,2,-1,-1
232,-1,326,177,10,10,0.18,2,-1,-1
233,-1,308,151,12,20,0.79,7,-1,-1
233,-1,266,176,9,9,0.74,2,-1,-1
233,-1,282,168,9,10,0.50,2,-1,-1
233,-1,326,177,10,10,0.18,2,-1,-1
234,-1,266,176,9,10,0.74,2,-1,-1
234,-1,308,151,12,18,0.73,7,-1,-1
234,-1,282,170,10,9,0.46,2,-1,-1
234,-1,326,177,10,10,0.20,2,-1,-1
235,-1,307,151,11,18,0.72,7,-1,-1
235,-1,266,176,9,9,0.71,2,-1,-1
235,-1,282,170,9,10,0.68,2,-1,-1
235,-1,326,177,10,10,0.21,2,-1,-1
236,-1,266,176,9,10,0.75,2,-1,-1
236,-1,282,170,10,10,0.66,2,-1,-1
236,-1,306,152,11,18,0.56,7,-1,-1
236,-1,326,176,10,11,0.20,2,-1,-1
237,-1,264,176,10,10,0.74,2,-1,-1
237,-1,283,171,10,10,0.65,2,-1,-1
237,-1,306,152,11,16,0.49,7,-1,-1
237,-1,326,176,11,11,0.21,2,-1,-1
238,-1,282,172,10,10,0.69,2,-1,-1
238,-1,264,178,10,10,0.57,2,-1,-1
238,-1,306,152,10,16,0.32,7,-1,-1
238,-1,326,177,10,10,0.17,2,-1,-1
239,-1,264,178,10,10,0.73,2,-1,-1
239,-1,282,174,10,10,0.67,2,-1,-1
239,-1,304,151,10,16,0.26,7,-1,-1
239,-1,326,176,11,11,0.18,2,-1,-1
240,-1,264,178,9,10,0.69,2,-1,-1
240,-1,283,174,10,10,0.55,2,-1,-1
240,-1,304,150,11,17,0.51,7,-1,-1
240,-1,326,176,11,11,0.22,2,-1,-1
241,-1,264,178,9,10,0.80,2,-1,-1
241,-1,283,175,10,10,0.66,2,-1,-1
241,-1,304,150,11,16,0.40,7,-1,-1
241,-1,326,177,11,10,0.11,2,-1,-1
242,-1,263,178,9,10,0.78,2,-1,-1
242,-1,303,148,11,18,0.71,7,-1,-1
242,-1,283,176,10,10,0.67,2,-1,-1
242,-1,326,177,11,10,0.10,2,-1,-1
243,-1,282,177,10,11,0.69,2,-1,-1
243,-1,303,148,11,18,0.60,7,-1,-1
243,-1,263,179,9,10,0.13,2,-1,-1
244,-1,282,177,11,12,0.79,2,-1,-1
244,-1,261,179,10,10,0.67,2,-1,-1
244,-1,302,148,10,18,0.56,7,-1,-1
245,-1,282,178,11,12,0.81,2,-1,-1
245,-1,261,179,10,10,0.65,2,-1,-1
245,-1,302,148,10,17,0.51,7,-1,-1
246,-1,282,178,10,12,0.79,2,-1,-1
246,-1,262,180,9,10,0.48,2,-1,-1
246,-1,302,148,10,16,0.19,7,-1,-1
246,-1,325,177,11,10,0.10,2,-1,-1
247,-1,281,179,12,12,0.84,2,-1,-1
247,-1,261,179,10,11,0.58,2,-1,-1
247,-1,325,177,11,10,0.11,2,-1,-1
248,-1,281,180,12,12,0.83,2,-1,-1
248,-1,261,180,9,10,0.50,2,-1,-1
248,-1,325,177,11,10,0.11,2,-1,-1
249,-1,281,181,12,12,0.82,2,-1,-1
249,-1,260,181,10,10,0.51,2,-1,-1
250,-1,282,182,12,13,0.82,2,-1,-1
250,-1,260,181,10,10,0.67,2,-1,-1
251,-1,281,182,13,14,0.82,2,-1,-1
251,-1,260,181,10,10,0.68,2,-1,-1
252,-1,280,184,12,14,0.83,2,-1,-1
252,-1,260,181,10,11,0.67,2,-1,-1
253,-1,280,185,12,13,0.87,2,-1,-1
253,-1,260,182,10,10,0.68,2,-1,-1
254,-1,280,186,12,14,0.88,2,-1,-1
254,-1,260,182,10,10,0.65,2,-1,-1
255,-1,279,188,13,14,0.87,2,-1,-1
255,-1,259,183,10,10,0.68,2,-1,-1
256,-1,279,189,13,15,0.85,2,-1,-1
256,-1,259,183,10,10,0.67,2,-1,-1
257,-1,279,190,13,14,0.85,2,-1,-1
257,-1,258,183,11,10,0.76,2,-1,-1
258,-1,278,192,13,14,0.86,2,-1,-1
258,-1,258,184,11,10,0.78,2,-1,-1
259,-1,277,193,14,14,0.88,2,-1,-1
259,-1,258,183,11,10,0.81,2,-1,-1
260,-1,277,195,14,15,0.88,2,-1,-1
260,-1,258,183,11,11,0.81,2,-1,-1
260,-1,270,158,8,8,0.12,2,-1,-1
261,-1,276,196,14,16,0.87,2,-1,-1
261,-1,258,183,11,11,0.82,2,-1,-1
261,-1,270,159,8,8,0.15,2,-1,-1
261,-1,294,144,9,14,0.11,7,-1,-1
262,-1,276,198,14,16,0.87,2,-1,-1
262,-1,258,184,11,11,0.81,2,-1,-1
262,-1,270,160,8,8,0.26,2,-1,-1
262,-1,326,177,11,10,0.13,2,-1,-1
263,-1,275,200,15,16,0.85,2,-1,-1
263,-1,258,183,11,11,0.82,2,-1,-1
263,-1,270,160,8,8,0.25,2,-1,-1
263,-1,326,177,11,11,0.11,2,-1,-1
264,-1,274,202,16,16,0.86,2,-1,-1
264,-1,258,184,11,11,0.79,2,-1,-1
264,-1,270,160,8,8,0.21,2,-1,-1
265,-1,273,202,16,18,0.86,2,-1,-1
265,-1,258,184,11,11,0.74,2,-1,-1
265,-1,271,159,8,9,0.50,2,-1,-1
265,-1,325,177,11,11,0.20,2,-1,-1
266,-1,272,205,16,18,0.85,2,-1,-1
266,-1,258,184,11,11,0.62,2,-1,-1
266,-1,271,159,8,9,0.53,2,-1,-1
266,-1,325,177,11,11,0.19,2,-1,-1
267,-1,272,206,16,18,0.85,2,-1,-1
267,-1,258,184,11,11,0.62,2,-1,-1
267,-1,271,159,8,9,0.52,2,-1,-1
267,-1,325,177,11,11,0.19,2,-1,-1
268,-1,271,210,16,18,0.85,2,-1,-1
268,-1,258,185,11,10,0.55,2,-1,-1
268,-1,325,177,11,11,0.18,2,-1,-1
269,-1,270,211,17,19,0.85,2,-1,-1
269,-1,257,184,11,11,0.65,2,-1,-1
269,-1,272,162,8,9,0.22,2,-1,-1
269,-1,325,177,11,11,0.12,2,-1,-1
270,-1,268,214,18,19,0.87,2,-1,-1
270,-1,258,184,11,11,0.63,2,-1,-1
270,-1,272,162,8,9,0.39,2,-1,-1
270,-1,325,177,11,10,0.10,2,-1,-1
271,-1,268,216,18,19,0.86,2,-1,-1
271,-1,258,184,11,11,0.64,2,-1,-1
271,-1,272,162,8,9,0.36,2,-1,-1
271,-1,325,177,11,11,0.12,2,-1,-1
272,-1,266,219,18,20,0.87,2,-1,-1
272,-1,258,184,11,11,0.64,2,-1,-1
272,-1,272,163,8,8,0.43,2,-1,-1
272,-1,325,177,11,11,0.13,2,-1,-1
273,-1,266,221,18,21,0.86,2,-1,-1
273,-1,258,185,11,10,0.56,2,-1,-1
273,-1,272,164,8,9,0.38,2,-1,-1
273,-1,325,177,11,11,0.12,2,-1,-1
274,-1,264,226,19,21,0.86,2,-1,-1
274,-1,272,163,8,10,0.71,2,-1,-1
274,-1,258,185,11,11,0.55,2,-1,-1
274,-1,325,177,11,11,0.12,2,-1,-1
275,-1,263,228,20,23,0.87,2,-1,-1
275,-1,272,163,8,10,0.72,2,-1,-1
275,-1,258,185,11,11,0.64,2,-1,-1
275,-1,325,177,11,10,0.12,2,-1,-1
276,-1,262,232,21,24,0.86,2,-1,-1
276,-1,272,163,8,10,0.72,2,-1,-1
276,-1,258,185,11,11,0.64,2,-1,-1
276,-1,325,177,11,11,0.12,2,-1,-1
277,-1,414,448,65,82,0.91,2,-1,-1
277,-1,261,236,21,24,0.87,2,-1,-1
277,-1,258,185,10,10,0.75,2,-1,-1
277,-1,272,165,8,10,0.53,2,-1,-1
278,-1,402,410,53,70,0.93,2,-1,-1
278,-1,259,239,22,26,0.86,2,-1,-1
278,-1,258,185,10,10,0.74,2,-1,-1
278,-1,272,166,8,9,0.63,2,-1,-1
279,-1,392,389,50,64,0.91,2,-1,-1
279,-1,258,244,22,26,0.86,2,-1,-1
279,-1,257,185,11,10,0.74,2,-1,-1
279,-1,273,167,8,9,0.64,2,-1,-1
280,-1,384,362,42,56,0.91,2,-1,-1
280,-1,257,249,22,28,0.86,2,-1,-1
280,-1,258,185,10,10,0.74,2,-1,-1
280,-1,273,167,8,9,0.65,2,-1,-1
281,-1,376,347,40,53,0.90,2,-1,-1
281,-1,255,253,24,28,0.86,2,-1,-1
281,-1,258,185,10,10,0.74,2,-1,-1
281,-1,272,167,8,10,0.65,2,-1,-1
282,-1,369,328,36,48,0.91,2,-1,-1
282,-1,253,260,25,30,0.89,2,-1,-1
282,-1,258,185,10,10,0.73,2,-1,-1
282,-1,273,168,8,10,0.62,2,-1,-1
283,-1,364,318,36,43,0.89,2,-1,-1
283,-1,251,264,25,32,0.89,2,-1,-1
283,-1,258,185,10,10,0.74,2,-1,-1
283,-1,273,168,8,10,0.62,2,-1,-1
284,-1,358,304,32,40,0.89,2,-1,-1
284,-1,249,272,27,34,0.88,2,-1,-1
284,-1,258,185,10,10,0.72,2,-1,-1
284,-1,272,169,8,10,0.59,2,-1,-1
285,-1,354,294,31,39,0.89,2,-1,-1
285,-1,247,277,28,35,0.87,2,-1,-1
285,-1,257,185,10,10,0.73,2,-1,-1
285,-1,272,169,8,10,0.65,2,-1,-1
286,-1,350,284,28,35,0.89,2,-1,-1
286,-1,243,288,30,37,0.88,2,-1,-1
286,-1,272,168,9,12,0.73,2,-1,-1
286,-1,257,185,10,10,0.72,2,-1,-1
287,-1,241,294,32,40,0.88,2,-1,-1
287,-1,348,277,26,34,0.88,2,-1,-1
287,-1,257,185,10,10,0.73,2,-1,-1
287,-1,272,168,9,12,0.73,2,-1,-1
287,-1,326,177,10,10,0.12,2,-1,-1
288,-1,238,305,34,44,0.90,2,-1,-1
288,-1,346,268,24,30,0.89,2,-1,-1
288,-1,272,170,9,10,0.76,2,-1,-1
288,-1,257,185,10,10,0.74,2,-1,-1
288,-1,326,177,10,11,0.11,2,-1,-1
289,-1,235,314,35,46,0.91,2,-1,-1
289,-1,341,262,26,30,0.87,2,-1,-1
289,-1,272,170,9,11,0.81,2,-1,-1
289,-1,257,186,10,10,0.70,2,-1,-1
290,-1,230,327,38,53,0.90,2,-1,-1
290,-1,339,255,24,28,0.88,2,-1,-1
290,-1,272,170,9,12,0.81,2,-1,-1
290,-1,257,186,10,10,0.71,2,-1,-1
291,-1,226,339,40,56,0.91,2,-1,-1
291,-1,338,250,22,26,0.87,2,-1,-1
291,-1,272,171,9,12,0.80,2,-1,-1
291,-1,258,186,10,10,0.72,2,-1,-1
292,-1,220,359,44,62,0.91,2,-1,-1
292,-1,336,244,21,26,0.87,2,-1,-1
292,-1,272,171,10,12,0.79,2,-1,-1
292,-1,258,186,10,10,0.71,2,-1,-1
293,-1,216,372,46,70,0.91,2,-1,-1
293,-1,336,240,20,25,0.87,2,-1,-1
293,-1,272,172,10,12,0.80,2,-1,-1
293,-1,258,186,10,10,0.70,2,-1,-1
294,-1,356,450,61,82,0.91,2,-1,-1
294,-1,206,394,53,83,0.90,2,-1,-1
294,-1,333,234,20,24,0.89,2,-1,-1
294,-1,272,172,10,12,0.80,2,-1,-1
294,-1,258,186,10,10,0.70,2,-1,-1
295,-1,352,424,54,73,0.92,2,-1,-1
295,-1,198,414,58,94,0.91,2,-1,-1
295,-1,332,231,20,23,0.85,2,-1,-1
295,-1,272,173,10,12,0.79,2,-1,-1
295,-1,258,186,10,10,0.70,2,-1,-1
296,-1,346,394,48,62,0.91,2,-1,-1
296,-1,331,226,19,22,0.87,2,-1,-1
296,-1,272,174,10,12,0.79,2,-1,-1
296,-1,257,186,10,10,0.69,2,-1,-1
296,-1,326,177,10,10,0.11,2,-1,-1
297,-1,341,376,45,57,0.92,2,-1,-1
297,-1,330,224,19,21,0.85,2,-1,-1
297,-1,272,176,10,12,0.80,2,-1,-1
297,-1,257,186,10,10,0.68,2,-1,-1
297,-1,326,177,10,10,0.10,2,-1,-1
298,-1,337,352,40,51,0.90,2,-1,-1
298,-1,330,219,18,20,0.88,2,-1,-1
298,-1,272,175,10,12,0.79,2,-1,-1
298,-1,257,186,10,10,0.66,2,-1,-1
298,-1,326,177,10,11,0.10,2,-1,-1
299,-1,335,339,37,47,0.90,2,-1,-1
299,-1,329,218,18,20,0.87,2,-1,-1
299,-1,272,175,10,12,0.79,2,-1,-1
299,-1,257,186,10,10,0.66,2,-1,-1
300,-1,332,322,34,43,0.90,2,-1,-1
300,-1,329,215,16,18,0.87,2,-1,-1
300,-1,271,176,11,12,0.83,2,-1,-1
300,-1,257,186,10,10,0.67,2,-1,-1
301,-1,330,312,32,40,0.88,2,-1,-1
301,-1,272,176,11,13,0.85,2,-1,-1
301,-1,328,212,16,18,0.85,2,-1,-1
301,-1,257,186,10,10,0.58,2,-1,-1
302,-1,328,298,30,38,0.89,2,-1,-1
302,-1,328,209,16,17,0.85,2,-1,-1
302,-1,271,176,11,13,0.85,2,-1,-1
302,-1,257,186,10,10,0.56,2,-1,-1
303,-1,326,290,29,36,0.90,2,-1,-1
303,-1,272,177,11,14,0.85,2,-1,-1
303,-1,328,208,15,16,0.84,2,-1,-1
303,-1,257,186,10,10,0.55,2,-1,-1
304,-1,324,280,27,33,0.89,2,-1,-1
304,-1,272,178,11,14,0.86,2,-1,-1
304,-1,326,204,16,17,0.86,2,-1,-1
304,-1,257,186,10,10,0.53,2,-1,-1
305,-1,322,274,26,32,0.90,2,-1,-1
305,-1,326,202,16,17,0.87,2,-1,-1
305,-1,271,178,12,15,0.86,2,-1,-1
305,-1,257,186,10,10,0.55,2,-1,-1
306,-1,271,180,12,14,0.87,2,-1,-1
306,-1,326,201,14,16,0.87,2,-1,-1
306,-1,320,265,26,30,0.87,2,-1,-1
306,-1,257,186,10,10,0.60,2,-1,-1
307,-1,270,180,12,15,0.86,2,-1,-1
307,-1,320,260,24,28,0.86,2,-1,-1
307,-1,326,198,15,16,0.85,2,-1,-1
307,-1,257,186,10,10,0.55,2,-1,-1
308,-1,324,196,14,16,0.86,2,-1,-1
308,-1,320,254,22,26,0.85,2,-1,-1
308,-1,270,181,12,15,0.85,2,-1,-1
308,-1,257,186,10,10,0.57,2,-1,-1
309,-1,318,248,22,27,0.89,2,-1,-1
309,-1,324,194,14,17,0.86,2,-1,-1
309,-1,270,182,12,15,0.83,2,-1,-1
309,-1,258,186,9,10,0.58,2,-1,-1
310,-1,317,242,21,25,0.89,2,-1,-1
310,-1,324,192,13,16,0.85,2,-1,-1
310,-1,270,183,12,14,0.82,2,-1,-1
310,-1,258,186,9,10,0.52,2,-1,-1
311,-1,317,240,21,24,0.86,2,-1,-1
311,-1,269,184,12,15,0.84,2,-1,-1
311,-1,324,190,14,16,0.83,2,-1,-1
311,-1,258,186,9,10,0.46,2,-1,-1
312,-1,316,234,20,22,0.87,2,-1,-1
312,-1,268,184,13,16,0.85,2,-1,-1
312,-1,324,189,13,16,0.82,2,-1,-1
312,-1,257,186,9,10,0.35,2,-1,-1
313,-1,268,184,13,16,0.86,2,-1,-1
313,-1,314,231,20,22,0.85,2,-1,-1
313,-1,322,187,13,16,0.84,2,-1,-1
313,-1,257,186,9,10,0.51,2,-1,-1
314,-1,314,226,19,21,0.87,2,-1,-1
314,-1,322,186,12,14,0.85,2,-1,-1
314,-1,267,186,14,18,0.85,2,-1,-1
314,-1,257,186,9,10,0.59,2,-1,-1
315,-1,313,224,20,21,0.84,2,-1,-1
315,-1,266,186,14,16,0.84,2,-1,-1
315,-1,322,185,12,14,0.84,2,-1,-1
315,-1,257,186,9,10,0.46,2,-1,-1
316,-1,313,220,18,20,0.86,2,-1,-1
316,-1,266,188,14,17,0.83,2,-1,-1
316,-1,322,182,12,16,0.81,2,-1,-1
316,-1,257,186,9,10,0.52,2,-1,-1
317,-1,391,326,122,189,0.93,7,-1,-1
317,-1,313,218,18,19,0.86,2,-1,-1
317,-1,264,188,15,17,0.83,2,-1,-1
317,-1,322,182,12,15,0.80,2,-1,-1
317,-1,257,186,8,10,0.16,2,-1,-1
318,-1,382,305,106,169,0.93,7,-1,-1
318,-1,312,214,16,20,0.86,2,-1,-1
318,-1,264,189,15,18,0.85,2,-1,-1
318,-1,321,180,13,16,0.83,2,-1,-1
318,-1,257,186,8,9,0.29,2,-1,-1
319,-1,378,300,96,156,0.93,7,-1,-1
319,-1,312,212,16,19,0.85,2,-1,-1
319,-1,264,190,14,17,0.85,2,-1,-1
319,-1,321,180,12,14,0.85,2,-1,-1
319,-1,257,186,8,10,0.39,2,-1,-1
320,-1,371,286,85,141,0.93,7,-1,-1
320,-1,312,210,16,16,0.86,2,-1,-1
320,-1,320,177,14,15,0.86,2,-1,-1
320,-1,263,191,15,18,0.85,2,-1,-1
320,-1,257,186,8,9,0.32,2,-1,-1
321,-1,368,280,79,131,0.93,7,-1,-1
321,-1,312,208,16,16,0.86,2,-1,-1
321,-1,262,192,16,19,0.85,2,-1,-1
321,-1,320,178,13,14,0.84,2,-1,-1
321,-1,257,186,9,9,0.36,2,-1,-1
322,-1,364,269,70,121,0.92,7,-1,-1
322,-1,260,193,16,20,0.86,2,-1,-1
322,-1,311,205,16,16,0.86,2,-1,-1
322,-1,320,177,12,13,0.81,2,-1,-1
322,-1,257,187,10,8,0.27,2,-1,-1
323,-1,360,264,66,113,0.93,7,-1,-1
323,-1,310,203,14,16,0.88,2,-1,-1
323,-1,260,194,16,20,0.87,2,-1,-1
323,-1,319,176,12,12,0.79,2,-1,-1
323,-1,257,186,10,9,0.37,2,-1,-1
324,-1,357,254,60,105,0.92,7,-1,-1
324,-1,310,202,14,15,0.88,2,-1,-1
324,-1,260,196,16,19,0.87,2,-1,-1
324,-1,319,175,11,12,0.77,2,-1,-1
324,-1,257,186,10,10,0.58,2,-1,-1
325,-1,354,249,58,97,0.92,7,-1,-1
325,-1,259,198,16,18,0.87,2,-1,-1
325,-1,310,200,14,15,0.87,2,-1,-1
325,-1,320,174,12,14,0.79,2,-1,-1
325,-1,257,184,10,11,0.75,2,-1,-1
326,-1,351,242,53,92,0.91,7,-1,-1
326,-1,310,196,14,16,0.88,2,-1,-1
326,-1,257,199,16,20,0.84,2,-1,-1
326,-1,319,174,12,13,0.72,2,-1,-1
326,-1,257,185,10,10,0.71,2,-1,-1
327,-1,349,238,50,87,0.91,7,-1,-1
327,-1,310,196,13,14,0.88,2,-1,-1
327,-1,256,200,17,21,0.85,2,-1,-1
327,-1,318,173,10,12,0.76,2,-1,-1
327,-1,257,185,10,10,0.75,2,-1,-1
328,-1,347,234,46,80,0.90,7,-1,-1
328,-1,310,194,13,14,0.87,2,-1,-1
328,-1,256,201,16,22,0.87,2,-1,-1
328,-1,257,185,10,10,0.74,2,-1,-1
328,-1,318,173,9,10,0.74,2,-1,-1
329,-1,345,230,44,78,0.90,7,-1,-1
329,-1,309,192,12,14,0.87,2,-1,-1
329,-1,255,203,16,22,0.86,2,-1,-1
329,-1,256,185,11,10,0.72,2,-1,-1
329,-1,317,172,9,11,0.69,2,-1,-1
329,-1,326,176,10,10,0.13,2,-1,-1
330,-1,342,225,42,73,0.91,7,-1,-1
330,-1,253,205,16,22,0.86,2,-1,-1
330,-1,310,192,12,12,0.86,2,-1,-1
330,-1,257,185,10,10,0.69,2,-1,-1
330,-1,317,171,9,10,0.50,2,-1,-1
330,-1,326,176,10,10,0.14,2,-1,-1
331,-1,340,222,41,70,0.91,7,-1,-1
331,-1,309,190,12,13,0.87,2,-1,-1
331,-1,252,206,16,22,0.86,2,-1,-1
331,-1,257,186,10,10,0.68,2,-1,-1
331,-1,317,171,9,10,0.50,2,-1,-1
331,-1,326,176,11,10,0.15,2,-1,-1
332,-1,339,218,38,68,0.92,7,-1,-1
332,-1,309,189,12,13,0.88,2,-1,-1
332,-1,250,209,18,22,0.87,2,-1,-1
332,-1,257,186,10,10,0.73,2,-1,-1
332,-1,316,170,8,10,0.21,2,-1,-1
332,-1,326,176,10,10,0.19,2,-1,-1
333,-1,338,215,37,65,0.90,7,-1,-1
333,-1,248,210,18,22,0.88,2,-1,-1
333,-1,309,188,12,12,0.87,2,-1,-1
333,-1,256,185,11,10,0.74,2,-1,-1
333,-1,316,170,8,10,0.22,2,-1,-1
333,-1,326,176,11,10,0.20,2,-1,-1
334,-1,336,210,36,63,0.91,7,-1,-1
334,-1,248,212,18,23,0.87,2,-1,-1
334,-1,308,186,11,12,0.85,2,-1,-1
334,-1,257,185,10,10,0.73,2,-1,-1
334,-1,315,168,8,10,0.36,2,-1,-1
334,-1,326,177,10,10,0.21,2,-1,-1
335,-1,336,208,35,61,0.91,7,-1,-1
335,-1,246,214,19,24,0.84,2,-1,-1
335,-1,308,185,11,12,0.84,2,-1,-1
335,-1,257,185,10,10,0.71,2,-1,-1
335,-1,315,167,8,10,0.28,2,-1,-1
336,-1,335,204,32,59,0.90,7,-1,-1
336,-1,244,216,20,24,0.86,2,-1,-1
336,-1,308,184,11,12,0.80,2,-1,-1
336,-1,257,185,10,10,0.72,2,-1,-1
336,-1,314,167,8,10,0.53,2,-1,-1
336,-1,326,177,10,9,0.14,2,-1,-1
336,-1,270,153,7,11,0.13,7,-1,-1
337,-1,334,202,32,56,0.90,7,-1,-1
337,-1,243,218,20,24,0.88,2,-1,-1
337,-1,308,183,11,12,0.81,2,-1,-1
337,-1,257,185,10,10,0.72,2,-1,-1
337,-1,314,166,8,10,0.59,2,-1,-1
337,-1,270,154,7,11,0.13,7,-1,-1
338,-1,332,200,30,54,0.89,7,-1,-1
338,-1,241,220,20,26,0.85,2,-1,-1
338,-1,308,182,10,11,0.82,2,-1,-1
338,-1,257,185,10,10,0.74,2,-1,-1
338,-1,313,166,8,10,0.55,2,-1,-1
338,-1,270,154,7,11,0.12,7,-1,-1
339,-1,331,199,30,52,0.89,7,-1,-1
339,-1,239,222,21,27,0.86,2,-1,-1
339,-1,308,181,11,10,0.82,2,-1,-1
339,-1,257,185,10,10,0.73,2,-1,-1
339,-1,313,165,8,10,0.61,2,-1,-1
339,-1,270,153,8,13,0.37,7,-1,-1
340,-1,330,196,29,50,0.90,7,-1,-1
340,-1,238,226,21,27,0.88,2,-1,-1
340,-1,308,180,10,10,0.84,2,-1,-1
340,-1,257,185,10,10,0.74,2,-1,-1
340,-1,312,164,8,10,0.71,2,-1,-1
340,-1,270,153,8,13,0.50,7,-1,-1
341,-1,329,194,28,49,0.89,7,-1,-1
341,-1,236,228,22,28,0.86,2,-1,-1
341,-1,308,179,10,10,0.82,2,-1,-1
341,-1,257,185,10,10,0.75,2,-1,-1
341,-1,312,163,8,10,0.65,2,-1,-1
341,-1,270,153,8,14,0.52,7,-1,-1
342,-1,328,191,27,48,0.87,7,-1,-1
342,-1,234,231,22,29,0.86,2,-1,-1
342,-1,308,178,10,10,0.75,2,-1,-1
342,-1,257,185,10,10,0.75,2,-1,-1
342,-1,270,153,9,14,0.54,7,-1,-1
342,-1,311,163,8,9,0.40,2,-1,-1
343,-1,328,190,26,47,0.88,7,-1,-1
343,-1,232,234,22,30,0.86,2,-1,-1
343,-1,257,185,10,10,0.76,2,-1,-1
343,-1,308,178,10,10,0.75,2,-1,-1
343,-1,311,163,8,9,0.43,2,-1,-1
343,-1,271,155,8,13,0.27,7,-1,-1
344,-1,230,237,22,30,0.88,2,-1,-1
344,-1,326,188,26,44,0.86,7,-1,-1
344,-1,257,185,10,10,0.75,2,-1,-1
344,-1,307,177,10,10,0.70,2,-1,-1
344,-1,271,155,9,13,0.36,7,-1,-1
344,-1,311,162,8,9,0.19,2,-1,-1
345,-1,228,240,23,32,0.88,2,-1,-1
345,-1,326,187,26,44,0.87,7,-1,-1
345,-1,257,185,10,10,0.75,2,-1,-1
345,-1,307,176,10,10,0.71,2,-1,-1
345,-1,271,155,9,13,0.37,7,-1,-1
345,-1,310,162,8,9,0.18,2,-1,-1
346,-1,225,244,24,32,0.88,2,-1,-1
346,-1,324,184,26,43,0.88,7,-1,-1
346,-1,257,185,10,10,0.75,2,-1,-1
346,-1,306,174,10,10,0.74,2,-1,-1
346,-1,271,155,9,14,0.52,2,-1,-1
347,-1,324,183,24,42,0.88,7,-1,-1
347,-1,223,247,24,34,0.87,2,-1,-1
347,-1,257,185,10,10,0.75,2,-1,-1
347,-1,306,174,9,10,0.71,2,-1,-1
347,-1,271,156,9,14,0.57,2,-1,-1
348,-1,220,252,25,36,0.89,2,-1,-1
348,-1,324,182,24,40,0.88,7,-1,-1
348,-1,257,185,10,10,0.75,2,-1,-1
348,-1,306,173,9,10,0.75,2,-1,-1
348,-1,271,156,9,14,0.47,2,-1,-1
349,-1,218,255,26,37,0.89,2,-1,-1
349,-1,322,182,24,39,0.88,7,-1,-1
349,-1,306,171,9,11,0.77,2,-1,-1
349,-1,258,186,10,10,0.74,2,-1,-1
349,-1,271,156,9,14,0.44,7,-1,-1
350,-1,214,260,27,38,0.89,2,-1,-1
350,-1,321,182,24,37,0.87,7,-1,-1
350,-1,306,170,9,10,0.76,2,-1,-1
350,-1,257,186,10,10,0.74,2,-1,-1
350,-1,271,156,9,14,0.45,7,-1,-1
351,-1,212,264,28,40,0.88,2,-1,-1
351,-1,321,180,23,37,0.86,7,-1,-1
351,-1,306,171,9,10,0.75,2,-1,-1
351,-1,257,186,10,10,0.74,2,-1,-1
351,-1,271,156,9,14,0.46,7,-1,-1
352,-1,207,270,30,42,0.89,2,-1,-1
352,-1,322,178,21,36,0.87,7,-1,-1
352,-1,258,186,10,10,0.74,2,-1,-1
352,-1,305,170,9,10,0.53,2,-1,-1
352,-1,272,157,9,15,0.43,2,-1,-1
353,-1,204,274,30,44,0.90,2,-1,-1
353,-1,321,177,21,36,0.87,7,-1,-1
353,-1,257,186,10,10,0.74,2,-1,-1
353,-1,305,170,9,9,0.52,2,-1,-1
353,-1,272,157,9,15,0.40,7,-1,-1
354,-1,199,281,33,46,0.89,2,-1,-1
354,-1,320,176,21,35,0.87,7,-1,-1
354,-1,257,186,10,10,0.74,2,-1,-1
354,-1,305,168,8,9,0.57,2,-1,-1
354,-1,272,158,10,16,0.54,7,-1,-1
355,-1,196,286,34,50,0.90,2,-1,-1
355,-1,320,176,20,34,0.87,7,-1,-1
355,-1,257,186,10,10,0.73,2,-1,-1
355,-1,304,168,8,9,0.60,2,-1,-1
355,-1,272,158,10,15,0.48,7,-1,-1
356,-1,189,294,36,53,0.89,2,-1,-1
356,-1,320,174,20,33,0.87,7,-1,-1
356,-1,258,186,10,10,0.74,2,-1,-1
356,-1,304,167,8,8,0.63,2,-1,-1
356,-1,272,158,10,15,0.49,2,-1,-1
357,-1,185,301,37,55,0.89,2,-1,-1
357,-1,320,174,19,32,0.87,7,-1,-1
357,-1,257,186,10,10,0.74,2,-1,-1
357,-1,304,167,8,8,0.63,2,-1,-1
357,-1,272,158,10,16,0.55,2,-1,-1
358,-1,177,310,40,61,0.91,2,-1,-1
358,-1,319,173,19,31,0.86,7,-1,-1
358,-1,257,186,10,10,0.73,2,-1,-1
358,-1,272,160,10,16,0.59,2,-1,-1
358,-1,304,166,7,9,0.41,2,-1,-1
359,-1,172,318,42,64,0.91,2,-1,-1
359,-1,319,173,18,30,0.86,7,-1,-1
359,-1,257,186,10,10,0.73,2,-1,-1
359,-1,272,160,10,16,0.61,2,-1,-1
359,-1,304,165,7,8,0.59,2,-1,-1
360,-1,163,330,44,69,0.92,2,-1,-1
360,-1,318,171,18,30,0.85,7,-1,-1
360,-1,257,186,10,10,0.71,2,-1,-1
360,-1,272,160,10,16,0.62,2,-1,-1
360,-1,302,164,8,9,0.37,2,-1,-1
361,-1,156,338,47,75,0.92,2,-1,-1
361,-1,318,170,18,30,0.85,7,-1,-1
361,-1,272,160,10,16,0.71,2,-1,-1
361,-1,258,186,10,10,0.67,2,-1,-1
361,-1,302,163,8,9,0.29,2,-1,-1
362,-1,145,354,51,82,0.92,2,-1,-1
362,-1,317,169,18,29,0.85,7,-1,-1
362,-1,272,161,11,17,0.69,2,-1,-1
362,-1,258,186,10,10,0.66,2,-1,-1
362,-1,301,162,8,10,0.23,2,-1,-1
363,-1,137,366,54,88,0.92,2,-1,-1
363,-1,318,168,18,29,0.85,7,-1,-1
363,-1,272,161,10,16,0.73,2,-1,-1
363,-1,258,186,10,10,0.66,2,-1,-1
363,-1,300,161,8,10,0.21,2,-1,-1
364,-1,123,386,59,100,0.92,2,-1,-1
364,-1,316,168,18,28,0.85,7,-1,-1
364,-1,272,162,10,16,0.72,2,-1,-1
364,-1,258,186,10,10,0.65,2,-1,-1
365,-1,112,399,63,109,0.92,2,-1,-1
365,-1,316,167,18,28,0.84,7,-1,-1
365,-1,272,162,11,16,0.75,2,-1,-1
365,-1,258,186,10,10,0.65,2,-1,-1
366,-1,316,166,18,28,0.84,7,-1,-1
366,-1,272,163,11,17,0.66,2,-1,-1
366,-1,258,186,10,10,0.65,2,-1,-1
367,-1,316,166,17,28,0.85,7,-1,-1
367,-1,258,186,10,10,0.66,2,-1,-1
367,-1,272,163,10,17,0.62,2,-1,-1
368,-1,315,165,17,26,0.83,7,-1,-1
368,-1,272,164,11,17,0.69,2,-1,-1
368,-1,258,186,10,10,0.67,2,-1,-1
369,-1,314,165,17,26,0.84,7,-1,-1
369,-1,257,186,10,10,0.64,2,-1,-1
369,-1,272,164,11,18,0.52,2,-1,-1
370,-1,314,164,17,25,0.85,7,-1,-1
370,-1,257,186,10,10,0.61,2,-1,-1
370,-1,272,164,11,18,0.52,7,-1,-1
371,-1,314,164,16,24,0.81,7,-1,-1
371,-1,257,186,10,10,0.62,2,-1,-1
371,-1,272,164,12,18,0.48,7,-1,-1
372,-1,314,164,16,23,0.73,7,-1,-1
372,-1,257,186,10,10,0.64,2,-1,-1
372,-1,272,165,11,19,0.62,7,-1,-1
373,-1,315,162,14,24,0.82,7,-1,-1
373,-1,257,185,10,10,0.68,2,-1,-1
373,-1,272,165,11,18,0.45,7,-1,-1
374,-1,315,162,14,23,0.84,7,-1,-1
374,-1,271,166,12,19,0.61,7,-1,-1
374,-1,257,186,10,10,0.59,2,-1,-1
374,-1,268,149,8,14,0.12,7,-1,-1
375,-1,315,162,14,23,0.84,7,-1,-1
375,-1,257,186,10,10,0.59,2,-1,-1
375,-1,271,167,12,19,0.57,7,-1,-1
375,-1,268,149,8,14,0.13,7,-1,-1
376,-1,314,161,14,23,0.80,7,-1,-1
376,-1,257,186,10,10,0.54,2,-1,-1
376,-1,271,168,12,19,0.50,7,-1,-1
376,-1,268,149,9,14,0.12,7,-1,-1
377,-1,313,160,14,22,0.79,7,-1,-1
377,-1,271,168,12,20,0.61,7,-1,-1
377,-1,257,186,10,10,0.48,2,-1,-1
377,-1,269,150,9,15,0.39,7,-1,-1
378,-1,312,160,14,22,0.77,7,-1,-1
378,-1,270,168,12,20,0.65,7,-1,-1
378,-1,257,186,10,10,0.49,2,-1,-1
378,-1,269,150,9,15,0.44,7,-1,-1
379,-1,313,160,13,22,0.78,7,-1,-1
379,-1,270,169,13,20,0.65,7,-1,-1
379,-1,257,186,10,10,0.47,2,-1,-1
379,-1,269,151,9,15,0.40,7,-1,-1
379,-1,280,166,8,8,0.13,2,-1,-1
380,-1,312,159,13,20,0.75,7,-1,-1
380,-1,270,169,13,21,0.71,7,-1,-1
380,-1,269,151,10,16,0.48,7,-1,-1
380,-1,257,186,10,10,0.36,2,-1,-1
380,-1,282,166,8,7,0.24,2,-1,-1
381,-1,312,158,13,21,0.77,7,-1,-1
381,-1,270,170,13,20,0.56,7,-1,-1
381,-1,282,166,8,8,0.46,2,-1,-1
381,-1,270,152,9,15,0.41,7,-1,-1
381,-1,257,186,10,10,0.40,2,-1,-1
382,-1,312,158,12,20,0.74,7,-1,-1
382,-1,269,170,14,22,0.53,7,-1,-1
382,-1,270,153,10,14,0.38,7,-1,-1
382,-1,282,168,8,8,0.33,2,-1,-1
382,-1,257,186,10,9,0.23,2,-1,-1
383,-1,311,158,13,20,0.77,7,-1,-1
383,-1,268,170,14,22,0.69,7,-1,-1
383,-1,282,167,8,8,0.54,2,-1,-1
383,-1,270,153,10,15,0.43,7,-1,-1
383,-1,258,187,9,9,0.19,2,-1,-1
384,-1,268,171,14,23,0.79,7,-1,-1
384,-1,312,158,12,20,0.77,7,-1,-1
384,-1,282,168,8,8,0.61,2,-1,-1
384,-1,271,153,10,15,0.54,7,-1,-1
384,-1,326,177,10,10,0.11,2,-1,-1
385,-1,268,171,14,23,0.84,7,-1,-1
385,-1,312,157,12,20,0.75,7,-1,-1
385,-1,283,168,8,8,0.60,2,-1,-1
385,-1,271,154,9,14,0.58,7,-1,-1
386,-1,268,173,14,22,0.80,7,-1,-1
386,-1,310,157,12,19,0.69,7,-1,-1
386,-1,282,168,9,9,0.63,2,-1,-1
386,-1,272,153,9,15,0.59,7,-1,-1
386,-1,326,177,10,10,0.10,2,-1,-1
387,-1,268,174,14,23,0.81,7,-1,-1
387,-1,310,156,12,19,0.80,7,-1,-1
387,-1,272,154,9,15,0.64,7,-1,-1
387,-1,283,169,8,9,0.62,2,-1,-1
388,-1,266,174,15,24,0.82,7,-1,-1
388,-1,310,156,12,20,0.79,7,-1,-1
388,-1,272,154,10,16,0.71,7,-1,-1
388,-1,283,170,9,8,0.48,2,-1,-1
389,-1,265,174,16,24,0.82,7,-1,-1
389,-1,310,155,12,19,0.77,7,-1,-1
389,-1,272,154,9,16,0.62,7,-1,-1
389,-1,283,171,9,9,0.48,2,-1,-1
390,-1,264,175,16,24,0.83,7,-1,-1
390,-1,310,155,12,18,0.78,7,-1,-1
390,-1,271,154,10,16,0.70,7,-1,-1
390,-1,283,172,9,9,0.51,2,-1,-1
390,-1,326,177,10,10,0.10,2,-1,-1
391,-1,264,176,16,24,0.83,7,-1,-1
391,-1,309,154,12,19,0.73,7,-1,-1
391,-1,271,154,10,16,0.63,7,-1,-1
391,-1,283,172,10,10,0.54,2,-1,-1
391,-1,326,178,10,10,0.14,2,-1,-1
392,-1,264,177,16,25,0.84,7,-1,-1
392,-1,309,154,12,19,0.78,7,-1,-1
392,-1,283,172,10,10,0.69,2,-1,-1
392,-1,272,154,10,17,0.41,7,-1,-1
392,-1,326,177,9,10,0.20,2,-1,-1
393,-1,262,178,17,26,0.84,7,-1,-1
393,-1,308,153,12,19,0.81,7,-1,-1
393,-1,282,173,10,10,0.75,2,-1,-1
393,-1,272,154,10,17,0.32,2,-1,-1
393,-1,326,177,9,10,0.26,2,-1,-1
394,-1,262,178,17,26,0.83,7,-1,-1
394,-1,308,153,12,18,0.81,7,-1,-1
394,-1,283,175,9,9,0.73,2,-1,-1
394,-1,272,156,10,16,0.44,2,-1,-1
394,-1,326,177,10,10,0.30,2,-1,-1
395,-1,260,179,18,26,0.84,7,-1,-1
395,-1,308,153,12,18,0.80,7,-1,-1
395,-1,283,176,9,9,0.70,2,-1,-1
395,-1,272,156,10,16,0.53,2,-1,-1
395,-1,326,177,10,10,0.31,2,-1,-1
396,-1,395,364,113,170,0.92,7,-1,-1
396,-1,259,180,18,27,0.85,7,-1,-1
396,-1,282,176,10,9,0.77,2,-1,-1
396,-1,307,153,11,18,0.66,7,-1,-1
396,-1,272,156,10,16,0.54,2,-1,-1
396,-1,326,177,10,10,0.34,2,-1,-1
397,-1,389,346,101,172,0.93,7,-1,-1
397,-1,258,182,18,26,0.83,7,-1,-1
397,-1,306,151,12,19,0.73,7,-1,-1
397,-1,283,178,10,9,0.70,2,-1,-1
397,-1,272,157,10,16,0.49,2,-1,-1
397,-1,326,177,10,11,0.31,2,-1,-1
398,-1,382,328,88,151,0.92,7,-1,-1
398,-1,258,182,19,28,0.86,7,-1,-1
398,-1,305,150,12,18,0.76,7,-1,-1
398,-1,282,178,10,9,0.75,2,-1,-1
398,-1,273,158,10,16,0.41,2,-1,-1
398,-1,326,177,10,11,0.29,2,-1,-1
399,-1,375,316,82,138,0.93,7,-1,-1
399,-1,257,182,19,29,0.87,7,-1,-1
399,-1,283,178,10,9,0.77,2,-1,-1
399,-1,305,150,12,18,0.75,7,-1,-1
399,-1,273,158,10,16,0.50,7,-1,-1
399,-1,326,177,10,11,0.30,2,-1,-1
400,-1,368,303,74,124,0.92,7,-1,-1
400,-1,256,183,20,30,0.87,7,-1,-1
400,-1,282,179,10,10,0.78,2,-1,-1
400,-1,305,150,11,17,0.65,7,-1,-1
400,-1,272,158,11,18,0.42,7,-1,-1
400,-1,326,177,10,11,0.30,2,-1,-1
401,-1,366,294,68,116,0.92,7,-1,-1
401,-1,256,184,20,29,0.86,7,-1,-1
401,-1,282,179,10,10,0.78,2,-1,-1
401,-1,305,150,11,17,0.69,7,-1,-1
401,-1,272,158,12,18,0.41,7,-1,-1
401,-1,326,177,10,11,0.29,2,-1,-1
402,-1,362,284,60,105,0.92,7,-1,-1
402,-1,254,186,20,30,0.86,7,-1,-1
402,-1,282,180,10,10,0.78,2,-1,-1
402,-1,304,148,12,18,0.69,7,-1,-1
402,-1,272,158,12,18,0.43,7,-1,-1
402,-1,326,176,10,11,0.27,2,-1,-1
403,-1,360,276,57,100,0.93,7,-1,-1
403,-1,253,186,20,31,0.87,7,-1,-1
403,-1,282,181,10,10,0.77,2,-1,-1
403,-1,303,148,12,18,0.72,7,-1,-1
403,-1,272,158,12,18,0.55,7,-1,-1
403,-1,326,176,10,11,0.26,2,-1,-1
404,-1,355,268,53,90,0.91,7,-1,-1
404,-1,251,187,22,33,0.88,7,-1,-1
404,-1,281,182,11,11,0.82,2,-1,-1
404,-1,302,148,12,18,0.72,7,-1,-1
404,-1,272,160,12,18,0.50,7,-1,-1
404,-1,326,177,10,11,0.25,2,-1,-1
405,-1,352,262,50,84,0.90,7,-1,-1
405,-1,250,187,22,34,0.88,7,-1,-1
405,-1,281,183,11,11,0.80,2,-1,-1
405,-1,303,148,11,18,0.66,7,-1,-1
405,-1,272,159,12,18,0.50,7,-1,-1
405,-1,326,177,10,10,0.24,2,-1,-1
406,-1,350,254,46,81,0.90,7,-1,-1
406,-1,248,189,24,34,0.87,7,-1,-1
406,-1,281,184,11,12,0.82,2,-1,-1
406,-1,273,160,11,18,0.58,7,-1,-1
406,-1,326,177,10,10,0.18,2,-1,-1
406,-1,302,151,9,14,0.12,7,-1,-1
407,-1,348,247,44,80,0.91,7,-1,-1
407,-1,249,190,23,35,0.87,7,-1,-1
407,-1,281,185,11,12,0.85,2,-1,-1
407,-1,273,160,12,19,0.70,7,-1,-1
407,-1,301,149,9,15,0.30,7,-1,-1
407,-1,326,177,10,10,0.18,2,-1,-1
408,-1,346,242,40,73,0.90,7,-1,-1
408,-1,247,190,23,38,0.87,7,-1,-1
408,-1,280,186,12,12,0.86,2,-1,-1
408,-1,272,161,12,18,0.55,7,-1,-1
408,-1,301,149,9,14,0.30,7,-1,-1
408,-1,326,177,10,10,0.20,2,-1,-1
409,-1,345,239,39,69,0.91,7,-1,-1
409,-1,247,190,22,39,0.87,7,-1,-1
409,-1,280,188,11,11,0.83,2,-1,-1
409,-1,273,161,12,19,0.58,2,-1,-1
410,-1,342,234,37,64,0.91,7,-1,-1
410,-1,246,192,23,40,0.88,7,-1,-1
410,-1,280,188,11,12,0.85,2,-1,-1
410,-1,272,162,12,18,0.46,2,-1,-1
410,-1,326,177,10,10,0.11,2,-1,-1
411,-1,342,231,36,62,0.90,7,-1,-1
411,-1,244,193,24,40,0.88,7,-1,-1
411,-1,280,190,11,12,0.83,2,-1,-1
411,-1,273,162,12,19,0.44,2,-1,-1
411,-1,326,177,10,10,0.12,2,-1,-1
412,-1,339,226,34,59,0.91,7,-1,-1
412,-1,242,194,26,42,0.87,7,-1,-1
412,-1,278,191,12,13,0.82,2,-1,-1
412,-1,272,163,13,19,0.46,2,-1,-1
412,-1,326,177,10,10,0.12,2,-1,-1
413,-1,338,223,34,58,0.90,7,-1,-1
413,-1,240,197,26,42,0.87,7,-1,-1
413,-1,278,192,12,13,0.85,2,-1,-1
413,-1,272,163,12,19,0.50,2,-1,-1
413,-1,326,177,10,10,0.14,2,-1,-1
413,-1,257,187,10,9,0.12,2,-1,-1
414,-1,336,219,32,55,0.91,7,-1,-1
414,-1,278,193,12,14,0.86,2,-1,-1
414,-1,239,199,26,43,0.86,7,-1,-1
414,-1,272,164,12,19,0.62,2,-1,-1
414,-1,326,177,10,10,0.16,2,-1,-1
415,-1,335,216,32,54,0.88,7,-1,-1
415,-1,238,200,26,44,0.85,7,-1,-1
415,-1,278,194,12,13,0.85,2,-1,-1
415,-1,272,164,13,20,0.65,2,-1,-1
415,-1,326,176,10,10,0.18,2,-1,-1
416,-1,334,212,30,52,0.90,7,-1,-1
416,-1,236,203,28,45,0.86,7,-1,-1
416,-1,277,197,12,13,0.84,2,-1,-1
416,-1,272,165,13,20,0.71,2,-1,-1
416,-1,326,176,10,10,0.13,2,-1,-1
417,-1,334,210,29,50,0.89,7,-1,-1
417,-1,234,206,28,45,0.87,7,-1,-1
417,-1,276,198,13,14,0.85,2,-1,-1
417,-1,272,165,12,20,0.71,2,-1,-1
417,-1,326,176,10,10,0.13,2,-1,-1
418,-1,332,207,28,48,0.88,7,-1,-1
418,-1,232,206,29,48,0.86,7,-1,-1
418,-1,276,200,13,14,0.84,2,-1,-1
418,-1,272,165,12,20,0.74,2,-1,-1
418,-1,325,176,10,10,0.12,2,-1,-1
419,-1,230,208,30,49,0.88,7,-1,-1
419,-1,332,206,27,46,0.88,7,-1,-1
419,-1,276,200,14,15,0.86,2,-1,-1
419,-1,273,166,12,21,0.67,2,-1,-1
420,-1,227,211,31,51,0.88,7,-1,-1
420,-1,331,202,26,45,0.88,7,-1,-1
420,-1,274,202,15,15,0.85,2,-1,-1
420,-1,272,166,13,21,0.73,2,-1,-1
420,-1,294,144,9,14,0.29,7,-1,-1
421,-1,225,213,32,52,0.89,7,-1,-1
421,-1,330,202,26,43,0.89,7,-1,-1
421,-1,274,204,15,15,0.85,2,-1,-1
421,-1,272,166,13,21,0.61,2,-1,-1
421,-1,294,144,9,14,0.24,7,-1,-1
422,-1,222,216,34,54,0.88,7,-1,-1
422,-1,329,199,25,41,0.87,7,-1,-1
422,-1,273,206,15,15,0.84,2,-1,-1
422,-1,272,167,13,22,0.56,2,-1,-1
422,-1,292,144,9,14,0.20,7,-1,-1
423,-1,222,218,34,55,0.89,7,-1,-1
423,-1,328,198,25,40,0.88,7,-1,-1
423,-1,272,208,16,15,0.85,2,-1,-1
423,-1,272,168,13,22,0.56,2,-1,-1
423,-1,292,144,9,14,0.11,7,-1,-1
424,-1,218,222,36,58,0.88,7,-1,-1
424,-1,328,195,24,39,0.87,7,-1,-1
424,-1,272,211,15,16,0.85,2,-1,-1
424,-1,272,168,13,22,0.65,2,-1,-1
424,-1,257,185,10,10,0.16,2,-1,-1
424,-1,292,144,8,13,0.13,7,-1,-1
425,-1,215,224,38,60,0.90,7,-1,-1
425,-1,326,192,24,40,0.86,7,-1,-1
425,-1,272,213,15,16,0.84,2,-1,-1
425,-1,272,168,14,22,0.64,2,-1,-1
426,-1,211,229,39,60,0.90,7,-1,-1
426,-1,326,189,24,40,0.88,7,-1,-1
426,-1,271,215,15,18,0.87,2,-1,-1
426,-1,271,169,14,22,0.62,2,-1,-1
427,-1,209,229,40,65,0.89,7,-1,-1
427,-1,325,189,23,38,0.88,7,-1,-1
427,-1,270,218,16,18,0.87,2,-1,-1
427,-1,271,169,14,23,0.58,2,-1,-1
428,-1,205,235,42,66,0.90,7,-1,-1
428,-1,324,187,23,37,0.88,7,-1,-1
428,-1,268,220,17,18,0.86,2,-1,-1
428,-1,270,170,14,23,0.71,2,-1,-1
429,-1,202,238,44,69,0.90,7,-1,-1
429,-1,268,222,17,19,0.88,2,-1,-1
429,-1,323,185,23,37,0.88,7,-1,-1
429,-1,270,171,15,23,0.69,2,-1,-1
429,-1,280,160,9,13,0.16,2,-1,-1
430,-1,197,244,46,70,0.88,7,-1,-1
430,-1,324,184,22,36,0.88,7,-1,-1
430,-1,267,227,17,18,0.87,2,-1,-1
430,-1,270,172,14,22,0.73,2,-1,-1
430,-1,281,164,8,14,0.34,2,-1,-1
431,-1,194,250,47,71,0.89,7,-1,-1
431,-1,266,229,18,19,0.87,2,-1,-1
431,-1,323,183,22,35,0.87,7,-1,-1
431,-1,270,174,15,22,0.67,2,-1,-1
431,-1,281,164,9,15,0.41,2,-1,-1
432,-1,189,254,51,77,0.90,7,-1,-1
432,-1,323,182,20,33,0.87,7,-1,-1
432,-1,264,232,19,20,0.85,2,-1,-1
432,-1,269,174,16,23,0.62,2,-1,-1
432,-1,280,164,9,16,0.50,2,-1,-1
432,-1,279,170,9,12,0.13,2,-1,-1
433,-1,184,256,55,83,0.91,7,-1,-1
433,-1,322,181,21,32,0.87,7,-1,-1
433,-1,263,235,19,21,0.87,2,-1,-1
433,-1,268,174,16,24,0.63,7,-1,-1
433,-1,281,165,10,17,0.62,2,-1,-1
434,-1,178,262,58,89,0.91,7,-1,-1
434,-1,322,181,20,30,0.87,7,-1,-1
434,-1,261,240,20,22,0.85,2,-1,-1
434,-1,281,166,10,17,0.67,2,-1,-1
434,-1,266,176,17,23,0.65,2,-1,-1
435,-1,173,268,60,92,0.91,7,-1,-1
435,-1,321,180,20,30,0.88,7,-1,-1
435,-1,260,244,20,22,0.87,2,-1,-1
435,-1,281,165,10,18,0.66,2,-1,-1
435,-1,266,176,17,24,0.66,2,-1,-1
436,-1,165,276,66,99,0.93,7,-1,-1
436,-1,321,178,19,30,0.88,7,-1,-1
436,-1,258,248,21,23,0.86,2,-1,-1
436,-1,264,176,18,25,0.71,2,-1,-1
436,-1,281,165,10,19,0.68,2,-1,-1
437,-1,159,282,68,105,0.91,7,-1,-1
437,-1,321,178,19,28,0.88,7,-1,-1
437,-1,257,252,22,25,0.85,2,-1,-1
437,-1,281,166,10,20,0.74,2,-1,-1
437,-1,264,177,18,25,0.73,2,-1,-1
438,-1,150,292,76,115,0.93,7,-1,-1
438,-1,321,177,18,28,0.88,7,-1,-1
438,-1,255,259,22,25,0.87,2,-1,-1
438,-1,264,178,18,24,0.74,2,-1,-1
438,-1,280,166,11,20,0.67,2,-1,-1
439,-1,142,299,79,122,0.92,7,-1,-1
439,-1,254,263,23,26,0.88,2,-1,-1
439,-1,320,176,18,27,0.87,7,-1,-1
439,-1,280,166,12,21,0.57,2,-1,-1
439,-1,264,178,18,26,0.53,7,-1,-1
440,-1,128,304,88,142,0.93,7,-1,-1
440,-1,251,270,24,28,0.88,2,-1,-1
440,-1,319,175,19,27,0.87,7,-1,-1
440,-1,262,180,18,25,0.66,2,-1,-1
440,-1,280,167,12,21,0.58,2,-1,-1
441,-1,118,313,94,153,0.93,7,-1,-1
441,-1,249,274,24,30,0.87,2,-1,-1
441,-1,320,175,18,26,0.87,7,-1,-1
441,-1,261,180,19,26,0.67,2,-1,-1
441,-1,280,168,12,20,0.66,2,-1,-1
442,-1,101,325,105,175,0.93,7,-1,-1
442,-1,246,282,26,32,0.88,2,-1,-1
442,-1,320,173,18,26,0.85,7,-1,-1
442,-1,260,181,19,27,0.64,2,-1,-1
442,-1,280,168,12,21,0.61,2,-1,-1
443,-1,88,334,115,194,0.92,7,-1,-1
443,-1,244,288,28,33,0.88,2,-1,-1
443,-1,320,173,17,25,0.85,7,-1,-1
443,-1,260,182,18,28,0.76,2,-1,-1
443,-1,280,170,13,21,0.66,2,-1,-1
444,-1,241,296,29,38,0.89,2,-1,-1
444,-1,319,172,17,25,0.86,7,-1,-1
444,-1,258,183,20,28,0.75,2,-1,-1
444,-1,280,170,13,22,0.64,2,-1,-1
445,-1,238,304,30,40,0.89,2,-1,-1
445,-1,319,171,16,25,0.87,7,-1,-1
445,-1,258,183,20,28,0.62,2,-1,-1
445,-1,280,170,14,23,0.59,2,-1,-1
446,-1,234,317,32,42,0.88,2,-1,-1
446,-1,318,171,16,24,0.84,7,-1,-1
446,-1,280,170,13,23,0.62,2,-1,-1
446,-1,256,184,21,30,0.54,7,-1,-1
447,-1,231,326,33,45,0.88,2,-1,-1
447,-1,318,169,17,24,0.85,7,-1,-1
447,-1,280,171,14,23,0.72,2,-1,-1
447,-1,256,184,22,30,0.54,7,-1,-1
448,-1,226,342,36,50,0.90,2,-1,-1
448,-1,318,169,16,23,0.86,7,-1,-1
448,-1,255,185,21,32,0.83,7,-1,-1
448,-1,280,172,14,23,0.74,2,-1,-1
449,-1,223,354,37,53,0.90,2,-1,-1
449,-1,318,168,16,24,0.85,7,-1,-1
449,-1,254,186,22,32,0.83,7,-1,-1
449,-1,279,171,14,24,0.59,2,-1,-1
450,-1,217,373,39,60,0.90,2,-1,-1
450,-1,317,166,16,24,0.86,7,-1,-1
450,-1,253,188,22,32,0.79,7,-1,-1
450,-1,278,171,14,26,0.63,7,-1,-1
451,-1,212,388,43,65,0.91,2,-1,-1
451,-1,317,166,15,24,0.86,7,-1,-1
451,-1,252,188,22,34,0.84,7,-1,-1
451,-1,278,172,15,28,0.67,7,-1,-1
452,-1,202,415,49,76,0.90,2,-1,-1
452,-1,316,166,15,23,0.85,7,-1,-1
452,-1,251,190,23,34,0.83,7,-1,-1
452,-1,278,174,16,26,0.48,7,-1,-1
453,-1,194,435,54,85,0.92,2,-1,-1
453,-1,249,190,24,35,0.86,7,-1,-1
453,-1,316,165,15,22,0.80,7,-1,-1
453,-1,278,174,16,28,0.60,7,-1,-1
454,-1,248,191,24,36,0.87,7,-1,-1
454,-1,316,164,15,22,0.84,7,-1,-1
454,-1,277,175,16,28,0.75,7,-1,-1
455,-1,247,192,24,37,0.87,7,-1,-1
455,-1,316,164,14,22,0.82,7,-1,-1
455,-1,277,176,16,28,0.54,7,-1,-1
456,-1,245,194,24,38,0.88,7,-1,-1
456,-1,316,164,14,22,0.83,7,-1,-1
456,-1,276,177,17,28,0.70,7,-1,-1
457,-1,244,193,25,39,0.89,7,-1,-1
457,-1,276,177,17,30,0.85,7,-1,-1
457,-1,315,163,14,21,0.84,7,-1,-1
458,-1,242,194,26,41,0.88,7,-1,-1
458,-1,276,178,17,31,0.88,7,-1,-1
458,-1,315,162,14,21,0.85,7,-1,-1
459,-1,275,178,18,32,0.88,7,-1,-1
459,-1,242,194,26,43,0.87,7,-1,-1
459,-1,316,162,13,21,0.85,7,-1,-1
460,-1,274,178,19,34,0.89,7,-1,-1
460,-1,240,197,28,43,0.86,7,-1,-1
460,-1,315,162,12,20,0.84,7,-1,-1
461,-1,274,180,18,34,0.88,7,-1,-1
461,-1,239,198,27,44,0.86,7,-1,-1
461,-1,314,160,12,20,0.81,7,-1,-1
462,-1,274,180,19,35,0.87,7,-1,-1
462,-1,237,201,26,44,0.86,7,-1,-1
462,-1,314,160,12,20,0.82,7,-1,-1
462,-1,258,186,10,10,0.21,2,-1,-1
463,-1,273,182,19,35,0.87,7,-1,-1
463,-1,235,202,28,45,0.87,7,-1,-1
463,-1,314,160,12,19,0.83,7,-1,-1
463,-1,257,186,10,10,0.23,2,-1,-1
463,-1,326,176,9,9,0.11,2,-1,-1
464,-1,232,203,29,48,0.88,7,-1,-1
464,-1,272,183,20,36,0.87,7,-1,-1
464,-1,314,159,11,18,0.82,7,-1,-1
464,-1,326,177,9,10,0.17,2,-1,-1
464,-1,258,186,10,9,0.16,2,-1,-1
465,-1,232,205,28,48,0.88,7,-1,-1
465,-1,272,183,20,38,0.87,7,-1,-1
465,-1,313,159,11,18,0.83,7,-1,-1
465,-1,257,186,10,9,0.26,2,-1,-1
465,-1,326,178,10,9,0.14,2,-1,-1
466,-1,270,184,21,39,0.87,7,-1,-1
466,-1,229,206,30,50,0.87,7,-1,-1
466,-1,312,158,12,19,0.84,7,-1,-1
466,-1,257,186,10,9,0.28,2,-1,-1
466,-1,326,178,9,9,0.16,2,-1,-1
467,-1,229,206,30,53,0.88,7,-1,-1
467,-1,270,185,22,40,0.87,7,-1,-1
467,-1,312,158,12,18,0.84,7,-1,-1
467,-1,257,186,10,10,0.31,2,-1,-1
467,-1,326,178,10,9,0.15,2,-1,-1
468,-1,226,206,32,57,0.87,7,-1,-1
468,-1,268,186,22,42,0.86,7,-1,-1
468,-1,312,158,12,18,0.81,7,-1,-1
468,-1,258,186,10,10,0.28,2,-1,-1
468,-1,326,178,10,9,0.15,2,-1,-1
469,-1,224,209,34,57,0.88,7,-1,-1
469,-1,268,187,23,43,0.87,7,-1,-1
469,-1,311,159,12,16,0.78,7,-1,-1
469,-1,258,186,10,9,0.11,2,-1,-1
470,-1,266,189,24,43,0.88,7,-1,-1
470,-1,221,212,34,59,0.87,7,-1,-1
470,-1,310,158,11,16,0.76,7,-1,-1
470,-1,258,186,10,9,0.28,2,-1,-1
471,-1,266,190,24,44,0.89,7,-1,-1
471,-1,220,214,34,60,0.87,7,-1,-1
471,-1,310,158,11,16,0.69,7,-1,-1
471,-1,258,186,10,9,0.37,2,-1,-1
472,-1,264,191,25,46,0.87,7,-1,-1
472,-1,217,220,35,58,0.85,7,-1,-1
472,-1,310,156,11,17,0.83,7,-1,-1
472,-1,258,186,10,9,0.32,2,-1,-1
473,-1,215,223,36,58,0.89,7,-1,-1
473,-1,263,192,26,48,0.86,7,-1,-1
473,-1,310,156,10,16,0.81,7,-1,-1
473,-1,258,186,10,10,0.30,2,-1,-1
473,-1,326,177,9,10,0.13,2,-1,-1
474,-1,262,194,27,48,0.87,7,-1,-1
474,-1,211,226,38,62,0.87,7,-1,-1
474,-1,309,156,11,16,0.79,7,-1,-1
474,-1,258,186,10,10,0.32,2,-1,-1
474,-1,326,177,10,10,0.16,2,-1,-1
475,-1,210,228,37,64,0.88,7,-1,-1
475,-1,261,196,26,50,0.87,7,-1,-1
475,-1,308,156,11,15,0.77,7,-1,-1
475,-1,257,186,11,10,0.40,2,-1,-1
475,-1,326,177,10,10,0.18,2,-1,-1
476,-1,260,198,28,52,0.88,7,-1,-1
476,-1,205,229,41,68,0.87,7,-1,-1
476,-1,308,155,10,16,0.71,7,-1,-1
476,-1,257,186,11,10,0.46,2,-1,-1
476,-1,326,177,10,10,0.22,2,-1,-1
477,-1,259,200,28,52,0.89,7,-1,-1
477,-1,203,231,42,72,0.88,7,-1,-1
477,-1,308,155,10,16,0.66,7,-1,-1
477,-1,257,186,11,10,0.47,2,-1,-1
477,-1,326,177,10,10,0.30,2,-1,-1
478,-1,258,202,29,54,0.89,7,-1,-1
478,-1,200,236,42,74,0.88,7,-1,-1
478,-1,307,153,10,16,0.74,7,-1,-1
478,-1,257,186,11,10,0.42,2,-1,-1
478,-1,326,177,10,11,0.31,2,-1,-1
479,-1,256,204,30,56,0.88,7,-1,-1
479,-1,196,239,44,76,0.87,7,-1,-1
479,-1,306,153,10,16,0.76,7,-1,-1
479,-1,257,186,11,10,0.40,2,-1,-1
479,-1,326,176,10,11,0.30,2,-1,-1
480,-1,191,240,49,84,0.89,7,-1,-1
480,-1,254,206,32,60,0.88,7,-1,-1
480,-1,306,153,11,16,0.76,7,-1,-1
480,-1,257,186,11,10,0.69,2,-1,-1
480,-1,326,176,10,11,0.28,2,-1,-1
481,-1,188,251,49,78,0.89,7,-1,-1
481,-1,253,208,32,61,0.89,7,-1,-1
481,-1,306,153,11,15,0.76,7,-1,-1
481,-1,256,186,11,10,0.76,2,-1,-1
481,-1,326,176,10,11,0.37,2,-1,-1
482,-1,182,260,52,80,0.91,7,-1,-1
482,-1,250,210,34,64,0.89,7,-1,-1
482,-1,256,185,11,10,0.78,2,-1,-1
482,-1,305,152,10,16,0.50,7,-1,-1
482,-1,326,176,10,11,0.36,2,-1,-1
483,-1,249,213,34,66,0.89,7,-1,-1
483,-1,178,258,54,90,0.87,7,-1,-1
483,-1,257,185,12,11,0.81,2,-1,-1
483,-1,305,152,10,15,0.42,7,-1,-1
483,-1,326,176,10,11,0.36,2,-1,-1
484,-1,247,216,35,71,0.91,7,-1,-1
484,-1,172,268,56,92,0.88,7,-1,-1
484,-1,256,185,12,11,0.80,2,-1,-1
484,-1,304,150,11,16,0.76,7,-1,-1
484,-1,326,176,10,11,0.36,2,-1,-1
485,-1,246,218,36,72,0.91,7,-1,-1
485,-1,168,274,60,96,0.89,7,-1,-1
485,-1,256,185,12,11,0.80,2,-1,-1
485,-1,304,150,11,16,0.73,7,-1,-1
485,-1,326,176,10,11,0.34,2,-1,-1
486,-1,243,222,37,77,0.90,7,-1,-1
486,-1,159,266,66,117,0.85,7,-1,-1
486,-1,258,185,12,11,0.81,2,-1,-1
486,-1,304,150,10,16,0.68,7,-1,-1
486,-1,326,177,10,10,0.27,2,-1,-1
487,-1,241,225,39,78,0.89,7,-1,-1
487,-1,153,264,70,130,0.89,7,-1,-1
487,-1,258,185,12,11,0.81,2,-1,-1
487,-1,303,150,10,16,0.50,7,-1,-1
487,-1,326,177,10,10,0.25,2,-1,-1
488,-1,237,229,42,84,0.90,7,-1,-1
488,-1,144,273,75,140,0.88,7,-1,-1
488,-1,258,185,12,11,0.81,2,-1,-1
488,-1,302,149,10,16,0.30,7,-1,-1
488,-1,326,177,10,11,0.26,2,-1,-1
489,-1,135,277,80,149,0.93,7,-1,-1
489,-1,234,231,44,88,0.89,7,-1,-1
489,-1,258,185,12,11,0.81,2,-1,-1
489,-1,302,148,10,16,0.25,7,-1,-1
489,-1,326,177,10,10,0.13,2,-1,-1
490,-1,122,286,90,163,0.91,7,-1,-1
490,-1,230,236,47,94,0.89,7,-1,-1
490,-1,258,184,12,12,0.81,2,-1,-1
490,-1,301,148,10,16,0.24,7,-1,-1
490,-1,326,177,10,10,0.14,2,-1,-1
491,-1,113,292,94,176,0.91,7,-1,-1
491,-1,228,239,48,100,0.90,7,-1,-1
491,-1,258,185,12,12,0.80,2,-1,-1
491,-1,326,177,11,10,0.14,2,-1,-1
492,-1,96,303,106,196,0.91,7,-1,-1
492,-1,226,244,49,108,0.88,7,-1,-1
492,-1,258,184,12,12,0.81,2,-1,-1
492,-1,326,177,11,10,0.15,2,-1,-1
493,-1,85,310,112,210,0.91,7,-1,-1
493,-1,224,248,50,114,0.88,7,-1,-1
493,-1,258,184,12,12,0.81,2,-1,-1
494,-1,219,255,54,124,0.89,7,-1,-1
494,-1,258,184,12,12,0.81,2,-1,-1
495,-1,215,260,58,132,0.91,7,-1,-1
495,-1,258,184,12,12,0.81,2,-1,-1
496,-1,211,268,60,142,0.91,7,-1,-1
496,-1,259,185,13,12,0.80,2,-1,-1
497,-1,204,274,66,153,0.90,7,-1,-1
497,-1,259,185,13,12,0.80,2,-1,-1
498,-1,199,283,69,171,0.91,7,-1,-1
498,-1,260,186,13,12,0.80,2,-1,-1
499,-1,195,290,72,188,0.91,7,-1,-1
499,-1,260,186,13,12,0.80,2,-1,-1
500,-1,181,302,86,218,0.89,7,-1,-1
500,-1,260,186,13,12,0.81,2,-1,-1
501,-1,170,309,94,226,0.85,7,-1,-1
501,-1,260,186,13,12,0.81,2,-1,-1
502,-1,259,186,14,13,0.82,2,-1,-1
503,-1,260,186,13,13,0.81,2,-1,-1
504,-1,260,186,13,13,0.84,2,-1,-1
505,-1,260,187,12,12,0.83,2,-1,-1
506,-1,260,188,12,13,0.82,2,-1,-1
507,-1,260,188,12,13,0.82,2,-1,-1
508,-1,261,188,12,14,0.84,2,-1,-1
