300,0,306,162,9,10,0.44,2  
301,0,306,162,9,10,0.44,2  
302,0,306,162,9,10,0.44,2  
303,0,306,162,9,10,0.44,2  
304,0,306,162,9,10,0.44,2  
305,0,306,162,9,10,0.44,2  
306,0,306,162,9,10,0.44,2  
307,0,306,162,9,10,0.44,2  
308,0,306,162,9,10,0.44,2  
309,0,306,162,9,10,0.44,2  
310,0,306,162,9,10,0.44,2  
311,0,306,162,9,10,0.44,2
312,0,306,163,8,10,0.41,2
313,0,306,163,9,10,0.34,2
314,0,306,162,8,12,0.43,2
315,0,306,162,8,12,0.43,2
316,0,306,162,8,12,0.43,2
317,0,306,162,8,12,0.43,2
318,0,306,162,8,12,0.43,2
319,0,306,162,8,12,0.42,2
320,0,306,162,8,12,0.42,2
321,0,306,162,8,12,0.42,2
322,0,306,162,9,12,0.44,2
323,0,306,162,9,12,0.39,2
324,0,306,162,9,12,0.39,2
325,0,306,162,9,12,0.43,2
326,0,306,162,9,12,0.46,2
327,0,306,162,9,12,0.45,2
328,0,306,162,9,12,0.45,2
329,0,306,162,9,12,0.49,2
330,0,306,162,9,12,0.47,2
331,0,306,162,9,12,0.46,2
332,0,306,162,9,12,0.45,2
333,0,306,162,9,12,0.47,2
334,0,306,163,9,11,0.43,2
335,0,306,162,9,12,0.43,2
336,0,306,162,9,12,0.43,2
337,0,306,163,8,11,0.43,2
338,0,306,161,9,13,0.44,2
339,0,306,161,9,13,0.44,2
340,0,306,161,9,13,0.44,2
341,0,306,161,9,13,0.44,2
342,0,306,161,9,13,0.44,2
343,0,306,162,9,12,0.44,2
344,0,306,162,9,12,0.46,2
345,0,306,162,9,12,0.46,2
346,0,306,163,9,11,0.43,2
347,0,306,163,9,11,0.43,2
348,0,306,163,9,11,0.43,2
349,0,306,163,9,11,0.44,2
350,0,306,164,9,11,0.54,2
351,0,306,164,9,11,0.54,2
352,0,306,163,9,11,0.57,2
353,0,306,163,9,11,0.56,2
354,0,306,163,9,12,0.56,2
355,0,306,163,10,12,0.56,2
356,0,306,163,10,12,0.57,2
357,0,306,163,10,12,0.56,2
358,0,306,164,9,11,0.53,2
359,0,306,164,9,11,0.52,2
360,0,306,164,9,11,0.52,2
361,0,306,164,9,11,0.52,2
362,0,307,164,9,10,0.49,2
363,0,306,164,9,10,0.54,2
364,0,306,164,9,10,0.54,2
365,0,307,165,9,10,0.53,2
366,0,306,165,10,10,0.53,2
367,0,307,165,9,10,0.53,2
368,0,307,165,9,10,0.53,2
369,0,306,165,10,10,0.53,2
370,0,307,165,9,10,0.53,2
371,0,307,165,9,10,0.53,2
372,0,307,166,9,10,0.45,2
373,0,307,165,9,10,0.47,2
374,0,307,165,9,10,0.40,2
375,0,307,165,9,10,0.41,2
376,0,307,165,9,10,0.43,2
377,0,307,165,9,10,0.43,2
378,0,307,165,9,10,0.43,2
379,0,307,165,9,10,0.42,2
380,0,307,165,9,10,0.43,2
381,0,307,165,9,10,0.43,2
382,0,307,165,9,10,0.44,2
383,0,307,165,9,10,0.45,2
384,0,307,165,9,10,0.45,2
385,0,307,165,9,10,0.46,2
386,0,307,165,9,10,0.45,2
387,0,307,165,9,10,0.47,2
388,0,307,165,9,10,0.46,2
389,0,307,165,9,10,0.47,2
390,0,307,165,9,10,0.46,2
391,0,307,165,9,10,0.46,2
392,0,307,164,9,10,0.48,2
393,0,307,164,9,10,0.49,2
394,0,307,164,9,11,0.50,2
395,0,307,164,9,11,0.49,2
396,0,307,164,9,11,0.49,2
397,0,307,164,9,11,0.49,2
398,0,308,164,9,11,0.48,2
399,0,308,164,9,11,0.50,2
400,0,308,164,9,11,0.50,2
401,0,308,164,9,11,0.50,2
402,0,308,164,9,11,0.51,2
403,0,307,164,9,10,0.45,2
404,0,307,164,9,10,0.44,2
405,0,307,164,9,10,0.41,2
406,0,307,164,9,10,0.41,2
407,0,307,164,9,10,0.43,2
408,0,307,164,9,10,0.43,2
409,0,307,164,9,10,0.43,2
410,0,307,165,9,10,0.40,2
411,0,307,165,9,10,0.41,2
412,0,307,164,9,10,0.47,2
413,0,307,165,9,10,0.50,2
414,0,307,165,9,10,0.51,2
415,0,307,165,9,10,0.50,2
416,0,307,165,9,10,0.52,2
417,0,307,165,9,10,0.51,2
418,0,307,165,9,10,0.52,2
419,0,307,165,9,10,0.51,2
420,0,307,165,9,10,0.50,2
421,0,307,165,9,10,0.50,2
422,0,306,164,9,10,0.52,2
423,0,306,164,9,10,0.52,2
424,0,306,164,9,10,0.53,2
425,0,306,164,9,10,0.57,2
426,0,306,164,9,11,0.57,2
427,0,306,164,9,11,0.57,2
428,0,306,164,9,11,0.58,2
429,0,306,164,9,11,0.57,2
430,0,306,164,9,11,0.57,2
431,0,306,164,9,11,0.57,2
432,0,307,164,8,10,0.58,2
433,0,307,164,8,10,0.56,2
434,0,307,162,8,12,0.60,2
435,0,307,162,8,12,0.60,2
436,0,307,162,8,12,0.60,2
437,0,307,162,8,12,0.59,2
438,0,307,162,8,12,0.59,2
439,0,306,162,9,12,0.59,2
440,0,306,162,9,12,0.60,2
441,0,306,162,9,12,0.61,2
442,0,306,162,9,12,0.60,2
443,0,306,162,9,12,0.60,2
444,0,306,162,9,12,0.60,2
445,0,306,162,9,12,0.60,2
446,0,306,162,9,12,0.59,2
447,0,307,162,8,12,0.59,2
448,0,307,162,8,12,0.59,2
449,0,306,162,9,12,0.58,2
450,0,307,162,8,12,0.58,2
451,0,306,162,9,12,0.60,2
452,0,306,162,9,12,0.58,2
453,0,306,162,9,12,0.57,2
454,0,306,162,9,12,0.57,2
455,0,306,162,9,12,0.59,2
456,0,306,162,9,12,0.59,2
457,0,306,162,9,12,0.59,2
458,0,307,162,9,12,0.61,2
459,0,307,162,9,12,0.61,2
460,0,307,162,9,12,0.60,2
461,0,307,162,9,12,0.59,2
462,0,307,162,9,12,0.59,2
463,0,307,162,9,12,0.60,2
464,0,307,162,9,12,0.60,2
465,0,306,162,9,12,0.64,2
466,0,307,162,9,12,0.65,2
467,0,306,162,9,12,0.64,2
468,0,306,162,9,12,0.66,2
469,0,306,162,9,12,0.67,2
470,0,306,162,9,12,0.55,2
471,0,306,162,9,12,0.57,2
472,0,306,162,9,12,0.59,2
473,0,306,162,9,12,0.59,2
474,0,306,162,9,12,0.59,2
475,0,306,162,9,12,0.58,2
476,0,306,162,9,13,0.54,2
477,0,306,162,9,13,0.56,2
478,0,306,162,9,13,0.56,2
479,0,306,162,9,12,0.54,2
480,0,306,162,9,12,0.52,2
481,0,306,162,9,12,0.54,2
482,0,307,163,8,12,0.39,2
483,0,307,162,8,12,0.40,2
484,0,307,162,8,12,0.40,2
485,0,307,162,8,12,0.40,2
486,0,307,162,8,12,0.41,2
487,0,306,162,9,13,0.47,2
488,0,306,162,9,13,0.46,2
489,0,306,161,9,13,0.37,2
490,0,306,161,9,13,0.37,2
491,0,306,162,9,13,0.41,2
492,0,307,162,8,12,0.48,2
493,0,307,162,8,12,0.46,2
494,0,307,163,8,12,0.43,2
495,0,307,163,8,11,0.43,2
496,0,307,163,8,11,0.43,2
497,0,307,163,8,11,0.48,2
498,0,307,163,8,11,0.48,2
499,0,306,164,9,10,0.45,2
500,0,306,164,9,10,0.46,2
501,0,306,164,9,10,0.45,2
502,0,306,164,9,10,0.43,2
503,0,307,164,8,11,0.43,2
504,0,306,164,9,11,0.45,2
505,0,306,163,9,12,0.44,2
506,0,307,162,8,12,0.29,2
507,0,307,162,8,12,0.39,2
508,0,307,162,8,12,0.43,2
509,0,307,162,8,12,0.43,2
510,0,307,162,9,12,0.38,2
511,0,307,162,9,12,0.36,2
512,0,308,163,8,12,0.26,2
513,0,307,163,8,12,0.25,2
514,0,307,163,8,11,0.24,2
515,0,307,163,8,11,0.26,2
516,0,307,163,8,11,0.36,2
517,0,307,163,9,11,0.36,2
518,0,307,164,9,10,0.29,2
519,0,306,164,9,11,0.30,2
520,0,307,164,9,11,0.23,2
521,0,307,164,9,11,0.24,2
522,0,306,164,9,12,0.18,2
523,0,307,164,9,11,0.26,2
524,0,307,165,9,10,0.28,2
525,0,307,166,8,10,0.29,2
526,0,307,166,8,10,0.29,2
527,0,307,166,8,10,0.38,2
528,0,307,166,8,10,0.37,2
529,0,308,166,8,10,0.38,2
530,0,308,167,8,8,0.34,2
531,0,308,167,8,8,0.28,2
532,0,308,167,8,8,0.31,2
533,0,308,167,8,8,0.28,2
534,0,308,167,8,8,0.28,2
535,0,308,167,8,9,0.29,2
536,0,308,167,8,9,0.29,2
537,0,308,167,8,8,0.29,2
538,0,308,168,8,8,0.25,2
539,0,308,167,8,9,0.26,2
540,0,308,167,8,9,0.26,2
541,0,308,167,9,9,0.32,2
542,0,307,166,10,10,0.48,2
543,0,307,165,10,11,0.51,2
544,0,307,165,10,11,0.52,2
545,0,307,165,10,11,0.51,2
546,0,307,165,10,11,0.50,2
547,0,308,166,9,10,0.56,2
548,0,308,166,9,10,0.56,2
549,0,308,166,9,10,0.56,2
550,0,308,165,9,11,0.57,2
551,0,308,166,9,10,0.56,2
552,0,308,166,9,10,0.58,2
553,0,308,166,9,10,0.57,2
554,0,308,166,9,10,0.60,2
555,0,308,166,9,10,0.60,2
556,0,308,166,9,10,0.59,2
557,0,308,166,9,10,0.58,2
558,0,308,166,9,10,0.58,2
559,0,308,166,9,10,0.56,2
560,0,308,166,9,10,0.58,2
561,0,308,166,9,10,0.57,2
562,0,308,166,9,10,0.59,2
563,0,308,166,9,10,0.56,2
564,0,308,166,9,10,0.55,2
565,0,308,166,9,10,0.56,2
566,0,308,166,9,10,0.55,2
567,0,308,166,9,10,0.57,2
568,0,308,166,9,10,0.58,2
569,0,309,166,8,10,0.59,2
570,0,309,166,8,10,0.57,2
571,0,308,166,9,10,0.60,2
572,0,309,166,8,10,0.58,2
573,0,308,166,9,10,0.59,2
574,0,308,166,9,10,0.59,2
575,0,309,166,8,10,0.60,2
576,0,308,166,9,10,0.59,2
577,0,308,166,9,10,0.67,2
578,0,308,166,9,10,0.68,2
579,0,308,166,9,10,0.68,2
580,0,308,167,9,10,0.62,2
581,0,309,167,8,10,0.61,2
582,0,309,167,8,10,0.61,2
583,0,308,167,9,10,0.59,2
584,0,309,168,8,10,0.60,2
585,0,309,168,8,10,0.58,2
586,0,309,168,8,10,0.61,2
587,0,309,168,8,10,0.58,2
588,0,309,168,8,10,0.58,2
589,0,309,168,9,10,0.56,2
590,0,310,168,8,10,0.45,2
591,0,310,168,8,10,0.45,2
592,0,309,166,9,11,0.56,2
593,0,309,166,9,11,0.56,2
594,0,309,167,9,11,0.57,2
595,0,309,167,9,11,0.57,2
596,0,309,166,9,12,0.59,2
597,0,309,166,9,12,0.63,2
598,0,309,166,9,12,0.63,2
599,0,309,166,9,12,0.63,2
600,0,308,166,10,12,0.65,2
601,0,309,166,10,12,0.64,2
602,0,309,166,10,12,0.65,2
603,0,309,167,10,12,0.69,2
604,0,309,167,10,11,0.66,2
605,0,309,167,10,11,0.65,2
606,0,309,167,10,11,0.65,2
607,0,309,166,10,12,0.73,2
608,0,308,166,10,12,0.74,2
609,0,309,166,10,12,0.75,2
610,0,308,166,10,12,0.75,2
611,0,308,166,10,12,0.75,2
612,0,309,166,10,12,0.76,2
613,0,309,166,10,12,0.77,2
614,0,309,167,10,11,0.73,2
615,0,309,167,10,11,0.73,2
616,0,309,167,10,11,0.73,2
617,0,309,167,10,11,0.73,2
618,0,309,167,10,11,0.73,2
619,0,309,167,10,11,0.73,2
620,0,309,167,10,11,0.73,2
621,0,309,167,10,11,0.73,2
622,0,309,167,10,11,0.73,2
623,0,309,167,10,11,0.73,2
624,0,309,167,10,11,0.72,2
625,0,309,168,10,10,0.71,2
626,0,310,168,10,10,0.69,2
627,0,310,168,10,10,0.69,2
628,0,310,168,10,10,0.69,2
629,0,310,168,10,10,0.68,2
630,0,310,168,10,10,0.68,2
631,0,310,168,10,10,0.68,2
632,0,310,167,10,12,0.73,2
633,0,310,167,10,12,0.73,2
634,0,310,167,10,12,0.74,2
635,0,310,167,10,12,0.74,2
636,0,310,167,10,12,0.74,2
637,0,310,167,10,12,0.75,2
638,0,310,167,10,11,0.73,2
639,0,310,167,10,11,0.72,2
640,0,310,167,10,11,0.73,2
641,0,310,167,10,11,0.73,2
642,0,310,167,10,11,0.73,2
643,0,310,167,10,12,0.75,2
644,0,310,167,10,12,0.77,2
645,0,310,167,10,12,0.77,2
646,0,310,167,10,12,0.76,2
647,0,310,167,10,12,0.75,2
648,0,310,167,10,12,0.75,2
649,0,310,167,10,12,0.76,2
650,0,310,168,10,12,0.70,2
651,0,310,168,10,12,0.70,2
652,0,310,168,10,12,0.75,2
653,0,310,168,10,12,0.75,2
654,0,310,168,10,12,0.75,2
655,0,310,167,10,12,0.76,2
656,0,310,167,10,12,0.76,2
657,0,310,167,10,12,0.76,2
658,0,310,167,10,12,0.75,2
659,0,310,167,10,12,0.75,2
660,0,310,167,10,12,0.75,2
661,0,310,167,10,12,0.75,2
662,0,310,168,10,12,0.77,2
663,0,310,168,10,12,0.77,2
664,0,310,168,10,12,0.78,2
665,0,310,168,10,12,0.78,2
666,0,310,168,10,12,0.78,2
667,0,310,168,10,12,0.78,2
668,0,310,168,10,12,0.79,2
669,0,310,168,10,12,0.79,2
670,0,310,168,10,12,0.79,2
671,0,310,168,10,12,0.79,2
672,0,310,168,10,12,0.80,2
673,0,310,168,10,12,0.80,2
674,0,310,168,10,12,0.81,2
675,0,310,168,10,12,0.81,2
676,0,310,168,10,12,0.81,2
677,0,310,168,10,12,0.81,2
678,0,310,168,10,12,0.81,2
679,0,310,168,10,12,0.81,2
680,0,310,168,10,12,0.81,2
681,0,310,168,10,12,0.81,2
682,0,310,168,10,12,0.81,2
683,0,311,169,10,12,0.80,2
684,0,311,168,10,12,0.80,2
685,0,311,168,10,12,0.80,2
686,0,311,168,10,12,0.81,2
687,0,311,168,10,12,0.81,2
688,0,311,168,10,13,0.82,2
689,0,311,168,10,12,0.81,2
690,0,311,168,10,12,0.81,2
691,0,311,168,10,12,0.81,2
692,0,311,168,10,12,0.80,2
693,0,311,168,10,12,0.80,2
694,0,311,168,10,12,0.81,2
695,0,311,168,10,12,0.80,2
696,0,311,168,10,12,0.80,2
697,0,311,168,10,12,0.81,2
698,0,311,168,10,12,0.81,2
699,0,311,168,10,12,0.81,2
700,0,311,168,10,12,0.81,2
701,0,311,168,10,12,0.81,2
702,0,311,168,10,12,0.81,2
703,0,312,169,10,12,0.80,2
704,0,312,169,10,12,0.78,2
705,0,312,169,10,12,0.78,2
706,0,312,169,10,12,0.78,2
707,0,312,169,10,12,0.79,2
708,0,312,169,10,12,0.79,2
709,0,312,169,10,12,0.80,2
710,0,312,170,10,12,0.72,2
711,0,312,170,10,12,0.72,2
712,0,312,170,10,12,0.74,2
713,0,312,169,10,12,0.78,2
714,0,312,169,10,12,0.78,2
715,0,312,169,10,12,0.78,2
716,0,312,169,10,12,0.79,2
717,0,312,169,10,12,0.79,2
718,0,312,169,10,12,0.79,2
719,0,312,169,10,12,0.79,2
720,0,312,169,10,12,0.79,2
721,0,312,169,10,12,0.80,2
722,0,312,169,10,12,0.81,2
723,0,312,169,10,12,0.81,2
724,0,312,169,10,12,0.81,2
725,0,312,169,10,12,0.81,2
726,0,312,169,10,12,0.80,2
727,0,312,169,10,12,0.81,2
728,0,312,169,10,12,0.81,2
729,0,312,169,10,12,0.81,2
730,0,312,169,10,12,0.81,2
731,0,312,169,10,12,0.81,2
732,0,312,169,10,13,0.82,2
733,0,312,169,10,13,0.82,2
734,0,312,169,10,12,0.80,2
735,0,312,169,10,12,0.80,2
736,0,312,169,10,12,0.80,2
737,0,312,169,10,12,0.81,2
738,0,312,169,10,12,0.81,2
739,0,312,169,10,12,0.81,2
740,0,312,170,10,12,0.80,2
741,0,312,169,10,13,0.82,2
742,0,312,169,10,13,0.82,2
743,0,312,169,10,13,0.82,2
744,0,312,169,10,13,0.82,2
745,0,312,169,10,13,0.82,2
746,0,312,170,10,12,0.78,2
747,0,312,170,10,12,0.78,2
748,0,312,170,10,12,0.78,2
749,0,312,170,10,12,0.78,2
750,0,312,170,10,13,0.78,2
751,0,312,170,10,13,0.78,2
752,0,312,170,10,13,0.77,2
753,0,312,170,10,13,0.77,2
754,0,312,170,10,13,0.77,2
755,0,312,170,10,13,0.78,2
756,0,312,170,10,13,0.77,2
757,0,312,170,10,13,0.77,2
758,0,312,169,10,14,0.82,2
759,0,312,169,10,14,0.82,2
760,0,312,169,10,14,0.82,2
761,0,312,169,11,14,0.82,2
762,0,312,169,11,14,0.82,2
763,0,312,169,11,14,0.82,2
764,0,312,169,11,14,0.82,2
765,0,312,169,11,14,0.81,2
766,0,312,169,11,14,0.81,2
767,0,312,169,11,14,0.81,2
768,0,312,169,11,14,0.81,2
769,0,312,169,11,14,0.81,2
770,0,312,169,11,14,0.82,2
771,0,312,169,11,14,0.82,2
772,0,312,169,11,14,0.82,2
773,0,312,169,11,14,0.81,2
774,0,312,170,11,14,0.81,2
775,0,312,170,11,14,0.81,2
776,0,312,170,11,14,0.80,2
777,0,312,170,11,14,0.80,2
778,0,312,170,11,14,0.80,2
779,0,312,170,11,14,0.80,2
780,0,312,170,10,14,0.81,2
781,0,312,170,10,14,0.81,2
782,0,313,172,10,12,0.80,2
783,0,313,172,10,12,0.79,2
784,0,313,172,10,12,0.80,2
785,0,313,172,10,12,0.79,2
786,0,313,172,10,12,0.75,2
787,0,313,172,10,11,0.76,2
788,0,313,172,10,11,0.75,2
789,0,313,172,10,11,0.75,2
790,0,313,172,10,11,0.75,2
791,0,313,172,10,11,0.76,2
792,0,313,172,10,12,0.76,2
793,0,313,172,10,12,0.77,2
794,0,313,171,11,13,0.76,2
795,0,313,172,10,12,0.75,2
796,0,313,172,10,12,0.76,2
797,0,313,172,10,12,0.76,2
798,0,313,171,11,13,0.76,2
799,0,313,171,11,13,0.77,2
800,0,313,171,11,13,0.75,2
801,0,313,171,11,13,0.76,2
802,0,313,172,11,12,0.76,2
803,0,313,170,11,14,0.80,2
804,0,313,170,11,14,0.77,2
805,0,313,170,11,14,0.75,2
806,0,312,171,12,14,0.43,2
807,0,312,170,12,15,0.58,2
808,0,312,171,12,14,0.60,2
809,0,312,171,12,15,0.52,2
810,0,312,171,12,14,0.66,2
811,0,313,171,11,14,0.65,2
812,0,313,171,11,14,0.65,2
813,0,313,171,11,15,0.64,2
814,0,313,171,11,15,0.63,2
815,0,313,171,11,14,0.63,2
816,0,313,171,11,14,0.63,2
817,0,313,171,11,14,0.63,2
818,0,313,172,11,13,0.69,2
819,0,313,172,11,14,0.62,2
820,0,313,171,11,15,0.53,2
821,0,313,171,11,15,0.54,2
822,0,313,171,11,14,0.54,2
823,0,313,171,11,14,0.53,2
824,0,313,172,11,14,0.59,2
825,0,313,172,11,14,0.61,2
826,0,313,172,11,14,0.63,2
827,0,313,172,11,13,0.64,2
828,0,314,172,11,13,0.62,2
829,0,314,172,11,14,0.63,2
830,0,313,172,11,13,0.68,2
831,0,313,172,11,14,0.66,2
832,0,313,173,10,12,0.72,2
833,0,313,173,10,12,0.72,2
834,0,313,172,10,13,0.72,2
835,0,313,171,10,14,0.72,2
836,0,313,171,10,14,0.73,2
837,0,313,171,11,14,0.73,2
838,0,314,172,10,14,0.74,2
839,0,314,172,10,13,0.74,2
840,0,313,172,11,13,0.75,2
841,0,314,172,10,13,0.75,2
842,0,314,173,11,12,0.76,2
843,0,314,172,10,13,0.74,2
844,0,314,172,11,13,0.75,2
845,0,314,172,10,13,0.76,2
846,0,314,173,10,13,0.77,2
847,0,314,172,10,13,0.78,2
848,0,314,173,11,13,0.77,2
849,0,314,173,11,13,0.77,2
850,0,314,173,11,13,0.77,2
851,0,314,173,11,12,0.77,2
852,0,314,173,11,13,0.78,2
853,0,314,173,11,13,0.78,2
854,0,314,173,12,14,0.79,2
855,0,314,173,11,14,0.79,2
856,0,314,173,11,13,0.78,2
857,0,314,173,12,14,0.79,2
858,0,314,173,11,13,0.75,2
859,0,314,173,11,13,0.74,2
860,0,314,174,11,12,0.73,2
861,0,314,174,11,13,0.72,2
862,0,314,173,11,13,0.72,2
863,0,314,173,12,14,0.75,2
864,0,314,173,12,14,0.75,2
865,0,314,173,12,14,0.76,2
866,0,314,172,12,14,0.75,2
867,0,314,172,12,14,0.74,2
868,0,314,173,12,14,0.75,2
869,0,314,173,12,14,0.75,2
870,0,314,172,12,15,0.74,2
871,0,313,173,12,14,0.75,2
872,0,313,173,12,14,0.78,2
873,0,313,173,12,14,0.78,2
874,0,313,172,12,14,0.74,2
875,0,313,172,12,14,0.74,2
876,0,313,172,12,14,0.73,2
877,0,313,172,12,14,0.75,2
878,0,313,172,12,15,0.72,2
879,0,313,172,12,15,0.70,2
880,0,313,172,12,15,0.72,2
881,0,313,171,12,15,0.72,2
882,0,313,172,12,15,0.72,2
883,0,314,172,12,15,0.73,2
884,0,314,172,12,15,0.73,2
885,0,313,172,12,15,0.73,2
886,0,314,172,12,15,0.74,2
887,0,314,172,12,15,0.76,2
888,0,314,172,12,15,0.76,2
889,0,314,172,12,15,0.76,2
890,0,314,173,12,14,0.78,2
891,0,314,173,12,14,0.77,2
892,0,314,172,12,15,0.78,2
893,0,314,172,12,15,0.78,2
894,0,314,172,12,15,0.78,2
895,0,314,172,12,15,0.78,2
896,0,314,173,12,14,0.79,2
897,0,314,172,12,14,0.79,2
898,0,314,172,12,14,0.78,2
899,0,314,172,12,14,0.78,2
900,0,314,172,12,14,0.78,2
901,0,314,172,12,14,0.78,2
902,0,314,173,12,14,0.80,2
