1,-1,355,277,56,83,0.95,7,-1,-1
1,-1,335,403,154,135,0.93,7,-1,-1
2,-1,332,382,158,155,0.95,7,-1,-1
2,-1,352,272,58,79,0.94,7,-1,-1
3,-1,325,358,161,178,0.94,7,-1,-1
3,-1,351,267,52,73,0.93,7,-1,-1
4,-1,350,263,46,69,0.93,7,-1,-1
4,-1,323,343,164,194,0.93,7,-1,-1
5,-1,320,323,165,213,0.94,7,-1,-1
5,-1,348,256,43,68,0.94,7,-1,-1
6,-1,317,313,160,224,0.94,7,-1,-1
6,-1,347,253,40,64,0.92,7,-1,-1
7,-1,317,300,132,238,0.94,7,-1,-1
7,-1,345,250,38,58,0.91,7,-1,-1
7,-1,465,461,129,78,0.68,2,-1,-1
8,-1,316,287,120,249,0.93,7,-1,-1
8,-1,466,448,107,90,0.91,2,-1,-1
8,-1,344,245,36,56,0.90,7,-1,-1
9,-1,315,281,104,245,0.95,7,-1,-1
9,-1,343,243,35,51,0.89,7,-1,-1
9,-1,438,415,190,124,0.38,7,-1,-1
10,-1,314,274,94,220,0.94,7,-1,-1
10,-1,432,401,148,138,0.91,7,-1,-1
10,-1,343,243,32,43,0.87,7,-1,-1
11,-1,312,265,85,196,0.94,7,-1,-1
11,-1,341,236,31,48,0.90,7,-1,-1
11,-1,419,380,138,159,0.89,7,-1,-1
12,-1,311,260,82,182,0.94,7,-1,-1
12,-1,340,233,31,45,0.89,7,-1,-1
12,-1,411,365,201,174,0.83,7,-1,-1
13,-1,310,253,72,165,0.94,7,-1,-1
13,-1,402,347,177,192,0.93,7,-1,-1
13,-1,339,231,30,41,0.84,7,-1,-1
14,-1,309,249,68,154,0.94,7,-1,-1
14,-1,397,336,170,203,0.90,7,-1,-1
14,-1,338,228,30,41,0.86,7,-1,-1
15,-1,309,243,61,141,0.94,7,-1,-1
15,-1,390,319,191,220,0.94,7,-1,-1
15,-1,336,226,30,40,0.78,7,-1,-1
16,-1,308,240,59,133,0.94,7,-1,-1
16,-1,386,305,195,234,0.94,7,-1,-1
16,-1,337,223,29,41,0.76,7,-1,-1
17,-1,307,235,54,122,0.95,7,-1,-1
17,-1,384,304,202,235,0.94,7,-1,-1
17,-1,335,222,27,35,0.30,7,-1,-1
18,-1,307,231,52,117,0.96,7,-1,-1
18,-1,381,296,183,243,0.95,7,-1,-1
18,-1,335,220,25,35,0.78,7,-1,-1
19,-1,377,288,158,251,0.94,7,-1,-1
19,-1,306,228,49,107,0.94,7,-1,-1
19,-1,334,218,23,33,0.24,7,-1,-1
20,-1,373,283,147,255,0.94,7,-1,-1
20,-1,306,224,47,102,0.93,7,-1,-1
20,-1,334,217,23,30,0.66,7,-1,-1
21,-1,370,274,144,247,0.95,7,-1,-1
21,-1,305,220,44,97,0.94,7,-1,-1
21,-1,333,213,23,32,0.73,7,-1,-1
22,-1,367,269,123,230,0.94,7,-1,-1
22,-1,305,218,42,93,0.94,7,-1,-1
22,-1,333,210,22,33,0.78,7,-1,-1
23,-1,363,264,113,207,0.94,7,-1,-1
23,-1,305,215,40,87,0.92,7,-1,-1
23,-1,332,208,24,33,0.75,7,-1,-1
24,-1,362,261,105,193,0.96,7,-1,-1
24,-1,305,213,39,83,0.94,7,-1,-1
24,-1,332,209,23,28,0.12,2,-1,-1
25,-1,358,254,95,179,0.95,7,-1,-1
25,-1,304,210,37,78,0.92,7,-1,-1
25,-1,334,481,75,58,0.86,2,-1,-1
25,-1,331,208,25,27,0.24,2,-1,-1
26,-1,356,250,91,169,0.95,7,-1,-1
26,-1,332,453,61,85,0.92,2,-1,-1
26,-1,304,208,37,76,0.91,7,-1,-1
26,-1,330,207,24,26,0.43,2,-1,-1
27,-1,352,245,86,157,0.96,7,-1,-1
27,-1,329,422,52,70,0.93,2,-1,-1
27,-1,304,205,34,72,0.90,7,-1,-1
27,-1,331,207,23,24,0.66,2,-1,-1
28,-1,352,241,83,150,0.94,7,-1,-1
28,-1,327,404,48,62,0.94,2,-1,-1
28,-1,303,203,34,70,0.91,7,-1,-1
28,-1,330,204,24,25,0.28,2,-1,-1
29,-1,349,236,80,136,0.94,7,-1,-1
29,-1,303,199,32,67,0.93,7,-1,-1
29,-1,322,372,43,52,0.93,2,-1,-1
30,-1,347,235,74,129,0.95,7,-1,-1
30,-1,320,359,40,48,0.92,2,-1,-1
30,-1,303,198,31,65,0.91,7,-1,-1
30,-1,327,198,25,26,0.11,2,-1,-1
31,-1,347,233,68,123,0.94,7,-1,-1
31,-1,302,197,31,62,0.91,7,-1,-1
31,-1,318,346,38,45,0.91,2,-1,-1
31,-1,327,197,24,26,0.25,2,-1,-1
32,-1,345,232,68,117,0.94,7,-1,-1
32,-1,302,195,31,61,0.92,7,-1,-1
32,-1,317,337,35,40,0.90,2,-1,-1
32,-1,327,194,23,26,0.20,2,-1,-1
33,-1,343,228,63,110,0.93,7,-1,-1
33,-1,301,194,30,58,0.93,7,-1,-1
33,-1,316,323,32,37,0.88,2,-1,-1
34,-1,342,224,63,109,0.93,7,-1,-1
34,-1,301,192,29,56,0.92,7,-1,-1
34,-1,314,314,32,35,0.87,2,-1,-1
34,-1,325,192,20,25,0.15,2,-1,-1
35,-1,301,190,29,55,0.93,7,-1,-1
35,-1,340,221,58,103,0.93,7,-1,-1
35,-1,312,302,30,33,0.89,2,-1,-1
36,-1,340,221,55,98,0.94,7,-1,-1
36,-1,301,189,28,53,0.92,7,-1,-1
36,-1,312,295,28,31,0.88,2,-1,-1
37,-1,339,220,52,91,0.94,7,-1,-1
37,-1,300,187,27,52,0.92,7,-1,-1
37,-1,311,286,25,29,0.84,2,-1,-1
37,-1,323,187,20,26,0.59,7,-1,-1
38,-1,338,219,50,88,0.94,7,-1,-1
38,-1,300,186,27,50,0.92,7,-1,-1
38,-1,310,280,25,28,0.83,2,-1,-1
38,-1,322,187,20,25,0.10,7,-1,-1
39,-1,301,185,27,48,0.92,7,-1,-1
39,-1,309,271,24,27,0.84,2,-1,-1
39,-1,338,220,46,80,0.72,7,-1,-1
40,-1,300,184,26,48,0.91,7,-1,-1
40,-1,337,219,45,76,0.91,7,-1,-1
40,-1,309,267,24,25,0.85,2,-1,-1
41,-1,300,182,26,47,0.91,7,-1,-1
41,-1,337,220,40,70,0.88,7,-1,-1
41,-1,308,260,23,25,0.84,2,-1,-1
42,-1,300,182,26,45,0.90,7,-1,-1
42,-1,336,218,41,68,0.90,7,-1,-1
42,-1,307,257,23,23,0.86,2,-1,-1
43,-1,300,180,25,44,0.90,7,-1,-1
43,-1,335,216,38,64,0.89,7,-1,-1
43,-1,307,251,21,22,0.86,2,-1,-1
44,-1,300,179,25,43,0.91,7,-1,-1
44,-1,307,247,21,22,0.87,2,-1,-1
44,-1,337,217,34,61,0.87,7,-1,-1
45,-1,300,177,24,43,0.88,7,-1,-1
45,-1,335,211,33,62,0.87,7,-1,-1
45,-1,306,243,20,20,0.87,2,-1,-1
46,-1,300,177,23,42,0.88,7,-1,-1
46,-1,306,239,20,20,0.85,2,-1,-1
46,-1,335,212,31,59,0.68,7,-1,-1
47,-1,300,176,23,40,0.87,7,-1,-1
47,-1,305,235,19,20,0.87,2,-1,-1
47,-1,334,211,31,55,0.79,7,-1,-1
48,-1,300,175,23,40,0.88,7,-1,-1
48,-1,305,231,19,20,0.87,2,-1,-1
48,-1,334,210,30,53,0.87,7,-1,-1
49,-1,300,175,22,38,0.89,7,-1,-1
49,-1,305,228,17,19,0.87,2,-1,-1
49,-1,333,207,28,52,0.82,7,-1,-1
50,-1,300,174,23,38,0.88,7,-1,-1
50,-1,305,225,18,19,0.86,2,-1,-1
50,-1,333,208,26,49,0.84,7,-1,-1
51,-1,300,173,23,37,0.88,7,-1,-1
51,-1,305,223,17,18,0.84,2,-1,-1
51,-1,333,214,24,40,0.69,2,-1,-1
52,-1,299,173,22,36,0.88,7,-1,-1
52,-1,304,220,18,18,0.85,2,-1,-1
52,-1,333,210,23,41,0.44,2,-1,-1
53,-1,299,172,22,35,0.88,7,-1,-1
53,-1,304,218,17,17,0.84,2,-1,-1
53,-1,333,214,22,33,0.71,2,-1,-1
54,-1,299,171,21,35,0.88,7,-1,-1
54,-1,304,216,17,17,0.85,2,-1,-1
54,-1,332,212,21,33,0.62,2,-1,-1
55,-1,299,170,21,34,0.89,7,-1,-1
55,-1,304,214,15,16,0.86,2,-1,-1
55,-1,333,208,21,35,0.78,2,-1,-1
56,-1,299,170,21,34,0.90,7,-1,-1
56,-1,304,213,15,15,0.86,2,-1,-1
56,-1,331,214,20,27,0.74,2,-1,-1
56,-1,278,177,10,10,0.29,2,-1,-1
57,-1,300,169,20,33,0.90,7,-1,-1
57,-1,303,209,15,16,0.81,2,-1,-1
57,-1,330,200,21,38,0.44,7,-1,-1
58,-1,299,168,20,33,0.90,7,-1,-1
58,-1,441,519,67,20,0.80,2,-1,-1
58,-1,304,207,15,16,0.79,2,-1,-1
58,-1,329,206,20,31,0.74,2,-1,-1
59,-1,428,480,70,59,0.93,2,-1,-1
59,-1,299,167,20,32,0.89,7,-1,-1
59,-1,304,205,13,15,0.87,2,-1,-1
59,-1,329,198,20,36,0.47,2,-1,-1
60,-1,419,459,65,78,0.95,2,-1,-1
60,-1,299,167,19,31,0.88,7,-1,-1
60,-1,304,204,12,14,0.86,2,-1,-1
60,-1,329,211,18,22,0.75,2,-1,-1
61,-1,408,430,57,68,0.95,2,-1,-1
61,-1,299,167,18,30,0.88,7,-1,-1
61,-1,303,202,13,15,0.80,2,-1,-1
61,-1,328,198,19,33,0.64,2,-1,-1
61,-1,278,181,10,11,0.56,2,-1,-1
62,-1,401,414,54,62,0.95,2,-1,-1
62,-1,299,166,18,30,0.88,7,-1,-1
62,-1,304,202,13,13,0.75,2,-1,-1
62,-1,278,181,10,11,0.54,2,-1,-1
62,-1,328,200,18,29,0.46,2,-1,-1
63,-1,392,393,48,54,0.94,2,-1,-1
63,-1,299,166,18,29,0.88,7,-1,-1
63,-1,304,200,12,13,0.79,2,-1,-1
63,-1,327,197,20,30,0.51,7,-1,-1
63,-1,278,183,11,11,0.50,2,-1,-1
64,-1,387,380,44,50,0.94,2,-1,-1
64,-1,299,165,18,29,0.88,7,-1,-1
64,-1,303,200,13,12,0.80,2,-1,-1
64,-1,326,196,20,29,0.62,7,-1,-1
64,-1,276,183,11,12,0.48,2,-1,-1
65,-1,380,363,41,44,0.94,2,-1,-1
65,-1,299,165,18,28,0.89,7,-1,-1
65,-1,303,198,12,12,0.84,2,-1,-1
65,-1,277,185,11,11,0.78,2,-1,-1
65,-1,325,190,20,32,0.64,7,-1,-1
66,-1,377,354,40,40,0.94,2,-1,-1
66,-1,303,196,12,13,0.80,2,-1,-1
66,-1,277,185,11,11,0.79,2,-1,-1
66,-1,300,163,16,27,0.78,7,-1,-1
66,-1,326,195,18,26,0.42,2,-1,-1
67,-1,371,340,36,37,0.95,2,-1,-1
67,-1,299,164,17,28,0.85,7,-1,-1
67,-1,276,186,12,13,0.82,2,-1,-1
67,-1,303,195,12,12,0.78,2,-1,-1
67,-1,325,193,18,27,0.54,2,-1,-1
68,-1,368,330,34,36,0.94,2,-1,-1
68,-1,276,186,12,13,0.82,2,-1,-1
68,-1,299,163,17,28,0.80,7,-1,-1
68,-1,302,193,12,13,0.77,2,-1,-1
68,-1,325,189,18,29,0.39,2,-1,-1
69,-1,363,319,32,34,0.95,2,-1,-1
69,-1,299,163,16,26,0.80,7,-1,-1
69,-1,276,187,12,14,0.79,2,-1,-1
69,-1,303,193,11,11,0.73,2,-1,-1
69,-1,324,193,17,25,0.42,2,-1,-1
70,-1,361,312,31,32,0.94,2,-1,-1
70,-1,299,162,16,26,0.81,7,-1,-1
70,-1,275,188,12,14,0.80,2,-1,-1
70,-1,323,187,19,29,0.64,7,-1,-1
70,-1,303,192,11,11,0.61,2,-1,-1
71,-1,357,302,29,31,0.93,2,-1,-1
71,-1,298,162,16,25,0.83,7,-1,-1
71,-1,275,190,13,14,0.82,2,-1,-1
71,-1,302,191,11,11,0.69,2,-1,-1
71,-1,322,185,18,29,0.63,7,-1,-1
72,-1,355,296,29,30,0.94,2,-1,-1
72,-1,274,192,13,13,0.84,2,-1,-1
72,-1,298,161,15,25,0.82,7,-1,-1
72,-1,303,190,10,11,0.68,2,-1,-1
72,-1,322,188,18,25,0.56,2,-1,-1
73,-1,352,288,27,28,0.93,2,-1,-1
73,-1,274,195,12,13,0.85,2,-1,-1
73,-1,298,161,15,24,0.80,7,-1,-1
73,-1,322,187,18,25,0.64,2,-1,-1
73,-1,303,188,11,10,0.56,2,-1,-1
74,-1,350,282,26,27,0.93,2,-1,-1
74,-1,273,195,13,13,0.85,2,-1,-1
74,-1,298,161,16,24,0.80,7,-1,-1
74,-1,302,187,11,11,0.65,2,-1,-1
74,-1,323,187,16,23,0.42,2,-1,-1
74,-1,311,164,10,20,0.11,7,-1,-1
75,-1,348,276,24,26,0.92,2,-1,-1
75,-1,272,197,12,12,0.85,2,-1,-1
75,-1,298,161,14,23,0.74,7,-1,-1
75,-1,302,186,10,11,0.73,2,-1,-1
75,-1,320,189,16,20,0.58,2,-1,-1
76,-1,346,272,24,25,0.92,2,-1,-1
76,-1,272,199,12,13,0.85,2,-1,-1
76,-1,298,160,15,24,0.73,7,-1,-1
76,-1,302,185,11,11,0.73,2,-1,-1
76,-1,321,186,15,21,0.62,2,-1,-1
77,-1,344,266,23,23,0.91,2,-1,-1
77,-1,272,201,12,12,0.84,2,-1,-1
77,-1,298,159,15,24,0.73,7,-1,-1
77,-1,320,187,15,20,0.73,2,-1,-1
77,-1,302,185,10,10,0.45,2,-1,-1
78,-1,342,262,23,23,0.91,2,-1,-1
78,-1,272,202,13,13,0.84,2,-1,-1
78,-1,298,159,15,23,0.69,7,-1,-1
78,-1,320,186,15,20,0.68,2,-1,-1
78,-1,302,185,10,10,0.35,2,-1,-1
79,-1,340,256,22,23,0.92,2,-1,-1
79,-1,271,204,13,14,0.84,2,-1,-1
79,-1,320,186,14,18,0.53,2,-1,-1
79,-1,299,160,17,21,0.41,7,-1,-1
79,-1,302,183,11,10,0.35,2,-1,-1
80,-1,339,253,22,22,0.92,2,-1,-1
80,-1,271,206,13,14,0.75,2,-1,-1
80,-1,299,160,17,21,0.46,7,-1,-1
80,-1,320,184,14,19,0.45,2,-1,-1
80,-1,302,183,10,9,0.23,2,-1,-1
81,-1,338,249,20,20,0.90,2,-1,-1
81,-1,270,209,13,13,0.83,2,-1,-1
81,-1,318,184,16,19,0.70,2,-1,-1
81,-1,297,159,15,21,0.43,7,-1,-1
82,-1,336,246,21,20,0.90,2,-1,-1
82,-1,268,210,15,14,0.88,2,-1,-1
82,-1,296,158,16,22,0.49,7,-1,-1
82,-1,318,181,15,22,0.38,2,-1,-1
83,-1,335,242,19,19,0.90,2,-1,-1
83,-1,267,212,14,14,0.86,2,-1,-1
83,-1,318,183,15,18,0.77,2,-1,-1
83,-1,296,158,15,21,0.42,7,-1,-1
83,-1,301,180,9,9,0.14,2,-1,-1
84,-1,334,239,18,19,0.89,2,-1,-1
84,-1,266,213,15,15,0.86,2,-1,-1
84,-1,317,181,14,19,0.65,2,-1,-1
84,-1,296,157,17,22,0.63,7,-1,-1
85,-1,332,235,18,19,0.89,2,-1,-1
85,-1,265,217,15,15,0.87,2,-1,-1
85,-1,317,180,14,19,0.68,2,-1,-1
85,-1,296,157,15,21,0.55,7,-1,-1
86,-1,264,219,15,15,0.89,2,-1,-1
86,-1,332,233,18,18,0.89,2,-1,-1
86,-1,296,157,15,21,0.71,7,-1,-1
86,-1,317,179,14,20,0.53,2,-1,-1
87,-1,330,230,17,17,0.90,2,-1,-1
87,-1,263,221,16,17,0.88,2,-1,-1
87,-1,296,157,13,21,0.62,7,-1,-1
87,-1,317,178,13,19,0.49,2,-1,-1
88,-1,262,222,16,19,0.88,2,-1,-1
88,-1,330,229,17,16,0.88,2,-1,-1
88,-1,295,156,13,21,0.46,7,-1,-1
88,-1,317,176,13,20,0.42,2,-1,-1
89,-1,261,227,17,18,0.89,2,-1,-1
89,-1,328,225,17,17,0.89,2,-1,-1
89,-1,295,155,12,20,0.25,7,-1,-1
89,-1,305,158,9,16,0.21,7,-1,-1
89,-1,317,176,12,18,0.19,2,-1,-1
90,-1,260,230,17,18,0.90,2,-1,-1
90,-1,328,223,16,17,0.88,2,-1,-1
90,-1,295,155,12,20,0.43,7,-1,-1
90,-1,317,175,11,15,0.36,2,-1,-1
90,-1,305,158,9,17,0.26,7,-1,-1
91,-1,258,233,18,19,0.87,2,-1,-1
91,-1,327,221,16,15,0.87,2,-1,-1
91,-1,294,155,12,20,0.42,7,-1,-1
91,-1,315,173,13,20,0.27,2,-1,-1
91,-1,304,159,9,14,0.27,7,-1,-1
92,-1,256,235,18,21,0.88,2,-1,-1
92,-1,326,219,16,15,0.88,2,-1,-1
92,-1,304,157,10,15,0.43,7,-1,-1
92,-1,315,173,13,19,0.34,2,-1,-1
93,-1,326,217,15,15,0.88,2,-1,-1
93,-1,255,241,18,19,0.88,2,-1,-1
93,-1,316,173,11,16,0.45,2,-1,-1
93,-1,303,157,10,14,0.21,7,-1,-1
94,-1,253,243,19,21,0.89,2,-1,-1
94,-1,325,215,15,15,0.87,2,-1,-1
94,-1,315,173,11,17,0.42,2,-1,-1
94,-1,294,154,13,19,0.27,7,-1,-1
95,-1,251,248,19,23,0.90,2,-1,-1
95,-1,324,212,15,15,0.88,2,-1,-1
95,-1,293,153,12,19,0.39,7,-1,-1
95,-1,314,172,12,18,0.36,2,-1,-1
95,-1,303,156,9,15,0.19,7,-1,-1
95,-1,298,173,7,6,0.12,2,-1,-1
96,-1,324,211,15,15,0.90,2,-1,-1
96,-1,249,252,20,23,0.90,2,-1,-1
96,-1,315,172,11,16,0.43,2,-1,-1
96,-1,293,153,12,18,0.30,7,-1,-1
97,-1,247,258,22,24,0.91,2,-1,-1
97,-1,323,209,14,14,0.86,2,-1,-1
97,-1,292,153,15,18,0.45,7,-1,-1
97,-1,313,172,12,17,0.36,7,-1,-1
98,-1,245,263,22,25,0.92,2,-1,-1
98,-1,322,208,15,14,0.85,2,-1,-1
98,-1,314,172,12,17,0.51,2,-1,-1
98,-1,292,153,15,18,0.45,7,-1,-1
99,-1,243,270,23,27,0.93,2,-1,-1
99,-1,321,206,14,14,0.83,2,-1,-1
99,-1,314,170,11,18,0.32,7,-1,-1
99,-1,299,155,10,16,0.22,7,-1,-1
100,-1,240,275,25,28,0.92,2,-1,-1
100,-1,321,205,14,14,0.83,2,-1,-1
100,-1,313,172,11,16,0.58,2,-1,-1
100,-1,300,154,10,15,0.17,7,-1,-1
101,-1,236,285,26,29,0.92,2,-1,-1
101,-1,320,203,14,14,0.82,2,-1,-1
101,-1,314,170,12,16,0.46,2,-1,-1
101,-1,298,154,11,15,0.30,7,-1,-1
102,-1,234,291,27,31,0.93,2,-1,-1
102,-1,320,202,14,13,0.80,2,-1,-1
102,-1,315,171,13,16,0.57,2,-1,-1
103,-1,229,301,28,33,0.93,2,-1,-1
103,-1,319,201,14,13,0.82,2,-1,-1
103,-1,314,170,11,16,0.27,2,-1,-1
104,-1,226,309,31,37,0.94,2,-1,-1
104,-1,319,199,14,13,0.82,2,-1,-1
104,-1,313,168,12,17,0.39,2,-1,-1
104,-1,299,153,9,15,0.10,7,-1,-1
105,-1,222,323,34,39,0.95,2,-1,-1
105,-1,319,198,13,13,0.83,2,-1,-1
105,-1,313,167,12,17,0.44,2,-1,-1
105,-1,299,153,10,15,0.20,7,-1,-1
106,-1,217,332,36,43,0.95,2,-1,-1
106,-1,319,197,13,13,0.85,2,-1,-1
106,-1,314,168,11,15,0.46,2,-1,-1
107,-1,210,348,38,49,0.95,2,-1,-1
107,-1,318,196,13,13,0.83,2,-1,-1
107,-1,314,168,12,15,0.54,2,-1,-1
108,-1,207,360,41,55,0.93,2,-1,-1
108,-1,317,195,13,13,0.82,2,-1,-1
108,-1,313,168,11,14,0.55,2,-1,-1
109,-1,198,384,43,60,0.93,2,-1,-1
109,-1,317,193,13,13,0.81,2,-1,-1
109,-1,313,167,11,15,0.56,2,-1,-1
110,-1,191,401,47,67,0.94,2,-1,-1
110,-1,317,193,12,12,0.82,2,-1,-1
110,-1,313,167,11,15,0.56,2,-1,-1
110,-1,295,153,10,14,0.35,7,-1,-1
111,-1,179,431,56,81,0.94,2,-1,-1
111,-1,316,191,13,12,0.82,2,-1,-1
111,-1,312,168,11,14,0.51,2,-1,-1
111,-1,295,153,10,14,0.16,7,-1,-1
112,-1,168,452,62,87,0.92,2,-1,-1
112,-1,316,190,12,12,0.81,2,-1,-1
112,-1,312,166,11,14,0.58,2,-1,-1
113,-1,158,497,74,42,0.89,2,-1,-1
113,-1,315,189,12,11,0.79,2,-1,-1
113,-1,311,165,10,14,0.64,2,-1,-1
113,-1,292,151,10,14,0.23,7,-1,-1
114,-1,315,189,12,11,0.79,2,-1,-1
114,-1,311,165,10,14,0.64,2,-1,-1
114,-1,292,151,10,13,0.26,7,-1,-1
115,-1,315,188,12,12,0.77,2,-1,-1
115,-1,310,165,10,14,0.63,2,-1,-1
115,-1,292,150,10,14,0.37,7,-1,-1
116,-1,314,187,11,11,0.76,2,-1,-1
116,-1,310,165,10,14,0.64,2,-1,-1
116,-1,292,151,9,13,0.17,7,-1,-1
117,-1,313,186,12,11,0.77,2,-1,-1
117,-1,310,163,10,13,0.62,2,-1,-1
117,-1,289,148,11,14,0.39,7,-1,-1
118,-1,313,186,12,11,0.77,2,-1,-1
118,-1,310,163,10,13,0.61,2,-1,-1
118,-1,289,148,11,15,0.39,7,-1,-1
119,-1,313,184,11,11,0.78,2,-1,-1
119,-1,288,148,12,14,0.49,7,-1,-1
119,-1,310,163,9,14,0.39,2,-1,-1
120,-1,313,183,11,12,0.78,2,-1,-1
120,-1,287,148,12,14,0.58,7,-1,-1
120,-1,309,162,8,13,0.47,2,-1,-1
121,-1,313,182,10,11,0.80,2,-1,-1
121,-1,287,148,12,14,0.50,7,-1,-1
121,-1,309,162,9,13,0.50,2,-1,-1
122,-1,312,182,10,11,0.80,2,-1,-1
122,-1,287,148,12,13,0.63,7,-1,-1
122,-1,309,162,9,13,0.51,2,-1,-1
123,-1,312,181,10,11,0.81,2,-1,-1
123,-1,287,148,12,14,0.60,7,-1,-1
123,-1,308,162,9,14,0.37,2,-1,-1
124,-1,312,180,11,11,0.79,2,-1,-1
124,-1,286,147,12,14,0.55,7,-1,-1
124,-1,308,161,9,14,0.29,2,-1,-1
125,-1,312,180,10,11,0.75,2,-1,-1
125,-1,286,147,12,14,0.61,7,-1,-1
125,-1,308,161,9,14,0.23,2,-1,-1
126,-1,312,179,11,11,0.76,2,-1,-1
126,-1,286,146,12,14,0.57,7,-1,-1
126,-1,307,159,9,14,0.32,7,-1,-1
127,-1,311,178,11,11,0.74,2,-1,-1
127,-1,284,145,12,15,0.23,7,-1,-1
127,-1,306,159,10,15,0.21,2,-1,-1
128,-1,312,178,10,11,0.74,2,-1,-1
128,-1,306,159,9,14,0.48,7,-1,-1
128,-1,284,145,11,14,0.37,7,-1,-1
129,-1,310,176,10,11,0.61,2,-1,-1
129,-1,306,159,10,14,0.45,7,-1,-1
129,-1,284,146,10,15,0.35,7,-1,-1
130,-1,306,158,10,14,0.65,7,-1,-1
130,-1,310,176,10,10,0.62,2,-1,-1
130,-1,284,146,10,15,0.39,7,-1,-1
131,-1,311,176,9,10,0.75,2,-1,-1
131,-1,305,157,10,15,0.72,7,-1,-1
131,-1,284,146,9,15,0.39,7,-1,-1
132,-1,311,176,9,10,0.75,2,-1,-1
132,-1,305,157,10,15,0.72,7,-1,-1
132,-1,284,147,9,14,0.39,7,-1,-1
133,-1,304,157,10,14,0.76,7,-1,-1
133,-1,310,175,9,10,0.68,2,-1,-1
133,-1,284,147,9,14,0.19,7,-1,-1
134,-1,304,156,10,14,0.80,7,-1,-1
134,-1,310,174,9,10,0.66,2,-1,-1
134,-1,284,146,9,13,0.25,7,-1,-1
135,-1,304,156,9,14,0.73,7,-1,-1
135,-1,310,174,9,10,0.65,2,-1,-1
135,-1,284,146,9,12,0.12,7,-1,-1
136,-1,304,156,9,14,0.77,7,-1,-1
136,-1,310,173,9,9,0.58,2,-1,-1
137,-1,304,155,9,15,0.79,7,-1,-1
137,-1,309,173,9,10,0.69,2,-1,-1
138,-1,304,155,9,15,0.79,7,-1,-1
138,-1,309,173,9,10,0.69,2,-1,-1
139,-1,304,155,9,14,0.71,7,-1,-1
139,-1,309,172,9,9,0.51,2,-1,-1
140,-1,303,155,9,14,0.70,7,-1,-1
140,-1,309,171,9,10,0.62,2,-1,-1
141,-1,309,170,9,10,0.66,2,-1,-1
141,-1,303,155,8,13,0.48,7,-1,-1
142,-1,308,170,9,10,0.55,2,-1,-1
142,-1,304,156,8,12,0.10,7,-1,-1
143,-1,307,169,9,10,0.57,2,-1,-1
144,-1,307,169,9,10,0.56,2,-1,-1
144,-1,303,156,8,12,0.13,7,-1,-1
145,-1,307,168,9,10,0.38,2,-1,-1
146,-1,306,167,8,9,0.52,2,-1,-1
146,-1,299,153,9,13,0.19,7,-1,-1
147,-1,423,493,77,46,0.94,2,-1,-1
147,-1,306,167,8,9,0.61,2,-1,-1
147,-1,299,152,8,13,0.22,7,-1,-1
148,-1,411,459,75,80,0.95,2,-1,-1
148,-1,306,167,8,9,0.45,2,-1,-1
148,-1,298,152,8,14,0.27,7,-1,-1
149,-1,396,417,63,83,0.96,2,-1,-1
149,-1,306,167,8,9,0.47,2,-1,-1
150,-1,388,394,56,75,0.96,2,-1,-1
150,-1,305,165,8,8,0.62,2,-1,-1
151,-1,378,366,49,64,0.95,2,-1,-1
151,-1,305,165,7,8,0.37,2,-1,-1
152,-1,373,350,44,59,0.94,2,-1,-1
152,-1,305,166,8,8,0.59,2,-1,-1
152,-1,298,153,8,11,0.18,7,-1,-1
153,-1,366,330,39,52,0.95,2,-1,-1
153,-1,298,153,8,11,0.26,7,-1,-1
153,-1,304,164,7,8,0.19,2,-1,-1
154,-1,362,318,36,49,0.95,2,-1,-1
154,-1,304,164,7,8,0.23,2,-1,-1
155,-1,356,303,33,44,0.95,2,-1,-1
155,-1,304,164,7,8,0.57,2,-1,-1
156,-1,353,294,32,42,0.94,2,-1,-1
156,-1,304,164,8,8,0.51,2,-1,-1
157,-1,349,282,30,39,0.94,2,-1,-1
158,-1,347,275,28,36,0.92,2,-1,-1
158,-1,303,163,7,8,0.21,2,-1,-1
159,-1,344,266,26,34,0.93,2,-1,-1
159,-1,303,163,8,8,0.19,2,-1,-1
160,-1,342,260,26,32,0.92,2,-1,-1
161,-1,339,253,24,30,0.93,2,-1,-1
162,-1,338,248,24,30,0.93,2,-1,-1
163,-1,336,243,22,28,0.92,2,-1,-1
164,-1,335,239,21,26,0.91,2,-1,-1
165,-1,333,233,21,26,0.90,2,-1,-1
166,-1,332,230,20,24,0.91,2,-1,-1
167,-1,330,222,18,23,0.88,2,-1,-1
168,-1,329,221,18,23,0.89,2,-1,-1
169,-1,329,219,18,21,0.90,2,-1,-1
170,-1,328,216,17,20,0.88,2,-1,-1
171,-1,326,213,17,20,0.87,2,-1,-1
172,-1,326,211,16,19,0.87,2,-1,-1
173,-1,325,207,16,19,0.85,2,-1,-1
174,-1,324,205,15,19,0.87,2,-1,-1
175,-1,323,203,15,18,0.87,2,-1,-1
176,-1,428,510,70,29,0.89,2,-1,-1
176,-1,322,201,15,18,0.85,2,-1,-1
177,-1,411,464,70,75,0.95,2,-1,-1
177,-1,321,199,15,17,0.85,2,-1,-1
178,-1,402,438,61,76,0.94,2,-1,-1
178,-1,320,197,15,17,0.85,2,-1,-1
179,-1,389,406,54,63,0.95,2,-1,-1
179,-1,319,195,15,16,0.81,2,-1,-1
180,-1,382,388,49,57,0.95,2,-1,-1
180,-1,319,194,16,17,0.81,2,-1,-1
181,-1,375,365,42,49,0.94,2,-1,-1
181,-1,317,192,16,17,0.83,2,-1,-1
182,-1,369,351,40,46,0.95,2,-1,-1
182,-1,317,191,15,16,0.82,2,-1,-1
183,-1,364,333,36,41,0.94,2,-1,-1
183,-1,317,190,14,15,0.83,2,-1,-1
184,-1,360,323,34,39,0.94,2,-1,-1
184,-1,317,188,14,15,0.82,2,-1,-1
185,-1,355,309,31,36,0.93,2,-1,-1
185,-1,316,186,14,15,0.84,2,-1,-1
186,-1,352,300,30,35,0.94,2,-1,-1
186,-1,316,185,13,15,0.82,2,-1,-1
187,-1,348,289,28,32,0.93,2,-1,-1
187,-1,315,183,13,13,0.80,2,-1,-1
188,-1,345,282,28,31,0.92,2,-1,-1
188,-1,315,182,13,14,0.84,2,-1,-1
189,-1,343,274,25,29,0.92,2,-1,-1
189,-1,314,182,13,14,0.81,2,-1,-1
190,-1,341,268,25,28,0.93,2,-1,-1
190,-1,314,181,13,13,0.80,2,-1,-1
191,-1,337,260,25,27,0.92,2,-1,-1
191,-1,313,180,12,13,0.73,2,-1,-1
192,-1,336,256,24,25,0.92,2,-1,-1
192,-1,313,179,12,13,0.73,2,-1,-1
193,-1,334,249,22,24,0.91,2,-1,-1
193,-1,312,179,12,12,0.66,2,-1,-1
194,-1,333,246,21,23,0.90,2,-1,-1
194,-1,312,177,11,12,0.60,2,-1,-1
195,-1,331,240,21,22,0.90,2,-1,-1
195,-1,311,175,12,13,0.67,2,-1,-1
196,-1,330,236,20,22,0.90,2,-1,-1
196,-1,311,176,11,12,0.25,2,-1,-1
197,-1,328,232,20,21,0.90,2,-1,-1
197,-1,310,173,10,12,0.61,2,-1,-1
198,-1,327,229,20,21,0.89,2,-1,-1
198,-1,311,173,10,11,0.20,2,-1,-1
199,-1,327,224,18,20,0.88,2,-1,-1
199,-1,310,172,10,12,0.72,2,-1,-1
200,-1,326,222,19,19,0.89,2,-1,-1
200,-1,309,171,10,11,0.69,2,-1,-1
201,-1,324,218,18,19,0.88,2,-1,-1
201,-1,309,171,10,11,0.69,2,-1,-1
202,-1,323,217,18,18,0.89,2,-1,-1
202,-1,309,170,10,10,0.40,2,-1,-1
203,-1,323,214,17,17,0.91,2,-1,-1
204,-1,322,212,17,17,0.89,2,-1,-1
204,-1,307,169,9,11,0.42,2,-1,-1
205,-1,321,209,17,17,0.88,2,-1,-1
205,-1,307,169,9,10,0.35,2,-1,-1
206,-1,320,207,16,17,0.87,2,-1,-1
206,-1,307,168,9,10,0.24,2,-1,-1
207,-1,319,204,16,17,0.84,2,-1,-1
207,-1,305,167,10,11,0.59,2,-1,-1
208,-1,319,203,17,17,0.85,2,-1,-1
208,-1,305,167,9,10,0.49,2,-1,-1
209,-1,318,200,16,16,0.84,2,-1,-1
209,-1,305,166,9,9,0.58,2,-1,-1
210,-1,318,199,16,16,0.84,2,-1,-1
210,-1,304,166,9,10,0.67,2,-1,-1
211,-1,317,196,15,16,0.86,2,-1,-1
211,-1,304,166,9,9,0.16,2,-1,-1
212,-1,317,196,15,15,0.85,2,-1,-1
212,-1,304,165,9,9,0.11,2,-1,-1
213,-1,317,194,14,15,0.85,2,-1,-1
214,-1,316,192,14,15,0.86,2,-1,-1
215,-1,316,191,14,15,0.87,2,-1,-1
216,-1,314,190,15,14,0.87,2,-1,-1
217,-1,314,189,15,14,0.86,2,-1,-1
218,-1,315,189,13,13,0.86,2,-1,-1
219,-1,314,186,13,13,0.85,2,-1,-1
220,-1,314,186,13,12,0.83,2,-1,-1
221,-1,314,184,12,13,0.83,2,-1,-1
222,-1,313,184,13,13,0.83,2,-1,-1
223,-1,313,182,12,13,0.84,2,-1,-1
224,-1,313,182,12,13,0.84,2,-1,-1
225,-1,312,180,12,12,0.83,2,-1,-1
226,-1,312,180,12,12,0.82,2,-1,-1
227,-1,311,179,11,11,0.83,2,-1,-1
228,-1,311,178,11,11,0.81,2,-1,-1
229,-1,311,177,11,11,0.81,2,-1,-1
230,-1,311,176,11,11,0.78,2,-1,-1
231,-1,310,176,10,10,0.84,2,-1,-1
232,-1,310,175,10,10,0.84,2,-1,-1
233,-1,310,174,10,11,0.83,2,-1,-1
234,-1,309,173,10,10,0.81,2,-1,-1
235,-1,309,172,10,11,0.81,2,-1,-1
236,-1,308,172,10,10,0.82,2,-1,-1
237,-1,308,171,10,10,0.76,2,-1,-1
238,-1,308,171,10,10,0.76,2,-1,-1
239,-1,307,170,10,10,0.78,2,-1,-1
240,-1,306,169,10,10,0.65,2,-1,-1
241,-1,306,168,10,10,0.67,2,-1,-1
242,-1,306,167,10,10,0.66,2,-1,-1
243,-1,305,167,10,10,0.73,2,-1,-1
244,-1,305,166,9,10,0.73,2,-1,-1
245,-1,304,166,9,9,0.56,2,-1,-1
246,-1,304,165,9,9,0.69,2,-1,-1
247,-1,303,165,8,9,0.53,2,-1,-1
249,-1,302,164,8,9,0.22,2,-1,-1
250,-1,302,164,8,9,0.22,2,-1,-1
257,-1,298,160,8,8,0.16,2,-1,-1
258,-1,298,160,8,8,0.16,2,-1,-1
259,-1,298,160,8,8,0.16,2,-1,-1
266,-1,456,507,80,32,0.88,2,-1,-1
267,-1,435,458,78,81,0.95,2,-1,-1
268,-1,423,430,69,87,0.95,2,-1,-1
269,-1,408,395,59,74,0.94,2,-1,-1
270,-1,400,377,53,67,0.95,2,-1,-1
271,-1,389,351,45,59,0.94,2,-1,-1
272,-1,383,338,43,54,0.95,2,-1,-1
273,-1,376,321,38,48,0.93,2,-1,-1
274,-1,371,310,36,46,0.95,2,-1,-1
275,-1,365,296,33,43,0.95,2,-1,-1
276,-1,361,289,31,40,0.93,2,-1,-1
277,-1,357,278,30,37,0.95,2,-1,-1
278,-1,354,272,28,35,0.95,2,-1,-1
279,-1,351,263,26,33,0.94,2,-1,-1
280,-1,349,258,25,32,0.93,2,-1,-1
281,-1,346,250,24,30,0.92,2,-1,-1
282,-1,344,247,23,28,0.91,2,-1,-1
282,-1,359,511,65,28,0.82,2,-1,-1
283,-1,354,466,60,73,0.94,2,-1,-1
283,-1,341,240,22,26,0.92,2,-1,-1
284,-1,350,440,52,68,0.93,2,-1,-1
284,-1,340,237,21,26,0.93,2,-1,-1
285,-1,343,407,47,58,0.94,2,-1,-1
285,-1,337,231,20,25,0.91,2,-1,-1
286,-1,339,388,43,51,0.94,2,-1,-1
286,-1,335,228,20,24,0.90,2,-1,-1
287,-1,334,363,39,46,0.95,2,-1,-1
287,-1,333,224,20,23,0.88,2,-1,-1
288,-1,331,350,35,42,0.94,2,-1,-1
288,-1,333,220,19,23,0.89,2,-1,-1
289,-1,328,331,33,38,0.94,2,-1,-1
289,-1,331,217,18,21,0.88,2,-1,-1
290,-1,326,321,32,36,0.93,2,-1,-1
290,-1,330,215,17,20,0.87,2,-1,-1
291,-1,323,306,30,34,0.93,2,-1,-1
291,-1,329,212,17,20,0.87,2,-1,-1
292,-1,321,298,29,31,0.93,2,-1,-1
292,-1,327,210,16,19,0.86,2,-1,-1
293,-1,319,287,27,29,0.92,2,-1,-1
293,-1,326,206,16,19,0.85,2,-1,-1
294,-1,319,279,25,29,0.91,2,-1,-1
294,-1,325,205,15,18,0.87,2,-1,-1
295,-1,318,272,24,26,0.90,2,-1,-1
295,-1,324,203,15,17,0.85,2,-1,-1
296,-1,316,266,24,25,0.90,2,-1,-1
296,-1,323,201,15,17,0.87,2,-1,-1
297,-1,315,260,23,22,0.91,2,-1,-1
297,-1,321,199,15,17,0.85,2,-1,-1
298,-1,316,255,20,22,0.89,2,-1,-1
298,-1,321,197,15,16,0.84,2,-1,-1
299,-1,315,250,20,20,0.88,2,-1,-1
299,-1,319,195,15,16,0.81,2,-1,-1
300,-1,315,245,19,21,0.89,2,-1,-1
300,-1,318,193,15,17,0.83,2,-1,-1
301,-1,314,240,19,19,0.88,2,-1,-1
301,-1,317,191,15,17,0.84,2,-1,-1
302,-1,312,234,21,22,0.88,2,-1,-1
302,-1,317,191,15,16,0.83,2,-1,-1
303,-1,312,230,19,21,0.87,2,-1,-1
303,-1,315,190,15,14,0.86,2,-1,-1
304,-1,311,228,19,19,0.88,2,-1,-1
304,-1,315,188,15,15,0.85,2,-1,-1
305,-1,311,223,19,19,0.88,2,-1,-1
305,-1,314,186,14,15,0.87,2,-1,-1
306,-1,310,222,18,17,0.87,2,-1,-1
306,-1,313,184,14,16,0.84,2,-1,-1
307,-1,310,219,16,16,0.88,2,-1,-1
307,-1,312,183,14,15,0.79,2,-1,-1
308,-1,309,217,15,17,0.88,2,-1,-1
308,-1,312,182,13,14,0.79,2,-1,-1
309,-1,309,213,16,16,0.85,2,-1,-1
309,-1,311,182,12,14,0.82,2,-1,-1
310,-1,309,211,15,16,0.88,2,-1,-1
310,-1,311,180,12,14,0.85,2,-1,-1
311,-1,308,209,14,15,0.85,2,-1,-1
311,-1,310,179,13,14,0.84,2,-1,-1
312,-1,308,208,14,14,0.85,2,-1,-1
312,-1,309,178,13,13,0.82,2,-1,-1
313,-1,307,204,14,15,0.83,2,-1,-1
313,-1,308,178,13,13,0.82,2,-1,-1
314,-1,307,203,14,14,0.85,2,-1,-1
314,-1,308,176,13,13,0.82,2,-1,-1
315,-1,307,201,14,14,0.83,2,-1,-1
315,-1,307,176,12,12,0.76,2,-1,-1
316,-1,306,199,14,14,0.84,2,-1,-1
316,-1,306,175,12,12,0.77,2,-1,-1
317,-1,306,197,13,14,0.82,2,-1,-1
317,-1,305,174,11,13,0.72,2,-1,-1
318,-1,305,195,14,14,0.82,2,-1,-1
318,-1,305,173,11,12,0.74,2,-1,-1
319,-1,306,195,13,12,0.80,2,-1,-1
319,-1,304,172,10,12,0.72,2,-1,-1
320,-1,306,194,13,13,0.80,2,-1,-1
320,-1,304,172,10,11,0.70,2,-1,-1
321,-1,305,192,13,13,0.79,2,-1,-1
321,-1,303,170,11,12,0.74,2,-1,-1
322,-1,305,191,12,12,0.74,2,-1,-1
322,-1,303,170,10,12,0.68,2,-1,-1
323,-1,305,188,12,13,0.79,2,-1,-1
323,-1,303,169,9,11,0.50,2,-1,-1
324,-1,305,188,11,12,0.74,2,-1,-1
324,-1,303,169,9,11,0.51,2,-1,-1
325,-1,305,187,11,12,0.70,2,-1,-1
325,-1,302,168,9,10,0.44,2,-1,-1
326,-1,350,490,90,49,0.91,2,-1,-1
326,-1,305,186,11,12,0.66,2,-1,-1
326,-1,301,168,10,10,0.65,2,-1,-1
327,-1,343,440,82,99,0.94,2,-1,-1
327,-1,305,184,11,12,0.69,2,-1,-1
327,-1,300,167,9,10,0.42,2,-1,-1
328,-1,338,411,74,100,0.92,2,-1,-1
328,-1,305,183,11,12,0.75,2,-1,-1
328,-1,300,167,9,9,0.44,2,-1,-1
329,-1,332,379,53,83,0.93,2,-1,-1
329,-1,304,182,10,11,0.70,2,-1,-1
329,-1,298,166,8,10,0.42,2,-1,-1
330,-1,328,363,50,74,0.94,2,-1,-1
330,-1,304,182,10,11,0.73,2,-1,-1
331,-1,325,338,44,66,0.94,2,-1,-1
331,-1,304,181,10,11,0.64,2,-1,-1
331,-1,298,165,8,9,0.30,2,-1,-1
332,-1,323,324,40,61,0.93,2,-1,-1
332,-1,304,180,10,10,0.72,2,-1,-1
332,-1,296,164,8,9,0.11,2,-1,-1
333,-1,320,308,36,55,0.93,2,-1,-1
333,-1,304,179,10,10,0.74,2,-1,-1
334,-1,318,297,35,51,0.93,2,-1,-1
334,-1,304,178,9,10,0.57,2,-1,-1
335,-1,317,285,34,47,0.93,2,-1,-1
335,-1,303,177,9,9,0.61,2,-1,-1
336,-1,315,277,33,45,0.92,2,-1,-1
336,-1,303,176,9,9,0.35,2,-1,-1
337,-1,314,267,29,42,0.93,2,-1,-1
337,-1,302,174,10,11,0.41,2,-1,-1
338,-1,313,263,27,38,0.93,2,-1,-1
338,-1,302,174,9,10,0.48,2,-1,-1
339,-1,312,254,28,36,0.93,2,-1,-1
339,-1,433,474,99,65,0.89,2,-1,-1
340,-1,418,439,85,99,0.94,2,-1,-1
340,-1,311,248,26,35,0.91,2,-1,-1
341,-1,401,399,67,94,0.94,2,-1,-1
341,-1,311,242,24,32,0.91,2,-1,-1
341,-1,302,172,9,9,0.20,2,-1,-1
342,-1,392,377,61,85,0.94,2,-1,-1
342,-1,310,238,22,32,0.91,2,-1,-1
342,-1,302,172,9,10,0.23,2,-1,-1
343,-1,381,350,53,73,0.94,2,-1,-1
343,-1,310,233,23,28,0.91,2,-1,-1
343,-1,301,171,8,9,0.28,2,-1,-1
344,-1,375,335,49,66,0.95,2,-1,-1
344,-1,309,229,23,28,0.90,2,-1,-1
345,-1,367,315,43,59,0.94,2,-1,-1
345,-1,309,224,20,27,0.89,2,-1,-1
346,-1,362,305,41,55,0.95,2,-1,-1
346,-1,309,221,20,26,0.90,2,-1,-1
347,-1,358,291,35,50,0.95,2,-1,-1
347,-1,308,217,19,25,0.89,2,-1,-1
348,-1,354,282,34,48,0.94,2,-1,-1
348,-1,308,214,20,24,0.88,2,-1,-1
349,-1,350,271,31,43,0.93,2,-1,-1
349,-1,308,212,18,22,0.90,2,-1,-1
350,-1,348,265,29,41,0.93,2,-1,-1
350,-1,308,210,17,22,0.89,2,-1,-1
351,-1,345,256,27,38,0.91,2,-1,-1
351,-1,307,206,18,21,0.88,2,-1,-1
352,-1,343,251,26,36,0.92,2,-1,-1
352,-1,307,204,17,21,0.88,2,-1,-1
353,-1,340,244,24,34,0.92,2,-1,-1
353,-1,307,202,17,19,0.83,2,-1,-1
354,-1,338,240,24,33,0.93,2,-1,-1
354,-1,307,200,17,20,0.84,2,-1,-1
355,-1,336,234,22,31,0.91,2,-1,-1
355,-1,306,197,15,19,0.87,2,-1,-1
356,-1,361,496,71,43,0.92,2,-1,-1
356,-1,334,230,21,29,0.90,2,-1,-1
356,-1,306,196,14,19,0.85,2,-1,-1
357,-1,352,444,61,87,0.94,2,-1,-1
357,-1,333,225,21,28,0.90,2,-1,-1
357,-1,306,194,14,18,0.83,2,-1,-1
358,-1,347,416,53,75,0.93,2,-1,-1
358,-1,332,221,20,27,0.88,2,-1,-1
358,-1,305,193,14,18,0.82,2,-1,-1
359,-1,341,381,49,63,0.94,2,-1,-1
359,-1,330,218,19,25,0.89,2,-1,-1
359,-1,305,190,14,18,0.82,2,-1,-1
360,-1,337,360,46,59,0.93,2,-1,-1
360,-1,329,215,19,24,0.88,2,-1,-1
360,-1,304,189,15,18,0.84,2,-1,-1
361,-1,332,339,39,49,0.94,2,-1,-1
361,-1,328,212,18,22,0.85,2,-1,-1
361,-1,305,190,14,15,0.81,2,-1,-1
362,-1,330,325,35,45,0.94,2,-1,-1
362,-1,327,209,17,23,0.85,2,-1,-1
362,-1,304,188,14,16,0.81,2,-1,-1
363,-1,326,306,34,42,0.93,2,-1,-1
363,-1,325,206,17,22,0.86,2,-1,-1
363,-1,304,186,14,16,0.81,2,-1,-1
364,-1,325,297,32,39,0.92,2,-1,-1
364,-1,325,204,16,20,0.87,2,-1,-1
364,-1,304,185,13,15,0.78,2,-1,-1
365,-1,323,284,28,35,0.93,2,-1,-1
365,-1,324,202,16,20,0.85,2,-1,-1
365,-1,304,182,12,15,0.78,2,-1,-1
366,-1,321,276,27,33,0.93,2,-1,-1
366,-1,323,200,16,20,0.87,2,-1,-1
366,-1,304,182,12,15,0.80,2,-1,-1
367,-1,320,266,24,31,0.92,2,-1,-1
367,-1,322,197,15,19,0.86,2,-1,-1
367,-1,303,180,12,15,0.77,2,-1,-1
368,-1,319,262,24,27,0.92,2,-1,-1
368,-1,321,196,15,18,0.85,2,-1,-1
368,-1,304,180,11,15,0.76,2,-1,-1
369,-1,318,253,20,26,0.90,2,-1,-1
369,-1,320,194,15,18,0.83,2,-1,-1
369,-1,303,179,11,13,0.74,2,-1,-1
370,-1,318,247,19,26,0.89,2,-1,-1
370,-1,319,192,15,17,0.83,2,-1,-1
370,-1,303,178,10,13,0.72,2,-1,-1
371,-1,317,242,18,23,0.90,2,-1,-1
371,-1,319,191,14,16,0.83,2,-1,-1
371,-1,303,177,11,14,0.76,2,-1,-1
372,-1,317,238,17,22,0.89,2,-1,-1
372,-1,319,189,13,17,0.83,2,-1,-1
372,-1,303,177,10,12,0.75,2,-1,-1
373,-1,315,232,16,21,0.89,2,-1,-1
373,-1,318,187,13,16,0.84,2,-1,-1
373,-1,302,176,10,12,0.71,2,-1,-1
374,-1,315,228,16,21,0.89,2,-1,-1
374,-1,318,187,13,15,0.84,2,-1,-1
374,-1,302,175,9,11,0.71,2,-1,-1
375,-1,315,225,15,18,0.89,2,-1,-1
375,-1,317,184,12,15,0.84,2,-1,-1
375,-1,302,174,9,11,0.76,2,-1,-1
376,-1,313,220,16,20,0.88,2,-1,-1
376,-1,317,183,12,15,0.83,2,-1,-1
376,-1,302,173,9,12,0.72,2,-1,-1
377,-1,313,216,15,18,0.88,2,-1,-1
377,-1,316,181,13,15,0.82,2,-1,-1
377,-1,301,171,10,12,0.72,2,-1,-1
378,-1,312,214,15,18,0.89,2,-1,-1
378,-1,316,180,12,15,0.83,2,-1,-1
378,-1,301,171,10,11,0.67,2,-1,-1
379,-1,311,211,15,17,0.87,2,-1,-1
379,-1,315,180,12,15,0.84,2,-1,-1
379,-1,301,171,9,12,0.63,2,-1,-1
380,-1,311,208,15,17,0.87,2,-1,-1
380,-1,315,179,12,14,0.85,2,-1,-1
380,-1,300,171,9,10,0.62,2,-1,-1
381,-1,310,205,14,17,0.85,2,-1,-1
381,-1,314,177,13,14,0.84,2,-1,-1
381,-1,300,170,9,11,0.47,2,-1,-1
382,-1,310,203,14,16,0.84,2,-1,-1
382,-1,314,177,12,14,0.84,2,-1,-1
382,-1,300,169,9,10,0.47,2,-1,-1
383,-1,310,201,13,15,0.84,2,-1,-1
383,-1,313,176,12,13,0.83,2,-1,-1
383,-1,299,168,10,11,0.41,2,-1,-1
384,-1,309,199,13,15,0.85,2,-1,-1
384,-1,313,174,12,13,0.82,2,-1,-1
384,-1,299,168,9,10,0.49,2,-1,-1
385,-1,308,198,13,14,0.87,2,-1,-1
385,-1,313,174,11,13,0.79,2,-1,-1
385,-1,299,167,9,10,0.42,2,-1,-1
386,-1,308,195,12,14,0.86,2,-1,-1
386,-1,313,173,11,13,0.79,2,-1,-1
386,-1,298,166,8,10,0.36,2,-1,-1
387,-1,307,194,13,13,0.83,2,-1,-1
387,-1,312,171,11,13,0.79,2,-1,-1
387,-1,298,165,9,10,0.57,2,-1,-1
388,-1,308,192,12,14,0.82,2,-1,-1
388,-1,311,170,11,13,0.77,2,-1,-1
388,-1,297,165,9,10,0.15,2,-1,-1
389,-1,363,499,63,40,0.90,2,-1,-1
389,-1,307,190,12,13,0.79,2,-1,-1
389,-1,310,170,11,13,0.76,2,-1,-1
389,-1,296,164,9,10,0.49,2,-1,-1
390,-1,360,467,63,71,0.95,2,-1,-1
390,-1,307,188,12,13,0.78,2,-1,-1
390,-1,310,169,10,12,0.70,2,-1,-1
390,-1,296,164,9,10,0.46,2,-1,-1
391,-1,351,428,53,78,0.94,2,-1,-1
391,-1,306,187,12,12,0.76,2,-1,-1
391,-1,310,168,10,13,0.73,2,-1,-1
391,-1,295,163,8,9,0.48,2,-1,-1
392,-1,347,405,50,70,0.93,2,-1,-1
392,-1,307,186,11,12,0.75,2,-1,-1
392,-1,310,168,10,12,0.73,2,-1,-1
392,-1,295,163,9,9,0.54,2,-1,-1
393,-1,341,374,46,64,0.93,2,-1,-1
393,-1,309,168,10,12,0.71,2,-1,-1
393,-1,306,184,11,13,0.70,2,-1,-1
393,-1,295,162,8,9,0.26,2,-1,-1
394,-1,336,359,43,57,0.94,2,-1,-1
394,-1,309,166,10,12,0.76,2,-1,-1
394,-1,306,183,11,12,0.72,2,-1,-1
394,-1,294,162,8,9,0.20,2,-1,-1
395,-1,333,339,35,49,0.95,2,-1,-1
395,-1,462,490,113,49,0.91,7,-1,-1
395,-1,308,166,10,11,0.73,2,-1,-1
395,-1,306,181,10,13,0.73,2,-1,-1
395,-1,293,162,8,9,0.24,2,-1,-1
396,-1,330,327,34,47,0.94,2,-1,-1
396,-1,449,456,102,83,0.92,7,-1,-1
396,-1,306,180,10,12,0.69,2,-1,-1
396,-1,308,166,9,11,0.67,2,-1,-1
396,-1,293,161,7,8,0.11,2,-1,-1
397,-1,432,428,147,111,0.93,7,-1,-1
397,-1,327,310,34,43,0.93,2,-1,-1
397,-1,305,179,10,12,0.62,2,-1,-1
397,-1,307,166,9,10,0.46,2,-1,-1
398,-1,422,403,170,136,0.94,7,-1,-1
398,-1,325,300,32,41,0.92,2,-1,-1
398,-1,305,179,10,12,0.66,2,-1,-1
398,-1,306,166,9,10,0.48,2,-1,-1
399,-1,411,382,181,157,0.94,7,-1,-1
399,-1,322,291,31,36,0.92,2,-1,-1
399,-1,305,177,10,11,0.67,2,-1,-1
399,-1,305,165,9,9,0.41,2,-1,-1
400,-1,404,370,187,169,0.95,7,-1,-1
400,-1,320,283,29,35,0.92,2,-1,-1
400,-1,305,176,10,11,0.65,2,-1,-1
400,-1,304,163,9,10,0.33,2,-1,-1
401,-1,395,346,196,193,0.95,7,-1,-1
401,-1,319,274,26,32,0.91,2,-1,-1
401,-1,304,175,10,11,0.61,2,-1,-1
401,-1,304,162,9,10,0.37,2,-1,-1
402,-1,390,337,202,202,0.95,7,-1,-1
402,-1,318,265,27,33,0.89,2,-1,-1
402,-1,304,174,9,11,0.51,2,-1,-1
402,-1,303,163,9,9,0.27,2,-1,-1
403,-1,383,321,210,218,0.96,7,-1,-1
403,-1,317,260,25,28,0.90,2,-1,-1
403,-1,303,171,10,13,0.39,2,-1,-1
404,-1,380,311,187,228,0.96,7,-1,-1
404,-1,316,255,25,28,0.90,2,-1,-1
404,-1,303,169,10,14,0.53,2,-1,-1
405,-1,375,302,164,237,0.96,7,-1,-1
405,-1,315,248,22,27,0.88,2,-1,-1
405,-1,302,169,10,13,0.30,2,-1,-1
406,-1,372,295,147,244,0.96,7,-1,-1
406,-1,315,244,22,26,0.89,2,-1,-1
406,-1,302,167,9,13,0.13,2,-1,-1
407,-1,367,286,130,232,0.95,7,-1,-1
407,-1,314,239,21,24,0.89,2,-1,-1
407,-1,302,167,9,14,0.27,2,-1,-1
408,-1,363,279,120,214,0.95,7,-1,-1
408,-1,314,235,21,24,0.90,2,-1,-1
408,-1,301,167,9,13,0.29,2,-1,-1
409,-1,360,271,109,192,0.95,7,-1,-1
409,-1,313,229,20,24,0.90,2,-1,-1
409,-1,301,167,9,11,0.27,2,-1,-1
410,-1,358,267,101,178,0.95,7,-1,-1
410,-1,313,225,20,24,0.90,2,-1,-1
410,-1,300,165,9,12,0.41,2,-1,-1
411,-1,354,260,92,162,0.96,7,-1,-1
411,-1,312,222,19,22,0.89,2,-1,-1
411,-1,299,165,9,12,0.26,2,-1,-1
412,-1,352,256,87,151,0.96,7,-1,-1
412,-1,311,219,19,21,0.90,2,-1,-1
412,-1,296,158,9,10,0.12,2,-1,-1
413,-1,350,250,79,139,0.96,7,-1,-1
413,-1,311,216,18,20,0.90,2,-1,-1
413,-1,297,161,10,13,0.32,2,-1,-1
414,-1,349,246,75,133,0.96,7,-1,-1
414,-1,311,214,18,20,0.89,2,-1,-1
414,-1,279,173,9,9,0.35,2,-1,-1
414,-1,297,161,10,13,0.32,2,-1,-1
415,-1,346,242,71,122,0.95,7,-1,-1
415,-1,310,211,17,18,0.89,2,-1,-1
416,-1,345,240,67,115,0.95,7,-1,-1
416,-1,310,210,16,17,0.89,2,-1,-1
416,-1,279,175,8,8,0.36,2,-1,-1
416,-1,296,162,8,9,0.18,2,-1,-1
417,-1,343,235,63,108,0.95,7,-1,-1
417,-1,310,206,16,19,0.86,2,-1,-1
417,-1,294,160,9,12,0.29,2,-1,-1
417,-1,278,177,8,9,0.20,2,-1,-1
418,-1,342,232,60,103,0.94,7,-1,-1
418,-1,310,204,15,18,0.87,2,-1,-1
418,-1,278,177,8,9,0.21,2,-1,-1
419,-1,340,229,57,97,0.95,7,-1,-1
419,-1,309,202,15,17,0.88,2,-1,-1
419,-1,278,179,9,9,0.64,2,-1,-1
420,-1,340,227,54,93,0.95,7,-1,-1
420,-1,309,199,15,18,0.85,2,-1,-1
420,-1,278,179,9,9,0.65,2,-1,-1
421,-1,338,223,51,88,0.95,7,-1,-1
421,-1,309,197,14,17,0.86,2,-1,-1
421,-1,278,179,9,10,0.59,2,-1,-1
422,-1,337,221,49,85,0.95,7,-1,-1
422,-1,308,197,13,16,0.88,2,-1,-1
422,-1,278,180,10,10,0.66,2,-1,-1
423,-1,335,218,47,81,0.95,7,-1,-1
423,-1,308,194,14,16,0.83,2,-1,-1
423,-1,278,181,10,11,0.68,2,-1,-1
424,-1,334,216,45,79,0.94,7,-1,-1
424,-1,307,193,14,16,0.82,2,-1,-1
424,-1,278,182,10,10,0.60,2,-1,-1
425,-1,333,212,44,76,0.94,7,-1,-1
425,-1,307,191,13,16,0.80,2,-1,-1
425,-1,278,184,11,10,0.66,2,-1,-1
426,-1,333,211,42,74,0.93,7,-1,-1
426,-1,307,190,13,16,0.84,2,-1,-1
426,-1,277,184,11,11,0.66,2,-1,-1
427,-1,332,208,41,71,0.93,7,-1,-1
427,-1,307,188,13,15,0.82,2,-1,-1
427,-1,278,185,11,11,0.68,2,-1,-1
428,-1,331,206,40,70,0.92,7,-1,-1
428,-1,307,187,13,15,0.80,2,-1,-1
428,-1,277,185,11,12,0.62,2,-1,-1
428,-1,449,527,70,12,0.10,2,-1,-1
429,-1,440,488,75,51,0.93,2,-1,-1
429,-1,330,205,38,65,0.91,7,-1,-1
429,-1,306,186,13,14,0.79,2,-1,-1
429,-1,276,186,12,12,0.77,2,-1,-1
430,-1,330,204,38,63,0.92,7,-1,-1
430,-1,431,466,78,73,0.91,2,-1,-1
430,-1,305,184,13,16,0.78,2,-1,-1
430,-1,276,187,12,12,0.51,2,-1,-1
431,-1,419,438,70,89,0.94,2,-1,-1
431,-1,329,204,36,59,0.91,7,-1,-1
431,-1,275,189,12,12,0.81,2,-1,-1
431,-1,305,183,14,15,0.77,2,-1,-1
432,-1,411,421,67,81,0.95,2,-1,-1
432,-1,328,201,35,59,0.91,7,-1,-1
432,-1,275,190,13,13,0.80,2,-1,-1
432,-1,305,182,13,15,0.77,2,-1,-1
433,-1,402,398,57,72,0.94,2,-1,-1
433,-1,328,199,34,56,0.93,7,-1,-1
433,-1,275,191,12,13,0.83,2,-1,-1
433,-1,305,180,13,15,0.76,2,-1,-1
434,-1,397,385,54,65,0.93,2,-1,-1
434,-1,328,198,33,54,0.92,7,-1,-1
434,-1,275,192,12,13,0.84,2,-1,-1
434,-1,304,180,13,15,0.77,2,-1,-1
435,-1,327,198,31,51,0.93,7,-1,-1
435,-1,389,367,50,58,0.89,2,-1,-1
435,-1,274,193,13,14,0.86,2,-1,-1
435,-1,304,178,13,14,0.75,2,-1,-1
436,-1,385,356,47,56,0.93,2,-1,-1
436,-1,327,199,29,47,0.92,7,-1,-1
436,-1,273,195,13,14,0.87,2,-1,-1
436,-1,304,178,13,14,0.76,2,-1,-1
437,-1,379,341,44,52,0.92,2,-1,-1
437,-1,326,196,30,46,0.92,7,-1,-1
437,-1,273,197,13,13,0.87,2,-1,-1
437,-1,304,177,12,13,0.72,2,-1,-1
438,-1,375,332,42,50,0.93,2,-1,-1
438,-1,325,195,30,45,0.92,7,-1,-1
438,-1,273,198,13,13,0.85,2,-1,-1
438,-1,304,176,12,13,0.71,2,-1,-1
439,-1,371,321,39,46,0.93,2,-1,-1
439,-1,324,194,30,43,0.91,7,-1,-1
439,-1,273,200,12,14,0.84,2,-1,-1
439,-1,303,175,11,13,0.68,2,-1,-1
440,-1,368,313,38,45,0.92,2,-1,-1
440,-1,324,195,30,40,0.91,7,-1,-1
440,-1,272,201,13,14,0.84,2,-1,-1
440,-1,303,175,11,12,0.71,2,-1,-1
441,-1,364,303,35,42,0.92,2,-1,-1
441,-1,324,193,28,39,0.90,7,-1,-1
441,-1,271,204,13,15,0.85,2,-1,-1
441,-1,303,174,11,12,0.71,2,-1,-1
442,-1,362,297,33,40,0.93,2,-1,-1
442,-1,323,193,27,38,0.89,7,-1,-1
442,-1,271,205,14,16,0.85,2,-1,-1
442,-1,303,174,11,12,0.53,2,-1,-1
443,-1,359,289,32,38,0.92,2,-1,-1
443,-1,323,191,27,37,0.89,7,-1,-1
443,-1,270,207,13,16,0.83,2,-1,-1
443,-1,303,172,9,10,0.39,2,-1,-1
444,-1,357,284,31,36,0.93,2,-1,-1
444,-1,322,188,26,38,0.88,7,-1,-1
444,-1,270,209,14,16,0.85,2,-1,-1
444,-1,303,172,9,10,0.35,2,-1,-1
445,-1,353,278,30,34,0.94,2,-1,-1
445,-1,322,189,24,35,0.91,7,-1,-1
445,-1,269,212,14,16,0.88,2,-1,-1
446,-1,352,274,28,33,0.92,2,-1,-1
446,-1,322,190,24,33,0.91,7,-1,-1
446,-1,268,214,14,16,0.86,2,-1,-1
446,-1,303,172,8,9,0.18,2,-1,-1
447,-1,349,267,27,31,0.93,2,-1,-1
447,-1,322,188,23,32,0.90,7,-1,-1
447,-1,267,217,14,17,0.87,2,-1,-1
447,-1,302,170,9,10,0.42,2,-1,-1
448,-1,348,263,26,31,0.92,2,-1,-1
448,-1,322,190,22,29,0.87,7,-1,-1
448,-1,266,220,15,17,0.87,2,-1,-1
448,-1,302,170,9,10,0.35,2,-1,-1
449,-1,346,258,25,29,0.91,2,-1,-1
449,-1,266,223,15,18,0.89,2,-1,-1
449,-1,321,189,22,28,0.86,7,-1,-1
449,-1,302,169,8,9,0.40,2,-1,-1
450,-1,345,255,24,28,0.91,2,-1,-1
450,-1,265,226,16,18,0.88,2,-1,-1
450,-1,320,189,22,27,0.84,7,-1,-1
450,-1,302,169,8,9,0.41,2,-1,-1
451,-1,343,250,23,28,0.92,2,-1,-1
451,-1,264,229,16,20,0.89,2,-1,-1
451,-1,320,188,22,26,0.75,7,-1,-1
452,-1,342,248,22,26,0.91,2,-1,-1
452,-1,263,233,16,19,0.89,2,-1,-1
452,-1,319,188,21,25,0.50,7,-1,-1
452,-1,301,167,8,9,0.31,2,-1,-1
453,-1,341,243,22,25,0.92,2,-1,-1
453,-1,261,237,17,21,0.89,2,-1,-1
453,-1,319,185,22,26,0.79,7,-1,-1
454,-1,339,241,22,24,0.91,2,-1,-1
454,-1,260,240,18,21,0.90,2,-1,-1
454,-1,318,186,21,24,0.51,7,-1,-1
455,-1,338,237,21,24,0.91,2,-1,-1
455,-1,259,245,18,22,0.89,2,-1,-1
455,-1,318,183,21,25,0.87,7,-1,-1
456,-1,337,234,21,24,0.90,2,-1,-1
456,-1,257,250,18,22,0.90,2,-1,-1
456,-1,318,184,19,23,0.67,7,-1,-1
457,-1,255,256,19,24,0.91,2,-1,-1
457,-1,335,231,20,22,0.89,2,-1,-1
457,-1,317,180,20,25,0.81,7,-1,-1
458,-1,253,260,21,26,0.91,2,-1,-1
458,-1,335,229,20,22,0.88,2,-1,-1
458,-1,317,180,20,25,0.82,7,-1,-1
459,-1,252,267,21,27,0.92,2,-1,-1
459,-1,334,225,19,22,0.88,2,-1,-1
459,-1,317,180,19,23,0.57,7,-1,-1
460,-1,250,273,22,28,0.91,2,-1,-1
460,-1,333,223,19,22,0.88,2,-1,-1
460,-1,317,180,19,23,0.43,2,-1,-1
460,-1,265,155,10,15,0.10,7,-1,-1
461,-1,247,281,23,31,0.93,2,-1,-1
461,-1,332,221,19,20,0.87,2,-1,-1
461,-1,317,180,18,21,0.69,2,-1,-1
461,-1,264,154,10,15,0.13,7,-1,-1
462,-1,245,288,24,32,0.94,2,-1,-1
462,-1,331,220,19,20,0.87,2,-1,-1
462,-1,317,181,16,20,0.78,2,-1,-1
463,-1,242,299,26,35,0.95,2,-1,-1
463,-1,330,217,18,19,0.87,2,-1,-1
463,-1,316,181,16,19,0.78,2,-1,-1
464,-1,240,307,27,37,0.94,2,-1,-1
464,-1,329,215,18,20,0.86,2,-1,-1
464,-1,316,179,17,20,0.73,2,-1,-1
464,-1,265,155,10,15,0.24,7,-1,-1
465,-1,236,321,29,42,0.93,2,-1,-1
465,-1,328,213,17,19,0.87,2,-1,-1
465,-1,315,177,17,20,0.76,2,-1,-1
465,-1,265,155,10,15,0.27,7,-1,-1
466,-1,232,333,31,45,0.94,2,-1,-1
466,-1,327,212,18,19,0.87,2,-1,-1
466,-1,314,176,17,21,0.82,2,-1,-1
466,-1,265,155,10,15,0.17,7,-1,-1
467,-1,227,351,34,50,0.93,2,-1,-1
467,-1,327,209,18,18,0.87,2,-1,-1
467,-1,314,176,16,19,0.78,2,-1,-1
467,-1,265,156,12,17,0.23,7,-1,-1
468,-1,223,366,37,55,0.95,2,-1,-1
468,-1,326,208,17,18,0.87,2,-1,-1
468,-1,314,175,16,20,0.79,2,-1,-1
468,-1,265,155,12,17,0.24,7,-1,-1
469,-1,216,392,41,65,0.94,2,-1,-1
469,-1,326,206,17,18,0.87,2,-1,-1
469,-1,314,174,16,20,0.74,2,-1,-1
469,-1,265,156,13,18,0.25,7,-1,-1
470,-1,210,412,44,74,0.94,2,-1,-1
470,-1,325,206,17,18,0.87,2,-1,-1
470,-1,313,174,15,20,0.79,2,-1,-1
470,-1,265,157,13,17,0.25,7,-1,-1
471,-1,200,448,50,90,0.94,2,-1,-1
471,-1,324,204,16,18,0.87,2,-1,-1
471,-1,313,173,16,20,0.79,2,-1,-1
471,-1,265,157,13,18,0.43,7,-1,-1
472,-1,192,477,55,62,0.94,2,-1,-1
472,-1,323,202,16,18,0.87,2,-1,-1
472,-1,313,172,16,20,0.78,2,-1,-1
472,-1,265,157,13,18,0.56,7,-1,-1
473,-1,323,200,16,18,0.83,2,-1,-1
473,-1,312,171,16,20,0.78,2,-1,-1
473,-1,265,157,13,18,0.58,7,-1,-1
474,-1,322,198,17,19,0.83,2,-1,-1
474,-1,312,170,16,20,0.74,2,-1,-1
474,-1,265,157,13,18,0.61,7,-1,-1
475,-1,322,197,16,18,0.84,2,-1,-1
475,-1,312,170,16,19,0.79,2,-1,-1
475,-1,265,158,14,18,0.26,7,-1,-1
476,-1,322,197,15,16,0.86,2,-1,-1
476,-1,312,170,15,19,0.80,2,-1,-1
476,-1,265,157,15,18,0.22,7,-1,-1
477,-1,321,196,15,16,0.85,2,-1,-1
477,-1,311,168,15,19,0.75,2,-1,-1
477,-1,266,159,14,16,0.44,7,-1,-1
478,-1,321,195,15,16,0.84,2,-1,-1
478,-1,311,168,15,19,0.74,2,-1,-1
478,-1,267,159,13,16,0.42,7,-1,-1
479,-1,320,194,15,16,0.81,2,-1,-1
479,-1,311,168,15,19,0.66,2,-1,-1
479,-1,267,160,13,17,0.42,7,-1,-1
480,-1,320,192,14,16,0.82,2,-1,-1
480,-1,311,167,15,18,0.66,2,-1,-1
480,-1,267,160,13,17,0.50,7,-1,-1
481,-1,319,191,14,16,0.81,2,-1,-1
481,-1,311,167,13,17,0.63,2,-1,-1
481,-1,267,160,13,18,0.60,7,-1,-1
482,-1,319,190,14,15,0.80,2,-1,-1
482,-1,268,160,13,18,0.62,7,-1,-1
482,-1,311,168,13,17,0.62,2,-1,-1
483,-1,353,511,67,28,0.88,2,-1,-1
483,-1,319,189,14,15,0.80,2,-1,-1
483,-1,267,160,13,19,0.70,7,-1,-1
483,-1,310,167,14,16,0.65,2,-1,-1
484,-1,350,480,61,59,0.93,2,-1,-1
484,-1,319,189,13,14,0.78,2,-1,-1
484,-1,268,160,13,20,0.73,7,-1,-1
484,-1,310,167,13,16,0.67,2,-1,-1
485,-1,344,441,52,74,0.95,2,-1,-1
485,-1,318,188,13,14,0.77,2,-1,-1
485,-1,268,160,13,20,0.71,7,-1,-1
485,-1,310,166,12,15,0.69,2,-1,-1
486,-1,339,419,49,65,0.95,2,-1,-1
486,-1,318,187,12,14,0.78,2,-1,-1
486,-1,268,160,13,20,0.71,7,-1,-1
486,-1,309,166,11,15,0.69,2,-1,-1
487,-1,335,391,43,55,0.94,2,-1,-1
487,-1,318,186,13,15,0.79,2,-1,-1
487,-1,267,161,14,21,0.75,7,-1,-1
487,-1,309,164,12,16,0.48,2,-1,-1
488,-1,333,375,40,50,0.95,2,-1,-1
488,-1,266,161,13,21,0.80,7,-1,-1
488,-1,317,183,12,15,0.78,2,-1,-1
488,-1,309,164,12,15,0.64,2,-1,-1
489,-1,329,355,35,44,0.94,2,-1,-1
489,-1,266,161,14,22,0.81,7,-1,-1
489,-1,317,183,12,15,0.78,2,-1,-1
489,-1,309,164,12,16,0.53,2,-1,-1
490,-1,328,343,33,41,0.94,2,-1,-1
490,-1,317,182,12,14,0.78,2,-1,-1
490,-1,265,162,14,22,0.71,7,-1,-1
490,-1,308,163,12,15,0.48,7,-1,-1
491,-1,325,326,31,37,0.94,2,-1,-1
491,-1,317,181,12,14,0.79,2,-1,-1
491,-1,265,162,14,22,0.77,7,-1,-1
491,-1,308,163,12,14,0.62,7,-1,-1
492,-1,323,316,30,36,0.94,2,-1,-1
492,-1,264,162,15,23,0.82,7,-1,-1
492,-1,316,180,12,15,0.79,2,-1,-1
492,-1,308,163,12,14,0.63,7,-1,-1
493,-1,321,303,29,33,0.93,2,-1,-1
493,-1,316,180,11,14,0.76,2,-1,-1
493,-1,263,162,16,23,0.74,7,-1,-1
493,-1,307,163,12,14,0.69,7,-1,-1
494,-1,320,295,27,32,0.93,2,-1,-1
494,-1,316,179,12,14,0.77,2,-1,-1
494,-1,263,163,16,23,0.76,7,-1,-1
494,-1,307,163,12,14,0.53,7,-1,-1
495,-1,318,286,24,29,0.92,2,-1,-1
495,-1,262,162,17,24,0.79,7,-1,-1
495,-1,316,179,12,13,0.75,2,-1,-1
495,-1,307,162,12,13,0.60,7,-1,-1
496,-1,317,279,24,28,0.91,2,-1,-1
496,-1,262,164,16,23,0.82,7,-1,-1
496,-1,315,179,11,13,0.71,2,-1,-1
496,-1,306,162,12,14,0.59,7,-1,-1
497,-1,316,270,23,26,0.91,2,-1,-1
497,-1,263,165,16,24,0.81,7,-1,-1
497,-1,315,178,11,12,0.71,2,-1,-1
497,-1,305,161,12,14,0.53,7,-1,-1
498,-1,315,266,24,25,0.90,2,-1,-1
498,-1,263,166,16,23,0.81,7,-1,-1
498,-1,315,178,11,12,0.70,2,-1,-1
498,-1,305,161,13,14,0.55,7,-1,-1
499,-1,314,259,22,23,0.91,2,-1,-1
499,-1,263,166,16,23,0.78,7,-1,-1
499,-1,305,160,12,14,0.55,7,-1,-1
499,-1,315,177,10,12,0.32,2,-1,-1
500,-1,314,254,21,23,0.90,2,-1,-1
500,-1,263,168,16,23,0.80,7,-1,-1
500,-1,305,159,13,15,0.58,7,-1,-1
500,-1,315,177,10,11,0.41,2,-1,-1
501,-1,313,248,19,22,0.90,2,-1,-1
501,-1,263,168,17,24,0.83,7,-1,-1
501,-1,304,157,13,15,0.64,7,-1,-1
501,-1,314,175,11,12,0.45,2,-1,-1
502,-1,312,244,19,22,0.90,2,-1,-1
502,-1,263,169,17,23,0.83,7,-1,-1
502,-1,304,158,13,14,0.54,7,-1,-1
502,-1,314,174,11,12,0.32,2,-1,-1
503,-1,311,239,20,21,0.89,2,-1,-1
503,-1,262,169,16,24,0.81,7,-1,-1
503,-1,303,156,13,15,0.63,7,-1,-1
503,-1,314,175,10,11,0.37,2,-1,-1
504,-1,311,236,19,20,0.89,2,-1,-1
504,-1,262,170,17,25,0.84,7,-1,-1
504,-1,303,156,12,16,0.78,7,-1,-1
504,-1,314,174,10,11,0.23,2,-1,-1
505,-1,310,230,18,20,0.89,2,-1,-1
505,-1,262,170,18,25,0.83,7,-1,-1
505,-1,303,156,12,15,0.72,7,-1,-1
505,-1,313,173,10,10,0.32,2,-1,-1
506,-1,310,228,18,20,0.88,2,-1,-1
506,-1,261,171,16,26,0.83,7,-1,-1
506,-1,303,156,12,15,0.65,7,-1,-1
506,-1,312,173,9,10,0.14,2,-1,-1
507,-1,310,224,18,19,0.89,2,-1,-1
507,-1,261,171,17,27,0.88,7,-1,-1
507,-1,302,155,12,15,0.54,7,-1,-1
507,-1,312,172,10,11,0.24,2,-1,-1
508,-1,309,221,18,19,0.89,2,-1,-1
508,-1,261,171,16,27,0.88,7,-1,-1
508,-1,302,156,13,15,0.49,7,-1,-1
508,-1,311,172,10,10,0.20,2,-1,-1
509,-1,259,172,17,27,0.88,7,-1,-1
509,-1,309,218,17,18,0.87,2,-1,-1
509,-1,302,156,12,14,0.12,7,-1,-1
509,-1,311,171,10,11,0.10,2,-1,-1
510,-1,259,172,17,28,0.89,7,-1,-1
510,-1,309,216,17,18,0.88,2,-1,-1
510,-1,302,156,12,13,0.22,7,-1,-1
510,-1,311,172,10,10,0.15,2,-1,-1
511,-1,259,173,18,29,0.90,7,-1,-1
511,-1,308,213,16,18,0.88,2,-1,-1
511,-1,310,170,10,10,0.48,2,-1,-1
511,-1,300,155,12,13,0.42,7,-1,-1
512,-1,257,174,18,29,0.91,7,-1,-1
512,-1,308,211,16,17,0.88,2,-1,-1
512,-1,310,170,9,10,0.56,2,-1,-1
512,-1,300,155,12,13,0.20,7,-1,-1
513,-1,257,174,19,31,0.90,7,-1,-1
513,-1,308,208,15,16,0.88,2,-1,-1
513,-1,309,169,9,10,0.36,2,-1,-1
514,-1,256,174,19,32,0.90,7,-1,-1
514,-1,308,206,15,17,0.87,2,-1,-1
514,-1,308,168,10,11,0.59,2,-1,-1
515,-1,255,175,19,33,0.91,7,-1,-1
515,-1,307,205,15,16,0.87,2,-1,-1
515,-1,308,167,10,11,0.71,2,-1,-1
516,-1,255,175,19,33,0.90,7,-1,-1
516,-1,307,203,14,16,0.86,2,-1,-1
516,-1,308,167,10,11,0.65,2,-1,-1
517,-1,254,176,19,34,0.90,7,-1,-1
517,-1,307,200,14,16,0.86,2,-1,-1
517,-1,308,167,9,11,0.57,2,-1,-1
517,-1,297,153,11,13,0.10,7,-1,-1
518,-1,255,176,19,36,0.87,7,-1,-1
518,-1,307,199,14,15,0.85,2,-1,-1
518,-1,308,167,9,10,0.32,2,-1,-1
518,-1,297,153,11,13,0.12,7,-1,-1
519,-1,307,197,14,15,0.88,2,-1,-1
519,-1,254,178,19,36,0.87,7,-1,-1
519,-1,307,166,9,11,0.25,2,-1,-1
520,-1,306,196,14,14,0.88,2,-1,-1
520,-1,254,177,19,37,0.87,7,-1,-1
520,-1,307,166,9,10,0.46,2,-1,-1
521,-1,253,179,19,38,0.87,7,-1,-1
521,-1,306,194,14,15,0.85,2,-1,-1
521,-1,306,165,8,10,0.44,2,-1,-1
522,-1,251,183,20,35,0.86,7,-1,-1
522,-1,306,193,14,15,0.84,2,-1,-1
522,-1,307,165,8,10,0.43,2,-1,-1
523,-1,249,183,21,38,0.89,7,-1,-1
523,-1,306,191,14,15,0.82,2,-1,-1
523,-1,305,164,9,10,0.57,2,-1,-1
524,-1,248,182,22,39,0.92,7,-1,-1
524,-1,306,190,14,14,0.80,2,-1,-1
524,-1,305,164,9,10,0.54,2,-1,-1
525,-1,247,184,23,40,0.93,7,-1,-1
525,-1,305,188,13,13,0.77,2,-1,-1
525,-1,305,163,8,10,0.47,2,-1,-1
526,-1,246,184,23,41,0.93,7,-1,-1
526,-1,305,187,13,14,0.77,2,-1,-1
526,-1,304,163,8,10,0.55,2,-1,-1
527,-1,245,186,24,43,0.93,7,-1,-1
527,-1,304,185,13,14,0.75,2,-1,-1
527,-1,304,163,8,10,0.55,2,-1,-1
528,-1,243,186,25,44,0.93,7,-1,-1
528,-1,304,184,13,14,0.71,2,-1,-1
528,-1,304,163,8,10,0.43,2,-1,-1
529,-1,242,187,26,45,0.92,7,-1,-1
529,-1,304,183,12,14,0.72,2,-1,-1
529,-1,303,162,8,10,0.48,2,-1,-1
530,-1,240,188,26,47,0.91,7,-1,-1
530,-1,303,183,12,14,0.73,2,-1,-1
530,-1,303,162,8,10,0.49,2,-1,-1
531,-1,239,192,26,45,0.93,7,-1,-1
531,-1,303,182,12,13,0.76,2,-1,-1
531,-1,302,162,8,9,0.35,2,-1,-1
532,-1,238,193,27,47,0.93,7,-1,-1
532,-1,303,181,12,13,0.77,2,-1,-1
532,-1,302,162,8,9,0.33,2,-1,-1
533,-1,236,193,28,50,0.91,7,-1,-1
533,-1,303,180,11,13,0.71,2,-1,-1
533,-1,302,162,8,9,0.17,2,-1,-1
534,-1,234,194,29,51,0.90,7,-1,-1
534,-1,303,180,11,12,0.67,2,-1,-1
534,-1,302,162,8,9,0.16,2,-1,-1
535,-1,232,196,29,52,0.94,7,-1,-1
535,-1,302,178,11,12,0.66,2,-1,-1
536,-1,231,197,30,54,0.94,7,-1,-1
536,-1,302,178,11,12,0.68,2,-1,-1
537,-1,229,199,31,57,0.94,7,-1,-1
537,-1,302,177,10,12,0.60,2,-1,-1
537,-1,299,159,8,9,0.11,2,-1,-1
538,-1,227,199,32,59,0.93,7,-1,-1
538,-1,302,177,10,11,0.49,2,-1,-1
538,-1,299,159,8,10,0.11,2,-1,-1
539,-1,224,203,34,61,0.96,7,-1,-1
539,-1,301,175,9,10,0.43,2,-1,-1
539,-1,299,159,7,9,0.16,2,-1,-1
540,-1,224,204,33,62,0.94,7,-1,-1
540,-1,301,174,9,10,0.48,2,-1,-1
541,-1,219,207,36,65,0.94,7,-1,-1
541,-1,301,174,9,10,0.52,2,-1,-1
542,-1,216,207,38,68,0.93,7,-1,-1
542,-1,301,174,8,10,0.48,2,-1,-1
543,-1,213,210,40,71,0.94,7,-1,-1
543,-1,301,173,8,9,0.41,2,-1,-1
544,-1,211,211,41,74,0.94,7,-1,-1
544,-1,300,173,8,9,0.35,2,-1,-1
545,-1,207,213,44,79,0.95,7,-1,-1
546,-1,204,218,45,79,0.94,7,-1,-1
546,-1,299,171,8,10,0.15,2,-1,-1
547,-1,200,222,47,83,0.95,7,-1,-1
547,-1,299,171,8,9,0.32,2,-1,-1
548,-1,197,224,49,86,0.94,7,-1,-1
548,-1,298,171,8,9,0.36,2,-1,-1
549,-1,192,226,51,94,0.95,7,-1,-1
549,-1,298,169,8,9,0.47,2,-1,-1
550,-1,188,229,54,97,0.95,7,-1,-1
550,-1,298,169,8,9,0.52,2,-1,-1
551,-1,182,236,58,102,0.95,7,-1,-1
551,-1,297,168,7,8,0.22,2,-1,-1
552,-1,177,239,60,107,0.96,7,-1,-1
552,-1,297,168,7,7,0.33,2,-1,-1
553,-1,170,243,64,117,0.96,7,-1,-1
553,-1,296,167,8,8,0.70,2,-1,-1
554,-1,166,247,66,125,0.96,7,-1,-1
554,-1,296,166,7,8,0.30,2,-1,-1
555,-1,156,252,74,137,0.96,7,-1,-1
555,-1,296,166,7,8,0.58,2,-1,-1
556,-1,149,256,77,147,0.96,7,-1,-1
556,-1,295,166,7,8,0.59,2,-1,-1
557,-1,136,263,88,163,0.95,7,-1,-1
558,-1,127,269,93,176,0.96,7,-1,-1
559,-1,113,276,104,201,0.95,7,-1,-1
560,-1,100,283,113,218,0.96,7,-1,-1
561,-1,81,291,130,247,0.96,7,-1,-1
562,-1,64,297,142,242,0.95,7,-1,-1
563,-1,34,308,166,230,0.94,7,-1,-1
563,-1,291,162,8,8,0.20,2,-1,-1
564,-1,3,322,191,217,0.95,7,-1,-1
564,-1,291,162,8,8,0.19,2,-1,-1
565,-1,10,341,175,198,0.95,7,-1,-1
565,-1,291,162,7,8,0.18,2,-1,-1
566,-1,11,355,168,184,0.95,7,-1,-1
567,-1,2,377,164,162,0.95,7,-1,-1
568,-1,0,396,156,143,0.96,7,-1,-1
569,-1,0,432,140,107,0.95,7,-1,-1
569,-1,158,516,71,23,0.82,2,-1,-1
570,-1,0,464,126,75,0.94,7,-1,-1
592,-1,272,166,10,13,0.12,2,-1,-1
595,-1,271,166,11,14,0.32,2,-1,-1
597,-1,273,171,10,11,0.25,2,-1,-1
598,-1,273,171,10,11,0.24,2,-1,-1
599,-1,273,169,11,14,0.28,2,-1,-1
599,-1,262,169,12,16,0.17,2,-1,-1
600,-1,272,170,11,13,0.36,2,-1,-1
600,-1,263,167,12,17,0.10,2,-1,-1
601,-1,273,170,11,12,0.25,2,-1,-1
602,-1,269,171,12,13,0.32,2,-1,-1
603,-1,270,171,12,13,0.29,2,-1,-1
604,-1,272,172,12,12,0.30,2,-1,-1
605,-1,269,172,12,13,0.30,2,-1,-1
606,-1,267,172,12,14,0.45,2,-1,-1
607,-1,270,173,12,14,0.35,2,-1,-1
607,-1,275,163,9,10,0.22,2,-1,-1
608,-1,270,174,13,13,0.50,2,-1,-1
608,-1,276,167,9,7,0.11,2,-1,-1
609,-1,271,175,12,13,0.64,2,-1,-1
609,-1,276,168,9,7,0.13,2,-1,-1
610,-1,272,175,11,14,0.60,2,-1,-1
610,-1,276,168,9,8,0.16,2,-1,-1
611,-1,271,174,13,16,0.52,2,-1,-1
611,-1,276,167,10,9,0.21,2,-1,-1
612,-1,263,173,13,18,0.57,2,-1,-1
612,-1,277,167,9,9,0.27,2,-1,-1
613,-1,263,175,12,18,0.57,2,-1,-1
613,-1,276,168,10,10,0.31,2,-1,-1
614,-1,263,175,12,17,0.57,2,-1,-1
614,-1,276,168,10,10,0.31,2,-1,-1
615,-1,262,167,15,26,0.38,7,-1,-1
615,-1,275,171,10,10,0.23,2,-1,-1
616,-1,271,179,12,15,0.53,2,-1,-1
616,-1,276,170,10,9,0.33,2,-1,-1
617,-1,262,172,14,23,0.47,7,-1,-1
617,-1,277,172,9,8,0.24,2,-1,-1
618,-1,262,173,14,23,0.50,7,-1,-1
618,-1,277,172,9,8,0.21,2,-1,-1
619,-1,260,172,16,26,0.77,7,-1,-1
620,-1,260,170,16,28,0.84,7,-1,-1
621,-1,260,172,16,26,0.84,7,-1,-1
621,-1,276,172,12,12,0.14,2,-1,-1
622,-1,259,172,16,28,0.83,7,-1,-1
622,-1,277,171,11,12,0.36,2,-1,-1
623,-1,259,174,16,27,0.85,7,-1,-1
623,-1,277,172,11,12,0.40,2,-1,-1
624,-1,259,174,17,27,0.86,7,-1,-1
624,-1,278,175,10,10,0.17,2,-1,-1
625,-1,258,175,17,28,0.89,7,-1,-1
625,-1,277,173,12,13,0.62,2,-1,-1
626,-1,258,175,18,29,0.90,7,-1,-1
626,-1,277,173,11,14,0.61,2,-1,-1
627,-1,257,175,18,31,0.90,7,-1,-1
627,-1,277,176,11,12,0.59,2,-1,-1
628,-1,256,175,19,32,0.89,7,-1,-1
628,-1,277,175,11,13,0.62,2,-1,-1
629,-1,255,176,19,33,0.89,7,-1,-1
629,-1,277,176,12,14,0.61,2,-1,-1
630,-1,254,176,19,33,0.89,7,-1,-1
630,-1,277,179,12,12,0.69,2,-1,-1
631,-1,254,177,19,33,0.87,7,-1,-1
631,-1,276,177,13,15,0.70,2,-1,-1
632,-1,253,177,20,34,0.87,7,-1,-1
632,-1,277,178,12,15,0.75,2,-1,-1
633,-1,253,180,19,33,0.88,7,-1,-1
633,-1,277,180,12,15,0.74,2,-1,-1
634,-1,251,183,20,32,0.90,7,-1,-1
634,-1,277,180,12,15,0.75,2,-1,-1
635,-1,251,184,20,33,0.91,7,-1,-1
635,-1,277,182,12,14,0.76,2,-1,-1
636,-1,250,184,21,34,0.91,7,-1,-1
636,-1,277,182,12,15,0.78,2,-1,-1
637,-1,249,185,22,35,0.89,7,-1,-1
637,-1,276,182,12,16,0.79,2,-1,-1
638,-1,248,186,22,35,0.89,7,-1,-1
638,-1,276,183,12,16,0.81,2,-1,-1
639,-1,247,186,22,37,0.91,7,-1,-1
639,-1,276,185,12,17,0.83,2,-1,-1
640,-1,246,187,23,38,0.93,7,-1,-1
640,-1,276,185,13,18,0.82,2,-1,-1
641,-1,245,188,23,39,0.93,7,-1,-1
641,-1,276,188,12,17,0.74,2,-1,-1
642,-1,244,189,24,39,0.91,7,-1,-1
642,-1,276,189,13,17,0.79,2,-1,-1
642,-1,266,158,12,16,0.16,7,-1,-1
643,-1,243,192,24,40,0.92,7,-1,-1
643,-1,275,191,13,17,0.83,2,-1,-1
643,-1,266,158,13,16,0.42,7,-1,-1
644,-1,242,193,25,40,0.91,7,-1,-1
644,-1,274,191,13,18,0.84,2,-1,-1
644,-1,266,158,13,16,0.37,7,-1,-1
645,-1,240,194,26,42,0.91,7,-1,-1
645,-1,274,193,14,17,0.82,2,-1,-1
645,-1,266,158,13,16,0.36,7,-1,-1
646,-1,239,194,27,43,0.92,7,-1,-1
646,-1,274,194,14,18,0.79,2,-1,-1
646,-1,266,158,13,16,0.27,7,-1,-1
647,-1,237,195,28,44,0.92,7,-1,-1
647,-1,274,197,14,18,0.80,2,-1,-1
647,-1,266,158,14,17,0.30,7,-1,-1
648,-1,236,197,28,44,0.92,7,-1,-1
648,-1,273,196,15,20,0.82,2,-1,-1
648,-1,266,158,14,17,0.51,7,-1,-1
649,-1,234,199,28,46,0.90,7,-1,-1
649,-1,272,198,15,20,0.77,2,-1,-1
649,-1,265,158,13,17,0.50,7,-1,-1
650,-1,233,200,29,47,0.93,7,-1,-1
650,-1,272,199,15,21,0.82,2,-1,-1
650,-1,265,158,13,17,0.46,7,-1,-1
651,-1,231,202,29,48,0.94,7,-1,-1
651,-1,271,204,15,19,0.82,2,-1,-1
652,-1,230,205,29,47,0.92,7,-1,-1
652,-1,270,203,16,22,0.84,2,-1,-1
653,-1,228,207,31,49,0.93,7,-1,-1
653,-1,269,204,17,25,0.82,2,-1,-1
654,-1,226,211,32,49,0.93,7,-1,-1
654,-1,268,204,18,26,0.82,2,-1,-1
655,-1,225,212,32,52,0.94,7,-1,-1
655,-1,267,205,19,29,0.82,2,-1,-1
655,-1,267,159,13,19,0.20,7,-1,-1
656,-1,223,213,32,53,0.93,7,-1,-1
656,-1,267,207,19,28,0.84,2,-1,-1
656,-1,267,160,14,19,0.27,7,-1,-1
657,-1,220,213,35,58,0.93,7,-1,-1
657,-1,265,208,20,32,0.86,2,-1,-1
657,-1,266,160,15,19,0.18,7,-1,-1
658,-1,218,213,36,61,0.92,7,-1,-1
658,-1,264,209,21,34,0.61,7,-1,-1
658,-1,265,160,15,19,0.21,7,-1,-1
659,-1,215,215,37,63,0.91,7,-1,-1
659,-1,262,211,23,36,0.66,2,-1,-1
659,-1,266,160,15,20,0.23,7,-1,-1
660,-1,213,218,38,65,0.93,7,-1,-1
660,-1,261,214,23,36,0.76,2,-1,-1
661,-1,210,222,40,67,0.95,7,-1,-1
661,-1,260,218,23,37,0.81,2,-1,-1
661,-1,266,161,14,20,0.24,7,-1,-1
662,-1,207,225,41,68,0.95,7,-1,-1
662,-1,258,221,24,37,0.84,2,-1,-1
662,-1,266,162,15,20,0.40,7,-1,-1
663,-1,203,227,44,73,0.95,7,-1,-1
663,-1,257,224,24,39,0.88,2,-1,-1
663,-1,266,162,14,20,0.54,7,-1,-1
664,-1,201,228,45,77,0.95,7,-1,-1
664,-1,255,227,25,41,0.92,2,-1,-1
664,-1,267,163,14,20,0.38,7,-1,-1
665,-1,197,231,48,81,0.95,7,-1,-1
665,-1,252,228,29,48,0.71,7,-1,-1
665,-1,268,166,14,17,0.32,2,-1,-1
666,-1,194,235,49,83,0.94,7,-1,-1
666,-1,251,230,30,49,0.91,2,-1,-1
666,-1,267,166,14,17,0.22,2,-1,-1
667,-1,189,241,51,85,0.95,7,-1,-1
667,-1,249,237,30,51,0.89,2,-1,-1
667,-1,265,166,14,18,0.20,2,-1,-1
668,-1,185,245,54,88,0.95,7,-1,-1
668,-1,247,242,31,51,0.87,2,-1,-1
668,-1,266,167,14,18,0.23,2,-1,-1
669,-1,178,245,59,98,0.95,7,-1,-1
669,-1,244,244,33,59,0.70,7,-1,-1
669,-1,264,164,15,22,0.39,7,-1,-1
670,-1,174,251,61,100,0.96,7,-1,-1
670,-1,242,254,34,56,0.91,2,-1,-1
670,-1,264,164,15,22,0.27,7,-1,-1
671,-1,168,263,64,101,0.95,7,-1,-1
671,-1,240,261,35,61,0.91,2,-1,-1
671,-1,264,167,14,20,0.39,2,-1,-1
672,-1,164,260,67,114,0.95,7,-1,-1
672,-1,237,264,37,67,0.83,2,-1,-1
672,-1,265,168,14,19,0.39,2,-1,-1
673,-1,155,265,73,125,0.96,7,-1,-1
673,-1,233,271,40,74,0.85,7,-1,-1
673,-1,265,169,14,19,0.42,2,-1,-1
674,-1,148,269,77,135,0.95,7,-1,-1
674,-1,230,280,41,77,0.86,7,-1,-1
674,-1,265,171,14,18,0.47,2,-1,-1
675,-1,138,272,86,154,0.95,7,-1,-1
675,-1,225,290,42,86,0.92,7,-1,-1
675,-1,265,170,14,20,0.51,7,-1,-1
676,-1,221,298,44,92,0.95,7,-1,-1
676,-1,129,280,92,160,0.94,7,-1,-1
676,-1,265,170,14,20,0.64,2,-1,-1
677,-1,116,287,102,182,0.95,7,-1,-1
677,-1,213,312,50,104,0.94,7,-1,-1
677,-1,264,171,15,21,0.59,7,-1,-1
678,-1,105,290,110,200,0.95,7,-1,-1
678,-1,209,324,53,113,0.94,7,-1,-1
678,-1,264,171,15,21,0.62,7,-1,-1
679,-1,85,292,127,234,0.95,7,-1,-1
679,-1,199,344,58,130,0.94,7,-1,-1
679,-1,264,171,15,22,0.72,7,-1,-1
680,-1,191,359,64,147,0.95,7,-1,-1
680,-1,72,299,136,240,0.94,7,-1,-1
680,-1,264,172,15,22,0.60,7,-1,-1
681,-1,46,310,154,229,0.94,7,-1,-1
681,-1,177,378,72,159,0.92,7,-1,-1
681,-1,264,172,15,23,0.77,7,-1,-1
682,-1,23,328,171,211,0.94,7,-1,-1
682,-1,166,400,79,137,0.91,7,-1,-1
682,-1,264,172,15,23,0.61,7,-1,-1
683,-1,4,343,185,196,0.95,7,-1,-1
683,-1,145,450,94,89,0.65,7,-1,-1
683,-1,263,174,15,23,0.45,2,-1,-1
684,-1,1,358,181,181,0.94,7,-1,-1
684,-1,144,484,89,55,0.58,2,-1,-1
684,-1,262,174,15,25,0.29,2,-1,-1
685,-1,1,379,171,160,0.94,7,-1,-1
685,-1,261,174,17,26,0.67,7,-1,-1
686,-1,1,393,162,146,0.93,7,-1,-1
686,-1,261,174,16,25,0.74,7,-1,-1
687,-1,3,424,147,115,0.93,7,-1,-1
687,-1,260,174,18,26,0.88,7,-1,-1
688,-1,2,438,139,101,0.89,7,-1,-1
688,-1,260,174,18,27,0.87,7,-1,-1
689,-1,259,174,19,28,0.87,7,-1,-1
689,-1,17,488,104,51,0.78,7,-1,-1
690,-1,259,174,17,28,0.84,7,-1,-1
690,-1,4,518,94,21,0.21,7,-1,-1
691,-1,258,175,18,29,0.86,7,-1,-1
692,-1,257,175,18,30,0.88,7,-1,-1
693,-1,256,176,18,31,0.89,7,-1,-1
694,-1,256,178,19,30,0.90,7,-1,-1
695,-1,255,177,19,33,0.89,7,-1,-1
696,-1,255,177,20,33,0.89,7,-1,-1
697,-1,254,179,20,33,0.87,7,-1,-1
698,-1,254,179,20,34,0.87,7,-1,-1
699,-1,253,183,20,32,0.87,7,-1,-1
700,-1,253,183,20,33,0.87,7,-1,-1
701,-1,251,184,21,34,0.88,7,-1,-1
702,-1,251,184,22,35,0.86,7,-1,-1
703,-1,250,184,22,37,0.89,7,-1,-1
704,-1,248,185,23,38,0.91,7,-1,-1
705,-1,247,185,23,39,0.91,7,-1,-1
706,-1,246,185,24,41,0.91,7,-1,-1
707,-1,245,187,24,41,0.91,7,-1,-1
708,-1,244,188,24,41,0.91,7,-1,-1
709,-1,243,191,25,41,0.91,7,-1,-1
710,-1,242,192,25,42,0.92,7,-1,-1
711,-1,240,192,27,43,0.92,7,-1,-1
712,-1,240,194,26,43,0.92,7,-1,-1
713,-1,238,195,28,45,0.92,7,-1,-1
714,-1,236,196,29,46,0.92,7,-1,-1
715,-1,235,197,28,47,0.91,7,-1,-1
716,-1,235,199,28,47,0.91,7,-1,-1
717,-1,232,200,29,49,0.94,7,-1,-1
718,-1,231,201,30,51,0.94,7,-1,-1
719,-1,229,203,31,53,0.95,7,-1,-1
720,-1,227,204,32,54,0.94,7,-1,-1
721,-1,226,206,32,55,0.93,7,-1,-1
722,-1,225,208,32,56,0.92,7,-1,-1
723,-1,222,210,34,58,0.95,7,-1,-1
724,-1,222,210,34,61,0.96,7,-1,-1
725,-1,218,211,36,64,0.93,7,-1,-1
726,-1,216,212,38,67,0.93,7,-1,-1
727,-1,213,212,40,73,0.93,7,-1,-1
728,-1,210,217,40,71,0.93,7,-1,-1
729,-1,207,222,43,72,0.95,7,-1,-1
730,-1,204,225,43,75,0.95,7,-1,-1
731,-1,200,227,46,79,0.95,7,-1,-1
732,-1,197,230,47,81,0.94,7,-1,-1
733,-1,193,235,49,84,0.95,7,-1,-1
733,-1,437,454,128,85,0.94,7,-1,-1
734,-1,190,236,51,88,0.95,7,-1,-1
734,-1,420,427,140,112,0.93,7,-1,-1
735,-1,183,241,54,93,0.95,7,-1,-1
735,-1,408,389,130,150,0.94,7,-1,-1
736,-1,180,243,57,98,0.96,7,-1,-1
736,-1,399,371,113,168,0.95,7,-1,-1
737,-1,389,346,96,166,0.96,7,-1,-1
737,-1,174,247,60,105,0.96,7,-1,-1
738,-1,381,334,89,148,0.96,7,-1,-1
738,-1,170,251,63,110,0.96,7,-1,-1
739,-1,162,254,68,121,0.96,7,-1,-1
739,-1,376,307,75,139,0.95,7,-1,-1
740,-1,156,259,73,125,0.97,7,-1,-1
740,-1,371,306,70,119,0.96,7,-1,-1
741,-1,147,264,78,139,0.96,7,-1,-1
741,-1,365,292,63,106,0.96,7,-1,-1
742,-1,362,284,59,100,0.96,7,-1,-1
742,-1,140,269,83,146,0.96,7,-1,-1
743,-1,357,274,53,91,0.96,7,-1,-1
743,-1,129,274,90,162,0.95,7,-1,-1
744,-1,354,268,54,86,0.96,7,-1,-1
744,-1,122,282,94,171,0.95,7,-1,-1
745,-1,107,287,105,194,0.96,7,-1,-1
745,-1,351,260,47,80,0.95,7,-1,-1
746,-1,96,291,114,212,0.96,7,-1,-1
746,-1,348,255,44,75,0.95,7,-1,-1
747,-1,77,299,127,238,0.96,7,-1,-1
747,-1,346,248,41,71,0.94,7,-1,-1
748,-1,61,310,138,229,0.95,7,-1,-1
748,-1,345,243,39,69,0.93,7,-1,-1
749,-1,36,319,156,220,0.95,7,-1,-1
749,-1,342,237,37,64,0.93,7,-1,-1
750,-1,8,325,179,214,0.95,7,-1,-1
750,-1,340,234,35,62,0.94,7,-1,-1
751,-1,15,347,164,192,0.95,7,-1,-1
751,-1,337,230,34,58,0.93,7,-1,-1
752,-1,1,358,170,181,0.95,7,-1,-1
752,-1,335,227,34,55,0.94,7,-1,-1
753,-1,334,223,32,52,0.93,7,-1,-1
753,-1,1,379,160,160,0.92,7,-1,-1
753,-1,265,161,11,14,0.17,2,-1,-1
754,-1,334,220,31,50,0.94,7,-1,-1
754,-1,0,395,152,144,0.94,7,-1,-1
754,-1,265,160,12,15,0.16,2,-1,-1
755,-1,0,428,137,111,0.94,7,-1,-1
755,-1,332,216,29,49,0.93,7,-1,-1
756,-1,1,439,125,100,0.94,7,-1,-1
756,-1,331,214,29,47,0.92,7,-1,-1
757,-1,330,211,28,45,0.93,7,-1,-1
757,-1,0,494,105,45,0.38,7,-1,-1
758,-1,329,209,28,44,0.91,7,-1,-1
759,-1,328,207,26,41,0.89,7,-1,-1
760,-1,328,204,26,40,0.92,7,-1,-1
761,-1,326,203,24,37,0.92,7,-1,-1
761,-1,269,167,10,10,0.23,2,-1,-1
762,-1,326,200,24,38,0.92,7,-1,-1
762,-1,269,167,10,10,0.26,2,-1,-1
763,-1,324,198,25,36,0.91,7,-1,-1
763,-1,269,164,11,14,0.20,2,-1,-1
764,-1,324,196,24,36,0.91,7,-1,-1
764,-1,269,164,11,15,0.24,2,-1,-1
765,-1,324,195,22,33,0.89,7,-1,-1
765,-1,269,166,11,14,0.23,2,-1,-1
766,-1,324,194,21,32,0.90,7,-1,-1
767,-1,323,191,21,33,0.89,7,-1,-1
768,-1,322,190,20,32,0.90,7,-1,-1
769,-1,322,189,19,30,0.89,7,-1,-1
769,-1,269,170,11,12,0.15,2,-1,-1
770,-1,321,188,19,29,0.90,7,-1,-1
770,-1,270,171,11,12,0.48,2,-1,-1
771,-1,320,186,19,29,0.89,7,-1,-1
771,-1,266,158,15,23,0.62,7,-1,-1
772,-1,320,185,19,29,0.90,7,-1,-1
772,-1,266,158,15,23,0.60,7,-1,-1
773,-1,319,183,19,29,0.89,7,-1,-1
773,-1,266,159,15,22,0.49,7,-1,-1
774,-1,319,182,18,28,0.88,7,-1,-1
774,-1,267,160,15,19,0.32,2,-1,-1
775,-1,319,181,18,27,0.89,7,-1,-1
775,-1,266,164,15,20,0.37,2,-1,-1
776,-1,319,181,17,26,0.88,7,-1,-1
776,-1,268,169,14,15,0.38,2,-1,-1
777,-1,318,179,17,25,0.85,7,-1,-1
777,-1,268,169,15,16,0.59,2,-1,-1
778,-1,317,179,17,26,0.84,7,-1,-1
778,-1,269,170,14,15,0.57,2,-1,-1
779,-1,317,177,16,25,0.86,7,-1,-1
779,-1,268,171,14,15,0.47,2,-1,-1
780,-1,317,176,16,24,0.85,7,-1,-1
780,-1,268,171,14,16,0.45,2,-1,-1
781,-1,317,176,15,23,0.80,7,-1,-1
781,-1,265,172,14,17,0.43,2,-1,-1
782,-1,317,175,14,23,0.61,7,-1,-1
782,-1,266,174,14,15,0.52,2,-1,-1
783,-1,317,174,14,22,0.71,7,-1,-1
783,-1,266,175,13,14,0.55,2,-1,-1
784,-1,316,173,15,22,0.76,7,-1,-1
784,-1,265,176,13,15,0.64,2,-1,-1
785,-1,315,172,14,22,0.84,7,-1,-1
785,-1,265,176,13,16,0.58,2,-1,-1
786,-1,315,172,14,22,0.85,7,-1,-1
786,-1,265,177,13,16,0.61,2,-1,-1
787,-1,314,172,14,21,0.82,7,-1,-1
787,-1,265,177,13,17,0.46,2,-1,-1
788,-1,314,171,14,20,0.82,7,-1,-1
788,-1,265,178,13,16,0.46,2,-1,-1
789,-1,263,178,13,18,0.54,2,-1,-1
789,-1,313,170,14,20,0.47,7,-1,-1
790,-1,313,171,14,19,0.66,2,-1,-1
790,-1,262,173,15,23,0.61,7,-1,-1
791,-1,313,169,13,18,0.68,2,-1,-1
791,-1,262,174,15,23,0.56,7,-1,-1
792,-1,312,169,13,18,0.77,2,-1,-1
792,-1,262,175,14,23,0.61,7,-1,-1
793,-1,262,175,14,23,0.71,7,-1,-1
793,-1,312,168,12,18,0.46,2,-1,-1
794,-1,261,174,16,25,0.72,7,-1,-1
794,-1,312,168,13,17,0.65,2,-1,-1
795,-1,312,167,12,17,0.64,2,-1,-1
795,-1,262,179,14,20,0.55,2,-1,-1
795,-1,267,162,12,18,0.10,7,-1,-1
796,-1,311,167,11,16,0.72,2,-1,-1
796,-1,262,181,14,19,0.60,2,-1,-1
796,-1,266,161,12,15,0.24,7,-1,-1
797,-1,259,174,17,28,0.69,7,-1,-1
797,-1,311,165,12,18,0.44,2,-1,-1
797,-1,266,162,13,15,0.34,7,-1,-1
798,-1,260,174,16,28,0.61,7,-1,-1
798,-1,311,164,12,18,0.41,7,-1,-1
798,-1,264,162,14,17,0.35,7,-1,-1
799,-1,260,183,16,22,0.62,7,-1,-1
799,-1,310,164,12,17,0.57,2,-1,-1
799,-1,265,163,13,16,0.26,7,-1,-1
800,-1,259,178,17,27,0.69,7,-1,-1
800,-1,310,164,11,16,0.62,2,-1,-1
801,-1,257,184,18,24,0.85,7,-1,-1
801,-1,309,165,12,15,0.69,2,-1,-1
801,-1,264,166,14,22,0.30,7,-1,-1
802,-1,264,167,14,24,0.68,7,-1,-1
802,-1,257,190,17,19,0.55,2,-1,-1
802,-1,309,163,10,16,0.49,2,-1,-1
803,-1,264,167,14,24,0.73,7,-1,-1
803,-1,308,163,11,15,0.56,2,-1,-1
803,-1,257,191,16,18,0.52,2,-1,-1
804,-1,308,163,11,15,0.74,2,-1,-1
804,-1,264,168,15,25,0.71,7,-1,-1
804,-1,257,192,16,19,0.56,7,-1,-1
805,-1,263,168,15,24,0.76,7,-1,-1
805,-1,307,162,10,14,0.65,2,-1,-1
805,-1,256,192,16,20,0.58,2,-1,-1
806,-1,263,170,16,24,0.79,7,-1,-1
806,-1,307,163,10,13,0.77,2,-1,-1
806,-1,256,191,16,21,0.58,7,-1,-1
807,-1,262,169,16,26,0.82,7,-1,-1
807,-1,307,163,10,13,0.78,2,-1,-1
807,-1,255,193,17,21,0.66,2,-1,-1
808,-1,262,169,16,26,0.79,7,-1,-1
808,-1,255,193,17,23,0.68,7,-1,-1
808,-1,306,161,10,14,0.50,2,-1,-1
809,-1,262,171,16,26,0.82,7,-1,-1
809,-1,254,194,17,24,0.81,7,-1,-1
809,-1,306,162,10,11,0.60,2,-1,-1
810,-1,261,171,17,27,0.85,7,-1,-1
810,-1,254,196,16,22,0.48,7,-1,-1
810,-1,304,161,10,13,0.46,2,-1,-1
811,-1,261,172,17,27,0.86,7,-1,-1
811,-1,253,196,16,24,0.74,7,-1,-1
811,-1,305,161,9,11,0.55,2,-1,-1
812,-1,260,172,18,28,0.89,7,-1,-1
812,-1,252,198,17,23,0.55,2,-1,-1
812,-1,304,160,9,12,0.48,2,-1,-1
813,-1,259,173,18,28,0.89,7,-1,-1
813,-1,304,160,9,12,0.56,2,-1,-1
813,-1,249,199,18,25,0.55,2,-1,-1
814,-1,259,173,18,29,0.89,7,-1,-1
814,-1,249,199,19,26,0.72,7,-1,-1
814,-1,303,158,9,13,0.45,7,-1,-1
815,-1,258,174,19,30,0.89,7,-1,-1
815,-1,248,202,19,27,0.77,7,-1,-1
816,-1,257,174,19,30,0.88,7,-1,-1
816,-1,248,205,20,25,0.66,7,-1,-1
817,-1,257,175,19,31,0.88,7,-1,-1
817,-1,246,206,20,26,0.80,7,-1,-1
818,-1,257,175,19,31,0.89,7,-1,-1
818,-1,245,207,20,26,0.84,7,-1,-1
819,-1,256,175,20,32,0.90,7,-1,-1
819,-1,244,208,20,27,0.87,7,-1,-1
820,-1,256,176,20,33,0.91,7,-1,-1
820,-1,242,208,21,28,0.88,7,-1,-1
821,-1,255,175,20,34,0.90,7,-1,-1
821,-1,242,211,21,28,0.84,7,-1,-1
822,-1,254,176,20,34,0.90,7,-1,-1
822,-1,241,211,22,30,0.87,7,-1,-1
823,-1,254,176,21,37,0.88,7,-1,-1
823,-1,239,215,22,30,0.82,7,-1,-1
824,-1,253,176,21,37,0.88,7,-1,-1
824,-1,238,216,23,31,0.82,7,-1,-1
825,-1,252,179,20,36,0.88,7,-1,-1
825,-1,236,219,24,31,0.85,7,-1,-1
826,-1,252,182,20,36,0.91,7,-1,-1
826,-1,233,218,25,34,0.87,7,-1,-1
827,-1,251,182,22,38,0.91,7,-1,-1
827,-1,232,223,26,32,0.90,7,-1,-1
828,-1,250,183,22,37,0.92,7,-1,-1
828,-1,231,224,26,34,0.89,7,-1,-1
829,-1,248,184,23,40,0.90,7,-1,-1
829,-1,228,226,28,38,0.88,7,-1,-1
830,-1,248,184,23,40,0.90,7,-1,-1
830,-1,228,226,28,38,0.88,7,-1,-1
831,-1,247,186,23,40,0.91,7,-1,-1
831,-1,225,232,27,36,0.89,7,-1,-1
832,-1,246,186,24,41,0.91,7,-1,-1
832,-1,224,235,28,36,0.87,7,-1,-1
833,-1,245,187,24,42,0.92,7,-1,-1
833,-1,223,238,27,38,0.89,7,-1,-1
834,-1,243,188,25,44,0.92,7,-1,-1
834,-1,221,240,28,39,0.88,7,-1,-1
835,-1,241,190,26,43,0.92,7,-1,-1
835,-1,217,241,29,43,0.89,7,-1,-1
836,-1,241,191,26,44,0.92,7,-1,-1
836,-1,215,246,29,42,0.88,7,-1,-1
837,-1,239,192,27,45,0.94,7,-1,-1
837,-1,211,248,32,47,0.90,7,-1,-1
838,-1,237,194,28,48,0.92,7,-1,-1
838,-1,205,255,35,50,0.90,7,-1,-1
839,-1,237,194,28,48,0.92,7,-1,-1
839,-1,205,255,35,50,0.90,7,-1,-1
840,-1,235,194,29,50,0.91,7,-1,-1
840,-1,202,259,36,51,0.89,7,-1,-1
841,-1,233,196,30,51,0.94,7,-1,-1
841,-1,199,266,37,52,0.91,7,-1,-1
842,-1,232,198,31,51,0.94,7,-1,-1
842,-1,195,264,38,60,0.92,7,-1,-1
843,-1,230,199,31,54,0.94,7,-1,-1
843,-1,189,267,42,65,0.90,7,-1,-1
844,-1,229,200,31,56,0.94,7,-1,-1
844,-1,184,275,44,64,0.89,7,-1,-1
845,-1,227,202,32,57,0.94,7,-1,-1
845,-1,179,286,47,64,0.93,7,-1,-1
846,-1,225,203,34,59,0.96,7,-1,-1
846,-1,175,288,48,70,0.94,7,-1,-1
847,-1,167,299,52,72,0.94,7,-1,-1
847,-1,223,205,35,61,0.94,7,-1,-1
848,-1,222,207,35,62,0.94,7,-1,-1
848,-1,162,296,55,84,0.93,7,-1,-1
849,-1,219,209,36,65,0.95,7,-1,-1
849,-1,152,319,60,78,0.90,7,-1,-1
850,-1,216,210,39,66,0.94,7,-1,-1
850,-1,146,325,64,83,0.93,7,-1,-1
851,-1,214,212,39,71,0.94,7,-1,-1
851,-1,137,336,68,94,0.94,7,-1,-1
852,-1,212,212,41,74,0.93,7,-1,-1
852,-1,130,319,70,126,0.93,7,-1,-1
853,-1,209,215,42,76,0.94,7,-1,-1
853,-1,118,362,76,110,0.94,7,-1,-1
854,-1,206,218,44,78,0.94,7,-1,-1
854,-1,108,372,81,119,0.93,7,-1,-1
855,-1,203,222,46,81,0.96,7,-1,-1
855,-1,88,391,95,135,0.92,7,-1,-1
856,-1,201,223,47,84,0.95,7,-1,-1
856,-1,77,403,99,135,0.95,7,-1,-1
857,-1,195,228,50,87,0.95,7,-1,-1
857,-1,26,428,139,111,0.89,7,-1,-1
858,-1,193,230,51,91,0.95,7,-1,-1
858,-1,40,446,119,93,0.89,7,-1,-1
859,-1,188,234,54,95,0.96,7,-1,-1
859,-1,26,480,120,59,0.78,7,-1,-1
860,-1,184,238,56,98,0.96,7,-1,-1
860,-1,43,504,96,35,0.86,7,-1,-1
861,-1,178,240,61,106,0.96,7,-1,-1
862,-1,174,243,63,112,0.96,7,-1,-1
863,-1,168,248,66,120,0.96,7,-1,-1
864,-1,164,251,69,125,0.96,7,-1,-1
865,-1,155,256,74,137,0.96,7,-1,-1
865,-1,278,171,8,9,0.13,2,-1,-1
866,-1,149,260,78,144,0.96,7,-1,-1
867,-1,139,267,86,157,0.96,7,-1,-1
867,-1,278,172,9,10,0.12,2,-1,-1
868,-1,133,271,89,166,0.96,7,-1,-1
868,-1,278,173,9,10,0.27,2,-1,-1
869,-1,121,277,98,187,0.95,7,-1,-1
870,-1,112,282,104,199,0.96,7,-1,-1
870,-1,278,174,9,10,0.18,2,-1,-1
871,-1,94,291,119,224,0.96,7,-1,-1
871,-1,278,176,9,10,0.61,2,-1,-1
872,-1,81,298,129,240,0.96,7,-1,-1
872,-1,277,176,10,11,0.44,2,-1,-1
873,-1,62,308,144,231,0.95,7,-1,-1
873,-1,275,177,11,12,0.61,2,-1,-1
874,-1,41,315,160,224,0.95,7,-1,-1
874,-1,276,177,11,12,0.54,2,-1,-1
875,-1,12,326,184,213,0.95,7,-1,-1
875,-1,277,179,11,12,0.59,2,-1,-1
876,-1,5,336,186,203,0.96,7,-1,-1
876,-1,276,178,11,13,0.29,2,-1,-1
877,-1,4,357,179,182,0.95,7,-1,-1
877,-1,277,180,11,12,0.72,2,-1,-1
878,-1,2,362,177,177,0.95,7,-1,-1
878,-1,277,180,11,13,0.71,2,-1,-1
878,-1,264,183,12,14,0.44,2,-1,-1
879,-1,0,390,167,149,0.95,7,-1,-1
879,-1,263,184,12,14,0.72,2,-1,-1
879,-1,277,183,11,12,0.65,2,-1,-1
880,-1,0,404,160,135,0.94,7,-1,-1
880,-1,277,183,11,13,0.80,2,-1,-1
880,-1,262,185,12,13,0.46,2,-1,-1
881,-1,3,431,144,108,0.95,7,-1,-1
881,-1,276,185,11,12,0.82,2,-1,-1
881,-1,159,505,66,34,0.53,2,-1,-1
881,-1,261,187,12,13,0.35,2,-1,-1
882,-1,6,457,130,82,0.95,7,-1,-1
882,-1,277,186,12,13,0.75,2,-1,-1
882,-1,262,188,13,13,0.65,2,-1,-1
882,-1,279,172,8,9,0.43,2,-1,-1
883,-1,276,186,12,14,0.74,2,-1,-1
883,-1,1,499,117,40,0.65,7,-1,-1
883,-1,261,188,13,15,0.32,2,-1,-1
883,-1,279,172,9,8,0.17,2,-1,-1
884,-1,275,187,12,14,0.81,2,-1,-1
884,-1,260,190,12,15,0.36,2,-1,-1
884,-1,279,173,9,8,0.33,2,-1,-1
885,-1,259,193,13,15,0.84,2,-1,-1
885,-1,275,189,13,14,0.83,2,-1,-1
886,-1,258,193,14,16,0.84,2,-1,-1
886,-1,275,191,13,15,0.80,2,-1,-1
886,-1,279,172,9,9,0.19,2,-1,-1
887,-1,257,195,14,16,0.83,2,-1,-1
887,-1,274,193,13,15,0.83,2,-1,-1
887,-1,279,173,9,9,0.28,2,-1,-1
888,-1,257,196,14,17,0.86,2,-1,-1
888,-1,274,194,13,15,0.82,2,-1,-1
888,-1,280,175,8,9,0.12,2,-1,-1
889,-1,256,198,15,18,0.85,2,-1,-1
889,-1,274,195,12,15,0.84,2,-1,-1
889,-1,280,175,8,9,0.41,2,-1,-1
890,-1,273,197,13,15,0.85,2,-1,-1
890,-1,256,200,14,17,0.84,2,-1,-1
890,-1,280,176,8,9,0.37,2,-1,-1
891,-1,273,199,13,14,0.85,2,-1,-1
891,-1,255,203,14,17,0.85,2,-1,-1
891,-1,279,178,9,9,0.56,2,-1,-1
892,-1,272,200,14,16,0.85,2,-1,-1
892,-1,253,205,14,18,0.84,2,-1,-1
892,-1,279,179,9,9,0.35,2,-1,-1
893,-1,252,209,15,17,0.88,2,-1,-1
893,-1,272,203,14,15,0.85,2,-1,-1
893,-1,278,179,10,9,0.43,2,-1,-1
894,-1,252,211,16,19,0.87,2,-1,-1
894,-1,271,204,14,16,0.84,2,-1,-1
894,-1,279,181,10,9,0.37,2,-1,-1
895,-1,250,215,16,19,0.88,2,-1,-1
895,-1,270,206,14,17,0.84,2,-1,-1
895,-1,278,181,10,10,0.26,2,-1,-1
896,-1,249,217,17,19,0.88,2,-1,-1
896,-1,269,208,15,17,0.86,2,-1,-1
896,-1,278,182,10,10,0.73,2,-1,-1
897,-1,248,220,18,20,0.87,2,-1,-1
897,-1,268,212,15,16,0.86,2,-1,-1
897,-1,278,183,10,10,0.75,2,-1,-1
898,-1,246,223,19,22,0.89,2,-1,-1
898,-1,268,214,16,17,0.86,2,-1,-1
898,-1,278,184,10,10,0.62,2,-1,-1
899,-1,245,228,19,21,0.88,2,-1,-1
899,-1,267,217,16,18,0.87,2,-1,-1
899,-1,278,185,10,11,0.74,2,-1,-1
900,-1,243,230,20,23,0.89,2,-1,-1
900,-1,264,218,17,19,0.86,2,-1,-1
900,-1,278,186,10,11,0.82,2,-1,-1
