1,-1,438,262,53,69,0.92,7,-1,-1
1,-1,312,158,11,11,0.80,2,-1,-1
1,-1,349,143,12,16,0.32,7,-1,-1
2,-1,436,259,51,67,0.92,7,-1,-1
2,-1,312,158,11,12,0.80,2,-1,-1
2,-1,349,144,12,16,0.28,7,-1,-1
3,-1,432,253,48,64,0.90,7,-1,-1
3,-1,312,158,10,11,0.81,2,-1,-1
3,-1,349,143,11,16,0.25,7,-1,-1
4,-1,430,250,46,62,0.90,7,-1,-1
4,-1,311,159,12,12,0.79,2,-1,-1
4,-1,348,143,12,16,0.17,7,-1,-1
5,-1,426,244,44,61,0.90,7,-1,-1
5,-1,311,159,12,12,0.77,2,-1,-1
5,-1,348,143,12,16,0.26,7,-1,-1
6,-1,423,242,44,59,0.90,7,-1,-1
6,-1,311,159,12,12,0.77,2,-1,-1
6,-1,348,143,12,16,0.26,7,-1,-1
7,-1,417,237,45,57,0.88,7,-1,-1
7,-1,310,160,12,12,0.76,2,-1,-1
7,-1,348,142,12,16,0.21,7,-1,-1
8,-1,415,234,44,56,0.91,7,-1,-1
8,-1,311,160,11,13,0.81,2,-1,-1
8,-1,348,142,12,16,0.21,7,-1,-1
9,-1,415,230,39,55,0.90,7,-1,-1
9,-1,310,161,12,13,0.80,2,-1,-1
9,-1,348,142,11,16,0.20,7,-1,-1
10,-1,412,228,39,53,0.91,7,-1,-1
10,-1,310,162,12,13,0.81,2,-1,-1
10,-1,347,141,11,16,0.22,7,-1,-1
11,-1,410,225,38,51,0.90,7,-1,-1
11,-1,310,163,12,13,0.84,2,-1,-1
11,-1,347,142,11,15,0.14,7,-1,-1
12,-1,408,222,37,51,0.91,7,-1,-1
12,-1,310,164,12,13,0.82,2,-1,-1
12,-1,346,141,11,14,0.10,7,-1,-1
13,-1,405,219,36,50,0.91,7,-1,-1
13,-1,309,165,12,12,0.84,2,-1,-1
14,-1,404,217,35,50,0.91,7,-1,-1
14,-1,309,165,12,12,0.85,2,-1,-1
14,-1,347,142,10,14,0.12,2,-1,-1
15,-1,401,214,35,47,0.90,7,-1,-1
15,-1,309,166,12,14,0.84,2,-1,-1
16,-1,400,212,34,46,0.90,7,-1,-1
16,-1,309,166,12,13,0.84,2,-1,-1
17,-1,399,209,32,45,0.90,7,-1,-1
17,-1,308,167,13,14,0.83,2,-1,-1
18,-1,398,207,31,44,0.90,7,-1,-1
18,-1,308,168,14,13,0.83,2,-1,-1
19,-1,396,205,31,43,0.90,7,-1,-1
19,-1,307,168,13,14,0.84,2,-1,-1
20,-1,394,203,31,42,0.90,7,-1,-1
20,-1,307,170,14,14,0.85,2,-1,-1
21,-1,392,201,30,41,0.90,7,-1,-1
21,-1,306,171,13,14,0.85,2,-1,-1
22,-1,392,200,28,40,0.89,7,-1,-1
22,-1,306,172,13,14,0.84,2,-1,-1
23,-1,390,197,27,40,0.89,7,-1,-1
23,-1,306,173,14,14,0.85,2,-1,-1
24,-1,389,196,27,40,0.89,7,-1,-1
24,-1,305,173,14,14,0.85,2,-1,-1
25,-1,387,193,27,40,0.90,7,-1,-1
25,-1,305,174,15,14,0.84,2,-1,-1
26,-1,386,192,27,39,0.90,7,-1,-1
26,-1,304,175,15,14,0.84,2,-1,-1
27,-1,385,191,26,37,0.89,7,-1,-1
27,-1,304,176,16,16,0.84,2,-1,-1
28,-1,385,190,25,36,0.88,7,-1,-1
28,-1,304,177,16,16,0.85,2,-1,-1
29,-1,384,189,24,35,0.88,7,-1,-1
29,-1,304,178,16,16,0.86,2,-1,-1
30,-1,383,187,24,36,0.89,7,-1,-1
30,-1,303,179,16,16,0.86,2,-1,-1
31,-1,382,186,24,34,0.89,7,-1,-1
31,-1,303,180,16,16,0.85,2,-1,-1
32,-1,381,185,24,34,0.90,7,-1,-1
32,-1,303,182,15,16,0.85,2,-1,-1
33,-1,380,184,23,34,0.88,7,-1,-1
33,-1,303,183,15,15,0.85,2,-1,-1
34,-1,379,183,23,32,0.87,7,-1,-1
34,-1,302,184,15,16,0.87,2,-1,-1
35,-1,378,181,23,32,0.87,7,-1,-1
35,-1,302,186,15,16,0.87,2,-1,-1
36,-1,377,181,23,32,0.88,7,-1,-1
36,-1,302,188,15,16,0.87,2,-1,-1
37,-1,376,180,22,32,0.88,7,-1,-1
37,-1,302,189,15,16,0.87,2,-1,-1
38,-1,375,178,22,32,0.88,7,-1,-1
38,-1,300,190,16,16,0.87,2,-1,-1
39,-1,374,178,22,31,0.88,7,-1,-1
39,-1,300,192,16,16,0.88,2,-1,-1
39,-1,312,160,8,8,0.11,2,-1,-1
40,-1,374,176,22,31,0.88,7,-1,-1
40,-1,300,193,16,16,0.88,2,-1,-1
40,-1,312,160,9,10,0.48,2,-1,-1
41,-1,466,299,155,204,0.93,7,-1,-1
41,-1,373,175,22,30,0.88,7,-1,-1
41,-1,299,195,16,16,0.87,2,-1,-1
41,-1,312,160,8,10,0.50,2,-1,-1
42,-1,461,293,148,193,0.93,7,-1,-1
42,-1,372,174,22,31,0.89,7,-1,-1
42,-1,298,195,17,18,0.86,2,-1,-1
42,-1,312,161,8,9,0.28,2,-1,-1
43,-1,457,285,134,178,0.93,7,-1,-1
43,-1,371,174,21,29,0.88,7,-1,-1
43,-1,298,198,18,18,0.87,2,-1,-1
43,-1,312,162,9,10,0.59,2,-1,-1
44,-1,454,280,127,168,0.93,7,-1,-1
44,-1,372,174,21,28,0.88,7,-1,-1
44,-1,298,200,18,18,0.87,2,-1,-1
44,-1,312,162,9,10,0.59,2,-1,-1
45,-1,448,272,119,156,0.93,7,-1,-1
45,-1,371,172,21,28,0.87,7,-1,-1
45,-1,297,202,18,18,0.86,2,-1,-1
45,-1,312,162,9,10,0.46,2,-1,-1
46,-1,444,268,114,150,0.93,7,-1,-1
46,-1,370,172,21,28,0.87,7,-1,-1
46,-1,296,204,18,18,0.86,2,-1,-1
46,-1,312,162,10,10,0.48,2,-1,-1
47,-1,440,261,108,141,0.93,7,-1,-1
47,-1,370,170,20,28,0.88,7,-1,-1
47,-1,296,206,18,18,0.87,2,-1,-1
47,-1,312,164,10,10,0.65,2,-1,-1
48,-1,438,258,102,134,0.93,7,-1,-1
48,-1,369,170,20,27,0.88,7,-1,-1
48,-1,296,208,18,18,0.87,2,-1,-1
48,-1,312,164,10,11,0.61,2,-1,-1
49,-1,434,252,95,126,0.93,7,-1,-1
49,-1,368,169,19,27,0.88,7,-1,-1
49,-1,295,210,19,20,0.87,2,-1,-1
49,-1,312,165,10,11,0.77,2,-1,-1
50,-1,431,248,92,122,0.93,7,-1,-1
50,-1,368,168,19,26,0.88,7,-1,-1
50,-1,294,213,20,19,0.87,2,-1,-1
50,-1,312,165,9,11,0.77,2,-1,-1
51,-1,428,243,86,116,0.93,7,-1,-1
51,-1,368,168,19,26,0.88,7,-1,-1
51,-1,294,216,20,20,0.87,2,-1,-1
51,-1,311,166,10,12,0.62,2,-1,-1
52,-1,424,241,85,110,0.93,7,-1,-1
52,-1,367,167,19,26,0.87,7,-1,-1
52,-1,293,218,20,20,0.87,2,-1,-1
52,-1,311,166,11,12,0.64,2,-1,-1
53,-1,421,236,81,106,0.94,7,-1,-1
53,-1,292,221,20,20,0.88,2,-1,-1
53,-1,366,166,19,26,0.87,7,-1,-1
53,-1,310,166,11,13,0.72,2,-1,-1
54,-1,418,233,79,102,0.93,7,-1,-1
54,-1,366,165,18,26,0.87,7,-1,-1
54,-1,292,223,21,21,0.87,2,-1,-1
54,-1,310,168,11,12,0.76,2,-1,-1
55,-1,416,229,76,98,0.92,7,-1,-1
55,-1,290,227,21,21,0.88,2,-1,-1
55,-1,365,163,18,27,0.87,7,-1,-1
55,-1,310,170,11,12,0.83,2,-1,-1
56,-1,414,227,72,94,0.93,7,-1,-1
56,-1,366,163,18,26,0.87,7,-1,-1
56,-1,290,230,22,22,0.86,2,-1,-1
56,-1,310,170,11,12,0.83,2,-1,-1
57,-1,412,223,69,90,0.92,7,-1,-1
57,-1,364,162,18,26,0.88,7,-1,-1
57,-1,288,233,23,24,0.88,2,-1,-1
57,-1,310,171,11,12,0.83,2,-1,-1
58,-1,410,220,67,89,0.92,7,-1,-1
58,-1,364,162,18,26,0.88,7,-1,-1
58,-1,288,236,22,24,0.87,2,-1,-1
58,-1,309,172,12,12,0.77,2,-1,-1
59,-1,408,217,64,86,0.92,7,-1,-1
59,-1,364,161,18,26,0.89,7,-1,-1
59,-1,286,241,24,24,0.89,2,-1,-1
59,-1,308,173,12,12,0.81,2,-1,-1
60,-1,407,215,62,84,0.92,7,-1,-1
60,-1,363,160,18,25,0.89,7,-1,-1
60,-1,285,244,24,25,0.87,2,-1,-1
60,-1,308,174,12,13,0.72,2,-1,-1
61,-1,404,212,60,80,0.92,7,-1,-1
61,-1,284,249,24,25,0.90,2,-1,-1
61,-1,363,160,18,25,0.89,7,-1,-1
61,-1,307,175,12,12,0.82,2,-1,-1
62,-1,403,210,58,78,0.92,7,-1,-1
62,-1,362,160,17,25,0.89,7,-1,-1
62,-1,282,253,26,26,0.88,2,-1,-1
62,-1,308,175,12,12,0.81,2,-1,-1
63,-1,400,208,57,76,0.91,7,-1,-1
63,-1,280,258,26,28,0.88,2,-1,-1
63,-1,362,159,17,24,0.88,7,-1,-1
63,-1,306,177,13,14,0.79,2,-1,-1
64,-1,400,206,54,74,0.91,7,-1,-1
64,-1,278,262,27,29,0.88,2,-1,-1
64,-1,362,158,16,24,0.87,7,-1,-1
64,-1,306,177,13,14,0.83,2,-1,-1
65,-1,398,204,53,70,0.92,7,-1,-1
65,-1,276,270,29,30,0.89,2,-1,-1
65,-1,361,158,17,24,0.87,7,-1,-1
65,-1,306,179,14,14,0.83,2,-1,-1
66,-1,397,203,53,70,0.91,7,-1,-1
66,-1,274,274,30,32,0.89,2,-1,-1
66,-1,361,158,16,23,0.86,7,-1,-1
66,-1,306,179,14,14,0.83,2,-1,-1
67,-1,396,200,50,68,0.92,7,-1,-1
67,-1,272,282,31,33,0.90,2,-1,-1
67,-1,360,157,16,23,0.86,7,-1,-1
67,-1,306,182,13,14,0.80,2,-1,-1
68,-1,395,199,48,70,0.92,7,-1,-1
68,-1,270,288,32,34,0.89,2,-1,-1
68,-1,360,157,16,23,0.85,7,-1,-1
68,-1,306,182,14,14,0.80,2,-1,-1
69,-1,267,296,33,36,0.90,2,-1,-1
69,-1,393,197,47,68,0.90,7,-1,-1
69,-1,360,156,16,22,0.84,7,-1,-1
69,-1,306,184,13,14,0.82,2,-1,-1
70,-1,392,196,46,65,0.91,7,-1,-1
70,-1,264,303,35,38,0.90,2,-1,-1
70,-1,360,156,16,23,0.85,7,-1,-1
70,-1,304,184,14,14,0.84,2,-1,-1
71,-1,391,194,45,62,0.92,7,-1,-1
71,-1,260,314,37,41,0.91,2,-1,-1
71,-1,360,156,15,22,0.85,7,-1,-1
71,-1,304,186,14,14,0.84,2,-1,-1
72,-1,258,322,38,43,0.91,2,-1,-1
72,-1,390,193,44,61,0.91,7,-1,-1
72,-1,359,156,15,22,0.85,7,-1,-1
72,-1,304,186,14,14,0.84,2,-1,-1
73,-1,388,191,43,59,0.91,7,-1,-1
73,-1,254,335,40,46,0.91,2,-1,-1
73,-1,358,154,15,22,0.88,7,-1,-1
73,-1,304,189,14,14,0.84,2,-1,-1
74,-1,251,345,42,49,0.92,2,-1,-1
74,-1,387,190,43,58,0.91,7,-1,-1
74,-1,358,154,15,22,0.88,7,-1,-1
74,-1,304,190,14,15,0.83,2,-1,-1
75,-1,386,188,42,57,0.92,7,-1,-1
75,-1,244,361,46,54,0.92,2,-1,-1
75,-1,358,154,14,21,0.88,7,-1,-1
75,-1,303,191,14,16,0.83,2,-1,-1
76,-1,386,187,41,56,0.91,7,-1,-1
76,-1,240,373,48,57,0.91,2,-1,-1
76,-1,358,154,14,21,0.88,7,-1,-1
76,-1,302,192,14,16,0.85,2,-1,-1
77,-1,233,394,52,63,0.93,2,-1,-1
77,-1,384,186,40,54,0.91,7,-1,-1
77,-1,358,153,14,20,0.86,7,-1,-1
77,-1,301,194,15,16,0.86,2,-1,-1
78,-1,228,410,54,68,0.94,2,-1,-1
78,-1,384,184,39,54,0.91,7,-1,-1
78,-1,301,196,14,15,0.85,2,-1,-1
78,-1,357,153,14,20,0.69,7,-1,-1
79,-1,218,437,60,77,0.93,2,-1,-1
79,-1,383,183,38,53,0.91,7,-1,-1
79,-1,300,198,15,15,0.85,2,-1,-1
79,-1,357,153,14,20,0.80,7,-1,-1
80,-1,382,182,38,52,0.91,7,-1,-1
80,-1,300,199,15,16,0.86,2,-1,-1
80,-1,356,153,14,20,0.75,7,-1,-1
81,-1,382,181,37,52,0.91,7,-1,-1
81,-1,299,201,16,17,0.87,2,-1,-1
81,-1,356,152,14,19,0.65,7,-1,-1
82,-1,382,180,36,51,0.91,7,-1,-1
82,-1,298,202,17,18,0.86,2,-1,-1
82,-1,356,152,14,20,0.79,7,-1,-1
82,-1,298,151,12,16,0.20,2,-1,-1
83,-1,380,179,34,50,0.91,7,-1,-1
83,-1,298,204,17,18,0.85,2,-1,-1
83,-1,355,152,14,19,0.71,7,-1,-1
83,-1,298,151,12,16,0.19,2,-1,-1
84,-1,380,179,34,48,0.91,7,-1,-1
84,-1,298,206,17,17,0.85,2,-1,-1
84,-1,356,152,14,19,0.73,7,-1,-1
84,-1,298,152,12,16,0.44,2,-1,-1
85,-1,378,178,34,48,0.91,7,-1,-1
85,-1,296,208,18,18,0.85,2,-1,-1
85,-1,355,151,13,19,0.84,7,-1,-1
85,-1,296,155,13,14,0.72,2,-1,-1
86,-1,378,177,34,47,0.90,7,-1,-1
86,-1,296,210,18,18,0.85,2,-1,-1
86,-1,354,150,13,19,0.84,7,-1,-1
86,-1,297,156,12,14,0.67,2,-1,-1
87,-1,377,176,34,47,0.90,7,-1,-1
87,-1,294,212,19,20,0.86,2,-1,-1
87,-1,354,150,13,19,0.85,7,-1,-1
87,-1,296,158,12,12,0.66,2,-1,-1
88,-1,376,175,34,46,0.89,7,-1,-1
88,-1,294,214,19,20,0.85,2,-1,-1
88,-1,354,150,13,19,0.84,7,-1,-1
88,-1,296,157,12,14,0.68,2,-1,-1
89,-1,376,174,33,45,0.90,7,-1,-1
89,-1,292,217,20,22,0.85,2,-1,-1
89,-1,354,150,13,18,0.74,7,-1,-1
89,-1,296,157,12,14,0.69,2,-1,-1
90,-1,376,173,32,44,0.90,7,-1,-1
90,-1,291,219,20,22,0.88,2,-1,-1
90,-1,354,150,13,18,0.74,7,-1,-1
90,-1,296,158,12,13,0.58,2,-1,-1
91,-1,374,172,31,44,0.90,7,-1,-1
91,-1,290,224,20,22,0.86,2,-1,-1
91,-1,354,148,12,18,0.82,7,-1,-1
91,-1,295,159,12,14,0.78,2,-1,-1
92,-1,374,171,31,44,0.90,7,-1,-1
92,-1,290,225,20,22,0.87,2,-1,-1
92,-1,353,148,13,19,0.82,7,-1,-1
92,-1,295,159,12,14,0.78,2,-1,-1
93,-1,373,170,31,43,0.90,7,-1,-1
93,-1,288,229,22,23,0.84,2,-1,-1
93,-1,354,148,12,18,0.81,7,-1,-1
93,-1,294,159,12,14,0.80,2,-1,-1
94,-1,373,170,30,43,0.90,7,-1,-1
94,-1,286,232,22,24,0.88,2,-1,-1
94,-1,294,159,12,14,0.83,2,-1,-1
94,-1,353,148,12,18,0.81,7,-1,-1
95,-1,372,169,31,42,0.90,7,-1,-1
95,-1,284,235,23,26,0.86,2,-1,-1
95,-1,294,159,12,14,0.83,2,-1,-1
95,-1,352,147,12,18,0.80,7,-1,-1
96,-1,372,168,30,42,0.89,7,-1,-1
96,-1,284,239,22,25,0.87,2,-1,-1
96,-1,294,160,12,14,0.82,2,-1,-1
96,-1,352,147,12,18,0.78,7,-1,-1
97,-1,370,168,30,41,0.88,7,-1,-1
97,-1,282,243,23,26,0.87,2,-1,-1
97,-1,292,159,14,16,0.82,2,-1,-1
97,-1,352,147,11,18,0.76,7,-1,-1
98,-1,370,167,30,41,0.88,7,-1,-1
98,-1,279,247,25,26,0.87,2,-1,-1
98,-1,292,160,14,16,0.84,2,-1,-1
98,-1,352,147,12,17,0.74,7,-1,-1
99,-1,369,166,30,40,0.89,7,-1,-1
99,-1,278,251,26,28,0.88,2,-1,-1
99,-1,291,160,14,16,0.84,2,-1,-1
99,-1,352,147,11,16,0.71,7,-1,-1
100,-1,368,166,30,40,0.89,7,-1,-1
100,-1,276,255,26,29,0.88,2,-1,-1
100,-1,291,160,14,16,0.84,2,-1,-1
100,-1,352,146,11,16,0.71,7,-1,-1
101,-1,274,260,28,32,0.90,2,-1,-1
101,-1,368,166,29,40,0.89,7,-1,-1
101,-1,290,160,16,17,0.84,2,-1,-1
101,-1,352,146,11,16,0.71,7,-1,-1
102,-1,272,265,29,33,0.90,2,-1,-1
102,-1,368,165,28,39,0.89,7,-1,-1
102,-1,290,160,16,18,0.84,2,-1,-1
102,-1,351,146,11,16,0.59,7,-1,-1
103,-1,269,272,30,34,0.89,2,-1,-1
103,-1,368,164,28,39,0.89,7,-1,-1
103,-1,289,161,15,18,0.84,2,-1,-1
103,-1,351,146,10,16,0.56,7,-1,-1
104,-1,368,163,28,39,0.89,7,-1,-1
104,-1,266,277,31,36,0.88,2,-1,-1
104,-1,289,161,16,18,0.84,2,-1,-1
104,-1,350,146,11,15,0.46,7,-1,-1
105,-1,264,284,31,38,0.90,2,-1,-1
105,-1,368,163,27,38,0.89,7,-1,-1
105,-1,288,161,16,18,0.84,2,-1,-1
105,-1,350,145,11,16,0.55,7,-1,-1
106,-1,263,288,31,41,0.90,2,-1,-1
106,-1,368,162,26,38,0.89,7,-1,-1
106,-1,288,161,16,18,0.84,2,-1,-1
106,-1,350,145,11,16,0.51,7,-1,-1
107,-1,257,300,36,43,0.90,2,-1,-1
107,-1,367,162,26,37,0.88,7,-1,-1
107,-1,288,161,16,20,0.84,2,-1,-1
107,-1,350,145,10,15,0.44,7,-1,-1
108,-1,255,307,36,44,0.90,2,-1,-1
108,-1,367,162,26,37,0.88,7,-1,-1
108,-1,288,162,17,20,0.84,2,-1,-1
108,-1,350,145,11,15,0.46,7,-1,-1
109,-1,250,319,38,47,0.90,2,-1,-1
109,-1,366,161,27,36,0.88,7,-1,-1
109,-1,287,161,17,22,0.81,2,-1,-1
109,-1,350,144,10,16,0.55,7,-1,-1
110,-1,248,328,38,48,0.91,2,-1,-1
110,-1,366,161,26,36,0.88,7,-1,-1
110,-1,287,161,17,22,0.81,2,-1,-1
110,-1,350,144,11,16,0.52,7,-1,-1
111,-1,242,342,40,52,0.91,2,-1,-1
111,-1,366,160,26,36,0.88,7,-1,-1
111,-1,286,162,17,22,0.85,2,-1,-1
111,-1,350,143,10,16,0.46,7,-1,-1
112,-1,237,353,43,54,0.91,2,-1,-1
112,-1,365,160,26,35,0.88,7,-1,-1
112,-1,286,162,17,24,0.85,2,-1,-1
112,-1,350,144,10,16,0.44,7,-1,-1
113,-1,228,370,48,60,0.92,2,-1,-1
113,-1,364,159,26,35,0.89,7,-1,-1
113,-1,286,162,17,24,0.82,2,-1,-1
113,-1,350,143,11,16,0.47,7,-1,-1
114,-1,224,382,48,64,0.92,2,-1,-1
114,-1,365,159,25,35,0.88,7,-1,-1
114,-1,284,162,18,24,0.80,2,-1,-1
114,-1,350,143,10,16,0.47,7,-1,-1
115,-1,215,405,51,72,0.93,2,-1,-1
115,-1,365,158,24,34,0.88,7,-1,-1
115,-1,284,162,18,26,0.80,2,-1,-1
115,-1,350,143,10,16,0.35,7,-1,-1
116,-1,208,422,56,77,0.92,2,-1,-1
116,-1,364,158,24,35,0.89,7,-1,-1
116,-1,284,162,17,26,0.77,2,-1,-1
116,-1,350,143,10,16,0.21,7,-1,-1
117,-1,364,158,24,34,0.89,7,-1,-1
117,-1,283,163,18,26,0.66,2,-1,-1
117,-1,349,143,10,16,0.17,7,-1,-1
118,-1,364,157,23,33,0.89,7,-1,-1
118,-1,282,164,18,26,0.65,2,-1,-1
118,-1,349,142,10,16,0.22,7,-1,-1
119,-1,364,157,23,33,0.88,7,-1,-1
119,-1,282,164,18,26,0.69,2,-1,-1
119,-1,349,142,10,16,0.22,7,-1,-1
120,-1,364,156,22,32,0.88,7,-1,-1
120,-1,281,165,19,26,0.51,2,-1,-1
120,-1,349,142,10,16,0.13,7,-1,-1
121,-1,364,156,22,33,0.88,7,-1,-1
121,-1,280,166,19,27,0.75,7,-1,-1
121,-1,349,142,10,14,0.11,7,-1,-1
122,-1,364,155,22,32,0.88,7,-1,-1
122,-1,280,167,19,26,0.60,2,-1,-1
123,-1,363,155,22,32,0.88,7,-1,-1
123,-1,279,167,19,28,0.56,7,-1,-1
123,-1,349,142,10,14,0.11,7,-1,-1
124,-1,364,154,21,32,0.88,7,-1,-1
124,-1,279,168,19,27,0.59,7,-1,-1
125,-1,364,154,21,32,0.87,7,-1,-1
125,-1,278,168,19,28,0.57,2,-1,-1
126,-1,363,154,21,32,0.87,7,-1,-1
126,-1,278,170,19,27,0.74,2,-1,-1
127,-1,364,154,20,31,0.87,7,-1,-1
127,-1,277,170,20,29,0.64,7,-1,-1
128,-1,364,154,20,30,0.87,7,-1,-1
128,-1,276,170,20,29,0.59,7,-1,-1
129,-1,364,153,20,30,0.88,7,-1,-1
129,-1,276,171,20,29,0.73,2,-1,-1
130,-1,364,153,19,30,0.88,7,-1,-1
130,-1,276,172,19,29,0.53,2,-1,-1
131,-1,364,152,19,30,0.88,7,-1,-1
131,-1,276,173,20,29,0.61,2,-1,-1
132,-1,364,152,19,30,0.88,7,-1,-1
132,-1,274,173,20,30,0.65,7,-1,-1
133,-1,364,152,19,29,0.88,7,-1,-1
133,-1,274,174,20,30,0.85,7,-1,-1
134,-1,364,152,19,29,0.87,7,-1,-1
134,-1,273,175,21,30,0.82,7,-1,-1
135,-1,363,152,19,29,0.88,7,-1,-1
135,-1,272,176,21,31,0.73,7,-1,-1
136,-1,364,151,19,28,0.88,7,-1,-1
136,-1,272,177,21,32,0.75,7,-1,-1
137,-1,364,150,19,28,0.88,7,-1,-1
137,-1,272,178,20,31,0.59,2,-1,-1
138,-1,364,150,19,28,0.88,7,-1,-1
138,-1,272,178,21,32,0.75,7,-1,-1
139,-1,364,150,19,28,0.88,7,-1,-1
139,-1,271,180,22,32,0.52,7,-1,-1
140,-1,364,150,18,28,0.88,7,-1,-1
140,-1,270,180,22,32,0.61,7,-1,-1
141,-1,364,150,19,28,0.87,7,-1,-1
141,-1,270,182,22,32,0.77,2,-1,-1
142,-1,364,149,18,28,0.87,7,-1,-1
142,-1,268,183,23,33,0.84,2,-1,-1
143,-1,364,149,18,28,0.87,7,-1,-1
143,-1,268,184,23,34,0.85,2,-1,-1
144,-1,364,148,18,28,0.88,7,-1,-1
144,-1,267,184,23,34,0.82,2,-1,-1
145,-1,364,148,18,28,0.87,7,-1,-1
145,-1,266,186,24,34,0.83,2,-1,-1
146,-1,364,148,18,28,0.87,7,-1,-1
146,-1,265,187,24,34,0.84,2,-1,-1
147,-1,365,147,18,27,0.87,7,-1,-1
147,-1,264,188,25,36,0.82,2,-1,-1
148,-1,365,147,18,28,0.86,7,-1,-1
148,-1,262,189,26,36,0.80,2,-1,-1
149,-1,365,146,18,28,0.86,7,-1,-1
149,-1,262,190,26,37,0.74,2,-1,-1
150,-1,365,146,18,28,0.86,7,-1,-1
150,-1,261,191,26,38,0.72,2,-1,-1
151,-1,366,146,18,27,0.87,7,-1,-1
151,-1,260,192,26,39,0.81,2,-1,-1
152,-1,366,146,18,28,0.86,7,-1,-1
152,-1,258,194,27,40,0.85,2,-1,-1
153,-1,366,146,17,27,0.86,7,-1,-1
153,-1,257,195,28,40,0.81,2,-1,-1
154,-1,366,146,17,26,0.87,7,-1,-1
154,-1,256,196,28,41,0.81,2,-1,-1
155,-1,366,145,17,26,0.86,7,-1,-1
155,-1,255,199,28,41,0.86,2,-1,-1
156,-1,366,145,17,26,0.86,7,-1,-1
156,-1,253,200,30,42,0.79,2,-1,-1
157,-1,367,145,16,24,0.86,7,-1,-1
157,-1,251,202,30,44,0.83,2,-1,-1
158,-1,366,145,17,25,0.86,7,-1,-1
158,-1,250,204,30,44,0.86,2,-1,-1
159,-1,366,145,17,25,0.86,7,-1,-1
159,-1,248,206,31,46,0.86,2,-1,-1
160,-1,367,144,17,24,0.86,7,-1,-1
160,-1,246,207,32,46,0.86,2,-1,-1
161,-1,244,209,34,48,0.87,2,-1,-1
161,-1,367,144,16,25,0.86,7,-1,-1
162,-1,368,144,16,24,0.86,7,-1,-1
162,-1,243,210,34,49,0.82,2,-1,-1
163,-1,240,213,34,50,0.86,2,-1,-1
163,-1,368,144,16,24,0.86,7,-1,-1
164,-1,368,144,16,24,0.85,7,-1,-1
164,-1,238,215,35,51,0.79,2,-1,-1
165,-1,237,218,35,52,0.86,2,-1,-1
165,-1,368,144,16,24,0.85,7,-1,-1
166,-1,368,144,16,24,0.85,7,-1,-1
166,-1,235,220,36,54,0.84,2,-1,-1
167,-1,368,143,16,24,0.85,7,-1,-1
167,-1,232,223,36,55,0.72,2,-1,-1
168,-1,230,226,38,56,0.90,2,-1,-1
168,-1,368,143,16,24,0.85,7,-1,-1
169,-1,368,142,17,24,0.86,7,-1,-1
169,-1,228,228,38,59,0.82,2,-1,-1
170,-1,368,142,17,24,0.86,7,-1,-1
170,-1,225,231,40,60,0.65,2,-1,-1
171,-1,222,234,41,62,0.90,2,-1,-1
171,-1,368,142,17,24,0.86,7,-1,-1
172,-1,220,238,42,63,0.87,2,-1,-1
172,-1,368,142,17,24,0.86,7,-1,-1
173,-1,216,241,43,66,0.88,7,-1,-1
173,-1,368,142,17,24,0.86,7,-1,-1
174,-1,368,142,17,24,0.86,7,-1,-1
174,-1,214,245,44,67,0.83,7,-1,-1
175,-1,210,249,46,70,0.87,7,-1,-1
175,-1,369,142,16,23,0.86,7,-1,-1
176,-1,207,252,48,72,0.88,7,-1,-1
176,-1,369,142,16,24,0.86,7,-1,-1
177,-1,203,257,49,75,0.90,7,-1,-1
177,-1,369,142,17,24,0.86,7,-1,-1
178,-1,199,260,51,78,0.92,7,-1,-1
178,-1,369,141,17,24,0.86,7,-1,-1
179,-1,194,266,52,81,0.90,7,-1,-1
179,-1,370,141,16,24,0.86,7,-1,-1
180,-1,191,270,54,83,0.89,7,-1,-1
180,-1,370,141,16,24,0.86,7,-1,-1
181,-1,185,278,56,88,0.90,7,-1,-1
181,-1,370,140,16,23,0.87,7,-1,-1
182,-1,180,282,58,91,0.92,7,-1,-1
182,-1,370,140,16,23,0.86,7,-1,-1
183,-1,173,290,62,95,0.91,7,-1,-1
183,-1,370,140,16,22,0.86,7,-1,-1
184,-1,168,295,64,98,0.92,7,-1,-1
184,-1,370,140,16,22,0.87,7,-1,-1
185,-1,160,303,68,105,0.92,7,-1,-1
185,-1,371,140,16,23,0.86,7,-1,-1
186,-1,154,309,70,110,0.93,7,-1,-1
186,-1,371,140,16,23,0.87,7,-1,-1
187,-1,144,320,75,118,0.92,7,-1,-1
187,-1,371,140,16,22,0.86,7,-1,-1
188,-1,136,328,78,122,0.94,7,-1,-1
188,-1,371,140,16,22,0.86,7,-1,-1
189,-1,124,340,84,131,0.92,7,-1,-1
189,-1,371,140,16,22,0.86,7,-1,-1
190,-1,115,348,88,140,0.92,7,-1,-1
190,-1,371,139,16,22,0.86,7,-1,-1
191,-1,100,364,95,149,0.93,7,-1,-1
191,-1,372,139,16,22,0.86,7,-1,-1
192,-1,89,375,100,156,0.93,7,-1,-1
192,-1,372,139,16,22,0.86,7,-1,-1
193,-1,372,139,16,22,0.86,7,-1,-1
194,-1,372,138,16,22,0.86,7,-1,-1
195,-1,372,138,16,22,0.86,7,-1,-1
196,-1,372,138,16,22,0.86,7,-1,-1
197,-1,372,138,16,22,0.86,7,-1,-1
198,-1,373,138,16,22,0.85,7,-1,-1
199,-1,374,138,15,22,0.85,7,-1,-1
200,-1,374,138,15,22,0.85,7,-1,-1
201,-1,374,138,15,22,0.86,7,-1,-1
202,-1,374,137,15,21,0.83,7,-1,-1
203,-1,374,137,15,21,0.80,7,-1,-1
204,-1,374,137,15,21,0.80,7,-1,-1
205,-1,374,137,15,20,0.83,7,-1,-1
206,-1,375,136,14,21,0.79,7,-1,-1
207,-1,376,136,14,21,0.77,7,-1,-1
208,-1,376,136,14,21,0.77,7,-1,-1
209,-1,376,136,14,20,0.74,7,-1,-1
210,-1,376,135,14,20,0.74,7,-1,-1
211,-1,376,135,14,20,0.74,7,-1,-1
212,-1,377,135,14,20,0.67,7,-1,-1
213,-1,378,134,14,20,0.67,7,-1,-1
214,-1,378,134,13,20,0.65,7,-1,-1
215,-1,379,135,13,20,0.62,7,-1,-1
216,-1,379,135,13,20,0.63,7,-1,-1
217,-1,379,134,12,20,0.48,7,-1,-1
218,-1,380,134,12,20,0.48,7,-1,-1
219,-1,380,134,12,20,0.49,7,-1,-1
220,-1,380,134,12,20,0.51,7,-1,-1
221,-1,381,134,12,20,0.60,7,-1,-1
222,-1,381,134,12,20,0.60,7,-1,-1
223,-1,381,134,12,19,0.60,7,-1,-1
224,-1,381,134,12,19,0.58,7,-1,-1
225,-1,382,134,12,18,0.45,7,-1,-1
226,-1,382,134,12,18,0.47,7,-1,-1
227,-1,382,134,12,18,0.39,7,-1,-1
228,-1,382,133,12,18,0.38,7,-1,-1
229,-1,382,133,12,18,0.28,7,-1,-1
230,-1,382,132,12,19,0.12,7,-1,-1
231,-1,382,133,11,19,0.18,7,-1,-1
232,-1,382,133,11,19,0.18,7,-1,-1
233,-1,-1,-1,-1,-1,-1,-1,-1,-1
234,-1,-1,-1,-1,-1,-1,-1,-1,-1
235,-1,-1,-1,-1,-1,-1,-1,-1,-1
236,-1,-1,-1,-1,-1,-1,-1,-1,-1
237,-1,-1,-1,-1,-1,-1,-1,-1,-1
238,-1,-1,-1,-1,-1,-1,-1,-1,-1
239,-1,-1,-1,-1,-1,-1,-1,-1,-1
240,-1,-1,-1,-1,-1,-1,-1,-1,-1
241,-1,-1,-1,-1,-1,-1,-1,-1,-1
242,-1,-1,-1,-1,-1,-1,-1,-1,-1
243,-1,-1,-1,-1,-1,-1,-1,-1,-1
244,-1,-1,-1,-1,-1,-1,-1,-1,-1
245,-1,-1,-1,-1,-1,-1,-1,-1,-1
246,-1,-1,-1,-1,-1,-1,-1,-1,-1
247,-1,-1,-1,-1,-1,-1,-1,-1,-1
248,-1,-1,-1,-1,-1,-1,-1,-1,-1
249,-1,-1,-1,-1,-1,-1,-1,-1,-1
250,-1,-1,-1,-1,-1,-1,-1,-1,-1
251,-1,-1,-1,-1,-1,-1,-1,-1,-1
252,-1,-1,-1,-1,-1,-1,-1,-1,-1
253,-1,-1,-1,-1,-1,-1,-1,-1,-1
254,-1,-1,-1,-1,-1,-1,-1,-1,-1
255,-1,-1,-1,-1,-1,-1,-1,-1,-1
256,-1,-1,-1,-1,-1,-1,-1,-1,-1
257,-1,-1,-1,-1,-1,-1,-1,-1,-1
258,-1,-1,-1,-1,-1,-1,-1,-1,-1
259,-1,-1,-1,-1,-1,-1,-1,-1,-1
260,-1,-1,-1,-1,-1,-1,-1,-1,-1
261,-1,-1,-1,-1,-1,-1,-1,-1,-1
262,-1,-1,-1,-1,-1,-1,-1,-1,-1
263,-1,-1,-1,-1,-1,-1,-1,-1,-1
264,-1,-1,-1,-1,-1,-1,-1,-1,-1
265,-1,-1,-1,-1,-1,-1,-1,-1,-1
266,-1,-1,-1,-1,-1,-1,-1,-1,-1
267,-1,-1,-1,-1,-1,-1,-1,-1,-1
268,-1,-1,-1,-1,-1,-1,-1,-1,-1
269,-1,-1,-1,-1,-1,-1,-1,-1,-1
270,-1,-1,-1,-1,-1,-1,-1,-1,-1
271,-1,-1,-1,-1,-1,-1,-1,-1,-1
272,-1,-1,-1,-1,-1,-1,-1,-1,-1
273,-1,-1,-1,-1,-1,-1,-1,-1,-1
274,-1,-1,-1,-1,-1,-1,-1,-1,-1
275,-1,-1,-1,-1,-1,-1,-1,-1,-1
276,-1,-1,-1,-1,-1,-1,-1,-1,-1
277,-1,-1,-1,-1,-1,-1,-1,-1,-1
278,-1,-1,-1,-1,-1,-1,-1,-1,-1
279,-1,-1,-1,-1,-1,-1,-1,-1,-1
280,-1,-1,-1,-1,-1,-1,-1,-1,-1
281,-1,-1,-1,-1,-1,-1,-1,-1,-1
282,-1,-1,-1,-1,-1,-1,-1,-1,-1
283,-1,-1,-1,-1,-1,-1,-1,-1,-1
284,-1,-1,-1,-1,-1,-1,-1,-1,-1
285,-1,-1,-1,-1,-1,-1,-1,-1,-1
286,-1,-1,-1,-1,-1,-1,-1,-1,-1
287,-1,-1,-1,-1,-1,-1,-1,-1,-1
288,-1,-1,-1,-1,-1,-1,-1,-1,-1
289,-1,-1,-1,-1,-1,-1,-1,-1,-1
290,-1,-1,-1,-1,-1,-1,-1,-1,-1
291,-1,-1,-1,-1,-1,-1,-1,-1,-1
292,-1,-1,-1,-1,-1,-1,-1,-1,-1
293,-1,-1,-1,-1,-1,-1,-1,-1,-1
294,-1,-1,-1,-1,-1,-1,-1,-1,-1
295,-1,-1,-1,-1,-1,-1,-1,-1,-1
296,-1,-1,-1,-1,-1,-1,-1,-1,-1
297,-1,-1,-1,-1,-1,-1,-1,-1,-1
298,-1,303,146,10,12,0.11,2,-1,-1
299,-1,304,147,10,10,0.45,2,-1,-1
300,-1,304,147,10,10,0.45,2,-1,-1
301,-1,304,147,9,10,0.63,2,-1,-1
302,-1,304,147,9,10,0.47,2,-1,-1
303,-1,304,148,9,10,0.23,2,-1,-1
304,-1,304,148,9,10,0.25,2,-1,-1
305,-1,304,148,9,10,0.26,2,-1,-1
306,-1,-1,-1,-1,-1,-1,-1,-1,-1
307,-1,-1,-1,-1,-1,-1,-1,-1,-1
308,-1,-1,-1,-1,-1,-1,-1,-1,-1
309,-1,304,149,9,11,0.14,2,-1,-1
310,-1,304,149,9,11,0.14,2,-1,-1
311,-1,304,150,9,11,0.12,2,-1,-1
312,-1,304,150,9,10,0.16,2,-1,-1
313,-1,-1,-1,-1,-1,-1,-1,-1,-1
314,-1,303,151,10,12,0.15,2,-1,-1
315,-1,-1,-1,-1,-1,-1,-1,-1,-1
316,-1,-1,-1,-1,-1,-1,-1,-1,-1
317,-1,-1,-1,-1,-1,-1,-1,-1,-1
318,-1,-1,-1,-1,-1,-1,-1,-1,-1
319,-1,-1,-1,-1,-1,-1,-1,-1,-1
320,-1,-1,-1,-1,-1,-1,-1,-1,-1
321,-1,-1,-1,-1,-1,-1,-1,-1,-1
322,-1,-1,-1,-1,-1,-1,-1,-1,-1
323,-1,300,156,12,12,0.46,2,-1,-1
324,-1,300,156,11,12,0.55,2,-1,-1
325,-1,299,156,11,10,0.68,2,-1,-1
326,-1,299,156,11,10,0.67,2,-1,-1
327,-1,298,158,12,11,0.66,2,-1,-1
328,-1,298,158,12,11,0.65,2,-1,-1
329,-1,298,158,12,12,0.72,2,-1,-1
330,-1,297,159,12,12,0.71,2,-1,-1
331,-1,296,160,12,12,0.72,2,-1,-1
332,-1,296,160,12,12,0.72,2,-1,-1
333,-1,296,161,12,12,0.71,2,-1,-1
334,-1,296,162,12,12,0.79,2,-1,-1
335,-1,296,162,12,12,0.80,2,-1,-1
336,-1,295,162,12,13,0.76,2,-1,-1
337,-1,295,163,11,12,0.82,2,-1,-1
338,-1,296,164,11,12,0.82,2,-1,-1
339,-1,294,165,12,12,0.80,2,-1,-1
340,-1,295,165,12,12,0.80,2,-1,-1
341,-1,294,166,12,12,0.83,2,-1,-1
342,-1,294,166,12,13,0.81,2,-1,-1
343,-1,293,167,12,14,0.80,2,-1,-1
344,-1,293,167,12,14,0.84,2,-1,-1
345,-1,292,168,13,14,0.85,2,-1,-1
346,-1,292,169,13,14,0.85,2,-1,-1
347,-1,291,171,14,14,0.84,2,-1,-1
348,-1,291,171,14,14,0.84,2,-1,-1
349,-1,290,173,14,13,0.83,2,-1,-1
350,-1,290,174,14,13,0.82,2,-1,-1
351,-1,290,175,14,13,0.81,2,-1,-1
352,-1,289,176,15,13,0.81,2,-1,-1
353,-1,288,177,15,14,0.81,2,-1,-1
354,-1,288,178,14,13,0.82,2,-1,-1
355,-1,287,179,15,14,0.84,2,-1,-1
356,-1,287,180,14,13,0.84,2,-1,-1
357,-1,287,182,14,13,0.84,2,-1,-1
358,-1,286,183,14,13,0.84,2,-1,-1
359,-1,284,184,15,14,0.86,2,-1,-1
360,-1,285,185,14,13,0.86,2,-1,-1
361,-1,283,186,15,14,0.86,2,-1,-1
362,-1,282,187,15,15,0.86,2,-1,-1
363,-1,282,189,15,14,0.85,2,-1,-1
364,-1,281,191,15,14,0.85,2,-1,-1
365,-1,280,193,16,14,0.85,2,-1,-1
366,-1,279,193,16,14,0.85,2,-1,-1
367,-1,278,195,16,16,0.84,2,-1,-1
368,-1,277,196,17,16,0.84,2,-1,-1
369,-1,276,198,17,16,0.87,2,-1,-1
370,-1,275,200,16,16,0.87,2,-1,-1
371,-1,274,202,17,16,0.86,2,-1,-1
372,-1,272,204,18,16,0.85,2,-1,-1
373,-1,271,206,18,17,0.84,2,-1,-1
374,-1,270,207,18,17,0.85,2,-1,-1
375,-1,268,210,18,18,0.85,2,-1,-1
376,-1,268,212,19,18,0.86,2,-1,-1
377,-1,266,215,18,18,0.87,2,-1,-1
378,-1,264,218,19,19,0.87,2,-1,-1
379,-1,263,222,19,19,0.87,2,-1,-1
380,-1,261,224,20,20,0.87,2,-1,-1
381,-1,259,227,20,20,0.87,2,-1,-1
382,-1,257,230,21,20,0.86,2,-1,-1
383,-1,255,234,22,22,0.88,2,-1,-1
384,-1,252,236,22,23,0.89,2,-1,-1
385,-1,466,313,164,216,0.92,7,-1,-1
385,-1,250,242,23,22,0.87,2,-1,-1
386,-1,460,304,154,204,0.93,7,-1,-1
386,-1,248,245,24,23,0.86,2,-1,-1
387,-1,454,296,141,183,0.93,7,-1,-1
387,-1,244,250,25,24,0.90,2,-1,-1
388,-1,450,290,132,173,0.93,7,-1,-1
388,-1,242,253,26,25,0.88,2,-1,-1
389,-1,444,282,122,160,0.93,7,-1,-1
389,-1,238,260,26,26,0.87,2,-1,-1
390,-1,441,276,115,152,0.93,7,-1,-1
390,-1,236,264,27,27,0.89,2,-1,-1
391,-1,436,268,108,140,0.93,7,-1,-1
391,-1,231,271,30,29,0.88,2,-1,-1
392,-1,433,264,103,135,0.94,7,-1,-1
392,-1,228,276,30,30,0.89,2,-1,-1
393,-1,429,258,96,126,0.92,7,-1,-1
393,-1,223,284,31,32,0.90,2,-1,-1
394,-1,409,436,74,87,0.93,2,-1,-1
394,-1,428,254,90,120,0.93,7,-1,-1
394,-1,219,290,32,32,0.90,2,-1,-1
395,-1,424,249,85,112,0.93,7,-1,-1
395,-1,402,406,66,78,0.93,2,-1,-1
395,-1,213,299,34,35,0.90,2,-1,-1
396,-1,422,245,82,108,0.94,7,-1,-1
396,-1,398,388,62,73,0.92,2,-1,-1
396,-1,208,306,36,36,0.90,2,-1,-1
397,-1,392,366,55,65,0.92,2,-1,-1
397,-1,417,241,79,103,0.92,7,-1,-1
397,-1,201,318,38,39,0.90,2,-1,-1
398,-1,388,353,54,60,0.92,2,-1,-1
398,-1,414,238,77,98,0.92,7,-1,-1
398,-1,195,326,41,41,0.90,2,-1,-1
399,-1,414,233,71,93,0.93,7,-1,-1
399,-1,384,335,49,56,0.91,2,-1,-1
399,-1,186,340,44,44,0.91,2,-1,-1
400,-1,412,230,69,89,0.92,7,-1,-1
400,-1,381,324,47,54,0.92,2,-1,-1
400,-1,180,350,45,47,0.91,2,-1,-1
401,-1,410,227,65,86,0.92,7,-1,-1
401,-1,377,311,45,49,0.91,2,-1,-1
401,-1,168,368,48,51,0.91,2,-1,-1
401,-1,303,137,16,21,0.15,7,-1,-1
402,-1,410,224,62,83,0.92,7,-1,-1
402,-1,160,380,51,55,0.92,2,-1,-1
402,-1,375,303,42,46,0.90,2,-1,-1
402,-1,303,136,15,22,0.34,7,-1,-1
403,-1,407,221,60,80,0.92,7,-1,-1
403,-1,145,403,56,61,0.92,2,-1,-1
403,-1,372,292,39,44,0.91,2,-1,-1
403,-1,303,136,15,22,0.19,7,-1,-1
404,-1,133,420,61,66,0.93,2,-1,-1
404,-1,406,220,58,77,0.92,7,-1,-1
404,-1,370,284,39,42,0.90,2,-1,-1
404,-1,312,156,10,10,0.39,2,-1,-1
404,-1,303,137,15,23,0.17,7,-1,-1
405,-1,403,217,56,73,0.92,7,-1,-1
405,-1,114,448,66,75,0.91,2,-1,-1
405,-1,369,275,35,40,0.90,2,-1,-1
405,-1,312,157,10,10,0.33,2,-1,-1
406,-1,402,214,55,72,0.91,7,-1,-1
406,-1,368,267,33,40,0.88,2,-1,-1
406,-1,312,156,11,10,0.34,2,-1,-1
407,-1,400,211,53,70,0.91,7,-1,-1
407,-1,366,261,31,37,0.90,2,-1,-1
407,-1,313,158,10,10,0.42,2,-1,-1
408,-1,399,210,52,68,0.91,7,-1,-1
408,-1,364,257,32,35,0.90,2,-1,-1
408,-1,313,157,10,10,0.43,2,-1,-1
409,-1,397,207,51,66,0.92,7,-1,-1
409,-1,362,251,30,33,0.89,2,-1,-1
410,-1,396,205,49,64,0.91,7,-1,-1
410,-1,361,246,29,32,0.89,2,-1,-1
411,-1,395,202,47,66,0.91,7,-1,-1
411,-1,360,241,27,31,0.89,2,-1,-1
411,-1,312,159,11,11,0.54,2,-1,-1
412,-1,394,202,46,64,0.91,7,-1,-1
412,-1,360,237,26,30,0.88,2,-1,-1
412,-1,312,159,11,11,0.55,2,-1,-1
413,-1,392,200,46,59,0.92,7,-1,-1
413,-1,358,232,26,29,0.87,2,-1,-1
413,-1,311,160,12,12,0.44,2,-1,-1
414,-1,390,198,46,58,0.91,7,-1,-1
414,-1,358,229,24,28,0.88,2,-1,-1
414,-1,312,161,11,12,0.62,2,-1,-1
415,-1,388,195,44,57,0.91,7,-1,-1
415,-1,356,225,24,28,0.90,2,-1,-1
415,-1,312,162,11,12,0.53,2,-1,-1
415,-1,304,138,12,20,0.30,7,-1,-1
416,-1,388,194,43,56,0.91,7,-1,-1
416,-1,356,222,24,26,0.88,2,-1,-1
416,-1,311,164,11,12,0.79,2,-1,-1
416,-1,303,139,12,23,0.43,7,-1,-1
417,-1,387,193,41,53,0.92,7,-1,-1
417,-1,354,218,24,25,0.87,2,-1,-1
417,-1,312,164,11,12,0.78,2,-1,-1
417,-1,303,139,12,23,0.45,7,-1,-1
418,-1,386,192,40,51,0.91,7,-1,-1
418,-1,354,216,24,24,0.87,2,-1,-1
418,-1,312,165,11,12,0.77,2,-1,-1
418,-1,304,139,11,21,0.32,7,-1,-1
419,-1,385,190,40,51,0.90,7,-1,-1
419,-1,353,212,22,24,0.86,2,-1,-1
419,-1,311,165,11,12,0.72,2,-1,-1
419,-1,304,139,11,20,0.33,7,-1,-1
420,-1,384,188,40,50,0.90,7,-1,-1
420,-1,352,210,22,24,0.89,2,-1,-1
420,-1,310,166,11,12,0.81,2,-1,-1
420,-1,304,139,10,20,0.28,7,-1,-1
421,-1,383,187,38,48,0.90,7,-1,-1
421,-1,352,207,21,23,0.86,2,-1,-1
421,-1,309,168,12,13,0.72,2,-1,-1
421,-1,303,139,11,20,0.51,7,-1,-1
422,-1,382,187,37,47,0.91,7,-1,-1
422,-1,351,205,20,23,0.87,2,-1,-1
422,-1,309,168,12,14,0.73,2,-1,-1
422,-1,303,138,11,20,0.51,7,-1,-1
423,-1,382,186,36,46,0.90,7,-1,-1
423,-1,351,202,19,22,0.89,2,-1,-1
423,-1,309,169,12,12,0.84,2,-1,-1
423,-1,303,139,11,20,0.52,7,-1,-1
424,-1,381,184,35,46,0.89,7,-1,-1
424,-1,350,200,19,22,0.86,2,-1,-1
424,-1,308,169,13,13,0.84,2,-1,-1
424,-1,303,139,11,18,0.45,7,-1,-1
425,-1,380,183,34,44,0.90,7,-1,-1
425,-1,350,198,18,22,0.87,2,-1,-1
425,-1,307,171,13,13,0.84,2,-1,-1
425,-1,303,139,11,18,0.43,7,-1,-1
426,-1,378,182,34,44,0.89,7,-1,-1
426,-1,350,196,18,21,0.88,2,-1,-1
426,-1,306,172,14,14,0.84,2,-1,-1
426,-1,303,140,11,18,0.50,7,-1,-1
427,-1,378,180,34,42,0.89,7,-1,-1
427,-1,349,194,18,21,0.88,2,-1,-1
427,-1,306,173,14,14,0.84,2,-1,-1
427,-1,302,141,11,18,0.57,7,-1,-1
428,-1,377,179,33,42,0.89,7,-1,-1
428,-1,348,193,19,20,0.87,2,-1,-1
428,-1,306,173,14,14,0.83,2,-1,-1
428,-1,302,141,11,18,0.58,7,-1,-1
429,-1,376,178,32,42,0.89,7,-1,-1
429,-1,348,191,19,20,0.88,2,-1,-1
429,-1,306,174,14,14,0.82,2,-1,-1
429,-1,302,140,11,18,0.55,7,-1,-1
430,-1,376,176,32,42,0.89,7,-1,-1
430,-1,348,190,18,20,0.87,2,-1,-1
430,-1,306,175,14,14,0.82,2,-1,-1
430,-1,302,141,11,18,0.48,7,-1,-1
431,-1,374,175,31,41,0.88,7,-1,-1
431,-1,348,187,18,20,0.86,2,-1,-1
431,-1,304,176,15,14,0.82,2,-1,-1
431,-1,303,141,11,18,0.44,7,-1,-1
432,-1,374,175,30,40,0.88,7,-1,-1
432,-1,346,186,18,20,0.87,2,-1,-1
432,-1,304,177,15,15,0.84,2,-1,-1
432,-1,303,141,11,18,0.46,7,-1,-1
433,-1,373,174,30,40,0.89,7,-1,-1
433,-1,346,184,18,19,0.86,2,-1,-1
433,-1,304,179,15,15,0.85,2,-1,-1
433,-1,302,142,11,16,0.30,2,-1,-1
434,-1,372,174,29,38,0.88,7,-1,-1
434,-1,346,183,17,19,0.86,2,-1,-1
434,-1,303,180,15,15,0.85,2,-1,-1
434,-1,302,142,11,16,0.29,2,-1,-1
435,-1,372,171,29,40,0.88,7,-1,-1
435,-1,346,182,16,18,0.86,2,-1,-1
435,-1,303,181,15,15,0.84,2,-1,-1
435,-1,302,142,11,15,0.16,2,-1,-1
436,-1,371,170,29,39,0.88,7,-1,-1
436,-1,346,180,16,19,0.86,2,-1,-1
436,-1,303,182,15,15,0.85,2,-1,-1
436,-1,302,142,11,16,0.23,2,-1,-1
437,-1,370,169,28,39,0.89,7,-1,-1
437,-1,302,185,15,14,0.86,2,-1,-1
437,-1,345,179,16,18,0.86,2,-1,-1
437,-1,302,142,11,16,0.23,2,-1,-1
438,-1,370,169,28,38,0.89,7,-1,-1
438,-1,302,185,15,16,0.87,2,-1,-1
438,-1,345,178,16,18,0.86,2,-1,-1
438,-1,302,142,11,16,0.22,2,-1,-1
439,-1,369,168,27,38,0.88,7,-1,-1
439,-1,345,176,16,18,0.86,2,-1,-1
439,-1,302,187,15,15,0.86,2,-1,-1
439,-1,302,142,11,16,0.23,2,-1,-1
440,-1,368,167,27,38,0.88,7,-1,-1
440,-1,301,189,15,16,0.86,2,-1,-1
440,-1,344,176,16,18,0.85,2,-1,-1
440,-1,302,142,11,16,0.25,2,-1,-1
441,-1,368,167,26,36,0.88,7,-1,-1
441,-1,301,191,15,15,0.87,2,-1,-1
441,-1,344,174,16,17,0.85,2,-1,-1
441,-1,302,143,11,14,0.22,2,-1,-1
442,-1,367,166,26,36,0.88,7,-1,-1
442,-1,300,191,16,16,0.87,2,-1,-1
442,-1,344,174,15,17,0.84,2,-1,-1
442,-1,302,143,11,15,0.22,2,-1,-1
443,-1,366,165,26,37,0.87,7,-1,-1
443,-1,299,193,16,16,0.87,2,-1,-1
443,-1,344,171,16,17,0.84,2,-1,-1
443,-1,304,144,10,14,0.29,2,-1,-1
444,-1,366,164,26,35,0.88,7,-1,-1
444,-1,298,195,16,16,0.86,2,-1,-1
444,-1,344,171,15,16,0.84,2,-1,-1
444,-1,304,144,10,14,0.29,2,-1,-1
445,-1,416,452,73,73,0.92,2,-1,-1
445,-1,365,164,26,34,0.88,7,-1,-1
445,-1,298,198,17,16,0.85,2,-1,-1
445,-1,344,170,14,16,0.83,2,-1,-1
445,-1,304,143,10,14,0.17,2,-1,-1
446,-1,412,435,67,67,0.93,2,-1,-1
446,-1,365,163,26,34,0.88,7,-1,-1
446,-1,297,198,17,17,0.86,2,-1,-1
446,-1,344,170,14,16,0.83,2,-1,-1
446,-1,304,143,10,14,0.15,2,-1,-1
447,-1,406,410,60,60,0.92,2,-1,-1
447,-1,364,163,24,33,0.89,7,-1,-1
447,-1,296,202,17,17,0.86,2,-1,-1
447,-1,344,169,14,15,0.84,2,-1,-1
448,-1,402,395,58,57,0.91,2,-1,-1
448,-1,364,162,24,33,0.89,7,-1,-1
448,-1,296,203,18,18,0.86,2,-1,-1
448,-1,344,169,13,14,0.84,2,-1,-1
448,-1,303,143,10,14,0.11,7,-1,-1
449,-1,398,376,52,52,0.91,2,-1,-1
449,-1,364,162,24,32,0.89,7,-1,-1
449,-1,295,206,18,17,0.86,2,-1,-1
449,-1,344,168,12,14,0.81,2,-1,-1
449,-1,303,143,10,14,0.15,2,-1,-1
450,-1,396,362,48,51,0.92,2,-1,-1
450,-1,363,161,24,32,0.88,7,-1,-1
450,-1,294,208,19,18,0.87,2,-1,-1
450,-1,344,168,12,14,0.82,2,-1,-1
450,-1,303,143,10,14,0.14,2,-1,-1
451,-1,392,347,46,47,0.92,2,-1,-1
451,-1,362,161,23,32,0.87,7,-1,-1
451,-1,292,210,20,19,0.87,2,-1,-1
451,-1,344,166,12,14,0.85,2,-1,-1
451,-1,304,144,10,14,0.14,7,-1,-1
452,-1,389,337,45,46,0.90,2,-1,-1
452,-1,362,160,23,32,0.87,7,-1,-1
452,-1,292,212,20,20,0.87,2,-1,-1
452,-1,344,166,12,14,0.85,2,-1,-1
452,-1,303,144,10,14,0.10,7,-1,-1
453,-1,386,325,43,42,0.91,2,-1,-1
453,-1,362,160,22,32,0.87,7,-1,-1
453,-1,344,164,12,14,0.87,2,-1,-1
453,-1,290,216,20,20,0.86,2,-1,-1
453,-1,303,144,10,14,0.12,7,-1,-1
454,-1,383,317,42,40,0.90,2,-1,-1
454,-1,362,159,22,31,0.88,7,-1,-1
454,-1,343,164,12,14,0.87,2,-1,-1
454,-1,290,218,20,20,0.87,2,-1,-1
454,-1,302,144,10,14,0.11,7,-1,-1
455,-1,381,307,38,37,0.90,2,-1,-1
455,-1,361,158,22,32,0.88,7,-1,-1
455,-1,288,221,22,22,0.86,2,-1,-1
455,-1,343,162,11,14,0.83,2,-1,-1
456,-1,378,300,37,36,0.90,2,-1,-1
456,-1,361,157,22,31,0.87,7,-1,-1
456,-1,288,224,22,22,0.86,2,-1,-1
456,-1,343,162,11,14,0.83,2,-1,-1
456,-1,302,145,10,15,0.36,2,-1,-1
457,-1,376,290,36,35,0.90,2,-1,-1
457,-1,286,228,22,23,0.89,2,-1,-1
457,-1,360,158,21,29,0.87,7,-1,-1
457,-1,344,162,10,12,0.54,2,-1,-1
457,-1,302,146,10,14,0.33,7,-1,-1
458,-1,375,285,35,34,0.89,2,-1,-1
458,-1,286,230,22,24,0.87,2,-1,-1
458,-1,360,157,21,30,0.87,7,-1,-1
458,-1,342,160,11,14,0.62,2,-1,-1
458,-1,302,146,10,14,0.41,7,-1,-1
459,-1,284,236,24,24,0.89,2,-1,-1
459,-1,373,277,32,32,0.88,2,-1,-1
459,-1,360,157,20,28,0.88,7,-1,-1
459,-1,342,160,11,12,0.76,2,-1,-1
459,-1,302,146,10,14,0.49,7,-1,-1
460,-1,360,156,20,28,0.87,7,-1,-1
460,-1,282,240,24,24,0.87,2,-1,-1
460,-1,371,270,32,34,0.86,2,-1,-1
460,-1,343,160,10,12,0.70,2,-1,-1
460,-1,302,146,10,15,0.58,7,-1,-1
461,-1,369,260,31,36,0.88,2,-1,-1
461,-1,280,244,25,25,0.87,2,-1,-1
461,-1,359,156,20,28,0.87,7,-1,-1
461,-1,342,159,10,12,0.80,2,-1,-1
461,-1,301,146,11,15,0.54,7,-1,-1
462,-1,368,259,30,32,0.89,2,-1,-1
462,-1,278,248,26,26,0.89,2,-1,-1
462,-1,359,155,20,28,0.87,7,-1,-1
462,-1,342,159,10,12,0.80,2,-1,-1
462,-1,301,146,11,15,0.55,7,-1,-1
463,-1,366,256,29,28,0.88,2,-1,-1
463,-1,276,255,28,26,0.88,2,-1,-1
463,-1,358,154,20,28,0.86,7,-1,-1
463,-1,342,158,10,12,0.78,2,-1,-1
463,-1,302,147,11,15,0.34,7,-1,-1
464,-1,274,258,28,28,0.88,2,-1,-1
464,-1,366,252,28,27,0.88,2,-1,-1
464,-1,358,154,20,28,0.86,7,-1,-1
464,-1,342,158,10,11,0.68,2,-1,-1
464,-1,302,147,10,15,0.46,7,-1,-1
465,-1,272,266,30,30,0.89,2,-1,-1
465,-1,364,247,27,26,0.88,2,-1,-1
465,-1,358,154,20,27,0.87,7,-1,-1
465,-1,342,157,10,11,0.82,2,-1,-1
465,-1,302,147,12,15,0.31,2,-1,-1
466,-1,270,271,30,31,0.88,2,-1,-1
466,-1,363,244,26,26,0.88,2,-1,-1
466,-1,357,153,19,26,0.87,7,-1,-1
466,-1,342,157,10,11,0.69,2,-1,-1
467,-1,266,280,32,32,0.89,2,-1,-1
467,-1,358,154,18,26,0.87,7,-1,-1
467,-1,362,240,24,24,0.87,2,-1,-1
467,-1,342,156,10,10,0.62,2,-1,-1
467,-1,314,159,8,8,0.39,2,-1,-1
468,-1,264,284,32,35,0.89,2,-1,-1
468,-1,356,153,18,26,0.87,7,-1,-1
468,-1,362,237,24,25,0.87,2,-1,-1
468,-1,342,156,10,10,0.59,2,-1,-1
468,-1,314,159,8,8,0.37,2,-1,-1
469,-1,261,296,33,36,0.90,2,-1,-1
469,-1,356,154,18,24,0.87,7,-1,-1
469,-1,360,232,24,24,0.87,2,-1,-1
469,-1,314,160,8,9,0.35,2,-1,-1
470,-1,257,304,36,38,0.90,2,-1,-1
470,-1,356,154,18,24,0.87,7,-1,-1
470,-1,359,229,24,24,0.86,2,-1,-1
470,-1,314,160,9,9,0.37,2,-1,-1
470,-1,342,155,9,9,0.10,2,-1,-1
471,-1,251,316,39,41,0.91,2,-1,-1
471,-1,356,152,18,25,0.88,7,-1,-1
471,-1,358,225,24,24,0.88,2,-1,-1
471,-1,314,160,10,10,0.62,2,-1,-1
472,-1,248,323,41,45,0.90,2,-1,-1
472,-1,356,152,17,24,0.88,7,-1,-1
472,-1,357,223,24,22,0.86,2,-1,-1
472,-1,314,160,10,10,0.62,2,-1,-1
473,-1,242,340,42,47,0.91,2,-1,-1
473,-1,356,219,22,22,0.89,2,-1,-1
473,-1,356,152,17,24,0.88,7,-1,-1
473,-1,313,160,10,10,0.61,2,-1,-1
473,-1,300,148,12,11,0.28,2,-1,-1
474,-1,238,352,45,50,0.91,2,-1,-1
474,-1,356,218,22,22,0.88,2,-1,-1
474,-1,356,152,17,24,0.87,7,-1,-1
474,-1,312,160,11,10,0.67,2,-1,-1
474,-1,341,152,10,10,0.44,2,-1,-1
474,-1,300,148,11,10,0.22,2,-1,-1
475,-1,228,372,50,55,0.92,2,-1,-1
475,-1,355,151,16,24,0.86,7,-1,-1
475,-1,355,215,22,21,0.86,2,-1,-1
475,-1,312,161,11,11,0.54,2,-1,-1
475,-1,341,152,9,10,0.25,2,-1,-1
475,-1,300,148,12,11,0.17,2,-1,-1
476,-1,224,386,50,60,0.91,2,-1,-1
476,-1,354,212,21,22,0.86,2,-1,-1
476,-1,355,151,16,24,0.86,7,-1,-1
476,-1,312,162,11,12,0.74,2,-1,-1
476,-1,299,147,12,12,0.39,2,-1,-1
477,-1,212,410,56,69,0.93,2,-1,-1
477,-1,355,150,16,24,0.86,7,-1,-1
477,-1,354,209,21,21,0.86,2,-1,-1
477,-1,312,162,12,12,0.72,2,-1,-1
477,-1,299,147,12,12,0.38,2,-1,-1
477,-1,340,152,9,10,0.10,2,-1,-1
478,-1,202,432,60,73,0.92,2,-1,-1
478,-1,355,150,16,23,0.86,7,-1,-1
478,-1,354,208,21,20,0.85,2,-1,-1
478,-1,312,163,11,12,0.61,2,-1,-1
478,-1,299,147,12,14,0.39,2,-1,-1
478,-1,340,152,9,10,0.10,2,-1,-1
479,-1,352,206,20,19,0.87,2,-1,-1
479,-1,354,150,16,22,0.85,7,-1,-1
479,-1,312,164,12,12,0.49,2,-1,-1
479,-1,300,148,12,12,0.20,2,-1,-1
480,-1,352,205,20,18,0.87,2,-1,-1
480,-1,354,150,16,22,0.85,7,-1,-1
480,-1,312,164,12,12,0.77,2,-1,-1
480,-1,300,148,11,12,0.27,2,-1,-1
481,-1,352,202,19,19,0.87,2,-1,-1
481,-1,354,149,16,23,0.86,7,-1,-1
481,-1,310,167,12,12,0.63,2,-1,-1
481,-1,300,148,12,15,0.18,2,-1,-1
482,-1,352,201,18,18,0.86,2,-1,-1
482,-1,354,150,16,22,0.85,7,-1,-1
482,-1,310,167,12,12,0.61,2,-1,-1
483,-1,351,199,18,18,0.87,2,-1,-1
483,-1,354,149,16,22,0.85,7,-1,-1
483,-1,310,168,12,12,0.79,2,-1,-1
484,-1,351,197,18,18,0.86,2,-1,-1
484,-1,353,148,16,22,0.85,7,-1,-1
484,-1,310,168,12,14,0.81,2,-1,-1
485,-1,351,196,17,17,0.85,2,-1,-1
485,-1,353,148,16,22,0.85,7,-1,-1
485,-1,310,169,12,12,0.85,2,-1,-1
486,-1,350,194,17,17,0.86,2,-1,-1
486,-1,352,147,16,22,0.85,7,-1,-1
486,-1,310,170,12,12,0.85,2,-1,-1
487,-1,350,192,17,18,0.86,2,-1,-1
487,-1,309,171,13,13,0.86,2,-1,-1
487,-1,352,148,15,21,0.85,7,-1,-1
487,-1,298,148,13,17,0.41,7,-1,-1
488,-1,350,191,17,18,0.86,2,-1,-1
488,-1,308,171,14,14,0.85,2,-1,-1
488,-1,352,148,15,21,0.84,7,-1,-1
488,-1,299,149,12,16,0.26,7,-1,-1
489,-1,348,190,17,17,0.86,2,-1,-1
489,-1,308,172,13,14,0.86,2,-1,-1
489,-1,352,148,15,20,0.83,7,-1,-1
489,-1,298,149,12,16,0.28,7,-1,-1
490,-1,348,189,17,16,0.86,2,-1,-1
490,-1,308,172,13,14,0.86,2,-1,-1
490,-1,352,148,15,20,0.82,7,-1,-1
490,-1,298,149,12,17,0.48,7,-1,-1
491,-1,348,187,17,16,0.87,2,-1,-1
491,-1,306,174,14,14,0.84,2,-1,-1
491,-1,352,146,15,20,0.81,7,-1,-1
491,-1,299,152,11,15,0.62,2,-1,-1
492,-1,348,187,16,16,0.87,2,-1,-1
492,-1,306,174,14,15,0.83,2,-1,-1
492,-1,352,146,15,20,0.81,7,-1,-1
492,-1,299,151,11,15,0.62,2,-1,-1
493,-1,348,184,16,16,0.87,2,-1,-1
493,-1,306,176,14,14,0.84,2,-1,-1
493,-1,352,146,14,20,0.83,7,-1,-1
493,-1,298,152,11,14,0.59,2,-1,-1
494,-1,348,183,15,16,0.86,2,-1,-1
494,-1,306,177,14,14,0.85,2,-1,-1
494,-1,351,144,14,21,0.82,7,-1,-1
494,-1,298,154,12,14,0.77,2,-1,-1
495,-1,347,182,16,16,0.86,2,-1,-1
495,-1,306,178,15,15,0.85,2,-1,-1
495,-1,351,144,14,21,0.82,7,-1,-1
495,-1,298,155,12,14,0.75,2,-1,-1
496,-1,347,181,16,16,0.85,2,-1,-1
496,-1,306,179,15,15,0.84,2,-1,-1
496,-1,350,143,14,21,0.80,7,-1,-1
496,-1,298,155,12,14,0.74,2,-1,-1
497,-1,346,179,15,16,0.85,2,-1,-1
497,-1,304,180,15,16,0.84,2,-1,-1
497,-1,351,144,14,20,0.81,7,-1,-1
497,-1,298,156,12,13,0.75,2,-1,-1
498,-1,346,179,16,16,0.85,2,-1,-1
498,-1,305,181,15,16,0.84,2,-1,-1
498,-1,350,144,14,20,0.77,7,-1,-1
498,-1,298,156,12,13,0.75,2,-1,-1
498,-1,315,146,9,10,0.21,2,-1,-1
499,-1,346,177,15,15,0.84,2,-1,-1
499,-1,304,183,15,16,0.84,2,-1,-1
499,-1,350,143,14,20,0.80,7,-1,-1
499,-1,297,155,12,14,0.76,2,-1,-1
500,-1,304,184,16,16,0.85,2,-1,-1
500,-1,346,176,15,15,0.84,2,-1,-1
500,-1,296,155,12,15,0.80,2,-1,-1
500,-1,350,143,14,20,0.77,7,-1,-1
501,-1,304,185,16,17,0.85,2,-1,-1
501,-1,345,175,15,15,0.83,2,-1,-1
501,-1,296,154,12,15,0.80,2,-1,-1
501,-1,350,143,14,20,0.78,7,-1,-1
502,-1,303,186,16,17,0.85,2,-1,-1
502,-1,345,174,15,15,0.82,2,-1,-1
502,-1,296,156,12,14,0.81,2,-1,-1
502,-1,350,143,13,19,0.74,7,-1,-1
502,-1,314,149,9,10,0.44,2,-1,-1
503,-1,482,318,136,186,0.93,7,-1,-1
503,-1,303,189,17,17,0.83,2,-1,-1
503,-1,344,173,15,14,0.83,2,-1,-1
503,-1,296,156,12,14,0.81,2,-1,-1
503,-1,350,142,14,20,0.72,7,-1,-1
503,-1,314,150,9,9,0.52,2,-1,-1
504,-1,477,310,128,173,0.93,7,-1,-1
504,-1,302,190,17,17,0.84,2,-1,-1
504,-1,344,173,14,14,0.83,2,-1,-1
504,-1,296,157,12,14,0.79,2,-1,-1
504,-1,350,142,14,20,0.73,7,-1,-1
504,-1,314,149,10,10,0.68,2,-1,-1
505,-1,468,300,119,159,0.93,7,-1,-1
505,-1,302,193,17,17,0.86,2,-1,-1
505,-1,344,172,15,14,0.84,2,-1,-1
505,-1,296,156,12,15,0.82,2,-1,-1
505,-1,350,142,13,19,0.80,7,-1,-1
505,-1,314,149,10,9,0.67,2,-1,-1
506,-1,464,293,114,152,0.93,7,-1,-1
506,-1,302,194,18,18,0.86,2,-1,-1
506,-1,344,172,14,14,0.84,2,-1,-1
506,-1,295,156,13,16,0.81,2,-1,-1
506,-1,350,142,13,18,0.74,7,-1,-1
506,-1,314,150,10,9,0.43,2,-1,-1
507,-1,457,284,106,141,0.93,7,-1,-1
507,-1,344,170,14,14,0.85,2,-1,-1
507,-1,302,196,17,18,0.85,2,-1,-1
507,-1,295,156,13,16,0.81,2,-1,-1
507,-1,348,141,14,20,0.74,7,-1,-1
507,-1,315,151,9,9,0.27,2,-1,-1
508,-1,453,279,101,136,0.93,7,-1,-1
508,-1,301,198,17,17,0.86,2,-1,-1
508,-1,344,170,13,14,0.85,2,-1,-1
508,-1,295,156,13,16,0.81,2,-1,-1
508,-1,348,141,14,20,0.74,7,-1,-1
508,-1,315,151,9,9,0.27,2,-1,-1
509,-1,448,271,94,127,0.93,7,-1,-1
509,-1,300,201,18,17,0.87,2,-1,-1
509,-1,344,170,13,13,0.83,2,-1,-1
509,-1,295,157,12,16,0.80,2,-1,-1
509,-1,349,140,14,20,0.76,7,-1,-1
510,-1,445,268,90,119,0.93,7,-1,-1
510,-1,299,202,19,18,0.85,2,-1,-1
510,-1,344,168,13,13,0.84,2,-1,-1
510,-1,295,157,12,16,0.80,2,-1,-1
510,-1,348,140,14,20,0.77,7,-1,-1
511,-1,440,260,84,114,0.93,7,-1,-1
511,-1,344,168,13,13,0.84,2,-1,-1
511,-1,298,206,20,17,0.84,2,-1,-1
511,-1,294,156,12,16,0.82,2,-1,-1
511,-1,348,140,13,19,0.75,7,-1,-1
512,-1,436,256,82,109,0.94,7,-1,-1
512,-1,296,207,20,18,0.85,2,-1,-1
512,-1,343,168,13,13,0.82,2,-1,-1
512,-1,294,157,12,16,0.80,2,-1,-1
512,-1,348,139,14,19,0.68,7,-1,-1
513,-1,433,252,80,106,0.93,7,-1,-1
513,-1,296,208,20,19,0.84,2,-1,-1
513,-1,342,167,13,13,0.82,2,-1,-1
513,-1,294,157,12,16,0.80,2,-1,-1
513,-1,348,139,13,20,0.67,7,-1,-1
514,-1,430,247,74,100,0.93,7,-1,-1
514,-1,407,443,74,84,0.91,2,-1,-1
514,-1,296,211,20,20,0.87,2,-1,-1
514,-1,342,166,13,13,0.84,2,-1,-1
514,-1,294,158,12,16,0.82,2,-1,-1
514,-1,348,139,14,20,0.67,7,-1,-1
515,-1,426,242,70,94,0.92,7,-1,-1
515,-1,400,413,65,76,0.91,2,-1,-1
515,-1,294,215,21,20,0.86,2,-1,-1
515,-1,295,158,12,16,0.82,2,-1,-1
515,-1,342,165,12,13,0.80,2,-1,-1
515,-1,348,139,13,20,0.55,7,-1,-1
516,-1,397,395,62,71,0.92,2,-1,-1
516,-1,423,240,69,91,0.92,7,-1,-1
516,-1,294,218,22,20,0.86,2,-1,-1
516,-1,294,159,12,16,0.82,2,-1,-1
516,-1,342,164,12,12,0.79,2,-1,-1
516,-1,348,139,13,20,0.61,7,-1,-1
516,-1,314,156,10,9,0.18,2,-1,-1
517,-1,420,236,68,88,0.93,7,-1,-1
517,-1,393,380,57,66,0.91,2,-1,-1
517,-1,292,220,22,20,0.87,2,-1,-1
517,-1,295,159,11,16,0.83,2,-1,-1
517,-1,343,164,12,12,0.81,2,-1,-1
517,-1,348,139,12,19,0.63,7,-1,-1
517,-1,313,156,10,10,0.53,2,-1,-1
518,-1,388,360,52,60,0.92,2,-1,-1
518,-1,417,232,64,84,0.92,7,-1,-1
518,-1,291,224,23,21,0.86,2,-1,-1
518,-1,342,163,12,12,0.82,2,-1,-1
518,-1,294,158,12,16,0.80,2,-1,-1
518,-1,312,156,11,10,0.69,2,-1,-1
518,-1,348,139,12,18,0.52,7,-1,-1
519,-1,414,229,61,80,0.91,7,-1,-1
519,-1,385,343,48,56,0.90,2,-1,-1
519,-1,290,228,23,22,0.87,2,-1,-1
519,-1,341,163,12,12,0.79,2,-1,-1
519,-1,312,156,10,10,0.76,2,-1,-1
519,-1,293,158,13,18,0.67,2,-1,-1
519,-1,348,139,12,19,0.54,7,-1,-1
520,-1,413,226,59,78,0.92,7,-1,-1
520,-1,382,332,47,52,0.90,2,-1,-1
520,-1,290,231,23,22,0.85,2,-1,-1
520,-1,342,162,12,12,0.81,2,-1,-1
520,-1,313,157,10,10,0.77,2,-1,-1
520,-1,293,158,13,18,0.65,2,-1,-1
520,-1,348,138,12,19,0.55,7,-1,-1
521,-1,410,222,57,76,0.91,7,-1,-1
521,-1,379,319,44,49,0.90,2,-1,-1
521,-1,288,236,24,23,0.86,2,-1,-1
521,-1,312,157,11,11,0.81,2,-1,-1
521,-1,341,161,12,12,0.80,2,-1,-1
521,-1,293,159,13,18,0.79,2,-1,-1
521,-1,348,138,12,19,0.54,7,-1,-1
522,-1,409,220,55,74,0.91,7,-1,-1
522,-1,377,310,41,47,0.89,2,-1,-1
522,-1,287,239,24,24,0.85,2,-1,-1
522,-1,341,161,12,12,0.80,2,-1,-1
522,-1,293,159,13,18,0.79,2,-1,-1
522,-1,312,157,11,11,0.79,2,-1,-1
522,-1,348,138,12,19,0.51,7,-1,-1
523,-1,407,216,52,71,0.91,7,-1,-1
523,-1,374,298,38,44,0.90,2,-1,-1
523,-1,284,244,26,25,0.86,2,-1,-1
523,-1,292,160,13,18,0.83,2,-1,-1
523,-1,312,158,11,11,0.82,2,-1,-1
523,-1,341,161,12,12,0.80,2,-1,-1
523,-1,347,138,12,18,0.55,7,-1,-1
524,-1,406,215,51,69,0.93,7,-1,-1
524,-1,372,292,37,42,0.90,2,-1,-1
524,-1,283,248,27,26,0.89,2,-1,-1
524,-1,292,160,14,18,0.84,2,-1,-1
524,-1,312,159,12,12,0.79,2,-1,-1
524,-1,341,161,11,11,0.78,2,-1,-1
524,-1,347,137,12,18,0.47,7,-1,-1
525,-1,404,214,50,67,0.91,7,-1,-1
525,-1,372,286,35,40,0.89,2,-1,-1
525,-1,282,252,28,26,0.88,2,-1,-1
525,-1,292,160,14,18,0.83,2,-1,-1
525,-1,341,160,12,12,0.78,2,-1,-1
525,-1,312,159,12,12,0.77,2,-1,-1
525,-1,347,137,12,18,0.48,7,-1,-1
526,-1,401,210,49,65,0.91,7,-1,-1
526,-1,369,278,34,37,0.89,2,-1,-1
526,-1,280,258,28,28,0.88,2,-1,-1
526,-1,341,159,12,11,0.79,2,-1,-1
526,-1,292,160,14,18,0.79,2,-1,-1
526,-1,312,160,12,12,0.75,2,-1,-1
526,-1,346,137,12,18,0.46,7,-1,-1
527,-1,400,208,47,63,0.91,7,-1,-1
527,-1,368,264,32,41,0.88,2,-1,-1
527,-1,277,264,29,30,0.88,2,-1,-1
527,-1,292,160,14,18,0.84,2,-1,-1
527,-1,312,161,12,12,0.75,2,-1,-1
527,-1,340,158,12,12,0.73,2,-1,-1
527,-1,347,137,12,18,0.41,7,-1,-1
528,-1,398,206,46,62,0.92,7,-1,-1
528,-1,366,261,31,38,0.89,2,-1,-1
528,-1,274,270,31,31,0.88,2,-1,-1
528,-1,292,160,14,18,0.84,2,-1,-1
528,-1,312,162,12,12,0.79,2,-1,-1
528,-1,340,158,12,12,0.68,2,-1,-1
528,-1,347,137,12,18,0.33,7,-1,-1
529,-1,397,204,45,63,0.90,7,-1,-1
529,-1,365,260,30,34,0.90,2,-1,-1
529,-1,272,275,32,32,0.89,2,-1,-1
529,-1,291,160,15,18,0.84,2,-1,-1
529,-1,312,162,12,12,0.81,2,-1,-1
529,-1,340,158,12,10,0.76,2,-1,-1
529,-1,346,136,12,19,0.43,7,-1,-1
530,-1,396,202,43,60,0.91,7,-1,-1
530,-1,270,283,32,35,0.90,2,-1,-1
530,-1,363,254,28,32,0.87,2,-1,-1
530,-1,290,160,16,20,0.83,2,-1,-1
530,-1,311,163,12,12,0.78,2,-1,-1
530,-1,340,158,12,10,0.69,2,-1,-1
530,-1,346,135,12,18,0.35,7,-1,-1
531,-1,394,200,42,60,0.92,7,-1,-1
531,-1,268,290,33,36,0.90,2,-1,-1
531,-1,362,250,27,31,0.89,2,-1,-1
531,-1,290,160,16,20,0.83,2,-1,-1
531,-1,310,164,12,12,0.80,2,-1,-1
531,-1,340,158,11,10,0.64,2,-1,-1
531,-1,346,135,12,19,0.36,7,-1,-1
532,-1,392,198,42,59,0.91,7,-1,-1
532,-1,263,301,36,38,0.90,2,-1,-1
532,-1,362,244,25,30,0.88,2,-1,-1
532,-1,311,165,12,12,0.82,2,-1,-1
532,-1,290,160,15,20,0.72,2,-1,-1
532,-1,340,158,11,10,0.64,2,-1,-1
532,-1,346,135,12,18,0.42,7,-1,-1
533,-1,391,195,40,58,0.91,7,-1,-1
533,-1,258,313,38,42,0.90,2,-1,-1
533,-1,360,240,25,28,0.87,2,-1,-1
533,-1,311,166,12,12,0.81,2,-1,-1
533,-1,290,160,15,21,0.70,2,-1,-1
533,-1,339,157,11,10,0.49,2,-1,-1
533,-1,346,136,12,18,0.42,7,-1,-1
534,-1,390,194,39,56,0.92,7,-1,-1
534,-1,255,322,40,43,0.91,2,-1,-1
534,-1,359,236,24,27,0.86,2,-1,-1
534,-1,310,166,12,12,0.81,2,-1,-1
534,-1,290,161,15,21,0.64,2,-1,-1
534,-1,339,156,11,10,0.43,2,-1,-1
534,-1,346,135,12,18,0.38,7,-1,-1
535,-1,250,338,42,46,0.92,2,-1,-1
535,-1,389,192,38,54,0.91,7,-1,-1
535,-1,358,233,23,25,0.89,2,-1,-1
535,-1,310,167,12,12,0.81,2,-1,-1
535,-1,290,161,15,21,0.65,2,-1,-1
535,-1,339,156,11,10,0.34,2,-1,-1
535,-1,347,136,11,17,0.31,7,-1,-1
536,-1,388,190,38,54,0.91,7,-1,-1
536,-1,246,349,45,50,0.90,2,-1,-1
536,-1,358,230,22,24,0.87,2,-1,-1
536,-1,310,168,12,12,0.79,2,-1,-1
536,-1,290,162,15,21,0.79,2,-1,-1
536,-1,339,155,11,10,0.31,2,-1,-1
536,-1,346,135,11,18,0.23,7,-1,-1
537,-1,240,362,46,52,0.91,2,-1,-1
537,-1,387,190,37,52,0.91,7,-1,-1
537,-1,357,228,22,24,0.88,2,-1,-1
537,-1,310,169,12,13,0.82,2,-1,-1
537,-1,289,162,16,22,0.82,2,-1,-1
537,-1,338,156,11,10,0.30,2,-1,-1
537,-1,346,135,11,18,0.24,7,-1,-1
538,-1,232,382,52,60,0.91,2,-1,-1
538,-1,385,189,36,50,0.90,7,-1,-1
538,-1,356,224,22,22,0.87,2,-1,-1
538,-1,309,170,12,13,0.85,2,-1,-1
538,-1,288,162,16,22,0.81,2,-1,-1
538,-1,339,155,10,9,0.32,2,-1,-1
538,-1,346,134,11,18,0.14,7,-1,-1
539,-1,224,408,55,66,0.93,2,-1,-1
539,-1,384,188,36,50,0.91,7,-1,-1
539,-1,355,220,21,22,0.87,2,-1,-1
539,-1,308,171,13,14,0.85,2,-1,-1
539,-1,288,162,16,22,0.82,2,-1,-1
539,-1,339,155,10,8,0.26,2,-1,-1
540,-1,215,428,60,71,0.92,2,-1,-1
540,-1,383,186,36,49,0.91,7,-1,-1
540,-1,354,217,21,22,0.86,2,-1,-1
540,-1,308,172,14,13,0.84,2,-1,-1
540,-1,288,162,16,22,0.80,2,-1,-1
540,-1,338,153,10,9,0.27,2,-1,-1
541,-1,383,185,33,47,0.90,7,-1,-1
541,-1,354,213,20,22,0.86,2,-1,-1
541,-1,288,163,15,22,0.82,2,-1,-1
541,-1,308,173,14,13,0.82,2,-1,-1
541,-1,338,153,10,9,0.23,2,-1,-1
542,-1,382,184,32,45,0.90,7,-1,-1
542,-1,353,212,20,21,0.88,2,-1,-1
542,-1,308,174,14,13,0.82,2,-1,-1
542,-1,288,163,15,22,0.82,2,-1,-1
542,-1,338,153,10,8,0.13,2,-1,-1
543,-1,382,182,32,45,0.89,7,-1,-1
543,-1,352,209,19,20,0.88,2,-1,-1
543,-1,288,163,16,22,0.84,2,-1,-1
543,-1,308,175,14,13,0.81,2,-1,-1
543,-1,338,153,10,8,0.16,2,-1,-1
544,-1,381,182,32,44,0.89,7,-1,-1
544,-1,352,207,18,20,0.87,2,-1,-1
544,-1,287,163,16,23,0.84,2,-1,-1
544,-1,307,176,14,13,0.81,2,-1,-1
544,-1,346,134,10,16,0.12,7,-1,-1
545,-1,380,181,31,42,0.90,7,-1,-1
545,-1,352,204,18,20,0.87,2,-1,-1
545,-1,287,164,16,23,0.85,2,-1,-1
545,-1,307,177,14,14,0.84,2,-1,-1
545,-1,346,134,10,16,0.14,7,-1,-1
546,-1,378,180,31,42,0.89,7,-1,-1
546,-1,352,202,18,20,0.87,2,-1,-1
546,-1,287,164,16,22,0.85,2,-1,-1
546,-1,306,178,14,14,0.85,2,-1,-1
546,-1,346,133,10,17,0.15,7,-1,-1
547,-1,378,178,30,42,0.89,7,-1,-1
547,-1,350,200,18,20,0.86,2,-1,-1
547,-1,306,179,14,14,0.84,2,-1,-1
547,-1,286,165,16,23,0.83,2,-1,-1
547,-1,338,150,10,9,0.35,2,-1,-1
547,-1,346,132,9,17,0.20,7,-1,-1
548,-1,378,178,29,41,0.89,7,-1,-1
548,-1,350,198,17,19,0.86,2,-1,-1
548,-1,286,166,16,23,0.84,2,-1,-1
548,-1,306,180,14,14,0.84,2,-1,-1
548,-1,338,150,10,9,0.36,2,-1,-1
549,-1,376,176,29,41,0.88,7,-1,-1
549,-1,350,195,17,20,0.86,2,-1,-1
549,-1,306,182,14,14,0.84,2,-1,-1
549,-1,286,166,16,22,0.84,2,-1,-1
549,-1,338,150,10,9,0.21,2,-1,-1
550,-1,376,175,28,40,0.88,7,-1,-1
550,-1,350,195,17,18,0.86,2,-1,-1
550,-1,286,166,17,24,0.84,2,-1,-1
550,-1,306,183,14,14,0.84,2,-1,-1
550,-1,338,149,9,9,0.43,2,-1,-1
551,-1,376,175,28,39,0.88,7,-1,-1
551,-1,350,193,16,18,0.88,2,-1,-1
551,-1,285,167,17,22,0.86,2,-1,-1
551,-1,306,185,14,14,0.85,2,-1,-1
551,-1,338,149,9,9,0.39,2,-1,-1
552,-1,426,440,74,81,0.93,2,-1,-1
552,-1,375,174,28,39,0.88,7,-1,-1
552,-1,350,191,15,18,0.87,2,-1,-1
552,-1,285,167,17,23,0.87,2,-1,-1
552,-1,304,186,15,14,0.87,2,-1,-1
552,-1,338,149,9,9,0.38,2,-1,-1
553,-1,418,412,66,73,0.92,2,-1,-1
553,-1,374,173,27,38,0.88,7,-1,-1
553,-1,284,168,17,23,0.87,2,-1,-1
553,-1,348,189,16,18,0.87,2,-1,-1
553,-1,304,187,15,15,0.86,2,-1,-1
553,-1,338,148,10,10,0.49,2,-1,-1
554,-1,414,394,62,69,0.92,2,-1,-1
554,-1,284,169,17,22,0.88,2,-1,-1
554,-1,374,172,26,38,0.88,7,-1,-1
554,-1,348,189,15,17,0.87,2,-1,-1
554,-1,304,188,15,15,0.85,2,-1,-1
554,-1,337,148,9,9,0.38,2,-1,-1
555,-1,408,372,56,63,0.93,2,-1,-1
555,-1,373,172,27,38,0.88,7,-1,-1
555,-1,348,186,15,18,0.87,2,-1,-1
555,-1,284,169,17,23,0.87,2,-1,-1
555,-1,303,192,16,14,0.85,2,-1,-1
555,-1,337,148,9,9,0.31,2,-1,-1
556,-1,404,359,53,59,0.92,2,-1,-1
556,-1,373,171,26,37,0.89,7,-1,-1
556,-1,348,185,15,18,0.88,2,-1,-1
556,-1,284,170,17,23,0.87,2,-1,-1
556,-1,302,192,16,15,0.85,2,-1,-1
556,-1,337,148,9,9,0.32,2,-1,-1
557,-1,398,341,50,54,0.90,2,-1,-1
557,-1,372,170,26,36,0.89,7,-1,-1
557,-1,348,184,15,18,0.86,2,-1,-1
557,-1,302,194,16,15,0.86,2,-1,-1
557,-1,283,170,18,24,0.85,2,-1,-1
557,-1,337,147,9,9,0.13,2,-1,-1
558,-1,396,330,47,53,0.91,2,-1,-1
558,-1,372,169,26,36,0.89,7,-1,-1
558,-1,302,195,16,16,0.86,2,-1,-1
558,-1,348,184,14,16,0.84,2,-1,-1
558,-1,283,170,18,24,0.83,2,-1,-1
559,-1,392,318,46,48,0.91,2,-1,-1
559,-1,371,168,26,36,0.89,7,-1,-1
559,-1,346,181,15,16,0.85,2,-1,-1
559,-1,300,198,16,16,0.85,2,-1,-1
559,-1,282,171,17,24,0.82,2,-1,-1
560,-1,388,308,44,46,0.91,2,-1,-1
560,-1,371,167,25,36,0.89,7,-1,-1
560,-1,300,200,17,16,0.86,2,-1,-1
560,-1,346,181,14,16,0.83,2,-1,-1
560,-1,282,172,18,23,0.83,2,-1,-1
561,-1,384,297,41,44,0.90,2,-1,-1
561,-1,370,166,25,35,0.88,7,-1,-1
561,-1,299,201,18,16,0.87,2,-1,-1
561,-1,346,178,14,15,0.85,2,-1,-1
561,-1,282,172,17,24,0.80,2,-1,-1
562,-1,383,290,39,42,0.90,2,-1,-1
562,-1,370,166,25,35,0.88,7,-1,-1
562,-1,298,203,18,16,0.86,2,-1,-1
562,-1,346,178,14,15,0.85,2,-1,-1
562,-1,281,172,18,24,0.70,2,-1,-1
563,-1,380,281,37,38,0.91,2,-1,-1
563,-1,370,165,24,35,0.88,7,-1,-1
563,-1,297,206,18,16,0.86,2,-1,-1
563,-1,346,176,13,15,0.85,2,-1,-1
563,-1,281,172,18,24,0.64,2,-1,-1
564,-1,378,275,36,38,0.90,2,-1,-1
564,-1,370,164,24,34,0.88,7,-1,-1
564,-1,297,208,18,16,0.87,2,-1,-1
564,-1,346,176,13,14,0.84,2,-1,-1
564,-1,280,173,18,25,0.58,2,-1,-1
565,-1,376,266,34,37,0.88,2,-1,-1
565,-1,370,164,24,34,0.87,7,-1,-1
565,-1,296,210,19,18,0.86,2,-1,-1
565,-1,345,175,13,14,0.84,2,-1,-1
565,-1,280,174,18,24,0.51,2,-1,-1
566,-1,374,262,33,35,0.88,2,-1,-1
566,-1,370,163,23,34,0.87,7,-1,-1
566,-1,295,212,19,18,0.86,2,-1,-1
566,-1,345,175,12,14,0.82,2,-1,-1
566,-1,280,174,18,24,0.58,2,-1,-1
567,-1,372,256,32,32,0.90,2,-1,-1
567,-1,370,162,23,34,0.87,7,-1,-1
567,-1,294,215,20,19,0.87,2,-1,-1
567,-1,279,174,18,26,0.86,7,-1,-1
567,-1,345,174,12,13,0.84,2,-1,-1
568,-1,370,252,31,32,0.89,2,-1,-1
568,-1,370,162,23,33,0.87,7,-1,-1
568,-1,294,218,20,20,0.86,2,-1,-1
568,-1,279,175,18,26,0.86,7,-1,-1
568,-1,345,174,12,13,0.84,2,-1,-1
569,-1,370,245,30,31,0.88,2,-1,-1
569,-1,370,161,22,34,0.87,7,-1,-1
569,-1,292,221,21,20,0.87,2,-1,-1
569,-1,278,175,18,27,0.85,7,-1,-1
569,-1,345,172,12,14,0.84,2,-1,-1
570,-1,368,242,28,30,0.90,2,-1,-1
570,-1,370,160,22,33,0.87,7,-1,-1
570,-1,292,224,21,20,0.86,2,-1,-1
570,-1,344,170,12,14,0.84,2,-1,-1
570,-1,278,175,18,27,0.82,7,-1,-1
571,-1,367,237,27,28,0.88,2,-1,-1
571,-1,290,228,22,21,0.87,2,-1,-1
571,-1,370,160,22,33,0.87,7,-1,-1
571,-1,345,170,12,14,0.84,2,-1,-1
571,-1,277,176,19,27,0.69,7,-1,-1
572,-1,366,233,26,28,0.87,2,-1,-1
572,-1,370,160,21,32,0.87,7,-1,-1
572,-1,289,231,22,21,0.85,2,-1,-1
572,-1,345,170,11,14,0.83,2,-1,-1
572,-1,276,176,19,28,0.55,7,-1,-1
573,-1,287,234,23,23,0.88,2,-1,-1
573,-1,364,229,26,27,0.87,2,-1,-1
573,-1,370,159,21,31,0.87,7,-1,-1
573,-1,344,168,11,12,0.73,2,-1,-1
573,-1,276,178,19,27,0.66,7,-1,-1
574,-1,363,226,26,26,0.88,2,-1,-1
574,-1,370,159,20,31,0.87,7,-1,-1
574,-1,286,237,24,24,0.86,2,-1,-1
574,-1,344,168,11,12,0.75,2,-1,-1
574,-1,276,178,19,27,0.49,2,-1,-1
575,-1,284,242,25,25,0.89,2,-1,-1
575,-1,362,222,24,26,0.87,2,-1,-1
575,-1,370,159,20,30,0.87,7,-1,-1
575,-1,343,168,11,12,0.76,2,-1,-1
575,-1,275,179,20,28,0.73,2,-1,-1
576,-1,282,246,26,25,0.88,2,-1,-1
576,-1,370,159,20,30,0.87,7,-1,-1
576,-1,361,220,23,25,0.86,2,-1,-1
576,-1,275,179,19,28,0.76,2,-1,-1
576,-1,343,168,11,12,0.76,2,-1,-1
577,-1,280,252,26,26,0.88,2,-1,-1
577,-1,360,217,23,24,0.87,2,-1,-1
577,-1,370,159,20,28,0.87,7,-1,-1
577,-1,343,164,11,13,0.78,2,-1,-1
577,-1,274,180,20,27,0.73,2,-1,-1
578,-1,278,256,27,27,0.88,2,-1,-1
578,-1,370,158,20,28,0.87,7,-1,-1
578,-1,360,214,23,24,0.85,2,-1,-1
578,-1,343,164,11,13,0.78,2,-1,-1
578,-1,273,180,20,28,0.64,2,-1,-1
579,-1,358,211,23,23,0.89,2,-1,-1
579,-1,276,262,29,28,0.88,2,-1,-1
579,-1,370,158,20,28,0.87,7,-1,-1
579,-1,342,162,10,13,0.71,2,-1,-1
579,-1,273,181,20,28,0.63,2,-1,-1
580,-1,358,209,22,23,0.89,2,-1,-1
580,-1,273,268,30,30,0.88,2,-1,-1
580,-1,370,158,20,28,0.86,7,-1,-1
580,-1,342,162,10,13,0.72,2,-1,-1
580,-1,272,182,20,28,0.70,2,-1,-1
581,-1,465,302,150,204,0.92,7,-1,-1
581,-1,270,275,32,32,0.90,2,-1,-1
581,-1,357,206,21,22,0.87,2,-1,-1
581,-1,370,158,20,27,0.86,7,-1,-1
581,-1,272,182,21,30,0.76,7,-1,-1
581,-1,342,162,10,12,0.73,2,-1,-1
582,-1,460,296,142,194,0.93,7,-1,-1
582,-1,266,280,34,34,0.89,2,-1,-1
582,-1,356,204,21,22,0.88,2,-1,-1
582,-1,370,157,20,28,0.86,7,-1,-1
582,-1,272,182,21,30,0.74,7,-1,-1
582,-1,342,162,10,12,0.73,2,-1,-1
583,-1,456,287,129,178,0.93,7,-1,-1
583,-1,264,290,34,36,0.89,2,-1,-1
583,-1,355,202,21,21,0.87,2,-1,-1
583,-1,370,157,19,27,0.86,7,-1,-1
583,-1,271,184,21,30,0.85,7,-1,-1
583,-1,342,161,10,12,0.71,2,-1,-1
584,-1,452,282,123,167,0.93,7,-1,-1
584,-1,262,298,35,36,0.90,2,-1,-1
584,-1,370,156,19,28,0.86,7,-1,-1
584,-1,354,200,21,21,0.85,2,-1,-1
584,-1,270,184,22,30,0.81,7,-1,-1
584,-1,342,161,10,12,0.72,2,-1,-1
585,-1,446,274,116,157,0.93,7,-1,-1
585,-1,255,308,38,40,0.90,2,-1,-1
585,-1,370,156,19,26,0.86,7,-1,-1
585,-1,354,198,19,20,0.86,2,-1,-1
585,-1,270,185,22,30,0.61,7,-1,-1
585,-1,342,160,10,10,0.57,2,-1,-1
586,-1,442,268,110,150,0.93,7,-1,-1
586,-1,252,316,40,43,0.90,2,-1,-1
586,-1,354,196,19,20,0.87,2,-1,-1
586,-1,370,156,18,26,0.87,7,-1,-1
586,-1,269,185,22,31,0.59,2,-1,-1
586,-1,341,160,10,10,0.45,2,-1,-1
587,-1,437,262,104,140,0.93,7,-1,-1
587,-1,247,331,41,46,0.91,2,-1,-1
587,-1,370,154,18,27,0.88,7,-1,-1
587,-1,352,194,19,20,0.87,2,-1,-1
587,-1,268,186,23,32,0.84,2,-1,-1
587,-1,341,160,10,9,0.27,2,-1,-1
588,-1,434,257,100,136,0.93,7,-1,-1
588,-1,242,342,44,48,0.90,2,-1,-1
588,-1,370,154,18,27,0.88,7,-1,-1
588,-1,352,193,19,20,0.85,2,-1,-1
588,-1,268,187,23,32,0.55,2,-1,-1
588,-1,342,161,9,9,0.20,2,-1,-1
589,-1,432,252,92,126,0.92,7,-1,-1
589,-1,234,360,50,53,0.92,2,-1,-1
589,-1,370,153,18,26,0.88,7,-1,-1
589,-1,352,192,17,18,0.86,2,-1,-1
589,-1,266,188,23,32,0.77,7,-1,-1
589,-1,342,159,10,10,0.18,2,-1,-1
590,-1,430,248,87,120,0.93,7,-1,-1
590,-1,227,372,52,58,0.91,2,-1,-1
590,-1,370,153,18,26,0.88,7,-1,-1
590,-1,352,190,17,18,0.86,2,-1,-1
590,-1,266,189,22,32,0.54,7,-1,-1
590,-1,342,159,10,10,0.16,2,-1,-1
591,-1,426,243,83,114,0.93,7,-1,-1
591,-1,219,396,56,65,0.92,2,-1,-1
591,-1,370,153,18,26,0.88,7,-1,-1
591,-1,351,188,17,18,0.85,2,-1,-1
591,-1,265,189,23,32,0.62,7,-1,-1
591,-1,341,159,10,9,0.16,2,-1,-1
592,-1,423,240,81,111,0.94,7,-1,-1
592,-1,211,415,59,70,0.93,2,-1,-1
592,-1,370,152,18,26,0.88,7,-1,-1
592,-1,350,187,17,18,0.86,2,-1,-1
592,-1,264,190,24,32,0.57,2,-1,-1
593,-1,420,237,78,106,0.93,7,-1,-1
593,-1,202,436,64,77,0.92,2,-1,-1
593,-1,370,152,18,26,0.88,7,-1,-1
593,-1,350,185,17,19,0.86,2,-1,-1
593,-1,264,191,24,32,0.74,2,-1,-1
594,-1,416,232,76,102,0.93,7,-1,-1
594,-1,370,152,18,26,0.88,7,-1,-1
594,-1,350,184,17,18,0.86,2,-1,-1
594,-1,263,192,24,32,0.54,2,-1,-1
595,-1,414,230,73,98,0.93,7,-1,-1
595,-1,370,152,18,26,0.88,7,-1,-1
595,-1,349,183,17,18,0.86,2,-1,-1
595,-1,263,192,24,34,0.64,7,-1,-1
596,-1,412,226,68,94,0.92,7,-1,-1
596,-1,370,151,18,25,0.87,7,-1,-1
596,-1,350,181,17,17,0.85,2,-1,-1
596,-1,262,193,25,34,0.71,7,-1,-1
597,-1,410,223,66,92,0.92,7,-1,-1
597,-1,370,151,18,25,0.87,7,-1,-1
597,-1,350,180,16,17,0.86,2,-1,-1
597,-1,262,194,24,34,0.80,7,-1,-1
598,-1,408,219,63,88,0.93,7,-1,-1
598,-1,261,194,25,36,0.88,7,-1,-1
598,-1,349,179,16,16,0.87,2,-1,-1
598,-1,370,150,18,25,0.87,7,-1,-1
598,-1,301,136,13,22,0.12,7,-1,-1
599,-1,406,218,62,84,0.92,7,-1,-1
599,-1,348,178,15,16,0.88,2,-1,-1
599,-1,260,196,25,36,0.87,7,-1,-1
599,-1,370,150,18,25,0.87,7,-1,-1
599,-1,301,135,14,22,0.15,7,-1,-1
600,-1,404,214,59,82,0.92,7,-1,-1
600,-1,348,176,16,16,0.88,2,-1,-1
600,-1,259,197,26,36,0.87,7,-1,-1
600,-1,370,149,17,26,0.87,7,-1,-1
601,-1,402,211,58,81,0.92,7,-1,-1
601,-1,258,198,26,36,0.89,7,-1,-1
601,-1,370,149,17,26,0.87,7,-1,-1
601,-1,347,176,16,16,0.86,2,-1,-1
602,-1,400,209,56,77,0.91,7,-1,-1
602,-1,257,199,27,37,0.87,7,-1,-1
602,-1,370,148,17,26,0.87,7,-1,-1
602,-1,346,174,16,16,0.85,2,-1,-1
603,-1,399,208,54,75,0.91,7,-1,-1
603,-1,370,148,18,26,0.88,7,-1,-1
603,-1,347,174,15,16,0.85,2,-1,-1
603,-1,256,200,27,38,0.83,7,-1,-1
604,-1,398,206,52,72,0.91,7,-1,-1
604,-1,370,147,18,25,0.88,7,-1,-1
604,-1,346,172,16,16,0.86,2,-1,-1
604,-1,255,201,28,38,0.74,7,-1,-1
604,-1,314,148,10,10,0.20,2,-1,-1
605,-1,396,204,51,70,0.91,7,-1,-1
605,-1,370,147,17,25,0.88,7,-1,-1
605,-1,346,172,16,15,0.86,2,-1,-1
605,-1,255,202,27,38,0.80,7,-1,-1
605,-1,314,148,10,10,0.20,2,-1,-1
606,-1,394,202,50,68,0.92,7,-1,-1
606,-1,370,147,17,25,0.88,7,-1,-1
606,-1,347,171,14,15,0.86,2,-1,-1
606,-1,254,204,27,38,0.84,7,-1,-1
606,-1,314,149,10,10,0.15,2,-1,-1
607,-1,393,200,49,70,0.91,7,-1,-1
607,-1,370,147,17,24,0.88,7,-1,-1
607,-1,253,204,28,40,0.88,7,-1,-1
607,-1,347,171,14,14,0.86,2,-1,-1
607,-1,314,149,10,10,0.14,2,-1,-1
608,-1,392,198,47,69,0.91,7,-1,-1
608,-1,252,206,28,40,0.88,7,-1,-1
608,-1,370,147,17,24,0.88,7,-1,-1
608,-1,346,169,15,14,0.85,2,-1,-1
609,-1,390,196,46,65,0.91,7,-1,-1
609,-1,370,146,17,24,0.88,7,-1,-1
609,-1,346,169,14,14,0.82,2,-1,-1
609,-1,250,207,30,40,0.71,7,-1,-1
609,-1,314,150,10,10,0.16,2,-1,-1
610,-1,388,194,45,64,0.91,7,-1,-1
610,-1,370,146,17,24,0.88,7,-1,-1
610,-1,345,169,14,13,0.81,2,-1,-1
610,-1,249,208,30,40,0.65,2,-1,-1
611,-1,388,192,44,62,0.91,7,-1,-1
611,-1,370,146,17,24,0.88,7,-1,-1
611,-1,248,210,30,41,0.85,7,-1,-1
611,-1,345,169,14,13,0.80,2,-1,-1
612,-1,386,190,42,60,0.91,7,-1,-1
612,-1,370,145,16,24,0.88,7,-1,-1
612,-1,247,211,30,42,0.85,7,-1,-1
612,-1,345,167,14,13,0.80,2,-1,-1
613,-1,385,190,44,58,0.91,7,-1,-1
613,-1,370,145,16,24,0.88,7,-1,-1
613,-1,246,212,30,42,0.84,7,-1,-1
613,-1,345,167,14,12,0.79,2,-1,-1
614,-1,384,188,42,56,0.90,7,-1,-1
614,-1,370,145,16,24,0.88,7,-1,-1
614,-1,344,164,13,14,0.85,2,-1,-1
614,-1,244,214,32,43,0.82,7,-1,-1
615,-1,384,187,40,56,0.91,7,-1,-1
615,-1,370,145,16,24,0.88,7,-1,-1
615,-1,243,214,32,44,0.85,7,-1,-1
615,-1,345,163,12,14,0.82,2,-1,-1
616,-1,382,185,38,55,0.91,7,-1,-1
616,-1,241,216,32,44,0.90,7,-1,-1
616,-1,370,145,16,23,0.87,7,-1,-1
616,-1,345,163,12,14,0.78,2,-1,-1
616,-1,302,136,14,24,0.52,7,-1,-1
617,-1,382,184,38,54,0.91,7,-1,-1
617,-1,240,218,32,45,0.90,7,-1,-1
617,-1,370,145,16,22,0.87,7,-1,-1
617,-1,344,162,12,14,0.81,2,-1,-1
617,-1,302,136,14,24,0.46,7,-1,-1
618,-1,380,183,37,52,0.91,7,-1,-1
618,-1,239,219,32,46,0.89,7,-1,-1
618,-1,370,145,16,22,0.87,7,-1,-1
618,-1,345,163,12,12,0.55,2,-1,-1
618,-1,302,137,13,24,0.16,7,-1,-1
619,-1,380,182,36,52,0.90,7,-1,-1
619,-1,370,144,16,22,0.87,7,-1,-1
619,-1,238,221,33,47,0.87,7,-1,-1
619,-1,344,161,12,13,0.68,2,-1,-1
619,-1,312,156,10,10,0.23,2,-1,-1
619,-1,302,137,12,23,0.15,7,-1,-1
620,-1,378,181,36,50,0.90,7,-1,-1
620,-1,370,144,16,22,0.87,7,-1,-1
620,-1,236,222,34,48,0.85,7,-1,-1
620,-1,312,155,10,11,0.76,2,-1,-1
620,-1,344,160,12,12,0.71,2,-1,-1
620,-1,302,136,12,22,0.25,7,-1,-1
621,-1,377,180,36,50,0.90,7,-1,-1
621,-1,235,224,33,48,0.88,7,-1,-1
621,-1,370,144,16,22,0.87,7,-1,-1
621,-1,344,160,11,12,0.76,2,-1,-1
621,-1,311,156,10,10,0.76,2,-1,-1
621,-1,302,136,12,24,0.23,7,-1,-1
622,-1,376,179,34,48,0.90,7,-1,-1
622,-1,232,227,34,48,0.87,7,-1,-1
622,-1,370,144,16,22,0.86,7,-1,-1
622,-1,311,157,11,10,0.76,2,-1,-1
622,-1,343,160,12,12,0.58,2,-1,-1
622,-1,302,136,12,24,0.36,7,-1,-1
623,-1,376,178,34,47,0.90,7,-1,-1
623,-1,232,228,34,50,0.88,7,-1,-1
623,-1,370,144,16,22,0.86,7,-1,-1
623,-1,311,157,11,11,0.80,2,-1,-1
623,-1,343,159,11,12,0.73,2,-1,-1
623,-1,302,136,12,24,0.36,7,-1,-1
624,-1,375,177,33,46,0.89,7,-1,-1
624,-1,230,230,35,50,0.87,7,-1,-1
624,-1,371,144,15,21,0.86,7,-1,-1
624,-1,312,157,10,12,0.81,2,-1,-1
624,-1,344,159,10,11,0.68,2,-1,-1
624,-1,302,136,12,24,0.33,7,-1,-1
625,-1,375,176,32,45,0.89,7,-1,-1
625,-1,228,232,36,50,0.87,7,-1,-1
625,-1,371,144,16,20,0.86,7,-1,-1
625,-1,312,159,10,11,0.82,2,-1,-1
625,-1,344,160,10,10,0.52,2,-1,-1
625,-1,302,137,12,22,0.46,7,-1,-1
626,-1,226,234,36,52,0.89,7,-1,-1
626,-1,374,175,31,44,0.88,7,-1,-1
626,-1,371,143,16,21,0.85,7,-1,-1
626,-1,312,159,10,11,0.82,2,-1,-1
626,-1,343,160,10,9,0.69,2,-1,-1
626,-1,302,137,12,23,0.41,7,-1,-1
627,-1,373,174,31,44,0.88,7,-1,-1
627,-1,225,235,38,53,0.88,7,-1,-1
627,-1,372,143,16,20,0.85,7,-1,-1
627,-1,312,159,10,12,0.81,2,-1,-1
627,-1,342,159,10,10,0.63,2,-1,-1
627,-1,301,137,13,24,0.44,7,-1,-1
628,-1,372,173,30,43,0.88,7,-1,-1
628,-1,222,238,38,54,0.87,7,-1,-1
628,-1,372,143,15,20,0.84,7,-1,-1
628,-1,310,160,12,12,0.80,2,-1,-1
628,-1,342,158,10,10,0.61,2,-1,-1
628,-1,301,136,13,23,0.51,7,-1,-1
629,-1,221,240,38,55,0.88,7,-1,-1
629,-1,372,173,30,42,0.88,7,-1,-1
629,-1,372,143,16,20,0.84,7,-1,-1
629,-1,310,160,12,12,0.80,2,-1,-1
629,-1,342,158,10,10,0.71,2,-1,-1
629,-1,301,136,13,24,0.52,7,-1,-1
630,-1,372,172,29,41,0.88,7,-1,-1
630,-1,219,242,39,56,0.85,7,-1,-1
630,-1,372,143,15,19,0.83,7,-1,-1
630,-1,310,160,12,12,0.81,2,-1,-1
630,-1,342,158,10,9,0.62,2,-1,-1
630,-1,300,137,13,24,0.42,7,-1,-1
631,-1,370,171,30,42,0.88,7,-1,-1
631,-1,217,244,40,57,0.87,7,-1,-1
631,-1,372,143,15,19,0.82,7,-1,-1
631,-1,310,161,12,13,0.80,2,-1,-1
631,-1,300,137,13,24,0.51,7,-1,-1
631,-1,342,157,10,10,0.46,2,-1,-1
632,-1,215,247,40,58,0.90,7,-1,-1
632,-1,370,170,29,41,0.88,7,-1,-1
632,-1,310,162,12,14,0.83,2,-1,-1
632,-1,372,143,15,18,0.80,7,-1,-1
632,-1,342,154,10,12,0.71,2,-1,-1
632,-1,301,137,13,23,0.42,7,-1,-1
633,-1,213,249,41,60,0.88,7,-1,-1
633,-1,370,168,28,42,0.88,7,-1,-1
633,-1,309,163,12,14,0.85,2,-1,-1
633,-1,372,143,15,18,0.76,7,-1,-1
633,-1,341,154,10,11,0.71,2,-1,-1
633,-1,300,138,13,23,0.45,7,-1,-1
634,-1,210,252,42,61,0.89,7,-1,-1
634,-1,368,166,28,42,0.87,7,-1,-1
634,-1,309,163,12,14,0.85,2,-1,-1
634,-1,372,143,15,18,0.74,7,-1,-1
634,-1,341,154,10,11,0.66,2,-1,-1
634,-1,300,138,14,22,0.43,7,-1,-1
635,-1,208,254,42,62,0.91,7,-1,-1
635,-1,368,166,28,41,0.88,7,-1,-1
635,-1,309,164,12,12,0.85,2,-1,-1
635,-1,372,143,15,18,0.73,7,-1,-1
635,-1,300,138,13,22,0.38,7,-1,-1
635,-1,341,155,10,10,0.22,2,-1,-1
636,-1,368,165,28,40,0.87,7,-1,-1
636,-1,205,258,44,62,0.87,7,-1,-1
636,-1,309,165,12,12,0.85,2,-1,-1
636,-1,373,143,14,18,0.73,7,-1,-1
636,-1,300,137,14,24,0.33,7,-1,-1
636,-1,341,154,9,10,0.11,2,-1,-1
637,-1,203,259,44,65,0.89,7,-1,-1
637,-1,368,164,26,40,0.87,7,-1,-1
637,-1,308,166,13,12,0.85,2,-1,-1
637,-1,301,137,13,20,0.71,7,-1,-1
637,-1,373,142,14,18,0.70,7,-1,-1
638,-1,367,162,26,40,0.87,7,-1,-1
638,-1,200,262,45,66,0.85,7,-1,-1
638,-1,308,167,13,12,0.85,2,-1,-1
638,-1,301,137,13,21,0.73,7,-1,-1
638,-1,374,142,14,18,0.68,7,-1,-1
638,-1,342,152,9,9,0.16,2,-1,-1
639,-1,197,265,47,68,0.91,7,-1,-1
639,-1,366,162,26,40,0.87,7,-1,-1
639,-1,308,167,13,13,0.84,2,-1,-1
639,-1,374,141,14,19,0.72,7,-1,-1
639,-1,301,137,14,20,0.69,7,-1,-1
640,-1,194,268,49,70,0.91,7,-1,-1
640,-1,366,161,26,40,0.87,7,-1,-1
640,-1,307,168,14,14,0.85,2,-1,-1
640,-1,374,141,14,19,0.72,7,-1,-1
640,-1,300,138,14,20,0.61,7,-1,-1
640,-1,340,150,10,10,0.16,2,-1,-1
641,-1,192,271,49,71,0.90,7,-1,-1
641,-1,366,161,26,39,0.87,7,-1,-1
641,-1,306,168,14,14,0.85,2,-1,-1
641,-1,374,141,14,19,0.73,7,-1,-1
641,-1,300,138,13,20,0.69,7,-1,-1
641,-1,340,150,10,10,0.16,2,-1,-1
642,-1,188,274,50,74,0.90,7,-1,-1
642,-1,365,161,26,38,0.87,7,-1,-1
642,-1,306,170,14,14,0.85,2,-1,-1
642,-1,374,141,14,19,0.75,7,-1,-1
642,-1,300,137,14,20,0.57,7,-1,-1
643,-1,185,278,51,75,0.90,7,-1,-1
643,-1,364,160,26,38,0.88,7,-1,-1
643,-1,306,170,14,14,0.85,2,-1,-1
643,-1,374,141,14,19,0.75,7,-1,-1
643,-1,300,137,14,20,0.57,7,-1,-1
644,-1,181,282,54,77,0.91,7,-1,-1
644,-1,364,160,25,36,0.88,7,-1,-1
644,-1,306,171,14,14,0.85,2,-1,-1
644,-1,374,141,14,20,0.77,7,-1,-1
644,-1,300,138,13,20,0.60,7,-1,-1
645,-1,178,285,56,79,0.91,7,-1,-1
645,-1,363,160,24,36,0.88,7,-1,-1
645,-1,306,172,14,14,0.84,2,-1,-1
645,-1,374,141,14,19,0.77,7,-1,-1
645,-1,300,138,13,19,0.62,7,-1,-1
646,-1,173,290,58,82,0.91,7,-1,-1
646,-1,363,160,23,34,0.87,7,-1,-1
646,-1,305,174,14,14,0.85,2,-1,-1
646,-1,300,138,13,20,0.69,7,-1,-1
646,-1,374,141,14,19,0.69,7,-1,-1
647,-1,170,294,60,83,0.91,7,-1,-1
647,-1,363,160,23,33,0.87,7,-1,-1
647,-1,305,174,14,14,0.85,2,-1,-1
647,-1,300,138,13,20,0.69,7,-1,-1
647,-1,374,141,14,19,0.66,7,-1,-1
647,-1,340,150,9,8,0.13,2,-1,-1
648,-1,165,298,59,86,0.91,7,-1,-1
648,-1,362,160,23,33,0.86,7,-1,-1
648,-1,304,176,15,15,0.85,2,-1,-1
648,-1,300,139,13,20,0.71,7,-1,-1
648,-1,375,140,14,19,0.60,7,-1,-1
649,-1,162,302,61,88,0.91,7,-1,-1
649,-1,304,177,15,14,0.86,2,-1,-1
649,-1,362,159,23,34,0.86,7,-1,-1
649,-1,376,141,13,18,0.58,7,-1,-1
649,-1,300,139,14,18,0.54,7,-1,-1
650,-1,156,308,63,91,0.91,7,-1,-1
650,-1,362,157,23,34,0.86,7,-1,-1
650,-1,304,178,15,15,0.86,2,-1,-1
650,-1,376,141,13,18,0.53,7,-1,-1
650,-1,300,139,14,18,0.51,7,-1,-1
651,-1,153,311,65,94,0.92,7,-1,-1
651,-1,361,157,22,32,0.87,7,-1,-1
651,-1,303,178,16,15,0.86,2,-1,-1
651,-1,300,139,14,18,0.57,7,-1,-1
651,-1,376,140,13,18,0.43,7,-1,-1
652,-1,146,318,68,96,0.92,7,-1,-1
652,-1,361,157,22,32,0.87,7,-1,-1
652,-1,302,180,16,16,0.85,2,-1,-1
652,-1,300,139,14,18,0.56,7,-1,-1
652,-1,377,140,12,18,0.35,7,-1,-1
653,-1,143,322,69,100,0.92,7,-1,-1
653,-1,361,157,22,31,0.87,7,-1,-1
653,-1,302,181,16,16,0.85,2,-1,-1
653,-1,300,139,14,18,0.54,7,-1,-1
653,-1,377,140,12,18,0.26,7,-1,-1
654,-1,136,328,71,104,0.92,7,-1,-1
654,-1,360,157,21,30,0.87,7,-1,-1
654,-1,302,182,16,16,0.86,2,-1,-1
654,-1,300,139,14,18,0.53,7,-1,-1
654,-1,378,140,12,18,0.30,7,-1,-1
655,-1,130,334,75,107,0.92,7,-1,-1
655,-1,360,157,21,30,0.87,7,-1,-1
655,-1,302,184,16,16,0.87,2,-1,-1
655,-1,299,139,14,19,0.67,7,-1,-1
655,-1,378,140,12,18,0.37,7,-1,-1
656,-1,124,341,78,113,0.93,7,-1,-1
656,-1,360,157,20,29,0.88,7,-1,-1
656,-1,301,185,16,16,0.87,2,-1,-1
656,-1,299,139,14,18,0.61,7,-1,-1
656,-1,378,140,12,18,0.42,7,-1,-1
657,-1,118,347,80,116,0.93,7,-1,-1
657,-1,360,156,20,29,0.87,7,-1,-1
657,-1,301,186,16,16,0.86,2,-1,-1
657,-1,299,140,14,18,0.70,7,-1,-1
657,-1,378,139,12,18,0.36,7,-1,-1
658,-1,110,356,83,122,0.92,7,-1,-1
658,-1,360,156,20,28,0.87,7,-1,-1
658,-1,300,188,16,16,0.86,2,-1,-1
658,-1,299,139,14,18,0.68,7,-1,-1
658,-1,378,139,12,18,0.39,7,-1,-1
659,-1,104,362,86,126,0.93,7,-1,-1
659,-1,359,155,20,28,0.87,7,-1,-1
659,-1,300,189,17,17,0.86,2,-1,-1
659,-1,299,139,14,18,0.48,7,-1,-1
659,-1,379,138,12,18,0.30,7,-1,-1
660,-1,95,371,90,133,0.94,7,-1,-1
660,-1,299,191,18,17,0.87,2,-1,-1
660,-1,358,155,19,28,0.87,7,-1,-1
660,-1,298,139,14,18,0.44,7,-1,-1
660,-1,379,138,12,18,0.27,7,-1,-1
661,-1,88,379,92,136,0.92,7,-1,-1
661,-1,298,193,18,16,0.87,2,-1,-1
661,-1,359,156,18,27,0.87,7,-1,-1
661,-1,300,142,13,18,0.48,7,-1,-1
661,-1,379,138,12,18,0.17,2,-1,-1
662,-1,76,390,99,142,0.93,7,-1,-1
662,-1,358,156,19,26,0.87,7,-1,-1
662,-1,298,194,18,17,0.86,2,-1,-1
662,-1,300,142,13,18,0.47,7,-1,-1
662,-1,379,138,12,18,0.14,2,-1,-1
663,-1,358,155,19,26,0.87,7,-1,-1
663,-1,298,196,18,18,0.87,2,-1,-1
663,-1,299,142,14,18,0.46,7,-1,-1
663,-1,379,138,12,18,0.18,7,-1,-1
664,-1,358,154,18,25,0.87,7,-1,-1
664,-1,297,198,18,18,0.87,2,-1,-1
664,-1,299,141,14,18,0.37,7,-1,-1
664,-1,379,138,12,18,0.20,2,-1,-1
665,-1,358,154,18,25,0.87,7,-1,-1
665,-1,296,199,18,18,0.86,2,-1,-1
665,-1,299,141,14,18,0.36,7,-1,-1
665,-1,379,138,12,18,0.20,2,-1,-1
666,-1,421,430,66,66,0.92,2,-1,-1
666,-1,357,153,18,25,0.87,7,-1,-1
666,-1,296,202,19,19,0.87,2,-1,-1
666,-1,299,141,14,18,0.38,7,-1,-1
666,-1,379,138,12,18,0.15,7,-1,-1
667,-1,416,410,61,62,0.91,2,-1,-1
667,-1,357,153,18,25,0.88,7,-1,-1
667,-1,295,204,19,18,0.87,2,-1,-1
667,-1,299,141,14,18,0.29,7,-1,-1
667,-1,379,138,12,18,0.15,7,-1,-1
668,-1,408,386,56,56,0.91,2,-1,-1
668,-1,356,152,18,26,0.87,7,-1,-1
668,-1,294,206,19,19,0.87,2,-1,-1
668,-1,380,137,12,18,0.21,7,-1,-1
669,-1,404,369,53,54,0.91,2,-1,-1
669,-1,356,151,18,26,0.87,7,-1,-1
669,-1,294,208,19,19,0.86,2,-1,-1
669,-1,381,136,11,18,0.28,7,-1,-1
670,-1,400,356,49,50,0.90,2,-1,-1
670,-1,292,210,20,20,0.88,2,-1,-1
670,-1,356,151,18,26,0.87,7,-1,-1
670,-1,381,136,11,18,0.24,7,-1,-1
671,-1,395,338,46,47,0.90,2,-1,-1
671,-1,292,213,20,20,0.88,2,-1,-1
671,-1,356,151,18,25,0.86,7,-1,-1
671,-1,381,137,11,18,0.20,7,-1,-1
672,-1,393,328,44,44,0.90,2,-1,-1
672,-1,355,150,18,24,0.86,7,-1,-1
672,-1,291,215,21,21,0.86,2,-1,-1
672,-1,381,137,11,18,0.16,7,-1,-1
673,-1,388,314,42,42,0.91,2,-1,-1
673,-1,290,219,21,21,0.88,2,-1,-1
673,-1,355,151,18,24,0.87,7,-1,-1
673,-1,382,137,11,18,0.29,7,-1,-1
674,-1,386,305,39,40,0.90,2,-1,-1
674,-1,355,151,18,23,0.87,7,-1,-1
674,-1,289,221,22,22,0.86,2,-1,-1
674,-1,382,136,10,17,0.22,7,-1,-1
675,-1,383,292,36,38,0.89,2,-1,-1
675,-1,288,225,22,22,0.87,2,-1,-1
675,-1,354,150,18,24,0.86,7,-1,-1
675,-1,382,136,10,17,0.17,7,-1,-1
676,-1,381,286,36,35,0.89,2,-1,-1
676,-1,287,228,22,23,0.88,2,-1,-1
676,-1,354,150,17,24,0.86,7,-1,-1
676,-1,382,136,10,17,0.19,7,-1,-1
677,-1,285,232,23,24,0.88,2,-1,-1
677,-1,378,278,34,32,0.88,2,-1,-1
677,-1,354,149,17,24,0.86,7,-1,-1
677,-1,382,136,10,17,0.16,7,-1,-1
678,-1,284,234,24,25,0.90,2,-1,-1
678,-1,376,272,32,32,0.87,2,-1,-1
678,-1,354,149,16,23,0.86,7,-1,-1
678,-1,383,136,10,16,0.12,7,-1,-1
679,-1,282,239,25,26,0.88,2,-1,-1
679,-1,374,263,30,31,0.88,2,-1,-1
679,-1,354,147,16,24,0.86,7,-1,-1
679,-1,383,136,10,16,0.15,7,-1,-1
680,-1,281,243,26,26,0.89,2,-1,-1
680,-1,372,259,30,30,0.88,2,-1,-1
680,-1,354,147,16,24,0.86,7,-1,-1
680,-1,383,136,10,16,0.12,7,-1,-1
681,-1,278,248,26,28,0.88,2,-1,-1
681,-1,370,253,29,28,0.87,2,-1,-1
681,-1,353,147,16,23,0.86,7,-1,-1
681,-1,383,136,10,16,0.10,7,-1,-1
682,-1,369,248,28,28,0.89,2,-1,-1
682,-1,278,251,27,28,0.88,2,-1,-1
682,-1,353,147,16,24,0.86,7,-1,-1
683,-1,274,257,29,30,0.89,2,-1,-1
683,-1,368,242,26,27,0.88,2,-1,-1
683,-1,353,148,16,22,0.86,7,-1,-1
684,-1,273,261,30,32,0.89,2,-1,-1
684,-1,366,239,26,25,0.86,2,-1,-1
684,-1,353,148,16,22,0.86,7,-1,-1
685,-1,270,268,31,34,0.89,2,-1,-1
685,-1,364,233,26,25,0.89,2,-1,-1
685,-1,353,147,15,21,0.86,7,-1,-1
685,-1,296,146,15,21,0.46,7,-1,-1
686,-1,268,273,32,35,0.90,2,-1,-1
686,-1,364,231,26,24,0.87,2,-1,-1
686,-1,352,147,16,22,0.86,7,-1,-1
686,-1,296,145,15,22,0.50,7,-1,-1
687,-1,266,282,33,36,0.90,2,-1,-1
687,-1,362,226,24,24,0.89,2,-1,-1
687,-1,352,146,15,22,0.86,7,-1,-1
687,-1,296,145,14,22,0.60,7,-1,-1
688,-1,452,286,154,238,0.89,7,-1,-1
688,-1,263,288,34,38,0.89,2,-1,-1
688,-1,362,224,22,22,0.86,2,-1,-1
688,-1,352,147,15,20,0.85,7,-1,-1
688,-1,296,146,16,22,0.80,7,-1,-1
689,-1,259,298,36,41,0.91,2,-1,-1
689,-1,446,277,140,216,0.89,7,-1,-1
689,-1,360,219,23,23,0.88,2,-1,-1
689,-1,352,146,16,20,0.85,7,-1,-1
689,-1,296,146,16,22,0.81,7,-1,-1
690,-1,256,305,37,43,0.90,2,-1,-1
690,-1,442,270,136,206,0.90,7,-1,-1
690,-1,360,217,23,22,0.86,2,-1,-1
690,-1,351,146,16,21,0.85,7,-1,-1
690,-1,296,146,15,22,0.80,7,-1,-1
691,-1,251,317,40,46,0.91,2,-1,-1
691,-1,437,264,124,188,0.91,7,-1,-1
691,-1,358,214,22,20,0.88,2,-1,-1
691,-1,352,146,15,20,0.84,7,-1,-1
691,-1,295,146,16,24,0.83,7,-1,-1
692,-1,248,325,41,50,0.91,2,-1,-1
692,-1,433,258,119,180,0.90,7,-1,-1
692,-1,358,212,22,20,0.89,2,-1,-1
692,-1,352,146,15,20,0.84,7,-1,-1
692,-1,295,146,16,23,0.83,7,-1,-1
693,-1,242,340,44,54,0.91,2,-1,-1
693,-1,430,254,110,166,0.91,7,-1,-1
693,-1,357,208,20,20,0.87,2,-1,-1
693,-1,351,145,15,20,0.84,7,-1,-1
693,-1,295,146,16,24,0.84,7,-1,-1
694,-1,238,351,46,56,0.92,2,-1,-1
694,-1,428,250,104,158,0.91,7,-1,-1
694,-1,356,206,20,19,0.87,2,-1,-1
694,-1,351,145,15,20,0.83,7,-1,-1
694,-1,295,146,16,24,0.83,7,-1,-1
695,-1,230,370,51,62,0.92,2,-1,-1
695,-1,424,246,100,146,0.91,7,-1,-1
695,-1,356,204,20,18,0.86,2,-1,-1
695,-1,295,146,16,24,0.85,7,-1,-1
695,-1,351,144,15,20,0.83,7,-1,-1
696,-1,224,382,53,68,0.93,2,-1,-1
696,-1,420,242,95,141,0.92,7,-1,-1
696,-1,354,201,20,19,0.86,2,-1,-1
696,-1,295,146,16,24,0.85,7,-1,-1
696,-1,350,144,15,19,0.82,7,-1,-1
697,-1,215,406,58,76,0.93,2,-1,-1
697,-1,417,238,89,131,0.90,7,-1,-1
697,-1,354,199,20,18,0.87,2,-1,-1
697,-1,295,146,16,24,0.83,7,-1,-1
697,-1,350,145,14,18,0.78,7,-1,-1
698,-1,207,425,62,81,0.92,2,-1,-1
698,-1,414,236,85,125,0.91,7,-1,-1
698,-1,353,197,20,18,0.87,2,-1,-1
698,-1,295,146,16,24,0.83,7,-1,-1
698,-1,351,144,14,18,0.82,7,-1,-1
699,-1,410,233,82,117,0.91,7,-1,-1
699,-1,353,194,19,18,0.88,2,-1,-1
699,-1,350,144,14,18,0.81,7,-1,-1
699,-1,295,147,15,24,0.81,7,-1,-1
700,-1,410,231,78,112,0.92,7,-1,-1
700,-1,352,192,18,18,0.86,2,-1,-1
700,-1,350,144,13,18,0.81,7,-1,-1
700,-1,295,147,16,24,0.80,7,-1,-1
701,-1,408,226,73,108,0.92,7,-1,-1
701,-1,352,191,17,17,0.86,2,-1,-1
701,-1,350,144,13,18,0.83,7,-1,-1
701,-1,295,147,16,25,0.81,7,-1,-1
702,-1,407,224,70,104,0.92,7,-1,-1
702,-1,351,190,18,17,0.86,2,-1,-1
702,-1,350,144,12,18,0.75,7,-1,-1
702,-1,294,148,16,24,0.67,7,-1,-1
703,-1,404,220,67,99,0.91,7,-1,-1
703,-1,351,188,17,16,0.86,2,-1,-1
703,-1,350,143,12,18,0.71,7,-1,-1
703,-1,294,148,16,24,0.70,7,-1,-1
704,-1,402,218,64,96,0.91,7,-1,-1
704,-1,351,186,17,17,0.86,2,-1,-1
704,-1,350,143,12,18,0.74,7,-1,-1
704,-1,294,148,16,24,0.70,7,-1,-1
705,-1,399,216,63,89,0.92,7,-1,-1
705,-1,350,184,17,17,0.87,2,-1,-1
705,-1,350,143,12,18,0.72,7,-1,-1
705,-1,294,148,16,24,0.68,7,-1,-1
706,-1,398,215,62,87,0.91,7,-1,-1
706,-1,350,184,16,16,0.87,2,-1,-1
706,-1,350,142,12,18,0.75,7,-1,-1
706,-1,294,148,16,25,0.73,7,-1,-1
707,-1,396,211,58,84,0.90,7,-1,-1
707,-1,350,183,16,15,0.86,2,-1,-1
707,-1,294,148,16,24,0.72,7,-1,-1
707,-1,349,142,13,19,0.71,7,-1,-1
708,-1,395,210,58,82,0.91,7,-1,-1
708,-1,348,182,16,14,0.85,2,-1,-1
708,-1,349,140,12,19,0.70,7,-1,-1
708,-1,294,149,16,24,0.61,7,-1,-1
709,-1,394,207,54,78,0.90,7,-1,-1
709,-1,349,180,16,14,0.86,2,-1,-1
709,-1,295,161,12,14,0.78,2,-1,-1
709,-1,348,140,13,19,0.70,7,-1,-1
710,-1,392,205,54,76,0.91,7,-1,-1
710,-1,348,178,16,15,0.87,2,-1,-1
710,-1,294,159,12,15,0.79,2,-1,-1
710,-1,348,140,13,19,0.69,7,-1,-1
711,-1,390,204,52,72,0.91,7,-1,-1
711,-1,348,177,16,15,0.86,2,-1,-1
711,-1,294,160,13,15,0.81,2,-1,-1
711,-1,348,140,12,18,0.57,7,-1,-1
712,-1,390,203,51,70,0.91,7,-1,-1
712,-1,348,176,15,14,0.86,2,-1,-1
712,-1,294,161,14,15,0.82,2,-1,-1
712,-1,348,141,12,17,0.60,7,-1,-1
713,-1,388,201,50,68,0.89,7,-1,-1
713,-1,346,174,15,14,0.85,2,-1,-1
713,-1,294,161,14,15,0.82,2,-1,-1
713,-1,348,141,12,17,0.57,7,-1,-1
714,-1,386,199,49,68,0.91,7,-1,-1
714,-1,347,174,14,14,0.85,2,-1,-1
714,-1,294,162,14,15,0.80,2,-1,-1
714,-1,348,140,13,18,0.46,7,-1,-1
715,-1,384,196,48,68,0.90,7,-1,-1
715,-1,346,173,14,14,0.85,2,-1,-1
715,-1,293,162,14,15,0.79,2,-1,-1
715,-1,347,138,13,19,0.51,7,-1,-1
716,-1,384,195,46,64,0.91,7,-1,-1
716,-1,347,171,14,14,0.86,2,-1,-1
716,-1,292,158,16,18,0.76,2,-1,-1
716,-1,347,138,13,19,0.53,7,-1,-1
717,-1,383,193,45,62,0.90,7,-1,-1
717,-1,346,170,14,15,0.86,2,-1,-1
717,-1,292,159,16,18,0.78,2,-1,-1
717,-1,347,138,13,19,0.52,7,-1,-1
718,-1,382,192,44,62,0.91,7,-1,-1
718,-1,346,169,14,14,0.84,2,-1,-1
718,-1,291,154,17,24,0.55,2,-1,-1
718,-1,347,138,13,20,0.52,7,-1,-1
719,-1,382,191,42,57,0.90,7,-1,-1
719,-1,346,170,13,13,0.82,2,-1,-1
719,-1,291,154,16,24,0.54,2,-1,-1
719,-1,347,138,13,18,0.42,7,-1,-1
720,-1,382,190,41,57,0.89,7,-1,-1
720,-1,345,168,14,14,0.82,2,-1,-1
720,-1,292,155,16,24,0.58,2,-1,-1
720,-1,347,137,12,18,0.56,7,-1,-1
721,-1,380,187,39,56,0.90,7,-1,-1
721,-1,344,167,14,14,0.78,2,-1,-1
721,-1,291,155,16,24,0.65,2,-1,-1
721,-1,347,137,12,18,0.64,7,-1,-1
722,-1,380,187,38,54,0.91,7,-1,-1
722,-1,344,166,13,13,0.83,2,-1,-1
722,-1,292,160,15,20,0.73,2,-1,-1
722,-1,348,137,12,18,0.67,7,-1,-1
723,-1,378,186,38,52,0.90,7,-1,-1
723,-1,344,166,12,12,0.84,2,-1,-1
723,-1,291,157,16,22,0.74,2,-1,-1
723,-1,348,137,12,18,0.68,7,-1,-1
724,-1,378,185,37,51,0.90,7,-1,-1
724,-1,344,164,13,13,0.84,2,-1,-1
724,-1,291,157,16,22,0.73,2,-1,-1
724,-1,347,137,12,18,0.53,7,-1,-1
725,-1,377,183,36,50,0.90,7,-1,-1
725,-1,344,164,12,12,0.84,2,-1,-1
725,-1,290,156,17,25,0.71,2,-1,-1
725,-1,347,138,12,16,0.55,7,-1,-1
726,-1,377,182,35,50,0.91,7,-1,-1
726,-1,344,164,12,12,0.84,2,-1,-1
726,-1,289,154,18,26,0.67,7,-1,-1
726,-1,347,138,12,16,0.57,7,-1,-1
727,-1,376,180,35,49,0.90,7,-1,-1
727,-1,343,163,12,12,0.83,2,-1,-1
727,-1,289,155,18,28,0.71,7,-1,-1
727,-1,346,137,12,17,0.48,7,-1,-1
728,-1,374,179,35,48,0.89,7,-1,-1
728,-1,343,162,12,12,0.83,2,-1,-1
728,-1,289,155,18,26,0.80,7,-1,-1
728,-1,347,137,11,16,0.29,7,-1,-1
729,-1,374,178,34,48,0.90,7,-1,-1
729,-1,343,162,12,12,0.82,2,-1,-1
729,-1,288,155,19,28,0.74,7,-1,-1
729,-1,347,137,11,16,0.28,7,-1,-1
730,-1,374,177,33,46,0.90,7,-1,-1
730,-1,343,161,12,12,0.81,2,-1,-1
730,-1,288,156,19,28,0.70,7,-1,-1
730,-1,346,138,10,15,0.24,7,-1,-1
731,-1,372,175,32,46,0.90,7,-1,-1
731,-1,343,160,11,10,0.76,2,-1,-1
731,-1,288,156,19,28,0.65,7,-1,-1
731,-1,346,138,10,14,0.12,7,-1,-1
732,-1,372,175,31,45,0.90,7,-1,-1
732,-1,343,160,10,10,0.74,2,-1,-1
732,-1,288,156,19,28,0.65,7,-1,-1
732,-1,346,138,10,14,0.13,7,-1,-1
733,-1,372,174,30,42,0.89,7,-1,-1
733,-1,343,159,10,10,0.74,2,-1,-1
733,-1,288,158,19,28,0.56,7,-1,-1
733,-1,346,137,10,15,0.30,7,-1,-1
734,-1,371,174,30,42,0.88,7,-1,-1
734,-1,343,160,10,10,0.73,2,-1,-1
734,-1,288,158,19,28,0.62,7,-1,-1
734,-1,346,137,10,15,0.28,7,-1,-1
735,-1,370,172,30,42,0.88,7,-1,-1
735,-1,343,158,10,10,0.80,2,-1,-1
735,-1,287,159,19,27,0.53,7,-1,-1
735,-1,346,137,10,14,0.21,7,-1,-1
736,-1,370,172,30,40,0.88,7,-1,-1
736,-1,342,158,10,10,0.78,2,-1,-1
736,-1,287,159,20,27,0.65,7,-1,-1
736,-1,346,136,10,14,0.13,7,-1,-1
737,-1,368,172,30,40,0.90,7,-1,-1
737,-1,342,156,10,10,0.78,2,-1,-1
737,-1,286,159,20,28,0.78,7,-1,-1
737,-1,346,136,9,15,0.14,7,-1,-1
738,-1,368,171,29,39,0.90,7,-1,-1
738,-1,287,159,19,29,0.84,7,-1,-1
738,-1,342,157,10,10,0.77,2,-1,-1
738,-1,346,136,9,15,0.19,7,-1,-1
739,-1,368,170,29,38,0.90,7,-1,-1
739,-1,286,159,20,30,0.85,7,-1,-1
739,-1,342,156,10,10,0.75,2,-1,-1
739,-1,346,136,9,15,0.24,7,-1,-1
740,-1,367,170,29,38,0.90,7,-1,-1
740,-1,286,159,20,29,0.84,7,-1,-1
740,-1,342,156,10,10,0.73,2,-1,-1
740,-1,346,136,9,15,0.24,7,-1,-1
741,-1,366,168,29,38,0.89,7,-1,-1
741,-1,285,159,21,30,0.87,7,-1,-1
741,-1,342,155,10,10,0.72,2,-1,-1
741,-1,346,135,9,14,0.18,7,-1,-1
742,-1,366,168,29,37,0.87,7,-1,-1
742,-1,284,159,21,30,0.87,7,-1,-1
742,-1,342,154,10,10,0.67,2,-1,-1
742,-1,346,135,8,15,0.25,7,-1,-1
743,-1,285,160,20,31,0.87,7,-1,-1
743,-1,365,167,28,37,0.87,7,-1,-1
743,-1,342,154,10,10,0.67,2,-1,-1
743,-1,346,135,8,14,0.22,7,-1,-1
744,-1,284,160,21,32,0.88,7,-1,-1
744,-1,366,166,27,36,0.86,7,-1,-1
744,-1,341,153,10,10,0.68,2,-1,-1
744,-1,346,135,8,15,0.21,7,-1,-1
745,-1,284,159,21,32,0.88,7,-1,-1
745,-1,364,166,27,36,0.83,7,-1,-1
745,-1,341,152,10,9,0.47,2,-1,-1
745,-1,346,135,9,14,0.28,7,-1,-1
746,-1,283,159,22,33,0.87,7,-1,-1
746,-1,364,165,26,36,0.85,7,-1,-1
746,-1,341,152,9,9,0.47,2,-1,-1
746,-1,346,135,9,14,0.28,7,-1,-1
747,-1,282,160,22,33,0.87,7,-1,-1
747,-1,364,164,26,34,0.81,7,-1,-1
747,-1,341,152,9,9,0.52,2,-1,-1
747,-1,346,135,9,14,0.21,7,-1,-1
748,-1,282,160,22,33,0.87,7,-1,-1
748,-1,364,164,25,34,0.81,7,-1,-1
748,-1,340,150,9,9,0.57,2,-1,-1
748,-1,346,134,8,14,0.15,7,-1,-1
749,-1,282,161,22,34,0.88,7,-1,-1
749,-1,363,164,24,33,0.79,7,-1,-1
749,-1,342,151,9,9,0.60,2,-1,-1
750,-1,282,161,22,34,0.88,7,-1,-1
750,-1,362,163,24,33,0.77,7,-1,-1
750,-1,342,151,9,9,0.60,2,-1,-1
751,-1,282,162,22,34,0.88,7,-1,-1
751,-1,362,162,24,32,0.70,2,-1,-1
751,-1,341,150,9,9,0.36,2,-1,-1
752,-1,281,162,23,35,0.88,7,-1,-1
752,-1,362,162,23,32,0.70,2,-1,-1
752,-1,340,150,10,10,0.69,2,-1,-1
753,-1,280,162,23,34,0.88,7,-1,-1
753,-1,362,162,23,31,0.70,2,-1,-1
753,-1,340,149,10,10,0.45,2,-1,-1
754,-1,280,162,23,36,0.88,7,-1,-1
754,-1,361,161,23,31,0.61,2,-1,-1
754,-1,340,149,10,10,0.44,2,-1,-1
755,-1,280,164,23,36,0.89,7,-1,-1
755,-1,360,160,22,31,0.71,7,-1,-1
755,-1,339,148,10,9,0.33,2,-1,-1
756,-1,279,164,24,35,0.89,7,-1,-1
756,-1,360,160,22,30,0.76,7,-1,-1
756,-1,339,148,10,9,0.33,2,-1,-1
757,-1,278,165,24,36,0.88,7,-1,-1
757,-1,360,160,22,30,0.78,7,-1,-1
758,-1,278,165,24,36,0.87,7,-1,-1
758,-1,360,159,22,30,0.72,7,-1,-1
759,-1,278,166,24,36,0.88,7,-1,-1
759,-1,359,159,22,28,0.53,2,-1,-1
760,-1,277,166,24,36,0.89,7,-1,-1
760,-1,359,159,22,28,0.65,2,-1,-1
761,-1,276,167,25,37,0.89,7,-1,-1
761,-1,359,158,22,28,0.64,2,-1,-1
762,-1,276,167,25,37,0.90,7,-1,-1
762,-1,358,158,21,27,0.71,2,-1,-1
763,-1,275,168,26,38,0.89,7,-1,-1
763,-1,358,158,20,26,0.70,2,-1,-1
764,-1,275,168,26,38,0.89,7,-1,-1
764,-1,358,158,20,26,0.77,2,-1,-1
765,-1,274,168,25,38,0.89,7,-1,-1
765,-1,357,157,20,26,0.72,2,-1,-1
766,-1,274,168,26,39,0.89,7,-1,-1
766,-1,356,156,20,26,0.69,7,-1,-1
767,-1,274,170,26,39,0.89,7,-1,-1
767,-1,356,156,20,26,0.72,2,-1,-1
768,-1,273,170,26,40,0.89,7,-1,-1
768,-1,356,156,20,25,0.64,7,-1,-1
769,-1,272,171,26,40,0.89,7,-1,-1
769,-1,356,155,20,25,0.80,7,-1,-1
770,-1,272,171,26,41,0.89,7,-1,-1
770,-1,356,155,19,24,0.65,7,-1,-1
771,-1,271,172,26,40,0.89,7,-1,-1
771,-1,355,154,19,24,0.77,7,-1,-1
772,-1,271,173,26,41,0.89,7,-1,-1
772,-1,355,154,18,24,0.75,7,-1,-1
773,-1,270,174,27,41,0.89,7,-1,-1
773,-1,355,154,19,24,0.65,7,-1,-1
774,-1,270,174,27,41,0.88,7,-1,-1
774,-1,354,153,19,24,0.59,7,-1,-1
775,-1,268,176,27,41,0.89,7,-1,-1
775,-1,354,152,19,24,0.60,7,-1,-1
776,-1,268,176,28,42,0.90,7,-1,-1
776,-1,354,152,19,23,0.54,7,-1,-1
777,-1,267,177,28,42,0.90,7,-1,-1
777,-1,354,152,19,24,0.51,2,-1,-1
778,-1,266,178,28,42,0.91,7,-1,-1
778,-1,353,152,19,23,0.61,2,-1,-1
779,-1,266,178,28,42,0.90,7,-1,-1
779,-1,353,152,19,23,0.56,2,-1,-1
780,-1,265,179,29,43,0.90,7,-1,-1
780,-1,353,151,18,23,0.54,2,-1,-1
781,-1,264,179,29,44,0.90,7,-1,-1
781,-1,352,150,18,24,0.72,7,-1,-1
782,-1,262,180,30,44,0.90,7,-1,-1
782,-1,352,150,18,23,0.64,7,-1,-1
783,-1,262,181,31,45,0.90,7,-1,-1
783,-1,352,150,18,22,0.58,7,-1,-1
784,-1,261,182,31,46,0.90,7,-1,-1
784,-1,352,149,18,22,0.58,7,-1,-1
785,-1,260,182,31,46,0.90,7,-1,-1
785,-1,352,149,18,22,0.62,2,-1,-1
786,-1,260,183,32,47,0.90,7,-1,-1
786,-1,352,148,17,22,0.66,7,-1,-1
787,-1,258,184,33,48,0.91,7,-1,-1
787,-1,351,148,18,22,0.69,7,-1,-1
788,-1,258,184,32,48,0.91,7,-1,-1
788,-1,351,148,17,22,0.70,7,-1,-1
789,-1,256,186,33,48,0.91,7,-1,-1
789,-1,351,147,16,22,0.69,7,-1,-1
790,-1,256,186,34,50,0.91,7,-1,-1
790,-1,351,147,16,22,0.64,7,-1,-1
791,-1,255,188,34,50,0.90,7,-1,-1
791,-1,350,147,16,21,0.58,7,-1,-1
792,-1,254,189,34,50,0.90,7,-1,-1
792,-1,350,147,16,21,0.63,7,-1,-1
793,-1,252,190,34,51,0.91,7,-1,-1
793,-1,350,147,16,20,0.62,2,-1,-1
794,-1,252,191,34,52,0.91,7,-1,-1
794,-1,350,147,16,19,0.59,2,-1,-1
795,-1,250,192,35,53,0.90,7,-1,-1
795,-1,350,147,16,19,0.74,2,-1,-1
796,-1,250,193,35,53,0.90,7,-1,-1
796,-1,350,147,16,18,0.74,2,-1,-1
797,-1,248,194,36,55,0.91,7,-1,-1
797,-1,349,146,16,20,0.64,2,-1,-1
798,-1,247,195,36,55,0.92,7,-1,-1
798,-1,349,146,16,19,0.69,2,-1,-1
799,-1,245,197,38,56,0.91,7,-1,-1
799,-1,350,145,15,19,0.58,2,-1,-1
800,-1,498,376,124,154,0.93,7,-1,-1
800,-1,244,198,38,57,0.91,7,-1,-1
800,-1,349,145,15,19,0.53,7,-1,-1
801,-1,488,360,115,143,0.92,7,-1,-1
801,-1,243,199,38,58,0.91,7,-1,-1
801,-1,349,145,15,19,0.55,2,-1,-1
802,-1,482,350,109,134,0.93,7,-1,-1
802,-1,242,200,39,60,0.91,7,-1,-1
802,-1,348,144,15,18,0.57,2,-1,-1
803,-1,472,336,102,126,0.92,7,-1,-1
803,-1,240,202,40,61,0.91,7,-1,-1
803,-1,348,144,15,18,0.51,7,-1,-1
804,-1,468,328,96,119,0.93,7,-1,-1
804,-1,238,202,41,62,0.91,7,-1,-1
804,-1,348,144,15,18,0.56,2,-1,-1
805,-1,460,316,90,112,0.92,7,-1,-1
805,-1,236,204,42,63,0.92,7,-1,-1
805,-1,347,142,16,18,0.82,2,-1,-1
806,-1,455,309,87,108,0.93,7,-1,-1
806,-1,236,205,42,64,0.92,7,-1,-1
806,-1,348,142,15,18,0.77,2,-1,-1
807,-1,234,207,43,65,0.92,7,-1,-1
807,-1,448,299,82,102,0.92,7,-1,-1
807,-1,346,142,16,18,0.74,2,-1,-1
808,-1,446,293,78,98,0.92,7,-1,-1
808,-1,233,208,42,66,0.92,7,-1,-1
808,-1,348,142,14,18,0.57,2,-1,-1
809,-1,440,284,74,94,0.92,7,-1,-1
809,-1,231,210,44,68,0.91,7,-1,-1
809,-1,347,142,15,18,0.49,7,-1,-1
810,-1,438,280,72,90,0.92,7,-1,-1
810,-1,229,212,45,68,0.92,7,-1,-1
810,-1,347,142,14,18,0.47,7,-1,-1
811,-1,226,214,46,70,0.92,7,-1,-1
811,-1,432,272,68,87,0.92,7,-1,-1
811,-1,347,142,14,17,0.49,7,-1,-1
812,-1,225,215,46,72,0.92,7,-1,-1
812,-1,430,268,66,84,0.91,7,-1,-1
812,-1,347,142,14,17,0.51,7,-1,-1
813,-1,424,261,64,81,0.92,7,-1,-1
813,-1,222,218,48,74,0.91,7,-1,-1
813,-1,347,142,14,18,0.50,7,-1,-1
814,-1,422,258,63,78,0.91,7,-1,-1
814,-1,221,219,48,76,0.91,7,-1,-1
814,-1,346,141,15,18,0.52,7,-1,-1
815,-1,417,252,62,74,0.91,7,-1,-1
815,-1,219,222,50,78,0.91,7,-1,-1
815,-1,346,140,15,18,0.54,7,-1,-1
816,-1,216,223,51,80,0.91,7,-1,-1
816,-1,415,248,60,72,0.91,7,-1,-1
816,-1,346,140,15,18,0.54,7,-1,-1
817,-1,213,226,53,82,0.92,7,-1,-1
817,-1,414,244,56,70,0.91,7,-1,-1
817,-1,346,139,14,18,0.49,7,-1,-1
818,-1,211,228,54,84,0.92,7,-1,-1
818,-1,413,241,54,68,0.90,7,-1,-1
818,-1,346,139,14,18,0.42,7,-1,-1
819,-1,207,230,56,86,0.91,7,-1,-1
819,-1,412,237,51,66,0.90,7,-1,-1
819,-1,346,139,15,18,0.46,2,-1,-1
820,-1,205,232,58,87,0.92,7,-1,-1
820,-1,409,234,50,65,0.91,7,-1,-1
820,-1,346,139,15,18,0.43,2,-1,-1
821,-1,202,236,59,90,0.92,7,-1,-1
821,-1,407,231,48,61,0.90,7,-1,-1
821,-1,346,138,14,18,0.44,7,-1,-1
822,-1,199,238,60,91,0.92,7,-1,-1
822,-1,405,228,48,60,0.92,7,-1,-1
822,-1,346,139,14,18,0.42,7,-1,-1
823,-1,195,241,62,94,0.93,7,-1,-1
823,-1,403,224,46,58,0.91,7,-1,-1
823,-1,346,138,14,18,0.44,7,-1,-1
824,-1,192,243,64,96,0.92,7,-1,-1
824,-1,400,222,46,58,0.90,7,-1,-1
824,-1,346,138,14,18,0.43,7,-1,-1
825,-1,187,246,67,102,0.93,7,-1,-1
825,-1,399,219,44,56,0.91,7,-1,-1
825,-1,345,138,14,18,0.48,7,-1,-1
826,-1,185,249,68,104,0.93,7,-1,-1
826,-1,398,218,43,54,0.91,7,-1,-1
826,-1,345,138,14,18,0.47,7,-1,-1
827,-1,180,253,71,107,0.93,7,-1,-1
827,-1,396,214,42,53,0.91,7,-1,-1
827,-1,345,138,14,18,0.46,7,-1,-1
828,-1,177,256,72,110,0.92,7,-1,-1
828,-1,394,213,41,54,0.91,7,-1,-1
828,-1,345,138,14,17,0.47,2,-1,-1
829,-1,171,260,75,116,0.94,7,-1,-1
829,-1,392,210,40,52,0.90,7,-1,-1
829,-1,345,138,13,16,0.57,7,-1,-1
830,-1,167,263,78,119,0.94,7,-1,-1
830,-1,391,208,39,52,0.90,7,-1,-1
830,-1,345,138,13,16,0.64,7,-1,-1
831,-1,161,268,81,124,0.93,7,-1,-1
831,-1,389,205,38,50,0.91,7,-1,-1
831,-1,345,138,13,16,0.59,7,-1,-1
832,-1,156,272,84,128,0.93,7,-1,-1
832,-1,388,204,38,49,0.91,7,-1,-1
832,-1,345,138,13,16,0.59,7,-1,-1
833,-1,150,277,87,134,0.93,7,-1,-1
833,-1,386,202,38,47,0.90,7,-1,-1
833,-1,345,138,13,16,0.67,7,-1,-1
834,-1,144,280,91,138,0.93,7,-1,-1
834,-1,385,200,36,47,0.90,7,-1,-1
834,-1,345,137,12,16,0.67,7,-1,-1
835,-1,136,286,95,146,0.94,7,-1,-1
835,-1,384,198,35,46,0.90,7,-1,-1
835,-1,345,137,12,16,0.66,7,-1,-1
836,-1,131,290,98,152,0.94,7,-1,-1
836,-1,383,197,35,45,0.91,7,-1,-1
836,-1,345,137,12,16,0.66,7,-1,-1
837,-1,122,298,104,160,0.93,7,-1,-1
837,-1,382,194,34,44,0.90,7,-1,-1
837,-1,345,137,12,16,0.57,7,-1,-1
838,-1,117,302,106,167,0.93,7,-1,-1
838,-1,382,193,34,44,0.90,7,-1,-1
838,-1,345,136,12,16,0.58,7,-1,-1
839,-1,105,310,113,178,0.93,7,-1,-1
839,-1,380,192,32,42,0.90,7,-1,-1
839,-1,345,136,12,16,0.58,7,-1,-1
840,-1,99,316,117,185,0.94,7,-1,-1
840,-1,380,191,32,42,0.90,7,-1,-1
840,-1,345,136,12,16,0.55,7,-1,-1
841,-1,86,323,125,196,0.93,7,-1,-1
841,-1,378,190,32,40,0.89,7,-1,-1
841,-1,345,136,12,15,0.54,7,-1,-1
842,-1,77,330,130,204,0.93,7,-1,-1
842,-1,378,189,32,39,0.88,7,-1,-1
842,-1,345,136,12,15,0.51,7,-1,-1
843,-1,377,188,30,38,0.88,7,-1,-1
843,-1,345,136,11,15,0.52,7,-1,-1
844,-1,376,187,30,38,0.89,7,-1,-1
844,-1,345,136,11,15,0.51,7,-1,-1
845,-1,376,186,29,37,0.90,7,-1,-1
845,-1,345,136,11,14,0.43,7,-1,-1
846,-1,376,184,29,36,0.89,7,-1,-1
846,-1,344,136,11,14,0.40,7,-1,-1
847,-1,375,183,28,36,0.88,7,-1,-1
847,-1,344,136,11,14,0.39,7,-1,-1
848,-1,375,182,27,35,0.87,7,-1,-1
848,-1,345,135,11,14,0.42,7,-1,-1
849,-1,418,434,66,66,0.94,2,-1,-1
849,-1,374,182,27,33,0.86,7,-1,-1
849,-1,345,135,11,14,0.42,7,-1,-1
850,-1,414,416,62,61,0.92,2,-1,-1
850,-1,372,181,28,34,0.88,7,-1,-1
850,-1,345,135,11,14,0.42,7,-1,-1
851,-1,406,390,56,55,0.90,2,-1,-1
851,-1,372,179,27,34,0.89,7,-1,-1
851,-1,344,134,11,14,0.30,7,-1,-1
852,-1,403,376,53,52,0.92,2,-1,-1
852,-1,372,178,27,34,0.88,7,-1,-1
852,-1,344,134,11,14,0.32,7,-1,-1
853,-1,398,356,48,48,0.92,2,-1,-1
853,-1,370,176,27,34,0.89,7,-1,-1
853,-1,344,135,11,14,0.28,7,-1,-1
854,-1,394,344,47,45,0.91,2,-1,-1
854,-1,370,176,26,33,0.88,7,-1,-1
854,-1,344,135,11,14,0.29,7,-1,-1
855,-1,389,328,45,42,0.90,2,-1,-1
855,-1,370,175,26,33,0.87,7,-1,-1
855,-1,344,134,12,14,0.40,7,-1,-1
856,-1,387,320,44,40,0.90,2,-1,-1
856,-1,369,174,26,33,0.88,7,-1,-1
856,-1,344,134,12,14,0.43,7,-1,-1
857,-1,383,306,40,38,0.89,2,-1,-1
857,-1,368,173,26,32,0.87,7,-1,-1
857,-1,344,134,11,14,0.54,7,-1,-1
858,-1,382,300,37,36,0.90,2,-1,-1
858,-1,368,172,26,32,0.87,7,-1,-1
858,-1,344,134,11,14,0.60,7,-1,-1
859,-1,378,289,36,34,0.90,2,-1,-1
859,-1,368,172,26,32,0.86,7,-1,-1
859,-1,344,134,11,14,0.60,7,-1,-1
860,-1,377,283,35,32,0.90,2,-1,-1
860,-1,367,170,26,32,0.88,7,-1,-1
860,-1,344,133,11,14,0.45,7,-1,-1
861,-1,374,274,32,31,0.88,2,-1,-1
861,-1,366,170,26,31,0.87,7,-1,-1
861,-1,344,133,11,13,0.41,7,-1,-1
862,-1,372,266,32,32,0.88,2,-1,-1
862,-1,366,169,24,32,0.87,7,-1,-1
862,-1,344,133,11,14,0.45,7,-1,-1
863,-1,370,258,31,32,0.88,2,-1,-1
863,-1,366,167,24,31,0.88,7,-1,-1
863,-1,344,133,11,14,0.24,7,-1,-1
864,-1,365,168,24,30,0.88,7,-1,-1
864,-1,370,257,29,28,0.88,2,-1,-1
864,-1,344,133,11,13,0.26,7,-1,-1
865,-1,365,167,23,30,0.88,7,-1,-1
865,-1,368,251,27,26,0.88,2,-1,-1
866,-1,364,167,23,30,0.88,7,-1,-1
866,-1,366,247,27,26,0.87,2,-1,-1
867,-1,366,241,25,25,0.88,2,-1,-1
867,-1,364,166,23,29,0.86,7,-1,-1
867,-1,344,132,11,14,0.10,7,-1,-1
868,-1,364,165,22,29,0.89,7,-1,-1
868,-1,365,238,26,24,0.87,2,-1,-1
868,-1,344,132,10,14,0.31,7,-1,-1
869,-1,363,233,24,24,0.89,2,-1,-1
869,-1,363,164,22,29,0.87,7,-1,-1
869,-1,344,132,10,14,0.35,7,-1,-1
870,-1,363,163,22,29,0.87,7,-1,-1
870,-1,362,230,23,22,0.87,2,-1,-1
870,-1,344,132,11,14,0.37,7,-1,-1
871,-1,361,226,23,22,0.88,2,-1,-1
871,-1,362,162,22,30,0.87,7,-1,-1
871,-1,344,132,10,14,0.25,7,-1,-1
872,-1,362,162,21,28,0.86,7,-1,-1
872,-1,360,223,22,22,0.86,2,-1,-1
872,-1,344,132,10,14,0.27,7,-1,-1
873,-1,359,218,22,22,0.88,2,-1,-1
873,-1,362,161,21,28,0.87,7,-1,-1
873,-1,344,131,10,14,0.28,7,-1,-1
874,-1,359,217,22,21,0.88,2,-1,-1
874,-1,362,161,21,28,0.88,7,-1,-1
874,-1,344,131,10,14,0.28,7,-1,-1
875,-1,361,160,20,28,0.89,7,-1,-1
875,-1,358,213,21,21,0.88,2,-1,-1
875,-1,344,132,10,14,0.24,7,-1,-1
876,-1,361,160,20,28,0.88,7,-1,-1
876,-1,357,211,22,20,0.88,2,-1,-1
876,-1,344,131,10,14,0.28,7,-1,-1
877,-1,360,158,20,28,0.89,7,-1,-1
877,-1,356,208,20,20,0.87,2,-1,-1
877,-1,344,131,10,12,0.22,7,-1,-1
878,-1,360,159,20,26,0.88,7,-1,-1
878,-1,356,206,20,19,0.87,2,-1,-1
878,-1,344,131,10,12,0.27,7,-1,-1
879,-1,360,158,19,26,0.88,7,-1,-1
879,-1,355,204,19,18,0.88,2,-1,-1
879,-1,344,131,10,12,0.23,7,-1,-1
880,-1,354,202,18,19,0.88,2,-1,-1
880,-1,360,158,20,26,0.87,7,-1,-1
880,-1,344,131,10,12,0.17,7,-1,-1
881,-1,354,199,18,18,0.88,2,-1,-1
881,-1,359,157,19,25,0.86,7,-1,-1
881,-1,344,130,10,12,0.18,7,-1,-1
882,-1,352,197,18,18,0.87,2,-1,-1
882,-1,359,157,19,25,0.85,7,-1,-1
882,-1,344,130,10,12,0.19,7,-1,-1
883,-1,352,195,18,18,0.87,2,-1,-1
883,-1,358,156,19,25,0.84,7,-1,-1
884,-1,352,194,17,18,0.86,2,-1,-1
884,-1,358,156,18,24,0.83,7,-1,-1
884,-1,344,130,10,13,0.14,7,-1,-1
885,-1,352,191,17,18,0.86,2,-1,-1
885,-1,358,156,18,24,0.82,7,-1,-1
885,-1,344,130,10,13,0.23,7,-1,-1
886,-1,351,190,18,18,0.85,2,-1,-1
886,-1,358,155,18,24,0.82,7,-1,-1
886,-1,344,130,10,13,0.23,7,-1,-1
887,-1,351,189,16,16,0.86,2,-1,-1
887,-1,358,155,17,24,0.67,7,-1,-1
887,-1,344,130,10,12,0.20,7,-1,-1
888,-1,350,188,17,16,0.86,2,-1,-1
888,-1,357,154,18,24,0.83,7,-1,-1
888,-1,345,130,9,12,0.16,7,-1,-1
889,-1,348,186,18,16,0.87,2,-1,-1
889,-1,357,155,17,23,0.81,7,-1,-1
890,-1,349,185,16,16,0.87,2,-1,-1
890,-1,356,155,17,22,0.47,7,-1,-1
891,-1,348,183,16,16,0.86,2,-1,-1
891,-1,356,154,17,22,0.65,7,-1,-1
892,-1,348,182,16,16,0.86,2,-1,-1
892,-1,356,154,16,22,0.46,2,-1,-1
893,-1,347,181,16,16,0.85,2,-1,-1
893,-1,356,154,16,22,0.59,7,-1,-1
894,-1,347,179,16,16,0.86,2,-1,-1
894,-1,356,154,16,22,0.54,7,-1,-1
895,-1,346,177,16,16,0.86,2,-1,-1
895,-1,355,152,16,23,0.76,7,-1,-1
896,-1,346,177,15,16,0.85,2,-1,-1
896,-1,355,152,16,22,0.73,7,-1,-1
897,-1,346,176,14,15,0.85,2,-1,-1
897,-1,355,151,16,22,0.82,7,-1,-1
898,-1,345,174,15,15,0.86,2,-1,-1
898,-1,355,151,16,22,0.84,7,-1,-1
899,-1,344,174,14,15,0.82,2,-1,-1
899,-1,354,151,16,22,0.80,7,-1,-1
900,-1,344,173,15,15,0.84,2,-1,-1
900,-1,354,151,15,21,0.80,7,-1,-1
