41,0,282,82,18,27,0.84,2
42,0,282,82,18,27,0.85,2
43,0,282,82,18,27,0.84,2
44,0,282,82,18,27,0.84,2
45,0,282,82,18,27,0.84,2
46,0,282,82,18,27,0.85,2
47,0,282,82,18,27,0.85,2
48,0,282,82,18,27,0.85,2
49,0,282,82,17,27,0.84,2
50,0,282,82,17,27,0.85,2
51,0,282,82,17,27,0.85,2
52,0,282,82,18,26,0.84,2
53,0,282,82,18,27,0.83,2
54,0,282,82,18,27,0.83,2
55,0,282,82,18,27,0.83,2
56,0,282,82,18,27,0.83,2
57,0,282,82,18,27,0.83,2
58,0,282,82,18,27,0.83,2
59,0,282,82,17,27,0.84,2
60,0,282,82,18,27,0.84,2
61,0,282,82,17,27,0.84,2
62,0,282,82,18,27,0.84,2
63,0,282,82,18,27,0.84,2
64,0,282,82,18,27,0.84,2
65,0,282,82,17,27,0.84,2
66,0,282,82,18,27,0.84,2
67,0,282,82,18,27,0.84,2
68,0,282,82,18,27,0.84,2
69,0,282,82,18,27,0.84,2
70,0,282,82,18,27,0.84,2
71,0,282,82,18,27,0.84,2
72,0,282,82,18,27,0.83,2
73,0,282,82,18,27,0.83,2
74,0,282,82,18,27,0.83,2
75,0,282,82,18,27,0.83,2
76,0,282,82,18,27,0.83,2
77,0,282,82,18,27,0.83,2
78,0,282,82,18,27,0.83,2
79,0,282,82,18,27,0.83,2
80,0,282,82,18,27,0.83,2
81,0,282,82,18,27,0.83,2
82,0,282,82,18,27,0.83,2
83,0,282,82,18,27,0.83,2
84,0,282,82,18,27,0.83,2
85,0,282,82,18,27,0.83,2
86,0,283,82,17,27,0.83,2
87,0,283,82,17,27,0.83,2
88,0,283,82,17,27,0.83,2
89,0,282,82,17,27,0.83,2
90,0,282,83,17,27,0.84,2
91,0,282,83,18,27,0.84,2
92,0,282,82,18,27,0.84,2
93,0,282,82,18,27,0.84,2
94,0,282,82,18,27,0.84,2
95,0,282,82,17,27,0.84,2
96,0,282,82,17,27,0.84,2
97,0,282,82,17,27,0.84,2
98,0,283,82,17,27,0.83,2
99,0,283,82,17,27,0.84,2
100,0,284,82,16,27,0.84,2
101,0,283,82,17,27,0.84,2
102,0,283,82,17,27,0.84,2
103,0,283,82,17,27,0.84,2
104,0,283,82,17,27,0.84,2
105,0,282,83,17,26,0.84,2
106,0,282,83,17,26,0.85,2
107,0,282,83,17,26,0.85,2
108,0,282,83,17,26,0.85,2
109,0,282,83,17,26,0.85,2
110,0,282,83,17,26,0.85,2
111,0,282,83,17,26,0.85,2
112,0,283,83,16,26,0.85,2
113,0,282,83,17,26,0.85,2
114,0,282,83,17,26,0.86,2
115,0,282,83,17,26,0.86,2
116,0,282,83,17,26,0.86,2
117,0,282,83,17,26,0.86,2
118,0,282,83,17,26,0.86,2
119,0,282,83,17,26,0.86,2
120,0,282,83,17,26,0.86,2
121,0,282,83,16,26,0.86,2
122,0,282,83,17,26,0.86,2
123,0,282,83,17,26,0.86,2
124,0,282,83,17,26,0.86,2
125,0,282,84,17,26,0.86,2
126,0,282,84,17,26,0.86,2
127,0,282,84,17,26,0.86,2
128,0,282,84,17,26,0.86,2
129,0,282,83,17,26,0.86,2
130,0,282,83,17,26,0.86,2
131,0,282,83,17,26,0.86,2
132,0,282,83,17,26,0.85,2
133,0,282,83,17,26,0.85,2
134,0,282,83,17,26,0.85,2
135,0,282,83,17,26,0.85,2
136,0,282,83,17,26,0.85,2
137,0,282,83,17,26,0.85,2
138,0,282,83,17,26,0.85,2
139,0,282,83,17,26,0.85,2
140,0,282,83,17,26,0.85,2
141,0,282,83,17,26,0.85,2
142,0,282,83,17,26,0.85,2
143,0,282,83,17,26,0.85,2
144,0,282,83,17,26,0.85,2
145,0,282,83,17,26,0.85,2
146,0,282,82,17,27,0.84,2
147,0,282,82,18,27,0.84,2
148,0,282,82,17,27,0.84,2
149,0,282,82,17,27,0.84,2
150,0,282,82,17,27,0.85,2
151,0,282,82,18,27,0.84,2
152,0,282,84,18,26,0.85,2
153,0,281,84,18,26,0.85,2
154,0,281,84,18,26,0.85,2
155,0,281,84,18,26,0.85,2
156,0,282,84,18,26,0.85,2
157,0,281,84,18,26,0.85,2
158,0,281,84,18,26,0.85,2
159,0,281,84,18,26,0.85,2
160,0,281,84,18,26,0.85,2
161,0,281,84,18,26,0.85,2
162,0,281,84,18,26,0.85,2
163,0,281,84,18,26,0.85,2
164,0,281,84,18,26,0.85,2
165,0,281,84,18,26,0.85,2
166,0,281,84,18,26,0.85,2
167,0,281,84,18,26,0.85,2
168,0,281,84,18,26,0.85,2
169,0,281,84,18,26,0.85,2
170,0,281,84,18,26,0.85,2
171,0,281,84,18,26,0.85,2
172,0,282,84,18,26,0.85,2
173,0,282,84,18,26,0.85,2
174,0,282,84,18,26,0.85,2
175,0,282,84,18,26,0.85,2
176,0,282,84,18,26,0.85,2
177,0,282,84,17,26,0.85,2
178,0,282,84,18,26,0.85,2
179,0,282,84,18,26,0.85,2
180,0,282,84,17,26,0.85,2
181,0,282,84,17,26,0.85,2
182,0,282,84,18,26,0.85,2
183,0,282,84,18,26,0.85,2
184,0,282,84,18,26,0.85,2
185,0,282,84,18,26,0.85,2
186,0,282,84,18,26,0.85,2
187,0,282,84,18,26,0.85,2
188,0,282,84,18,26,0.85,2
189,0,282,84,18,26,0.85,2
190,0,282,84,18,26,0.85,2
191,0,282,84,18,26,0.85,2
192,0,282,84,18,26,0.85,2
193,0,282,84,18,26,0.85,2
194,0,282,84,17,26,0.85,2
195,0,282,84,18,26,0.85,2
196,0,282,84,18,26,0.85,2
197,0,282,84,18,26,0.85,2
198,0,282,84,18,26,0.85,2
199,0,282,84,18,26,0.85,2
200,0,282,84,18,26,0.85,2
201,0,282,84,18,26,0.85,2
202,0,282,84,18,26,0.85,2
203,0,282,84,18,26,0.85,2
204,0,282,84,18,26,0.85,2
205,0,282,84,18,27,0.86,2
206,0,282,84,18,27,0.86,2
207,0,282,84,18,27,0.86,2
208,0,282,84,18,27,0.86,2
209,0,282,84,18,27,0.86,2
210,0,282,84,18,27,0.86,2
211,0,282,84,18,27,0.86,2
212,0,281,84,18,27,0.86,2
213,0,281,84,18,27,0.86,2
214,0,281,84,18,27,0.86,2
215,0,281,84,18,27,0.86,2
216,0,281,84,18,27,0.86,2
217,0,281,84,18,27,0.87,2
218,0,280,84,18,26,0.87,2
219,0,280,84,18,26,0.87,2
220,0,280,84,18,26,0.87,2
221,0,280,84,18,26,0.87,2
222,0,280,84,18,26,0.87,2
223,0,280,84,18,26,0.87,2
224,0,280,84,18,26,0.87,2
225,0,280,84,18,26,0.87,2
226,0,280,84,18,26,0.87,2
227,0,280,84,18,26,0.87,2
228,0,280,84,18,26,0.87,2
229,0,280,84,18,26,0.87,2
230,0,280,84,19,26,0.87,2
231,0,280,84,19,26,0.87,2
232,0,280,84,19,26,0.87,2
233,0,280,84,19,26,0.87,2
234,0,280,85,19,26,0.87,2
235,0,280,84,19,26,0.87,2
236,0,280,84,19,26,0.87,2
237,0,279,85,19,26,0.87,2
238,0,279,84,19,26,0.87,2
239,0,278,84,20,26,0.87,2
240,0,278,84,20,26,0.87,2
241,0,279,85,20,26,0.87,2
242,0,278,85,20,26,0.87,2
243,0,278,85,20,26,0.87,2
244,0,278,85,20,26,0.87,2
245,0,278,85,20,26,0.87,2
246,0,278,85,20,26,0.87,2
247,0,278,85,19,26,0.87,2
248,0,278,85,20,26,0.87,2
249,0,278,85,19,26,0.87,2
250,0,278,85,19,26,0.87,2
251,0,278,85,19,26,0.87,2
252,0,278,85,20,26,0.87,2
253,0,278,84,20,27,0.87,2
254,0,278,85,20,26,0.87,2
255,0,278,85,20,26,0.87,2
256,0,278,85,20,26,0.87,2
257,0,278,85,20,26,0.87,2
258,0,278,85,20,26,0.87,2
259,0,278,85,20,26,0.87,2
260,0,278,85,20,26,0.87,2
261,0,278,85,20,26,0.87,2
262,0,278,85,19,26,0.87,2
263,0,278,85,19,26,0.87,2
264,0,278,85,19,26,0.87,2
265,0,278,85,19,26,0.87,2
266,0,278,85,18,26,0.87,2
267,0,278,85,18,26,0.87,2
268,0,278,85,19,26,0.87,2
269,0,278,85,18,26,0.87,2
270,0,278,85,18,26,0.87,2
271,0,278,85,18,26,0.87,2
272,0,278,85,19,26,0.87,2
273,0,278,85,19,26,0.87,2
274,0,278,85,19,26,0.87,2
275,0,278,86,19,26,0.87,2
276,0,278,85,19,26,0.87,2
277,0,278,86,19,26,0.87,2
278,0,278,85,19,26,0.87,2
279,0,278,85,19,26,0.87,2
280,0,278,85,19,26,0.87,2
281,0,278,85,19,26,0.87,2
282,0,278,85,19,26,0.87,2
283,0,278,85,19,26,0.87,2
284,0,278,85,19,26,0.87,2
285,0,278,85,19,26,0.87,2
286,0,278,85,19,26,0.87,2
287,0,278,85,19,26,0.87,2
288,0,278,85,19,26,0.87,2
289,0,278,86,19,26,0.87,2
290,0,278,86,18,26,0.87,2
291,0,278,86,18,26,0.87,2
292,0,278,85,18,26,0.87,2
293,0,278,85,18,26,0.87,2
294,0,278,85,18,26,0.87,2
295,0,278,85,19,26,0.87,2
296,0,278,85,19,26,0.87,2
297,0,278,85,19,26,0.87,2
298,0,278,85,18,26,0.87,2
299,0,278,85,18,26,0.87,2
300,0,278,85,18,26,0.87,2
301,0,278,85,18,26,0.87,2
302,0,278,85,18,26,0.87,2
303,0,278,85,18,26,0.87,2
304,0,278,85,18,26,0.87,2
305,0,278,85,18,26,0.87,2
306,0,278,85,18,26,0.87,2
307,0,278,85,18,26,0.87,2
308,0,278,85,18,27,0.87,2
309,0,278,85,18,27,0.87,2
310,0,278,85,18,26,0.87,2
311,0,278,84,18,27,0.87,2
312,0,278,84,18,28,0.87,2
313,0,278,84,18,28,0.87,2
314,0,278,84,18,28,0.87,2
315,0,278,84,18,28,0.87,2
316,0,278,84,18,28,0.87,2
317,0,278,84,18,28,0.87,2
318,0,278,84,18,28,0.87,2
319,0,278,84,18,28,0.87,2
320,0,278,84,18,28,0.87,2
321,0,278,84,18,28,0.87,2
322,0,278,84,18,28,0.87,2
323,0,278,84,18,28,0.87,2
324,0,278,84,18,28,0.87,2
325,0,278,85,18,27,0.87,2
326,0,278,84,18,27,0.87,2
327,0,278,85,18,27,0.87,2
328,0,278,85,18,27,0.87,2
329,0,278,85,18,27,0.87,2
330,0,278,85,18,27,0.87,2
331,0,278,85,18,27,0.87,2
332,0,278,85,18,27,0.87,2
333,0,278,85,18,27,0.87,2
334,0,278,84,19,28,0.87,2
335,0,278,84,19,28,0.87,2
336,0,278,84,19,28,0.87,2
337,0,278,84,18,28,0.87,2
338,0,278,84,19,27,0.87,2
339,0,278,84,19,27,0.87,2
340,0,278,84,19,27,0.87,2
341,0,278,85,19,27,0.87,2
342,0,278,85,19,27,0.87,2
343,0,278,85,19,27,0.87,2
344,0,278,85,19,27,0.87,2
345,0,278,85,19,27,0.87,2
346,0,278,85,18,27,0.86,2
347,0,278,85,18,27,0.86,2
348,0,278,85,18,27,0.86,2
349,0,278,85,18,27,0.86,2
350,0,278,85,18,27,0.86,2
351,0,278,85,18,27,0.86,2
352,0,278,85,18,26,0.86,2
353,0,278,85,18,27,0.86,2
354,0,278,85,18,27,0.86,2
355,0,278,85,18,27,0.86,2
356,0,278,85,18,26,0.86,2
357,0,278,85,18,26,0.86,2
358,0,278,85,18,26,0.86,2
359,0,278,85,18,26,0.86,2
360,0,278,85,18,26,0.86,2
361,0,278,85,18,26,0.86,2
362,0,278,86,18,26,0.86,2
363,0,278,86,18,26,0.86,2
364,0,278,86,18,26,0.86,2
365,0,278,86,18,26,0.86,2
366,0,278,86,18,26,0.86,2
367,0,278,86,18,26,0.86,2
368,0,278,86,18,26,0.86,2
369,0,278,86,18,26,0.86,2
370,0,278,86,18,26,0.86,2
371,0,278,86,18,26,0.86,2
372,0,278,85,18,26,0.86,2
373,0,278,85,18,26,0.86,2
374,0,278,86,18,26,0.87,2
375,0,278,85,18,26,0.87,2
376,0,278,86,18,26,0.87,2
377,0,278,86,18,26,0.87,2
378,0,278,86,18,26,0.87,2
379,0,278,86,18,26,0.87,2
380,0,278,86,18,26,0.87,2
381,0,278,86,18,26,0.87,2
382,0,278,86,18,26,0.87,2
383,0,278,86,18,26,0.87,2
384,0,279,86,18,26,0.87,2
385,0,279,86,18,26,0.87,2
386,0,279,85,18,26,0.87,2
387,0,278,85,18,26,0.87,2
388,0,278,85,18,26,0.87,2
389,0,278,85,18,27,0.87,2
390,0,279,85,18,27,0.87,2
391,0,279,85,18,26,0.87,2
392,0,278,85,18,26,0.87,2
393,0,278,85,18,26,0.87,2
394,0,278,85,18,26,0.87,2
395,0,278,85,18,27,0.87,2
396,0,278,85,18,27,0.87,2
397,0,278,85,18,27,0.87,2
398,0,278,85,18,27,0.87,2
399,0,278,85,18,27,0.87,2
400,0,278,85,18,26,0.87,2
401,0,278,85,18,27,0.87,2
402,0,278,85,18,27,0.87,2
403,0,278,85,18,26,0.87,2
404,0,278,85,18,26,0.87,2
405,0,278,85,18,26,0.87,2
406,0,278,85,18,27,0.87,2
407,0,278,85,18,27,0.87,2
408,0,278,85,18,27,0.87,2
409,0,278,85,18,27,0.87,2
410,0,278,85,18,27,0.87,2
411,0,278,85,18,27,0.87,2
412,0,278,85,18,26,0.87,2
413,0,278,85,18,26,0.87,2
414,0,278,85,18,26,0.87,2
415,0,278,85,18,26,0.87,2
416,0,278,85,18,26,0.87,2
417,0,278,85,18,26,0.87,2
418,0,278,85,18,27,0.87,2
419,0,278,85,18,26,0.87,2
420,0,278,85,18,26,0.87,2
421,0,278,85,18,26,0.87,2
422,0,278,85,19,26,0.87,2
423,0,278,85,19,26,0.87,2
424,0,278,85,19,26,0.87,2
425,0,278,85,19,26,0.87,2
426,0,278,85,19,26,0.87,2
427,0,278,85,19,27,0.87,2
428,0,277,85,20,27,0.87,2
429,0,277,85,20,27,0.87,2
430,0,277,85,20,27,0.87,2
431,0,276,85,20,27,0.87,2
432,0,276,85,20,27,0.87,2
433,0,276,85,20,27,0.87,2
434,0,276,85,20,27,0.87,2
435,0,276,85,20,27,0.87,2
436,0,276,85,20,27,0.87,2
437,0,276,85,20,27,0.87,2
438,0,276,85,20,27,0.87,2
439,0,276,85,20,27,0.87,2
440,0,277,86,20,26,0.87,2
441,0,277,85,20,27,0.87,2
442,0,276,86,20,27,0.87,2
443,0,276,85,20,27,0.87,2
444,0,276,85,20,27,0.87,2
445,0,276,85,20,27,0.88,2
446,0,276,85,20,27,0.88,2
447,0,276,85,20,27,0.88,2
448,0,276,85,20,27,0.88,2
449,0,276,85,20,27,0.88,2
450,0,276,85,20,27,0.87,2
451,0,276,85,20,27,0.87,2
452,0,276,86,20,26,0.87,2
453,0,276,86,20,26,0.87,2
454,0,276,86,20,26,0.87,2
455,0,276,86,20,26,0.87,2
456,0,276,86,20,27,0.87,2
457,0,276,86,20,27,0.87,2
458,0,276,86,20,26,0.87,2
459,0,276,86,19,26,0.87,2
460,0,276,86,19,26,0.87,2
461,0,276,86,19,26,0.87,2
462,0,276,86,20,26,0.87,2
463,0,276,87,19,26,0.87,2
464,0,276,87,19,26,0.87,2
465,0,276,87,19,26,0.87,2
466,0,276,87,19,26,0.87,2
467,0,276,87,19,26,0.87,2
468,0,276,87,19,26,0.87,2
469,0,276,87,19,26,0.87,2
470,0,276,87,19,26,0.87,2
471,0,276,87,19,26,0.87,2
472,0,276,86,19,26,0.87,2
473,0,276,86,19,26,0.87,2
474,0,276,86,19,26,0.87,2
475,0,276,87,19,26,0.87,2
476,0,276,87,19,26,0.87,2
477,0,276,87,19,26,0.87,2
478,0,276,87,19,26,0.87,2
479,0,276,87,19,26,0.87,2
480,0,276,87,19,26,0.87,2
481,0,276,87,19,26,0.87,2
482,0,276,87,18,26,0.87,2
483,0,276,87,19,26,0.87,2
484,0,276,87,18,26,0.87,2
485,0,276,87,19,26,0.87,2
486,0,276,87,19,26,0.87,2
487,0,276,87,19,26,0.87,2
488,0,276,87,18,26,0.87,2
489,0,276,87,19,26,0.87,2
490,0,276,87,18,26,0.87,2
491,0,276,87,18,26,0.87,2
492,0,276,86,19,27,0.87,2
493,0,276,86,19,27,0.87,2
494,0,276,86,19,27,0.86,2
495,0,276,86,19,27,0.86,2
496,0,276,86,19,28,0.86,2
497,0,276,86,19,27,0.86,2
498,0,276,86,19,27,0.86,2
499,0,276,86,19,27,0.86,2
500,0,276,86,19,27,0.86,2
501,0,276,86,19,27,0.86,2
502,0,276,86,19,27,0.86,2
503,0,276,86,19,27,0.86,2
504,0,276,86,19,27,0.86,2
505,0,276,86,19,27,0.86,2
506,0,276,86,19,27,0.86,2
507,0,276,86,19,27,0.86,2
508,0,276,86,19,27,0.86,2
509,0,276,86,19,27,0.86,2
510,0,276,86,19,28,0.86,2
511,0,276,86,19,28,0.86,2
512,0,276,86,19,28,0.86,2
513,0,276,86,19,28,0.86,2
514,0,276,85,19,28,0.86,2
515,0,276,86,19,28,0.86,2
516,0,276,86,19,28,0.86,2
517,0,276,86,19,28,0.86,2
518,0,276,86,19,28,0.86,2
519,0,276,86,19,28,0.86,2
520,0,276,86,19,28,0.86,2
521,0,276,86,19,28,0.86,2
522,0,276,86,19,28,0.86,2
523,0,276,86,19,28,0.87,2
524,0,276,86,19,28,0.87,2
525,0,276,86,19,28,0.87,2
526,0,276,86,19,28,0.87,2
527,0,276,86,19,28,0.87,2
528,0,276,86,19,28,0.87,2
529,0,276,86,19,28,0.87,2
530,0,276,86,19,27,0.87,2
531,0,276,86,19,27,0.87,2
532,0,276,86,19,28,0.87,2
533,0,276,86,19,28,0.87,2
534,0,276,86,19,28,0.87,2
535,0,276,86,19,28,0.87,2
536,0,276,86,19,28,0.87,2
537,0,276,86,19,28,0.87,2
538,0,276,86,19,28,0.87,2
539,0,276,86,19,28,0.87,2
540,0,276,86,19,28,0.87,2
541,0,276,86,19,28,0.87,2
542,0,276,86,19,28,0.87,2
543,0,276,86,19,28,0.87,2
544,0,276,86,19,28,0.87,2
545,0,276,86,19,28,0.87,2
546,0,276,86,19,28,0.87,2
547,0,276,86,19,28,0.87,2
548,0,276,86,19,28,0.87,2
549,0,276,86,19,28,0.87,2
550,0,276,86,19,28,0.87,2
551,0,276,86,19,28,0.87,2
552,0,276,86,19,28,0.88,2
553,0,276,86,20,27,0.88,2
554,0,276,86,20,28,0.88,2
555,0,276,86,20,28,0.88,2
556,0,276,86,20,28,0.87,2
557,0,276,86,20,28,0.88,2
558,0,276,86,20,28,0.88,2
559,0,276,86,20,28,0.87,2
560,0,276,86,20,28,0.87,2
561,0,276,86,20,28,0.87,2
562,0,276,86,19,28,0.87,2
563,0,276,86,19,28,0.87,2
564,0,276,86,19,28,0.87,2
565,0,276,86,19,28,0.87,2
566,0,276,86,19,28,0.87,2
567,0,276,86,20,28,0.87,2
568,0,276,86,20,28,0.87,2
569,0,276,86,20,28,0.87,2
570,0,276,86,20,28,0.87,2
571,0,276,86,20,28,0.87,2
572,0,276,86,20,28,0.87,2
573,0,276,86,20,28,0.87,2
574,0,276,86,20,27,0.87,2
575,0,276,86,20,28,0.87,2
576,0,276,86,20,27,0.87,2
577,0,276,86,20,28,0.87,2
578,0,275,86,20,28,0.87,2
579,0,275,86,20,28,0.87,2
580,0,275,86,20,28,0.88,2
581,0,275,86,20,28,0.88,2
582,0,275,86,20,28,0.88,2
583,0,275,87,20,28,0.88,2
584,0,276,87,20,28,0.88,2
585,0,276,87,20,28,0.88,2
586,0,275,86,20,28,0.88,2
587,0,275,86,20,28,0.88,2
588,0,275,86,20,28,0.88,2
589,0,275,86,20,28,0.88,2
590,0,275,86,20,28,0.88,2
591,0,275,86,20,28,0.88,2
592,0,275,86,20,28,0.88,2
593,0,275,86,20,28,0.88,2
594,0,275,86,20,28,0.88,2
595,0,275,86,20,28,0.88,2
596,0,275,86,20,28,0.87,2
597,0,275,86,20,28,0.87,2
598,0,275,86,20,28,0.87,2
599,0,275,86,20,28,0.87,2
600,0,275,86,20,28,0.87,2
601,0,275,86,20,28,0.87,2
602,0,275,86,20,28,0.87,2
603,0,275,86,20,28,0.87,2
604,0,275,86,20,28,0.87,2
605,0,275,86,20,28,0.87,2
606,0,275,86,20,28,0.87,2
607,0,275,86,20,28,0.87,2
608,0,275,86,20,28,0.87,2
609,0,275,86,20,28,0.87,2
610,0,275,86,20,28,0.87,2
611,0,275,86,20,28,0.87,2
612,0,274,86,20,29,0.87,2
613,0,274,86,20,29,0.87,2
614,0,274,85,20,29,0.86,2
615,0,274,85,20,29,0.87,2
616,0,274,86,20,29,0.87,2
617,0,274,86,20,29,0.87,2
618,0,274,86,20,29,0.87,2
619,0,274,86,20,29,0.87,2
620,0,274,86,20,29,0.87,2
621,0,274,86,20,29,0.87,2
622,0,275,86,20,29,0.86,2
623,0,275,86,20,29,0.86,2
624,0,274,86,20,28,0.86,2
625,0,274,86,20,28,0.86,2
626,0,274,86,20,28,0.86,2
627,0,274,86,20,28,0.86,2
628,0,274,86,20,28,0.86,2
629,0,275,86,20,28,0.86,2
630,0,275,86,20,28,0.86,2
631,0,274,86,20,28,0.86,2
632,0,275,86,19,28,0.86,2
633,0,275,86,19,28,0.86,2
634,0,275,86,19,28,0.86,2
635,0,275,86,19,28,0.86,2
636,0,275,86,19,28,0.86,2
637,0,275,86,19,28,0.86,2
638,0,275,86,20,28,0.86,2
639,0,275,86,20,29,0.86,2
640,0,275,86,20,28,0.86,2
641,0,275,86,20,29,0.86,2
642,0,275,86,20,29,0.86,2
643,0,275,85,20,29,0.85,2
644,0,275,85,20,29,0.85,2
645,0,275,85,20,29,0.85,2
646,0,275,85,20,29,0.85,2
647,0,275,85,20,29,0.85,2
648,0,275,85,20,29,0.85,2
649,0,275,85,20,29,0.85,2
650,0,275,84,20,30,0.84,2
651,0,275,84,20,30,0.84,2
652,0,276,84,19,30,0.86,2
653,0,275,84,20,30,0.86,2
654,0,275,84,20,30,0.86,2
655,0,275,84,20,30,0.86,2
656,0,275,84,20,30,0.86,2
657,0,275,85,20,29,0.86,2
658,0,275,84,20,30,0.87,2
659,0,275,85,20,29,0.87,2
660,0,275,85,20,29,0.87,2
661,0,275,85,20,29,0.87,2
662,0,275,85,20,29,0.86,2
663,0,275,85,20,29,0.87,2
664,0,275,85,20,29,0.87,2
665,0,275,85,20,29,0.87,2
666,0,276,85,20,29,0.87,2
667,0,276,85,19,29,0.87,2
668,0,276,85,19,29,0.87,2
669,0,276,85,19,29,0.87,2
670,0,276,85,19,29,0.87,2
671,0,276,85,19,29,0.87,2
672,0,276,86,19,27,0.88,2
673,0,276,86,19,27,0.88,2
674,0,276,87,19,27,0.88,2
675,0,276,87,19,27,0.88,2
676,0,276,87,19,27,0.87,2
677,0,276,87,19,27,0.87,2
678,0,276,87,18,27,0.87,2
679,0,276,87,18,27,0.87,2
680,0,276,87,18,27,0.87,2
681,0,276,87,19,27,0.87,2
682,0,276,87,18,27,0.87,2
683,0,276,87,19,27,0.87,2
684,0,276,87,19,27,0.87,2
685,0,276,87,19,27,0.87,2
686,0,276,87,18,27,0.87,2
687,0,276,87,18,27,0.87,2
688,0,276,87,18,27,0.87,2
689,0,276,87,18,27,0.87,2
690,0,276,87,19,27,0.87,2
691,0,276,87,18,27,0.87,2
692,0,276,86,19,27,0.87,2
693,0,276,86,19,27,0.87,2
694,0,276,86,19,27,0.87,2
695,0,276,86,19,28,0.86,2
696,0,276,86,19,28,0.86,2
697,0,276,86,19,28,0.86,2
698,0,276,86,19,28,0.86,2
699,0,276,86,19,28,0.86,2
700,0,276,86,19,28,0.86,2
701,0,276,86,20,28,0.86,2
702,0,276,86,19,28,0.86,2
703,0,276,86,20,28,0.86,2
704,0,276,86,19,28,0.86,2
705,0,276,86,19,28,0.86,2
706,0,276,86,19,28,0.86,2
707,0,276,86,19,28,0.86,2
708,0,276,86,19,28,0.86,2
709,0,276,86,19,28,0.86,2
710,0,276,86,19,28,0.86,2
711,0,276,86,19,28,0.86,2
712,0,276,86,19,28,0.86,2
713,0,276,86,19,28,0.86,2
714,0,277,85,18,28,0.86,2
715,0,276,86,19,28,0.86,2
716,0,277,86,18,28,0.86,2
717,0,277,86,19,28,0.86,2
718,0,277,86,19,28,0.86,2
719,0,277,86,19,28,0.86,2
720,0,277,86,19,28,0.86,2
721,0,277,86,19,28,0.86,2
722,0,277,86,19,28,0.86,2
723,0,277,86,19,28,0.86,2
724,0,277,85,19,28,0.86,2
725,0,277,85,19,28,0.86,2
726,0,277,85,19,28,0.87,2
727,0,277,85,19,28,0.87,2
728,0,277,85,19,28,0.87,2
729,0,277,85,19,28,0.87,2
730,0,277,85,19,28,0.87,2
731,0,277,85,19,28,0.87,2
732,0,277,85,19,28,0.87,2
733,0,277,85,19,28,0.87,2
734,0,277,84,19,29,0.86,2
735,0,277,84,19,29,0.86,2
736,0,277,84,19,29,0.86,2
737,0,277,84,19,29,0.86,2
738,0,277,84,19,29,0.86,2
739,0,277,84,19,29,0.86,2
740,0,277,84,19,29,0.86,2
741,0,277,84,19,29,0.86,2
742,0,277,84,19,28,0.86,2
743,0,277,84,19,28,0.86,2
744,0,277,84,19,28,0.86,2
745,0,277,84,19,28,0.86,2
746,0,277,84,19,28,0.86,2
747,0,277,84,19,28,0.86,2
748,0,277,84,19,28,0.86,2
749,0,277,84,19,28,0.86,2
750,0,277,84,19,28,0.86,2
751,0,277,84,19,28,0.86,2
752,0,277,85,20,28,0.86,2
753,0,277,85,19,28,0.87,2
754,0,277,85,19,28,0.87,2
755,0,277,85,19,28,0.87,2
756,0,277,85,19,28,0.87,2
757,0,277,85,19,28,0.87,2
758,0,276,85,20,28,0.87,2
759,0,276,85,20,28,0.87,2
760,0,276,85,20,28,0.87,2
761,0,276,85,20,28,0.87,2
762,0,276,85,20,28,0.87,2
763,0,276,85,20,28,0.87,2
764,0,276,85,20,28,0.87,2
765,0,276,85,20,28,0.87,2
766,0,276,85,20,28,0.87,2
767,0,276,85,20,28,0.87,2
768,0,276,85,19,28,0.87,2
769,0,276,85,19,28,0.87,2
770,0,276,86,19,28,0.87,2
771,0,276,86,19,28,0.87,2
772,0,276,86,19,27,0.87,2
773,0,276,86,19,27,0.87,2
774,0,276,86,19,27,0.87,2
775,0,276,86,19,27,0.87,2
776,0,276,86,19,27,0.87,2
777,0,276,86,19,27,0.87,2
778,0,276,86,19,27,0.87,2
779,0,276,86,19,27,0.87,2
780,0,276,86,19,27,0.87,2
781,0,276,86,19,27,0.87,2
782,0,276,86,19,27,0.88,2
783,0,276,86,19,27,0.88,2
784,0,276,86,19,27,0.88,2
785,0,276,86,19,27,0.88,2
786,0,276,86,19,27,0.88,2
787,0,276,86,19,27,0.88,2
788,0,276,86,19,27,0.88,2
789,0,276,87,19,27,0.88,2
790,0,276,87,19,27,0.88,2
791,0,276,87,19,27,0.88,2
792,0,276,87,20,27,0.88,2
793,0,276,87,20,27,0.88,2
794,0,276,87,19,27,0.88,2
795,0,276,87,19,27,0.88,2
796,0,276,87,20,27,0.88,2
797,0,276,87,20,27,0.88,2
798,0,276,87,20,27,0.88,2
799,0,276,87,19,27,0.88,2
800,0,276,87,19,27,0.88,2
801,0,276,87,19,27,0.88,2
802,0,276,87,19,27,0.88,2
803,0,276,87,19,28,0.88,2
804,0,276,87,19,28,0.88,2
805,0,276,87,19,28,0.88,2
806,0,276,87,19,28,0.88,2
807,0,276,87,19,28,0.88,2
808,0,276,87,19,28,0.88,2
809,0,276,87,19,28,0.88,2
810,0,276,87,19,28,0.88,2
811,0,276,87,19,28,0.88,2
812,0,276,87,19,28,0.88,2
813,0,276,87,19,28,0.88,2
814,0,276,87,19,28,0.88,2
815,0,276,87,19,28,0.88,2
816,0,276,87,19,28,0.88,2
817,0,276,87,19,28,0.88,2
818,0,276,87,20,28,0.88,2
819,0,275,87,20,28,0.88,2
820,0,275,87,20,28,0.88,2
821,0,275,87,20,28,0.88,2
822,0,275,87,20,28,0.88,2
823,0,275,87,20,28,0.88,2
824,0,275,87,20,28,0.88,2
825,0,275,87,20,28,0.88,2
826,0,275,87,20,28,0.88,2
827,0,275,87,20,28,0.88,2
828,0,275,87,20,28,0.88,2
829,0,275,87,20,28,0.88,2
830,0,275,87,19,28,0.88,2
831,0,275,87,19,28,0.88,2
832,0,274,87,20,28,0.88,2
833,0,274,87,20,28,0.88,2
834,0,275,87,19,28,0.88,2
835,0,275,87,19,28,0.88,2
836,0,275,87,19,28,0.88,2
837,0,275,87,19,28,0.88,2
838,0,275,87,19,28,0.88,2
839,0,275,87,19,28,0.88,2
840,0,275,88,19,28,0.88,2
841,0,275,88,20,28,0.88,2
842,0,275,88,20,28,0.88,2
843,0,275,88,20,28,0.88,2
844,0,275,88,20,28,0.88,2
845,0,275,88,19,28,0.88,2
846,0,275,88,19,28,0.88,2
847,0,275,88,19,28,0.87,2
848,0,275,88,19,28,0.87,2
849,0,275,88,19,28,0.87,2
850,0,275,88,19,28,0.87,2
851,0,275,88,19,28,0.87,2
852,0,275,88,20,28,0.87,2
853,0,275,88,20,28,0.88,2
854,0,275,88,20,28,0.88,2
855,0,275,88,20,28,0.88,2
856,0,275,88,20,28,0.88,2
857,0,275,88,20,28,0.88,2
858,0,275,88,20,28,0.88,2
859,0,275,88,20,28,0.88,2
860,0,275,88,20,28,0.88,2
861,0,275,88,20,28,0.88,2
862,0,275,88,20,28,0.88,2
863,0,275,88,20,28,0.88,2
864,0,275,88,20,28,0.88,2
865,0,275,88,20,28,0.88,2
866,0,276,88,19,28,0.88,2
867,0,276,88,19,28,0.88,2
868,0,276,88,19,28,0.88,2
869,0,276,88,19,28,0.88,2
870,0,276,88,19,28,0.88,2
871,0,276,88,19,28,0.88,2
872,0,274,88,20,28,0.87,2
873,0,274,88,20,28,0.87,2
874,0,274,88,20,28,0.87,2
875,0,274,88,20,28,0.87,2
876,0,274,88,20,28,0.87,2
877,0,274,88,20,28,0.87,2
878,0,275,88,19,28,0.87,2
879,0,275,88,19,28,0.87,2
880,0,275,88,19,28,0.87,2
881,0,275,88,19,28,0.87,2
882,0,275,88,19,28,0.87,2
883,0,275,88,19,28,0.87,2
884,0,275,88,19,28,0.87,2
885,0,275,88,19,28,0.87,2
886,0,275,88,19,28,0.87,2
887,0,275,88,19,28,0.87,2
888,0,275,88,19,28,0.87,2
889,0,275,88,19,28,0.87,2
890,0,275,88,19,28,0.88,2
891,0,275,88,19,28,0.88,2
892,0,274,88,20,28,0.88,2
893,0,274,88,20,28,0.88,2
894,0,274,88,20,28,0.88,2
895,0,274,88,20,28,0.88,2
896,0,274,88,20,28,0.88,2
897,0,274,88,20,28,0.88,2
898,0,274,88,20,28,0.87,2
899,0,274,88,20,28,0.87,2
900,0,274,88,20,28,0.87,2
901,0,274,88,20,28,0.87,2
902,0,274,88,20,29,0.87,2
41,1,296,78,13,18,0.89,2
42,1,296,78,13,18,0.89,2
43,1,296,78,13,18,0.89,2
44,1,296,78,13,18,0.89,2
45,1,296,78,13,18,0.89,2
46,1,296,78,13,18,0.89,2
47,1,296,78,13,18,0.89,2
48,1,296,78,13,18,0.89,2
49,1,296,78,13,18,0.89,2
50,1,296,78,13,18,0.89,2
51,1,296,78,13,18,0.89,2
52,1,296,78,13,18,0.89,2
53,1,296,78,13,18,0.89,2
54,1,296,78,13,18,0.89,2
55,1,296,78,13,18,0.89,2
56,1,296,78,13,18,0.89,2
57,1,296,78,13,18,0.89,2
58,1,296,78,13,18,0.89,2
59,1,296,78,13,18,0.89,2
60,1,296,78,13,18,0.89,2
61,1,296,78,13,18,0.89,2
62,1,296,78,13,18,0.89,2
63,1,296,78,13,18,0.89,2
64,1,296,78,13,18,0.89,2
65,1,296,78,13,18,0.89,2
66,1,296,78,13,18,0.89,2
67,1,296,78,13,18,0.89,2
68,1,296,78,13,18,0.89,2
69,1,296,78,13,18,0.89,2
70,1,296,78,13,18,0.89,2
71,1,296,78,13,18,0.89,2
72,1,296,78,13,18,0.89,2
73,1,296,78,13,18,0.89,2
74,1,296,78,13,18,0.89,2
75,1,296,78,13,18,0.89,2
76,1,296,78,13,18,0.89,2
77,1,296,78,13,18,0.89,2
78,1,296,78,13,18,0.89,2
79,1,296,78,13,18,0.89,2
80,1,296,78,13,18,0.89,2
81,1,296,78,13,18,0.89,2
82,1,296,78,13,18,0.89,2
83,1,296,78,13,18,0.89,2
84,1,296,78,13,18,0.89,2
85,1,296,78,13,18,0.89,2
86,1,296,78,13,18,0.89,2
87,1,296,78,13,18,0.89,2
88,1,296,78,13,18,0.89,2
89,1,296,78,13,18,0.89,2
90,1,296,78,13,18,0.89,2
91,1,296,78,13,18,0.89,2
92,1,296,78,13,18,0.89,2
93,1,296,78,13,18,0.89,2
94,1,296,78,13,18,0.89,2
95,1,296,78,13,18,0.89,2
96,1,296,78,13,18,0.89,2
97,1,296,78,13,18,0.89,2
98,1,296,78,13,18,0.89,2
99,1,296,78,13,18,0.89,2
100,1,296,78,13,18,0.89,2
101,1,296,78,13,18,0.89,2
102,1,296,78,13,18,0.89,2
103,1,296,78,13,18,0.89,2
104,1,296,78,13,18,0.89,2
105,1,296,78,13,18,0.89,2
106,1,296,78,13,18,0.89,2
107,1,296,78,13,18,0.89,2
108,1,296,78,13,18,0.89,2
109,1,296,78,13,18,0.89,2
110,1,296,78,13,18,0.89,2
111,1,296,78,13,18,0.89,2
112,1,296,78,13,18,0.89,2
113,1,296,78,13,18,0.89,2
114,1,296,78,13,18,0.89,2
115,1,296,78,13,18,0.89,2
116,1,296,78,13,18,0.89,2
117,1,296,78,13,18,0.89,2
118,1,296,78,13,18,0.89,2
119,1,296,78,13,18,0.89,2
120,1,296,78,13,18,0.89,2
121,1,296,78,13,18,0.89,2
122,1,296,78,13,18,0.89,2
123,1,296,78,13,18,0.89,2
124,1,296,78,13,18,0.89,2
125,1,296,78,13,18,0.89,2
126,1,296,78,13,18,0.89,2
127,1,296,78,13,18,0.89,2
128,1,296,78,13,18,0.89,2
129,1,296,78,13,18,0.89,2
130,1,296,78,13,18,0.89,2
131,1,296,78,13,18,0.89,2
132,1,296,78,13,18,0.89,2
133,1,296,78,13,18,0.89,2
134,1,296,78,13,18,0.89,2
135,1,296,78,13,18,0.89,2
136,1,296,78,13,18,0.89,2
137,1,296,78,13,18,0.89,2
138,1,296,78,13,18,0.89,2
139,1,296,78,13,18,0.89,2
140,1,296,78,13,18,0.89,2
141,1,296,78,13,18,0.89,2
142,1,296,78,13,18,0.89,2
143,1,296,78,13,18,0.89,2
144,1,296,78,13,18,0.89,2
145,1,296,78,13,18,0.89,2
146,1,296,78,13,18,0.89,2
147,1,296,78,13,18,0.89,2
148,1,296,78,13,18,0.89,2
149,1,296,78,13,18,0.89,2
150,1,296,78,13,18,0.89,2
151,1,296,78,13,18,0.89,2
152,1,296,78,13,18,0.89,2
153,1,296,78,13,18,0.89,2
154,1,296,78,13,18,0.89,2
155,1,296,78,13,18,0.89,2
156,1,296,78,13,18,0.89,2
157,1,296,78,13,18,0.89,2
158,1,296,78,13,18,0.89,2
159,1,296,78,13,18,0.89,2
160,1,296,78,13,18,0.89,2
161,1,296,78,13,18,0.89,2
162,1,296,78,13,18,0.89,2
163,1,296,78,13,18,0.89,2
164,1,296,78,13,18,0.89,2
165,1,296,78,13,18,0.89,2
166,1,296,78,13,18,0.89,2
167,1,296,78,13,18,0.89,2
168,1,296,78,13,18,0.89,2
169,1,296,78,13,18,0.89,2
170,1,296,78,13,18,0.89,2
171,1,296,78,13,18,0.89,2
172,1,296,78,13,18,0.89,2
173,1,296,78,13,18,0.89,2
174,1,296,78,13,18,0.89,2
175,1,296,78,13,18,0.89,2
176,1,296,78,13,18,0.89,2
177,1,296,78,13,18,0.89,2
178,1,296,78,13,18,0.89,2
179,1,296,78,13,18,0.89,2
180,1,296,78,13,18,0.89,2
181,1,296,78,13,18,0.89,2
182,1,296,78,13,18,0.89,2
183,1,296,78,13,18,0.89,2
184,1,296,78,13,18,0.89,2
185,1,296,78,13,18,0.89,2
186,1,296,78,13,18,0.89,2
187,1,296,78,13,18,0.89,2
188,1,296,78,13,18,0.89,2
189,1,296,78,13,18,0.89,2
190,1,296,78,13,18,0.89,2
191,1,296,78,13,18,0.89,2
192,1,296,78,13,18,0.89,2
193,1,296,78,13,18,0.89,2
194,1,296,78,13,18,0.89,2
195,1,296,78,13,18,0.89,2
196,1,296,78,13,18,0.89,2
197,1,296,78,13,18,0.89,2
198,1,296,78,13,18,0.89,2
199,1,296,78,13,18,0.89,2
200,1,296,78,13,18,0.89,2
201,1,296,78,13,18,0.89,2
202,1,296,78,13,18,0.89,2
203,1,296,78,13,18,0.89,2
204,1,296,78,13,18,0.89,2
205,1,296,78,13,18,0.89,2
206,1,296,78,13,18,0.89,2
207,1,296,78,13,18,0.89,2
208,1,296,78,13,18,0.89,2
209,1,296,78,13,18,0.89,2
210,1,296,78,13,18,0.89,2
211,1,296,78,13,18,0.89,2
212,1,296,78,13,18,0.89,2
213,1,296,78,13,18,0.89,2
214,1,296,78,13,18,0.89,2
215,1,296,78,13,18,0.89,2
216,1,296,78,13,18,0.89,2
217,1,296,78,13,18,0.89,2
218,1,296,78,13,18,0.89,2
219,1,296,78,13,18,0.89,2
220,1,296,78,13,18,0.89,2
221,1,296,78,13,18,0.89,2
222,1,296,78,13,18,0.89,2
223,1,296,78,13,18,0.89,2
224,1,296,78,13,18,0.89,2
225,1,296,78,13,18,0.89,2
226,1,296,78,13,18,0.89,2
227,1,296,78,13,18,0.89,2
228,1,296,78,13,18,0.89,2
229,1,296,78,13,18,0.89,2
230,1,296,78,13,18,0.89,2
231,1,296,78,13,18,0.89,2
232,1,296,78,13,18,0.89,2
233,1,296,78,13,18,0.89,2
234,1,296,78,13,18,0.89,2
235,1,296,78,13,18,0.89,2
236,1,296,78,13,18,0.89,2
237,1,296,78,13,18,0.89,2
238,1,296,78,13,18,0.89,2
239,1,296,78,13,18,0.89,2
240,1,296,78,13,18,0.89,2
241,1,296,78,13,18,0.89,2
242,1,296,78,13,18,0.89,2
243,1,296,78,13,18,0.89,2
244,1,296,78,13,18,0.89,2
245,1,296,78,13,18,0.89,2
246,1,296,78,13,18,0.89,2
247,1,296,78,13,18,0.89,2
248,1,296,78,13,18,0.89,2
249,1,296,78,13,18,0.89,2
250,1,296,78,13,18,0.89,2
251,1,296,78,13,18,0.89,2
252,1,296,78,13,18,0.89,2
253,1,296,78,13,18,0.89,2
254,1,296,78,13,18,0.89,2
255,1,296,78,13,18,0.89,2
256,1,296,78,13,18,0.89,2
257,1,296,78,13,18,0.89,2
258,1,296,78,13,18,0.89,2
259,1,296,78,13,18,0.89,2
260,1,296,78,13,18,0.89,2
261,1,296,78,13,18,0.89,2
262,1,296,78,13,18,0.89,2
263,1,296,78,13,18,0.89,2
264,1,296,78,13,18,0.89,2
265,1,296,78,13,18,0.89,2
266,1,296,78,13,18,0.89,2
267,1,296,78,13,18,0.89,2
268,1,296,78,13,18,0.89,2
269,1,296,78,13,18,0.89,2
270,1,296,78,13,18,0.89,2
271,1,296,78,13,18,0.89,2
272,1,296,78,13,18,0.89,2
273,1,296,78,13,18,0.89,2
274,1,296,78,13,18,0.89,2
275,1,296,78,13,18,0.89,2
276,1,296,78,13,18,0.89,2
277,1,296,78,13,18,0.89,2
278,1,296,78,13,18,0.89,2
279,1,296,78,13,18,0.89,2
280,1,296,78,13,18,0.89,2
281,1,296,78,13,18,0.89,2
282,1,296,78,13,18,0.89,2
283,1,296,78,13,18,0.89,2
284,1,296,78,13,18,0.89,2
285,1,296,78,13,18,0.89,2
286,1,296,78,13,18,0.89,2
287,1,296,78,13,18,0.89,2
288,1,296,78,13,18,0.89,2
289,1,296,78,13,18,0.89,2
290,1,296,78,13,18,0.89,2
291,1,296,78,13,18,0.89,2
292,1,296,78,13,18,0.89,2
293,1,296,78,13,18,0.89,2
294,1,296,78,13,18,0.89,2
295,1,296,78,13,18,0.89,2
296,1,296,78,13,18,0.89,2
297,1,296,78,13,18,0.89,2
298,1,296,78,13,18,0.89,2
299,1,296,78,13,18,0.89,2
300,1,296,78,13,18,0.89,2
301,1,296,78,13,18,0.89,2
302,1,296,78,12,18,0.89,2
303,1,296,78,12,18,0.89,2
304,1,296,78,12,18,0.89,2
305,1,296,78,12,18,0.89,2
306,1,296,78,12,18,0.89,2
307,1,297,78,12,18,0.89,2
308,1,297,78,12,18,0.89,2
309,1,297,78,12,18,0.89,2
310,1,296,78,12,18,0.89,2
311,1,297,78,12,18,0.89,2
312,1,297,78,12,18,0.88,2
313,1,296,78,12,18,0.88,2
314,1,296,78,12,18,0.88,2
315,1,296,78,12,18,0.88,2
316,1,296,78,12,18,0.88,2
317,1,296,78,12,18,0.88,2
318,1,296,78,12,18,0.88,2
319,1,296,77,12,18,0.88,2
320,1,296,77,13,18,0.88,2
321,1,296,77,13,18,0.88,2
322,1,296,77,12,18,0.88,2
323,1,296,77,12,18,0.88,2
324,1,296,77,12,18,0.88,2
325,1,296,77,12,18,0.88,2
326,1,296,78,12,18,0.88,2
327,1,296,78,12,18,0.88,2
328,1,296,78,12,18,0.88,2
329,1,296,78,12,18,0.88,2
330,1,296,78,12,18,0.88,2
331,1,296,78,12,18,0.88,2
332,1,296,77,12,18,0.88,2
333,1,296,77,12,18,0.88,2
334,1,296,77,12,18,0.88,2
335,1,296,77,12,18,0.88,2
336,1,296,77,12,18,0.88,2
337,1,296,77,12,18,0.88,2
338,1,296,78,12,18,0.88,2
339,1,296,78,12,18,0.88,2
340,1,296,78,12,18,0.88,2
341,1,296,78,12,18,0.88,2
342,1,296,77,12,18,0.88,2
343,1,296,77,12,18,0.88,2
344,1,296,77,12,18,0.88,2
345,1,296,77,12,18,0.88,2
346,1,296,77,12,18,0.88,2
347,1,296,77,12,18,0.88,2
348,1,296,77,12,18,0.88,2
349,1,296,77,12,18,0.88,2
350,1,296,77,12,18,0.88,2
351,1,296,77,12,18,0.88,2
352,1,296,76,12,19,0.87,2
353,1,296,77,12,19,0.87,2
354,1,296,77,12,19,0.87,2
355,1,296,77,12,19,0.87,2
356,1,296,77,12,18,0.88,2
357,1,296,77,12,18,0.88,2
358,1,296,77,12,18,0.88,2
359,1,296,77,12,18,0.88,2
360,1,296,77,12,18,0.88,2
361,1,296,77,12,18,0.88,2
362,1,296,77,12,18,0.88,2
363,1,296,77,12,18,0.88,2
364,1,296,77,12,18,0.88,2
365,1,296,77,12,18,0.88,2
366,1,296,77,12,18,0.88,2
367,1,296,77,12,18,0.88,2
368,1,296,77,12,18,0.88,2
369,1,296,77,12,18,0.88,2
370,1,296,77,12,18,0.87,2
371,1,296,77,12,18,0.87,2
372,1,296,77,12,18,0.87,2
373,1,296,77,12,18,0.87,2
374,1,296,78,12,18,0.87,2
375,1,296,78,12,18,0.87,2
376,1,296,77,12,18,0.87,2
377,1,296,77,12,18,0.87,2
378,1,296,77,12,18,0.88,2
379,1,296,78,12,18,0.88,2
380,1,297,78,12,18,0.88,2
381,1,297,78,12,18,0.88,2
382,1,297,78,12,18,0.88,2
383,1,296,78,12,18,0.88,2
384,1,296,78,12,18,0.88,2
385,1,296,77,12,18,0.88,2
386,1,296,78,12,18,0.88,2
387,1,296,78,12,18,0.88,2
388,1,296,78,12,18,0.88,2
389,1,296,78,12,18,0.88,2
390,1,296,78,12,18,0.88,2
391,1,296,78,12,18,0.88,2
392,1,296,78,12,18,0.88,2
393,1,296,77,12,18,0.88,2
394,1,296,77,12,18,0.88,2
395,1,296,77,12,18,0.88,2
396,1,296,78,12,18,0.88,2
397,1,296,78,12,18,0.88,2
398,1,296,78,12,18,0.88,2
399,1,296,78,12,18,0.88,2
400,1,296,78,12,18,0.88,2
401,1,296,78,12,18,0.88,2
402,1,296,78,12,18,0.88,2
403,1,296,78,12,18,0.88,2
404,1,296,78,12,18,0.88,2
405,1,296,78,12,18,0.88,2
406,1,296,78,12,18,0.88,2
407,1,296,78,12,18,0.88,2
408,1,296,78,12,18,0.88,2
409,1,296,78,12,18,0.88,2
410,1,296,78,12,18,0.88,2
411,1,296,78,12,18,0.88,2
412,1,296,78,12,18,0.88,2
413,1,296,78,12,18,0.88,2
414,1,296,78,12,18,0.88,2
415,1,296,78,12,18,0.88,2
416,1,296,78,12,18,0.88,2
417,1,296,78,12,18,0.88,2
418,1,296,78,12,18,0.88,2
419,1,296,78,12,18,0.88,2
420,1,296,78,12,18,0.88,2
421,1,296,78,12,18,0.88,2
422,1,297,78,12,18,0.87,2
423,1,297,78,12,18,0.87,2
424,1,296,78,12,18,0.87,2
425,1,296,78,12,18,0.88,2
426,1,296,78,12,18,0.88,2
427,1,296,78,12,18,0.88,2
428,1,296,78,12,18,0.88,2
429,1,296,78,12,18,0.87,2
430,1,296,78,12,18,0.87,2
431,1,296,78,12,18,0.87,2
432,1,296,77,12,18,0.88,2
433,1,296,77,12,18,0.88,2
434,1,296,77,12,18,0.88,2
435,1,296,77,12,18,0.87,2
436,1,296,77,12,18,0.87,2
437,1,296,77,12,18,0.87,2
438,1,296,77,12,18,0.87,2
439,1,296,77,12,18,0.87,2
440,1,296,78,12,18,0.87,2
441,1,296,78,12,18,0.87,2
442,1,296,78,12,18,0.87,2
443,1,296,78,12,18,0.88,2
444,1,296,78,12,18,0.88,2
445,1,296,78,12,18,0.88,2
446,1,296,77,12,18,0.88,2
447,1,296,77,12,18,0.88,2
448,1,296,78,12,18,0.88,2
449,1,296,77,12,18,0.88,2
450,1,296,77,12,18,0.88,2
451,1,296,77,12,18,0.88,2
452,1,295,76,13,19,0.87,2
453,1,296,77,12,19,0.87,2
454,1,296,77,13,19,0.87,2
455,1,296,76,13,20,0.87,2
456,1,296,77,12,19,0.87,2
457,1,296,77,12,19,0.87,2
458,1,295,76,13,20,0.87,2
459,1,295,76,13,20,0.87,2
460,1,295,76,13,20,0.87,2
461,1,295,76,13,20,0.87,2
462,1,296,76,13,20,0.87,2
463,1,296,76,13,20,0.87,2
464,1,296,76,13,20,0.87,2
465,1,296,76,13,20,0.87,2
466,1,296,76,12,20,0.87,2
467,1,296,76,12,20,0.87,2
468,1,296,76,12,20,0.87,2
469,1,296,76,12,20,0.87,2
470,1,296,76,12,20,0.87,2
471,1,296,76,12,20,0.86,2
472,1,296,77,12,19,0.86,2
473,1,296,76,12,19,0.86,2
474,1,296,76,12,20,0.86,2
475,1,296,76,12,20,0.86,2
476,1,296,77,12,20,0.86,2
477,1,296,77,12,20,0.86,2
478,1,296,77,12,19,0.86,2
479,1,296,77,12,19,0.86,2
480,1,296,77,12,19,0.85,2
481,1,296,77,12,19,0.85,2
482,1,296,77,12,19,0.84,2
483,1,296,77,12,19,0.84,2
484,1,296,77,12,19,0.83,2
485,1,296,77,12,19,0.84,2
486,1,296,77,11,19,0.82,2
487,1,296,77,12,18,0.82,2
488,1,296,77,12,18,0.83,2
489,1,296,77,12,18,0.83,2
490,1,296,77,12,18,0.83,2
491,1,296,77,12,18,0.83,2
492,1,296,77,12,18,0.82,2
493,1,296,77,12,18,0.81,2
494,1,296,76,12,19,0.78,2
495,1,296,77,12,19,0.80,2
496,1,296,77,12,19,0.80,2
497,1,296,77,12,19,0.82,2
498,1,296,77,12,19,0.83,2
499,1,296,77,12,19,0.83,2
500,1,295,77,13,19,0.84,2
501,1,296,77,12,19,0.85,2
502,1,295,77,13,19,0.86,2
503,1,295,77,13,19,0.86,2
504,1,295,77,13,19,0.85,2
505,1,295,77,13,19,0.85,2
506,1,296,77,13,19,0.85,2
507,1,296,77,13,19,0.85,2
508,1,296,77,13,19,0.85,2
509,1,296,77,13,18,0.85,2
510,1,296,77,13,18,0.86,2
511,1,296,77,13,19,0.86,2
512,1,296,77,13,19,0.86,2
513,1,296,78,13,18,0.86,2
514,1,296,78,13,18,0.86,2
515,1,296,78,13,19,0.87,2
516,1,296,78,13,18,0.88,2
517,1,296,78,13,18,0.88,2
518,1,296,78,12,18,0.87,2
519,1,296,77,12,19,0.87,2
520,1,296,77,13,19,0.88,2
521,1,296,77,13,19,0.88,2
522,1,296,77,13,19,0.88,2
523,1,296,77,13,19,0.87,2
524,1,296,77,13,19,0.87,2
525,1,296,77,13,19,0.88,2
526,1,296,77,13,19,0.88,2
527,1,296,77,13,19,0.88,2
528,1,296,77,13,19,0.88,2
529,1,296,77,13,19,0.88,2
530,1,296,77,13,19,0.87,2
531,1,296,77,13,19,0.87,2
532,1,296,77,13,19,0.87,2
533,1,296,77,13,19,0.87,2
534,1,296,77,13,20,0.87,2
535,1,296,77,13,20,0.87,2
536,1,296,77,13,19,0.87,2
537,1,296,77,13,19,0.87,2
538,1,296,77,13,19,0.87,2
539,1,296,77,13,19,0.87,2
540,1,296,77,13,19,0.87,2
541,1,296,77,13,20,0.87,2
542,1,296,77,13,20,0.87,2
543,1,296,77,13,20,0.87,2
544,1,296,77,13,20,0.87,2
545,1,296,77,13,20,0.87,2
546,1,296,77,13,19,0.87,2
547,1,296,77,13,19,0.87,2
548,1,296,77,13,19,0.87,2
549,1,296,77,13,19,0.87,2
550,1,296,77,13,19,0.87,2
551,1,296,77,13,19,0.87,2
552,1,296,77,13,19,0.87,2
553,1,296,77,13,19,0.87,2
554,1,296,77,13,19,0.87,2
555,1,296,77,13,19,0.87,2
556,1,296,77,13,20,0.87,2
557,1,296,77,13,20,0.87,2
558,1,296,77,13,20,0.87,2
559,1,296,77,13,20,0.87,2
560,1,296,77,13,20,0.87,2
561,1,296,77,13,20,0.87,2
562,1,296,77,13,19,0.87,2
563,1,296,77,13,19,0.87,2
564,1,296,77,13,19,0.87,2
565,1,296,77,13,19,0.87,2
566,1,296,78,12,19,0.88,2
567,1,296,78,12,19,0.88,2
568,1,296,78,12,19,0.88,2
569,1,296,78,12,19,0.88,2
570,1,296,78,12,19,0.88,2
571,1,296,78,12,19,0.88,2
572,1,296,78,12,18,0.88,2
573,1,296,78,12,18,0.88,2
574,1,296,78,12,18,0.87,2
575,1,296,78,13,18,0.87,2
576,1,296,78,12,18,0.87,2
577,1,296,78,12,18,0.87,2
578,1,296,78,12,19,0.87,2
579,1,296,78,12,19,0.87,2
580,1,296,78,12,19,0.87,2
581,1,296,78,12,19,0.87,2
582,1,296,78,12,19,0.87,2
583,1,296,78,12,19,0.87,2
584,1,296,78,12,19,0.88,2
585,1,296,78,12,19,0.88,2
586,1,296,78,12,18,0.88,2
587,1,296,78,12,18,0.88,2
588,1,296,78,12,18,0.88,2
589,1,296,78,12,18,0.88,2
590,1,296,77,12,19,0.88,2
591,1,296,77,12,19,0.88,2
592,1,296,77,12,19,0.88,2
593,1,296,77,12,19,0.88,2
594,1,296,77,12,19,0.88,2
595,1,296,77,12,19,0.88,2
596,1,296,77,12,19,0.88,2
597,1,296,77,12,19,0.88,2
598,1,296,77,12,19,0.88,2
599,1,296,77,12,19,0.88,2
600,1,296,77,12,19,0.87,2
601,1,296,77,12,19,0.88,2
602,1,296,78,12,18,0.87,2
603,1,296,78,12,18,0.87,2
604,1,296,78,12,18,0.87,2
605,1,296,78,12,18,0.87,2
606,1,296,78,12,18,0.87,2
607,1,296,78,12,18,0.87,2
608,1,296,78,12,18,0.87,2
609,1,296,78,12,18,0.87,2
610,1,296,78,12,18,0.87,2
611,1,296,78,12,18,0.87,2
612,1,296,78,12,18,0.86,2
613,1,296,78,12,18,0.86,2
614,1,296,78,12,18,0.86,2
615,1,296,78,12,18,0.86,2
616,1,296,78,12,18,0.86,2
617,1,296,78,12,19,0.86,2
618,1,296,78,12,18,0.86,2
619,1,296,78,12,19,0.85,2
620,1,296,78,12,18,0.86,2
621,1,296,78,12,18,0.86,2
622,1,296,78,12,18,0.84,2
623,1,296,78,12,18,0.84,2
624,1,296,78,12,18,0.84,2
625,1,296,78,12,18,0.84,2
626,1,296,77,12,19,0.83,2
627,1,296,77,12,19,0.82,2
628,1,296,77,12,19,0.82,2
629,1,296,77,12,19,0.82,2
630,1,296,77,12,19,0.82,2
631,1,296,77,12,19,0.82,2
632,1,296,77,12,19,0.82,2
633,1,296,77,12,19,0.82,2
634,1,296,77,12,19,0.83,2
635,1,296,77,12,19,0.83,2
636,1,296,77,12,19,0.81,2
637,1,296,77,12,19,0.81,2
638,1,296,77,12,19,0.79,2
639,1,296,77,12,19,0.79,2
640,1,296,77,12,19,0.80,2
641,1,296,77,12,19,0.79,2
642,1,296,77,12,19,0.79,2
643,1,295,77,13,19,0.80,2
644,1,296,77,12,19,0.81,2
645,1,296,77,12,19,0.81,2
646,1,296,77,12,19,0.82,2
647,1,295,77,13,19,0.82,2
648,1,295,77,13,19,0.82,2
649,1,295,77,13,19,0.83,2
650,1,295,78,13,19,0.82,2
651,1,295,77,13,19,0.83,2
652,1,295,77,13,18,0.85,2
653,1,295,77,13,19,0.86,2
654,1,295,77,13,19,0.86,2
655,1,295,77,13,19,0.87,2
656,1,295,77,13,19,0.87,2
657,1,295,77,13,19,0.87,2
658,1,295,77,13,19,0.88,2
659,1,295,77,13,19,0.88,2
660,1,295,77,13,19,0.88,2
661,1,295,77,13,19,0.88,2
662,1,295,77,13,19,0.88,2
663,1,296,77,13,19,0.88,2
664,1,295,77,13,19,0.88,2
665,1,295,77,13,19,0.88,2
666,1,296,77,13,19,0.88,2
667,1,296,77,13,19,0.88,2
668,1,295,77,13,19,0.88,2
669,1,296,77,13,19,0.88,2
670,1,296,77,13,19,0.87,2
671,1,295,77,13,19,0.87,2
672,1,295,77,13,19,0.86,2
673,1,295,77,13,19,0.86,2
674,1,296,77,13,19,0.86,2
675,1,295,77,13,19,0.85,2
676,1,296,77,13,19,0.86,2
677,1,295,77,13,19,0.86,2
678,1,295,77,13,19,0.86,2
679,1,295,77,13,19,0.86,2
680,1,295,77,13,19,0.86,2
681,1,295,77,13,19,0.86,2
682,1,295,77,13,19,0.86,2
683,1,295,77,13,19,0.86,2
684,1,295,77,13,19,0.86,2
685,1,295,77,13,19,0.86,2
686,1,296,77,12,19,0.86,2
687,1,296,77,13,19,0.86,2
688,1,296,77,12,19,0.86,2
689,1,296,77,12,19,0.86,2
690,1,296,77,12,19,0.86,2
691,1,296,77,12,19,0.86,2
692,1,296,77,13,19,0.85,2
693,1,296,77,13,19,0.85,2
694,1,296,77,13,19,0.85,2
695,1,296,78,13,19,0.86,2
696,1,296,78,13,19,0.87,2
697,1,296,78,13,19,0.86,2
698,1,296,78,13,18,0.87,2
699,1,296,78,13,19,0.87,2
700,1,296,78,13,19,0.86,2
701,1,296,78,13,19,0.86,2
702,1,296,78,13,19,0.87,2
703,1,296,78,13,19,0.86,2
704,1,296,78,13,19,0.86,2
705,1,296,78,13,19,0.86,2
706,1,296,78,13,19,0.86,2
707,1,296,78,13,19,0.86,2
708,1,296,78,13,19,0.86,2
709,1,296,78,13,19,0.86,2
710,1,296,78,13,18,0.86,2
711,1,296,78,13,18,0.86,2
712,1,296,78,13,18,0.87,2
713,1,296,78,13,18,0.87,2
714,1,296,78,13,18,0.87,2
715,1,296,78,13,18,0.87,2
716,1,296,78,13,19,0.87,2
717,1,296,78,13,19,0.87,2
718,1,296,78,13,19,0.87,2
719,1,296,78,13,19,0.87,2
720,1,296,78,13,19,0.87,2
721,1,296,78,13,19,0.87,2
722,1,296,77,12,19,0.87,2
723,1,296,77,13,19,0.87,2
724,1,296,77,13,19,0.87,2
725,1,296,77,13,19,0.87,2
726,1,296,77,13,19,0.88,2
727,1,296,77,13,19,0.87,2
728,1,296,77,13,19,0.88,2
729,1,296,78,13,18,0.88,2
730,1,296,78,13,18,0.88,2
731,1,296,78,13,18,0.88,2
732,1,296,78,12,18,0.88,2
733,1,296,78,12,18,0.88,2
734,1,296,78,12,18,0.88,2
735,1,296,78,12,18,0.88,2
736,1,296,78,12,18,0.88,2
737,1,296,78,12,18,0.88,2
738,1,296,78,12,18,0.88,2
739,1,296,78,12,18,0.88,2
740,1,296,78,12,18,0.88,2
741,1,296,78,12,18,0.88,2
742,1,296,78,12,18,0.88,2
743,1,296,78,13,18,0.88,2
744,1,296,78,12,18,0.88,2
745,1,296,78,13,18,0.88,2
746,1,296,78,12,18,0.88,2
747,1,296,78,12,18,0.88,2
748,1,296,78,12,18,0.88,2
749,1,296,78,12,18,0.88,2
750,1,296,78,12,18,0.88,2
751,1,296,78,12,18,0.88,2
752,1,296,77,13,19,0.87,2
753,1,296,77,13,19,0.88,2
754,1,296,77,13,19,0.88,2
755,1,296,77,13,19,0.88,2
756,1,296,77,12,19,0.87,2
757,1,296,77,12,19,0.88,2
758,1,296,77,12,19,0.88,2
759,1,296,77,12,19,0.88,2
760,1,296,77,12,19,0.88,2
761,1,296,77,12,19,0.88,2
762,1,296,77,12,19,0.88,2
763,1,296,77,12,19,0.88,2
764,1,296,77,12,19,0.88,2
765,1,296,77,12,19,0.88,2
766,1,296,77,12,19,0.88,2
767,1,296,77,12,19,0.88,2
768,1,296,77,12,19,0.88,2
769,1,296,77,12,19,0.88,2
770,1,296,77,12,19,0.88,2
771,1,296,77,12,19,0.88,2
772,1,296,77,12,19,0.88,2
773,1,296,77,12,19,0.88,2
774,1,296,77,12,19,0.88,2
775,1,296,77,12,19,0.88,2
776,1,296,77,12,19,0.88,2
777,1,296,77,12,19,0.88,2
778,1,296,77,12,19,0.88,2
779,1,296,77,12,19,0.88,2
780,1,296,77,12,19,0.88,2
781,1,296,77,12,19,0.88,2
782,1,296,77,12,19,0.88,2
783,1,296,77,13,19,0.88,2
784,1,296,77,13,19,0.88,2
785,1,296,77,13,19,0.88,2
786,1,296,77,13,19,0.88,2
787,1,296,77,13,19,0.88,2
788,1,296,77,13,19,0.88,2
789,1,296,77,13,19,0.88,2
790,1,296,77,13,19,0.88,2
791,1,296,77,13,19,0.88,2
792,1,296,77,13,19,0.88,2
793,1,296,77,13,19,0.88,2
794,1,296,77,13,19,0.88,2
795,1,296,77,13,19,0.88,2
796,1,296,77,13,19,0.88,2
797,1,296,77,13,19,0.88,2
798,1,296,77,13,19,0.88,2
799,1,296,77,13,19,0.88,2
800,1,296,77,13,19,0.88,2
801,1,296,77,13,19,0.88,2
802,1,296,77,13,19,0.88,2
803,1,296,77,13,19,0.88,2
804,1,296,77,13,19,0.88,2
805,1,296,77,13,19,0.88,2
806,1,296,77,13,19,0.88,2
807,1,296,77,13,19,0.88,2
808,1,296,77,13,19,0.88,2
809,1,296,77,13,19,0.88,2
810,1,296,77,13,19,0.88,2
811,1,296,77,13,19,0.88,2
812,1,296,77,13,19,0.88,2
813,1,296,77,13,19,0.88,2
814,1,296,77,13,19,0.88,2
815,1,296,77,13,19,0.88,2
816,1,296,77,13,19,0.88,2
817,1,296,77,13,19,0.88,2
818,1,296,77,13,19,0.88,2
819,1,296,77,13,19,0.88,2
820,1,296,77,13,19,0.88,2
821,1,296,77,13,19,0.88,2
822,1,296,77,13,19,0.88,2
823,1,296,77,13,19,0.88,2
824,1,296,77,13,19,0.88,2
825,1,296,77,13,19,0.88,2
826,1,296,77,13,20,0.88,2
827,1,296,77,13,20,0.88,2
828,1,296,77,13,20,0.88,2
829,1,296,77,13,20,0.88,2
830,1,296,77,13,20,0.87,2
831,1,296,77,13,20,0.87,2
832,1,296,77,13,19,0.88,2
833,1,296,77,13,19,0.88,2
834,1,296,77,13,19,0.87,2
835,1,296,77,13,19,0.88,2
836,1,296,77,13,19,0.88,2
837,1,296,77,13,19,0.88,2
838,1,296,77,13,19,0.88,2
839,1,296,77,13,19,0.87,2
840,1,296,77,13,19,0.87,2
841,1,296,77,13,19,0.87,2
842,1,296,77,13,19,0.87,2
843,1,296,77,13,19,0.87,2
844,1,296,77,13,19,0.87,2
845,1,296,77,13,19,0.87,2
846,1,296,77,13,19,0.87,2
847,1,296,77,13,19,0.87,2
848,1,296,77,13,19,0.87,2
849,1,296,77,13,19,0.87,2
850,1,296,77,13,19,0.87,2
851,1,296,77,13,19,0.87,2
852,1,296,77,14,20,0.87,2
853,1,296,77,13,20,0.87,2
854,1,296,77,13,20,0.87,2
855,1,296,77,13,20,0.87,2
856,1,296,77,13,20,0.87,2
857,1,296,77,13,20,0.87,2
858,1,296,77,13,20,0.87,2
859,1,296,77,13,20,0.87,2
860,1,296,77,13,20,0.87,2
861,1,296,77,13,20,0.87,2
862,1,296,77,13,20,0.87,2
863,1,296,77,13,20,0.87,2
864,1,296,77,13,20,0.87,2
865,1,296,77,13,20,0.87,2
866,1,296,77,14,20,0.87,2
867,1,296,77,14,20,0.87,2
868,1,296,77,14,20,0.87,2
869,1,296,76,14,20,0.87,2
870,1,296,77,14,20,0.87,2
871,1,296,77,14,20,0.87,2
872,1,296,76,14,20,0.87,2
873,1,296,76,13,20,0.87,2
874,1,296,76,13,20,0.87,2
875,1,296,76,13,20,0.87,2
876,1,296,76,13,20,0.87,2
877,1,296,76,13,20,0.87,2
878,1,296,77,13,20,0.87,2
879,1,296,77,13,20,0.87,2
880,1,296,77,13,20,0.87,2
881,1,296,77,13,20,0.87,2
882,1,296,77,13,20,0.87,2
883,1,296,77,13,20,0.87,2
884,1,296,77,13,20,0.87,2
885,1,296,77,13,20,0.87,2
886,1,296,77,13,20,0.87,2
887,1,296,77,13,20,0.87,2
888,1,296,77,13,20,0.87,2
889,1,296,77,13,20,0.87,2
890,1,296,77,13,20,0.87,2
891,1,296,77,13,20,0.87,2
892,1,296,77,13,20,0.87,2
893,1,296,77,13,20,0.87,2
894,1,296,77,13,20,0.87,2
895,1,296,77,13,20,0.87,2
896,1,296,77,13,20,0.87,2
897,1,296,77,13,20,0.87,2
898,1,296,77,13,20,0.87,2
899,1,296,77,13,20,0.87,2
900,1,296,77,13,20,0.87,2
901,1,296,77,13,20,0.87,2
902,1,296,77,13,20,0.87,2
