1,-1,370,101,24,40,0.88,7,-1,-1
2,-1,369,100,24,39,0.87,7,-1,-1
3,-1,368,98,23,38,0.88,7,-1,-1
4,-1,368,97,22,38,0.87,7,-1,-1
5,-1,368,96,22,37,0.87,7,-1,-1
6,-1,366,95,22,37,0.88,7,-1,-1
7,-1,367,94,21,36,0.88,7,-1,-1
8,-1,367,93,20,36,0.88,7,-1,-1
9,-1,366,93,20,34,0.87,7,-1,-1
10,-1,365,93,20,33,0.86,7,-1,-1
11,-1,366,91,19,33,0.87,7,-1,-1
12,-1,364,90,20,33,0.87,7,-1,-1
13,-1,364,90,20,31,0.87,7,-1,-1
14,-1,363,88,20,32,0.87,7,-1,-1
15,-1,363,88,19,30,0.86,7,-1,-1
16,-1,363,87,19,30,0.86,7,-1,-1
17,-1,362,85,19,31,0.86,7,-1,-1
18,-1,362,85,19,30,0.86,7,-1,-1
19,-1,361,84,18,30,0.86,7,-1,-1
20,-1,361,84,18,29,0.86,7,-1,-1
21,-1,361,83,18,28,0.83,7,-1,-1
22,-1,360,83,18,28,0.83,7,-1,-1
23,-1,360,82,17,27,0.78,7,-1,-1
24,-1,360,82,17,27,0.77,7,-1,-1
25,-1,360,81,17,27,0.78,7,-1,-1
26,-1,360,80,17,26,0.79,7,-1,-1
27,-1,458,262,166,260,0.91,7,-1,-1
27,-1,360,80,17,26,0.80,7,-1,-1
28,-1,450,248,146,229,0.91,7,-1,-1
28,-1,359,80,16,26,0.78,7,-1,-1
29,-1,440,228,125,210,0.93,7,-1,-1
29,-1,359,78,16,26,0.80,7,-1,-1
30,-1,435,218,114,191,0.94,7,-1,-1
30,-1,359,78,16,26,0.80,7,-1,-1
31,-1,426,204,104,170,0.93,7,-1,-1
31,-1,359,78,16,25,0.77,7,-1,-1
32,-1,423,196,95,159,0.94,7,-1,-1
32,-1,359,78,15,24,0.71,7,-1,-1
33,-1,417,184,84,145,0.93,7,-1,-1
33,-1,359,77,14,24,0.71,7,-1,-1
34,-1,414,178,80,136,0.92,7,-1,-1
34,-1,358,77,14,24,0.70,7,-1,-1
35,-1,409,169,73,124,0.93,7,-1,-1
35,-1,358,76,14,24,0.65,7,-1,-1
36,-1,406,164,68,118,0.93,7,-1,-1
36,-1,358,75,14,24,0.69,7,-1,-1
37,-1,402,156,64,110,0.92,7,-1,-1
37,-1,358,75,14,23,0.77,7,-1,-1
38,-1,399,152,62,106,0.91,7,-1,-1
38,-1,358,75,14,23,0.73,7,-1,-1
39,-1,396,146,56,99,0.92,7,-1,-1
39,-1,358,74,14,23,0.77,7,-1,-1
40,-1,394,142,54,94,0.91,7,-1,-1
40,-1,358,74,14,23,0.84,7,-1,-1
41,-1,392,137,51,90,0.92,7,-1,-1
41,-1,358,73,14,23,0.85,7,-1,-1
42,-1,390,134,50,86,0.92,7,-1,-1
42,-1,358,73,13,22,0.79,7,-1,-1
43,-1,388,129,46,82,0.91,7,-1,-1
43,-1,358,72,13,22,0.78,7,-1,-1
44,-1,386,127,45,80,0.90,7,-1,-1
44,-1,358,72,13,22,0.74,7,-1,-1
45,-1,384,123,42,76,0.90,7,-1,-1
45,-1,358,72,13,22,0.67,7,-1,-1
46,-1,383,120,40,75,0.91,7,-1,-1
46,-1,358,71,12,21,0.70,7,-1,-1
47,-1,381,117,40,72,0.91,7,-1,-1
47,-1,358,72,12,20,0.57,2,-1,-1
48,-1,380,114,38,70,0.90,7,-1,-1
48,-1,358,71,12,20,0.59,2,-1,-1
49,-1,378,111,36,67,0.90,7,-1,-1
49,-1,358,70,12,20,0.64,7,-1,-1
50,-1,377,110,36,65,0.90,7,-1,-1
50,-1,358,70,12,20,0.57,7,-1,-1
51,-1,375,107,34,62,0.90,7,-1,-1
51,-1,358,70,12,20,0.52,2,-1,-1
52,-1,374,105,33,61,0.91,7,-1,-1
52,-1,358,70,11,19,0.69,2,-1,-1
53,-1,373,103,32,59,0.90,7,-1,-1
53,-1,358,70,11,18,0.71,2,-1,-1
54,-1,372,101,32,58,0.90,7,-1,-1
54,-1,358,70,11,18,0.73,2,-1,-1
55,-1,372,99,30,56,0.90,7,-1,-1
55,-1,358,70,11,18,0.77,2,-1,-1
56,-1,370,98,30,55,0.90,7,-1,-1
56,-1,358,70,11,17,0.77,2,-1,-1
57,-1,369,96,30,53,0.90,7,-1,-1
57,-1,358,70,11,17,0.75,2,-1,-1
58,-1,369,95,29,52,0.90,7,-1,-1
58,-1,358,70,11,16,0.75,2,-1,-1
59,-1,368,93,28,50,0.89,7,-1,-1
59,-1,358,70,10,16,0.78,2,-1,-1
60,-1,368,92,28,50,0.89,7,-1,-1
60,-1,358,69,11,16,0.77,2,-1,-1
61,-1,366,91,27,47,0.88,7,-1,-1
61,-1,358,70,10,16,0.77,2,-1,-1
62,-1,366,90,26,46,0.89,7,-1,-1
62,-1,358,70,10,15,0.76,2,-1,-1
63,-1,366,89,24,44,0.88,7,-1,-1
63,-1,358,70,10,14,0.71,2,-1,-1
64,-1,365,89,24,43,0.89,7,-1,-1
64,-1,358,70,10,14,0.70,2,-1,-1
65,-1,364,87,24,42,0.88,7,-1,-1
65,-1,358,70,10,13,0.71,2,-1,-1
66,-1,364,86,24,41,0.88,7,-1,-1
66,-1,358,69,10,13,0.63,2,-1,-1
67,-1,364,86,23,39,0.87,7,-1,-1
67,-1,358,70,10,13,0.62,2,-1,-1
68,-1,363,87,22,38,0.87,7,-1,-1
68,-1,358,69,10,12,0.62,2,-1,-1
69,-1,363,87,22,35,0.86,7,-1,-1
69,-1,358,69,10,12,0.58,2,-1,-1
69,-1,324,76,10,9,0.20,2,-1,-1
70,-1,363,87,22,34,0.85,7,-1,-1
70,-1,360,69,9,12,0.55,2,-1,-1
70,-1,324,75,10,10,0.42,2,-1,-1
71,-1,362,87,20,32,0.84,7,-1,-1
71,-1,360,69,9,12,0.57,2,-1,-1
71,-1,324,77,10,9,0.33,2,-1,-1
72,-1,362,90,20,26,0.70,7,-1,-1
72,-1,360,68,9,12,0.60,2,-1,-1
72,-1,323,78,10,9,0.50,2,-1,-1
73,-1,362,82,20,33,0.84,7,-1,-1
73,-1,360,68,8,11,0.58,2,-1,-1
73,-1,322,78,10,9,0.57,2,-1,-1
73,-1,313,76,9,9,0.26,2,-1,-1
74,-1,362,84,19,30,0.83,7,-1,-1
74,-1,322,78,10,10,0.67,2,-1,-1
74,-1,360,67,9,12,0.57,2,-1,-1
74,-1,314,78,8,8,0.15,2,-1,-1
75,-1,361,82,19,31,0.83,7,-1,-1
75,-1,321,80,9,10,0.64,2,-1,-1
75,-1,360,66,9,12,0.51,2,-1,-1
75,-1,312,79,9,9,0.22,2,-1,-1
76,-1,360,79,19,32,0.86,7,-1,-1
76,-1,321,80,9,10,0.63,2,-1,-1
76,-1,360,67,9,11,0.38,2,-1,-1
76,-1,312,79,9,9,0.28,2,-1,-1
77,-1,360,78,19,32,0.86,7,-1,-1
77,-1,320,81,9,10,0.59,2,-1,-1
77,-1,310,80,10,10,0.50,2,-1,-1
77,-1,360,67,9,10,0.24,2,-1,-1
78,-1,360,78,19,31,0.84,7,-1,-1
78,-1,320,82,10,10,0.71,2,-1,-1
78,-1,361,66,10,10,0.14,2,-1,-1
79,-1,360,78,18,29,0.81,7,-1,-1
79,-1,319,82,10,10,0.71,2,-1,-1
79,-1,361,66,10,10,0.31,2,-1,-1
79,-1,310,82,10,10,0.17,2,-1,-1
80,-1,359,77,18,29,0.80,7,-1,-1
80,-1,318,83,10,11,0.76,2,-1,-1
80,-1,309,82,9,9,0.19,2,-1,-1
81,-1,359,77,17,28,0.81,7,-1,-1
81,-1,318,84,10,11,0.73,2,-1,-1
81,-1,307,83,9,9,0.42,2,-1,-1
82,-1,358,78,17,27,0.77,7,-1,-1
82,-1,318,84,11,11,0.73,2,-1,-1
82,-1,306,84,10,10,0.25,2,-1,-1
83,-1,358,74,18,28,0.82,7,-1,-1
83,-1,317,86,11,10,0.71,2,-1,-1
83,-1,305,84,10,11,0.57,2,-1,-1
84,-1,358,74,17,28,0.83,7,-1,-1
84,-1,316,86,12,11,0.71,2,-1,-1
85,-1,358,73,17,28,0.85,7,-1,-1
85,-1,315,87,12,11,0.69,2,-1,-1
85,-1,304,86,10,11,0.64,2,-1,-1
86,-1,358,72,16,27,0.86,7,-1,-1
86,-1,315,87,12,11,0.70,2,-1,-1
86,-1,304,87,10,11,0.44,2,-1,-1
87,-1,357,73,16,26,0.83,7,-1,-1
87,-1,314,89,12,12,0.71,2,-1,-1
87,-1,302,88,11,10,0.54,2,-1,-1
88,-1,358,73,15,25,0.82,7,-1,-1
88,-1,314,89,12,12,0.78,2,-1,-1
88,-1,302,89,10,10,0.59,2,-1,-1
89,-1,314,91,12,12,0.81,2,-1,-1
89,-1,357,74,14,23,0.73,7,-1,-1
89,-1,301,90,12,11,0.65,2,-1,-1
90,-1,314,92,12,12,0.77,2,-1,-1
90,-1,300,90,11,12,0.72,2,-1,-1
90,-1,357,74,14,22,0.58,7,-1,-1
91,-1,313,94,12,12,0.79,2,-1,-1
91,-1,299,92,12,11,0.75,2,-1,-1
91,-1,357,75,13,20,0.46,7,-1,-1
92,-1,313,94,12,12,0.78,2,-1,-1
92,-1,299,93,11,12,0.76,2,-1,-1
92,-1,357,76,13,19,0.49,2,-1,-1
93,-1,298,95,12,12,0.76,2,-1,-1
93,-1,312,96,12,12,0.74,2,-1,-1
93,-1,356,74,13,20,0.47,7,-1,-1
94,-1,312,97,12,12,0.81,2,-1,-1
94,-1,296,96,12,12,0.75,2,-1,-1
94,-1,357,73,12,20,0.65,7,-1,-1
95,-1,311,98,13,12,0.82,2,-1,-1
95,-1,296,97,12,12,0.74,2,-1,-1
95,-1,356,71,12,20,0.56,7,-1,-1
96,-1,310,99,13,13,0.83,2,-1,-1
96,-1,295,98,12,12,0.79,2,-1,-1
96,-1,356,70,12,21,0.56,7,-1,-1
97,-1,294,100,13,13,0.85,2,-1,-1
97,-1,311,101,12,13,0.83,2,-1,-1
97,-1,356,69,13,21,0.52,7,-1,-1
98,-1,294,100,12,14,0.83,2,-1,-1
98,-1,310,102,13,13,0.83,2,-1,-1
98,-1,356,72,12,18,0.57,2,-1,-1
98,-1,368,64,8,8,0.13,2,-1,-1
99,-1,293,102,12,13,0.83,2,-1,-1
99,-1,309,104,14,14,0.83,2,-1,-1
99,-1,357,73,12,16,0.74,2,-1,-1
99,-1,368,63,8,8,0.12,2,-1,-1
100,-1,308,105,14,14,0.86,2,-1,-1
100,-1,292,103,13,14,0.79,2,-1,-1
100,-1,357,73,12,16,0.72,2,-1,-1
101,-1,308,108,13,14,0.84,2,-1,-1
101,-1,290,105,14,14,0.83,2,-1,-1
101,-1,357,71,12,16,0.59,2,-1,-1
101,-1,370,62,7,8,0.11,2,-1,-1
102,-1,308,109,13,14,0.84,2,-1,-1
102,-1,290,106,14,15,0.83,2,-1,-1
102,-1,356,71,12,16,0.59,2,-1,-1
103,-1,306,109,14,15,0.84,2,-1,-1
103,-1,288,108,14,15,0.82,2,-1,-1
103,-1,356,70,12,16,0.63,2,-1,-1
104,-1,306,112,14,15,0.84,2,-1,-1
104,-1,288,109,14,16,0.82,2,-1,-1
104,-1,356,67,12,18,0.49,7,-1,-1
105,-1,306,114,14,15,0.84,2,-1,-1
105,-1,287,110,15,16,0.83,2,-1,-1
105,-1,356,68,12,18,0.46,7,-1,-1
106,-1,286,113,14,16,0.86,2,-1,-1
106,-1,304,115,15,16,0.84,2,-1,-1
106,-1,356,68,12,17,0.47,2,-1,-1
107,-1,286,116,14,15,0.86,2,-1,-1
107,-1,304,118,15,16,0.83,2,-1,-1
107,-1,357,68,12,17,0.57,2,-1,-1
108,-1,286,118,13,15,0.84,2,-1,-1
108,-1,303,120,16,16,0.84,2,-1,-1
108,-1,357,68,11,15,0.68,2,-1,-1
109,-1,504,367,130,168,0.90,7,-1,-1
109,-1,284,121,14,14,0.85,2,-1,-1
109,-1,302,122,16,17,0.84,2,-1,-1
109,-1,357,68,11,15,0.60,2,-1,-1
110,-1,477,312,149,219,0.88,7,-1,-1
110,-1,301,126,16,18,0.86,2,-1,-1
110,-1,281,125,16,17,0.83,2,-1,-1
110,-1,358,67,10,15,0.60,2,-1,-1
111,-1,477,312,149,219,0.88,7,-1,-1
111,-1,301,126,16,18,0.87,2,-1,-1
111,-1,281,125,16,16,0.83,2,-1,-1
111,-1,358,66,10,15,0.59,2,-1,-1
112,-1,469,293,132,202,0.90,7,-1,-1
112,-1,300,128,16,19,0.88,2,-1,-1
112,-1,280,127,16,17,0.83,2,-1,-1
112,-1,358,66,11,15,0.58,2,-1,-1
113,-1,458,270,115,178,0.91,7,-1,-1
113,-1,298,131,18,20,0.87,2,-1,-1
113,-1,278,130,17,16,0.86,2,-1,-1
113,-1,358,66,10,15,0.56,2,-1,-1
114,-1,448,253,102,154,0.92,7,-1,-1
114,-1,298,134,18,22,0.87,2,-1,-1
114,-1,276,134,16,17,0.85,2,-1,-1
114,-1,359,66,10,14,0.54,2,-1,-1
115,-1,442,240,94,145,0.92,7,-1,-1
115,-1,276,136,16,17,0.87,2,-1,-1
115,-1,298,138,18,20,0.86,2,-1,-1
115,-1,360,66,10,14,0.55,2,-1,-1
116,-1,436,226,84,132,0.93,7,-1,-1
116,-1,296,144,18,18,0.87,2,-1,-1
116,-1,274,140,17,17,0.85,2,-1,-1
116,-1,360,66,10,14,0.62,2,-1,-1
117,-1,431,218,78,123,0.90,7,-1,-1
117,-1,296,145,19,20,0.86,2,-1,-1
117,-1,272,142,18,17,0.85,2,-1,-1
117,-1,360,65,10,13,0.64,2,-1,-1
118,-1,424,204,73,115,0.90,7,-1,-1
118,-1,294,148,20,23,0.87,2,-1,-1
118,-1,270,145,18,19,0.85,2,-1,-1
118,-1,361,65,10,13,0.53,2,-1,-1
119,-1,422,196,68,110,0.91,7,-1,-1
119,-1,269,148,18,20,0.87,2,-1,-1
119,-1,294,152,19,22,0.86,2,-1,-1
119,-1,361,65,10,13,0.53,2,-1,-1
120,-1,416,187,62,102,0.90,7,-1,-1
120,-1,292,155,20,25,0.88,2,-1,-1
120,-1,266,151,20,22,0.85,2,-1,-1
120,-1,362,65,9,13,0.36,2,-1,-1
121,-1,414,183,60,96,0.90,7,-1,-1
121,-1,265,154,19,22,0.87,2,-1,-1
121,-1,291,160,21,25,0.86,2,-1,-1
121,-1,362,64,10,13,0.26,2,-1,-1
122,-1,410,176,54,88,0.89,7,-1,-1
122,-1,289,165,22,28,0.86,2,-1,-1
122,-1,262,160,20,22,0.85,2,-1,-1
122,-1,362,63,10,13,0.27,2,-1,-1
123,-1,408,171,52,85,0.90,7,-1,-1
123,-1,288,170,23,27,0.87,2,-1,-1
123,-1,260,164,21,22,0.86,2,-1,-1
123,-1,362,60,11,16,0.61,7,-1,-1
124,-1,403,165,51,80,0.89,7,-1,-1
124,-1,285,177,24,28,0.87,2,-1,-1
124,-1,257,169,22,24,0.86,2,-1,-1
124,-1,362,59,10,16,0.56,7,-1,-1
125,-1,285,180,24,30,0.89,2,-1,-1
125,-1,402,160,48,78,0.88,7,-1,-1
125,-1,255,172,23,26,0.85,2,-1,-1
125,-1,362,60,10,15,0.47,7,-1,-1
126,-1,400,154,45,76,0.90,7,-1,-1
126,-1,251,178,24,27,0.89,2,-1,-1
126,-1,283,189,24,31,0.88,2,-1,-1
126,-1,363,58,10,17,0.64,7,-1,-1
127,-1,397,151,44,72,0.89,7,-1,-1
127,-1,282,194,25,33,0.89,2,-1,-1
127,-1,250,182,24,28,0.88,2,-1,-1
127,-1,364,58,10,16,0.65,7,-1,-1
128,-1,395,146,40,69,0.89,7,-1,-1
128,-1,278,203,27,36,0.87,2,-1,-1
128,-1,245,189,26,31,0.87,2,-1,-1
128,-1,364,58,10,16,0.64,7,-1,-1
129,-1,242,195,27,32,0.89,2,-1,-1
129,-1,394,143,39,66,0.88,7,-1,-1
129,-1,276,210,28,37,0.88,2,-1,-1
129,-1,364,58,10,16,0.65,7,-1,-1
130,-1,392,140,38,65,0.90,7,-1,-1
130,-1,274,217,29,38,0.89,2,-1,-1
130,-1,238,200,28,34,0.88,2,-1,-1
130,-1,365,57,10,16,0.55,7,-1,-1
131,-1,390,136,36,62,0.89,7,-1,-1
131,-1,270,230,31,41,0.88,2,-1,-1
131,-1,234,210,29,35,0.88,2,-1,-1
131,-1,366,57,10,15,0.55,7,-1,-1
132,-1,484,300,126,211,0.91,7,-1,-1
132,-1,266,242,34,46,0.90,2,-1,-1
132,-1,228,220,32,38,0.89,2,-1,-1
132,-1,388,131,35,61,0.88,7,-1,-1
132,-1,366,58,10,14,0.51,7,-1,-1
133,-1,473,284,120,195,0.91,7,-1,-1
133,-1,386,128,34,62,0.89,7,-1,-1
133,-1,224,228,33,39,0.89,2,-1,-1
133,-1,263,254,34,48,0.88,2,-1,-1
133,-1,367,57,9,15,0.52,7,-1,-1
134,-1,464,267,107,168,0.92,7,-1,-1
134,-1,216,239,37,44,0.89,2,-1,-1
134,-1,256,270,39,54,0.89,2,-1,-1
134,-1,385,125,32,58,0.87,7,-1,-1
134,-1,367,57,9,15,0.48,7,-1,-1
135,-1,456,254,104,158,0.92,7,-1,-1
135,-1,252,285,40,57,0.90,2,-1,-1
135,-1,211,247,38,46,0.90,2,-1,-1
135,-1,384,123,32,56,0.89,7,-1,-1
135,-1,368,56,9,15,0.44,7,-1,-1
136,-1,245,304,45,68,0.94,2,-1,-1
136,-1,448,238,93,144,0.91,7,-1,-1
136,-1,202,262,41,51,0.91,2,-1,-1
136,-1,382,120,30,54,0.87,7,-1,-1
136,-1,368,55,9,16,0.32,7,-1,-1
137,-1,239,322,48,74,0.92,2,-1,-1
137,-1,443,230,88,133,0.91,7,-1,-1
137,-1,196,273,44,54,0.90,2,-1,-1
137,-1,382,118,30,53,0.88,7,-1,-1
137,-1,369,54,10,16,0.39,7,-1,-1
138,-1,228,352,54,87,0.93,2,-1,-1
138,-1,184,292,48,60,0.90,2,-1,-1
138,-1,435,216,81,122,0.90,7,-1,-1
138,-1,380,116,29,52,0.88,7,-1,-1
138,-1,368,54,10,16,0.41,7,-1,-1
139,-1,175,305,52,65,0.92,2,-1,-1
139,-1,218,378,60,97,0.91,2,-1,-1
139,-1,431,208,76,117,0.91,7,-1,-1
139,-1,379,114,28,51,0.88,7,-1,-1
140,-1,166,321,56,71,0.93,2,-1,-1
140,-1,208,405,66,111,0.93,2,-1,-1
140,-1,428,203,71,108,0.90,7,-1,-1
140,-1,378,112,28,50,0.88,7,-1,-1
141,-1,148,346,62,82,0.91,2,-1,-1
141,-1,422,193,65,102,0.91,7,-1,-1
141,-1,376,110,28,48,0.87,7,-1,-1
142,-1,126,378,72,97,0.92,2,-1,-1
142,-1,417,187,62,94,0.89,7,-1,-1
142,-1,375,108,27,46,0.87,7,-1,-1
143,-1,109,402,80,110,0.92,2,-1,-1
143,-1,414,181,59,91,0.89,7,-1,-1
143,-1,374,106,26,46,0.87,7,-1,-1
144,-1,412,174,52,87,0.89,7,-1,-1
144,-1,373,103,25,46,0.87,7,-1,-1
145,-1,410,170,51,82,0.89,7,-1,-1
145,-1,372,102,25,44,0.88,7,-1,-1
146,-1,406,163,49,80,0.90,7,-1,-1
146,-1,372,98,24,45,0.88,7,-1,-1
147,-1,402,159,48,78,0.88,7,-1,-1
147,-1,371,97,24,44,0.87,7,-1,-1
148,-1,400,154,46,73,0.90,7,-1,-1
148,-1,370,96,24,43,0.86,7,-1,-1
149,-1,398,150,44,72,0.90,7,-1,-1
149,-1,369,96,24,41,0.86,7,-1,-1
150,-1,395,147,40,67,0.89,7,-1,-1
150,-1,368,94,23,40,0.86,7,-1,-1
151,-1,394,143,39,66,0.88,7,-1,-1
151,-1,368,94,22,38,0.87,7,-1,-1
152,-1,392,140,38,63,0.89,7,-1,-1
152,-1,368,93,22,38,0.87,7,-1,-1
153,-1,471,298,148,220,0.92,7,-1,-1
153,-1,390,136,36,62,0.90,7,-1,-1
153,-1,367,92,22,36,0.87,7,-1,-1
153,-1,320,71,8,9,0.26,2,-1,-1
154,-1,464,282,131,204,0.93,7,-1,-1
154,-1,390,135,35,61,0.89,7,-1,-1
154,-1,367,92,21,34,0.87,7,-1,-1
154,-1,320,71,8,9,0.26,2,-1,-1
155,-1,454,261,114,182,0.94,7,-1,-1
155,-1,388,129,34,60,0.88,7,-1,-1
155,-1,366,89,21,35,0.87,7,-1,-1
155,-1,319,71,9,10,0.32,2,-1,-1
156,-1,447,250,105,166,0.94,7,-1,-1
156,-1,386,128,34,58,0.88,7,-1,-1
156,-1,366,88,20,36,0.86,7,-1,-1
156,-1,319,72,9,10,0.22,2,-1,-1
157,-1,438,234,94,152,0.93,7,-1,-1
157,-1,365,87,20,34,0.86,7,-1,-1
157,-1,385,126,32,56,0.86,7,-1,-1
157,-1,318,72,9,10,0.29,2,-1,-1
158,-1,434,224,88,142,0.93,7,-1,-1
158,-1,384,123,31,54,0.88,7,-1,-1
158,-1,365,86,20,34,0.86,7,-1,-1
159,-1,428,210,80,130,0.93,7,-1,-1
159,-1,383,120,30,52,0.87,7,-1,-1
159,-1,364,85,19,32,0.86,7,-1,-1
159,-1,316,74,10,9,0.35,2,-1,-1
160,-1,424,203,75,124,0.93,7,-1,-1
160,-1,364,84,19,32,0.87,7,-1,-1
160,-1,382,119,29,51,0.86,7,-1,-1
160,-1,314,74,10,10,0.43,2,-1,-1
161,-1,418,192,70,115,0.93,7,-1,-1
161,-1,380,116,28,50,0.87,7,-1,-1
161,-1,364,84,18,31,0.87,7,-1,-1
161,-1,314,75,10,10,0.69,2,-1,-1
162,-1,416,187,66,109,0.92,7,-1,-1
162,-1,363,82,18,31,0.87,7,-1,-1
162,-1,380,115,27,48,0.86,7,-1,-1
162,-1,314,75,10,10,0.73,2,-1,-1
163,-1,412,179,61,102,0.92,7,-1,-1
163,-1,362,82,18,30,0.86,7,-1,-1
163,-1,379,114,26,45,0.86,7,-1,-1
163,-1,312,78,9,10,0.64,2,-1,-1
164,-1,410,174,58,98,0.92,7,-1,-1
164,-1,362,81,18,30,0.86,7,-1,-1
164,-1,378,111,26,46,0.86,7,-1,-1
164,-1,312,78,9,10,0.66,2,-1,-1
165,-1,405,167,57,93,0.92,7,-1,-1
165,-1,376,110,26,43,0.86,7,-1,-1
165,-1,362,81,17,29,0.86,7,-1,-1
165,-1,312,78,10,10,0.63,2,-1,-1
166,-1,403,164,54,89,0.91,7,-1,-1
166,-1,362,80,17,28,0.86,7,-1,-1
166,-1,376,109,25,42,0.86,7,-1,-1
166,-1,312,79,9,10,0.67,2,-1,-1
167,-1,399,157,51,85,0.90,7,-1,-1
167,-1,374,108,24,40,0.86,7,-1,-1
167,-1,361,80,16,27,0.86,7,-1,-1
167,-1,310,80,10,10,0.60,2,-1,-1
168,-1,398,154,48,80,0.90,7,-1,-1
168,-1,361,79,16,27,0.86,7,-1,-1
168,-1,374,106,24,39,0.84,7,-1,-1
168,-1,309,80,11,11,0.62,2,-1,-1
169,-1,396,147,46,78,0.90,7,-1,-1
169,-1,360,79,16,27,0.86,7,-1,-1
169,-1,373,105,23,38,0.83,7,-1,-1
169,-1,308,81,11,11,0.70,2,-1,-1
170,-1,394,145,44,76,0.90,7,-1,-1
170,-1,360,78,16,26,0.86,7,-1,-1
170,-1,308,81,11,11,0.74,2,-1,-1
170,-1,373,109,22,32,0.55,2,-1,-1
171,-1,392,140,42,73,0.90,7,-1,-1
171,-1,360,78,15,25,0.85,7,-1,-1
171,-1,306,82,12,12,0.78,2,-1,-1
171,-1,372,105,21,34,0.76,7,-1,-1
172,-1,390,140,41,68,0.91,7,-1,-1
172,-1,360,77,16,26,0.85,7,-1,-1
172,-1,370,103,22,34,0.81,7,-1,-1
172,-1,306,83,12,12,0.78,2,-1,-1
173,-1,388,134,40,67,0.90,7,-1,-1
173,-1,360,76,15,25,0.86,7,-1,-1
173,-1,305,83,12,12,0.81,2,-1,-1
173,-1,370,103,20,31,0.80,7,-1,-1
174,-1,386,132,38,66,0.91,7,-1,-1
174,-1,360,75,15,26,0.86,7,-1,-1
174,-1,305,84,12,12,0.81,2,-1,-1
174,-1,370,103,20,30,0.73,7,-1,-1
175,-1,385,128,36,64,0.90,7,-1,-1
175,-1,359,74,15,25,0.87,7,-1,-1
175,-1,304,86,12,11,0.80,2,-1,-1
175,-1,370,108,18,23,0.60,2,-1,-1
176,-1,384,126,35,62,0.90,7,-1,-1
176,-1,359,74,14,24,0.87,7,-1,-1
176,-1,304,86,12,12,0.79,2,-1,-1
176,-1,369,103,18,26,0.61,7,-1,-1
177,-1,382,123,35,60,0.89,7,-1,-1
177,-1,359,73,14,24,0.88,7,-1,-1
177,-1,303,88,12,11,0.75,2,-1,-1
177,-1,368,104,18,23,0.64,2,-1,-1
178,-1,381,121,34,58,0.90,7,-1,-1
178,-1,359,73,14,24,0.87,7,-1,-1
178,-1,302,89,12,12,0.76,2,-1,-1
178,-1,368,104,17,22,0.58,2,-1,-1
179,-1,380,118,32,56,0.88,7,-1,-1
179,-1,359,72,14,23,0.87,7,-1,-1
179,-1,302,89,12,12,0.82,2,-1,-1
179,-1,368,102,17,22,0.75,2,-1,-1
180,-1,380,117,31,55,0.90,7,-1,-1
180,-1,358,72,13,23,0.86,7,-1,-1
180,-1,302,90,13,13,0.83,2,-1,-1
180,-1,367,102,17,20,0.79,2,-1,-1
181,-1,377,114,32,54,0.89,7,-1,-1
181,-1,358,71,13,22,0.85,7,-1,-1
181,-1,301,91,13,13,0.84,2,-1,-1
181,-1,366,98,16,22,0.77,2,-1,-1
182,-1,376,112,30,53,0.89,7,-1,-1
182,-1,358,70,12,22,0.85,7,-1,-1
182,-1,300,92,13,14,0.84,2,-1,-1
182,-1,366,96,16,22,0.60,2,-1,-1
183,-1,375,109,30,51,0.89,7,-1,-1
183,-1,358,70,12,22,0.82,7,-1,-1
183,-1,300,93,13,14,0.82,2,-1,-1
183,-1,366,96,15,21,0.62,2,-1,-1
184,-1,375,108,28,50,0.88,7,-1,-1
184,-1,358,70,12,21,0.83,7,-1,-1
184,-1,300,95,13,13,0.80,2,-1,-1
184,-1,365,92,15,23,0.78,7,-1,-1
185,-1,374,106,28,49,0.88,7,-1,-1
185,-1,299,96,13,14,0.82,2,-1,-1
185,-1,358,69,12,21,0.79,7,-1,-1
185,-1,365,92,14,23,0.69,7,-1,-1
186,-1,373,105,27,48,0.87,7,-1,-1
186,-1,298,96,14,14,0.83,2,-1,-1
186,-1,358,69,12,20,0.77,7,-1,-1
186,-1,364,92,14,22,0.52,7,-1,-1
187,-1,372,102,26,47,0.87,7,-1,-1
187,-1,298,98,14,14,0.84,2,-1,-1
187,-1,358,69,12,20,0.72,7,-1,-1
187,-1,364,91,14,21,0.54,2,-1,-1
188,-1,371,101,26,46,0.87,7,-1,-1
188,-1,297,100,14,14,0.84,2,-1,-1
188,-1,358,69,12,19,0.71,7,-1,-1
188,-1,364,87,14,24,0.67,7,-1,-1
189,-1,370,99,25,45,0.88,7,-1,-1
189,-1,297,101,14,14,0.83,2,-1,-1
189,-1,358,68,12,19,0.75,7,-1,-1
189,-1,363,87,14,22,0.48,7,-1,-1
190,-1,370,98,25,45,0.87,7,-1,-1
190,-1,296,103,14,14,0.82,2,-1,-1
190,-1,358,68,12,18,0.67,7,-1,-1
190,-1,362,89,12,18,0.34,2,-1,-1
191,-1,368,96,25,44,0.87,7,-1,-1
191,-1,296,105,15,14,0.84,2,-1,-1
191,-1,358,67,12,19,0.74,7,-1,-1
191,-1,362,87,12,18,0.45,7,-1,-1
192,-1,368,95,24,43,0.86,7,-1,-1
192,-1,295,106,15,14,0.86,2,-1,-1
192,-1,358,67,11,18,0.69,7,-1,-1
192,-1,362,88,12,18,0.31,2,-1,-1
193,-1,367,94,24,42,0.86,7,-1,-1
193,-1,294,108,15,15,0.86,2,-1,-1
193,-1,358,67,11,18,0.55,7,-1,-1
193,-1,362,89,11,15,0.22,2,-1,-1
194,-1,367,94,23,40,0.86,7,-1,-1
194,-1,294,109,15,15,0.86,2,-1,-1
194,-1,358,66,11,18,0.62,7,-1,-1
194,-1,362,89,10,14,0.52,2,-1,-1
195,-1,366,93,22,39,0.87,7,-1,-1
195,-1,294,111,15,15,0.85,2,-1,-1
195,-1,358,66,11,18,0.53,7,-1,-1
195,-1,361,88,9,14,0.51,2,-1,-1
196,-1,366,92,22,39,0.87,7,-1,-1
196,-1,292,112,16,16,0.86,2,-1,-1
196,-1,358,66,11,16,0.25,7,-1,-1
196,-1,362,89,8,13,0.19,2,-1,-1
197,-1,366,90,22,38,0.87,7,-1,-1
197,-1,291,114,16,17,0.86,2,-1,-1
197,-1,358,66,11,16,0.28,7,-1,-1
197,-1,360,87,10,13,0.22,2,-1,-1
198,-1,365,89,22,38,0.87,7,-1,-1
198,-1,291,116,16,16,0.84,2,-1,-1
198,-1,358,66,10,16,0.24,7,-1,-1
199,-1,364,88,22,37,0.86,7,-1,-1
199,-1,290,119,16,16,0.85,2,-1,-1
200,-1,288,120,16,17,0.86,2,-1,-1
200,-1,364,87,21,36,0.86,7,-1,-1
201,-1,364,87,21,35,0.86,7,-1,-1
201,-1,287,123,17,18,0.85,2,-1,-1
202,-1,364,86,20,34,0.86,7,-1,-1
202,-1,286,123,18,19,0.85,2,-1,-1
203,-1,284,129,18,18,0.87,2,-1,-1
203,-1,364,85,19,33,0.86,7,-1,-1
204,-1,284,130,18,18,0.86,2,-1,-1
204,-1,362,84,20,34,0.86,7,-1,-1
205,-1,282,132,20,20,0.87,2,-1,-1
205,-1,362,82,20,33,0.86,7,-1,-1
206,-1,362,82,18,33,0.86,7,-1,-1
206,-1,281,134,20,21,0.85,2,-1,-1
207,-1,280,139,19,21,0.86,2,-1,-1
207,-1,362,82,18,32,0.86,7,-1,-1
208,-1,362,81,18,32,0.86,7,-1,-1
208,-1,278,142,20,22,0.86,2,-1,-1
209,-1,276,146,20,22,0.86,2,-1,-1
209,-1,361,80,18,31,0.85,7,-1,-1
210,-1,361,80,18,30,0.85,7,-1,-1
210,-1,274,149,21,22,0.85,2,-1,-1
211,-1,272,154,21,22,0.85,2,-1,-1
211,-1,361,78,17,30,0.85,7,-1,-1
212,-1,270,158,22,23,0.85,2,-1,-1
212,-1,360,78,18,30,0.85,7,-1,-1
213,-1,268,163,23,25,0.86,2,-1,-1
213,-1,360,77,18,29,0.85,7,-1,-1
214,-1,360,76,17,30,0.85,7,-1,-1
214,-1,266,165,24,27,0.84,2,-1,-1
215,-1,360,76,16,28,0.85,7,-1,-1
215,-1,263,170,24,28,0.85,2,-1,-1
216,-1,260,176,26,26,0.89,2,-1,-1
216,-1,360,76,16,28,0.85,7,-1,-1
217,-1,256,182,26,29,0.87,2,-1,-1
217,-1,360,75,16,28,0.85,7,-1,-1
218,-1,254,187,26,30,0.88,2,-1,-1
218,-1,360,75,15,26,0.85,7,-1,-1
219,-1,250,192,29,36,0.88,2,-1,-1
219,-1,360,74,15,27,0.85,7,-1,-1
220,-1,248,198,28,38,0.88,2,-1,-1
220,-1,360,73,15,27,0.86,7,-1,-1
221,-1,242,210,30,38,0.88,2,-1,-1
221,-1,359,73,15,26,0.86,7,-1,-1
222,-1,239,217,32,39,0.90,2,-1,-1
222,-1,359,72,15,26,0.85,7,-1,-1
223,-1,233,229,33,42,0.88,2,-1,-1
223,-1,359,72,15,26,0.86,7,-1,-1
224,-1,228,238,36,44,0.89,2,-1,-1
224,-1,359,72,14,24,0.86,7,-1,-1
225,-1,220,251,38,49,0.90,2,-1,-1
225,-1,359,72,14,24,0.86,7,-1,-1
226,-1,214,263,40,52,0.90,2,-1,-1
226,-1,359,71,14,24,0.85,7,-1,-1
227,-1,204,280,44,58,0.92,2,-1,-1
227,-1,359,71,13,24,0.85,7,-1,-1
228,-1,196,293,47,64,0.92,2,-1,-1
228,-1,359,71,13,23,0.85,7,-1,-1
229,-1,182,318,52,72,0.93,2,-1,-1
229,-1,359,70,12,22,0.84,7,-1,-1
230,-1,172,336,56,78,0.92,2,-1,-1
230,-1,358,69,13,23,0.85,7,-1,-1
231,-1,152,366,65,95,0.92,2,-1,-1
231,-1,358,68,13,23,0.86,7,-1,-1
232,-1,136,392,72,108,0.92,2,-1,-1
232,-1,358,68,13,23,0.86,7,-1,-1
233,-1,359,68,12,22,0.85,7,-1,-1
234,-1,359,68,12,22,0.85,7,-1,-1
235,-1,359,68,12,22,0.83,7,-1,-1
236,-1,358,67,12,21,0.81,7,-1,-1
237,-1,358,66,12,22,0.84,7,-1,-1
238,-1,358,66,12,22,0.84,7,-1,-1
239,-1,358,66,12,21,0.81,7,-1,-1
240,-1,358,66,12,21,0.81,7,-1,-1
241,-1,358,66,12,19,0.74,7,-1,-1
242,-1,358,66,12,20,0.74,7,-1,-1
243,-1,358,64,12,20,0.80,7,-1,-1
244,-1,358,64,12,19,0.80,7,-1,-1
245,-1,358,65,12,19,0.78,7,-1,-1
246,-1,358,65,12,18,0.76,7,-1,-1
247,-1,358,65,11,18,0.70,7,-1,-1
248,-1,359,66,10,16,0.60,7,-1,-1
249,-1,360,67,10,16,0.46,7,-1,-1
250,-1,360,66,10,15,0.48,7,-1,-1
251,-1,360,65,10,16,0.57,7,-1,-1
252,-1,360,64,10,16,0.65,7,-1,-1
252,-1,370,62,7,10,0.13,2,-1,-1
253,-1,360,64,10,16,0.66,7,-1,-1
253,-1,370,63,7,10,0.13,2,-1,-1
254,-1,360,65,10,14,0.48,7,-1,-1
255,-1,360,65,10,14,0.33,7,-1,-1
256,-1,361,64,10,14,0.37,7,-1,-1
257,-1,361,63,10,14,0.51,7,-1,-1
258,-1,361,63,10,14,0.51,7,-1,-1
259,-1,361,63,10,14,0.43,7,-1,-1
260,-1,362,63,10,14,0.31,7,-1,-1
261,-1,362,62,10,14,0.46,7,-1,-1
262,-1,362,62,10,14,0.40,7,-1,-1
263,-1,363,60,10,15,0.50,7,-1,-1
264,-1,363,60,10,15,0.50,7,-1,-1
265,-1,364,60,10,14,0.41,7,-1,-1
266,-1,364,61,9,14,0.25,7,-1,-1
267,-1,364,60,10,13,0.24,2,-1,-1
268,-1,364,58,10,15,0.48,7,-1,-1
269,-1,364,58,10,15,0.27,7,-1,-1
270,-1,366,58,10,15,0.39,7,-1,-1
271,-1,366,57,10,16,0.55,7,-1,-1
272,-1,367,58,9,15,0.44,7,-1,-1
273,-1,368,58,9,15,0.43,7,-1,-1
274,-1,368,58,9,14,0.35,7,-1,-1
275,-1,-1,-1,-1,-1,-1,-1,-1,-1
276,-1,-1,-1,-1,-1,-1,-1,-1,-1
277,-1,324,75,9,10,0.29,2,-1,-1
278,-1,324,75,10,10,0.33,2,-1,-1
279,-1,324,77,9,9,0.32,2,-1,-1
280,-1,322,77,10,10,0.33,2,-1,-1
281,-1,321,78,10,10,0.51,2,-1,-1
282,-1,321,78,10,10,0.56,2,-1,-1
283,-1,321,79,9,11,0.65,2,-1,-1
284,-1,321,79,10,11,0.62,2,-1,-1
285,-1,321,80,9,10,0.60,2,-1,-1
286,-1,319,81,10,11,0.67,2,-1,-1
287,-1,319,82,10,11,0.76,2,-1,-1
288,-1,318,83,10,11,0.79,2,-1,-1
289,-1,318,83,11,12,0.81,2,-1,-1
290,-1,317,84,11,12,0.75,2,-1,-1
291,-1,316,85,12,13,0.80,2,-1,-1
292,-1,316,85,12,13,0.80,2,-1,-1
293,-1,316,87,12,12,0.75,2,-1,-1
294,-1,315,88,12,13,0.77,2,-1,-1
295,-1,314,88,13,13,0.79,2,-1,-1
296,-1,314,89,13,14,0.83,2,-1,-1
297,-1,314,90,13,15,0.82,2,-1,-1
298,-1,314,90,13,16,0.84,2,-1,-1
299,-1,313,92,13,15,0.82,2,-1,-1
300,-1,312,94,14,14,0.81,2,-1,-1
301,-1,312,95,14,15,0.83,2,-1,-1
302,-1,312,97,14,15,0.85,2,-1,-1
303,-1,311,99,14,16,0.86,2,-1,-1
304,-1,310,99,14,16,0.85,2,-1,-1
305,-1,310,100,14,17,0.84,2,-1,-1
306,-1,309,102,14,17,0.86,2,-1,-1
307,-1,308,104,14,17,0.87,2,-1,-1
308,-1,308,105,15,18,0.87,2,-1,-1
309,-1,308,106,16,20,0.87,2,-1,-1
310,-1,307,108,16,20,0.87,2,-1,-1
311,-1,306,111,16,20,0.86,2,-1,-1
312,-1,305,112,16,20,0.86,2,-1,-1
313,-1,304,115,17,22,0.88,2,-1,-1
314,-1,304,117,17,22,0.87,2,-1,-1
315,-1,304,119,18,23,0.85,2,-1,-1
316,-1,304,121,18,23,0.87,2,-1,-1
317,-1,434,218,194,310,0.91,7,-1,-1
317,-1,303,124,18,25,0.85,2,-1,-1
318,-1,433,207,177,290,0.92,7,-1,-1
318,-1,303,126,18,26,0.85,2,-1,-1
319,-1,426,195,155,252,0.90,7,-1,-1
319,-1,302,130,19,27,0.84,2,-1,-1
320,-1,423,193,144,236,0.91,7,-1,-1
320,-1,301,132,20,27,0.86,2,-1,-1
321,-1,420,186,128,215,0.92,7,-1,-1
321,-1,298,136,22,29,0.86,2,-1,-1
322,-1,416,181,121,202,0.93,7,-1,-1
322,-1,298,139,22,30,0.85,2,-1,-1
323,-1,412,174,111,183,0.92,7,-1,-1
323,-1,295,144,23,32,0.86,2,-1,-1
324,-1,410,170,105,172,0.93,7,-1,-1
324,-1,294,147,24,33,0.87,2,-1,-1
325,-1,407,165,96,158,0.93,7,-1,-1
325,-1,292,152,26,36,0.88,2,-1,-1
326,-1,405,160,91,151,0.93,7,-1,-1
326,-1,291,156,26,38,0.88,2,-1,-1
327,-1,402,156,84,140,0.93,7,-1,-1
327,-1,287,163,28,38,0.89,2,-1,-1
328,-1,400,152,82,137,0.92,7,-1,-1
328,-1,286,167,28,40,0.89,2,-1,-1
329,-1,398,147,76,128,0.92,7,-1,-1
329,-1,284,176,28,43,0.89,2,-1,-1
330,-1,396,144,72,122,0.92,7,-1,-1
330,-1,282,181,30,45,0.89,2,-1,-1
331,-1,394,140,70,116,0.92,7,-1,-1
331,-1,279,190,32,49,0.88,2,-1,-1
332,-1,392,138,68,110,0.92,7,-1,-1
332,-1,276,195,33,53,0.89,2,-1,-1
333,-1,390,134,64,105,0.93,7,-1,-1
333,-1,273,209,34,55,0.90,2,-1,-1
334,-1,390,132,60,103,0.92,7,-1,-1
334,-1,270,216,36,59,0.91,2,-1,-1
335,-1,387,128,58,97,0.92,7,-1,-1
335,-1,266,232,39,64,0.92,2,-1,-1
336,-1,262,244,42,69,0.92,2,-1,-1
336,-1,386,126,55,95,0.91,7,-1,-1
337,-1,254,262,46,78,0.91,2,-1,-1
337,-1,384,123,53,91,0.90,7,-1,-1
338,-1,250,277,48,86,0.91,2,-1,-1
338,-1,384,121,51,88,0.90,7,-1,-1
339,-1,240,303,54,100,0.91,2,-1,-1
339,-1,382,119,49,85,0.90,7,-1,-1
340,-1,232,324,58,112,0.92,2,-1,-1
340,-1,382,117,46,82,0.90,7,-1,-1
341,-1,218,362,67,136,0.92,2,-1,-1
341,-1,380,114,45,80,0.90,7,-1,-1
342,-1,206,394,75,139,0.92,2,-1,-1
342,-1,380,113,44,80,0.89,7,-1,-1
343,-1,378,111,42,76,0.89,7,-1,-1
344,-1,378,109,41,74,0.90,7,-1,-1
345,-1,377,108,40,70,0.90,7,-1,-1
346,-1,376,107,38,68,0.90,7,-1,-1
347,-1,375,105,37,66,0.91,7,-1,-1
348,-1,374,104,36,65,0.90,7,-1,-1
349,-1,374,103,36,62,0.90,7,-1,-1
350,-1,373,101,35,62,0.90,7,-1,-1
351,-1,373,99,33,60,0.88,7,-1,-1
352,-1,372,97,32,60,0.90,7,-1,-1
353,-1,371,96,32,58,0.90,7,-1,-1
354,-1,371,96,31,56,0.88,7,-1,-1
355,-1,370,94,30,55,0.88,7,-1,-1
356,-1,369,92,30,56,0.90,7,-1,-1
357,-1,368,91,29,53,0.89,7,-1,-1
358,-1,368,91,29,52,0.89,7,-1,-1
359,-1,368,90,28,50,0.89,7,-1,-1
360,-1,368,90,28,49,0.89,7,-1,-1
361,-1,366,89,27,47,0.87,7,-1,-1
362,-1,366,89,27,46,0.87,7,-1,-1
363,-1,366,87,26,46,0.87,7,-1,-1
364,-1,366,87,25,45,0.87,7,-1,-1
365,-1,365,86,25,43,0.88,7,-1,-1
366,-1,364,86,24,42,0.89,7,-1,-1
367,-1,364,84,24,42,0.88,7,-1,-1
368,-1,364,83,24,42,0.88,7,-1,-1
369,-1,364,83,24,40,0.86,7,-1,-1
370,-1,364,83,23,38,0.86,7,-1,-1
371,-1,363,82,22,38,0.85,7,-1,-1
372,-1,362,81,22,38,0.84,7,-1,-1
373,-1,362,78,22,39,0.84,7,-1,-1
374,-1,362,78,21,38,0.84,7,-1,-1
375,-1,361,77,21,38,0.84,7,-1,-1
376,-1,362,78,20,36,0.85,7,-1,-1
377,-1,361,76,20,36,0.86,7,-1,-1
378,-1,361,75,19,36,0.85,7,-1,-1
379,-1,360,76,19,34,0.85,7,-1,-1
380,-1,360,76,19,34,0.85,7,-1,-1
381,-1,360,75,19,33,0.86,7,-1,-1
382,-1,360,74,19,33,0.86,7,-1,-1
383,-1,360,74,18,33,0.86,7,-1,-1
384,-1,360,73,18,32,0.86,7,-1,-1
385,-1,360,74,18,31,0.85,7,-1,-1
386,-1,359,73,18,31,0.85,7,-1,-1
387,-1,359,72,18,31,0.85,7,-1,-1
388,-1,359,72,18,30,0.84,7,-1,-1
389,-1,359,71,17,30,0.84,7,-1,-1
390,-1,358,71,17,30,0.84,7,-1,-1
391,-1,358,70,17,30,0.84,7,-1,-1
392,-1,358,70,16,29,0.84,7,-1,-1
393,-1,358,71,16,27,0.84,7,-1,-1
394,-1,358,70,16,27,0.84,7,-1,-1
395,-1,358,70,16,26,0.84,7,-1,-1
396,-1,358,70,15,26,0.85,7,-1,-1
397,-1,358,70,15,26,0.85,7,-1,-1
397,-1,326,62,9,12,0.18,7,-1,-1
398,-1,358,69,14,25,0.86,7,-1,-1
398,-1,326,62,10,13,0.22,7,-1,-1
399,-1,358,68,14,25,0.86,7,-1,-1
400,-1,358,69,14,25,0.86,7,-1,-1
401,-1,358,68,14,24,0.86,7,-1,-1
402,-1,358,68,14,24,0.86,7,-1,-1
403,-1,357,69,14,23,0.84,7,-1,-1
403,-1,323,64,8,13,0.15,7,-1,-1
404,-1,358,68,14,22,0.84,7,-1,-1
404,-1,323,64,8,13,0.16,7,-1,-1
405,-1,357,68,14,22,0.85,7,-1,-1
405,-1,322,64,9,14,0.45,7,-1,-1
406,-1,358,67,13,22,0.85,7,-1,-1
406,-1,321,65,10,14,0.28,7,-1,-1
407,-1,358,66,12,22,0.85,7,-1,-1
407,-1,320,66,10,14,0.36,7,-1,-1
408,-1,358,66,12,22,0.85,7,-1,-1
408,-1,320,66,10,14,0.43,7,-1,-1
409,-1,358,66,12,22,0.84,7,-1,-1
409,-1,320,68,10,13,0.38,2,-1,-1
410,-1,358,66,12,22,0.84,7,-1,-1
410,-1,320,67,10,13,0.35,2,-1,-1
411,-1,358,66,12,21,0.84,7,-1,-1
411,-1,319,68,10,13,0.49,2,-1,-1
412,-1,358,66,12,20,0.84,7,-1,-1
412,-1,318,70,10,12,0.33,2,-1,-1
413,-1,358,66,12,20,0.84,7,-1,-1
413,-1,317,69,10,12,0.48,2,-1,-1
414,-1,358,66,12,20,0.84,7,-1,-1
414,-1,317,69,10,12,0.48,2,-1,-1
415,-1,358,65,12,20,0.84,7,-1,-1
415,-1,316,71,11,11,0.41,2,-1,-1
416,-1,358,64,12,20,0.84,7,-1,-1
416,-1,316,71,11,12,0.52,2,-1,-1
417,-1,358,64,12,20,0.84,7,-1,-1
417,-1,316,71,11,12,0.64,2,-1,-1
418,-1,358,64,12,20,0.83,7,-1,-1
418,-1,315,72,11,12,0.61,2,-1,-1
419,-1,358,64,12,20,0.84,7,-1,-1
419,-1,314,73,12,13,0.67,2,-1,-1
420,-1,359,63,12,20,0.84,7,-1,-1
420,-1,314,72,12,13,0.77,2,-1,-1
421,-1,360,64,11,18,0.83,7,-1,-1
421,-1,313,74,11,13,0.67,2,-1,-1
422,-1,360,63,11,19,0.82,7,-1,-1
422,-1,313,74,11,13,0.67,2,-1,-1
423,-1,360,63,11,18,0.82,7,-1,-1
423,-1,312,72,12,15,0.80,2,-1,-1
424,-1,360,62,11,18,0.81,7,-1,-1
424,-1,312,72,12,15,0.80,2,-1,-1
425,-1,360,62,11,18,0.81,7,-1,-1
425,-1,312,74,12,15,0.80,2,-1,-1
426,-1,311,75,11,14,0.82,2,-1,-1
426,-1,360,62,11,18,0.80,7,-1,-1
427,-1,310,76,12,14,0.82,2,-1,-1
427,-1,360,62,11,18,0.80,7,-1,-1
428,-1,310,76,12,14,0.83,2,-1,-1
428,-1,360,62,11,17,0.79,7,-1,-1
429,-1,310,76,12,14,0.83,2,-1,-1
429,-1,360,63,11,16,0.73,7,-1,-1
430,-1,308,78,12,14,0.79,2,-1,-1
430,-1,360,63,11,16,0.53,7,-1,-1
431,-1,308,78,12,14,0.81,2,-1,-1
431,-1,360,63,11,16,0.49,7,-1,-1
432,-1,493,346,130,178,0.92,7,-1,-1
432,-1,308,78,12,14,0.81,2,-1,-1
432,-1,361,63,11,15,0.40,7,-1,-1
433,-1,480,321,114,158,0.93,7,-1,-1
433,-1,307,79,12,14,0.79,2,-1,-1
433,-1,361,62,11,16,0.64,7,-1,-1
434,-1,472,306,106,147,0.93,7,-1,-1
434,-1,307,79,12,15,0.81,2,-1,-1
434,-1,362,61,11,16,0.62,7,-1,-1
435,-1,462,286,94,132,0.92,7,-1,-1
435,-1,306,79,12,15,0.83,2,-1,-1
435,-1,362,61,11,16,0.64,7,-1,-1
436,-1,456,274,88,124,0.93,7,-1,-1
436,-1,306,80,12,16,0.84,2,-1,-1
436,-1,362,61,11,15,0.65,7,-1,-1
437,-1,449,258,80,114,0.92,7,-1,-1
437,-1,304,79,13,17,0.83,2,-1,-1
437,-1,363,61,10,15,0.58,7,-1,-1
438,-1,444,251,76,106,0.92,7,-1,-1
438,-1,304,80,13,17,0.85,2,-1,-1
438,-1,363,61,10,15,0.59,7,-1,-1
439,-1,438,236,70,99,0.92,7,-1,-1
439,-1,304,81,13,18,0.85,2,-1,-1
439,-1,364,61,11,14,0.52,7,-1,-1
440,-1,434,228,68,96,0.92,7,-1,-1
440,-1,303,82,14,17,0.86,2,-1,-1
440,-1,363,61,11,14,0.50,7,-1,-1
441,-1,429,218,63,88,0.90,7,-1,-1
441,-1,303,82,14,17,0.86,2,-1,-1
441,-1,364,60,10,13,0.41,7,-1,-1
442,-1,426,210,61,86,0.91,7,-1,-1
442,-1,302,83,14,16,0.86,2,-1,-1
442,-1,364,60,10,13,0.37,7,-1,-1
443,-1,422,197,57,86,0.91,7,-1,-1
443,-1,302,84,14,17,0.85,2,-1,-1
443,-1,365,59,10,14,0.55,7,-1,-1
444,-1,418,195,55,80,0.91,7,-1,-1
444,-1,302,84,14,17,0.85,2,-1,-1
444,-1,365,59,10,14,0.55,7,-1,-1
445,-1,416,186,51,77,0.89,7,-1,-1
445,-1,300,85,14,18,0.85,2,-1,-1
445,-1,366,58,10,15,0.55,7,-1,-1
446,-1,413,185,50,71,0.89,7,-1,-1
446,-1,300,86,14,17,0.86,2,-1,-1
446,-1,366,58,10,14,0.54,7,-1,-1
447,-1,410,180,48,66,0.88,7,-1,-1
447,-1,300,87,14,18,0.87,2,-1,-1
447,-1,367,58,10,14,0.64,7,-1,-1
448,-1,408,175,47,66,0.89,7,-1,-1
448,-1,300,88,14,18,0.86,2,-1,-1
448,-1,367,58,10,14,0.63,7,-1,-1
449,-1,404,170,44,62,0.87,7,-1,-1
449,-1,298,88,16,19,0.85,2,-1,-1
449,-1,368,58,10,13,0.10,7,-1,-1
450,-1,402,166,43,61,0.89,7,-1,-1
450,-1,297,89,16,19,0.85,2,-1,-1
450,-1,368,58,10,13,0.10,7,-1,-1
451,-1,400,160,40,60,0.90,7,-1,-1
451,-1,296,90,16,19,0.85,2,-1,-1
452,-1,398,157,39,58,0.88,7,-1,-1
452,-1,296,91,16,19,0.85,2,-1,-1
453,-1,395,153,38,56,0.89,7,-1,-1
453,-1,296,93,16,18,0.84,2,-1,-1
454,-1,394,148,38,56,0.88,7,-1,-1
454,-1,295,93,16,20,0.85,2,-1,-1
455,-1,392,144,36,55,0.89,7,-1,-1
455,-1,294,93,16,21,0.86,2,-1,-1
456,-1,390,142,35,54,0.89,7,-1,-1
456,-1,294,95,17,20,0.86,2,-1,-1
457,-1,388,140,34,52,0.89,7,-1,-1
457,-1,293,96,17,21,0.86,2,-1,-1
458,-1,387,138,33,49,0.89,7,-1,-1
458,-1,292,97,17,20,0.87,2,-1,-1
459,-1,385,134,33,49,0.89,7,-1,-1
459,-1,292,98,17,21,0.88,2,-1,-1
460,-1,384,132,32,47,0.89,7,-1,-1
460,-1,291,99,18,21,0.88,2,-1,-1
461,-1,412,443,75,91,0.92,2,-1,-1
461,-1,383,127,30,48,0.89,7,-1,-1
461,-1,290,99,18,22,0.88,2,-1,-1
462,-1,405,413,68,98,0.92,2,-1,-1
462,-1,382,126,30,46,0.89,7,-1,-1
462,-1,289,100,18,22,0.87,2,-1,-1
463,-1,399,372,59,85,0.91,2,-1,-1
463,-1,380,125,29,44,0.89,7,-1,-1
463,-1,288,102,18,22,0.85,2,-1,-1
464,-1,394,352,55,76,0.91,2,-1,-1
464,-1,380,124,28,43,0.89,7,-1,-1
464,-1,288,104,18,22,0.86,2,-1,-1
465,-1,389,322,50,67,0.92,2,-1,-1
465,-1,378,121,28,42,0.90,7,-1,-1
465,-1,287,105,19,23,0.87,2,-1,-1
466,-1,385,306,47,62,0.91,2,-1,-1
466,-1,378,118,27,42,0.89,7,-1,-1
466,-1,286,105,19,24,0.88,2,-1,-1
467,-1,382,284,42,56,0.90,2,-1,-1
467,-1,376,116,26,41,0.89,7,-1,-1
467,-1,285,107,19,24,0.87,2,-1,-1
468,-1,379,271,39,52,0.90,2,-1,-1
468,-1,375,114,26,41,0.88,7,-1,-1
468,-1,284,108,20,25,0.85,2,-1,-1
469,-1,375,253,38,48,0.89,2,-1,-1
469,-1,374,112,25,39,0.88,7,-1,-1
469,-1,284,110,19,25,0.85,2,-1,-1
470,-1,373,243,36,46,0.90,2,-1,-1
470,-1,374,112,24,38,0.88,7,-1,-1
470,-1,282,112,20,25,0.87,2,-1,-1
471,-1,370,229,34,43,0.89,2,-1,-1
471,-1,282,114,20,24,0.89,2,-1,-1
471,-1,372,109,24,38,0.89,7,-1,-1
472,-1,372,108,24,37,0.90,7,-1,-1
472,-1,369,221,31,41,0.88,2,-1,-1
472,-1,280,116,20,25,0.87,2,-1,-1
473,-1,370,107,24,36,0.89,7,-1,-1
473,-1,366,211,30,38,0.89,2,-1,-1
473,-1,280,118,20,26,0.87,2,-1,-1
474,-1,365,203,29,37,0.89,2,-1,-1
474,-1,370,106,24,36,0.88,7,-1,-1
474,-1,278,119,21,26,0.88,2,-1,-1
475,-1,364,195,28,34,0.88,2,-1,-1
475,-1,278,121,21,27,0.88,2,-1,-1
475,-1,370,103,23,36,0.88,7,-1,-1
476,-1,363,189,26,34,0.89,2,-1,-1
476,-1,276,123,22,27,0.87,2,-1,-1
476,-1,369,103,22,35,0.86,7,-1,-1
477,-1,360,182,26,31,0.88,2,-1,-1
477,-1,368,100,22,35,0.87,7,-1,-1
477,-1,276,125,22,27,0.85,2,-1,-1
478,-1,275,126,22,29,0.87,2,-1,-1
478,-1,359,177,26,30,0.87,2,-1,-1
478,-1,368,99,22,35,0.87,7,-1,-1
479,-1,368,98,21,34,0.87,7,-1,-1
479,-1,358,171,24,28,0.87,2,-1,-1
479,-1,273,130,23,28,0.86,2,-1,-1
480,-1,367,98,21,33,0.88,7,-1,-1
480,-1,358,166,23,28,0.87,2,-1,-1
480,-1,272,132,23,28,0.86,2,-1,-1
481,-1,367,96,21,33,0.88,7,-1,-1
481,-1,356,160,22,28,0.88,2,-1,-1
481,-1,272,134,23,30,0.87,2,-1,-1
482,-1,367,95,20,32,0.88,7,-1,-1
482,-1,270,136,24,30,0.87,2,-1,-1
482,-1,356,157,22,26,0.86,2,-1,-1
483,-1,268,139,25,31,0.90,2,-1,-1
483,-1,366,94,20,31,0.88,7,-1,-1
483,-1,354,152,22,25,0.86,2,-1,-1
484,-1,268,142,24,30,0.88,2,-1,-1
484,-1,366,92,20,32,0.88,7,-1,-1
484,-1,352,149,23,25,0.85,2,-1,-1
485,-1,266,146,25,31,0.88,2,-1,-1
485,-1,365,92,20,31,0.87,7,-1,-1
485,-1,353,144,21,24,0.86,2,-1,-1
486,-1,264,148,26,32,0.88,2,-1,-1
486,-1,365,91,20,31,0.87,7,-1,-1
486,-1,353,142,20,23,0.85,2,-1,-1
487,-1,261,152,28,34,0.87,2,-1,-1
487,-1,364,90,19,30,0.87,7,-1,-1
487,-1,352,138,19,22,0.87,2,-1,-1
488,-1,364,89,19,29,0.88,7,-1,-1
488,-1,260,155,28,35,0.88,2,-1,-1
488,-1,352,136,19,22,0.85,2,-1,-1
489,-1,257,159,28,36,0.89,2,-1,-1
489,-1,364,88,19,29,0.87,7,-1,-1
489,-1,352,132,18,22,0.87,2,-1,-1
490,-1,255,162,29,36,0.90,2,-1,-1
490,-1,363,87,19,29,0.88,7,-1,-1
490,-1,351,130,18,21,0.86,2,-1,-1
491,-1,252,166,31,38,0.89,2,-1,-1
491,-1,363,86,18,30,0.88,7,-1,-1
491,-1,350,128,17,19,0.84,2,-1,-1
492,-1,250,170,32,37,0.88,2,-1,-1
492,-1,363,85,18,29,0.87,7,-1,-1
492,-1,350,127,17,18,0.85,2,-1,-1
493,-1,248,175,33,40,0.88,2,-1,-1
493,-1,362,84,18,29,0.87,7,-1,-1
493,-1,350,123,16,18,0.85,2,-1,-1
494,-1,246,180,32,41,0.89,2,-1,-1
494,-1,362,84,17,28,0.87,7,-1,-1
494,-1,350,121,16,18,0.85,2,-1,-1
495,-1,242,185,35,44,0.90,2,-1,-1
495,-1,362,83,16,27,0.87,7,-1,-1
495,-1,348,118,16,18,0.86,2,-1,-1
496,-1,240,189,35,45,0.89,2,-1,-1
496,-1,362,82,17,28,0.87,7,-1,-1
496,-1,348,117,16,18,0.85,2,-1,-1
497,-1,235,196,37,47,0.89,2,-1,-1
497,-1,362,82,16,26,0.87,7,-1,-1
497,-1,348,114,16,18,0.86,2,-1,-1
498,-1,231,201,38,48,0.89,2,-1,-1
498,-1,362,82,16,26,0.87,7,-1,-1
498,-1,347,112,16,18,0.86,2,-1,-1
499,-1,226,210,40,51,0.90,2,-1,-1
499,-1,361,81,16,25,0.86,7,-1,-1
499,-1,347,111,15,16,0.86,2,-1,-1
500,-1,222,215,42,54,0.90,2,-1,-1
500,-1,361,81,16,25,0.86,7,-1,-1
500,-1,348,111,14,15,0.84,2,-1,-1
501,-1,216,224,45,58,0.90,2,-1,-1
501,-1,361,81,16,24,0.85,7,-1,-1
501,-1,347,108,14,15,0.85,2,-1,-1
502,-1,212,229,48,62,0.87,2,-1,-1
502,-1,346,106,14,16,0.86,2,-1,-1
502,-1,360,80,16,24,0.84,7,-1,-1
503,-1,204,241,51,65,0.91,2,-1,-1
503,-1,346,104,14,16,0.85,2,-1,-1
503,-1,360,79,16,24,0.84,7,-1,-1
504,-1,198,248,53,70,0.88,2,-1,-1
504,-1,346,104,14,14,0.85,2,-1,-1
504,-1,360,79,16,24,0.83,7,-1,-1
505,-1,346,103,14,14,0.85,2,-1,-1
505,-1,360,78,16,24,0.83,7,-1,-1
505,-1,189,261,58,76,0.66,2,-1,-1
506,-1,346,101,14,14,0.84,2,-1,-1
506,-1,360,78,15,24,0.83,7,-1,-1
506,-1,182,271,60,81,0.71,7,-1,-1
507,-1,169,285,67,90,0.90,7,-1,-1
507,-1,346,100,13,14,0.83,2,-1,-1
507,-1,360,78,15,23,0.82,7,-1,-1
508,-1,161,298,71,96,0.90,7,-1,-1
508,-1,346,99,13,14,0.85,2,-1,-1
508,-1,360,77,14,22,0.80,7,-1,-1
509,-1,146,318,78,108,0.90,7,-1,-1
509,-1,345,98,12,13,0.85,2,-1,-1
509,-1,359,76,14,23,0.67,7,-1,-1
510,-1,134,333,84,117,0.91,7,-1,-1
510,-1,345,97,12,13,0.84,2,-1,-1
510,-1,359,76,14,22,0.70,7,-1,-1
511,-1,112,358,97,136,0.90,7,-1,-1
511,-1,346,96,12,12,0.80,2,-1,-1
511,-1,359,75,14,23,0.77,7,-1,-1
512,-1,97,378,104,148,0.91,7,-1,-1
512,-1,344,95,12,12,0.79,2,-1,-1
512,-1,358,74,14,22,0.74,7,-1,-1
513,-1,344,94,12,12,0.83,2,-1,-1
513,-1,359,74,13,22,0.76,7,-1,-1
514,-1,344,94,12,12,0.84,2,-1,-1
514,-1,358,74,14,22,0.78,7,-1,-1
515,-1,345,92,11,11,0.82,2,-1,-1
515,-1,358,73,14,22,0.80,7,-1,-1
516,-1,344,92,11,11,0.82,2,-1,-1
516,-1,358,73,14,22,0.77,7,-1,-1
517,-1,345,90,11,12,0.83,2,-1,-1
517,-1,358,73,13,20,0.75,7,-1,-1
518,-1,345,90,11,11,0.79,2,-1,-1
518,-1,357,72,13,20,0.74,7,-1,-1
519,-1,345,89,11,10,0.74,2,-1,-1
519,-1,358,72,12,21,0.69,7,-1,-1
520,-1,344,88,11,11,0.75,2,-1,-1
520,-1,358,71,12,20,0.59,7,-1,-1
520,-1,328,73,9,9,0.12,2,-1,-1
521,-1,345,87,10,10,0.76,2,-1,-1
521,-1,358,70,12,19,0.57,7,-1,-1
522,-1,345,86,10,10,0.75,2,-1,-1
522,-1,357,70,12,20,0.52,2,-1,-1
523,-1,345,85,10,10,0.76,2,-1,-1
523,-1,357,70,12,19,0.58,2,-1,-1
523,-1,326,75,9,9,0.29,2,-1,-1
524,-1,344,84,10,10,0.72,2,-1,-1
524,-1,357,70,12,19,0.54,2,-1,-1
524,-1,326,75,9,9,0.36,2,-1,-1
525,-1,344,83,10,10,0.75,2,-1,-1
525,-1,357,69,12,19,0.53,2,-1,-1
525,-1,324,76,10,9,0.38,2,-1,-1
526,-1,345,83,10,10,0.71,2,-1,-1
526,-1,357,69,12,19,0.55,7,-1,-1
526,-1,324,77,10,9,0.47,2,-1,-1
527,-1,344,83,10,10,0.70,2,-1,-1
527,-1,357,69,12,19,0.64,7,-1,-1
527,-1,324,78,10,9,0.47,2,-1,-1
528,-1,357,69,12,19,0.64,7,-1,-1
528,-1,324,78,10,10,0.53,2,-1,-1
528,-1,345,82,10,9,0.51,2,-1,-1
529,-1,358,68,11,19,0.73,7,-1,-1
529,-1,345,80,10,9,0.68,2,-1,-1
529,-1,322,79,10,10,0.62,2,-1,-1
530,-1,358,68,11,18,0.70,7,-1,-1
530,-1,345,80,9,9,0.69,2,-1,-1
530,-1,322,79,10,10,0.65,2,-1,-1
531,-1,345,79,9,9,0.74,2,-1,-1
531,-1,358,68,12,18,0.70,7,-1,-1
531,-1,322,80,10,10,0.64,2,-1,-1
532,-1,345,79,9,9,0.74,2,-1,-1
532,-1,358,68,12,18,0.70,7,-1,-1
532,-1,322,80,10,10,0.64,2,-1,-1
533,-1,320,82,10,10,0.72,2,-1,-1
533,-1,346,78,9,9,0.61,2,-1,-1
533,-1,358,67,11,18,0.60,7,-1,-1
534,-1,320,82,10,10,0.77,2,-1,-1
534,-1,346,78,10,9,0.68,2,-1,-1
534,-1,358,67,11,16,0.45,2,-1,-1
535,-1,320,82,10,11,0.80,2,-1,-1
535,-1,345,77,10,9,0.71,2,-1,-1
535,-1,358,66,11,17,0.48,7,-1,-1
536,-1,320,82,10,12,0.81,2,-1,-1
536,-1,346,77,9,9,0.64,2,-1,-1
536,-1,358,66,10,17,0.46,7,-1,-1
537,-1,320,84,10,12,0.80,2,-1,-1
537,-1,346,76,10,9,0.63,2,-1,-1
537,-1,359,66,10,17,0.41,2,-1,-1
538,-1,320,84,10,12,0.80,2,-1,-1
538,-1,346,76,10,9,0.64,2,-1,-1
538,-1,359,66,10,17,0.41,7,-1,-1
539,-1,318,85,11,12,0.79,2,-1,-1
539,-1,346,76,10,8,0.44,2,-1,-1
539,-1,359,66,10,16,0.41,7,-1,-1
540,-1,318,86,10,12,0.78,2,-1,-1
540,-1,359,66,10,16,0.46,7,-1,-1
540,-1,346,76,10,8,0.27,2,-1,-1
541,-1,317,88,11,11,0.74,2,-1,-1
541,-1,360,65,10,16,0.55,7,-1,-1
541,-1,346,75,10,8,0.30,2,-1,-1
542,-1,318,88,11,11,0.77,2,-1,-1
542,-1,360,65,10,16,0.49,7,-1,-1
542,-1,347,75,10,8,0.17,2,-1,-1
543,-1,317,89,12,12,0.83,2,-1,-1
543,-1,360,64,10,16,0.55,7,-1,-1
543,-1,348,72,9,9,0.28,2,-1,-1
544,-1,316,89,12,12,0.84,2,-1,-1
544,-1,360,64,10,16,0.55,7,-1,-1
544,-1,348,72,9,9,0.34,2,-1,-1
545,-1,316,90,12,13,0.85,2,-1,-1
545,-1,360,64,10,16,0.55,7,-1,-1
545,-1,348,72,9,9,0.32,2,-1,-1
546,-1,316,90,12,13,0.84,2,-1,-1
546,-1,360,64,10,16,0.54,7,-1,-1
546,-1,348,72,9,9,0.23,2,-1,-1
547,-1,315,92,12,14,0.81,2,-1,-1
547,-1,360,64,10,16,0.44,7,-1,-1
547,-1,349,72,8,8,0.37,2,-1,-1
548,-1,314,92,13,14,0.82,2,-1,-1
548,-1,361,63,10,16,0.41,7,-1,-1
548,-1,350,71,8,8,0.37,2,-1,-1
549,-1,408,356,106,178,0.89,2,-1,-1
549,-1,314,94,12,14,0.79,2,-1,-1
549,-1,361,63,10,16,0.41,7,-1,-1
549,-1,350,71,8,8,0.39,2,-1,-1
550,-1,402,334,146,201,0.82,2,-1,-1
550,-1,314,94,13,14,0.78,2,-1,-1
550,-1,350,71,8,8,0.47,2,-1,-1
550,-1,361,63,10,15,0.32,7,-1,-1
551,-1,314,96,13,14,0.83,2,-1,-1
551,-1,390,304,146,230,0.82,2,-1,-1
551,-1,362,63,10,15,0.30,2,-1,-1
551,-1,351,70,9,8,0.27,2,-1,-1
552,-1,313,97,14,14,0.84,2,-1,-1
552,-1,387,292,159,242,0.84,7,-1,-1
552,-1,351,70,8,8,0.30,2,-1,-1
552,-1,362,63,10,15,0.25,7,-1,-1
553,-1,383,271,158,263,0.86,7,-1,-1
553,-1,312,99,14,14,0.86,2,-1,-1
553,-1,352,69,9,9,0.36,2,-1,-1
553,-1,362,62,10,15,0.24,7,-1,-1
554,-1,378,260,166,272,0.88,7,-1,-1
554,-1,312,99,14,14,0.85,2,-1,-1
554,-1,362,62,10,14,0.22,7,-1,-1
555,-1,376,242,156,288,0.90,7,-1,-1
555,-1,311,102,14,14,0.85,2,-1,-1
555,-1,362,61,10,14,0.35,7,-1,-1
555,-1,352,68,9,9,0.13,2,-1,-1
556,-1,371,238,147,294,0.90,7,-1,-1
556,-1,310,103,14,14,0.84,2,-1,-1
556,-1,364,61,9,14,0.45,7,-1,-1
557,-1,370,220,141,315,0.87,7,-1,-1
557,-1,310,105,14,14,0.86,2,-1,-1
557,-1,364,61,9,14,0.40,7,-1,-1
558,-1,370,211,142,321,0.88,7,-1,-1
558,-1,310,105,14,15,0.87,2,-1,-1
558,-1,364,61,9,14,0.34,7,-1,-1
559,-1,368,202,144,332,0.88,7,-1,-1
559,-1,309,108,15,15,0.87,2,-1,-1
559,-1,365,61,8,14,0.16,7,-1,-1
560,-1,308,109,15,15,0.86,2,-1,-1
560,-1,365,61,8,13,0.15,7,-1,-1
561,-1,367,186,163,349,0.90,7,-1,-1
561,-1,308,111,14,15,0.86,2,-1,-1
562,-1,367,180,154,344,0.90,7,-1,-1
562,-1,308,112,14,16,0.87,2,-1,-1
562,-1,366,60,8,14,0.17,7,-1,-1
563,-1,363,174,133,293,0.90,7,-1,-1
563,-1,307,113,15,17,0.87,2,-1,-1
563,-1,367,57,9,15,0.21,7,-1,-1
564,-1,364,171,122,273,0.90,7,-1,-1
564,-1,306,115,15,17,0.86,2,-1,-1
564,-1,367,57,9,15,0.20,7,-1,-1
565,-1,306,117,15,17,0.86,2,-1,-1
565,-1,360,158,113,243,0.83,7,-1,-1
565,-1,367,58,9,14,0.15,7,-1,-1
566,-1,305,119,16,17,0.86,2,-1,-1
566,-1,359,157,106,232,0.84,7,-1,-1
566,-1,367,58,9,14,0.15,7,-1,-1
567,-1,490,333,123,170,0.91,7,-1,-1
567,-1,360,160,97,278,0.86,7,-1,-1
567,-1,305,121,16,18,0.86,2,-1,-1
567,-1,368,58,8,14,0.14,7,-1,-1
568,-1,484,318,113,162,0.92,7,-1,-1
568,-1,304,125,16,16,0.86,2,-1,-1
568,-1,360,156,88,176,0.85,7,-1,-1
568,-1,368,58,8,14,0.14,7,-1,-1
569,-1,474,300,104,146,0.90,7,-1,-1
569,-1,359,148,80,164,0.87,7,-1,-1
569,-1,304,126,16,18,0.87,2,-1,-1
569,-1,388,317,53,74,0.23,2,-1,-1
570,-1,469,288,97,140,0.91,7,-1,-1
570,-1,358,145,77,156,0.87,7,-1,-1
570,-1,304,128,16,18,0.87,2,-1,-1
570,-1,384,302,51,73,0.57,2,-1,-1
571,-1,462,280,90,123,0.89,7,-1,-1
571,-1,358,140,70,144,0.86,7,-1,-1
571,-1,303,128,17,22,0.85,2,-1,-1
571,-1,378,284,50,69,0.32,2,-1,-1
572,-1,458,268,85,119,0.90,7,-1,-1
572,-1,302,130,18,22,0.86,2,-1,-1
572,-1,358,139,65,133,0.82,7,-1,-1
572,-1,378,276,46,62,0.26,2,-1,-1
573,-1,450,256,80,111,0.89,7,-1,-1
573,-1,357,135,61,122,0.87,7,-1,-1
573,-1,302,136,18,20,0.85,2,-1,-1
573,-1,376,262,44,58,0.45,2,-1,-1
574,-1,445,248,78,107,0.90,7,-1,-1
574,-1,302,138,18,21,0.86,2,-1,-1
574,-1,358,133,58,118,0.76,7,-1,-1
574,-1,374,249,44,61,0.58,2,-1,-1
575,-1,440,239,72,100,0.90,7,-1,-1
575,-1,302,143,18,20,0.87,2,-1,-1
575,-1,356,130,54,108,0.85,7,-1,-1
575,-1,372,241,39,54,0.85,2,-1,-1
576,-1,437,232,68,96,0.90,7,-1,-1
576,-1,300,145,19,22,0.87,2,-1,-1
576,-1,373,235,38,52,0.86,2,-1,-1
576,-1,355,126,53,104,0.86,7,-1,-1
577,-1,432,220,65,96,0.90,7,-1,-1
577,-1,299,149,20,22,0.86,2,-1,-1
577,-1,368,223,38,52,0.77,2,-1,-1
577,-1,354,122,51,100,0.71,7,-1,-1
578,-1,430,218,62,89,0.90,7,-1,-1
578,-1,298,149,21,25,0.85,2,-1,-1
578,-1,369,217,34,49,0.83,2,-1,-1
578,-1,354,125,49,90,0.79,7,-1,-1
579,-1,425,202,60,93,0.90,7,-1,-1
579,-1,298,154,21,26,0.86,2,-1,-1
579,-1,367,209,33,46,0.83,2,-1,-1
579,-1,354,121,47,86,0.80,7,-1,-1
580,-1,422,197,58,90,0.91,7,-1,-1
580,-1,296,155,22,28,0.86,2,-1,-1
580,-1,352,118,48,131,0.82,7,-1,-1
581,-1,419,194,54,83,0.91,7,-1,-1
581,-1,295,161,22,30,0.86,2,-1,-1
581,-1,353,118,46,122,0.79,7,-1,-1
582,-1,416,189,53,82,0.89,7,-1,-1
582,-1,294,164,23,31,0.88,2,-1,-1
582,-1,364,191,31,44,0.80,2,-1,-1
583,-1,414,186,50,74,0.90,7,-1,-1
583,-1,292,170,24,30,0.89,2,-1,-1
583,-1,364,184,28,44,0.77,2,-1,-1
583,-1,357,114,21,22,0.75,2,-1,-1
583,-1,364,144,28,40,0.44,2,-1,-1
584,-1,412,186,49,70,0.90,7,-1,-1
584,-1,291,175,25,31,0.88,2,-1,-1
584,-1,352,114,42,108,0.65,7,-1,-1
584,-1,356,112,21,22,0.48,2,-1,-1
585,-1,410,183,47,66,0.89,7,-1,-1
585,-1,290,182,25,32,0.88,2,-1,-1
585,-1,352,110,40,104,0.74,7,-1,-1
586,-1,408,177,46,66,0.90,7,-1,-1
586,-1,289,185,26,34,0.88,2,-1,-1
586,-1,352,110,35,60,0.68,7,-1,-1
586,-1,362,170,28,41,0.68,2,-1,-1
587,-1,405,173,43,64,0.90,7,-1,-1
587,-1,287,192,27,37,0.87,2,-1,-1
587,-1,360,166,28,38,0.83,2,-1,-1
587,-1,352,109,34,56,0.54,7,-1,-1
588,-1,404,171,43,62,0.89,7,-1,-1
588,-1,285,199,28,37,0.87,2,-1,-1
588,-1,359,163,27,38,0.77,2,-1,-1
588,-1,356,125,28,36,0.46,2,-1,-1
589,-1,283,208,30,39,0.88,2,-1,-1
589,-1,401,166,40,59,0.88,7,-1,-1
589,-1,358,160,25,35,0.83,2,-1,-1
589,-1,352,104,32,56,0.30,7,-1,-1
590,-1,400,162,39,60,0.89,7,-1,-1
590,-1,282,215,30,40,0.88,2,-1,-1
590,-1,357,157,26,34,0.69,2,-1,-1
590,-1,354,100,16,12,0.45,2,-1,-1
590,-1,358,126,24,30,0.41,2,-1,-1
591,-1,279,226,30,43,0.90,2,-1,-1
591,-1,398,158,38,58,0.89,7,-1,-1
591,-1,357,124,24,30,0.57,2,-1,-1
591,-1,356,152,26,34,0.48,2,-1,-1
591,-1,352,100,18,20,0.16,2,-1,-1
592,-1,396,156,38,56,0.90,7,-1,-1
592,-1,277,232,32,46,0.90,2,-1,-1
592,-1,356,150,26,34,0.75,2,-1,-1
592,-1,358,120,22,30,0.67,2,-1,-1
593,-1,274,246,34,50,0.90,2,-1,-1
593,-1,394,152,37,55,0.88,7,-1,-1
593,-1,356,116,23,30,0.78,2,-1,-1
593,-1,356,146,25,34,0.76,2,-1,-1
593,-1,352,98,17,22,0.19,2,-1,-1
594,-1,271,256,36,53,0.90,2,-1,-1
594,-1,394,148,36,55,0.89,7,-1,-1
594,-1,356,144,25,33,0.85,2,-1,-1
594,-1,355,112,22,30,0.75,2,-1,-1
595,-1,266,272,38,58,0.92,2,-1,-1
595,-1,392,145,35,54,0.89,7,-1,-1
595,-1,356,140,23,32,0.80,2,-1,-1
595,-1,356,110,21,30,0.69,2,-1,-1
596,-1,263,285,40,61,0.91,2,-1,-1
596,-1,392,143,34,54,0.89,7,-1,-1
596,-1,356,111,20,26,0.78,2,-1,-1
596,-1,355,139,22,32,0.75,2,-1,-1
596,-1,352,94,15,18,0.14,2,-1,-1
597,-1,256,304,44,71,0.94,2,-1,-1
597,-1,390,140,34,52,0.90,7,-1,-1
597,-1,354,109,22,26,0.64,2,-1,-1
597,-1,354,136,23,30,0.60,2,-1,-1
597,-1,352,96,16,18,0.16,2,-1,-1
598,-1,252,319,47,78,0.91,2,-1,-1
598,-1,389,140,33,50,0.89,7,-1,-1
598,-1,354,134,22,30,0.76,2,-1,-1
598,-1,354,107,20,26,0.74,2,-1,-1
599,-1,244,345,52,90,0.92,2,-1,-1
599,-1,388,136,32,50,0.90,7,-1,-1
599,-1,353,132,22,28,0.71,2,-1,-1
599,-1,353,105,20,26,0.58,2,-1,-1
600,-1,238,366,56,100,0.91,2,-1,-1
600,-1,386,135,32,48,0.89,7,-1,-1
600,-1,352,129,22,28,0.58,2,-1,-1
600,-1,352,104,20,26,0.44,2,-1,-1
601,-1,226,406,65,116,0.93,2,-1,-1
601,-1,385,132,32,47,0.89,7,-1,-1
601,-1,352,126,21,29,0.68,2,-1,-1
601,-1,352,102,20,27,0.44,2,-1,-1
601,-1,350,90,15,16,0.26,2,-1,-1
602,-1,384,130,31,47,0.89,7,-1,-1
602,-1,352,119,21,34,0.75,2,-1,-1
602,-1,351,90,16,20,0.40,2,-1,-1
603,-1,384,127,30,47,0.88,7,-1,-1
603,-1,351,114,21,36,0.70,2,-1,-1
603,-1,352,90,15,16,0.36,2,-1,-1
604,-1,383,126,29,46,0.89,7,-1,-1
604,-1,352,118,20,30,0.73,2,-1,-1
604,-1,351,96,18,25,0.55,2,-1,-1
605,-1,382,124,29,45,0.89,7,-1,-1
605,-1,350,114,20,32,0.73,2,-1,-1
605,-1,352,91,17,24,0.17,2,-1,-1
606,-1,382,123,28,44,0.88,7,-1,-1
606,-1,350,113,20,31,0.72,2,-1,-1
606,-1,351,91,17,26,0.19,2,-1,-1
607,-1,380,120,28,44,0.88,7,-1,-1
607,-1,350,112,20,29,0.71,2,-1,-1
608,-1,380,119,28,43,0.88,7,-1,-1
608,-1,350,107,20,33,0.73,2,-1,-1
608,-1,351,87,15,19,0.10,2,-1,-1
609,-1,378,117,28,42,0.89,7,-1,-1
609,-1,349,104,20,34,0.80,2,-1,-1
610,-1,378,116,27,42,0.89,7,-1,-1
610,-1,348,103,20,33,0.79,2,-1,-1
611,-1,378,114,26,42,0.88,7,-1,-1
611,-1,348,100,19,34,0.83,2,-1,-1
612,-1,376,113,26,40,0.88,7,-1,-1
612,-1,348,100,19,32,0.83,2,-1,-1
613,-1,376,111,26,40,0.87,7,-1,-1
613,-1,348,96,19,34,0.79,2,-1,-1
614,-1,376,110,25,40,0.87,7,-1,-1
614,-1,348,98,19,32,0.79,2,-1,-1
614,-1,350,80,13,14,0.19,2,-1,-1
615,-1,375,109,24,39,0.88,7,-1,-1
615,-1,348,98,18,30,0.69,2,-1,-1
615,-1,349,80,14,17,0.15,2,-1,-1
616,-1,374,108,24,38,0.87,7,-1,-1
616,-1,348,96,18,29,0.77,2,-1,-1
616,-1,349,80,13,16,0.16,2,-1,-1
617,-1,374,107,24,36,0.89,7,-1,-1
617,-1,348,94,18,30,0.68,2,-1,-1
617,-1,349,80,14,16,0.10,2,-1,-1
618,-1,373,105,24,37,0.89,7,-1,-1
618,-1,348,89,17,34,0.71,7,-1,-1
619,-1,372,103,24,38,0.88,7,-1,-1
619,-1,348,90,17,31,0.66,7,-1,-1
620,-1,372,102,24,38,0.88,7,-1,-1
620,-1,347,91,17,29,0.70,7,-1,-1
621,-1,372,101,23,36,0.88,7,-1,-1
621,-1,347,90,16,29,0.67,7,-1,-1
622,-1,371,101,22,36,0.87,7,-1,-1
622,-1,347,89,16,29,0.69,7,-1,-1
623,-1,371,99,22,35,0.87,7,-1,-1
623,-1,347,87,16,28,0.77,2,-1,-1
624,-1,370,98,22,36,0.86,7,-1,-1
624,-1,347,85,16,30,0.75,2,-1,-1
625,-1,370,98,21,34,0.86,7,-1,-1
625,-1,347,87,16,27,0.83,2,-1,-1
626,-1,370,97,21,34,0.86,7,-1,-1
626,-1,347,83,16,30,0.75,2,-1,-1
627,-1,369,96,20,34,0.86,7,-1,-1
627,-1,347,86,16,26,0.80,2,-1,-1
628,-1,369,95,20,34,0.86,7,-1,-1
628,-1,347,84,16,27,0.72,2,-1,-1
629,-1,368,93,20,34,0.88,7,-1,-1
629,-1,348,86,15,24,0.81,2,-1,-1
630,-1,368,93,20,33,0.88,7,-1,-1
630,-1,348,84,15,25,0.80,2,-1,-1
631,-1,368,92,20,33,0.88,7,-1,-1
631,-1,348,83,14,25,0.79,2,-1,-1
632,-1,367,91,20,32,0.88,7,-1,-1
632,-1,348,82,14,25,0.80,2,-1,-1
633,-1,367,91,19,32,0.87,7,-1,-1
633,-1,348,81,14,25,0.73,2,-1,-1
634,-1,367,90,19,30,0.86,7,-1,-1
634,-1,348,81,14,24,0.79,2,-1,-1
635,-1,366,90,19,30,0.86,7,-1,-1
635,-1,348,81,14,23,0.81,2,-1,-1
636,-1,366,90,19,29,0.86,7,-1,-1
636,-1,348,80,14,23,0.78,2,-1,-1
637,-1,366,88,19,29,0.85,7,-1,-1
637,-1,348,76,14,27,0.72,7,-1,-1
638,-1,366,88,18,29,0.85,7,-1,-1
638,-1,348,76,14,26,0.68,7,-1,-1
639,-1,365,87,18,29,0.86,7,-1,-1
639,-1,348,79,13,21,0.82,2,-1,-1
640,-1,365,87,18,29,0.86,7,-1,-1
640,-1,348,75,14,25,0.67,7,-1,-1
641,-1,364,85,18,29,0.86,7,-1,-1
641,-1,348,76,13,23,0.61,7,-1,-1
642,-1,364,84,18,29,0.86,7,-1,-1
642,-1,349,78,12,20,0.77,2,-1,-1
643,-1,363,84,18,28,0.86,7,-1,-1
643,-1,349,75,12,21,0.74,2,-1,-1
644,-1,363,84,17,27,0.86,7,-1,-1
644,-1,350,76,12,20,0.76,2,-1,-1
645,-1,362,84,17,27,0.85,7,-1,-1
645,-1,350,76,12,19,0.78,2,-1,-1
646,-1,362,83,17,27,0.85,7,-1,-1
646,-1,350,78,12,18,0.79,2,-1,-1
647,-1,362,83,16,25,0.85,7,-1,-1
647,-1,350,77,12,17,0.78,2,-1,-1
648,-1,362,83,16,26,0.85,7,-1,-1
648,-1,350,78,11,16,0.79,2,-1,-1
649,-1,360,82,17,26,0.84,7,-1,-1
649,-1,351,77,12,16,0.79,2,-1,-1
650,-1,361,82,16,25,0.85,7,-1,-1
650,-1,351,78,11,15,0.77,2,-1,-1
651,-1,360,81,16,25,0.85,7,-1,-1
651,-1,351,76,12,16,0.74,2,-1,-1
652,-1,360,80,16,25,0.85,7,-1,-1
652,-1,351,75,12,16,0.73,2,-1,-1
653,-1,360,80,15,24,0.84,7,-1,-1
653,-1,351,77,11,14,0.70,2,-1,-1
654,-1,360,79,15,25,0.84,7,-1,-1
654,-1,352,77,11,14,0.69,2,-1,-1
655,-1,360,79,15,24,0.84,7,-1,-1
655,-1,352,75,11,14,0.70,2,-1,-1
656,-1,360,79,15,24,0.84,7,-1,-1
656,-1,352,75,11,14,0.70,2,-1,-1
657,-1,359,78,15,23,0.83,7,-1,-1
657,-1,352,74,10,14,0.64,2,-1,-1
658,-1,359,78,15,23,0.83,7,-1,-1
658,-1,352,75,10,13,0.64,2,-1,-1
659,-1,359,78,15,23,0.82,7,-1,-1
659,-1,352,75,10,12,0.63,2,-1,-1
660,-1,359,77,14,23,0.80,7,-1,-1
660,-1,353,75,9,12,0.59,2,-1,-1
661,-1,359,77,14,23,0.80,7,-1,-1
661,-1,353,74,10,12,0.54,2,-1,-1
662,-1,358,76,14,23,0.81,7,-1,-1
663,-1,358,75,14,23,0.82,7,-1,-1
664,-1,358,75,14,23,0.83,7,-1,-1
665,-1,358,74,14,23,0.84,7,-1,-1
666,-1,358,74,14,23,0.85,7,-1,-1
667,-1,357,73,14,23,0.86,7,-1,-1
668,-1,357,73,14,23,0.85,7,-1,-1
669,-1,357,72,14,23,0.85,7,-1,-1
670,-1,357,72,14,23,0.85,7,-1,-1
671,-1,357,72,14,23,0.85,7,-1,-1
672,-1,356,71,14,22,0.85,7,-1,-1
673,-1,356,71,14,22,0.84,7,-1,-1
674,-1,357,71,13,22,0.83,7,-1,-1
675,-1,357,70,13,22,0.84,7,-1,-1
676,-1,357,69,13,22,0.85,7,-1,-1
677,-1,357,68,13,22,0.85,7,-1,-1
678,-1,357,67,13,23,0.85,7,-1,-1
679,-1,357,67,13,23,0.85,7,-1,-1
680,-1,357,66,13,23,0.85,7,-1,-1
681,-1,357,67,12,22,0.85,7,-1,-1
682,-1,357,66,13,22,0.85,7,-1,-1
683,-1,357,66,12,22,0.85,7,-1,-1
684,-1,357,66,13,22,0.85,7,-1,-1
685,-1,358,66,12,21,0.84,7,-1,-1
686,-1,358,66,12,22,0.84,7,-1,-1
687,-1,358,66,12,21,0.83,7,-1,-1
688,-1,358,66,12,20,0.81,7,-1,-1
689,-1,358,66,12,20,0.80,7,-1,-1
690,-1,358,66,12,19,0.77,7,-1,-1
691,-1,358,67,12,19,0.73,7,-1,-1
692,-1,358,66,12,19,0.74,7,-1,-1
693,-1,358,67,11,17,0.57,7,-1,-1
694,-1,358,67,12,18,0.54,7,-1,-1
695,-1,358,68,11,15,0.57,2,-1,-1
696,-1,358,68,11,15,0.66,2,-1,-1
697,-1,358,69,10,14,0.69,2,-1,-1
697,-1,364,61,10,12,0.11,7,-1,-1
698,-1,358,69,10,14,0.71,2,-1,-1
699,-1,358,69,10,14,0.73,2,-1,-1
699,-1,365,61,10,12,0.15,2,-1,-1
700,-1,358,69,10,12,0.75,2,-1,-1
700,-1,366,60,10,11,0.30,2,-1,-1
701,-1,358,69,10,12,0.75,2,-1,-1
701,-1,366,60,10,11,0.30,2,-1,-1
702,-1,358,68,10,13,0.70,2,-1,-1
702,-1,366,61,9,11,0.24,2,-1,-1
703,-1,359,67,9,14,0.68,2,-1,-1
703,-1,367,61,9,11,0.22,2,-1,-1
704,-1,359,67,9,14,0.68,2,-1,-1
704,-1,367,61,9,11,0.22,2,-1,-1
705,-1,359,67,9,14,0.66,2,-1,-1
705,-1,367,61,9,11,0.27,2,-1,-1
706,-1,360,66,9,14,0.58,2,-1,-1
706,-1,368,61,9,11,0.18,2,-1,-1
707,-1,360,66,9,14,0.58,2,-1,-1
707,-1,368,61,9,10,0.17,2,-1,-1
708,-1,360,66,9,14,0.59,2,-1,-1
708,-1,368,61,9,10,0.17,2,-1,-1
709,-1,360,65,9,14,0.46,2,-1,-1
710,-1,360,65,9,14,0.46,2,-1,-1
711,-1,360,66,9,13,0.47,2,-1,-1
711,-1,370,62,9,13,0.10,2,-1,-1
712,-1,360,66,9,12,0.47,2,-1,-1
713,-1,360,66,9,12,0.53,2,-1,-1
714,-1,361,66,9,12,0.54,2,-1,-1
715,-1,361,66,9,12,0.55,2,-1,-1
716,-1,361,66,9,12,0.54,2,-1,-1
717,-1,361,66,9,12,0.56,2,-1,-1
718,-1,362,65,9,12,0.60,2,-1,-1
719,-1,362,64,9,12,0.60,2,-1,-1
720,-1,362,64,9,12,0.61,2,-1,-1
721,-1,362,64,9,12,0.50,2,-1,-1
722,-1,362,64,9,12,0.50,2,-1,-1
723,-1,362,64,9,12,0.32,2,-1,-1
724,-1,363,64,9,12,0.22,2,-1,-1
725,-1,363,64,9,12,0.19,2,-1,-1
726,-1,363,64,9,12,0.19,2,-1,-1
727,-1,364,62,9,12,0.20,2,-1,-1
728,-1,364,62,9,12,0.20,2,-1,-1
729,-1,364,62,9,12,0.18,2,-1,-1
730,-1,364,62,9,12,0.15,2,-1,-1
731,-1,364,62,9,12,0.23,2,-1,-1
732,-1,364,62,9,11,0.22,2,-1,-1
733,-1,366,62,8,11,0.16,2,-1,-1
734,-1,366,62,8,11,0.16,2,-1,-1
735,-1,366,62,8,10,0.23,2,-1,-1
736,-1,366,62,8,10,0.26,2,-1,-1
737,-1,367,61,8,11,0.17,2,-1,-1
738,-1,367,61,8,11,0.17,2,-1,-1
739,-1,-1,-1,-1,-1,-1,-1,-1,-1
740,-1,-1,-1,-1,-1,-1,-1,-1,-1
741,-1,-1,-1,-1,-1,-1,-1,-1,-1
742,-1,-1,-1,-1,-1,-1,-1,-1,-1
743,-1,-1,-1,-1,-1,-1,-1,-1,-1
744,-1,-1,-1,-1,-1,-1,-1,-1,-1
745,-1,-1,-1,-1,-1,-1,-1,-1,-1
746,-1,-1,-1,-1,-1,-1,-1,-1,-1
747,-1,-1,-1,-1,-1,-1,-1,-1,-1
748,-1,-1,-1,-1,-1,-1,-1,-1,-1
749,-1,-1,-1,-1,-1,-1,-1,-1,-1
750,-1,-1,-1,-1,-1,-1,-1,-1,-1
751,-1,-1,-1,-1,-1,-1,-1,-1,-1
752,-1,-1,-1,-1,-1,-1,-1,-1,-1
753,-1,-1,-1,-1,-1,-1,-1,-1,-1
754,-1,-1,-1,-1,-1,-1,-1,-1,-1
755,-1,-1,-1,-1,-1,-1,-1,-1,-1
756,-1,-1,-1,-1,-1,-1,-1,-1,-1
757,-1,-1,-1,-1,-1,-1,-1,-1,-1
758,-1,-1,-1,-1,-1,-1,-1,-1,-1
759,-1,-1,-1,-1,-1,-1,-1,-1,-1
760,-1,-1,-1,-1,-1,-1,-1,-1,-1
761,-1,-1,-1,-1,-1,-1,-1,-1,-1
762,-1,-1,-1,-1,-1,-1,-1,-1,-1
763,-1,-1,-1,-1,-1,-1,-1,-1,-1
764,-1,-1,-1,-1,-1,-1,-1,-1,-1
765,-1,-1,-1,-1,-1,-1,-1,-1,-1
766,-1,-1,-1,-1,-1,-1,-1,-1,-1
767,-1,-1,-1,-1,-1,-1,-1,-1,-1
768,-1,-1,-1,-1,-1,-1,-1,-1,-1
769,-1,-1,-1,-1,-1,-1,-1,-1,-1
770,-1,-1,-1,-1,-1,-1,-1,-1,-1
771,-1,326,67,9,9,0.19,2,-1,-1
772,-1,326,67,9,9,0.18,2,-1,-1
773,-1,-1,-1,-1,-1,-1,-1,-1,-1
774,-1,-1,-1,-1,-1,-1,-1,-1,-1
775,-1,-1,-1,-1,-1,-1,-1,-1,-1
776,-1,-1,-1,-1,-1,-1,-1,-1,-1
777,-1,322,71,8,9,0.42,2,-1,-1
778,-1,322,71,8,9,0.43,2,-1,-1
779,-1,-1,-1,-1,-1,-1,-1,-1,-1
780,-1,-1,-1,-1,-1,-1,-1,-1,-1
781,-1,-1,-1,-1,-1,-1,-1,-1,-1
782,-1,-1,-1,-1,-1,-1,-1,-1,-1
783,-1,318,74,10,9,0.16,2,-1,-1
784,-1,318,74,10,9,0.28,2,-1,-1
785,-1,316,74,10,9,0.33,2,-1,-1
786,-1,316,75,10,10,0.51,2,-1,-1
787,-1,316,76,10,10,0.34,2,-1,-1
788,-1,316,76,10,10,0.36,2,-1,-1
789,-1,314,76,10,10,0.64,2,-1,-1
790,-1,314,78,11,10,0.57,2,-1,-1
791,-1,314,79,10,10,0.49,2,-1,-1
792,-1,313,78,11,10,0.68,2,-1,-1
793,-1,312,79,11,11,0.64,2,-1,-1
794,-1,312,79,12,11,0.65,2,-1,-1
795,-1,495,426,79,90,0.92,2,-1,-1
795,-1,312,79,12,12,0.69,2,-1,-1
796,-1,483,397,70,81,0.91,2,-1,-1
796,-1,310,81,12,12,0.52,2,-1,-1
797,-1,469,362,61,67,0.93,2,-1,-1
797,-1,310,81,12,11,0.74,2,-1,-1
798,-1,460,340,56,62,0.91,2,-1,-1
798,-1,310,82,12,12,0.74,2,-1,-1
799,-1,450,313,50,55,0.91,2,-1,-1
799,-1,310,83,11,11,0.80,2,-1,-1
800,-1,444,298,46,51,0.91,2,-1,-1
800,-1,309,84,11,11,0.77,2,-1,-1
801,-1,435,277,42,47,0.91,2,-1,-1
801,-1,309,85,11,11,0.78,2,-1,-1
802,-1,430,265,40,44,0.90,2,-1,-1
802,-1,308,85,12,12,0.78,2,-1,-1
803,-1,424,249,38,42,0.90,2,-1,-1
803,-1,307,85,12,12,0.78,2,-1,-1
804,-1,419,239,36,39,0.90,2,-1,-1
804,-1,307,86,12,12,0.74,2,-1,-1
805,-1,414,226,34,36,0.90,2,-1,-1
805,-1,306,88,12,12,0.72,2,-1,-1
806,-1,411,220,32,34,0.90,2,-1,-1
806,-1,306,89,12,12,0.79,2,-1,-1
807,-1,406,208,30,32,0.90,2,-1,-1
807,-1,305,90,12,12,0.82,2,-1,-1
808,-1,404,202,28,32,0.88,2,-1,-1
808,-1,304,90,13,12,0.83,2,-1,-1
809,-1,399,191,28,32,0.87,2,-1,-1
809,-1,304,91,13,13,0.82,2,-1,-1
810,-1,398,187,26,29,0.88,2,-1,-1
810,-1,304,93,13,12,0.81,2,-1,-1
811,-1,394,180,26,27,0.89,2,-1,-1
811,-1,302,94,13,13,0.79,2,-1,-1
812,-1,392,175,25,26,0.87,2,-1,-1
812,-1,302,94,13,13,0.78,2,-1,-1
813,-1,390,169,24,26,0.89,2,-1,-1
813,-1,301,96,13,14,0.83,2,-1,-1
814,-1,387,165,23,26,0.87,2,-1,-1
814,-1,300,97,13,14,0.84,2,-1,-1
815,-1,300,98,13,14,0.85,2,-1,-1
815,-1,384,160,23,24,0.84,2,-1,-1
816,-1,384,156,22,24,0.85,2,-1,-1
816,-1,299,99,13,14,0.84,2,-1,-1
817,-1,382,152,21,22,0.86,2,-1,-1
817,-1,298,100,14,14,0.82,2,-1,-1
818,-1,380,149,20,22,0.87,2,-1,-1
818,-1,298,101,14,15,0.82,2,-1,-1
819,-1,378,145,20,21,0.86,2,-1,-1
819,-1,296,102,14,14,0.83,2,-1,-1
820,-1,377,142,20,20,0.85,2,-1,-1
820,-1,296,103,14,15,0.84,2,-1,-1
821,-1,294,106,15,15,0.87,2,-1,-1
821,-1,376,138,19,20,0.87,2,-1,-1
822,-1,294,106,15,16,0.88,2,-1,-1
822,-1,375,136,18,20,0.85,2,-1,-1
823,-1,373,132,19,20,0.86,2,-1,-1
823,-1,293,108,16,16,0.86,2,-1,-1
824,-1,372,130,18,19,0.86,2,-1,-1
824,-1,293,110,16,16,0.84,2,-1,-1
825,-1,292,112,16,16,0.87,2,-1,-1
825,-1,370,128,18,18,0.86,2,-1,-1
826,-1,291,112,16,18,0.87,2,-1,-1
826,-1,370,126,17,17,0.87,2,-1,-1
827,-1,370,123,16,17,0.86,2,-1,-1
827,-1,290,115,16,18,0.85,2,-1,-1
828,-1,368,121,17,18,0.86,2,-1,-1
828,-1,290,117,16,16,0.85,2,-1,-1
829,-1,288,118,17,18,0.87,2,-1,-1
829,-1,368,119,16,16,0.85,2,-1,-1
830,-1,288,121,17,18,0.86,2,-1,-1
830,-1,368,117,16,16,0.85,2,-1,-1
831,-1,367,114,15,16,0.86,2,-1,-1
831,-1,287,122,17,20,0.86,2,-1,-1
832,-1,366,112,15,16,0.87,2,-1,-1
832,-1,286,124,18,20,0.86,2,-1,-1
833,-1,284,128,18,18,0.87,2,-1,-1
833,-1,366,111,15,15,0.86,2,-1,-1
834,-1,284,130,18,18,0.87,2,-1,-1
834,-1,364,110,15,15,0.86,2,-1,-1
835,-1,282,132,19,20,0.88,2,-1,-1
835,-1,364,108,14,15,0.87,2,-1,-1
836,-1,364,106,15,15,0.87,2,-1,-1
836,-1,281,134,20,21,0.87,2,-1,-1
837,-1,280,137,19,21,0.87,2,-1,-1
837,-1,363,104,14,15,0.86,2,-1,-1
838,-1,278,139,20,22,0.88,2,-1,-1
838,-1,363,103,14,14,0.84,2,-1,-1
839,-1,276,143,20,23,0.86,2,-1,-1
839,-1,362,102,14,14,0.83,2,-1,-1
840,-1,275,147,20,22,0.87,2,-1,-1
840,-1,361,101,14,14,0.83,2,-1,-1
841,-1,273,150,21,24,0.85,2,-1,-1
841,-1,361,98,14,14,0.85,2,-1,-1
842,-1,272,153,21,24,0.88,2,-1,-1
842,-1,361,98,14,13,0.85,2,-1,-1
843,-1,270,158,21,24,0.86,2,-1,-1
843,-1,360,98,13,13,0.85,2,-1,-1
844,-1,268,161,22,26,0.88,2,-1,-1
844,-1,360,96,13,12,0.84,2,-1,-1
845,-1,266,166,23,28,0.86,2,-1,-1
845,-1,360,95,12,12,0.82,2,-1,-1
846,-1,264,169,24,28,0.86,2,-1,-1
846,-1,360,95,12,12,0.83,2,-1,-1
847,-1,261,176,25,28,0.88,2,-1,-1
847,-1,360,93,12,12,0.84,2,-1,-1
848,-1,259,181,25,28,0.88,2,-1,-1
848,-1,359,93,12,12,0.83,2,-1,-1
849,-1,256,187,26,31,0.88,2,-1,-1
849,-1,359,90,12,12,0.86,2,-1,-1
850,-1,254,190,27,34,0.86,2,-1,-1
850,-1,358,90,12,12,0.86,2,-1,-1
851,-1,250,201,26,32,0.90,2,-1,-1
851,-1,358,89,11,12,0.85,2,-1,-1
852,-1,248,208,28,34,0.88,2,-1,-1
852,-1,358,88,11,12,0.83,2,-1,-1
853,-1,242,218,31,36,0.89,2,-1,-1
853,-1,358,88,12,11,0.80,2,-1,-1
854,-1,240,225,32,38,0.89,2,-1,-1
854,-1,358,88,12,11,0.80,2,-1,-1
855,-1,234,233,33,44,0.90,2,-1,-1
855,-1,357,86,12,11,0.80,2,-1,-1
856,-1,230,242,35,46,0.90,2,-1,-1
856,-1,357,86,12,11,0.80,2,-1,-1
857,-1,222,257,38,50,0.90,2,-1,-1
857,-1,356,84,11,10,0.80,2,-1,-1
858,-1,216,268,41,54,0.90,2,-1,-1
858,-1,357,84,11,10,0.83,2,-1,-1
859,-1,208,286,44,60,0.91,2,-1,-1
859,-1,356,83,11,11,0.80,2,-1,-1
860,-1,201,300,46,64,0.91,2,-1,-1
860,-1,356,82,11,10,0.79,2,-1,-1
861,-1,188,324,52,74,0.91,2,-1,-1
861,-1,356,82,10,10,0.75,2,-1,-1
862,-1,178,342,57,82,0.92,2,-1,-1
862,-1,356,82,10,10,0.74,2,-1,-1
863,-1,160,373,65,99,0.92,2,-1,-1
863,-1,356,80,10,10,0.66,2,-1,-1
864,-1,145,399,72,112,0.91,2,-1,-1
864,-1,356,80,10,10,0.65,2,-1,-1
865,-1,356,80,10,10,0.60,2,-1,-1
866,-1,357,79,10,10,0.61,2,-1,-1
867,-1,356,78,10,10,0.66,2,-1,-1
868,-1,356,78,10,10,0.66,2,-1,-1
869,-1,356,76,10,10,0.64,2,-1,-1
870,-1,356,76,10,10,0.64,2,-1,-1
871,-1,356,76,10,10,0.67,2,-1,-1
872,-1,356,76,10,9,0.55,2,-1,-1
873,-1,357,75,10,9,0.58,2,-1,-1
874,-1,356,75,10,8,0.54,2,-1,-1
875,-1,357,74,10,9,0.43,2,-1,-1
876,-1,358,73,9,9,0.17,2,-1,-1
877,-1,358,73,9,9,0.18,2,-1,-1
878,-1,358,73,9,9,0.28,2,-1,-1
879,-1,358,73,9,9,0.28,2,-1,-1
880,-1,359,73,9,9,0.29,2,-1,-1
881,-1,359,73,9,9,0.30,2,-1,-1
882,-1,-1,-1,-1,-1,-1,-1,-1,-1
883,-1,360,70,8,8,0.19,2,-1,-1
884,-1,360,70,8,8,0.18,2,-1,-1
885,-1,360,70,8,8,0.33,2,-1,-1
886,-1,360,70,8,8,0.27,2,-1,-1
887,-1,-1,-1,-1,-1,-1,-1,-1,-1
888,-1,361,68,8,8,0.35,2,-1,-1
889,-1,362,68,8,8,0.11,2,-1,-1
890,-1,362,68,8,8,0.11,2,-1,-1
891,-1,-1,-1,-1,-1,-1,-1,-1,-1
892,-1,-1,-1,-1,-1,-1,-1,-1,-1
893,-1,-1,-1,-1,-1,-1,-1,-1,-1
894,-1,-1,-1,-1,-1,-1,-1,-1,-1
895,-1,-1,-1,-1,-1,-1,-1,-1,-1
896,-1,-1,-1,-1,-1,-1,-1,-1,-1
897,-1,-1,-1,-1,-1,-1,-1,-1,-1
898,-1,-1,-1,-1,-1,-1,-1,-1,-1
899,-1,-1,-1,-1,-1,-1,-1,-1,-1
900,-1,-1,-1,-1,-1,-1,-1,-1,-1
