1,-1,358,86,11,10,0.71,2,-1,-1
1,-1,326,68,8,8,0.11,2,-1,-1
2,-1,359,86,10,10,0.66,2,-1,-1
2,-1,326,68,8,8,0.10,2,-1,-1
3,-1,359,84,10,10,0.68,2,-1,-1
4,-1,359,83,10,10,0.50,2,-1,-1
5,-1,358,83,10,10,0.45,2,-1,-1
5,-1,322,70,10,9,0.21,2,-1,-1
6,-1,358,82,10,10,0.43,2,-1,-1
7,-1,358,82,10,9,0.44,2,-1,-1
7,-1,320,72,9,9,0.17,2,-1,-1
8,-1,358,82,10,9,0.43,2,-1,-1
8,-1,320,72,9,9,0.17,2,-1,-1
9,-1,358,81,9,9,0.45,2,-1,-1
10,-1,358,80,10,9,0.51,2,-1,-1
10,-1,318,74,9,8,0.27,2,-1,-1
11,-1,358,80,10,9,0.51,2,-1,-1
11,-1,317,75,10,8,0.35,2,-1,-1
12,-1,358,79,10,9,0.37,2,-1,-1
12,-1,317,75,9,8,0.17,2,-1,-1
13,-1,358,77,10,9,0.48,2,-1,-1
14,-1,358,77,10,9,0.47,2,-1,-1
14,-1,314,76,10,9,0.41,2,-1,-1
15,-1,314,78,10,9,0.51,2,-1,-1
15,-1,359,76,9,10,0.42,2,-1,-1
16,-1,313,77,10,10,0.55,2,-1,-1
16,-1,359,75,9,9,0.32,2,-1,-1
17,-1,312,78,11,10,0.61,2,-1,-1
17,-1,359,75,9,8,0.32,2,-1,-1
18,-1,312,79,10,10,0.63,2,-1,-1
18,-1,359,75,9,8,0.30,2,-1,-1
19,-1,311,80,10,10,0.65,2,-1,-1
19,-1,359,75,8,8,0.26,2,-1,-1
20,-1,310,80,11,10,0.69,2,-1,-1
20,-1,359,75,8,8,0.25,2,-1,-1
21,-1,309,81,12,10,0.68,2,-1,-1
21,-1,360,75,8,8,0.15,2,-1,-1
22,-1,308,82,12,10,0.63,2,-1,-1
22,-1,360,75,8,8,0.16,2,-1,-1
23,-1,307,82,12,10,0.61,2,-1,-1
23,-1,360,74,8,7,0.18,2,-1,-1
24,-1,306,83,12,12,0.71,2,-1,-1
25,-1,305,84,12,12,0.70,2,-1,-1
25,-1,361,72,8,8,0.21,2,-1,-1
26,-1,305,85,12,12,0.72,2,-1,-1
26,-1,361,72,8,8,0.21,2,-1,-1
27,-1,304,86,12,12,0.78,2,-1,-1
27,-1,361,72,8,8,0.22,2,-1,-1
28,-1,303,86,13,13,0.79,2,-1,-1
29,-1,302,87,13,12,0.78,2,-1,-1
30,-1,302,89,13,12,0.77,2,-1,-1
31,-1,521,408,118,130,0.93,7,-1,-1
31,-1,301,90,12,12,0.80,2,-1,-1
32,-1,300,92,13,12,0.82,2,-1,-1
33,-1,486,337,120,172,0.93,7,-1,-1
33,-1,299,93,13,13,0.81,2,-1,-1
34,-1,476,317,104,153,0.92,7,-1,-1
34,-1,298,94,14,13,0.82,2,-1,-1
35,-1,464,292,92,132,0.93,7,-1,-1
35,-1,297,96,14,13,0.80,2,-1,-1
36,-1,456,276,84,121,0.93,7,-1,-1
36,-1,296,96,14,14,0.80,2,-1,-1
37,-1,447,257,74,108,0.92,7,-1,-1
37,-1,421,478,76,60,0.85,2,-1,-1
37,-1,296,98,14,14,0.82,2,-1,-1
38,-1,414,442,72,94,0.92,2,-1,-1
38,-1,442,244,68,102,0.92,7,-1,-1
38,-1,295,99,14,14,0.83,2,-1,-1
39,-1,406,395,60,88,0.92,2,-1,-1
39,-1,432,227,64,95,0.92,7,-1,-1
39,-1,294,101,14,14,0.83,2,-1,-1
40,-1,400,370,56,77,0.92,2,-1,-1
40,-1,428,218,60,90,0.92,7,-1,-1
40,-1,293,103,15,14,0.84,2,-1,-1
41,-1,423,207,54,82,0.91,7,-1,-1
41,-1,394,338,48,66,0.90,2,-1,-1
41,-1,440,503,82,34,0.85,2,-1,-1
41,-1,291,105,16,14,0.83,2,-1,-1
42,-1,420,201,52,76,0.92,7,-1,-1
42,-1,431,462,88,76,0.91,2,-1,-1
42,-1,390,318,46,60,0.89,2,-1,-1
42,-1,290,106,16,15,0.84,2,-1,-1
43,-1,420,411,76,118,0.93,2,-1,-1
43,-1,386,294,40,52,0.90,2,-1,-1
43,-1,415,194,48,69,0.89,7,-1,-1
43,-1,290,108,16,15,0.84,2,-1,-1
44,-1,413,382,70,104,0.93,2,-1,-1
44,-1,383,279,38,49,0.91,2,-1,-1
44,-1,412,186,48,67,0.89,7,-1,-1
44,-1,289,110,16,14,0.84,2,-1,-1
45,-1,406,346,60,90,0.92,2,-1,-1
45,-1,379,260,34,44,0.90,2,-1,-1
45,-1,408,177,44,64,0.89,7,-1,-1
45,-1,288,112,16,15,0.83,2,-1,-1
46,-1,402,324,56,83,0.92,2,-1,-1
46,-1,377,247,34,44,0.90,2,-1,-1
46,-1,404,173,44,61,0.89,7,-1,-1
46,-1,286,116,16,15,0.83,2,-1,-1
46,-1,326,74,10,9,0.11,2,-1,-1
47,-1,396,299,52,74,0.91,2,-1,-1
47,-1,374,232,32,40,0.89,2,-1,-1
47,-1,402,166,40,58,0.88,7,-1,-1
47,-1,285,117,16,16,0.84,2,-1,-1
47,-1,325,74,10,9,0.22,2,-1,-1
48,-1,392,284,48,68,0.92,2,-1,-1
48,-1,400,162,40,56,0.89,7,-1,-1
48,-1,372,225,28,36,0.89,2,-1,-1
48,-1,285,119,16,16,0.84,2,-1,-1
48,-1,324,76,10,9,0.26,2,-1,-1
49,-1,388,264,44,62,0.90,2,-1,-1
49,-1,369,214,28,33,0.89,2,-1,-1
49,-1,398,156,36,54,0.89,7,-1,-1
49,-1,283,122,17,17,0.84,2,-1,-1
49,-1,324,76,10,10,0.50,2,-1,-1
50,-1,385,252,42,58,0.90,2,-1,-1
50,-1,396,152,36,51,0.89,7,-1,-1
50,-1,368,204,27,33,0.89,2,-1,-1
50,-1,282,125,17,16,0.85,2,-1,-1
50,-1,324,76,10,10,0.50,2,-1,-1
51,-1,382,237,38,52,0.90,2,-1,-1
51,-1,393,148,34,49,0.89,7,-1,-1
51,-1,367,196,24,30,0.89,2,-1,-1
51,-1,280,126,18,19,0.85,2,-1,-1
51,-1,323,78,10,10,0.36,2,-1,-1
52,-1,380,227,36,51,0.90,2,-1,-1
52,-1,392,144,32,48,0.89,7,-1,-1
52,-1,365,190,24,28,0.88,2,-1,-1
52,-1,280,131,17,16,0.84,2,-1,-1
52,-1,323,78,10,10,0.47,2,-1,-1
53,-1,379,216,32,46,0.90,2,-1,-1
53,-1,388,141,32,44,0.89,7,-1,-1
53,-1,364,181,22,28,0.88,2,-1,-1
53,-1,278,134,17,17,0.84,2,-1,-1
53,-1,323,79,10,10,0.47,2,-1,-1
54,-1,376,208,32,45,0.89,2,-1,-1
54,-1,388,136,30,46,0.88,7,-1,-1
54,-1,362,176,22,27,0.87,2,-1,-1
54,-1,276,134,18,21,0.86,2,-1,-1
54,-1,322,79,10,10,0.43,2,-1,-1
55,-1,375,198,28,42,0.89,2,-1,-1
55,-1,386,134,30,42,0.88,7,-1,-1
55,-1,361,170,20,24,0.88,2,-1,-1
55,-1,274,138,19,22,0.84,2,-1,-1
55,-1,322,80,10,10,0.58,2,-1,-1
56,-1,373,192,28,40,0.89,2,-1,-1
56,-1,360,165,20,24,0.88,2,-1,-1
56,-1,385,132,28,41,0.87,7,-1,-1
56,-1,272,142,18,22,0.87,2,-1,-1
56,-1,322,80,10,10,0.68,2,-1,-1
57,-1,371,183,28,38,0.90,2,-1,-1
57,-1,359,158,19,24,0.88,2,-1,-1
57,-1,425,494,84,44,0.87,2,-1,-1
57,-1,384,127,26,41,0.86,7,-1,-1
57,-1,270,147,20,22,0.85,2,-1,-1
57,-1,321,81,10,10,0.67,2,-1,-1
58,-1,416,455,84,82,0.91,2,-1,-1
58,-1,370,178,26,36,0.89,2,-1,-1
58,-1,359,155,18,23,0.87,2,-1,-1
58,-1,268,148,20,25,0.87,2,-1,-1
58,-1,383,125,26,39,0.87,7,-1,-1
58,-1,321,82,10,10,0.70,2,-1,-1
59,-1,408,406,68,98,0.92,2,-1,-1
59,-1,369,172,24,34,0.88,2,-1,-1
59,-1,357,149,18,22,0.88,2,-1,-1
59,-1,382,121,24,40,0.87,7,-1,-1
59,-1,264,152,22,28,0.87,2,-1,-1
59,-1,320,82,11,11,0.67,2,-1,-1
60,-1,402,379,64,88,0.92,2,-1,-1
60,-1,368,166,24,34,0.88,2,-1,-1
60,-1,263,157,22,28,0.87,2,-1,-1
60,-1,381,118,24,39,0.86,7,-1,-1
60,-1,356,146,18,22,0.86,2,-1,-1
60,-1,319,84,12,11,0.72,2,-1,-1
61,-1,396,343,56,76,0.91,2,-1,-1
61,-1,260,163,24,30,0.88,2,-1,-1
61,-1,368,161,22,32,0.88,2,-1,-1
61,-1,356,142,17,21,0.87,2,-1,-1
61,-1,378,116,24,38,0.87,7,-1,-1
61,-1,319,83,12,12,0.73,2,-1,-1
62,-1,393,322,52,72,0.91,2,-1,-1
62,-1,366,158,22,30,0.88,2,-1,-1
62,-1,257,166,24,32,0.88,2,-1,-1
62,-1,355,139,16,20,0.87,2,-1,-1
62,-1,377,113,24,38,0.86,7,-1,-1
62,-1,319,84,12,12,0.76,2,-1,-1
63,-1,387,297,48,64,0.90,2,-1,-1
63,-1,254,174,25,34,0.88,2,-1,-1
63,-1,366,152,20,30,0.88,2,-1,-1
63,-1,354,136,16,19,0.87,2,-1,-1
63,-1,376,111,24,36,0.86,7,-1,-1
63,-1,319,86,11,12,0.76,2,-1,-1
64,-1,384,282,44,60,0.90,2,-1,-1
64,-1,250,179,27,36,0.89,2,-1,-1
64,-1,374,110,24,35,0.87,7,-1,-1
64,-1,365,148,20,29,0.87,2,-1,-1
64,-1,353,132,16,20,0.87,2,-1,-1
64,-1,318,86,12,12,0.76,2,-1,-1
65,-1,381,263,40,54,0.91,2,-1,-1
65,-1,245,188,28,39,0.88,2,-1,-1
65,-1,353,129,16,18,0.87,2,-1,-1
65,-1,364,145,20,26,0.86,2,-1,-1
65,-1,374,109,20,33,0.86,7,-1,-1
65,-1,318,87,12,12,0.76,2,-1,-1
66,-1,380,250,36,54,0.90,2,-1,-1
66,-1,241,194,30,42,0.89,2,-1,-1
66,-1,373,107,21,32,0.86,7,-1,-1
66,-1,352,129,15,16,0.85,2,-1,-1
66,-1,362,142,20,26,0.83,2,-1,-1
66,-1,318,88,12,12,0.76,2,-1,-1
67,-1,376,235,36,48,0.90,2,-1,-1
67,-1,234,205,33,44,0.90,2,-1,-1
67,-1,352,123,14,18,0.88,2,-1,-1
67,-1,373,104,20,32,0.86,7,-1,-1
67,-1,362,139,19,24,0.83,2,-1,-1
67,-1,318,89,12,12,0.75,2,-1,-1
68,-1,375,226,34,46,0.91,2,-1,-1
68,-1,230,213,34,48,0.90,2,-1,-1
68,-1,372,103,20,32,0.86,7,-1,-1
68,-1,352,122,14,17,0.86,2,-1,-1
68,-1,362,138,18,22,0.82,2,-1,-1
68,-1,317,90,12,11,0.73,2,-1,-1
69,-1,371,214,32,42,0.90,2,-1,-1
69,-1,222,226,37,52,0.90,2,-1,-1
69,-1,370,101,20,30,0.85,7,-1,-1
69,-1,351,119,14,16,0.85,2,-1,-1
69,-1,360,134,18,22,0.84,2,-1,-1
69,-1,317,92,12,12,0.81,2,-1,-1
70,-1,215,236,40,56,0.90,2,-1,-1
70,-1,370,206,30,42,0.90,2,-1,-1
70,-1,351,117,14,16,0.86,2,-1,-1
70,-1,370,100,19,31,0.86,7,-1,-1
70,-1,317,92,12,12,0.82,2,-1,-1
70,-1,360,134,17,19,0.82,2,-1,-1
71,-1,369,197,28,38,0.90,2,-1,-1
71,-1,206,253,43,63,0.89,2,-1,-1
71,-1,369,98,19,30,0.85,7,-1,-1
71,-1,350,115,13,16,0.84,2,-1,-1
71,-1,316,93,13,13,0.84,2,-1,-1
71,-1,359,131,18,18,0.82,2,-1,-1
72,-1,197,266,46,68,0.92,2,-1,-1
72,-1,368,190,28,38,0.89,2,-1,-1
72,-1,369,96,18,30,0.85,7,-1,-1
72,-1,350,113,13,16,0.85,2,-1,-1
72,-1,358,128,18,18,0.83,2,-1,-1
72,-1,316,94,13,12,0.83,2,-1,-1
73,-1,182,289,51,78,0.92,2,-1,-1
73,-1,366,182,26,36,0.89,2,-1,-1
73,-1,368,95,18,30,0.86,7,-1,-1
73,-1,350,110,12,16,0.85,2,-1,-1
73,-1,316,94,12,14,0.84,2,-1,-1
73,-1,358,126,16,16,0.78,2,-1,-1
74,-1,171,308,56,87,0.90,2,-1,-1
74,-1,365,177,25,34,0.89,2,-1,-1
74,-1,367,94,19,28,0.85,7,-1,-1
74,-1,349,108,12,16,0.84,2,-1,-1
74,-1,316,95,12,14,0.83,2,-1,-1
74,-1,357,124,16,17,0.77,2,-1,-1
75,-1,148,340,66,104,0.91,2,-1,-1
75,-1,364,170,24,32,0.90,2,-1,-1
75,-1,367,92,17,28,0.85,7,-1,-1
75,-1,349,105,12,16,0.84,2,-1,-1
75,-1,314,97,14,14,0.78,2,-1,-1
75,-1,357,120,15,17,0.77,2,-1,-1
76,-1,129,366,74,120,0.92,2,-1,-1
76,-1,362,166,24,32,0.88,2,-1,-1
76,-1,366,91,18,28,0.85,7,-1,-1
76,-1,348,105,12,14,0.83,2,-1,-1
76,-1,314,98,13,14,0.80,2,-1,-1
76,-1,355,117,16,18,0.77,2,-1,-1
77,-1,88,416,96,121,0.91,2,-1,-1
77,-1,361,160,23,30,0.87,2,-1,-1
77,-1,366,90,17,28,0.85,7,-1,-1
77,-1,348,103,12,14,0.83,2,-1,-1
77,-1,313,101,14,14,0.81,2,-1,-1
77,-1,356,119,14,14,0.80,2,-1,-1
78,-1,82,459,84,78,0.91,2,-1,-1
78,-1,360,156,22,29,0.88,2,-1,-1
78,-1,366,90,16,26,0.84,7,-1,-1
78,-1,314,103,12,12,0.81,2,-1,-1
78,-1,348,102,11,13,0.78,2,-1,-1
78,-1,355,115,14,16,0.77,2,-1,-1
79,-1,359,151,22,28,0.88,2,-1,-1
79,-1,365,88,16,26,0.83,7,-1,-1
79,-1,313,104,12,12,0.81,2,-1,-1
79,-1,348,101,11,13,0.77,2,-1,-1
79,-1,354,112,14,16,0.76,2,-1,-1
80,-1,358,148,22,28,0.89,2,-1,-1
80,-1,364,87,17,26,0.83,7,-1,-1
80,-1,312,105,13,14,0.80,2,-1,-1
80,-1,347,100,12,13,0.73,2,-1,-1
80,-1,354,111,14,15,0.68,2,-1,-1
81,-1,358,144,21,26,0.88,2,-1,-1
81,-1,311,107,14,14,0.84,2,-1,-1
81,-1,364,86,16,26,0.83,7,-1,-1
81,-1,353,109,14,14,0.82,2,-1,-1
81,-1,347,98,10,13,0.58,2,-1,-1
82,-1,357,140,20,26,0.88,2,-1,-1
82,-1,311,108,14,14,0.84,2,-1,-1
82,-1,364,85,16,26,0.82,7,-1,-1
82,-1,353,108,14,14,0.75,2,-1,-1
82,-1,346,97,11,12,0.49,2,-1,-1
83,-1,356,137,20,24,0.87,2,-1,-1
83,-1,310,110,14,14,0.86,2,-1,-1
83,-1,364,84,16,24,0.82,7,-1,-1
83,-1,352,107,14,12,0.72,2,-1,-1
83,-1,347,96,11,12,0.47,2,-1,-1
84,-1,356,135,19,24,0.87,2,-1,-1
84,-1,310,110,14,15,0.85,2,-1,-1
84,-1,364,84,16,24,0.81,7,-1,-1
84,-1,351,105,14,13,0.71,2,-1,-1
84,-1,347,95,10,11,0.45,2,-1,-1
85,-1,355,131,18,23,0.87,2,-1,-1
85,-1,310,112,14,16,0.84,2,-1,-1
85,-1,363,82,16,24,0.82,7,-1,-1
85,-1,351,104,13,12,0.68,2,-1,-1
85,-1,346,94,12,11,0.46,2,-1,-1
86,-1,354,128,18,23,0.86,2,-1,-1
86,-1,309,114,15,16,0.82,2,-1,-1
86,-1,363,82,15,24,0.81,7,-1,-1
86,-1,351,103,13,12,0.69,2,-1,-1
86,-1,346,93,12,10,0.31,2,-1,-1
87,-1,354,126,17,22,0.87,2,-1,-1
87,-1,309,117,15,16,0.86,2,-1,-1
87,-1,363,80,15,24,0.82,7,-1,-1
87,-1,350,101,13,12,0.66,2,-1,-1
87,-1,347,92,10,10,0.22,2,-1,-1
88,-1,353,124,18,21,0.87,2,-1,-1
88,-1,308,118,15,16,0.86,2,-1,-1
88,-1,362,80,15,24,0.82,7,-1,-1
88,-1,350,100,13,12,0.69,2,-1,-1
88,-1,346,92,12,10,0.19,2,-1,-1
89,-1,353,120,16,22,0.86,2,-1,-1
89,-1,308,122,15,16,0.82,2,-1,-1
89,-1,363,79,14,23,0.82,7,-1,-1
89,-1,350,99,12,12,0.64,2,-1,-1
89,-1,348,90,10,10,0.13,2,-1,-1
90,-1,353,118,16,21,0.87,2,-1,-1
90,-1,307,124,16,16,0.86,2,-1,-1
90,-1,363,79,14,22,0.81,7,-1,-1
90,-1,350,96,11,12,0.60,2,-1,-1
91,-1,306,125,16,18,0.87,2,-1,-1
91,-1,352,117,16,20,0.86,2,-1,-1
91,-1,362,78,14,22,0.79,7,-1,-1
91,-1,350,96,11,11,0.73,2,-1,-1
92,-1,305,127,18,18,0.86,2,-1,-1
92,-1,352,115,16,19,0.85,2,-1,-1
92,-1,362,76,14,23,0.78,7,-1,-1
92,-1,349,92,12,14,0.62,2,-1,-1
93,-1,304,130,18,18,0.85,2,-1,-1
93,-1,351,112,16,19,0.84,2,-1,-1
93,-1,362,76,14,22,0.75,7,-1,-1
93,-1,348,94,12,11,0.71,2,-1,-1
94,-1,304,132,18,19,0.86,2,-1,-1
94,-1,350,110,16,20,0.84,2,-1,-1
94,-1,361,76,14,22,0.71,7,-1,-1
94,-1,348,92,12,11,0.69,2,-1,-1
95,-1,303,135,18,20,0.86,2,-1,-1
95,-1,350,109,16,18,0.84,2,-1,-1
95,-1,361,75,14,22,0.74,7,-1,-1
95,-1,348,91,12,11,0.64,2,-1,-1
96,-1,303,136,18,22,0.85,2,-1,-1
96,-1,350,108,15,18,0.84,2,-1,-1
96,-1,361,75,13,22,0.63,7,-1,-1
96,-1,348,92,12,10,0.60,2,-1,-1
97,-1,303,141,18,22,0.87,2,-1,-1
97,-1,351,105,14,18,0.84,2,-1,-1
97,-1,348,88,11,10,0.63,2,-1,-1
97,-1,360,74,13,20,0.58,7,-1,-1
98,-1,302,143,19,22,0.86,2,-1,-1
98,-1,350,104,14,18,0.83,2,-1,-1
98,-1,360,74,13,20,0.59,7,-1,-1
98,-1,348,90,11,8,0.56,2,-1,-1
99,-1,301,147,20,24,0.88,2,-1,-1
99,-1,350,102,14,18,0.84,2,-1,-1
99,-1,348,88,12,10,0.54,2,-1,-1
99,-1,360,74,12,19,0.53,2,-1,-1
100,-1,300,150,20,24,0.88,2,-1,-1
100,-1,349,102,14,16,0.84,2,-1,-1
100,-1,347,87,12,10,0.61,2,-1,-1
100,-1,360,72,12,20,0.48,7,-1,-1
101,-1,298,155,21,25,0.88,2,-1,-1
101,-1,348,99,14,17,0.82,2,-1,-1
101,-1,359,72,12,19,0.47,2,-1,-1
101,-1,347,88,12,8,0.29,2,-1,-1
102,-1,298,158,22,26,0.87,2,-1,-1
102,-1,348,99,14,16,0.83,2,-1,-1
102,-1,359,72,12,19,0.50,2,-1,-1
102,-1,347,88,13,6,0.14,2,-1,-1
103,-1,296,164,22,27,0.87,2,-1,-1
103,-1,348,95,14,18,0.81,2,-1,-1
103,-1,358,72,12,18,0.53,2,-1,-1
104,-1,296,168,22,26,0.87,2,-1,-1
104,-1,347,96,14,16,0.82,2,-1,-1
104,-1,359,70,12,20,0.45,2,-1,-1
104,-1,349,82,11,9,0.11,2,-1,-1
105,-1,295,174,22,28,0.87,2,-1,-1
105,-1,548,455,92,82,0.87,7,-1,-1
105,-1,348,94,13,16,0.79,2,-1,-1
105,-1,359,70,10,18,0.45,2,-1,-1
105,-1,349,82,12,8,0.12,2,-1,-1
106,-1,532,424,108,112,0.92,7,-1,-1
106,-1,293,178,24,30,0.89,2,-1,-1
106,-1,348,92,12,16,0.83,2,-1,-1
106,-1,359,70,10,18,0.51,2,-1,-1
107,-1,513,387,126,150,0.93,7,-1,-1
107,-1,290,184,26,32,0.89,2,-1,-1
107,-1,348,93,12,14,0.81,2,-1,-1
107,-1,359,71,10,16,0.51,2,-1,-1
108,-1,500,363,140,174,0.92,7,-1,-1
108,-1,289,189,26,34,0.89,2,-1,-1
108,-1,348,90,12,16,0.77,2,-1,-1
108,-1,359,70,10,17,0.48,2,-1,-1
109,-1,488,335,150,202,0.92,7,-1,-1
109,-1,287,199,28,34,0.89,2,-1,-1
109,-1,348,88,12,17,0.80,2,-1,-1
109,-1,359,70,10,16,0.54,2,-1,-1
110,-1,482,321,156,215,0.92,7,-1,-1
110,-1,286,204,28,36,0.90,2,-1,-1
110,-1,347,89,12,15,0.79,2,-1,-1
110,-1,359,70,10,15,0.60,2,-1,-1
111,-1,471,298,168,239,0.93,7,-1,-1
111,-1,283,214,30,39,0.90,2,-1,-1
111,-1,347,88,12,15,0.78,2,-1,-1
111,-1,358,71,10,14,0.59,2,-1,-1
112,-1,463,286,176,250,0.92,7,-1,-1
112,-1,281,221,31,42,0.90,2,-1,-1
112,-1,347,87,12,14,0.76,2,-1,-1
112,-1,358,71,10,14,0.53,2,-1,-1
113,-1,456,270,180,266,0.93,7,-1,-1
113,-1,278,233,32,45,0.90,2,-1,-1
113,-1,347,85,12,14,0.77,2,-1,-1
113,-1,358,70,10,14,0.64,2,-1,-1
114,-1,448,260,188,275,0.94,7,-1,-1
114,-1,275,241,34,48,0.90,2,-1,-1
114,-1,347,84,12,15,0.76,2,-1,-1
114,-1,359,68,10,15,0.63,2,-1,-1
115,-1,439,245,198,288,0.95,7,-1,-1
115,-1,271,257,37,52,0.91,2,-1,-1
115,-1,347,84,12,14,0.74,2,-1,-1
115,-1,359,69,10,14,0.63,2,-1,-1
116,-1,436,237,200,296,0.94,7,-1,-1
116,-1,268,267,39,56,0.91,2,-1,-1
116,-1,347,85,11,12,0.72,2,-1,-1
116,-1,359,68,10,14,0.55,2,-1,-1
117,-1,432,227,202,306,0.93,7,-1,-1
117,-1,262,287,42,62,0.90,2,-1,-1
117,-1,346,84,12,12,0.66,2,-1,-1
117,-1,360,66,10,16,0.20,2,-1,-1
118,-1,430,219,204,314,0.93,7,-1,-1
118,-1,257,300,46,68,0.91,2,-1,-1
118,-1,346,84,11,12,0.62,2,-1,-1
118,-1,359,66,10,16,0.17,2,-1,-1
119,-1,426,209,208,324,0.91,7,-1,-1
119,-1,250,326,49,77,0.91,2,-1,-1
119,-1,346,83,11,12,0.67,2,-1,-1
119,-1,424,212,94,134,0.51,7,-1,-1
120,-1,244,345,53,86,0.93,2,-1,-1
120,-1,424,205,200,328,0.88,7,-1,-1
120,-1,346,82,11,12,0.65,2,-1,-1
120,-1,420,207,92,127,0.43,7,-1,-1
121,-1,233,380,60,102,0.91,2,-1,-1
121,-1,418,195,180,310,0.87,7,-1,-1
121,-1,346,82,10,11,0.61,2,-1,-1
121,-1,417,199,80,118,0.26,7,-1,-1
122,-1,225,407,64,116,0.93,2,-1,-1
122,-1,412,190,168,286,0.88,7,-1,-1
122,-1,346,82,10,11,0.61,2,-1,-1
123,-1,210,458,74,78,0.91,2,-1,-1
123,-1,412,182,148,256,0.89,7,-1,-1
123,-1,346,80,10,11,0.63,2,-1,-1
124,-1,411,180,138,239,0.91,7,-1,-1
124,-1,209,501,67,36,0.87,2,-1,-1
124,-1,346,81,10,10,0.60,2,-1,-1
124,-1,362,69,9,10,0.10,2,-1,-1
125,-1,406,175,128,218,0.88,7,-1,-1
125,-1,407,176,56,94,0.66,7,-1,-1
125,-1,346,80,10,10,0.58,2,-1,-1
125,-1,362,69,9,10,0.14,2,-1,-1
126,-1,404,172,120,205,0.89,7,-1,-1
126,-1,346,80,10,10,0.55,2,-1,-1
127,-1,402,166,112,190,0.91,7,-1,-1
127,-1,347,78,10,10,0.46,2,-1,-1
128,-1,400,164,106,178,0.91,7,-1,-1
128,-1,347,78,10,10,0.43,2,-1,-1
129,-1,397,158,98,166,0.92,7,-1,-1
129,-1,347,77,10,10,0.47,2,-1,-1
130,-1,396,156,94,157,0.92,7,-1,-1
130,-1,348,77,9,10,0.41,2,-1,-1
131,-1,394,152,88,146,0.93,7,-1,-1
131,-1,348,76,9,10,0.44,2,-1,-1
132,-1,394,150,84,140,0.92,7,-1,-1
132,-1,348,76,9,10,0.50,2,-1,-1
133,-1,392,146,80,132,0.92,7,-1,-1
133,-1,348,76,9,8,0.38,2,-1,-1
134,-1,390,144,76,126,0.91,7,-1,-1
134,-1,348,75,10,9,0.40,2,-1,-1
135,-1,390,143,72,120,0.91,7,-1,-1
135,-1,349,75,8,8,0.44,2,-1,-1
136,-1,388,139,70,114,0.92,7,-1,-1
136,-1,349,75,8,8,0.40,2,-1,-1
137,-1,387,137,66,110,0.92,7,-1,-1
137,-1,349,74,8,8,0.45,2,-1,-1
138,-1,386,134,64,105,0.91,7,-1,-1
138,-1,350,73,8,8,0.40,2,-1,-1
139,-1,384,131,60,100,0.91,7,-1,-1
139,-1,350,72,8,9,0.41,2,-1,-1
140,-1,382,130,60,96,0.91,7,-1,-1
140,-1,350,73,8,8,0.36,2,-1,-1
141,-1,382,128,56,90,0.90,7,-1,-1
141,-1,351,72,8,8,0.27,2,-1,-1
142,-1,382,126,54,88,0.90,7,-1,-1
142,-1,352,71,8,8,0.16,2,-1,-1
143,-1,380,124,52,84,0.90,7,-1,-1
143,-1,352,70,8,8,0.18,2,-1,-1
144,-1,380,122,52,83,0.90,7,-1,-1
144,-1,352,70,8,8,0.15,2,-1,-1
145,-1,379,120,48,79,0.90,7,-1,-1
145,-1,353,69,8,8,0.19,2,-1,-1
146,-1,378,119,48,77,0.90,7,-1,-1
146,-1,353,69,8,8,0.19,2,-1,-1
147,-1,377,116,46,74,0.89,7,-1,-1
147,-1,354,68,8,9,0.43,2,-1,-1
148,-1,377,114,44,73,0.90,7,-1,-1
148,-1,354,67,8,10,0.21,2,-1,-1
149,-1,375,112,44,71,0.90,7,-1,-1
149,-1,355,67,8,9,0.30,2,-1,-1
150,-1,376,112,42,68,0.91,7,-1,-1
150,-1,355,67,8,9,0.28,2,-1,-1
151,-1,375,111,40,65,0.90,7,-1,-1
152,-1,374,110,40,64,0.90,7,-1,-1
152,-1,356,67,8,8,0.13,2,-1,-1
153,-1,372,108,40,62,0.89,7,-1,-1
154,-1,373,107,38,61,0.89,7,-1,-1
155,-1,372,106,36,59,0.90,7,-1,-1
156,-1,372,104,36,58,0.90,7,-1,-1
157,-1,371,104,36,56,0.90,7,-1,-1
158,-1,371,102,34,55,0.90,7,-1,-1
159,-1,370,100,34,54,0.90,7,-1,-1
160,-1,371,100,32,53,0.90,7,-1,-1
161,-1,370,98,32,52,0.90,7,-1,-1
162,-1,370,98,32,50,0.89,7,-1,-1
163,-1,369,96,30,50,0.88,7,-1,-1
164,-1,369,96,30,48,0.89,7,-1,-1
165,-1,368,95,30,47,0.89,7,-1,-1
166,-1,369,95,28,46,0.89,7,-1,-1
167,-1,368,94,27,44,0.89,7,-1,-1
168,-1,368,92,27,44,0.88,7,-1,-1
169,-1,367,92,26,42,0.87,7,-1,-1
170,-1,367,92,26,42,0.88,7,-1,-1
171,-1,366,90,26,41,0.87,7,-1,-1
172,-1,367,90,24,40,0.87,7,-1,-1
173,-1,366,89,25,39,0.88,7,-1,-1
174,-1,366,89,24,38,0.87,7,-1,-1
175,-1,367,89,22,36,0.87,7,-1,-1
176,-1,366,88,23,36,0.87,7,-1,-1
177,-1,366,88,22,36,0.86,7,-1,-1
178,-1,365,88,22,34,0.85,7,-1,-1
179,-1,365,88,22,33,0.87,7,-1,-1
180,-1,364,88,22,32,0.86,7,-1,-1
181,-1,365,88,21,30,0.81,7,-1,-1
182,-1,365,87,20,30,0.69,7,-1,-1
183,-1,364,86,20,30,0.79,7,-1,-1
184,-1,364,86,20,30,0.70,7,-1,-1
185,-1,364,84,20,30,0.81,7,-1,-1
186,-1,363,84,20,29,0.61,7,-1,-1
187,-1,362,82,20,30,0.79,7,-1,-1
188,-1,362,83,20,28,0.83,7,-1,-1
189,-1,362,83,20,27,0.76,7,-1,-1
190,-1,363,83,18,26,0.78,7,-1,-1
191,-1,362,82,18,26,0.79,7,-1,-1
192,-1,362,83,17,24,0.65,7,-1,-1
193,-1,362,82,18,24,0.49,7,-1,-1
194,-1,362,82,17,24,0.63,2,-1,-1
195,-1,362,80,16,24,0.55,2,-1,-1
196,-1,360,80,17,24,0.71,2,-1,-1
197,-1,360,80,17,24,0.68,2,-1,-1
198,-1,360,79,17,24,0.55,2,-1,-1
199,-1,360,78,17,24,0.65,7,-1,-1
200,-1,360,77,16,24,0.56,2,-1,-1
201,-1,360,76,16,24,0.52,7,-1,-1
202,-1,360,76,16,24,0.51,7,-1,-1
203,-1,360,75,16,24,0.55,7,-1,-1
204,-1,360,75,16,24,0.55,2,-1,-1
205,-1,360,74,16,23,0.57,2,-1,-1
206,-1,360,75,15,22,0.64,2,-1,-1
207,-1,360,74,15,22,0.54,2,-1,-1
208,-1,359,74,16,22,0.56,2,-1,-1
209,-1,360,74,14,20,0.77,2,-1,-1
210,-1,360,74,14,20,0.75,2,-1,-1
211,-1,360,74,13,19,0.77,2,-1,-1
212,-1,360,74,13,18,0.78,2,-1,-1
213,-1,360,74,13,18,0.78,2,-1,-1
214,-1,360,73,13,19,0.76,2,-1,-1
215,-1,360,73,12,18,0.76,2,-1,-1
216,-1,358,73,14,18,0.75,2,-1,-1
217,-1,359,74,14,16,0.76,2,-1,-1
218,-1,359,75,13,15,0.74,2,-1,-1
219,-1,359,75,13,15,0.73,2,-1,-1
220,-1,358,74,13,16,0.72,2,-1,-1
221,-1,359,73,12,16,0.67,2,-1,-1
222,-1,359,72,12,16,0.68,2,-1,-1
223,-1,359,74,12,14,0.67,2,-1,-1
224,-1,359,74,12,14,0.68,2,-1,-1
225,-1,360,74,10,13,0.67,2,-1,-1
226,-1,360,74,10,13,0.67,2,-1,-1
227,-1,359,74,10,12,0.62,2,-1,-1
228,-1,359,74,10,11,0.60,2,-1,-1
229,-1,359,73,10,12,0.61,2,-1,-1
230,-1,359,70,11,14,0.67,2,-1,-1
231,-1,359,71,11,13,0.65,2,-1,-1
232,-1,360,70,10,13,0.67,2,-1,-1
233,-1,360,72,10,12,0.62,2,-1,-1
234,-1,360,71,10,12,0.63,2,-1,-1
235,-1,360,73,10,10,0.50,2,-1,-1
236,-1,360,71,10,12,0.50,2,-1,-1
237,-1,360,69,10,14,0.46,2,-1,-1
238,-1,360,68,10,14,0.55,2,-1,-1
239,-1,360,68,10,14,0.55,2,-1,-1
240,-1,360,65,10,16,0.47,2,-1,-1
241,-1,360,65,10,16,0.49,2,-1,-1
242,-1,360,68,10,13,0.57,2,-1,-1
243,-1,360,69,10,12,0.53,2,-1,-1
244,-1,360,70,10,11,0.54,2,-1,-1
245,-1,360,67,10,12,0.51,2,-1,-1
246,-1,360,67,10,12,0.51,2,-1,-1
247,-1,360,64,10,14,0.55,2,-1,-1
248,-1,360,66,10,13,0.55,2,-1,-1
249,-1,361,66,10,13,0.44,2,-1,-1
250,-1,361,66,10,13,0.45,2,-1,-1
251,-1,362,66,9,11,0.35,2,-1,-1
252,-1,362,66,9,10,0.44,2,-1,-1
253,-1,362,66,9,10,0.43,2,-1,-1
254,-1,362,64,10,12,0.47,2,-1,-1
255,-1,362,64,10,12,0.41,2,-1,-1
255,-1,326,73,10,10,0.27,2,-1,-1
256,-1,363,62,10,13,0.31,2,-1,-1
256,-1,326,74,10,9,0.24,2,-1,-1
258,-1,326,76,9,9,0.32,2,-1,-1
259,-1,326,76,9,9,0.37,2,-1,-1
260,-1,326,76,9,9,0.36,2,-1,-1
261,-1,325,77,10,10,0.32,2,-1,-1
262,-1,325,77,10,10,0.31,2,-1,-1
263,-1,324,78,10,10,0.21,2,-1,-1
264,-1,324,78,10,11,0.41,2,-1,-1
265,-1,324,78,10,10,0.29,2,-1,-1
266,-1,324,80,9,10,0.21,2,-1,-1
267,-1,324,80,9,10,0.46,2,-1,-1
268,-1,323,80,10,10,0.52,2,-1,-1
269,-1,322,82,10,10,0.50,2,-1,-1
270,-1,322,82,10,10,0.63,2,-1,-1
271,-1,322,82,10,10,0.69,2,-1,-1
272,-1,321,82,11,11,0.58,2,-1,-1
273,-1,321,82,11,12,0.69,2,-1,-1
274,-1,321,83,10,12,0.70,2,-1,-1
275,-1,320,84,11,12,0.75,2,-1,-1
276,-1,320,84,12,12,0.74,2,-1,-1
277,-1,319,85,12,12,0.77,2,-1,-1
278,-1,319,85,12,12,0.78,2,-1,-1
279,-1,319,86,12,12,0.79,2,-1,-1
280,-1,319,87,12,12,0.79,2,-1,-1
281,-1,318,88,12,12,0.73,2,-1,-1
282,-1,318,89,12,12,0.80,2,-1,-1
283,-1,317,90,12,12,0.79,2,-1,-1
283,-1,325,72,8,8,0.10,2,-1,-1
284,-1,317,90,12,13,0.82,2,-1,-1
284,-1,325,72,8,8,0.11,2,-1,-1
285,-1,317,91,12,14,0.84,2,-1,-1
286,-1,317,92,12,14,0.85,2,-1,-1
287,-1,316,92,14,14,0.85,2,-1,-1
288,-1,315,93,14,14,0.84,2,-1,-1
289,-1,315,94,14,14,0.85,2,-1,-1
289,-1,321,75,10,8,0.11,2,-1,-1
290,-1,314,94,14,15,0.84,2,-1,-1
290,-1,320,75,9,8,0.15,2,-1,-1
291,-1,314,96,14,14,0.82,2,-1,-1
291,-1,319,76,9,8,0.13,2,-1,-1
292,-1,313,97,14,16,0.81,2,-1,-1
292,-1,317,76,10,9,0.42,2,-1,-1
293,-1,313,98,14,15,0.82,2,-1,-1
293,-1,317,76,10,10,0.52,2,-1,-1
294,-1,312,99,14,15,0.83,2,-1,-1
294,-1,316,77,10,10,0.44,2,-1,-1
295,-1,312,101,14,14,0.85,2,-1,-1
295,-1,316,78,10,10,0.53,2,-1,-1
296,-1,312,102,14,14,0.85,2,-1,-1
296,-1,316,78,10,10,0.51,2,-1,-1
297,-1,312,102,14,15,0.85,2,-1,-1
297,-1,314,78,10,10,0.41,2,-1,-1
298,-1,311,105,14,14,0.84,2,-1,-1
298,-1,314,79,11,10,0.53,2,-1,-1
299,-1,311,106,14,16,0.85,2,-1,-1
299,-1,312,81,11,10,0.56,2,-1,-1
300,-1,311,106,14,16,0.85,2,-1,-1
300,-1,312,80,10,10,0.67,2,-1,-1
301,-1,310,108,14,16,0.87,2,-1,-1
301,-1,312,81,10,11,0.64,2,-1,-1
302,-1,310,110,14,15,0.87,2,-1,-1
302,-1,310,81,11,11,0.68,2,-1,-1
303,-1,309,111,15,16,0.86,2,-1,-1
303,-1,309,82,12,12,0.66,2,-1,-1
304,-1,308,111,16,17,0.86,2,-1,-1
304,-1,308,83,12,12,0.73,2,-1,-1
305,-1,308,114,15,17,0.86,2,-1,-1
305,-1,308,83,12,12,0.73,2,-1,-1
306,-1,308,114,15,18,0.87,2,-1,-1
306,-1,307,85,12,12,0.63,2,-1,-1
307,-1,308,116,15,18,0.87,2,-1,-1
307,-1,306,86,12,12,0.69,2,-1,-1
308,-1,307,118,16,18,0.86,2,-1,-1
308,-1,306,86,12,12,0.70,2,-1,-1
309,-1,306,120,16,18,0.86,2,-1,-1
309,-1,305,87,12,12,0.74,2,-1,-1
310,-1,306,121,17,18,0.86,2,-1,-1
310,-1,304,88,12,12,0.73,2,-1,-1
311,-1,306,122,17,19,0.86,2,-1,-1
311,-1,304,89,12,12,0.71,2,-1,-1
312,-1,305,124,17,20,0.86,2,-1,-1
312,-1,304,90,12,12,0.72,2,-1,-1
313,-1,304,127,18,20,0.87,2,-1,-1
313,-1,302,92,12,12,0.81,2,-1,-1
314,-1,304,129,18,20,0.87,2,-1,-1
314,-1,302,92,12,12,0.81,2,-1,-1
315,-1,304,132,18,20,0.87,2,-1,-1
315,-1,301,93,12,13,0.82,2,-1,-1
316,-1,303,134,18,20,0.87,2,-1,-1
316,-1,301,94,12,13,0.83,2,-1,-1
317,-1,303,136,18,21,0.87,2,-1,-1
317,-1,300,94,13,14,0.82,2,-1,-1
318,-1,302,138,18,22,0.86,2,-1,-1
318,-1,299,95,12,14,0.79,2,-1,-1
319,-1,302,140,18,23,0.88,2,-1,-1
319,-1,297,96,14,14,0.79,2,-1,-1
320,-1,302,144,19,23,0.87,2,-1,-1
320,-1,297,97,14,15,0.81,2,-1,-1
321,-1,302,147,18,22,0.87,2,-1,-1
321,-1,296,98,14,16,0.82,2,-1,-1
322,-1,300,149,19,24,0.88,2,-1,-1
322,-1,295,100,14,15,0.83,2,-1,-1
323,-1,299,154,20,24,0.86,2,-1,-1
323,-1,294,100,14,16,0.83,2,-1,-1
324,-1,299,156,20,25,0.88,2,-1,-1
324,-1,294,103,14,14,0.82,2,-1,-1
325,-1,298,160,20,26,0.85,2,-1,-1
325,-1,293,104,14,16,0.83,2,-1,-1
326,-1,297,163,22,26,0.88,2,-1,-1
326,-1,292,106,14,15,0.83,2,-1,-1
327,-1,296,168,21,26,0.87,2,-1,-1
327,-1,291,106,14,16,0.84,2,-1,-1
328,-1,295,170,22,29,0.88,2,-1,-1
328,-1,290,106,15,18,0.84,2,-1,-1
329,-1,295,176,22,28,0.89,2,-1,-1
329,-1,289,109,14,16,0.84,2,-1,-1
330,-1,294,179,22,30,0.89,2,-1,-1
330,-1,289,110,14,16,0.84,2,-1,-1
331,-1,292,184,24,32,0.89,2,-1,-1
331,-1,288,112,15,18,0.82,2,-1,-1
332,-1,290,189,24,32,0.89,2,-1,-1
332,-1,286,114,15,18,0.82,2,-1,-1
333,-1,289,195,25,34,0.90,2,-1,-1
333,-1,286,116,15,18,0.85,2,-1,-1
334,-1,288,199,26,36,0.89,2,-1,-1
334,-1,284,117,16,18,0.85,2,-1,-1
335,-1,286,207,27,38,0.89,2,-1,-1
335,-1,283,121,16,17,0.84,2,-1,-1
336,-1,284,213,28,38,0.90,2,-1,-1
336,-1,282,123,16,17,0.84,2,-1,-1
337,-1,283,222,28,40,0.90,2,-1,-1
337,-1,281,124,16,18,0.84,2,-1,-1
338,-1,281,228,30,42,0.90,2,-1,-1
338,-1,280,126,16,18,0.85,2,-1,-1
339,-1,278,238,31,45,0.90,2,-1,-1
339,-1,278,129,17,19,0.85,2,-1,-1
340,-1,276,246,32,47,0.90,2,-1,-1
340,-1,278,132,16,18,0.84,2,-1,-1
341,-1,273,258,34,50,0.91,2,-1,-1
341,-1,276,133,18,20,0.86,2,-1,-1
342,-1,270,267,36,53,0.90,2,-1,-1
342,-1,274,134,18,22,0.86,2,-1,-1
343,-1,266,282,38,57,0.91,2,-1,-1
343,-1,273,136,18,22,0.85,2,-1,-1
344,-1,263,294,40,60,0.90,2,-1,-1
344,-1,272,139,19,22,0.86,2,-1,-1
345,-1,258,312,43,67,0.92,2,-1,-1
345,-1,270,142,19,24,0.87,2,-1,-1
346,-1,254,326,46,71,0.92,2,-1,-1
346,-1,269,144,18,23,0.86,2,-1,-1
347,-1,247,348,50,81,0.92,2,-1,-1
347,-1,266,148,20,24,0.88,2,-1,-1
348,-1,242,365,53,90,0.92,2,-1,-1
348,-1,266,150,20,25,0.85,2,-1,-1
349,-1,233,395,58,104,0.92,2,-1,-1
349,-1,264,154,20,26,0.87,2,-1,-1
350,-1,226,419,63,114,0.93,2,-1,-1
350,-1,262,158,21,26,0.87,2,-1,-1
351,-1,216,459,68,78,0.91,2,-1,-1
351,-1,259,163,22,26,0.88,2,-1,-1
352,-1,216,490,63,48,0.90,2,-1,-1
352,-1,257,164,23,28,0.86,2,-1,-1
353,-1,255,170,23,28,0.87,2,-1,-1
354,-1,253,173,24,30,0.88,2,-1,-1
355,-1,250,178,25,31,0.88,2,-1,-1
356,-1,248,182,25,32,0.88,2,-1,-1
357,-1,244,188,26,35,0.88,2,-1,-1
358,-1,241,192,28,36,0.89,2,-1,-1
359,-1,238,200,28,36,0.89,2,-1,-1
360,-1,235,204,30,40,0.89,2,-1,-1
361,-1,230,212,31,42,0.90,2,-1,-1
362,-1,226,217,33,44,0.91,2,-1,-1
363,-1,222,226,34,48,0.90,2,-1,-1
364,-1,217,233,36,50,0.90,2,-1,-1
365,-1,211,244,38,53,0.91,2,-1,-1
366,-1,206,253,40,56,0.91,2,-1,-1
367,-1,198,266,42,60,0.91,2,-1,-1
368,-1,192,276,44,63,0.91,2,-1,-1
369,-1,183,292,47,70,0.92,2,-1,-1
370,-1,175,305,50,74,0.90,2,-1,-1
371,-1,161,326,56,82,0.92,2,-1,-1
372,-1,152,341,58,90,0.91,2,-1,-1
373,-1,134,367,66,102,0.93,2,-1,-1
374,-1,120,388,72,112,0.93,2,-1,-1
375,-1,94,424,84,112,0.93,2,-1,-1
376,-1,84,453,82,84,0.92,2,-1,-1
377,-1,78,504,66,32,0.88,2,-1,-1
447,-1,436,474,80,64,0.90,2,-1,-1
448,-1,426,438,80,96,0.93,2,-1,-1
449,-1,416,390,68,90,0.92,2,-1,-1
450,-1,411,364,60,80,0.91,2,-1,-1
451,-1,404,331,52,70,0.92,2,-1,-1
452,-1,400,312,48,63,0.90,2,-1,-1
453,-1,394,287,44,57,0.90,2,-1,-1
454,-1,391,272,40,54,0.90,2,-1,-1
455,-1,386,253,38,49,0.91,2,-1,-1
456,-1,384,242,36,46,0.91,2,-1,-1
457,-1,382,227,32,43,0.90,2,-1,-1
458,-1,378,218,32,41,0.90,2,-1,-1
459,-1,376,206,30,38,0.90,2,-1,-1
460,-1,375,199,28,36,0.89,2,-1,-1
461,-1,372,190,28,34,0.89,2,-1,-1
462,-1,371,184,26,33,0.89,2,-1,-1
463,-1,370,176,24,31,0.88,2,-1,-1
464,-1,368,171,24,30,0.89,2,-1,-1
465,-1,367,165,23,28,0.88,2,-1,-1
466,-1,366,160,22,28,0.89,2,-1,-1
467,-1,364,154,21,27,0.89,2,-1,-1
468,-1,363,151,22,26,0.88,2,-1,-1
469,-1,362,146,21,25,0.87,2,-1,-1
470,-1,361,143,20,24,0.87,2,-1,-1
471,-1,360,138,20,24,0.88,2,-1,-1
472,-1,360,136,19,22,0.87,2,-1,-1
473,-1,358,131,18,23,0.87,2,-1,-1
474,-1,358,128,18,23,0.87,2,-1,-1
475,-1,357,126,18,21,0.86,2,-1,-1
476,-1,356,124,18,20,0.86,2,-1,-1
477,-1,355,120,18,20,0.86,2,-1,-1
478,-1,354,118,17,20,0.86,2,-1,-1
479,-1,355,116,16,19,0.85,2,-1,-1
480,-1,354,114,16,19,0.86,2,-1,-1
481,-1,354,112,16,18,0.86,2,-1,-1
482,-1,352,110,16,18,0.85,2,-1,-1
483,-1,352,109,16,16,0.86,2,-1,-1
484,-1,352,106,16,18,0.86,2,-1,-1
485,-1,351,104,16,18,0.85,2,-1,-1
486,-1,351,103,15,16,0.85,2,-1,-1
487,-1,351,100,14,17,0.85,2,-1,-1
488,-1,351,100,14,16,0.85,2,-1,-1
489,-1,350,98,14,16,0.85,2,-1,-1
490,-1,350,97,14,16,0.85,2,-1,-1
491,-1,349,94,14,16,0.85,2,-1,-1
492,-1,349,94,14,15,0.85,2,-1,-1
493,-1,349,92,14,16,0.86,2,-1,-1
494,-1,348,92,13,15,0.85,2,-1,-1
495,-1,348,91,13,14,0.84,2,-1,-1
496,-1,348,90,12,14,0.82,2,-1,-1
497,-1,348,88,12,14,0.81,2,-1,-1
498,-1,348,88,12,14,0.81,2,-1,-1
499,-1,348,86,12,14,0.82,2,-1,-1
500,-1,348,86,12,14,0.81,2,-1,-1
501,-1,348,85,12,14,0.80,2,-1,-1
502,-1,348,85,11,12,0.78,2,-1,-1
503,-1,348,84,11,12,0.74,2,-1,-1
504,-1,348,82,11,12,0.76,2,-1,-1
505,-1,348,82,11,12,0.72,2,-1,-1
505,-1,330,72,10,8,0.15,2,-1,-1
506,-1,348,81,10,12,0.69,2,-1,-1
506,-1,330,73,9,8,0.12,2,-1,-1
507,-1,348,80,10,11,0.69,2,-1,-1
507,-1,328,73,10,9,0.18,2,-1,-1
508,-1,347,80,11,11,0.70,2,-1,-1
508,-1,328,73,10,9,0.18,2,-1,-1
509,-1,347,79,10,12,0.69,2,-1,-1
509,-1,327,74,10,9,0.29,2,-1,-1
510,-1,347,80,10,10,0.63,2,-1,-1
510,-1,326,74,10,10,0.32,2,-1,-1
511,-1,347,78,10,10,0.60,2,-1,-1
511,-1,326,74,10,10,0.32,2,-1,-1
512,-1,348,78,10,10,0.59,2,-1,-1
512,-1,325,75,10,10,0.19,2,-1,-1
513,-1,348,77,10,10,0.60,2,-1,-1
513,-1,324,76,10,10,0.50,2,-1,-1
514,-1,348,76,10,10,0.64,2,-1,-1
514,-1,324,76,10,10,0.53,2,-1,-1
515,-1,348,76,10,10,0.62,2,-1,-1
515,-1,323,77,11,10,0.53,2,-1,-1
516,-1,348,76,10,10,0.58,2,-1,-1
516,-1,323,77,10,10,0.56,2,-1,-1
517,-1,348,75,10,9,0.56,2,-1,-1
517,-1,322,79,10,10,0.50,2,-1,-1
518,-1,348,74,10,9,0.54,2,-1,-1
518,-1,322,79,11,10,0.54,2,-1,-1
519,-1,322,80,11,10,0.62,2,-1,-1
519,-1,350,74,9,9,0.56,2,-1,-1
520,-1,321,80,12,11,0.72,2,-1,-1
520,-1,350,74,9,9,0.56,2,-1,-1
521,-1,320,81,11,11,0.71,2,-1,-1
521,-1,350,73,9,10,0.48,2,-1,-1
522,-1,320,81,11,12,0.71,2,-1,-1
522,-1,350,73,9,10,0.48,2,-1,-1
523,-1,320,82,11,12,0.73,2,-1,-1
523,-1,351,71,8,10,0.51,2,-1,-1
524,-1,320,83,11,12,0.75,2,-1,-1
524,-1,351,72,9,9,0.51,2,-1,-1
525,-1,318,84,12,12,0.78,2,-1,-1
525,-1,352,72,8,8,0.25,2,-1,-1
526,-1,318,84,12,13,0.78,2,-1,-1
526,-1,353,71,8,8,0.22,2,-1,-1
527,-1,318,86,12,12,0.79,2,-1,-1
527,-1,353,70,8,8,0.22,2,-1,-1
528,-1,318,87,12,12,0.79,2,-1,-1
528,-1,353,69,8,9,0.30,2,-1,-1
529,-1,317,88,12,12,0.79,2,-1,-1
529,-1,354,69,8,8,0.38,2,-1,-1
530,-1,317,89,12,12,0.76,2,-1,-1
530,-1,355,68,8,8,0.15,2,-1,-1
531,-1,316,90,13,12,0.80,2,-1,-1
531,-1,355,68,8,8,0.26,2,-1,-1
532,-1,316,91,12,12,0.81,2,-1,-1
532,-1,356,68,8,8,0.29,2,-1,-1
533,-1,316,91,13,14,0.82,2,-1,-1
533,-1,357,67,8,8,0.23,2,-1,-1
534,-1,314,92,14,14,0.83,2,-1,-1
534,-1,357,66,8,8,0.28,2,-1,-1
535,-1,314,94,14,14,0.82,2,-1,-1
535,-1,357,66,8,8,0.39,2,-1,-1
536,-1,314,94,14,14,0.82,2,-1,-1
536,-1,358,66,8,8,0.29,2,-1,-1
537,-1,313,96,14,14,0.78,2,-1,-1
538,-1,312,98,14,15,0.80,2,-1,-1
539,-1,312,99,14,15,0.80,2,-1,-1
540,-1,312,99,14,16,0.81,2,-1,-1
541,-1,311,102,14,15,0.81,2,-1,-1
541,-1,328,74,10,9,0.20,2,-1,-1
542,-1,310,104,15,14,0.79,2,-1,-1
542,-1,328,75,9,8,0.20,2,-1,-1
543,-1,311,105,14,16,0.84,2,-1,-1
543,-1,328,76,8,9,0.14,2,-1,-1
544,-1,310,106,14,16,0.84,2,-1,-1
544,-1,328,75,9,10,0.33,2,-1,-1
545,-1,310,108,15,16,0.85,2,-1,-1
545,-1,326,76,9,10,0.21,2,-1,-1
546,-1,308,109,15,16,0.86,2,-1,-1
546,-1,326,77,9,10,0.38,2,-1,-1
547,-1,308,111,15,18,0.84,2,-1,-1
547,-1,326,76,10,12,0.49,2,-1,-1
548,-1,308,112,15,18,0.86,2,-1,-1
548,-1,325,78,10,10,0.25,2,-1,-1
549,-1,306,115,16,18,0.85,2,-1,-1
549,-1,324,78,10,12,0.50,2,-1,-1
550,-1,306,116,16,19,0.86,2,-1,-1
550,-1,324,77,10,12,0.60,2,-1,-1
551,-1,305,120,16,18,0.85,2,-1,-1
551,-1,324,78,10,12,0.60,2,-1,-1
552,-1,305,121,16,19,0.85,2,-1,-1
552,-1,322,79,11,13,0.57,2,-1,-1
553,-1,304,124,16,20,0.85,2,-1,-1
553,-1,322,80,10,12,0.65,2,-1,-1
554,-1,302,126,18,21,0.86,2,-1,-1
554,-1,322,84,10,11,0.42,2,-1,-1
555,-1,302,130,18,20,0.84,2,-1,-1
555,-1,321,83,12,12,0.63,2,-1,-1
556,-1,301,132,19,22,0.86,2,-1,-1
556,-1,322,84,11,12,0.67,2,-1,-1
557,-1,300,136,19,22,0.86,2,-1,-1
557,-1,322,86,11,11,0.68,2,-1,-1
558,-1,300,138,20,23,0.85,2,-1,-1
558,-1,320,85,12,12,0.58,2,-1,-1
559,-1,299,140,20,26,0.87,2,-1,-1
559,-1,320,87,11,12,0.72,2,-1,-1
559,-1,317,75,10,8,0.12,2,-1,-1
560,-1,298,145,20,24,0.84,2,-1,-1
560,-1,320,87,11,12,0.73,2,-1,-1
560,-1,317,75,10,8,0.12,2,-1,-1
561,-1,296,148,22,26,0.87,2,-1,-1
561,-1,319,89,12,12,0.71,2,-1,-1
562,-1,296,152,22,26,0.87,2,-1,-1
562,-1,319,90,11,11,0.69,2,-1,-1
562,-1,316,77,10,8,0.33,2,-1,-1
563,-1,294,156,23,28,0.88,2,-1,-1
563,-1,318,92,12,12,0.77,2,-1,-1
563,-1,315,78,10,8,0.12,2,-1,-1
564,-1,294,160,23,28,0.89,2,-1,-1
564,-1,318,92,12,13,0.80,2,-1,-1
564,-1,315,79,10,8,0.14,2,-1,-1
565,-1,292,166,24,30,0.89,2,-1,-1
565,-1,318,92,12,14,0.82,2,-1,-1
565,-1,314,78,10,10,0.52,2,-1,-1
566,-1,291,169,24,32,0.89,2,-1,-1
566,-1,318,95,12,12,0.82,2,-1,-1
566,-1,314,79,10,9,0.19,2,-1,-1
567,-1,289,176,26,33,0.89,2,-1,-1
567,-1,317,96,12,12,0.84,2,-1,-1
567,-1,312,80,10,10,0.39,2,-1,-1
568,-1,288,182,25,34,0.89,2,-1,-1
568,-1,316,96,13,14,0.84,2,-1,-1
568,-1,312,81,10,10,0.39,2,-1,-1
569,-1,287,188,26,37,0.89,2,-1,-1
569,-1,316,98,13,14,0.82,2,-1,-1
569,-1,311,82,10,10,0.37,2,-1,-1
570,-1,285,195,27,38,0.89,2,-1,-1
570,-1,316,99,13,14,0.83,2,-1,-1
570,-1,310,82,11,10,0.39,2,-1,-1
571,-1,282,204,30,40,0.90,2,-1,-1
571,-1,315,101,13,14,0.84,2,-1,-1
571,-1,310,82,11,10,0.55,2,-1,-1
572,-1,280,210,30,43,0.90,2,-1,-1
572,-1,314,102,13,14,0.84,2,-1,-1
572,-1,310,82,10,10,0.58,2,-1,-1
573,-1,276,220,32,48,0.90,2,-1,-1
573,-1,313,104,14,15,0.79,2,-1,-1
573,-1,308,84,11,11,0.66,2,-1,-1
574,-1,274,228,34,50,0.90,2,-1,-1
574,-1,314,104,13,16,0.81,2,-1,-1
574,-1,308,84,11,10,0.65,2,-1,-1
575,-1,270,243,36,54,0.90,2,-1,-1
575,-1,313,107,14,16,0.84,2,-1,-1
575,-1,307,85,11,12,0.63,2,-1,-1
576,-1,267,252,38,58,0.91,2,-1,-1
576,-1,312,108,14,16,0.86,2,-1,-1
576,-1,307,85,12,12,0.64,2,-1,-1
577,-1,262,269,40,64,0.90,2,-1,-1
577,-1,312,110,14,16,0.84,2,-1,-1
577,-1,306,87,12,12,0.61,2,-1,-1
578,-1,257,281,44,70,0.92,2,-1,-1
578,-1,312,112,14,16,0.84,2,-1,-1
578,-1,305,87,12,12,0.70,2,-1,-1
579,-1,251,302,48,78,0.90,2,-1,-1
579,-1,312,114,14,17,0.85,2,-1,-1
579,-1,304,87,12,12,0.75,2,-1,-1
580,-1,245,319,52,86,0.93,2,-1,-1
580,-1,312,116,14,17,0.86,2,-1,-1
580,-1,304,90,12,12,0.73,2,-1,-1
581,-1,236,347,57,100,0.91,2,-1,-1
581,-1,310,118,15,17,0.85,2,-1,-1
581,-1,303,91,12,12,0.79,2,-1,-1
582,-1,228,371,62,110,0.93,2,-1,-1
582,-1,310,120,15,18,0.85,2,-1,-1
582,-1,303,92,12,12,0.81,2,-1,-1
583,-1,214,412,71,126,0.92,2,-1,-1
583,-1,310,122,15,18,0.87,2,-1,-1
583,-1,302,92,13,14,0.82,2,-1,-1
584,-1,200,447,81,90,0.92,2,-1,-1
584,-1,310,124,15,18,0.87,2,-1,-1
584,-1,302,94,13,12,0.80,2,-1,-1
585,-1,309,128,16,19,0.87,2,-1,-1
585,-1,199,512,69,24,0.83,2,-1,-1
585,-1,301,94,12,14,0.82,2,-1,-1
586,-1,308,128,16,20,0.87,2,-1,-1
586,-1,300,94,13,14,0.83,2,-1,-1
587,-1,308,132,16,20,0.87,2,-1,-1
587,-1,299,96,14,14,0.80,2,-1,-1
588,-1,306,136,18,20,0.87,2,-1,-1
588,-1,298,96,14,15,0.80,2,-1,-1
589,-1,306,138,18,21,0.86,2,-1,-1
589,-1,298,97,14,16,0.81,2,-1,-1
590,-1,306,140,18,22,0.88,2,-1,-1
590,-1,296,98,15,16,0.83,2,-1,-1
591,-1,305,145,18,22,0.86,2,-1,-1
591,-1,296,102,14,14,0.83,2,-1,-1
592,-1,304,148,19,23,0.88,2,-1,-1
592,-1,295,103,14,14,0.82,2,-1,-1
593,-1,303,152,19,24,0.87,2,-1,-1
593,-1,294,106,13,14,0.84,2,-1,-1
594,-1,303,156,19,24,0.88,2,-1,-1
594,-1,294,107,14,14,0.84,2,-1,-1
595,-1,302,161,19,24,0.88,2,-1,-1
595,-1,293,109,14,14,0.86,2,-1,-1
596,-1,302,164,20,26,0.89,2,-1,-1
596,-1,292,110,14,15,0.86,2,-1,-1
597,-1,300,170,20,28,0.89,2,-1,-1
597,-1,291,111,14,16,0.84,2,-1,-1
598,-1,300,174,21,28,0.87,2,-1,-1
598,-1,291,112,14,16,0.84,2,-1,-1
599,-1,298,181,22,29,0.88,2,-1,-1
599,-1,289,115,15,16,0.84,2,-1,-1
600,-1,297,186,22,30,0.88,2,-1,-1
600,-1,289,117,15,16,0.85,2,-1,-1
601,-1,295,193,24,32,0.89,2,-1,-1
601,-1,287,119,16,16,0.84,2,-1,-1
602,-1,294,198,25,34,0.88,2,-1,-1
602,-1,286,120,16,17,0.85,2,-1,-1
603,-1,292,208,26,36,0.90,2,-1,-1
603,-1,286,124,15,16,0.86,2,-1,-1
604,-1,290,214,28,38,0.90,2,-1,-1
604,-1,284,125,16,18,0.87,2,-1,-1
605,-1,287,224,30,41,0.89,2,-1,-1
605,-1,282,128,18,19,0.86,2,-1,-1
606,-1,286,232,30,43,0.89,2,-1,-1
606,-1,282,130,17,18,0.85,2,-1,-1
607,-1,282,246,32,46,0.90,2,-1,-1
607,-1,280,134,17,18,0.85,2,-1,-1
608,-1,280,256,32,48,0.91,2,-1,-1
608,-1,280,135,17,20,0.86,2,-1,-1
609,-1,276,272,36,54,0.91,2,-1,-1
609,-1,278,138,17,20,0.85,2,-1,-1
610,-1,272,284,38,57,0.91,2,-1,-1
610,-1,276,141,17,20,0.87,2,-1,-1
611,-1,267,305,40,64,0.91,2,-1,-1
611,-1,274,144,18,22,0.85,2,-1,-1
612,-1,263,321,43,69,0.91,2,-1,-1
612,-1,273,148,18,21,0.87,2,-1,-1
613,-1,256,348,48,79,0.91,2,-1,-1
613,-1,270,150,19,24,0.88,2,-1,-1
614,-1,250,370,52,88,0.90,2,-1,-1
614,-1,268,154,20,23,0.87,2,-1,-1
615,-1,240,406,58,105,0.93,2,-1,-1
615,-1,266,158,20,24,0.86,2,-1,-1
616,-1,231,435,64,102,0.91,2,-1,-1
616,-1,264,162,20,25,0.87,2,-1,-1
617,-1,227,489,62,48,0.90,2,-1,-1
617,-1,262,166,20,27,0.88,2,-1,-1
618,-1,259,170,22,28,0.88,2,-1,-1
619,-1,256,177,22,28,0.88,2,-1,-1
620,-1,254,181,22,29,0.89,2,-1,-1
621,-1,250,188,24,31,0.89,2,-1,-1
622,-1,248,193,24,32,0.88,2,-1,-1
623,-1,242,201,26,34,0.90,2,-1,-1
624,-1,240,206,26,36,0.89,2,-1,-1
625,-1,234,216,28,38,0.89,2,-1,-1
626,-1,231,223,28,40,0.89,2,-1,-1
627,-1,224,234,32,44,0.90,2,-1,-1
628,-1,220,242,33,46,0.90,2,-1,-1
629,-1,210,256,37,50,0.91,2,-1,-1
630,-1,206,266,38,53,0.91,2,-1,-1
631,-1,195,283,42,58,0.91,2,-1,-1
632,-1,188,296,44,62,0.90,2,-1,-1
633,-1,175,318,49,70,0.91,2,-1,-1
634,-1,165,334,52,76,0.93,2,-1,-1
635,-1,147,364,58,88,0.92,2,-1,-1
636,-1,131,387,66,98,0.92,2,-1,-1
637,-1,104,426,77,112,0.93,2,-1,-1
638,-1,82,461,86,76,0.92,2,-1,-1
639,-1,75,523,62,14,0.54,2,-1,-1
713,-1,546,523,84,14,0.54,2,-1,-1
714,-1,532,488,96,50,0.89,2,-1,-1
715,-1,512,444,84,90,0.92,2,-1,-1
716,-1,500,419,76,86,0.92,2,-1,-1
717,-1,488,384,64,76,0.92,2,-1,-1
718,-1,480,366,60,69,0.92,2,-1,-1
719,-1,469,339,54,64,0.92,2,-1,-1
720,-1,463,325,50,58,0.91,2,-1,-1
721,-1,454,304,46,54,0.91,2,-1,-1
722,-1,449,292,44,51,0.90,2,-1,-1
723,-1,442,277,40,46,0.91,2,-1,-1
724,-1,438,267,40,44,0.90,2,-1,-1
725,-1,432,253,36,42,0.90,2,-1,-1
726,-1,428,244,36,40,0.90,2,-1,-1
727,-1,424,234,32,38,0.90,2,-1,-1
728,-1,421,228,32,36,0.90,2,-1,-1
729,-1,417,219,30,33,0.90,2,-1,-1
730,-1,416,213,28,32,0.89,2,-1,-1
731,-1,410,204,28,31,0.90,2,-1,-1
732,-1,408,200,28,30,0.88,2,-1,-1
733,-1,406,193,24,28,0.88,2,-1,-1
733,-1,325,77,8,8,0.19,2,-1,-1
734,-1,404,189,24,28,0.88,2,-1,-1
734,-1,324,77,9,8,0.19,2,-1,-1
735,-1,401,182,24,27,0.87,2,-1,-1
735,-1,325,77,8,8,0.18,2,-1,-1
736,-1,400,178,24,26,0.88,2,-1,-1
736,-1,325,78,8,8,0.13,2,-1,-1
737,-1,398,173,20,26,0.89,2,-1,-1
737,-1,323,78,10,10,0.23,2,-1,-1
738,-1,396,170,20,24,0.88,2,-1,-1
738,-1,323,78,10,10,0.23,2,-1,-1
739,-1,394,164,20,25,0.88,2,-1,-1
740,-1,393,162,20,23,0.86,2,-1,-1
741,-1,390,158,20,22,0.88,2,-1,-1
741,-1,322,81,9,9,0.23,2,-1,-1
742,-1,390,155,18,22,0.87,2,-1,-1
742,-1,321,82,9,9,0.13,2,-1,-1
743,-1,386,152,20,21,0.86,2,-1,-1
743,-1,320,82,10,10,0.33,2,-1,-1
744,-1,387,149,18,20,0.86,2,-1,-1
744,-1,320,82,10,10,0.53,2,-1,-1
745,-1,385,144,18,22,0.87,2,-1,-1
745,-1,319,83,10,10,0.53,2,-1,-1
746,-1,384,142,18,21,0.87,2,-1,-1
746,-1,319,84,10,10,0.46,2,-1,-1
747,-1,382,140,18,20,0.87,2,-1,-1
747,-1,319,84,10,11,0.63,2,-1,-1
748,-1,381,138,18,20,0.87,2,-1,-1
748,-1,319,84,10,12,0.63,2,-1,-1
749,-1,380,135,16,19,0.85,2,-1,-1
749,-1,318,85,10,12,0.59,2,-1,-1
750,-1,380,133,16,18,0.86,2,-1,-1
750,-1,318,85,10,12,0.65,2,-1,-1
751,-1,378,131,16,18,0.86,2,-1,-1
751,-1,318,86,10,12,0.66,2,-1,-1
752,-1,378,129,16,18,0.85,2,-1,-1
752,-1,317,88,11,11,0.65,2,-1,-1
753,-1,376,127,16,18,0.84,2,-1,-1
753,-1,316,88,11,12,0.74,2,-1,-1
754,-1,375,125,17,17,0.85,2,-1,-1
754,-1,316,89,11,12,0.64,2,-1,-1
755,-1,374,122,16,18,0.86,2,-1,-1
755,-1,316,90,11,12,0.64,2,-1,-1
756,-1,373,121,16,17,0.85,2,-1,-1
756,-1,316,92,11,12,0.71,2,-1,-1
757,-1,372,118,16,18,0.85,2,-1,-1
757,-1,315,92,12,12,0.73,2,-1,-1
758,-1,372,117,15,17,0.86,2,-1,-1
758,-1,316,93,12,13,0.76,2,-1,-1
758,-1,330,71,9,10,0.22,2,-1,-1
759,-1,371,115,16,18,0.86,2,-1,-1
759,-1,315,92,12,14,0.77,2,-1,-1
759,-1,330,72,9,9,0.21,2,-1,-1
760,-1,370,114,16,16,0.84,2,-1,-1
760,-1,314,94,12,14,0.78,2,-1,-1
760,-1,329,72,9,9,0.17,2,-1,-1
761,-1,369,112,16,16,0.84,2,-1,-1
761,-1,314,95,12,13,0.79,2,-1,-1
761,-1,328,72,10,10,0.27,2,-1,-1
762,-1,369,111,15,16,0.83,2,-1,-1
762,-1,314,96,12,14,0.73,2,-1,-1
762,-1,327,72,10,10,0.25,2,-1,-1
763,-1,369,111,14,14,0.84,2,-1,-1
763,-1,314,97,12,15,0.75,2,-1,-1
763,-1,326,72,10,11,0.37,2,-1,-1
764,-1,368,108,14,16,0.85,2,-1,-1
764,-1,313,97,12,16,0.79,2,-1,-1
764,-1,326,71,10,12,0.47,2,-1,-1
765,-1,368,108,14,15,0.85,2,-1,-1
765,-1,313,98,12,16,0.82,2,-1,-1
765,-1,325,72,10,13,0.47,2,-1,-1
766,-1,367,106,14,15,0.84,2,-1,-1
766,-1,312,99,13,16,0.84,2,-1,-1
766,-1,325,72,10,13,0.50,2,-1,-1
767,-1,312,101,13,16,0.85,2,-1,-1
767,-1,367,105,14,14,0.84,2,-1,-1
767,-1,324,72,10,13,0.47,2,-1,-1
768,-1,366,104,14,14,0.84,2,-1,-1
768,-1,311,103,14,14,0.82,2,-1,-1
768,-1,323,74,11,13,0.43,2,-1,-1
769,-1,365,103,14,14,0.85,2,-1,-1
769,-1,311,105,14,14,0.82,2,-1,-1
769,-1,322,74,11,13,0.52,2,-1,-1
770,-1,365,101,14,15,0.85,2,-1,-1
770,-1,310,106,14,15,0.81,2,-1,-1
770,-1,323,78,10,11,0.48,2,-1,-1
771,-1,364,101,14,14,0.84,2,-1,-1
771,-1,310,107,14,17,0.84,2,-1,-1
771,-1,322,77,10,12,0.62,2,-1,-1
772,-1,364,99,14,14,0.84,2,-1,-1
772,-1,310,108,14,16,0.83,2,-1,-1
772,-1,322,76,11,13,0.64,2,-1,-1
773,-1,309,108,14,18,0.86,2,-1,-1
773,-1,364,98,14,14,0.83,2,-1,-1
773,-1,321,77,11,14,0.65,2,-1,-1
774,-1,309,108,14,20,0.86,2,-1,-1
774,-1,363,97,14,14,0.83,2,-1,-1
774,-1,320,80,11,12,0.65,2,-1,-1
775,-1,308,111,15,20,0.86,2,-1,-1
775,-1,363,96,14,14,0.83,2,-1,-1
775,-1,319,80,12,13,0.67,2,-1,-1
776,-1,308,113,14,20,0.85,2,-1,-1
776,-1,363,95,13,14,0.84,2,-1,-1
776,-1,320,82,10,12,0.71,2,-1,-1
776,-1,319,74,10,8,0.22,2,-1,-1
777,-1,308,118,14,18,0.83,2,-1,-1
777,-1,362,94,14,14,0.82,2,-1,-1
777,-1,320,83,11,12,0.71,2,-1,-1
777,-1,319,74,10,8,0.19,2,-1,-1
778,-1,362,93,14,14,0.84,2,-1,-1
778,-1,307,118,15,19,0.83,2,-1,-1
778,-1,318,84,12,12,0.72,2,-1,-1
779,-1,362,93,13,13,0.82,2,-1,-1
779,-1,306,120,15,20,0.81,2,-1,-1
779,-1,318,85,12,12,0.72,2,-1,-1
779,-1,316,75,10,8,0.15,2,-1,-1
780,-1,306,120,15,22,0.84,2,-1,-1
780,-1,362,92,12,13,0.80,2,-1,-1
780,-1,318,86,12,12,0.74,2,-1,-1
780,-1,316,75,10,8,0.16,2,-1,-1
781,-1,304,124,16,20,0.86,2,-1,-1
781,-1,362,92,12,13,0.79,2,-1,-1
781,-1,317,88,12,12,0.76,2,-1,-1
781,-1,316,75,10,8,0.13,2,-1,-1
782,-1,304,125,16,22,0.87,2,-1,-1
782,-1,362,91,12,12,0.79,2,-1,-1
782,-1,317,88,12,12,0.73,2,-1,-1
783,-1,303,128,17,23,0.85,2,-1,-1
783,-1,361,90,12,12,0.75,2,-1,-1
783,-1,316,89,12,12,0.69,2,-1,-1
783,-1,315,78,11,8,0.32,2,-1,-1
784,-1,302,129,18,24,0.85,2,-1,-1
784,-1,361,89,12,12,0.80,2,-1,-1
784,-1,316,90,13,13,0.76,2,-1,-1
784,-1,315,77,10,9,0.39,2,-1,-1
785,-1,301,132,18,24,0.87,2,-1,-1
785,-1,314,92,14,14,0.79,2,-1,-1
785,-1,361,88,11,12,0.79,2,-1,-1
785,-1,315,78,10,9,0.44,2,-1,-1
786,-1,302,135,18,24,0.86,2,-1,-1
786,-1,314,92,14,14,0.80,2,-1,-1
786,-1,361,88,10,11,0.79,2,-1,-1
786,-1,314,78,10,10,0.48,2,-1,-1
787,-1,301,138,18,24,0.86,2,-1,-1
787,-1,314,94,13,13,0.80,2,-1,-1
787,-1,361,87,10,12,0.79,2,-1,-1
787,-1,314,79,10,9,0.63,2,-1,-1
788,-1,300,140,19,26,0.87,2,-1,-1
788,-1,361,87,10,12,0.79,2,-1,-1
788,-1,314,96,13,12,0.76,2,-1,-1
788,-1,313,79,10,10,0.67,2,-1,-1
789,-1,300,143,18,28,0.86,2,-1,-1
789,-1,312,98,13,13,0.79,2,-1,-1
789,-1,361,86,10,12,0.77,2,-1,-1
789,-1,312,80,10,10,0.59,2,-1,-1
790,-1,298,147,19,27,0.87,2,-1,-1
790,-1,312,98,13,14,0.81,2,-1,-1
790,-1,361,85,10,12,0.77,2,-1,-1
790,-1,312,81,10,10,0.56,2,-1,-1
791,-1,296,150,21,29,0.87,2,-1,-1
791,-1,311,100,14,14,0.84,2,-1,-1
791,-1,360,85,10,12,0.73,2,-1,-1
791,-1,311,80,10,10,0.64,2,-1,-1
792,-1,296,153,20,30,0.88,2,-1,-1
792,-1,312,100,13,14,0.86,2,-1,-1
792,-1,360,84,10,11,0.71,2,-1,-1
792,-1,311,81,10,10,0.67,2,-1,-1
793,-1,294,158,22,31,0.89,2,-1,-1
793,-1,310,103,14,14,0.85,2,-1,-1
793,-1,360,84,10,10,0.71,2,-1,-1
793,-1,310,82,11,10,0.60,2,-1,-1
794,-1,294,163,22,30,0.88,2,-1,-1
794,-1,310,104,14,14,0.83,2,-1,-1
794,-1,360,83,10,11,0.67,2,-1,-1
794,-1,310,82,11,10,0.64,2,-1,-1
795,-1,292,167,23,33,0.88,2,-1,-1
795,-1,310,106,14,14,0.84,2,-1,-1
795,-1,309,82,10,10,0.66,2,-1,-1
795,-1,359,82,10,10,0.61,2,-1,-1
796,-1,292,172,22,32,0.90,2,-1,-1
796,-1,309,108,14,14,0.85,2,-1,-1
796,-1,309,82,10,10,0.66,2,-1,-1
796,-1,359,82,10,10,0.60,2,-1,-1
797,-1,289,176,24,36,0.89,2,-1,-1
797,-1,309,109,14,15,0.87,2,-1,-1
797,-1,307,83,12,12,0.70,2,-1,-1
797,-1,359,81,10,11,0.66,2,-1,-1
798,-1,287,180,26,38,0.89,2,-1,-1
798,-1,308,112,14,14,0.86,2,-1,-1
798,-1,307,83,12,12,0.72,2,-1,-1
798,-1,359,81,10,10,0.66,2,-1,-1
799,-1,286,188,26,40,0.89,2,-1,-1
799,-1,308,113,15,15,0.84,2,-1,-1
799,-1,306,84,12,12,0.67,2,-1,-1
799,-1,359,80,10,11,0.65,2,-1,-1
800,-1,285,193,26,41,0.89,2,-1,-1
800,-1,307,114,16,16,0.84,2,-1,-1
800,-1,306,84,12,12,0.67,2,-1,-1
800,-1,359,80,10,11,0.65,2,-1,-1
801,-1,283,201,26,44,0.90,2,-1,-1
801,-1,306,117,16,16,0.85,2,-1,-1
801,-1,305,85,13,12,0.67,2,-1,-1
801,-1,359,79,10,11,0.63,2,-1,-1
802,-1,281,208,28,46,0.90,2,-1,-1
802,-1,422,494,78,44,0.88,2,-1,-1
802,-1,306,119,16,16,0.85,2,-1,-1
802,-1,305,85,12,12,0.75,2,-1,-1
802,-1,360,79,9,10,0.63,2,-1,-1
803,-1,412,440,72,96,0.92,2,-1,-1
803,-1,278,216,29,50,0.90,2,-1,-1
803,-1,305,121,16,17,0.84,2,-1,-1
803,-1,305,86,12,12,0.76,2,-1,-1
803,-1,360,78,9,10,0.61,2,-1,-1
804,-1,406,412,64,91,0.92,2,-1,-1
804,-1,276,223,30,54,0.90,2,-1,-1
804,-1,306,124,16,16,0.85,2,-1,-1
804,-1,304,87,12,12,0.78,2,-1,-1
804,-1,360,78,9,10,0.61,2,-1,-1
805,-1,400,376,56,77,0.92,2,-1,-1
805,-1,273,237,32,56,0.90,2,-1,-1
805,-1,304,126,17,17,0.84,2,-1,-1
805,-1,304,87,12,12,0.77,2,-1,-1
805,-1,360,78,9,10,0.62,2,-1,-1
806,-1,396,354,52,69,0.91,2,-1,-1
806,-1,270,246,34,59,0.89,2,-1,-1
806,-1,304,128,18,18,0.85,2,-1,-1
806,-1,303,88,13,12,0.76,2,-1,-1
806,-1,360,76,9,10,0.58,2,-1,-1
807,-1,390,326,48,62,0.90,2,-1,-1
807,-1,266,261,36,64,0.90,2,-1,-1
807,-1,303,132,18,17,0.84,2,-1,-1
807,-1,302,90,13,12,0.75,2,-1,-1
807,-1,360,76,9,10,0.58,2,-1,-1
808,-1,388,310,44,58,0.90,2,-1,-1
808,-1,262,273,38,68,0.90,2,-1,-1
808,-1,303,136,18,17,0.84,2,-1,-1
808,-1,302,90,13,12,0.78,2,-1,-1
808,-1,359,76,10,10,0.58,2,-1,-1
809,-1,384,288,40,52,0.90,2,-1,-1
809,-1,256,291,42,77,0.89,2,-1,-1
809,-1,302,134,18,22,0.86,2,-1,-1
809,-1,302,92,13,12,0.82,2,-1,-1
809,-1,359,75,10,10,0.54,2,-1,-1
810,-1,252,305,44,84,0.91,2,-1,-1
810,-1,382,275,36,50,0.90,2,-1,-1
810,-1,302,139,19,20,0.84,2,-1,-1
810,-1,302,92,13,12,0.82,2,-1,-1
810,-1,359,75,10,10,0.51,2,-1,-1
811,-1,245,332,48,94,0.92,2,-1,-1
811,-1,378,259,36,45,0.90,2,-1,-1
811,-1,301,142,19,21,0.86,2,-1,-1
811,-1,301,93,12,13,0.83,2,-1,-1
811,-1,360,74,9,9,0.57,2,-1,-1
812,-1,238,350,52,105,0.90,2,-1,-1
812,-1,376,247,34,45,0.89,2,-1,-1
812,-1,300,144,20,23,0.85,2,-1,-1
812,-1,300,93,13,13,0.82,2,-1,-1
812,-1,360,74,9,10,0.55,2,-1,-1
813,-1,228,386,58,123,0.91,2,-1,-1
813,-1,375,235,30,40,0.90,2,-1,-1
813,-1,299,148,20,24,0.88,2,-1,-1
813,-1,300,94,12,13,0.83,2,-1,-1
813,-1,360,74,9,10,0.55,2,-1,-1
814,-1,218,415,64,122,0.91,2,-1,-1
814,-1,372,227,30,38,0.90,2,-1,-1
814,-1,298,150,22,26,0.86,2,-1,-1
814,-1,300,94,13,13,0.83,2,-1,-1
814,-1,360,74,9,9,0.54,2,-1,-1
815,-1,370,216,28,36,0.89,2,-1,-1
815,-1,212,466,62,70,0.88,2,-1,-1
815,-1,297,154,22,28,0.86,2,-1,-1
815,-1,299,95,13,14,0.81,2,-1,-1
815,-1,360,74,9,9,0.54,2,-1,-1
816,-1,368,209,28,34,0.89,2,-1,-1
816,-1,296,158,22,28,0.87,2,-1,-1
816,-1,298,96,14,14,0.79,2,-1,-1
816,-1,208,511,56,26,0.79,2,-1,-1
816,-1,360,74,8,9,0.50,2,-1,-1
817,-1,367,200,25,32,0.88,2,-1,-1
817,-1,294,163,23,30,0.87,2,-1,-1
817,-1,297,98,14,14,0.80,2,-1,-1
817,-1,360,73,8,9,0.45,2,-1,-1
818,-1,366,194,25,31,0.89,2,-1,-1
818,-1,293,167,24,32,0.88,2,-1,-1
818,-1,297,99,14,14,0.81,2,-1,-1
818,-1,360,73,8,9,0.45,2,-1,-1
819,-1,364,187,24,29,0.90,2,-1,-1
819,-1,292,175,24,31,0.88,2,-1,-1
819,-1,296,100,14,14,0.83,2,-1,-1
819,-1,360,72,8,9,0.41,2,-1,-1
820,-1,290,179,25,32,0.89,2,-1,-1
820,-1,363,182,23,28,0.88,2,-1,-1
820,-1,296,100,14,15,0.83,2,-1,-1
820,-1,361,72,8,9,0.36,2,-1,-1
821,-1,409,468,76,68,0.90,2,-1,-1
821,-1,288,188,26,34,0.88,2,-1,-1
821,-1,362,176,22,27,0.87,2,-1,-1
821,-1,294,102,15,15,0.83,2,-1,-1
821,-1,361,72,8,8,0.21,2,-1,-1
822,-1,403,432,70,102,0.93,2,-1,-1
822,-1,287,192,26,36,0.89,2,-1,-1
822,-1,360,170,23,28,0.88,2,-1,-1
822,-1,295,103,14,14,0.82,2,-1,-1
822,-1,361,72,8,8,0.21,2,-1,-1
823,-1,395,386,60,85,0.92,2,-1,-1
823,-1,548,447,92,90,0.91,7,-1,-1
823,-1,284,200,28,39,0.88,2,-1,-1
823,-1,359,165,22,26,0.88,2,-1,-1
823,-1,294,105,14,14,0.82,2,-1,-1
823,-1,362,70,8,9,0.23,2,-1,-1
824,-1,532,419,108,118,0.93,7,-1,-1
824,-1,390,361,56,74,0.92,2,-1,-1
824,-1,282,206,30,42,0.89,2,-1,-1
824,-1,359,162,22,25,0.88,2,-1,-1
824,-1,294,106,14,14,0.84,2,-1,-1
824,-1,362,71,8,8,0.22,2,-1,-1
825,-1,514,378,124,159,0.92,7,-1,-1
825,-1,386,329,48,62,0.90,2,-1,-1
825,-1,281,218,30,44,0.90,2,-1,-1
825,-1,358,157,20,24,0.88,2,-1,-1
825,-1,293,108,14,14,0.84,2,-1,-1
825,-1,362,70,8,9,0.24,2,-1,-1
826,-1,502,361,138,176,0.93,7,-1,-1
826,-1,384,310,44,57,0.91,2,-1,-1
826,-1,278,226,32,46,0.90,2,-1,-1
826,-1,358,153,20,24,0.88,2,-1,-1
826,-1,293,108,14,14,0.85,2,-1,-1
826,-1,362,70,8,9,0.24,2,-1,-1
827,-1,486,335,152,201,0.92,7,-1,-1
827,-1,379,284,40,52,0.91,2,-1,-1
827,-1,274,239,34,50,0.90,2,-1,-1
827,-1,356,148,20,23,0.87,2,-1,-1
827,-1,292,109,14,15,0.86,2,-1,-1
827,-1,363,69,8,9,0.19,2,-1,-1
828,-1,480,318,158,218,0.92,7,-1,-1
828,-1,377,271,38,48,0.91,2,-1,-1
828,-1,271,249,36,54,0.90,2,-1,-1
828,-1,356,146,19,23,0.87,2,-1,-1
828,-1,292,110,14,15,0.85,2,-1,-1
828,-1,363,69,8,9,0.20,2,-1,-1
829,-1,469,297,170,240,0.93,7,-1,-1
829,-1,374,252,36,44,0.90,2,-1,-1
829,-1,266,264,38,60,0.89,2,-1,-1
829,-1,355,142,18,22,0.87,2,-1,-1
829,-1,290,112,16,16,0.83,2,-1,-1
829,-1,362,69,9,8,0.14,2,-1,-1
830,-1,461,285,178,252,0.92,7,-1,-1
830,-1,263,277,40,64,0.90,2,-1,-1
830,-1,372,241,34,42,0.89,2,-1,-1
830,-1,355,139,18,22,0.85,2,-1,-1
830,-1,290,112,16,16,0.83,2,-1,-1
831,-1,451,270,186,266,0.92,7,-1,-1
831,-1,256,298,45,72,0.91,2,-1,-1
831,-1,370,226,30,38,0.90,2,-1,-1
831,-1,354,135,18,22,0.86,2,-1,-1
831,-1,289,115,16,16,0.84,2,-1,-1
832,-1,445,261,190,274,0.94,7,-1,-1
832,-1,251,314,48,80,0.90,2,-1,-1
832,-1,368,218,30,36,0.89,2,-1,-1
832,-1,354,133,18,22,0.87,2,-1,-1
832,-1,288,116,16,16,0.84,2,-1,-1
833,-1,436,245,200,288,0.95,7,-1,-1
833,-1,240,342,55,94,0.92,2,-1,-1
833,-1,367,206,27,34,0.88,2,-1,-1
833,-1,353,130,18,20,0.86,2,-1,-1
833,-1,288,118,16,16,0.83,2,-1,-1
834,-1,433,238,204,294,0.95,7,-1,-1
834,-1,234,364,57,106,0.92,2,-1,-1
834,-1,366,199,27,33,0.88,2,-1,-1
834,-1,353,128,18,21,0.87,2,-1,-1
834,-1,287,118,16,17,0.84,2,-1,-1
835,-1,429,228,204,305,0.95,7,-1,-1
835,-1,220,406,68,128,0.93,2,-1,-1
835,-1,365,190,26,30,0.89,2,-1,-1
835,-1,286,121,17,17,0.85,2,-1,-1
835,-1,352,127,18,18,0.84,2,-1,-1
836,-1,426,221,208,312,0.95,7,-1,-1
836,-1,209,444,74,92,0.90,2,-1,-1
836,-1,363,186,25,28,0.89,2,-1,-1
836,-1,285,123,18,17,0.86,2,-1,-1
836,-1,352,126,17,17,0.81,2,-1,-1
837,-1,420,209,216,324,0.92,7,-1,-1
837,-1,362,176,24,28,0.88,2,-1,-1
837,-1,352,121,16,19,0.86,2,-1,-1
837,-1,284,125,18,17,0.85,2,-1,-1
837,-1,196,507,74,30,0.82,2,-1,-1
838,-1,419,203,214,328,0.92,7,-1,-1
838,-1,361,172,24,27,0.89,2,-1,-1
838,-1,283,125,19,19,0.85,2,-1,-1
838,-1,352,120,16,18,0.85,2,-1,-1
839,-1,415,192,186,328,0.89,7,-1,-1
839,-1,360,165,23,26,0.88,2,-1,-1
839,-1,283,126,18,21,0.87,2,-1,-1
839,-1,350,118,16,18,0.84,2,-1,-1
840,-1,410,192,176,296,0.91,7,-1,-1
840,-1,360,161,23,24,0.87,2,-1,-1
840,-1,282,126,19,22,0.86,2,-1,-1
840,-1,350,116,16,18,0.85,2,-1,-1
841,-1,411,182,154,271,0.89,7,-1,-1
841,-1,359,155,22,24,0.88,2,-1,-1
841,-1,350,114,16,16,0.86,2,-1,-1
841,-1,280,134,18,17,0.84,2,-1,-1
842,-1,408,176,144,257,0.93,7,-1,-1
842,-1,358,152,22,22,0.87,2,-1,-1
842,-1,350,113,14,16,0.85,2,-1,-1
842,-1,280,136,18,18,0.85,2,-1,-1
843,-1,402,175,132,226,0.93,7,-1,-1
843,-1,358,147,22,22,0.88,2,-1,-1
843,-1,278,138,18,18,0.86,2,-1,-1
843,-1,349,112,14,15,0.85,2,-1,-1
844,-1,402,171,124,213,0.91,7,-1,-1
844,-1,358,144,21,21,0.88,2,-1,-1
844,-1,349,110,14,16,0.86,2,-1,-1
844,-1,278,140,18,18,0.86,2,-1,-1
845,-1,398,166,116,195,0.91,7,-1,-1
845,-1,358,140,19,20,0.88,2,-1,-1
845,-1,276,142,18,20,0.87,2,-1,-1
845,-1,349,108,14,16,0.87,2,-1,-1
846,-1,397,164,110,184,0.92,7,-1,-1
846,-1,357,136,18,20,0.87,2,-1,-1
846,-1,274,142,20,23,0.87,2,-1,-1
846,-1,349,106,14,15,0.85,2,-1,-1
847,-1,396,158,100,172,0.92,7,-1,-1
847,-1,357,132,18,20,0.87,2,-1,-1
847,-1,273,144,20,24,0.85,2,-1,-1
847,-1,348,104,14,16,0.84,2,-1,-1
848,-1,394,156,96,164,0.92,7,-1,-1
848,-1,272,146,20,24,0.88,2,-1,-1
848,-1,357,130,18,19,0.87,2,-1,-1
848,-1,348,103,14,16,0.84,2,-1,-1
849,-1,392,152,90,152,0.92,7,-1,-1
849,-1,269,150,22,25,0.88,2,-1,-1
849,-1,348,103,12,14,0.85,2,-1,-1
849,-1,356,127,18,18,0.85,2,-1,-1
850,-1,392,152,84,143,0.93,7,-1,-1
850,-1,268,152,22,26,0.88,2,-1,-1
850,-1,356,125,16,18,0.87,2,-1,-1
850,-1,348,101,12,14,0.85,2,-1,-1
851,-1,388,147,80,136,0.92,7,-1,-1
851,-1,266,156,22,26,0.88,2,-1,-1
851,-1,356,123,16,16,0.86,2,-1,-1
851,-1,348,100,12,14,0.83,2,-1,-1
852,-1,388,146,76,130,0.92,7,-1,-1
852,-1,265,158,22,27,0.86,2,-1,-1
852,-1,356,120,16,17,0.85,2,-1,-1
852,-1,347,100,12,13,0.81,2,-1,-1
853,-1,387,142,72,123,0.92,7,-1,-1
853,-1,264,162,22,29,0.87,2,-1,-1
853,-1,356,118,15,16,0.86,2,-1,-1
853,-1,347,99,12,12,0.77,2,-1,-1
854,-1,385,140,70,119,0.92,7,-1,-1
854,-1,262,166,23,28,0.88,2,-1,-1
854,-1,356,116,15,16,0.87,2,-1,-1
854,-1,346,98,12,12,0.75,2,-1,-1
855,-1,384,137,66,112,0.92,7,-1,-1
855,-1,259,171,24,30,0.88,2,-1,-1
855,-1,356,113,14,16,0.83,2,-1,-1
855,-1,346,96,12,12,0.75,2,-1,-1
856,-1,384,135,64,108,0.92,7,-1,-1
856,-1,257,174,24,30,0.88,2,-1,-1
856,-1,356,111,14,15,0.83,2,-1,-1
856,-1,346,96,12,12,0.75,2,-1,-1
857,-1,382,133,60,102,0.91,7,-1,-1
857,-1,255,178,26,32,0.88,2,-1,-1
857,-1,356,109,14,15,0.86,2,-1,-1
857,-1,346,94,12,12,0.74,2,-1,-1
858,-1,381,130,60,100,0.91,7,-1,-1
858,-1,253,182,26,33,0.88,2,-1,-1
858,-1,356,108,14,14,0.84,2,-1,-1
858,-1,346,94,12,12,0.75,2,-1,-1
859,-1,380,128,56,94,0.90,7,-1,-1
859,-1,250,186,27,37,0.87,2,-1,-1
859,-1,356,106,14,13,0.83,2,-1,-1
859,-1,347,92,10,12,0.72,2,-1,-1
860,-1,380,127,54,90,0.90,7,-1,-1
860,-1,247,191,28,37,0.88,2,-1,-1
860,-1,357,105,12,13,0.78,2,-1,-1
860,-1,346,91,11,12,0.72,2,-1,-1
861,-1,379,124,52,87,0.90,7,-1,-1
861,-1,244,199,29,38,0.88,2,-1,-1
861,-1,357,102,12,14,0.80,2,-1,-1
861,-1,346,89,11,12,0.72,2,-1,-1
862,-1,378,122,52,85,0.90,7,-1,-1
862,-1,241,203,29,40,0.89,2,-1,-1
862,-1,357,102,12,13,0.81,2,-1,-1
862,-1,346,89,11,12,0.71,2,-1,-1
863,-1,376,120,50,82,0.91,7,-1,-1
863,-1,237,211,30,42,0.89,2,-1,-1
863,-1,357,99,12,14,0.83,2,-1,-1
863,-1,346,88,11,12,0.73,2,-1,-1
864,-1,376,120,48,78,0.91,7,-1,-1
864,-1,234,217,32,42,0.89,2,-1,-1
864,-1,357,99,12,12,0.82,2,-1,-1
864,-1,346,88,10,12,0.71,2,-1,-1
865,-1,376,118,46,75,0.90,7,-1,-1
865,-1,229,226,33,46,0.89,2,-1,-1
865,-1,358,96,12,13,0.76,2,-1,-1
865,-1,346,86,10,12,0.73,2,-1,-1
866,-1,376,117,44,74,0.91,7,-1,-1
866,-1,225,231,36,50,0.90,2,-1,-1
866,-1,358,96,12,12,0.77,2,-1,-1
866,-1,346,86,10,12,0.73,2,-1,-1
867,-1,374,114,44,72,0.91,7,-1,-1
867,-1,219,244,37,51,0.90,2,-1,-1
867,-1,357,94,12,12,0.76,2,-1,-1
867,-1,345,84,11,12,0.75,2,-1,-1
868,-1,373,113,44,70,0.91,7,-1,-1
868,-1,214,252,39,52,0.90,2,-1,-1
868,-1,358,94,12,12,0.76,2,-1,-1
868,-1,346,84,10,12,0.74,2,-1,-1
869,-1,374,111,40,68,0.90,7,-1,-1
869,-1,207,262,42,60,0.89,2,-1,-1
869,-1,358,92,12,12,0.77,2,-1,-1
869,-1,346,83,10,11,0.71,2,-1,-1
870,-1,202,271,44,64,0.91,2,-1,-1
870,-1,372,111,40,66,0.90,7,-1,-1
870,-1,358,92,11,12,0.76,2,-1,-1
870,-1,346,82,10,11,0.69,2,-1,-1
871,-1,194,286,47,69,0.91,2,-1,-1
871,-1,372,109,40,64,0.90,7,-1,-1
871,-1,358,91,11,10,0.67,2,-1,-1
871,-1,346,82,10,10,0.63,2,-1,-1
872,-1,186,298,50,74,0.91,2,-1,-1
872,-1,372,108,38,62,0.90,7,-1,-1
872,-1,358,89,11,12,0.65,2,-1,-1
872,-1,346,82,10,10,0.63,2,-1,-1
873,-1,175,317,54,82,0.92,2,-1,-1
873,-1,370,106,38,61,0.89,7,-1,-1
873,-1,414,490,76,48,0.89,2,-1,-1
873,-1,358,88,11,11,0.66,2,-1,-1
873,-1,346,82,10,10,0.64,2,-1,-1
874,-1,166,332,58,88,0.91,2,-1,-1
874,-1,405,444,74,92,0.91,2,-1,-1
874,-1,370,105,36,60,0.90,7,-1,-1
874,-1,346,80,10,10,0.65,2,-1,-1
874,-1,358,88,10,11,0.63,2,-1,-1
875,-1,396,390,62,90,0.92,2,-1,-1
875,-1,150,358,65,98,0.92,2,-1,-1
875,-1,369,104,36,58,0.90,7,-1,-1
875,-1,358,88,10,10,0.65,2,-1,-1
875,-1,346,80,10,10,0.62,2,-1,-1
876,-1,139,377,70,108,0.93,2,-1,-1
876,-1,392,359,56,83,0.91,2,-1,-1
876,-1,368,103,36,57,0.89,7,-1,-1
876,-1,358,87,10,10,0.65,2,-1,-1
876,-1,345,80,10,10,0.61,2,-1,-1
877,-1,118,410,79,125,0.93,2,-1,-1
877,-1,385,323,50,70,0.91,2,-1,-1
877,-1,369,101,34,56,0.89,7,-1,-1
877,-1,358,85,10,10,0.68,2,-1,-1
877,-1,345,79,10,10,0.54,2,-1,-1
878,-1,103,437,84,100,0.92,2,-1,-1
878,-1,381,302,44,64,0.90,2,-1,-1
878,-1,370,101,32,54,0.89,7,-1,-1
878,-1,358,84,10,10,0.58,2,-1,-1
878,-1,346,78,10,10,0.55,2,-1,-1
879,-1,377,276,40,59,0.91,2,-1,-1
879,-1,87,482,82,56,0.89,2,-1,-1
879,-1,368,99,32,54,0.88,7,-1,-1
879,-1,346,78,10,10,0.51,2,-1,-1
879,-1,357,83,10,9,0.39,2,-1,-1
880,-1,374,262,38,54,0.91,2,-1,-1
880,-1,368,99,32,52,0.88,7,-1,-1
880,-1,77,518,72,20,0.59,2,-1,-1
880,-1,346,78,10,10,0.55,2,-1,-1
880,-1,357,82,10,10,0.44,2,-1,-1
881,-1,370,242,36,50,0.90,2,-1,-1
881,-1,368,98,30,50,0.88,7,-1,-1
881,-1,346,77,10,10,0.49,2,-1,-1
881,-1,357,82,10,9,0.45,2,-1,-1
882,-1,368,232,34,46,0.90,2,-1,-1
882,-1,367,97,30,49,0.89,7,-1,-1
882,-1,346,77,10,10,0.50,2,-1,-1
882,-1,357,82,10,9,0.46,2,-1,-1
883,-1,366,216,31,43,0.90,2,-1,-1
883,-1,366,96,30,48,0.88,7,-1,-1
883,-1,346,76,10,9,0.47,2,-1,-1
883,-1,357,82,8,8,0.34,2,-1,-1
884,-1,364,207,30,42,0.89,2,-1,-1
884,-1,367,96,28,46,0.88,7,-1,-1
884,-1,357,82,9,8,0.38,2,-1,-1
884,-1,346,76,10,9,0.25,2,-1,-1
885,-1,363,197,28,37,0.90,2,-1,-1
885,-1,366,95,28,46,0.88,7,-1,-1
885,-1,357,80,8,8,0.32,2,-1,-1
885,-1,346,75,9,9,0.22,2,-1,-1
886,-1,362,190,26,36,0.89,2,-1,-1
886,-1,365,94,28,44,0.87,7,-1,-1
886,-1,357,80,8,8,0.35,2,-1,-1
886,-1,347,76,8,8,0.17,2,-1,-1
887,-1,361,180,24,34,0.89,2,-1,-1
887,-1,366,94,26,42,0.87,7,-1,-1
887,-1,357,78,9,8,0.34,2,-1,-1
888,-1,360,174,24,33,0.89,2,-1,-1
888,-1,365,94,26,41,0.87,7,-1,-1
888,-1,357,77,10,9,0.42,2,-1,-1
889,-1,366,93,24,40,0.89,7,-1,-1
889,-1,358,168,23,31,0.89,2,-1,-1
889,-1,358,76,9,9,0.31,2,-1,-1
889,-1,349,75,8,8,0.11,2,-1,-1
890,-1,358,163,22,30,0.90,2,-1,-1
890,-1,365,93,25,39,0.88,7,-1,-1
890,-1,349,74,8,8,0.15,2,-1,-1
890,-1,356,75,10,8,0.11,2,-1,-1
891,-1,357,157,20,28,0.89,2,-1,-1
891,-1,365,92,24,38,0.88,7,-1,-1
891,-1,358,75,9,8,0.24,2,-1,-1
891,-1,349,74,8,8,0.16,2,-1,-1
892,-1,356,153,21,27,0.88,2,-1,-1
892,-1,364,91,24,38,0.88,7,-1,-1
892,-1,358,75,9,8,0.17,2,-1,-1
892,-1,349,73,8,8,0.17,2,-1,-1
893,-1,355,147,20,26,0.88,2,-1,-1
893,-1,365,91,22,36,0.69,7,-1,-1
894,-1,354,144,20,25,0.85,2,-1,-1
894,-1,364,90,22,35,0.85,7,-1,-1
895,-1,354,139,19,25,0.87,2,-1,-1
895,-1,365,90,20,34,0.83,7,-1,-1
895,-1,350,72,8,8,0.11,2,-1,-1
896,-1,354,136,18,24,0.87,2,-1,-1
896,-1,364,90,21,34,0.84,7,-1,-1
897,-1,353,132,18,24,0.88,2,-1,-1
897,-1,363,89,22,33,0.86,7,-1,-1
898,-1,352,128,17,24,0.87,2,-1,-1
898,-1,364,89,20,32,0.86,7,-1,-1
899,-1,353,126,16,22,0.87,2,-1,-1
899,-1,364,88,20,32,0.85,7,-1,-1
900,-1,352,124,16,22,0.85,2,-1,-1
900,-1,363,89,20,30,0.85,7,-1,-1
