1,-1,340,156,10,10,0.14,2,-1,-1
2,-1,339,151,10,12,0.47,2,-1,-1
3,-1,470,296,162,205,0.92,7,-1,-1
3,-1,339,150,10,12,0.49,2,-1,-1
4,-1,462,286,145,189,0.93,7,-1,-1
4,-1,339,150,10,12,0.43,2,-1,-1
5,-1,458,280,136,178,0.93,7,-1,-1
5,-1,339,150,10,12,0.43,2,-1,-1
6,-1,452,271,128,165,0.93,7,-1,-1
7,-1,449,267,121,158,0.93,7,-1,-1
7,-1,338,149,10,11,0.32,2,-1,-1
8,-1,444,258,110,148,0.93,7,-1,-1
8,-1,338,149,10,12,0.44,2,-1,-1
9,-1,440,256,107,140,0.93,7,-1,-1
9,-1,338,149,10,10,0.24,2,-1,-1
10,-1,436,249,100,132,0.94,7,-1,-1
11,-1,433,246,95,126,0.93,7,-1,-1
12,-1,430,240,89,119,0.93,7,-1,-1
13,-1,428,237,84,114,0.92,7,-1,-1
14,-1,424,233,80,107,0.94,7,-1,-1
14,-1,338,147,10,10,0.29,2,-1,-1
15,-1,420,231,79,103,0.93,7,-1,-1
15,-1,338,147,10,10,0.29,2,-1,-1
16,-1,417,227,76,97,0.92,7,-1,-1
16,-1,338,147,10,10,0.17,2,-1,-1
17,-1,415,224,72,94,0.93,7,-1,-1
18,-1,413,220,68,90,0.92,7,-1,-1
19,-1,410,220,67,86,0.92,7,-1,-1
19,-1,338,147,10,10,0.19,2,-1,-1
20,-1,408,216,64,82,0.92,7,-1,-1
20,-1,338,147,10,10,0.16,2,-1,-1
21,-1,406,211,62,84,0.92,7,-1,-1
22,-1,404,211,59,77,0.91,7,-1,-1
23,-1,403,209,58,75,0.91,7,-1,-1
24,-1,400,206,55,73,0.90,7,-1,-1
25,-1,400,204,53,71,0.91,7,-1,-1
26,-1,398,203,51,68,0.91,7,-1,-1
27,-1,398,201,49,67,0.92,7,-1,-1
28,-1,396,198,46,68,0.90,7,-1,-1
29,-1,395,196,46,66,0.90,7,-1,-1
30,-1,393,196,45,61,0.90,7,-1,-1
31,-1,392,193,44,60,0.91,7,-1,-1
32,-1,390,190,43,58,0.91,7,-1,-1
33,-1,389,190,42,57,0.90,7,-1,-1
34,-1,386,188,42,55,0.92,7,-1,-1
35,-1,386,188,40,53,0.91,7,-1,-1
36,-1,386,186,38,52,0.90,7,-1,-1
37,-1,387,186,36,50,0.89,7,-1,-1
38,-1,385,183,35,50,0.90,7,-1,-1
39,-1,385,182,34,49,0.90,7,-1,-1
40,-1,384,182,32,47,0.89,7,-1,-1
41,-1,383,181,33,46,0.89,7,-1,-1
42,-1,382,179,32,45,0.88,7,-1,-1
43,-1,381,178,32,46,0.88,7,-1,-1
44,-1,380,176,32,44,0.88,7,-1,-1
45,-1,378,176,31,43,0.88,7,-1,-1
46,-1,379,175,28,42,0.87,7,-1,-1
47,-1,378,174,28,41,0.87,7,-1,-1
48,-1,377,173,28,40,0.87,7,-1,-1
49,-1,377,173,27,39,0.88,7,-1,-1
50,-1,376,172,26,38,0.87,7,-1,-1
51,-1,374,171,27,39,0.88,7,-1,-1
52,-1,373,170,27,38,0.87,7,-1,-1
53,-1,372,169,27,38,0.88,7,-1,-1
54,-1,372,168,26,38,0.88,7,-1,-1
55,-1,464,312,166,198,0.92,7,-1,-1
55,-1,414,452,70,72,0.90,2,-1,-1
55,-1,373,168,24,37,0.88,7,-1,-1
56,-1,457,298,147,185,0.92,7,-1,-1
56,-1,408,423,62,65,0.91,2,-1,-1
56,-1,372,166,24,37,0.88,7,-1,-1
57,-1,453,292,136,176,0.93,7,-1,-1
57,-1,404,406,58,61,0.89,2,-1,-1
57,-1,372,166,24,36,0.87,7,-1,-1
58,-1,446,283,125,160,0.93,7,-1,-1
58,-1,399,382,52,56,0.89,2,-1,-1
58,-1,371,165,23,36,0.86,7,-1,-1
59,-1,443,276,118,152,0.92,7,-1,-1
59,-1,394,368,50,54,0.91,2,-1,-1
59,-1,370,164,24,35,0.87,7,-1,-1
60,-1,436,269,109,138,0.92,7,-1,-1
60,-1,389,351,46,49,0.90,2,-1,-1
60,-1,368,162,24,35,0.86,7,-1,-1
61,-1,432,264,105,132,0.93,7,-1,-1
61,-1,386,338,44,49,0.90,2,-1,-1
61,-1,368,161,25,36,0.86,7,-1,-1
62,-1,429,258,96,122,0.92,7,-1,-1
62,-1,382,325,43,44,0.89,2,-1,-1
62,-1,367,160,25,36,0.86,7,-1,-1
63,-1,428,254,91,116,0.92,7,-1,-1
63,-1,381,316,39,42,0.89,2,-1,-1
63,-1,367,159,24,36,0.86,7,-1,-1
64,-1,423,248,86,109,0.93,7,-1,-1
64,-1,377,306,37,39,0.89,2,-1,-1
64,-1,366,159,23,34,0.86,7,-1,-1
65,-1,420,243,83,105,0.93,7,-1,-1
65,-1,375,298,36,38,0.89,2,-1,-1
65,-1,366,158,23,34,0.86,7,-1,-1
66,-1,415,240,78,97,0.92,7,-1,-1
66,-1,372,289,35,35,0.89,2,-1,-1
66,-1,366,158,22,34,0.87,7,-1,-1
67,-1,414,236,75,93,0.93,7,-1,-1
67,-1,370,282,32,34,0.89,2,-1,-1
67,-1,365,158,22,34,0.87,7,-1,-1
68,-1,410,232,71,88,0.92,7,-1,-1
68,-1,365,156,21,33,0.87,7,-1,-1
68,-1,368,270,32,36,0.86,2,-1,-1
69,-1,408,229,69,84,0.92,7,-1,-1
69,-1,364,155,22,33,0.87,7,-1,-1
69,-1,368,263,30,38,0.86,2,-1,-1
70,-1,406,225,64,79,0.92,7,-1,-1
70,-1,365,259,29,33,0.88,2,-1,-1
70,-1,364,155,21,32,0.87,7,-1,-1
71,-1,404,222,64,78,0.91,7,-1,-1
71,-1,364,258,28,29,0.88,2,-1,-1
71,-1,363,155,21,32,0.87,7,-1,-1
72,-1,401,218,60,74,0.92,7,-1,-1
72,-1,362,252,26,27,0.88,2,-1,-1
72,-1,363,155,20,30,0.86,7,-1,-1
73,-1,400,216,59,72,0.91,7,-1,-1
73,-1,360,247,28,27,0.87,2,-1,-1
73,-1,362,155,20,30,0.86,7,-1,-1
74,-1,398,213,56,70,0.91,7,-1,-1
74,-1,360,242,26,26,0.86,2,-1,-1
74,-1,362,154,20,30,0.86,7,-1,-1
75,-1,396,211,56,68,0.91,7,-1,-1
75,-1,361,152,20,30,0.86,7,-1,-1
75,-1,359,239,25,26,0.85,2,-1,-1
76,-1,394,208,53,64,0.91,7,-1,-1
76,-1,358,233,24,26,0.87,2,-1,-1
76,-1,360,153,20,30,0.87,7,-1,-1
77,-1,393,206,50,62,0.91,7,-1,-1
77,-1,360,152,20,30,0.87,7,-1,-1
77,-1,358,231,23,24,0.86,2,-1,-1
78,-1,392,204,48,60,0.90,7,-1,-1
78,-1,356,227,23,23,0.89,2,-1,-1
78,-1,360,152,19,28,0.87,7,-1,-1
79,-1,390,202,47,58,0.91,7,-1,-1
79,-1,356,224,22,22,0.87,2,-1,-1
79,-1,360,152,19,28,0.87,7,-1,-1
80,-1,388,200,45,56,0.91,7,-1,-1
80,-1,359,152,19,28,0.86,7,-1,-1
80,-1,354,221,22,22,0.86,2,-1,-1
81,-1,388,199,44,54,0.90,7,-1,-1
81,-1,359,152,19,27,0.86,7,-1,-1
81,-1,354,218,22,22,0.86,2,-1,-1
82,-1,386,196,42,53,0.91,7,-1,-1
82,-1,359,152,18,26,0.86,7,-1,-1
82,-1,353,216,21,20,0.84,2,-1,-1
83,-1,386,195,41,51,0.91,7,-1,-1
83,-1,359,152,18,26,0.86,7,-1,-1
83,-1,353,212,21,21,0.85,2,-1,-1
84,-1,384,194,39,48,0.90,7,-1,-1
84,-1,358,151,18,25,0.86,7,-1,-1
84,-1,352,210,20,20,0.85,2,-1,-1
85,-1,383,191,38,48,0.90,7,-1,-1
85,-1,358,151,18,25,0.86,7,-1,-1
85,-1,352,207,20,20,0.84,2,-1,-1
86,-1,382,190,37,46,0.91,7,-1,-1
86,-1,358,151,18,24,0.85,7,-1,-1
86,-1,352,206,19,18,0.85,2,-1,-1
87,-1,381,188,36,46,0.90,7,-1,-1
87,-1,357,150,18,25,0.85,7,-1,-1
87,-1,351,204,18,18,0.84,2,-1,-1
88,-1,380,186,35,45,0.89,7,-1,-1
88,-1,357,149,18,26,0.86,7,-1,-1
88,-1,350,200,18,18,0.85,2,-1,-1
89,-1,379,186,35,44,0.91,7,-1,-1
89,-1,356,149,18,25,0.87,7,-1,-1
89,-1,350,199,18,18,0.85,2,-1,-1
90,-1,378,184,34,42,0.90,7,-1,-1
90,-1,356,148,17,25,0.87,7,-1,-1
90,-1,350,197,18,18,0.84,2,-1,-1
91,-1,377,183,34,42,0.89,7,-1,-1
91,-1,356,148,17,25,0.87,7,-1,-1
91,-1,350,196,17,17,0.84,2,-1,-1
92,-1,376,181,33,41,0.88,7,-1,-1
92,-1,356,147,17,25,0.87,7,-1,-1
92,-1,349,194,17,17,0.86,2,-1,-1
93,-1,375,180,32,40,0.89,7,-1,-1
93,-1,356,147,16,24,0.88,7,-1,-1
93,-1,349,193,17,16,0.86,2,-1,-1
94,-1,374,179,31,39,0.89,7,-1,-1
94,-1,356,147,16,24,0.88,7,-1,-1
94,-1,348,191,17,16,0.81,2,-1,-1
95,-1,374,178,31,38,0.89,7,-1,-1
95,-1,355,147,16,24,0.88,7,-1,-1
95,-1,348,189,17,17,0.83,2,-1,-1
96,-1,373,177,30,37,0.88,7,-1,-1
96,-1,355,147,15,23,0.88,7,-1,-1
96,-1,350,188,14,16,0.85,2,-1,-1
97,-1,372,176,29,36,0.88,7,-1,-1
97,-1,355,146,15,23,0.87,7,-1,-1
97,-1,349,187,14,15,0.84,2,-1,-1
98,-1,371,174,29,37,0.88,7,-1,-1
98,-1,354,146,15,23,0.88,7,-1,-1
98,-1,348,184,14,16,0.83,2,-1,-1
99,-1,370,174,28,36,0.88,7,-1,-1
99,-1,354,146,16,23,0.88,7,-1,-1
99,-1,350,184,12,14,0.83,2,-1,-1
100,-1,370,172,28,36,0.89,7,-1,-1
100,-1,354,145,15,22,0.87,7,-1,-1
100,-1,349,182,12,15,0.86,2,-1,-1
101,-1,369,171,28,36,0.89,7,-1,-1
101,-1,354,145,15,22,0.86,7,-1,-1
101,-1,348,181,13,14,0.86,2,-1,-1
102,-1,368,170,28,35,0.88,7,-1,-1
102,-1,348,180,13,14,0.86,2,-1,-1
102,-1,354,144,15,23,0.85,7,-1,-1
103,-1,368,170,28,35,0.88,7,-1,-1
103,-1,347,178,13,15,0.85,2,-1,-1
103,-1,353,143,15,23,0.84,7,-1,-1
104,-1,368,169,27,32,0.87,7,-1,-1
104,-1,353,143,15,23,0.85,7,-1,-1
104,-1,346,176,14,14,0.82,2,-1,-1
105,-1,367,168,27,33,0.87,7,-1,-1
105,-1,352,143,15,22,0.84,7,-1,-1
105,-1,346,176,14,14,0.80,2,-1,-1
106,-1,367,167,26,32,0.85,7,-1,-1
106,-1,352,142,15,22,0.83,7,-1,-1
106,-1,346,175,14,14,0.74,2,-1,-1
107,-1,366,166,27,32,0.85,7,-1,-1
107,-1,352,143,15,22,0.83,7,-1,-1
107,-1,346,174,13,14,0.74,2,-1,-1
108,-1,366,166,25,32,0.87,7,-1,-1
108,-1,352,142,15,22,0.83,7,-1,-1
108,-1,345,173,12,13,0.81,2,-1,-1
109,-1,365,165,24,31,0.88,7,-1,-1
109,-1,344,172,13,13,0.82,2,-1,-1
109,-1,352,141,14,22,0.82,7,-1,-1
110,-1,364,164,24,30,0.87,7,-1,-1
110,-1,344,170,12,14,0.82,2,-1,-1
110,-1,352,141,14,22,0.82,7,-1,-1
111,-1,364,164,24,30,0.87,7,-1,-1
111,-1,352,141,14,22,0.82,7,-1,-1
111,-1,344,170,12,14,0.82,2,-1,-1
112,-1,364,163,23,30,0.87,7,-1,-1
112,-1,352,140,14,22,0.83,7,-1,-1
112,-1,344,170,12,13,0.82,2,-1,-1
113,-1,363,162,24,30,0.86,7,-1,-1
113,-1,352,141,14,21,0.83,7,-1,-1
113,-1,344,169,11,12,0.59,2,-1,-1
114,-1,363,161,23,30,0.86,7,-1,-1
114,-1,352,140,14,21,0.84,7,-1,-1
114,-1,344,167,11,12,0.84,2,-1,-1
115,-1,362,160,23,30,0.85,7,-1,-1
115,-1,352,140,14,21,0.84,7,-1,-1
115,-1,344,166,11,12,0.82,2,-1,-1
116,-1,362,160,23,28,0.86,7,-1,-1
116,-1,352,140,14,21,0.84,7,-1,-1
116,-1,344,166,11,12,0.84,2,-1,-1
117,-1,361,159,23,29,0.87,7,-1,-1
117,-1,343,166,11,12,0.83,2,-1,-1
117,-1,352,140,13,20,0.83,7,-1,-1
118,-1,361,158,22,28,0.86,7,-1,-1
118,-1,351,139,13,20,0.82,7,-1,-1
118,-1,344,164,10,12,0.46,2,-1,-1
119,-1,361,159,21,27,0.86,7,-1,-1
119,-1,351,139,13,20,0.83,7,-1,-1
119,-1,344,164,10,12,0.35,2,-1,-1
120,-1,360,158,20,26,0.86,7,-1,-1
120,-1,350,138,13,20,0.81,7,-1,-1
120,-1,342,162,11,12,0.75,2,-1,-1
121,-1,360,158,20,26,0.85,7,-1,-1
121,-1,350,139,13,20,0.79,7,-1,-1
121,-1,343,162,10,12,0.57,2,-1,-1
122,-1,360,158,19,25,0.84,7,-1,-1
122,-1,350,139,13,20,0.79,7,-1,-1
122,-1,343,161,10,12,0.73,2,-1,-1
123,-1,360,158,19,25,0.82,7,-1,-1
123,-1,350,139,13,19,0.79,7,-1,-1
123,-1,343,161,10,12,0.74,2,-1,-1
124,-1,350,138,12,20,0.78,7,-1,-1
124,-1,343,160,10,11,0.75,2,-1,-1
124,-1,360,157,18,24,0.73,7,-1,-1
125,-1,349,138,13,20,0.78,7,-1,-1
125,-1,342,159,10,11,0.76,2,-1,-1
125,-1,360,157,18,24,0.65,7,-1,-1
126,-1,349,138,13,20,0.78,7,-1,-1
126,-1,359,155,19,25,0.76,7,-1,-1
126,-1,342,159,10,11,0.74,2,-1,-1
127,-1,349,136,13,20,0.78,7,-1,-1
127,-1,358,154,19,25,0.74,7,-1,-1
127,-1,342,159,10,10,0.56,2,-1,-1
128,-1,358,154,19,25,0.83,7,-1,-1
128,-1,348,136,13,20,0.81,7,-1,-1
128,-1,341,158,10,10,0.64,2,-1,-1
129,-1,358,153,18,24,0.82,7,-1,-1
129,-1,348,136,13,20,0.81,7,-1,-1
129,-1,341,158,10,10,0.59,2,-1,-1
130,-1,348,136,13,19,0.82,7,-1,-1
130,-1,358,153,18,24,0.82,7,-1,-1
130,-1,341,156,10,9,0.31,2,-1,-1
131,-1,348,136,13,19,0.83,7,-1,-1
131,-1,358,153,18,24,0.81,7,-1,-1
131,-1,340,156,10,10,0.36,2,-1,-1
132,-1,357,152,18,24,0.85,7,-1,-1
132,-1,348,136,13,19,0.83,7,-1,-1
132,-1,340,156,10,10,0.36,2,-1,-1
133,-1,356,152,18,23,0.84,7,-1,-1
133,-1,348,136,12,18,0.84,7,-1,-1
133,-1,340,155,9,10,0.33,2,-1,-1
134,-1,356,152,18,22,0.84,7,-1,-1
134,-1,348,136,12,18,0.81,7,-1,-1
134,-1,340,154,9,9,0.23,2,-1,-1
135,-1,356,151,18,22,0.82,7,-1,-1
135,-1,348,136,12,17,0.80,7,-1,-1
135,-1,340,154,9,9,0.24,2,-1,-1
136,-1,356,151,17,22,0.77,7,-1,-1
136,-1,348,137,12,17,0.77,7,-1,-1
137,-1,356,151,17,22,0.81,7,-1,-1
137,-1,348,136,12,17,0.75,7,-1,-1
137,-1,341,152,11,9,0.17,2,-1,-1
138,-1,355,150,17,22,0.82,7,-1,-1
138,-1,347,136,12,17,0.74,7,-1,-1
138,-1,342,152,10,9,0.21,2,-1,-1
139,-1,354,150,17,21,0.74,7,-1,-1
139,-1,347,136,11,17,0.70,7,-1,-1
139,-1,342,148,11,12,0.11,2,-1,-1
140,-1,354,150,17,22,0.79,7,-1,-1
140,-1,347,136,11,16,0.69,7,-1,-1
140,-1,342,149,11,11,0.13,2,-1,-1
141,-1,354,150,16,20,0.71,7,-1,-1
141,-1,347,135,11,17,0.69,7,-1,-1
142,-1,354,149,16,20,0.67,7,-1,-1
142,-1,347,134,11,17,0.64,7,-1,-1
143,-1,354,149,16,20,0.68,7,-1,-1
143,-1,346,134,11,18,0.64,7,-1,-1
143,-1,340,144,12,14,0.11,2,-1,-1
144,-1,354,148,16,20,0.69,7,-1,-1
144,-1,346,134,11,17,0.58,7,-1,-1
144,-1,340,144,11,13,0.13,2,-1,-1
145,-1,354,148,16,21,0.71,7,-1,-1
145,-1,346,133,11,18,0.58,7,-1,-1
146,-1,353,148,15,19,0.51,7,-1,-1
146,-1,346,134,11,18,0.43,7,-1,-1
147,-1,353,147,14,20,0.73,7,-1,-1
147,-1,346,134,10,17,0.38,7,-1,-1
148,-1,352,147,15,20,0.67,7,-1,-1
148,-1,346,133,10,17,0.35,7,-1,-1
149,-1,352,147,15,20,0.67,7,-1,-1
149,-1,346,133,10,17,0.35,7,-1,-1
150,-1,352,146,15,19,0.67,7,-1,-1
150,-1,346,133,10,16,0.43,7,-1,-1
150,-1,338,147,9,8,0.11,2,-1,-1
151,-1,352,145,15,19,0.72,7,-1,-1
151,-1,346,133,10,16,0.35,7,-1,-1
152,-1,352,145,14,19,0.74,7,-1,-1
152,-1,346,133,10,16,0.32,7,-1,-1
153,-1,351,145,14,19,0.72,7,-1,-1
153,-1,346,133,10,16,0.27,7,-1,-1
154,-1,352,145,14,18,0.60,7,-1,-1
154,-1,346,133,10,16,0.19,7,-1,-1
155,-1,351,145,14,18,0.56,7,-1,-1
155,-1,346,133,10,16,0.25,7,-1,-1
156,-1,351,145,14,18,0.58,7,-1,-1
156,-1,346,133,10,15,0.18,7,-1,-1
157,-1,351,144,14,18,0.44,7,-1,-1
157,-1,345,134,9,15,0.11,7,-1,-1
158,-1,350,144,14,18,0.53,7,-1,-1
158,-1,345,133,9,15,0.18,7,-1,-1
159,-1,351,144,14,18,0.56,7,-1,-1
159,-1,345,133,9,15,0.20,7,-1,-1
160,-1,350,144,13,17,0.49,2,-1,-1
161,-1,351,144,13,17,0.57,2,-1,-1
162,-1,350,144,13,16,0.70,2,-1,-1
163,-1,350,144,12,16,0.71,2,-1,-1
164,-1,350,144,12,16,0.71,2,-1,-1
165,-1,350,143,12,16,0.66,2,-1,-1
166,-1,350,143,12,16,0.67,2,-1,-1
167,-1,350,143,12,16,0.67,2,-1,-1
168,-1,350,142,12,16,0.68,2,-1,-1
169,-1,349,141,12,16,0.57,2,-1,-1
170,-1,348,141,12,16,0.53,2,-1,-1
171,-1,349,140,11,16,0.49,2,-1,-1
172,-1,348,140,12,16,0.50,2,-1,-1
173,-1,348,140,12,16,0.48,2,-1,-1
174,-1,348,139,12,17,0.40,2,-1,-1
175,-1,348,139,11,17,0.54,2,-1,-1
176,-1,348,139,11,17,0.53,2,-1,-1
177,-1,348,139,10,16,0.59,2,-1,-1
178,-1,348,139,10,16,0.59,2,-1,-1
179,-1,348,138,10,16,0.58,2,-1,-1
180,-1,348,138,10,15,0.56,2,-1,-1
181,-1,348,138,11,16,0.43,2,-1,-1
182,-1,348,138,11,16,0.43,2,-1,-1
183,-1,348,138,11,16,0.43,2,-1,-1
184,-1,348,137,10,16,0.40,2,-1,-1
185,-1,348,136,11,16,0.35,2,-1,-1
186,-1,462,285,171,222,0.91,7,-1,-1
186,-1,348,136,11,16,0.36,2,-1,-1
187,-1,456,276,157,209,0.93,7,-1,-1
187,-1,348,136,11,16,0.37,2,-1,-1
188,-1,452,270,149,201,0.92,7,-1,-1
188,-1,348,136,11,16,0.36,2,-1,-1
189,-1,447,264,138,190,0.93,7,-1,-1
189,-1,347,137,10,14,0.46,2,-1,-1
190,-1,444,260,131,182,0.94,7,-1,-1
190,-1,348,137,10,14,0.48,2,-1,-1
191,-1,440,254,121,169,0.93,7,-1,-1
191,-1,347,137,10,14,0.44,2,-1,-1
192,-1,436,250,116,161,0.94,7,-1,-1
192,-1,347,137,10,14,0.45,2,-1,-1
193,-1,432,244,109,153,0.93,7,-1,-1
193,-1,346,137,10,13,0.44,2,-1,-1
194,-1,430,240,104,147,0.94,7,-1,-1
194,-1,347,138,10,12,0.41,2,-1,-1
195,-1,426,236,100,138,0.92,7,-1,-1
195,-1,347,137,10,12,0.40,2,-1,-1
196,-1,424,232,95,134,0.94,7,-1,-1
196,-1,347,137,10,12,0.39,2,-1,-1
197,-1,420,228,91,127,0.93,7,-1,-1
197,-1,347,137,10,12,0.38,2,-1,-1
198,-1,418,226,87,122,0.93,7,-1,-1
198,-1,346,137,10,12,0.39,2,-1,-1
199,-1,416,222,82,116,0.93,7,-1,-1
199,-1,346,136,10,12,0.28,2,-1,-1
200,-1,415,220,79,113,0.92,7,-1,-1
200,-1,346,136,10,12,0.18,2,-1,-1
201,-1,412,216,76,108,0.94,7,-1,-1
201,-1,346,136,9,12,0.25,2,-1,-1
202,-1,410,214,74,104,0.93,7,-1,-1
202,-1,345,134,9,12,0.12,2,-1,-1
203,-1,408,211,70,100,0.93,7,-1,-1
204,-1,406,209,67,98,0.92,7,-1,-1
204,-1,345,133,9,14,0.12,7,-1,-1
205,-1,405,206,64,94,0.93,7,-1,-1
206,-1,404,204,63,92,0.92,7,-1,-1
207,-1,402,202,60,88,0.92,7,-1,-1
208,-1,400,200,59,86,0.92,7,-1,-1
209,-1,398,197,58,84,0.91,7,-1,-1
209,-1,345,132,9,13,0.12,7,-1,-1
210,-1,398,197,57,80,0.91,7,-1,-1
210,-1,345,132,9,13,0.12,7,-1,-1
211,-1,396,194,53,78,0.91,7,-1,-1
211,-1,345,132,9,13,0.12,7,-1,-1
212,-1,395,193,52,76,0.91,7,-1,-1
212,-1,345,131,9,14,0.17,7,-1,-1
213,-1,394,191,51,76,0.90,7,-1,-1
213,-1,345,131,9,14,0.16,7,-1,-1
214,-1,392,190,51,76,0.91,7,-1,-1
214,-1,345,131,9,14,0.26,7,-1,-1
215,-1,391,188,50,73,0.90,7,-1,-1
215,-1,345,131,9,14,0.11,7,-1,-1
216,-1,390,186,50,72,0.91,7,-1,-1
216,-1,344,131,9,14,0.10,7,-1,-1
217,-1,390,185,48,70,0.92,7,-1,-1
217,-1,344,132,9,12,0.11,7,-1,-1
218,-1,388,184,48,68,0.92,7,-1,-1
218,-1,420,460,78,71,0.89,2,-1,-1
219,-1,412,423,68,64,0.92,2,-1,-1
219,-1,387,182,46,65,0.91,7,-1,-1
220,-1,386,182,45,64,0.92,7,-1,-1
220,-1,407,402,64,58,0.91,2,-1,-1
220,-1,345,132,8,11,0.14,2,-1,-1
221,-1,386,180,45,62,0.92,7,-1,-1
221,-1,400,376,55,51,0.89,2,-1,-1
222,-1,385,179,44,61,0.92,7,-1,-1
222,-1,396,360,52,48,0.90,2,-1,-1
223,-1,384,178,42,58,0.91,7,-1,-1
223,-1,390,336,49,47,0.89,2,-1,-1
224,-1,384,177,41,58,0.92,7,-1,-1
224,-1,386,326,51,43,0.88,2,-1,-1
225,-1,382,176,40,57,0.91,7,-1,-1
225,-1,384,310,42,40,0.89,2,-1,-1
226,-1,382,175,40,56,0.90,7,-1,-1
226,-1,381,302,39,36,0.88,2,-1,-1
227,-1,468,300,160,211,0.92,7,-1,-1
227,-1,380,174,38,54,0.90,7,-1,-1
227,-1,378,290,38,35,0.89,2,-1,-1
228,-1,462,292,150,200,0.92,7,-1,-1
228,-1,380,173,38,54,0.91,7,-1,-1
228,-1,376,282,39,32,0.88,2,-1,-1
229,-1,455,284,138,181,0.93,7,-1,-1
229,-1,379,172,38,52,0.91,7,-1,-1
229,-1,372,270,34,33,0.83,2,-1,-1
230,-1,451,278,130,171,0.93,7,-1,-1
230,-1,378,171,38,52,0.91,7,-1,-1
230,-1,370,258,33,37,0.87,2,-1,-1
230,-1,344,130,9,12,0.12,7,-1,-1
231,-1,446,270,120,159,0.92,7,-1,-1
231,-1,377,170,37,50,0.91,7,-1,-1
231,-1,369,256,32,29,0.86,2,-1,-1
232,-1,442,265,113,150,0.93,7,-1,-1
232,-1,376,170,36,50,0.90,7,-1,-1
232,-1,368,253,31,26,0.87,2,-1,-1
233,-1,436,256,106,143,0.93,7,-1,-1
233,-1,376,169,35,48,0.90,7,-1,-1
233,-1,366,245,28,26,0.86,2,-1,-1
234,-1,432,252,103,136,0.93,7,-1,-1
234,-1,375,168,36,48,0.90,7,-1,-1
234,-1,364,240,28,26,0.87,2,-1,-1
235,-1,430,246,94,126,0.93,7,-1,-1
235,-1,374,167,35,48,0.89,7,-1,-1
235,-1,362,236,28,24,0.86,2,-1,-1
236,-1,427,243,90,120,0.93,7,-1,-1
236,-1,374,166,35,46,0.89,7,-1,-1
236,-1,362,232,26,24,0.87,2,-1,-1
237,-1,424,238,84,112,0.92,7,-1,-1
237,-1,373,165,33,46,0.90,7,-1,-1
237,-1,362,226,24,23,0.87,2,-1,-1
238,-1,420,234,82,110,0.93,7,-1,-1
238,-1,372,165,32,46,0.89,7,-1,-1
238,-1,360,224,24,22,0.85,2,-1,-1
239,-1,415,229,81,104,0.92,7,-1,-1
239,-1,371,163,32,45,0.89,7,-1,-1
239,-1,359,218,25,22,0.86,2,-1,-1
240,-1,414,226,77,100,0.92,7,-1,-1
240,-1,370,163,32,44,0.88,7,-1,-1
240,-1,358,214,24,23,0.84,2,-1,-1
241,-1,412,222,72,95,0.92,7,-1,-1
241,-1,370,162,31,44,0.87,7,-1,-1
241,-1,357,211,22,21,0.87,2,-1,-1
241,-1,346,128,8,11,0.22,7,-1,-1
242,-1,410,219,70,93,0.92,7,-1,-1
242,-1,370,162,30,43,0.88,7,-1,-1
242,-1,356,209,22,20,0.86,2,-1,-1
242,-1,346,128,9,11,0.26,7,-1,-1
243,-1,407,215,66,88,0.92,7,-1,-1
243,-1,369,161,30,42,0.88,7,-1,-1
243,-1,355,205,20,20,0.86,2,-1,-1
243,-1,346,128,9,11,0.14,7,-1,-1
244,-1,406,212,64,86,0.92,7,-1,-1
244,-1,368,160,29,42,0.88,7,-1,-1
244,-1,354,204,21,19,0.85,2,-1,-1
244,-1,346,128,9,11,0.15,7,-1,-1
245,-1,403,208,60,84,0.91,7,-1,-1
245,-1,368,160,29,41,0.88,7,-1,-1
245,-1,353,200,20,18,0.87,2,-1,-1
246,-1,401,207,60,81,0.91,7,-1,-1
246,-1,367,159,28,40,0.88,7,-1,-1
246,-1,352,199,20,18,0.86,2,-1,-1
247,-1,400,204,56,78,0.90,7,-1,-1
247,-1,366,159,29,40,0.89,7,-1,-1
247,-1,352,195,19,18,0.86,2,-1,-1
248,-1,398,204,54,74,0.90,7,-1,-1
248,-1,366,158,28,40,0.88,7,-1,-1
248,-1,352,194,18,18,0.86,2,-1,-1
249,-1,396,199,54,73,0.91,7,-1,-1
249,-1,366,158,28,38,0.88,7,-1,-1
249,-1,350,191,18,18,0.86,2,-1,-1
250,-1,394,197,51,72,0.90,7,-1,-1
250,-1,366,157,27,38,0.88,7,-1,-1
250,-1,350,190,17,16,0.84,2,-1,-1
251,-1,393,196,49,71,0.89,7,-1,-1
251,-1,365,156,27,38,0.88,7,-1,-1
251,-1,350,187,17,18,0.85,2,-1,-1
252,-1,392,194,48,67,0.90,7,-1,-1
252,-1,365,156,27,38,0.89,7,-1,-1
252,-1,349,186,16,16,0.85,2,-1,-1
253,-1,390,193,46,64,0.90,7,-1,-1
253,-1,364,155,26,37,0.88,7,-1,-1
253,-1,349,185,16,15,0.85,2,-1,-1
254,-1,389,192,46,62,0.90,7,-1,-1
254,-1,364,155,26,36,0.88,7,-1,-1
254,-1,349,184,15,14,0.80,2,-1,-1
255,-1,388,190,44,60,0.90,7,-1,-1
255,-1,363,154,27,36,0.88,7,-1,-1
255,-1,348,182,14,14,0.85,2,-1,-1
256,-1,387,190,42,57,0.90,7,-1,-1
256,-1,363,154,26,36,0.88,7,-1,-1
256,-1,348,181,14,14,0.86,2,-1,-1
257,-1,386,192,40,52,0.90,7,-1,-1
257,-1,362,153,26,35,0.88,7,-1,-1
257,-1,348,178,14,15,0.84,2,-1,-1
258,-1,384,188,40,52,0.89,7,-1,-1
258,-1,362,153,26,35,0.88,7,-1,-1
258,-1,348,177,13,14,0.79,2,-1,-1
259,-1,384,188,37,50,0.89,7,-1,-1
259,-1,361,152,26,34,0.88,7,-1,-1
259,-1,347,176,13,14,0.77,2,-1,-1
260,-1,383,187,37,48,0.89,7,-1,-1
260,-1,361,152,25,34,0.87,7,-1,-1
260,-1,347,175,13,14,0.73,2,-1,-1
261,-1,382,186,35,46,0.89,7,-1,-1
261,-1,360,151,24,34,0.86,7,-1,-1
261,-1,348,173,12,14,0.75,2,-1,-1
262,-1,382,185,34,46,0.88,7,-1,-1
262,-1,360,151,24,33,0.86,7,-1,-1
262,-1,346,172,12,13,0.80,2,-1,-1
263,-1,380,183,33,45,0.89,7,-1,-1
263,-1,360,150,24,34,0.85,7,-1,-1
263,-1,346,171,12,13,0.76,2,-1,-1
264,-1,379,182,34,44,0.88,7,-1,-1
264,-1,359,150,25,34,0.85,7,-1,-1
264,-1,346,171,12,13,0.74,2,-1,-1
265,-1,378,179,33,44,0.87,7,-1,-1
265,-1,358,150,24,33,0.86,7,-1,-1
265,-1,346,170,12,12,0.81,2,-1,-1
266,-1,378,179,32,42,0.87,7,-1,-1
266,-1,359,150,23,32,0.86,7,-1,-1
266,-1,346,169,12,12,0.79,2,-1,-1
267,-1,376,179,30,40,0.88,7,-1,-1
267,-1,358,149,22,32,0.86,7,-1,-1
267,-1,345,166,11,12,0.83,2,-1,-1
268,-1,376,179,30,39,0.88,7,-1,-1
268,-1,358,149,22,31,0.87,7,-1,-1
268,-1,344,166,11,12,0.84,2,-1,-1
269,-1,375,178,29,37,0.88,7,-1,-1
269,-1,358,148,22,30,0.87,7,-1,-1
269,-1,344,165,10,12,0.85,2,-1,-1
270,-1,374,177,29,37,0.88,7,-1,-1
270,-1,357,148,22,30,0.87,7,-1,-1
270,-1,344,163,10,12,0.83,2,-1,-1
271,-1,357,148,22,30,0.88,7,-1,-1
271,-1,374,175,28,36,0.87,7,-1,-1
271,-1,344,162,10,12,0.81,2,-1,-1
272,-1,356,148,22,30,0.88,7,-1,-1
272,-1,372,174,28,37,0.88,7,-1,-1
272,-1,343,162,10,12,0.74,2,-1,-1
273,-1,372,172,26,36,0.87,7,-1,-1
273,-1,356,147,21,29,0.87,7,-1,-1
273,-1,343,162,10,12,0.75,2,-1,-1
274,-1,371,172,27,36,0.87,7,-1,-1
274,-1,356,147,22,29,0.87,7,-1,-1
274,-1,342,162,10,11,0.76,2,-1,-1
275,-1,370,170,26,36,0.88,7,-1,-1
275,-1,356,146,21,29,0.86,7,-1,-1
275,-1,342,160,10,12,0.77,2,-1,-1
276,-1,369,169,27,36,0.88,7,-1,-1
276,-1,356,146,20,28,0.87,7,-1,-1
276,-1,342,160,10,12,0.78,2,-1,-1
277,-1,369,168,26,35,0.88,7,-1,-1
277,-1,355,146,20,28,0.88,7,-1,-1
277,-1,342,159,10,11,0.76,2,-1,-1
278,-1,368,167,26,35,0.88,7,-1,-1
278,-1,355,146,19,28,0.87,7,-1,-1
278,-1,342,158,10,10,0.72,2,-1,-1
279,-1,355,146,19,27,0.87,7,-1,-1
279,-1,367,166,26,34,0.86,7,-1,-1
279,-1,341,157,10,10,0.68,2,-1,-1
280,-1,355,145,19,28,0.87,7,-1,-1
280,-1,367,165,25,35,0.86,7,-1,-1
280,-1,341,156,10,10,0.72,2,-1,-1
281,-1,354,144,19,28,0.87,7,-1,-1
281,-1,367,164,26,34,0.86,7,-1,-1
281,-1,340,155,10,10,0.62,2,-1,-1
282,-1,354,144,20,28,0.88,7,-1,-1
282,-1,366,164,26,34,0.86,7,-1,-1
282,-1,341,155,9,10,0.59,2,-1,-1
283,-1,354,144,19,28,0.88,7,-1,-1
283,-1,366,163,26,33,0.86,7,-1,-1
283,-1,340,154,10,10,0.65,2,-1,-1
284,-1,353,143,19,27,0.88,7,-1,-1
284,-1,365,163,24,32,0.87,7,-1,-1
284,-1,340,154,10,10,0.60,2,-1,-1
285,-1,353,143,18,26,0.87,7,-1,-1
285,-1,364,163,24,30,0.85,7,-1,-1
285,-1,340,153,10,10,0.52,2,-1,-1
286,-1,353,142,18,25,0.86,7,-1,-1
286,-1,363,162,23,30,0.85,7,-1,-1
286,-1,341,153,9,10,0.54,2,-1,-1
287,-1,362,162,23,30,0.86,7,-1,-1
287,-1,353,142,18,26,0.82,7,-1,-1
287,-1,341,152,9,10,0.49,2,-1,-1
288,-1,362,161,22,30,0.85,7,-1,-1
288,-1,353,142,17,25,0.82,7,-1,-1
288,-1,341,151,9,10,0.57,2,-1,-1
289,-1,362,160,22,29,0.85,7,-1,-1
289,-1,353,142,16,24,0.83,7,-1,-1
289,-1,341,151,9,10,0.56,2,-1,-1
290,-1,362,160,21,29,0.85,7,-1,-1
290,-1,353,141,17,24,0.84,7,-1,-1
290,-1,341,150,9,10,0.47,2,-1,-1
291,-1,362,160,21,28,0.85,7,-1,-1
291,-1,354,141,16,24,0.83,7,-1,-1
291,-1,341,150,9,10,0.46,2,-1,-1
292,-1,361,159,21,28,0.86,7,-1,-1
292,-1,354,141,16,24,0.84,7,-1,-1
292,-1,341,149,9,10,0.48,2,-1,-1
293,-1,360,158,20,27,0.86,7,-1,-1
293,-1,353,141,16,24,0.83,7,-1,-1
293,-1,341,149,9,10,0.49,2,-1,-1
294,-1,360,158,20,27,0.86,7,-1,-1
294,-1,353,141,16,24,0.82,7,-1,-1
294,-1,340,148,9,10,0.46,2,-1,-1
295,-1,360,157,19,27,0.84,7,-1,-1
295,-1,352,140,16,23,0.81,7,-1,-1
295,-1,340,148,9,10,0.43,2,-1,-1
296,-1,359,156,19,27,0.84,7,-1,-1
296,-1,352,140,16,23,0.78,7,-1,-1
296,-1,340,148,9,10,0.41,2,-1,-1
297,-1,358,154,19,28,0.84,7,-1,-1
297,-1,352,139,16,23,0.78,7,-1,-1
297,-1,340,148,9,10,0.39,2,-1,-1
298,-1,358,154,19,28,0.83,7,-1,-1
298,-1,352,139,16,22,0.78,7,-1,-1
298,-1,340,148,9,10,0.39,2,-1,-1
299,-1,358,153,19,28,0.84,7,-1,-1
299,-1,352,139,16,22,0.76,7,-1,-1
299,-1,341,146,8,10,0.31,2,-1,-1
300,-1,357,153,18,26,0.84,7,-1,-1
300,-1,352,138,16,22,0.77,7,-1,-1
300,-1,341,146,8,10,0.32,2,-1,-1
301,-1,357,153,18,26,0.85,7,-1,-1
301,-1,352,138,16,20,0.77,7,-1,-1
301,-1,341,144,8,10,0.33,2,-1,-1
302,-1,357,154,18,24,0.86,7,-1,-1
302,-1,352,138,16,21,0.76,7,-1,-1
302,-1,340,144,9,10,0.34,2,-1,-1
303,-1,356,152,18,26,0.84,7,-1,-1
303,-1,352,138,17,21,0.66,7,-1,-1
303,-1,341,144,8,10,0.23,2,-1,-1
304,-1,356,152,18,25,0.85,7,-1,-1
304,-1,352,138,17,21,0.68,7,-1,-1
304,-1,341,144,8,10,0.20,2,-1,-1
305,-1,356,151,18,25,0.84,7,-1,-1
305,-1,352,138,16,20,0.62,7,-1,-1
306,-1,356,149,18,26,0.81,7,-1,-1
306,-1,352,138,17,20,0.52,7,-1,-1
307,-1,355,148,18,26,0.79,7,-1,-1
307,-1,352,138,17,22,0.49,7,-1,-1
308,-1,354,150,18,24,0.82,7,-1,-1
308,-1,352,137,16,19,0.63,7,-1,-1
308,-1,352,139,18,31,0.19,7,-1,-1
308,-1,340,141,9,10,0.10,2,-1,-1
309,-1,354,150,17,24,0.82,7,-1,-1
309,-1,352,137,16,18,0.61,7,-1,-1
309,-1,352,140,18,32,0.16,7,-1,-1
310,-1,354,150,17,23,0.82,7,-1,-1
310,-1,351,137,16,18,0.63,7,-1,-1
310,-1,352,139,18,31,0.17,7,-1,-1
311,-1,354,148,17,24,0.81,7,-1,-1
311,-1,351,137,16,18,0.63,7,-1,-1
312,-1,354,150,16,22,0.83,7,-1,-1
312,-1,350,136,15,16,0.64,7,-1,-1
313,-1,354,150,16,22,0.82,7,-1,-1
313,-1,350,136,14,16,0.64,7,-1,-1
314,-1,354,150,16,21,0.81,7,-1,-1
314,-1,351,136,14,16,0.63,7,-1,-1
315,-1,353,149,16,21,0.78,7,-1,-1
315,-1,350,136,16,23,0.47,7,-1,-1
316,-1,353,149,16,21,0.77,7,-1,-1
316,-1,350,136,16,24,0.45,7,-1,-1
317,-1,353,149,16,20,0.81,7,-1,-1
317,-1,350,136,15,16,0.58,7,-1,-1
317,-1,352,137,15,30,0.19,7,-1,-1
318,-1,352,147,15,22,0.81,7,-1,-1
318,-1,350,135,16,22,0.30,7,-1,-1
318,-1,343,138,7,9,0.11,2,-1,-1
319,-1,352,140,16,27,0.79,7,-1,-1
320,-1,352,139,16,29,0.79,7,-1,-1
321,-1,351,136,17,30,0.80,7,-1,-1
322,-1,350,137,17,30,0.79,7,-1,-1
322,-1,344,137,8,9,0.11,2,-1,-1
323,-1,350,136,16,30,0.79,7,-1,-1
324,-1,350,136,16,29,0.80,7,-1,-1
325,-1,350,135,16,28,0.79,7,-1,-1
326,-1,350,135,16,28,0.76,7,-1,-1
327,-1,348,134,17,29,0.78,7,-1,-1
328,-1,349,134,17,29,0.80,7,-1,-1
329,-1,348,134,18,29,0.80,7,-1,-1
330,-1,348,134,18,28,0.80,7,-1,-1
331,-1,348,134,17,28,0.76,7,-1,-1
332,-1,348,133,17,28,0.77,7,-1,-1
333,-1,348,133,16,27,0.79,7,-1,-1
334,-1,347,133,16,27,0.79,7,-1,-1
335,-1,347,134,16,26,0.79,7,-1,-1
336,-1,347,134,16,26,0.80,7,-1,-1
336,-1,304,153,9,10,0.10,2,-1,-1
337,-1,346,134,16,25,0.78,7,-1,-1
337,-1,304,153,9,10,0.26,2,-1,-1
338,-1,346,133,16,26,0.79,7,-1,-1
338,-1,304,153,9,10,0.26,2,-1,-1
339,-1,346,133,16,26,0.78,7,-1,-1
339,-1,304,154,9,11,0.43,2,-1,-1
340,-1,346,132,15,25,0.77,7,-1,-1
340,-1,304,154,9,11,0.45,2,-1,-1
341,-1,346,132,15,25,0.77,7,-1,-1
341,-1,304,154,9,11,0.45,2,-1,-1
342,-1,346,133,15,25,0.77,7,-1,-1
342,-1,303,155,9,11,0.17,2,-1,-1
343,-1,345,133,15,24,0.77,7,-1,-1
343,-1,302,155,10,11,0.64,2,-1,-1
344,-1,344,133,14,24,0.76,7,-1,-1
344,-1,302,155,10,11,0.61,2,-1,-1
345,-1,344,133,14,23,0.79,7,-1,-1
345,-1,300,157,11,12,0.64,2,-1,-1
346,-1,344,132,15,23,0.79,7,-1,-1
346,-1,301,158,10,11,0.75,2,-1,-1
347,-1,300,158,11,11,0.79,2,-1,-1
347,-1,344,133,14,23,0.78,7,-1,-1
348,-1,344,132,15,23,0.78,7,-1,-1
348,-1,301,158,11,12,0.77,2,-1,-1
349,-1,300,158,11,12,0.77,2,-1,-1
349,-1,343,132,15,22,0.77,7,-1,-1
350,-1,300,158,11,12,0.77,2,-1,-1
350,-1,343,132,15,22,0.77,7,-1,-1
351,-1,342,131,15,22,0.80,7,-1,-1
351,-1,299,158,11,13,0.75,2,-1,-1
352,-1,343,132,14,22,0.76,7,-1,-1
352,-1,298,160,12,12,0.76,2,-1,-1
353,-1,298,160,12,12,0.78,2,-1,-1
353,-1,342,132,14,21,0.72,7,-1,-1
354,-1,298,160,12,12,0.78,2,-1,-1
354,-1,342,132,14,20,0.53,7,-1,-1
355,-1,296,161,12,12,0.82,2,-1,-1
355,-1,342,132,14,20,0.57,7,-1,-1
356,-1,296,161,12,13,0.82,2,-1,-1
356,-1,342,132,14,20,0.66,7,-1,-1
357,-1,296,162,12,14,0.82,2,-1,-1
357,-1,342,130,14,21,0.65,7,-1,-1
358,-1,296,163,13,14,0.85,2,-1,-1
358,-1,342,131,14,20,0.62,7,-1,-1
359,-1,295,163,13,14,0.85,2,-1,-1
359,-1,342,130,14,20,0.68,7,-1,-1
360,-1,295,164,13,14,0.76,2,-1,-1
360,-1,341,131,14,20,0.58,7,-1,-1
361,-1,294,165,13,14,0.84,2,-1,-1
361,-1,342,131,13,20,0.30,7,-1,-1
362,-1,294,166,13,14,0.83,2,-1,-1
362,-1,342,131,13,20,0.30,7,-1,-1
363,-1,294,168,12,14,0.83,2,-1,-1
363,-1,341,130,14,20,0.42,7,-1,-1
364,-1,294,168,13,14,0.85,2,-1,-1
364,-1,341,130,14,20,0.42,7,-1,-1
365,-1,294,169,13,14,0.84,2,-1,-1
365,-1,341,130,14,20,0.39,7,-1,-1
366,-1,292,169,14,15,0.85,2,-1,-1
366,-1,341,130,14,19,0.37,7,-1,-1
367,-1,292,170,13,15,0.86,2,-1,-1
367,-1,342,130,13,19,0.47,7,-1,-1
368,-1,292,171,13,15,0.86,2,-1,-1
368,-1,342,130,13,19,0.48,7,-1,-1
369,-1,290,172,14,16,0.85,2,-1,-1
369,-1,341,130,14,18,0.36,7,-1,-1
370,-1,290,173,14,15,0.83,2,-1,-1
370,-1,341,130,14,18,0.37,7,-1,-1
371,-1,290,174,14,16,0.83,2,-1,-1
371,-1,341,130,14,19,0.38,7,-1,-1
372,-1,289,174,14,16,0.82,2,-1,-1
372,-1,341,130,14,18,0.39,7,-1,-1
373,-1,288,176,15,16,0.84,2,-1,-1
373,-1,341,129,14,19,0.38,7,-1,-1
374,-1,288,176,15,17,0.84,2,-1,-1
374,-1,340,129,14,19,0.47,7,-1,-1
375,-1,288,178,15,16,0.85,2,-1,-1
375,-1,340,129,14,19,0.48,7,-1,-1
376,-1,287,179,15,16,0.85,2,-1,-1
376,-1,340,129,14,18,0.43,7,-1,-1
377,-1,286,181,15,16,0.84,2,-1,-1
377,-1,340,128,14,18,0.52,7,-1,-1
378,-1,286,182,14,16,0.84,2,-1,-1
378,-1,340,128,14,18,0.61,7,-1,-1
379,-1,286,183,14,17,0.84,2,-1,-1
379,-1,340,128,14,18,0.53,7,-1,-1
380,-1,283,184,16,18,0.84,2,-1,-1
380,-1,340,128,14,18,0.64,7,-1,-1
381,-1,283,185,15,18,0.84,2,-1,-1
381,-1,340,128,14,18,0.66,7,-1,-1
382,-1,282,186,16,18,0.85,2,-1,-1
382,-1,340,128,14,18,0.66,7,-1,-1
383,-1,281,188,16,18,0.84,2,-1,-1
383,-1,340,128,14,17,0.57,7,-1,-1
384,-1,280,189,16,20,0.84,2,-1,-1
384,-1,340,128,14,16,0.70,7,-1,-1
385,-1,279,191,16,20,0.84,2,-1,-1
385,-1,341,127,12,16,0.53,7,-1,-1
386,-1,278,192,17,19,0.83,2,-1,-1
386,-1,341,127,12,16,0.53,7,-1,-1
387,-1,276,195,18,20,0.84,2,-1,-1
387,-1,342,127,12,16,0.53,7,-1,-1
388,-1,275,196,18,20,0.86,2,-1,-1
388,-1,342,127,12,16,0.53,7,-1,-1
389,-1,274,198,19,20,0.84,2,-1,-1
389,-1,341,126,12,17,0.40,7,-1,-1
390,-1,273,200,18,20,0.83,2,-1,-1
390,-1,342,126,11,16,0.10,7,-1,-1
391,-1,470,300,164,217,0.91,7,-1,-1
391,-1,272,202,18,21,0.86,2,-1,-1
392,-1,464,294,159,207,0.92,7,-1,-1
392,-1,270,204,18,21,0.86,2,-1,-1
393,-1,456,285,145,192,0.93,7,-1,-1
393,-1,268,207,20,22,0.84,2,-1,-1
394,-1,453,278,138,182,0.93,7,-1,-1
394,-1,267,208,21,23,0.85,2,-1,-1
394,-1,344,125,10,17,0.27,7,-1,-1
395,-1,448,272,128,168,0.93,7,-1,-1
395,-1,265,211,21,24,0.88,2,-1,-1
395,-1,344,125,10,17,0.30,7,-1,-1
396,-1,444,268,122,161,0.93,7,-1,-1
396,-1,264,213,21,24,0.84,2,-1,-1
396,-1,344,125,11,17,0.54,7,-1,-1
397,-1,440,260,113,150,0.93,7,-1,-1
397,-1,262,216,22,25,0.88,2,-1,-1
397,-1,344,125,10,16,0.62,7,-1,-1
398,-1,436,255,109,144,0.93,7,-1,-1
398,-1,260,219,23,25,0.89,2,-1,-1
398,-1,344,125,10,16,0.65,7,-1,-1
399,-1,432,250,102,135,0.93,7,-1,-1
399,-1,258,222,23,26,0.85,2,-1,-1
399,-1,344,125,10,16,0.61,7,-1,-1
400,-1,430,245,98,131,0.93,7,-1,-1
400,-1,256,224,24,27,0.86,2,-1,-1
400,-1,345,125,10,16,0.55,7,-1,-1
401,-1,426,242,93,122,0.93,7,-1,-1
401,-1,253,228,25,28,0.87,2,-1,-1
401,-1,345,126,10,16,0.55,7,-1,-1
402,-1,424,237,90,118,0.92,7,-1,-1
402,-1,251,231,26,29,0.88,2,-1,-1
402,-1,345,125,10,15,0.32,7,-1,-1
403,-1,420,234,85,111,0.93,7,-1,-1
403,-1,248,235,26,30,0.88,2,-1,-1
403,-1,345,125,10,16,0.28,7,-1,-1
404,-1,418,230,82,108,0.92,7,-1,-1
404,-1,246,238,26,32,0.86,2,-1,-1
404,-1,345,124,10,16,0.19,7,-1,-1
405,-1,414,227,79,102,0.92,7,-1,-1
405,-1,243,244,28,32,0.88,2,-1,-1
405,-1,345,124,10,16,0.19,7,-1,-1
406,-1,412,224,76,99,0.92,7,-1,-1
406,-1,240,247,29,34,0.88,2,-1,-1
407,-1,412,221,70,93,0.92,7,-1,-1
407,-1,236,253,30,36,0.88,2,-1,-1
408,-1,410,219,68,91,0.92,7,-1,-1
408,-1,233,257,30,37,0.90,2,-1,-1
409,-1,406,215,68,88,0.92,7,-1,-1
409,-1,228,264,32,39,0.89,2,-1,-1
410,-1,405,213,65,86,0.92,7,-1,-1
410,-1,225,268,32,41,0.88,2,-1,-1
411,-1,404,210,60,82,0.92,7,-1,-1
411,-1,220,276,34,43,0.90,2,-1,-1
412,-1,402,208,60,79,0.91,7,-1,-1
412,-1,216,282,35,45,0.89,2,-1,-1
413,-1,400,207,57,76,0.91,7,-1,-1
413,-1,208,291,38,47,0.89,2,-1,-1
413,-1,300,152,10,12,0.37,2,-1,-1
414,-1,399,205,56,74,0.91,7,-1,-1
414,-1,204,297,39,50,0.91,2,-1,-1
414,-1,300,152,10,12,0.39,2,-1,-1
415,-1,196,308,42,54,0.91,2,-1,-1
415,-1,398,203,53,72,0.90,7,-1,-1
415,-1,300,152,10,13,0.19,2,-1,-1
416,-1,397,201,53,70,0.91,7,-1,-1
416,-1,190,316,44,56,0.91,2,-1,-1
416,-1,300,152,10,13,0.19,2,-1,-1
417,-1,181,330,46,61,0.92,2,-1,-1
417,-1,396,198,50,68,0.91,7,-1,-1
417,-1,298,152,11,14,0.33,2,-1,-1
418,-1,173,339,51,64,0.92,2,-1,-1
418,-1,394,198,48,67,0.90,7,-1,-1
418,-1,298,154,10,13,0.23,2,-1,-1
419,-1,162,355,54,70,0.92,2,-1,-1
419,-1,392,195,48,66,0.90,7,-1,-1
419,-1,296,154,12,14,0.64,2,-1,-1
420,-1,153,366,57,76,0.92,2,-1,-1
420,-1,390,194,47,64,0.91,7,-1,-1
420,-1,296,154,12,15,0.73,2,-1,-1
421,-1,138,388,62,84,0.92,2,-1,-1
421,-1,389,192,44,61,0.90,7,-1,-1
421,-1,297,157,11,13,0.35,2,-1,-1
422,-1,128,403,67,91,0.93,2,-1,-1
422,-1,388,190,44,60,0.90,7,-1,-1
422,-1,297,157,11,13,0.34,2,-1,-1
423,-1,109,430,74,102,0.93,2,-1,-1
423,-1,387,190,44,57,0.90,7,-1,-1
423,-1,295,157,12,14,0.43,2,-1,-1
424,-1,386,188,42,56,0.92,7,-1,-1
424,-1,295,157,12,14,0.45,2,-1,-1
425,-1,385,186,40,55,0.91,7,-1,-1
425,-1,296,159,11,13,0.57,2,-1,-1
426,-1,384,186,39,53,0.90,7,-1,-1
426,-1,295,160,11,12,0.68,2,-1,-1
427,-1,384,184,37,52,0.90,7,-1,-1
427,-1,295,160,11,14,0.30,2,-1,-1
428,-1,383,183,36,51,0.89,7,-1,-1
428,-1,294,162,11,12,0.65,2,-1,-1
429,-1,381,182,36,50,0.90,7,-1,-1
429,-1,294,162,12,12,0.64,2,-1,-1
430,-1,381,181,35,48,0.89,7,-1,-1
430,-1,294,163,12,13,0.49,2,-1,-1
431,-1,379,178,35,48,0.89,7,-1,-1
431,-1,292,164,12,14,0.82,2,-1,-1
432,-1,379,178,34,47,0.89,7,-1,-1
432,-1,293,164,12,14,0.83,2,-1,-1
433,-1,378,176,34,46,0.88,7,-1,-1
433,-1,292,164,12,14,0.81,2,-1,-1
434,-1,377,176,33,44,0.88,7,-1,-1
434,-1,292,164,13,16,0.81,2,-1,-1
435,-1,376,175,33,44,0.88,7,-1,-1
435,-1,292,164,13,16,0.81,2,-1,-1
436,-1,376,175,33,42,0.88,7,-1,-1
436,-1,290,166,14,16,0.67,2,-1,-1
437,-1,375,173,30,42,0.88,7,-1,-1
437,-1,291,166,14,16,0.68,2,-1,-1
438,-1,374,173,30,41,0.88,7,-1,-1
438,-1,289,167,14,16,0.79,2,-1,-1
438,-1,300,156,10,10,0.31,2,-1,-1
439,-1,374,171,29,42,0.88,7,-1,-1
439,-1,288,167,14,16,0.82,2,-1,-1
439,-1,299,156,10,10,0.42,2,-1,-1
440,-1,373,170,30,41,0.88,7,-1,-1
440,-1,288,168,14,16,0.82,2,-1,-1
440,-1,300,157,10,10,0.35,2,-1,-1
441,-1,372,169,29,41,0.88,7,-1,-1
441,-1,288,170,13,15,0.85,2,-1,-1
441,-1,298,158,11,10,0.71,2,-1,-1
442,-1,371,168,29,40,0.87,7,-1,-1
442,-1,288,170,14,18,0.80,2,-1,-1
442,-1,298,158,11,11,0.69,2,-1,-1
443,-1,370,168,29,40,0.87,7,-1,-1
443,-1,286,172,14,16,0.82,2,-1,-1
443,-1,298,158,11,11,0.71,2,-1,-1
444,-1,370,167,28,39,0.88,7,-1,-1
444,-1,286,173,14,16,0.84,2,-1,-1
444,-1,298,158,12,12,0.74,2,-1,-1
445,-1,369,166,28,38,0.87,7,-1,-1
445,-1,286,175,13,14,0.82,2,-1,-1
445,-1,297,159,12,11,0.76,2,-1,-1
446,-1,368,165,28,39,0.87,7,-1,-1
446,-1,286,175,14,16,0.75,2,-1,-1
446,-1,297,160,12,11,0.64,2,-1,-1
447,-1,368,163,28,39,0.88,7,-1,-1
447,-1,284,177,14,15,0.85,2,-1,-1
447,-1,296,160,12,11,0.78,2,-1,-1
448,-1,368,163,27,38,0.88,7,-1,-1
448,-1,284,177,14,16,0.85,2,-1,-1
448,-1,296,160,12,11,0.79,2,-1,-1
449,-1,368,161,26,38,0.88,7,-1,-1
449,-1,282,178,14,16,0.84,2,-1,-1
449,-1,297,161,12,11,0.78,2,-1,-1
450,-1,367,161,26,38,0.88,7,-1,-1
450,-1,296,161,12,12,0.84,2,-1,-1
450,-1,281,178,15,18,0.84,2,-1,-1
451,-1,367,161,26,36,0.88,7,-1,-1
451,-1,296,162,12,13,0.81,2,-1,-1
451,-1,280,179,15,20,0.81,2,-1,-1
452,-1,366,161,26,36,0.87,7,-1,-1
452,-1,279,181,16,17,0.81,2,-1,-1
452,-1,295,162,12,13,0.79,2,-1,-1
453,-1,366,160,26,35,0.87,7,-1,-1
453,-1,280,182,15,17,0.83,2,-1,-1
453,-1,295,163,12,12,0.82,2,-1,-1
454,-1,365,160,26,34,0.87,7,-1,-1
454,-1,278,182,16,20,0.83,2,-1,-1
454,-1,295,164,12,12,0.78,2,-1,-1
455,-1,364,159,25,34,0.87,7,-1,-1
455,-1,278,184,16,18,0.84,2,-1,-1
455,-1,294,166,12,12,0.81,2,-1,-1
456,-1,364,159,26,34,0.87,7,-1,-1
456,-1,276,183,17,20,0.84,2,-1,-1
456,-1,294,166,12,12,0.81,2,-1,-1
457,-1,364,158,24,33,0.87,7,-1,-1
457,-1,275,186,16,20,0.81,2,-1,-1
457,-1,294,168,12,12,0.77,2,-1,-1
458,-1,364,157,24,34,0.87,7,-1,-1
458,-1,274,187,16,20,0.81,2,-1,-1
458,-1,294,167,12,13,0.81,2,-1,-1
459,-1,363,156,24,34,0.87,7,-1,-1
459,-1,294,169,12,12,0.82,2,-1,-1
459,-1,274,193,16,16,0.81,2,-1,-1
460,-1,363,154,24,35,0.86,7,-1,-1
460,-1,294,169,12,12,0.81,2,-1,-1
460,-1,274,194,16,16,0.80,2,-1,-1
461,-1,363,155,22,32,0.87,7,-1,-1
461,-1,291,171,13,13,0.83,2,-1,-1
461,-1,272,196,16,17,0.82,2,-1,-1
462,-1,362,154,23,32,0.87,7,-1,-1
462,-1,291,171,13,13,0.82,2,-1,-1
462,-1,272,197,16,17,0.81,2,-1,-1
463,-1,362,154,22,32,0.86,7,-1,-1
463,-1,271,199,17,18,0.83,2,-1,-1
463,-1,290,172,14,12,0.81,2,-1,-1
464,-1,362,154,22,32,0.86,7,-1,-1
464,-1,270,201,17,17,0.83,2,-1,-1
464,-1,290,173,14,13,0.80,2,-1,-1
465,-1,362,154,21,30,0.85,7,-1,-1
465,-1,268,202,18,18,0.83,2,-1,-1
465,-1,290,175,13,12,0.77,2,-1,-1
466,-1,361,153,20,30,0.85,7,-1,-1
466,-1,267,203,19,18,0.83,2,-1,-1
466,-1,290,176,13,12,0.76,2,-1,-1
467,-1,361,153,21,30,0.85,7,-1,-1
467,-1,265,205,20,20,0.84,2,-1,-1
467,-1,289,177,13,12,0.79,2,-1,-1
468,-1,360,152,20,29,0.87,7,-1,-1
468,-1,264,207,20,20,0.84,2,-1,-1
468,-1,288,177,14,12,0.79,2,-1,-1
469,-1,360,154,20,28,0.87,7,-1,-1
469,-1,263,210,20,20,0.83,2,-1,-1
469,-1,288,179,14,12,0.82,2,-1,-1
470,-1,361,153,19,28,0.87,7,-1,-1
470,-1,262,213,20,19,0.84,2,-1,-1
470,-1,287,180,14,12,0.82,2,-1,-1
471,-1,360,153,18,26,0.87,7,-1,-1
471,-1,261,216,20,19,0.84,2,-1,-1
471,-1,286,181,14,13,0.82,2,-1,-1
472,-1,360,153,18,26,0.87,7,-1,-1
472,-1,260,218,22,19,0.83,2,-1,-1
472,-1,286,182,14,12,0.82,2,-1,-1
473,-1,360,153,18,26,0.87,7,-1,-1
473,-1,258,224,20,18,0.84,2,-1,-1
473,-1,286,183,13,13,0.82,2,-1,-1
474,-1,360,152,18,26,0.87,7,-1,-1
474,-1,284,184,15,14,0.85,2,-1,-1
474,-1,256,224,22,20,0.83,2,-1,-1
475,-1,359,151,18,26,0.86,7,-1,-1
475,-1,255,228,22,20,0.85,2,-1,-1
475,-1,284,185,14,12,0.84,2,-1,-1
476,-1,253,230,24,22,0.87,2,-1,-1
476,-1,359,151,18,26,0.86,7,-1,-1
476,-1,282,186,15,14,0.83,2,-1,-1
476,-1,312,154,9,10,0.54,2,-1,-1
477,-1,251,233,23,23,0.86,2,-1,-1
477,-1,359,151,18,25,0.85,7,-1,-1
477,-1,283,187,14,14,0.84,2,-1,-1
477,-1,312,154,9,10,0.52,2,-1,-1
478,-1,249,236,24,23,0.85,2,-1,-1
478,-1,358,150,18,24,0.85,7,-1,-1
478,-1,282,188,16,15,0.83,2,-1,-1
478,-1,312,154,10,11,0.58,2,-1,-1
479,-1,358,151,18,24,0.85,7,-1,-1
479,-1,246,240,26,24,0.85,2,-1,-1
479,-1,280,190,15,14,0.80,2,-1,-1
479,-1,312,155,9,11,0.57,2,-1,-1
480,-1,245,243,27,26,0.85,2,-1,-1
480,-1,358,151,18,23,0.83,7,-1,-1
480,-1,280,191,16,16,0.81,2,-1,-1
480,-1,312,155,10,11,0.62,2,-1,-1
480,-1,317,127,8,12,0.11,7,-1,-1
481,-1,242,249,28,26,0.88,2,-1,-1
481,-1,358,150,17,22,0.83,7,-1,-1
481,-1,279,194,16,14,0.83,2,-1,-1
481,-1,312,156,8,11,0.69,2,-1,-1
482,-1,240,252,28,26,0.86,2,-1,-1
482,-1,278,195,16,15,0.84,2,-1,-1
482,-1,358,150,17,22,0.82,7,-1,-1
482,-1,312,156,8,11,0.69,2,-1,-1
483,-1,236,258,30,28,0.86,2,-1,-1
483,-1,277,196,16,16,0.84,2,-1,-1
483,-1,358,150,17,22,0.84,7,-1,-1
483,-1,312,158,8,11,0.79,2,-1,-1
484,-1,234,262,30,28,0.87,2,-1,-1
484,-1,358,149,16,22,0.84,7,-1,-1
484,-1,276,198,17,15,0.84,2,-1,-1
484,-1,312,158,9,11,0.80,2,-1,-1
485,-1,230,268,31,30,0.88,2,-1,-1
485,-1,357,148,16,23,0.87,7,-1,-1
485,-1,275,200,17,16,0.85,2,-1,-1
485,-1,312,159,9,11,0.82,2,-1,-1
486,-1,228,273,32,31,0.88,2,-1,-1
486,-1,357,148,16,22,0.87,7,-1,-1
486,-1,274,202,18,16,0.86,2,-1,-1
486,-1,312,159,9,11,0.83,2,-1,-1
487,-1,356,148,15,22,0.87,7,-1,-1
487,-1,223,280,34,32,0.87,2,-1,-1
487,-1,273,204,18,16,0.84,2,-1,-1
487,-1,312,159,9,12,0.79,2,-1,-1
488,-1,220,285,34,34,0.88,2,-1,-1
488,-1,356,147,15,22,0.88,7,-1,-1
488,-1,272,206,18,16,0.84,2,-1,-1
488,-1,312,159,10,12,0.79,2,-1,-1
489,-1,214,293,37,37,0.88,2,-1,-1
489,-1,356,147,15,21,0.87,7,-1,-1
489,-1,271,208,18,17,0.84,2,-1,-1
489,-1,311,160,10,13,0.82,2,-1,-1
490,-1,210,299,38,38,0.88,2,-1,-1
490,-1,356,147,14,20,0.86,7,-1,-1
490,-1,270,209,19,18,0.85,2,-1,-1
490,-1,311,160,10,14,0.83,2,-1,-1
490,-1,314,130,8,12,0.31,7,-1,-1
491,-1,204,309,40,40,0.89,2,-1,-1
491,-1,268,212,18,18,0.84,2,-1,-1
491,-1,356,147,14,20,0.84,7,-1,-1
491,-1,311,160,10,14,0.82,2,-1,-1
491,-1,314,130,8,12,0.45,7,-1,-1
492,-1,199,317,40,42,0.88,2,-1,-1
492,-1,356,146,14,20,0.86,7,-1,-1
492,-1,266,214,20,18,0.85,2,-1,-1
492,-1,310,161,10,14,0.84,2,-1,-1
492,-1,314,130,8,12,0.44,7,-1,-1
493,-1,190,330,44,45,0.90,2,-1,-1
493,-1,356,146,14,20,0.85,7,-1,-1
493,-1,265,217,20,19,0.85,2,-1,-1
493,-1,310,162,11,14,0.83,2,-1,-1
493,-1,313,130,9,13,0.57,7,-1,-1
494,-1,184,338,46,47,0.91,2,-1,-1
494,-1,263,219,21,19,0.86,2,-1,-1
494,-1,355,146,14,20,0.85,7,-1,-1
494,-1,310,162,11,14,0.84,2,-1,-1
494,-1,312,130,9,13,0.45,7,-1,-1
495,-1,174,353,49,52,0.90,2,-1,-1
495,-1,261,222,21,20,0.86,2,-1,-1
495,-1,355,146,14,20,0.85,7,-1,-1
495,-1,310,162,11,14,0.84,2,-1,-1
495,-1,312,130,9,13,0.46,7,-1,-1
496,-1,167,362,52,56,0.91,2,-1,-1
496,-1,260,225,22,20,0.85,2,-1,-1
496,-1,310,164,11,14,0.84,2,-1,-1
496,-1,355,145,14,20,0.83,7,-1,-1
496,-1,312,130,9,13,0.41,7,-1,-1
497,-1,156,380,54,62,0.90,2,-1,-1
497,-1,258,228,22,20,0.85,2,-1,-1
497,-1,310,166,11,14,0.84,2,-1,-1
497,-1,354,144,14,20,0.82,7,-1,-1
497,-1,312,130,9,13,0.16,7,-1,-1
498,-1,146,394,58,66,0.92,2,-1,-1
498,-1,310,166,11,14,0.85,2,-1,-1
498,-1,256,230,23,21,0.84,2,-1,-1
498,-1,354,144,14,20,0.82,7,-1,-1
498,-1,312,130,9,13,0.16,7,-1,-1
499,-1,131,418,62,72,0.92,2,-1,-1
499,-1,254,233,23,23,0.87,2,-1,-1
499,-1,310,167,11,14,0.83,2,-1,-1
499,-1,354,143,14,20,0.78,7,-1,-1
499,-1,312,131,9,13,0.13,7,-1,-1
500,-1,118,435,67,79,0.93,2,-1,-1
500,-1,252,238,23,22,0.87,2,-1,-1
500,-1,309,168,12,13,0.85,2,-1,-1
500,-1,354,143,14,20,0.78,7,-1,-1
500,-1,312,131,9,13,0.12,7,-1,-1
501,-1,249,241,24,24,0.86,2,-1,-1
501,-1,308,169,12,14,0.85,2,-1,-1
501,-1,353,142,14,20,0.81,7,-1,-1
501,-1,311,131,9,14,0.28,7,-1,-1
502,-1,308,169,12,14,0.86,2,-1,-1
502,-1,247,244,26,24,0.85,2,-1,-1
502,-1,353,143,14,20,0.79,7,-1,-1
502,-1,311,132,9,12,0.13,7,-1,-1
503,-1,244,250,26,24,0.89,2,-1,-1
503,-1,308,170,12,14,0.86,2,-1,-1
503,-1,352,143,14,20,0.77,7,-1,-1
504,-1,242,254,28,25,0.87,2,-1,-1
504,-1,307,172,13,14,0.85,2,-1,-1
504,-1,352,143,14,20,0.77,7,-1,-1
505,-1,238,259,28,26,0.86,2,-1,-1
505,-1,306,172,14,14,0.85,2,-1,-1
505,-1,352,142,14,20,0.79,7,-1,-1
506,-1,236,263,29,28,0.88,2,-1,-1
506,-1,306,172,14,15,0.84,2,-1,-1
506,-1,352,142,13,18,0.76,7,-1,-1
507,-1,232,270,30,29,0.88,2,-1,-1
507,-1,306,173,14,16,0.84,2,-1,-1
507,-1,352,141,13,19,0.71,7,-1,-1
508,-1,229,274,30,30,0.88,2,-1,-1
508,-1,306,174,14,16,0.84,2,-1,-1
508,-1,352,141,13,18,0.67,7,-1,-1
509,-1,224,282,31,32,0.88,2,-1,-1
509,-1,306,175,15,16,0.84,2,-1,-1
509,-1,352,141,13,18,0.62,7,-1,-1
510,-1,221,288,32,32,0.88,2,-1,-1
510,-1,306,176,15,16,0.84,2,-1,-1
510,-1,352,141,13,18,0.61,7,-1,-1
511,-1,215,296,35,34,0.89,2,-1,-1
511,-1,306,178,15,16,0.84,2,-1,-1
511,-1,352,141,13,18,0.68,7,-1,-1
512,-1,210,302,37,35,0.89,2,-1,-1
512,-1,305,178,16,16,0.84,2,-1,-1
512,-1,352,141,12,18,0.60,7,-1,-1
513,-1,204,312,37,38,0.89,2,-1,-1
513,-1,304,180,16,16,0.84,2,-1,-1
513,-1,352,140,12,18,0.57,7,-1,-1
514,-1,200,319,38,40,0.89,2,-1,-1
514,-1,304,181,16,17,0.83,2,-1,-1
514,-1,351,139,12,20,0.71,7,-1,-1
515,-1,191,332,42,43,0.89,2,-1,-1
515,-1,304,182,16,17,0.84,2,-1,-1
515,-1,351,138,12,20,0.73,7,-1,-1
516,-1,185,340,46,45,0.89,2,-1,-1
516,-1,304,182,16,18,0.84,2,-1,-1
516,-1,351,138,12,20,0.74,7,-1,-1
517,-1,176,356,48,48,0.89,2,-1,-1
517,-1,304,185,16,18,0.84,2,-1,-1
517,-1,351,138,12,20,0.68,7,-1,-1
518,-1,168,364,50,54,0.91,2,-1,-1
518,-1,304,185,17,19,0.83,2,-1,-1
518,-1,350,138,12,19,0.70,7,-1,-1
519,-1,157,384,54,57,0.91,2,-1,-1
519,-1,302,189,17,18,0.84,2,-1,-1
519,-1,350,138,12,19,0.70,7,-1,-1
520,-1,148,398,56,61,0.91,2,-1,-1
520,-1,302,190,18,18,0.84,2,-1,-1
520,-1,350,138,12,18,0.37,7,-1,-1
521,-1,132,420,62,68,0.91,2,-1,-1
521,-1,302,191,18,20,0.84,2,-1,-1
521,-1,350,137,12,19,0.57,7,-1,-1
522,-1,120,438,66,74,0.92,2,-1,-1
522,-1,302,192,18,20,0.83,2,-1,-1
522,-1,350,137,12,19,0.57,7,-1,-1
523,-1,302,194,18,20,0.84,2,-1,-1
523,-1,349,137,12,19,0.57,7,-1,-1
524,-1,302,196,18,19,0.85,2,-1,-1
524,-1,349,136,12,19,0.59,7,-1,-1
525,-1,300,198,19,21,0.86,2,-1,-1
525,-1,350,136,12,18,0.63,7,-1,-1
526,-1,300,200,19,21,0.84,2,-1,-1
526,-1,350,136,12,18,0.60,7,-1,-1
527,-1,300,201,19,22,0.85,2,-1,-1
527,-1,349,137,12,18,0.46,7,-1,-1
528,-1,299,203,20,22,0.86,2,-1,-1
528,-1,349,137,12,17,0.41,7,-1,-1
529,-1,298,205,21,24,0.84,2,-1,-1
529,-1,348,137,12,17,0.39,7,-1,-1
530,-1,297,208,22,24,0.84,2,-1,-1
530,-1,348,134,12,20,0.54,7,-1,-1
531,-1,296,210,21,25,0.87,2,-1,-1
531,-1,348,134,12,18,0.54,7,-1,-1
532,-1,295,212,22,26,0.85,2,-1,-1
532,-1,348,134,12,18,0.56,7,-1,-1
533,-1,294,215,22,26,0.87,2,-1,-1
533,-1,348,134,11,18,0.54,7,-1,-1
534,-1,294,218,22,26,0.88,2,-1,-1
534,-1,348,135,11,17,0.55,7,-1,-1
535,-1,293,222,23,26,0.86,2,-1,-1
535,-1,348,135,11,17,0.54,7,-1,-1
536,-1,291,224,24,28,0.87,2,-1,-1
536,-1,348,135,11,16,0.47,7,-1,-1
536,-1,303,138,10,17,0.12,7,-1,-1
537,-1,290,229,25,28,0.87,2,-1,-1
537,-1,348,135,11,17,0.53,7,-1,-1
537,-1,302,138,11,18,0.33,7,-1,-1
538,-1,289,233,25,28,0.86,2,-1,-1
538,-1,348,134,11,16,0.47,7,-1,-1
538,-1,303,138,10,18,0.32,7,-1,-1
539,-1,287,238,27,30,0.87,2,-1,-1
539,-1,303,139,10,18,0.33,7,-1,-1
539,-1,347,135,10,16,0.32,7,-1,-1
540,-1,287,240,27,31,0.86,2,-1,-1
540,-1,303,139,10,18,0.34,7,-1,-1
540,-1,347,135,10,16,0.32,7,-1,-1
541,-1,284,244,28,33,0.87,2,-1,-1
541,-1,302,138,11,18,0.42,7,-1,-1
541,-1,348,135,10,15,0.31,7,-1,-1
542,-1,283,247,29,35,0.88,2,-1,-1
542,-1,348,135,10,16,0.32,7,-1,-1
542,-1,302,140,11,18,0.22,7,-1,-1
543,-1,280,253,30,37,0.89,2,-1,-1
543,-1,347,134,10,16,0.32,7,-1,-1
543,-1,302,140,11,18,0.20,7,-1,-1
544,-1,280,258,31,39,0.89,2,-1,-1
544,-1,347,134,10,16,0.32,7,-1,-1
544,-1,302,142,10,16,0.21,2,-1,-1
545,-1,276,265,34,40,0.90,2,-1,-1
545,-1,302,141,12,17,0.34,7,-1,-1
545,-1,347,134,10,16,0.30,7,-1,-1
546,-1,276,270,33,42,0.89,2,-1,-1
546,-1,302,141,12,17,0.35,7,-1,-1
546,-1,346,134,10,16,0.31,7,-1,-1
547,-1,271,278,36,44,0.89,2,-1,-1
547,-1,302,141,12,17,0.35,7,-1,-1
547,-1,346,134,10,16,0.31,7,-1,-1
548,-1,270,284,36,46,0.90,2,-1,-1
548,-1,347,134,9,15,0.24,7,-1,-1
548,-1,302,141,12,17,0.23,7,-1,-1
549,-1,266,293,38,51,0.90,2,-1,-1
549,-1,302,141,12,17,0.28,7,-1,-1
549,-1,347,134,10,15,0.25,7,-1,-1
550,-1,262,300,40,54,0.91,2,-1,-1
550,-1,346,134,10,15,0.16,7,-1,-1
550,-1,302,142,12,18,0.13,2,-1,-1
551,-1,258,312,42,58,0.92,2,-1,-1
552,-1,255,321,44,60,0.92,2,-1,-1
553,-1,250,335,47,66,0.93,2,-1,-1
553,-1,300,143,11,15,0.16,2,-1,-1
553,-1,346,133,9,14,0.14,7,-1,-1
554,-1,245,347,50,70,0.92,2,-1,-1
554,-1,300,143,11,15,0.16,2,-1,-1
555,-1,238,365,54,79,0.92,2,-1,-1
555,-1,300,143,12,15,0.17,2,-1,-1
556,-1,232,379,58,85,0.92,2,-1,-1
556,-1,300,143,11,14,0.13,2,-1,-1
556,-1,346,133,9,14,0.11,7,-1,-1
557,-1,223,403,64,96,0.93,2,-1,-1
558,-1,215,421,68,105,0.93,2,-1,-1
559,-1,299,144,13,19,0.23,2,-1,-1
560,-1,298,146,13,19,0.36,2,-1,-1
561,-1,298,146,13,19,0.33,2,-1,-1
562,-1,298,145,14,20,0.41,2,-1,-1
563,-1,297,146,14,20,0.52,7,-1,-1
564,-1,298,146,14,20,0.51,2,-1,-1
565,-1,298,147,13,19,0.59,2,-1,-1
566,-1,297,147,14,20,0.42,2,-1,-1
567,-1,297,147,14,20,0.42,2,-1,-1
568,-1,297,148,14,20,0.57,7,-1,-1
569,-1,297,148,14,21,0.68,7,-1,-1
570,-1,297,148,14,21,0.68,7,-1,-1
571,-1,296,148,15,22,0.67,7,-1,-1
572,-1,296,148,14,22,0.60,7,-1,-1
572,-1,310,158,10,11,0.14,2,-1,-1
573,-1,296,148,14,22,0.70,7,-1,-1
574,-1,295,148,15,22,0.67,7,-1,-1
575,-1,294,148,16,24,0.72,7,-1,-1
576,-1,294,148,16,24,0.77,7,-1,-1
577,-1,294,149,16,24,0.79,7,-1,-1
578,-1,294,150,15,24,0.76,7,-1,-1
579,-1,293,150,16,25,0.84,7,-1,-1
580,-1,293,151,16,24,0.84,7,-1,-1
581,-1,292,150,16,25,0.86,7,-1,-1
582,-1,292,151,17,24,0.86,7,-1,-1
583,-1,292,151,17,25,0.87,7,-1,-1
584,-1,292,151,17,26,0.87,7,-1,-1
585,-1,290,152,17,26,0.87,7,-1,-1
586,-1,290,152,17,26,0.87,7,-1,-1
587,-1,290,152,17,28,0.86,7,-1,-1
588,-1,290,153,17,27,0.86,7,-1,-1
589,-1,290,153,17,28,0.87,7,-1,-1
590,-1,289,154,17,27,0.86,7,-1,-1
591,-1,288,155,18,27,0.86,7,-1,-1
592,-1,288,156,18,27,0.86,7,-1,-1
593,-1,288,156,18,28,0.86,7,-1,-1
594,-1,288,157,18,27,0.87,7,-1,-1
595,-1,287,158,18,27,0.87,7,-1,-1
595,-1,307,172,11,12,0.22,2,-1,-1
596,-1,287,158,18,28,0.87,7,-1,-1
596,-1,308,172,11,12,0.15,2,-1,-1
597,-1,286,159,19,28,0.87,7,-1,-1
597,-1,308,173,11,12,0.25,2,-1,-1
598,-1,286,159,19,28,0.87,7,-1,-1
599,-1,286,160,19,28,0.87,7,-1,-1
600,-1,285,160,19,29,0.86,7,-1,-1
601,-1,284,161,20,30,0.87,7,-1,-1
601,-1,306,177,12,12,0.17,2,-1,-1
602,-1,284,161,20,30,0.87,7,-1,-1
603,-1,283,162,20,30,0.87,7,-1,-1
604,-1,283,163,20,30,0.87,7,-1,-1
604,-1,304,176,12,16,0.20,2,-1,-1
605,-1,282,163,22,31,0.87,7,-1,-1
605,-1,304,178,12,15,0.19,2,-1,-1
606,-1,281,164,22,32,0.87,7,-1,-1
606,-1,304,180,12,14,0.21,2,-1,-1
607,-1,280,164,22,32,0.87,7,-1,-1
608,-1,280,165,22,32,0.87,7,-1,-1
609,-1,279,166,22,32,0.88,7,-1,-1
610,-1,278,167,22,34,0.87,7,-1,-1
611,-1,277,168,22,33,0.87,7,-1,-1
612,-1,276,168,22,33,0.87,7,-1,-1
613,-1,277,170,21,34,0.87,7,-1,-1
614,-1,274,170,23,35,0.88,7,-1,-1
615,-1,274,171,24,36,0.88,7,-1,-1
616,-1,273,171,24,36,0.87,7,-1,-1
617,-1,272,173,24,36,0.87,7,-1,-1
618,-1,271,173,24,38,0.87,7,-1,-1
618,-1,299,194,15,15,0.36,2,-1,-1
619,-1,270,175,25,38,0.87,7,-1,-1
619,-1,299,195,15,14,0.20,2,-1,-1
620,-1,270,175,25,39,0.87,7,-1,-1
620,-1,298,196,16,16,0.11,2,-1,-1
621,-1,268,177,26,39,0.88,7,-1,-1
622,-1,268,179,26,38,0.89,7,-1,-1
623,-1,266,180,26,39,0.88,7,-1,-1
624,-1,266,181,27,39,0.88,7,-1,-1
625,-1,264,181,28,42,0.89,7,-1,-1
626,-1,262,181,28,43,0.89,7,-1,-1
627,-1,261,182,28,44,0.89,7,-1,-1
628,-1,260,183,30,46,0.89,7,-1,-1
629,-1,258,184,30,48,0.89,7,-1,-1
630,-1,257,185,31,49,0.89,7,-1,-1
631,-1,256,186,32,50,0.89,7,-1,-1
632,-1,254,188,32,51,0.89,7,-1,-1
633,-1,254,188,32,52,0.88,7,-1,-1
634,-1,251,193,32,50,0.89,7,-1,-1
634,-1,288,221,19,20,0.63,2,-1,-1
635,-1,249,196,33,52,0.90,7,-1,-1
635,-1,288,224,18,20,0.44,2,-1,-1
636,-1,247,196,34,53,0.91,7,-1,-1
636,-1,286,227,20,19,0.58,2,-1,-1
637,-1,246,199,34,55,0.90,7,-1,-1
637,-1,285,231,21,20,0.38,2,-1,-1
638,-1,244,200,36,56,0.91,7,-1,-1
638,-1,286,232,20,20,0.25,2,-1,-1
639,-1,241,202,37,59,0.90,7,-1,-1
639,-1,284,236,22,21,0.50,2,-1,-1
640,-1,239,203,38,60,0.90,7,-1,-1
640,-1,284,238,21,22,0.70,2,-1,-1
641,-1,237,206,39,62,0.91,7,-1,-1
641,-1,380,306,127,213,0.91,7,-1,-1
641,-1,284,241,21,22,0.23,2,-1,-1
642,-1,379,300,117,202,0.92,7,-1,-1
642,-1,235,207,40,65,0.91,7,-1,-1
643,-1,377,290,108,184,0.93,7,-1,-1
643,-1,232,210,42,66,0.91,7,-1,-1
644,-1,376,284,102,172,0.92,7,-1,-1
644,-1,230,212,42,68,0.89,7,-1,-1
645,-1,375,273,93,161,0.93,7,-1,-1
645,-1,226,215,43,72,0.91,7,-1,-1
646,-1,375,268,87,153,0.93,7,-1,-1
646,-1,224,219,45,72,0.91,7,-1,-1
647,-1,373,261,82,143,0.94,7,-1,-1
647,-1,219,222,48,76,0.91,7,-1,-1
648,-1,371,257,80,135,0.92,7,-1,-1
648,-1,217,224,49,78,0.90,7,-1,-1
649,-1,369,252,78,124,0.92,7,-1,-1
649,-1,212,228,51,82,0.91,7,-1,-1
650,-1,369,248,75,120,0.92,7,-1,-1
650,-1,209,229,54,86,0.90,7,-1,-1
651,-1,370,245,70,112,0.93,7,-1,-1
651,-1,204,234,54,89,0.90,7,-1,-1
652,-1,370,240,67,109,0.92,7,-1,-1
652,-1,200,239,56,90,0.91,7,-1,-1
653,-1,194,243,60,95,0.92,7,-1,-1
653,-1,369,235,62,102,0.91,7,-1,-1
654,-1,369,233,60,98,0.92,7,-1,-1
654,-1,190,245,64,100,0.91,7,-1,-1
655,-1,183,252,67,104,0.91,7,-1,-1
655,-1,368,229,57,93,0.91,7,-1,-1
656,-1,179,256,68,109,0.92,7,-1,-1
656,-1,368,226,55,90,0.90,7,-1,-1
657,-1,171,262,72,115,0.93,7,-1,-1
657,-1,368,222,53,86,0.91,7,-1,-1
658,-1,165,267,75,120,0.92,7,-1,-1
658,-1,520,364,114,166,0.92,7,-1,-1
658,-1,368,220,51,83,0.90,7,-1,-1
659,-1,507,348,109,151,0.93,7,-1,-1
659,-1,156,274,80,129,0.92,7,-1,-1
659,-1,368,216,48,80,0.90,7,-1,-1
660,-1,500,338,104,143,0.93,7,-1,-1
660,-1,150,278,83,136,0.93,7,-1,-1
660,-1,368,214,48,77,0.90,7,-1,-1
661,-1,142,287,88,146,0.93,7,-1,-1
661,-1,490,326,98,133,0.92,7,-1,-1
661,-1,369,210,46,76,0.89,7,-1,-1
661,-1,410,251,30,32,0.31,2,-1,-1
661,-1,314,152,10,11,0.14,2,-1,-1
662,-1,132,293,94,154,0.93,7,-1,-1
662,-1,484,318,94,127,0.92,7,-1,-1
662,-1,368,208,45,74,0.91,7,-1,-1
662,-1,410,249,30,32,0.32,2,-1,-1
662,-1,314,152,10,11,0.13,2,-1,-1
663,-1,117,304,103,167,0.93,7,-1,-1
663,-1,476,307,88,121,0.92,7,-1,-1
663,-1,369,207,43,70,0.92,7,-1,-1
663,-1,410,244,28,30,0.50,2,-1,-1
663,-1,314,152,10,11,0.13,2,-1,-1
664,-1,107,310,108,178,0.93,7,-1,-1
664,-1,472,302,84,114,0.92,7,-1,-1
664,-1,369,205,42,68,0.89,7,-1,-1
664,-1,413,243,26,30,0.15,2,-1,-1
664,-1,313,154,10,12,0.13,2,-1,-1
665,-1,464,292,80,110,0.92,7,-1,-1
665,-1,91,324,116,194,0.92,7,-1,-1
665,-1,370,202,40,66,0.90,7,-1,-1
665,-1,313,154,10,12,0.12,2,-1,-1
666,-1,460,286,78,106,0.92,7,-1,-1
666,-1,370,201,38,64,0.90,7,-1,-1
666,-1,313,154,10,12,0.65,2,-1,-1
667,-1,454,278,73,100,0.93,7,-1,-1
667,-1,369,198,38,62,0.90,7,-1,-1
667,-1,313,155,10,12,0.77,2,-1,-1
668,-1,450,274,71,97,0.92,7,-1,-1
668,-1,368,197,38,61,0.89,7,-1,-1
668,-1,313,155,10,12,0.76,2,-1,-1
669,-1,445,266,68,93,0.92,7,-1,-1
669,-1,369,194,37,59,0.89,7,-1,-1
669,-1,313,156,10,12,0.78,2,-1,-1
670,-1,442,262,66,90,0.92,7,-1,-1
670,-1,369,194,36,57,0.91,7,-1,-1
670,-1,312,156,10,12,0.81,2,-1,-1
671,-1,438,256,63,87,0.92,7,-1,-1
671,-1,369,192,36,56,0.89,7,-1,-1
671,-1,312,156,10,12,0.83,2,-1,-1
672,-1,435,253,61,84,0.92,7,-1,-1
672,-1,370,191,35,54,0.89,7,-1,-1
672,-1,312,156,11,13,0.80,2,-1,-1
673,-1,432,247,58,81,0.91,7,-1,-1
673,-1,370,188,34,52,0.90,7,-1,-1
673,-1,312,158,10,12,0.81,2,-1,-1
674,-1,430,244,56,78,0.92,7,-1,-1
674,-1,370,187,33,52,0.90,7,-1,-1
674,-1,312,159,10,12,0.80,2,-1,-1
675,-1,426,239,54,76,0.90,7,-1,-1
675,-1,370,186,32,50,0.88,7,-1,-1
675,-1,311,160,11,12,0.77,2,-1,-1
676,-1,424,236,53,74,0.91,7,-1,-1
676,-1,370,185,32,49,0.89,7,-1,-1
676,-1,311,160,11,12,0.78,2,-1,-1
677,-1,420,232,52,72,0.91,7,-1,-1
677,-1,370,183,31,48,0.89,7,-1,-1
677,-1,311,160,12,13,0.82,2,-1,-1
678,-1,419,230,50,70,0.91,7,-1,-1
678,-1,370,182,31,47,0.89,7,-1,-1
678,-1,310,161,12,13,0.81,2,-1,-1
679,-1,416,225,48,69,0.90,7,-1,-1
679,-1,370,180,30,47,0.89,7,-1,-1
679,-1,310,161,12,13,0.81,2,-1,-1
680,-1,416,223,47,67,0.91,7,-1,-1
680,-1,370,180,30,45,0.89,7,-1,-1
680,-1,310,161,12,14,0.84,2,-1,-1
681,-1,412,219,46,66,0.90,7,-1,-1
681,-1,370,178,29,44,0.89,7,-1,-1
681,-1,310,162,12,14,0.84,2,-1,-1
682,-1,411,217,45,65,0.90,7,-1,-1
682,-1,370,177,28,44,0.89,7,-1,-1
682,-1,310,162,12,14,0.84,2,-1,-1
683,-1,409,214,44,62,0.90,7,-1,-1
683,-1,370,175,28,43,0.88,7,-1,-1
683,-1,310,164,12,13,0.85,2,-1,-1
684,-1,407,212,43,62,0.91,7,-1,-1
684,-1,370,174,28,42,0.88,7,-1,-1
684,-1,310,164,12,13,0.85,2,-1,-1
685,-1,406,210,42,60,0.91,7,-1,-1
685,-1,370,174,27,40,0.88,7,-1,-1
685,-1,310,166,12,13,0.84,2,-1,-1
686,-1,404,208,42,58,0.91,7,-1,-1
686,-1,370,174,27,39,0.89,7,-1,-1
686,-1,310,166,12,13,0.84,2,-1,-1
687,-1,403,206,39,60,0.91,7,-1,-1
687,-1,370,172,27,39,0.88,7,-1,-1
687,-1,310,168,12,13,0.84,2,-1,-1
688,-1,401,204,39,59,0.89,7,-1,-1
688,-1,370,173,26,37,0.88,7,-1,-1
688,-1,310,168,12,13,0.86,2,-1,-1
689,-1,399,202,39,56,0.91,7,-1,-1
689,-1,370,171,26,37,0.89,7,-1,-1
689,-1,309,169,13,14,0.86,2,-1,-1
689,-1,315,148,10,10,0.19,2,-1,-1
690,-1,398,200,38,55,0.90,7,-1,-1
690,-1,370,170,26,36,0.89,7,-1,-1
690,-1,309,169,13,14,0.86,2,-1,-1
690,-1,316,149,9,10,0.43,2,-1,-1
691,-1,405,442,67,64,0.92,2,-1,-1
691,-1,397,198,36,52,0.90,7,-1,-1
691,-1,370,169,25,35,0.89,7,-1,-1
691,-1,308,170,13,14,0.86,2,-1,-1
691,-1,316,149,9,10,0.40,2,-1,-1
692,-1,396,197,36,52,0.91,7,-1,-1
692,-1,400,422,64,59,0.90,2,-1,-1
692,-1,369,169,26,35,0.89,7,-1,-1
692,-1,308,172,13,14,0.86,2,-1,-1
692,-1,316,149,9,10,0.47,2,-1,-1
693,-1,394,195,35,50,0.90,7,-1,-1
693,-1,394,394,60,54,0.90,2,-1,-1
693,-1,369,168,25,34,0.89,7,-1,-1
693,-1,308,173,14,14,0.84,2,-1,-1
693,-1,316,150,9,10,0.20,2,-1,-1
694,-1,393,194,34,49,0.91,7,-1,-1
694,-1,390,378,54,51,0.90,2,-1,-1
694,-1,369,168,25,34,0.88,7,-1,-1
694,-1,308,174,14,14,0.85,2,-1,-1
695,-1,386,358,50,46,0.90,2,-1,-1
695,-1,392,192,33,48,0.90,7,-1,-1
695,-1,369,167,24,33,0.88,7,-1,-1
695,-1,308,174,14,14,0.84,2,-1,-1
696,-1,391,191,33,48,0.90,7,-1,-1
696,-1,383,345,47,44,0.90,2,-1,-1
696,-1,368,167,24,32,0.88,7,-1,-1
696,-1,308,175,14,14,0.84,2,-1,-1
697,-1,390,189,32,46,0.90,7,-1,-1
697,-1,378,330,44,40,0.89,2,-1,-1
697,-1,368,165,24,33,0.88,7,-1,-1
697,-1,306,176,14,14,0.84,2,-1,-1
698,-1,389,188,32,46,0.90,7,-1,-1
698,-1,368,164,24,33,0.88,7,-1,-1
698,-1,377,320,42,39,0.87,2,-1,-1
698,-1,306,177,14,15,0.84,2,-1,-1
699,-1,388,187,31,45,0.90,7,-1,-1
699,-1,374,306,39,37,0.89,2,-1,-1
699,-1,367,163,24,32,0.88,7,-1,-1
699,-1,305,178,15,15,0.84,2,-1,-1
700,-1,387,186,30,45,0.89,7,-1,-1
700,-1,370,300,36,34,0.88,2,-1,-1
700,-1,367,162,24,32,0.88,7,-1,-1
700,-1,305,179,15,15,0.83,2,-1,-1
701,-1,386,184,29,44,0.90,7,-1,-1
701,-1,366,161,24,32,0.87,7,-1,-1
701,-1,368,288,34,32,0.87,2,-1,-1
701,-1,305,180,16,15,0.83,2,-1,-1
702,-1,385,183,30,44,0.88,7,-1,-1
702,-1,366,160,23,32,0.88,7,-1,-1
702,-1,366,282,34,32,0.86,2,-1,-1
702,-1,304,182,16,16,0.82,2,-1,-1
702,-1,312,154,10,10,0.24,2,-1,-1
703,-1,384,182,29,42,0.88,7,-1,-1
703,-1,365,160,23,32,0.87,7,-1,-1
703,-1,364,262,32,41,0.84,2,-1,-1
703,-1,304,183,16,16,0.81,2,-1,-1
703,-1,313,155,11,10,0.42,2,-1,-1
704,-1,384,181,28,41,0.88,7,-1,-1
704,-1,364,159,22,31,0.87,7,-1,-1
704,-1,364,260,30,37,0.86,2,-1,-1
704,-1,304,184,16,16,0.84,2,-1,-1
704,-1,312,155,10,10,0.56,2,-1,-1
705,-1,384,179,28,42,0.89,7,-1,-1
705,-1,364,159,22,30,0.88,7,-1,-1
705,-1,363,258,28,30,0.87,2,-1,-1
705,-1,303,186,16,16,0.86,2,-1,-1
705,-1,312,155,11,11,0.66,2,-1,-1
706,-1,383,179,28,41,0.89,7,-1,-1
706,-1,364,159,22,29,0.88,7,-1,-1
706,-1,361,256,28,27,0.87,2,-1,-1
706,-1,304,187,16,16,0.84,2,-1,-1
706,-1,312,156,10,11,0.52,2,-1,-1
707,-1,382,178,27,40,0.88,7,-1,-1
707,-1,364,158,21,30,0.88,7,-1,-1
707,-1,360,250,26,26,0.87,2,-1,-1
707,-1,302,189,17,16,0.82,2,-1,-1
707,-1,312,157,11,11,0.74,2,-1,-1
708,-1,364,158,21,29,0.89,7,-1,-1
708,-1,382,178,27,40,0.88,7,-1,-1
708,-1,360,245,26,26,0.85,2,-1,-1
708,-1,303,190,17,16,0.82,2,-1,-1
708,-1,312,157,11,11,0.74,2,-1,-1
709,-1,363,157,21,29,0.88,7,-1,-1
709,-1,381,176,26,39,0.88,7,-1,-1
709,-1,358,241,25,24,0.85,2,-1,-1
709,-1,302,191,17,17,0.85,2,-1,-1
709,-1,312,158,10,11,0.71,2,-1,-1
710,-1,380,176,26,39,0.88,7,-1,-1
710,-1,363,156,20,29,0.87,7,-1,-1
710,-1,302,193,17,17,0.85,2,-1,-1
710,-1,358,238,26,24,0.84,2,-1,-1
710,-1,312,158,10,11,0.74,2,-1,-1
711,-1,380,174,26,38,0.88,7,-1,-1
711,-1,363,156,20,28,0.86,7,-1,-1
711,-1,356,233,24,22,0.86,2,-1,-1
711,-1,301,194,18,18,0.85,2,-1,-1
711,-1,312,159,10,11,0.74,2,-1,-1
712,-1,379,174,26,38,0.88,7,-1,-1
712,-1,363,156,20,28,0.87,7,-1,-1
712,-1,356,230,24,22,0.87,2,-1,-1
712,-1,300,195,18,18,0.84,2,-1,-1
712,-1,312,159,11,12,0.67,2,-1,-1
713,-1,378,173,25,38,0.88,7,-1,-1
713,-1,362,156,19,27,0.87,7,-1,-1
713,-1,354,225,24,21,0.85,2,-1,-1
713,-1,300,198,18,18,0.85,2,-1,-1
713,-1,312,160,10,12,0.74,2,-1,-1
714,-1,378,172,24,37,0.87,7,-1,-1
714,-1,362,155,20,27,0.87,7,-1,-1
714,-1,299,199,19,18,0.86,2,-1,-1
714,-1,354,222,24,21,0.85,2,-1,-1
714,-1,312,160,12,12,0.79,2,-1,-1
715,-1,466,294,159,220,0.91,7,-1,-1
715,-1,361,154,19,27,0.88,7,-1,-1
715,-1,378,171,24,37,0.87,7,-1,-1
715,-1,298,202,19,18,0.85,2,-1,-1
715,-1,353,217,24,22,0.84,2,-1,-1
715,-1,311,162,11,12,0.76,2,-1,-1
716,-1,460,286,151,212,0.92,7,-1,-1
716,-1,361,154,19,26,0.88,7,-1,-1
716,-1,377,170,24,36,0.87,7,-1,-1
716,-1,298,202,20,20,0.85,2,-1,-1
716,-1,353,214,24,22,0.83,2,-1,-1
716,-1,310,162,12,12,0.79,2,-1,-1
717,-1,456,275,135,196,0.93,7,-1,-1
717,-1,361,153,18,27,0.88,7,-1,-1
717,-1,376,169,24,36,0.87,7,-1,-1
717,-1,296,205,20,19,0.85,2,-1,-1
717,-1,352,210,23,22,0.82,2,-1,-1
717,-1,310,162,12,12,0.78,2,-1,-1
718,-1,452,271,128,188,0.93,7,-1,-1
718,-1,360,153,18,26,0.89,7,-1,-1
718,-1,376,169,24,36,0.88,7,-1,-1
718,-1,296,206,20,19,0.85,2,-1,-1
718,-1,352,208,22,21,0.83,2,-1,-1
718,-1,310,163,12,12,0.81,2,-1,-1
719,-1,446,262,118,173,0.92,7,-1,-1
719,-1,360,153,18,25,0.89,7,-1,-1
719,-1,376,168,24,36,0.88,7,-1,-1
719,-1,294,208,21,21,0.85,2,-1,-1
719,-1,352,207,19,19,0.84,2,-1,-1
719,-1,310,164,12,12,0.75,2,-1,-1
720,-1,442,257,112,166,0.93,7,-1,-1
720,-1,360,153,19,24,0.89,7,-1,-1
720,-1,376,167,23,36,0.87,7,-1,-1
720,-1,294,210,22,22,0.86,2,-1,-1
720,-1,352,206,19,18,0.85,2,-1,-1
720,-1,310,165,12,12,0.82,2,-1,-1
721,-1,438,245,102,160,0.94,7,-1,-1
721,-1,360,152,18,24,0.88,7,-1,-1
721,-1,376,167,22,35,0.87,7,-1,-1
721,-1,292,214,22,21,0.85,2,-1,-1
721,-1,352,202,19,18,0.85,2,-1,-1
721,-1,309,166,13,14,0.80,2,-1,-1
722,-1,435,244,98,150,0.93,7,-1,-1
722,-1,360,152,18,24,0.88,7,-1,-1
722,-1,376,166,22,35,0.86,7,-1,-1
722,-1,351,201,18,18,0.86,2,-1,-1
722,-1,292,217,22,21,0.85,2,-1,-1
722,-1,309,166,13,14,0.80,2,-1,-1
723,-1,430,240,92,140,0.93,7,-1,-1
723,-1,359,151,18,24,0.88,7,-1,-1
723,-1,376,166,22,34,0.87,7,-1,-1
723,-1,290,220,22,21,0.86,2,-1,-1
723,-1,350,198,18,18,0.84,2,-1,-1
723,-1,308,168,13,13,0.83,2,-1,-1
724,-1,429,238,87,132,0.92,7,-1,-1
724,-1,375,165,22,34,0.87,7,-1,-1
724,-1,359,151,18,24,0.87,7,-1,-1
724,-1,350,197,18,17,0.84,2,-1,-1
724,-1,290,222,23,23,0.84,2,-1,-1
724,-1,309,168,12,12,0.84,2,-1,-1
725,-1,425,234,82,124,0.93,7,-1,-1
725,-1,375,164,21,33,0.87,7,-1,-1
725,-1,288,226,23,22,0.86,2,-1,-1
725,-1,358,151,18,24,0.85,7,-1,-1
725,-1,348,194,19,18,0.85,2,-1,-1
725,-1,308,170,13,13,0.84,2,-1,-1
726,-1,423,231,79,118,0.94,7,-1,-1
726,-1,374,164,22,33,0.87,7,-1,-1
726,-1,349,193,18,16,0.85,2,-1,-1
726,-1,308,170,13,13,0.85,2,-1,-1
726,-1,287,229,24,22,0.85,2,-1,-1
726,-1,358,150,18,24,0.84,7,-1,-1
727,-1,419,226,76,114,0.93,7,-1,-1
727,-1,374,163,22,33,0.87,7,-1,-1
727,-1,286,234,24,23,0.86,2,-1,-1
727,-1,358,150,18,24,0.85,7,-1,-1
727,-1,308,171,13,14,0.84,2,-1,-1
727,-1,349,191,18,16,0.83,2,-1,-1
728,-1,415,223,75,110,0.92,7,-1,-1
728,-1,374,162,21,32,0.88,7,-1,-1
728,-1,284,236,26,24,0.86,2,-1,-1
728,-1,357,149,18,24,0.86,7,-1,-1
728,-1,308,172,12,12,0.84,2,-1,-1
728,-1,348,189,18,16,0.84,2,-1,-1
729,-1,414,218,70,106,0.92,7,-1,-1
729,-1,374,162,21,32,0.88,7,-1,-1
729,-1,282,242,27,24,0.87,2,-1,-1
729,-1,356,149,18,24,0.86,7,-1,-1
729,-1,348,188,17,15,0.84,2,-1,-1
729,-1,306,173,14,14,0.84,2,-1,-1
730,-1,413,217,66,101,0.92,7,-1,-1
730,-1,374,161,21,32,0.88,7,-1,-1
730,-1,356,148,18,23,0.87,7,-1,-1
730,-1,281,245,28,24,0.86,2,-1,-1
730,-1,308,174,13,13,0.85,2,-1,-1
730,-1,347,186,16,16,0.78,2,-1,-1
731,-1,410,213,63,98,0.92,7,-1,-1
731,-1,355,147,18,24,0.88,7,-1,-1
731,-1,373,160,21,32,0.88,7,-1,-1
731,-1,278,250,27,26,0.87,2,-1,-1
731,-1,307,176,14,14,0.84,2,-1,-1
731,-1,346,184,16,14,0.82,2,-1,-1
732,-1,408,210,62,95,0.92,7,-1,-1
732,-1,355,148,17,23,0.88,7,-1,-1
732,-1,373,160,20,32,0.87,7,-1,-1
732,-1,276,253,29,26,0.86,2,-1,-1
732,-1,307,176,14,14,0.84,2,-1,-1
732,-1,346,184,16,14,0.82,2,-1,-1
733,-1,406,209,60,90,0.92,7,-1,-1
733,-1,419,448,67,63,0.91,2,-1,-1
733,-1,354,147,16,23,0.87,7,-1,-1
733,-1,373,160,20,31,0.87,7,-1,-1
733,-1,274,258,31,29,0.86,2,-1,-1
733,-1,306,177,14,14,0.84,2,-1,-1
733,-1,346,182,15,15,0.73,2,-1,-1
734,-1,405,203,57,91,0.92,7,-1,-1
734,-1,415,426,63,59,0.91,2,-1,-1
734,-1,354,146,16,22,0.87,7,-1,-1
734,-1,272,263,31,29,0.87,2,-1,-1
734,-1,372,160,20,31,0.86,7,-1,-1
734,-1,306,178,15,15,0.83,2,-1,-1
734,-1,346,181,14,14,0.81,2,-1,-1
735,-1,402,202,56,86,0.91,7,-1,-1
735,-1,408,398,57,52,0.90,2,-1,-1
735,-1,269,270,32,30,0.88,2,-1,-1
735,-1,354,146,16,22,0.87,7,-1,-1
735,-1,372,159,20,31,0.86,7,-1,-1
735,-1,304,180,16,15,0.83,2,-1,-1
735,-1,346,180,15,14,0.80,2,-1,-1
736,-1,400,202,54,81,0.89,7,-1,-1
736,-1,404,382,54,48,0.89,2,-1,-1
736,-1,266,274,34,32,0.89,2,-1,-1
736,-1,354,146,16,22,0.87,7,-1,-1
736,-1,372,159,20,30,0.86,7,-1,-1
736,-1,305,181,16,15,0.83,2,-1,-1
736,-1,346,178,14,14,0.77,2,-1,-1
737,-1,400,199,52,78,0.90,7,-1,-1
737,-1,398,360,47,45,0.90,2,-1,-1
737,-1,264,282,34,34,0.89,2,-1,-1
737,-1,373,159,20,30,0.86,7,-1,-1
737,-1,354,146,15,21,0.86,7,-1,-1
737,-1,305,183,15,14,0.81,2,-1,-1
737,-1,346,177,13,13,0.55,2,-1,-1
738,-1,398,196,50,78,0.90,7,-1,-1
738,-1,394,347,46,43,0.89,2,-1,-1
738,-1,262,286,36,35,0.88,2,-1,-1
738,-1,373,158,20,29,0.87,7,-1,-1
738,-1,354,146,14,21,0.86,7,-1,-1
738,-1,304,184,15,15,0.83,2,-1,-1
738,-1,344,176,14,13,0.76,2,-1,-1
739,-1,396,196,48,74,0.91,7,-1,-1
739,-1,258,296,38,36,0.88,2,-1,-1
739,-1,390,330,46,40,0.88,2,-1,-1
739,-1,372,158,19,29,0.87,7,-1,-1
739,-1,353,145,14,21,0.86,7,-1,-1
739,-1,304,184,16,16,0.83,2,-1,-1
739,-1,344,175,13,13,0.66,2,-1,-1
740,-1,395,193,46,73,0.90,7,-1,-1
740,-1,254,302,38,39,0.89,2,-1,-1
740,-1,388,320,43,38,0.89,2,-1,-1
740,-1,372,158,19,29,0.87,7,-1,-1
740,-1,353,145,14,21,0.86,7,-1,-1
740,-1,304,187,15,15,0.85,2,-1,-1
740,-1,344,175,13,13,0.66,2,-1,-1
741,-1,393,190,46,72,0.90,7,-1,-1
741,-1,248,313,41,42,0.90,2,-1,-1
741,-1,384,308,38,35,0.88,2,-1,-1
741,-1,372,157,19,29,0.87,7,-1,-1
741,-1,352,145,14,21,0.87,7,-1,-1
741,-1,302,188,16,16,0.85,2,-1,-1
741,-1,344,174,13,12,0.79,2,-1,-1
742,-1,245,320,42,45,0.90,2,-1,-1
742,-1,392,189,45,70,0.90,7,-1,-1
742,-1,382,299,36,34,0.89,2,-1,-1
742,-1,372,156,19,28,0.87,7,-1,-1
742,-1,352,144,14,21,0.85,7,-1,-1
742,-1,302,189,17,16,0.84,2,-1,-1
742,-1,344,172,12,13,0.69,2,-1,-1
743,-1,240,334,45,47,0.90,2,-1,-1
743,-1,390,190,43,66,0.89,7,-1,-1
743,-1,378,288,37,32,0.88,2,-1,-1
743,-1,372,156,19,28,0.87,7,-1,-1
743,-1,352,144,14,20,0.85,7,-1,-1
743,-1,302,192,17,16,0.84,2,-1,-1
743,-1,343,170,12,13,0.77,2,-1,-1
744,-1,234,344,48,49,0.91,2,-1,-1
744,-1,389,188,42,64,0.90,7,-1,-1
744,-1,372,156,19,28,0.87,7,-1,-1
744,-1,376,282,35,30,0.87,2,-1,-1
744,-1,301,194,17,16,0.86,2,-1,-1
744,-1,352,144,14,20,0.84,7,-1,-1
744,-1,343,170,12,13,0.78,2,-1,-1
745,-1,226,359,51,54,0.92,2,-1,-1
745,-1,388,184,41,64,0.89,7,-1,-1
745,-1,372,155,19,28,0.87,7,-1,-1
745,-1,374,273,29,28,0.85,2,-1,-1
745,-1,300,196,17,16,0.84,2,-1,-1
745,-1,352,144,14,20,0.84,7,-1,-1
745,-1,342,168,12,12,0.75,2,-1,-1
746,-1,221,370,54,58,0.92,2,-1,-1
746,-1,387,184,39,62,0.89,7,-1,-1
746,-1,372,155,19,28,0.87,7,-1,-1
746,-1,371,263,30,32,0.86,2,-1,-1
746,-1,300,197,17,16,0.85,2,-1,-1
746,-1,352,144,14,20,0.84,7,-1,-1
746,-1,342,168,12,13,0.74,2,-1,-1
747,-1,211,388,58,66,0.92,2,-1,-1
747,-1,386,182,38,60,0.89,7,-1,-1
747,-1,369,258,29,28,0.88,2,-1,-1
747,-1,372,154,19,27,0.87,7,-1,-1
747,-1,299,200,18,16,0.86,2,-1,-1
747,-1,352,144,14,19,0.85,7,-1,-1
747,-1,342,167,12,12,0.83,2,-1,-1
748,-1,203,404,62,70,0.92,2,-1,-1
748,-1,384,181,38,59,0.89,7,-1,-1
748,-1,372,154,18,27,0.87,7,-1,-1
748,-1,298,201,18,16,0.87,2,-1,-1
748,-1,368,256,28,25,0.87,2,-1,-1
748,-1,351,143,14,20,0.84,7,-1,-1
748,-1,342,166,11,12,0.75,2,-1,-1
749,-1,191,429,66,79,0.92,2,-1,-1
749,-1,383,178,36,58,0.90,7,-1,-1
749,-1,372,154,18,26,0.87,7,-1,-1
749,-1,367,248,26,24,0.86,2,-1,-1
749,-1,297,204,18,17,0.85,2,-1,-1
749,-1,351,143,14,19,0.84,7,-1,-1
749,-1,342,165,11,12,0.78,2,-1,-1
750,-1,180,448,72,86,0.92,2,-1,-1
750,-1,382,177,35,58,0.90,7,-1,-1
750,-1,372,153,18,26,0.88,7,-1,-1
750,-1,366,243,26,25,0.87,2,-1,-1
750,-1,296,206,19,17,0.85,2,-1,-1
750,-1,350,142,14,20,0.85,7,-1,-1
750,-1,342,165,10,11,0.73,2,-1,-1
751,-1,381,176,35,56,0.89,7,-1,-1
751,-1,372,153,18,26,0.87,7,-1,-1
751,-1,364,239,25,23,0.87,2,-1,-1
751,-1,296,208,19,18,0.86,2,-1,-1
751,-1,350,142,13,20,0.83,7,-1,-1
751,-1,342,164,10,11,0.52,2,-1,-1
752,-1,380,176,35,54,0.88,7,-1,-1
752,-1,363,235,24,22,0.88,2,-1,-1
752,-1,372,153,18,26,0.88,7,-1,-1
752,-1,295,210,20,19,0.85,2,-1,-1
752,-1,350,142,13,19,0.83,7,-1,-1
752,-1,342,164,10,11,0.51,2,-1,-1
753,-1,379,176,34,52,0.89,7,-1,-1
753,-1,372,153,18,25,0.88,7,-1,-1
753,-1,294,213,20,20,0.87,2,-1,-1
753,-1,362,230,24,22,0.86,2,-1,-1
753,-1,350,141,13,20,0.81,7,-1,-1
753,-1,342,163,10,11,0.47,2,-1,-1
754,-1,379,175,32,51,0.89,7,-1,-1
754,-1,371,152,18,25,0.87,7,-1,-1
754,-1,361,227,22,21,0.87,2,-1,-1
754,-1,294,215,20,20,0.86,2,-1,-1
754,-1,350,140,13,20,0.78,7,-1,-1
754,-1,341,161,10,11,0.40,2,-1,-1
755,-1,376,172,33,50,0.89,7,-1,-1
755,-1,370,152,18,24,0.87,7,-1,-1
755,-1,292,219,21,20,0.87,2,-1,-1
755,-1,360,222,23,21,0.87,2,-1,-1
755,-1,350,140,12,20,0.77,7,-1,-1
755,-1,341,161,10,11,0.57,2,-1,-1
756,-1,377,172,32,50,0.88,7,-1,-1
756,-1,359,220,22,20,0.87,2,-1,-1
756,-1,371,151,18,24,0.87,7,-1,-1
756,-1,292,221,21,20,0.87,2,-1,-1
756,-1,350,140,12,20,0.76,7,-1,-1
756,-1,341,161,10,11,0.55,2,-1,-1
757,-1,375,171,32,48,0.88,7,-1,-1
757,-1,290,226,21,20,0.86,2,-1,-1
757,-1,358,217,22,20,0.86,2,-1,-1
757,-1,370,150,18,25,0.84,7,-1,-1
757,-1,350,140,13,19,0.66,7,-1,-1
757,-1,340,160,10,10,0.45,2,-1,-1
758,-1,374,170,31,48,0.88,7,-1,-1
758,-1,357,214,20,19,0.87,2,-1,-1
758,-1,288,228,23,22,0.86,2,-1,-1
758,-1,370,150,18,24,0.84,7,-1,-1
758,-1,350,140,13,18,0.64,7,-1,-1
758,-1,340,158,10,10,0.57,2,-1,-1
759,-1,374,169,30,47,0.88,7,-1,-1
759,-1,288,232,23,23,0.86,2,-1,-1
759,-1,356,210,20,19,0.85,2,-1,-1
759,-1,370,150,18,24,0.84,7,-1,-1
759,-1,350,140,12,18,0.69,7,-1,-1
759,-1,340,158,10,10,0.61,2,-1,-1
760,-1,374,168,29,47,0.88,7,-1,-1
760,-1,286,235,24,24,0.87,2,-1,-1
760,-1,354,208,20,18,0.86,2,-1,-1
760,-1,370,150,18,23,0.84,7,-1,-1
760,-1,349,139,12,19,0.70,7,-1,-1
760,-1,340,158,10,10,0.60,2,-1,-1
761,-1,284,240,25,24,0.88,2,-1,-1
761,-1,372,167,29,46,0.88,7,-1,-1
761,-1,354,206,19,18,0.85,2,-1,-1
761,-1,370,149,18,22,0.82,7,-1,-1
761,-1,349,138,12,19,0.70,7,-1,-1
761,-1,339,156,10,10,0.69,2,-1,-1
762,-1,372,166,29,45,0.88,7,-1,-1
762,-1,283,244,26,24,0.88,2,-1,-1
762,-1,353,204,18,16,0.85,2,-1,-1
762,-1,370,149,18,22,0.82,7,-1,-1
762,-1,349,138,12,19,0.74,7,-1,-1
762,-1,339,156,10,10,0.69,2,-1,-1
763,-1,281,250,26,26,0.88,2,-1,-1
763,-1,371,165,28,45,0.87,7,-1,-1
763,-1,352,202,18,16,0.84,2,-1,-1
763,-1,370,148,18,22,0.76,7,-1,-1
763,-1,349,138,12,19,0.72,7,-1,-1
763,-1,339,156,10,10,0.66,2,-1,-1
764,-1,280,253,26,26,0.87,2,-1,-1
764,-1,370,164,28,44,0.87,7,-1,-1
764,-1,351,199,18,16,0.84,2,-1,-1
764,-1,370,148,17,20,0.78,7,-1,-1
764,-1,349,139,12,18,0.69,7,-1,-1
764,-1,339,155,10,10,0.59,2,-1,-1
765,-1,277,260,28,28,0.87,2,-1,-1
765,-1,369,163,28,44,0.86,7,-1,-1
765,-1,350,196,18,16,0.84,2,-1,-1
765,-1,370,148,17,21,0.76,7,-1,-1
765,-1,349,139,12,18,0.67,7,-1,-1
765,-1,339,155,10,10,0.60,2,-1,-1
766,-1,275,264,29,30,0.87,2,-1,-1
766,-1,350,194,17,17,0.84,2,-1,-1
766,-1,368,161,28,45,0.84,7,-1,-1
766,-1,348,138,12,18,0.70,7,-1,-1
766,-1,370,147,17,21,0.67,7,-1,-1
766,-1,339,156,10,9,0.33,2,-1,-1
767,-1,272,272,30,30,0.88,2,-1,-1
767,-1,368,159,27,46,0.84,7,-1,-1
767,-1,349,193,16,16,0.82,2,-1,-1
767,-1,348,138,12,18,0.70,7,-1,-1
767,-1,370,147,17,20,0.55,7,-1,-1
767,-1,338,154,10,8,0.24,2,-1,-1
768,-1,269,279,32,31,0.88,2,-1,-1
768,-1,348,191,17,16,0.84,2,-1,-1
768,-1,368,157,27,46,0.83,7,-1,-1
768,-1,348,138,12,18,0.70,7,-1,-1
768,-1,370,147,17,20,0.34,7,-1,-1
768,-1,338,154,10,8,0.22,2,-1,-1
769,-1,266,287,33,34,0.89,2,-1,-1
769,-1,348,189,17,17,0.84,2,-1,-1
769,-1,368,149,27,52,0.81,7,-1,-1
769,-1,348,138,12,17,0.70,7,-1,-1
769,-1,338,153,9,8,0.15,2,-1,-1
770,-1,264,294,34,35,0.88,2,-1,-1
770,-1,367,149,26,52,0.82,7,-1,-1
770,-1,347,189,17,14,0.76,2,-1,-1
770,-1,348,138,12,17,0.67,7,-1,-1
770,-1,338,152,9,8,0.35,2,-1,-1
771,-1,260,304,37,37,0.90,2,-1,-1
771,-1,366,148,26,51,0.84,7,-1,-1
771,-1,347,186,16,15,0.77,2,-1,-1
771,-1,348,138,12,16,0.62,7,-1,-1
771,-1,338,152,9,8,0.35,2,-1,-1
771,-1,342,144,13,14,0.11,2,-1,-1
772,-1,418,420,83,103,0.92,2,-1,-1
772,-1,256,312,38,40,0.90,2,-1,-1
772,-1,366,148,26,51,0.85,7,-1,-1
772,-1,348,186,15,15,0.81,2,-1,-1
772,-1,348,138,12,18,0.73,7,-1,-1
772,-1,338,152,9,8,0.40,2,-1,-1
772,-1,341,146,12,12,0.11,2,-1,-1
773,-1,410,390,73,91,0.92,2,-1,-1
773,-1,252,324,41,44,0.90,2,-1,-1
773,-1,365,147,26,50,0.86,7,-1,-1
773,-1,346,184,15,14,0.77,2,-1,-1
773,-1,348,138,11,17,0.64,7,-1,-1
773,-1,338,152,9,8,0.39,2,-1,-1
773,-1,340,148,11,10,0.14,2,-1,-1
774,-1,405,374,69,84,0.92,2,-1,-1
774,-1,248,335,42,46,0.90,2,-1,-1
774,-1,364,146,26,50,0.87,7,-1,-1
774,-1,346,182,15,14,0.80,2,-1,-1
774,-1,347,137,12,17,0.74,7,-1,-1
774,-1,338,150,9,8,0.39,2,-1,-1
775,-1,242,352,45,49,0.91,2,-1,-1
775,-1,401,352,61,76,0.91,2,-1,-1
775,-1,364,146,26,48,0.87,7,-1,-1
775,-1,345,180,14,14,0.80,2,-1,-1
775,-1,347,137,12,17,0.72,7,-1,-1
775,-1,338,150,8,8,0.32,2,-1,-1
776,-1,397,338,57,72,0.93,2,-1,-1
776,-1,237,365,48,53,0.91,2,-1,-1
776,-1,364,146,26,48,0.87,7,-1,-1
776,-1,344,179,15,15,0.79,2,-1,-1
776,-1,346,137,12,17,0.70,7,-1,-1
776,-1,338,150,8,8,0.31,2,-1,-1
777,-1,392,322,53,66,0.93,2,-1,-1
777,-1,229,386,52,60,0.91,2,-1,-1
777,-1,364,147,26,46,0.87,7,-1,-1
777,-1,344,178,15,14,0.72,2,-1,-1
777,-1,348,137,11,16,0.60,7,-1,-1
777,-1,338,149,9,9,0.33,2,-1,-1
778,-1,223,402,56,64,0.93,2,-1,-1
778,-1,388,312,51,62,0.92,2,-1,-1
778,-1,364,147,26,44,0.87,7,-1,-1
778,-1,344,176,14,14,0.65,2,-1,-1
778,-1,347,137,11,16,0.60,7,-1,-1
778,-1,338,149,9,9,0.35,2,-1,-1
779,-1,384,299,51,57,0.92,2,-1,-1
779,-1,212,430,60,73,0.92,2,-1,-1
779,-1,362,148,26,43,0.86,7,-1,-1
779,-1,343,174,14,14,0.74,2,-1,-1
779,-1,346,136,11,16,0.53,7,-1,-1
779,-1,338,148,8,9,0.31,2,-1,-1
780,-1,204,452,66,80,0.92,2,-1,-1
780,-1,384,290,48,55,0.90,2,-1,-1
780,-1,362,148,26,42,0.86,7,-1,-1
780,-1,343,174,13,13,0.80,2,-1,-1
780,-1,346,136,11,16,0.53,7,-1,-1
780,-1,338,148,8,9,0.31,2,-1,-1
781,-1,381,280,42,51,0.91,2,-1,-1
781,-1,362,147,24,42,0.86,7,-1,-1
781,-1,343,172,13,13,0.82,2,-1,-1
781,-1,346,135,11,17,0.66,7,-1,-1
781,-1,338,148,8,9,0.17,2,-1,-1
782,-1,379,272,39,50,0.90,2,-1,-1
782,-1,362,147,24,41,0.86,7,-1,-1
782,-1,343,172,12,12,0.82,2,-1,-1
782,-1,346,135,11,17,0.62,7,-1,-1
782,-1,338,147,8,9,0.21,2,-1,-1
783,-1,375,262,40,48,0.88,2,-1,-1
783,-1,362,148,24,40,0.85,7,-1,-1
783,-1,344,171,12,12,0.80,2,-1,-1
783,-1,346,135,11,17,0.61,7,-1,-1
783,-1,338,147,8,9,0.20,2,-1,-1
784,-1,373,258,39,45,0.89,2,-1,-1
784,-1,362,146,24,40,0.85,7,-1,-1
784,-1,342,170,12,12,0.77,2,-1,-1
784,-1,346,135,10,16,0.54,7,-1,-1
784,-1,338,147,8,8,0.13,2,-1,-1
785,-1,372,251,36,42,0.89,2,-1,-1
785,-1,362,146,24,40,0.84,7,-1,-1
785,-1,342,169,12,12,0.79,2,-1,-1
785,-1,346,134,11,16,0.51,7,-1,-1
785,-1,338,146,8,8,0.13,2,-1,-1
786,-1,370,246,34,42,0.89,2,-1,-1
786,-1,362,146,23,39,0.83,7,-1,-1
786,-1,342,168,12,12,0.77,2,-1,-1
786,-1,346,134,11,16,0.52,7,-1,-1
786,-1,338,146,8,8,0.12,2,-1,-1
787,-1,369,240,33,40,0.88,2,-1,-1
787,-1,343,167,11,12,0.82,2,-1,-1
787,-1,360,146,23,38,0.81,7,-1,-1
787,-1,346,134,11,16,0.47,7,-1,-1
788,-1,368,236,32,38,0.89,2,-1,-1
788,-1,342,166,11,12,0.82,2,-1,-1
788,-1,360,146,23,38,0.79,7,-1,-1
788,-1,345,134,11,16,0.41,7,-1,-1
789,-1,366,231,30,36,0.89,2,-1,-1
789,-1,360,146,22,36,0.78,7,-1,-1
789,-1,342,165,11,12,0.75,2,-1,-1
789,-1,345,134,11,16,0.40,7,-1,-1
790,-1,366,228,29,35,0.89,2,-1,-1
790,-1,360,147,21,34,0.77,7,-1,-1
790,-1,342,164,10,12,0.52,2,-1,-1
790,-1,345,134,10,16,0.37,7,-1,-1
791,-1,364,223,28,34,0.88,2,-1,-1
791,-1,360,148,20,34,0.79,7,-1,-1
791,-1,342,163,10,12,0.65,2,-1,-1
791,-1,345,134,10,16,0.38,7,-1,-1
791,-1,368,143,18,24,0.20,7,-1,-1
792,-1,362,220,28,33,0.89,2,-1,-1
792,-1,360,147,20,34,0.77,7,-1,-1
792,-1,342,163,10,12,0.68,2,-1,-1
792,-1,346,134,10,16,0.29,7,-1,-1
792,-1,366,143,19,28,0.17,7,-1,-1
793,-1,424,458,73,69,0.89,2,-1,-1
793,-1,362,216,27,31,0.88,2,-1,-1
793,-1,360,147,20,32,0.79,7,-1,-1
793,-1,366,143,19,26,0.38,7,-1,-1
793,-1,346,134,10,14,0.31,7,-1,-1
793,-1,342,162,10,11,0.30,2,-1,-1
793,-1,337,144,7,7,0.11,2,-1,-1
794,-1,418,433,65,64,0.91,2,-1,-1
794,-1,361,214,26,30,0.88,2,-1,-1
794,-1,359,147,19,32,0.80,7,-1,-1
794,-1,342,162,10,11,0.54,2,-1,-1
794,-1,368,143,17,22,0.51,7,-1,-1
794,-1,346,134,10,15,0.15,7,-1,-1
794,-1,364,144,20,31,0.12,7,-1,-1
795,-1,409,402,56,57,0.90,2,-1,-1
795,-1,360,210,24,30,0.87,2,-1,-1
795,-1,358,148,19,31,0.81,7,-1,-1
795,-1,370,143,16,20,0.56,7,-1,-1
795,-1,342,162,10,10,0.55,2,-1,-1
795,-1,346,134,10,15,0.15,7,-1,-1
795,-1,365,144,19,30,0.13,7,-1,-1
796,-1,406,383,52,56,0.88,2,-1,-1
796,-1,359,208,25,30,0.86,2,-1,-1
796,-1,358,147,19,31,0.82,7,-1,-1
796,-1,370,142,16,20,0.60,7,-1,-1
796,-1,342,160,10,10,0.18,2,-1,-1
796,-1,345,133,10,15,0.17,7,-1,-1
797,-1,509,370,113,137,0.93,7,-1,-1
797,-1,398,361,46,50,0.90,2,-1,-1
797,-1,358,206,23,27,0.86,2,-1,-1
797,-1,358,146,18,30,0.81,7,-1,-1
797,-1,369,143,16,21,0.54,7,-1,-1
797,-1,345,133,10,15,0.17,7,-1,-1
797,-1,342,160,10,11,0.16,2,-1,-1
798,-1,503,364,109,130,0.92,7,-1,-1
798,-1,394,347,44,47,0.90,2,-1,-1
798,-1,358,204,22,26,0.87,2,-1,-1
798,-1,358,146,18,30,0.80,7,-1,-1
798,-1,342,158,10,10,0.71,2,-1,-1
798,-1,369,142,16,20,0.59,7,-1,-1
798,-1,345,132,10,16,0.17,7,-1,-1
799,-1,494,352,103,122,0.92,7,-1,-1
799,-1,357,200,22,26,0.88,2,-1,-1
799,-1,390,329,45,44,0.88,2,-1,-1
799,-1,357,146,18,29,0.82,7,-1,-1
799,-1,371,142,15,19,0.77,7,-1,-1
799,-1,342,158,10,10,0.72,2,-1,-1
799,-1,345,132,10,15,0.22,7,-1,-1
800,-1,492,344,97,116,0.91,7,-1,-1
800,-1,388,320,44,41,0.88,2,-1,-1
800,-1,356,198,22,26,0.86,2,-1,-1
800,-1,357,146,18,29,0.81,7,-1,-1
800,-1,371,142,14,19,0.77,7,-1,-1
800,-1,342,158,9,10,0.35,2,-1,-1
800,-1,344,132,10,16,0.26,7,-1,-1
801,-1,485,334,91,110,0.92,7,-1,-1
801,-1,384,305,37,38,0.88,2,-1,-1
801,-1,356,196,21,25,0.86,2,-1,-1
801,-1,356,146,18,28,0.83,7,-1,-1
801,-1,371,142,15,19,0.76,7,-1,-1
801,-1,341,157,10,10,0.65,2,-1,-1
801,-1,344,132,10,16,0.30,7,-1,-1
802,-1,480,326,88,108,0.93,7,-1,-1
802,-1,382,296,34,38,0.88,2,-1,-1
802,-1,354,194,22,25,0.87,2,-1,-1
802,-1,356,145,18,29,0.82,7,-1,-1
802,-1,371,142,15,20,0.76,7,-1,-1
802,-1,341,157,10,10,0.53,2,-1,-1
802,-1,344,132,10,16,0.46,7,-1,-1
803,-1,474,318,85,102,0.92,7,-1,-1
803,-1,378,286,35,34,0.87,2,-1,-1
803,-1,354,192,22,24,0.84,2,-1,-1
803,-1,356,145,18,29,0.80,7,-1,-1
803,-1,372,141,15,20,0.76,7,-1,-1
803,-1,344,131,10,16,0.48,7,-1,-1
803,-1,341,156,10,9,0.21,2,-1,-1
804,-1,470,313,82,98,0.93,7,-1,-1
804,-1,378,280,36,31,0.86,2,-1,-1
804,-1,354,191,21,22,0.84,2,-1,-1
804,-1,355,144,18,28,0.80,7,-1,-1
804,-1,372,140,14,20,0.77,7,-1,-1
804,-1,344,131,10,16,0.51,7,-1,-1
804,-1,341,156,10,10,0.20,2,-1,-1
805,-1,464,304,79,94,0.91,7,-1,-1
805,-1,373,265,30,35,0.86,2,-1,-1
805,-1,352,190,21,22,0.84,2,-1,-1
805,-1,354,145,18,28,0.80,7,-1,-1
805,-1,371,140,15,21,0.75,7,-1,-1
805,-1,340,155,10,10,0.40,2,-1,-1
805,-1,344,131,11,16,0.21,7,-1,-1
806,-1,461,300,76,91,0.92,7,-1,-1
806,-1,352,188,19,22,0.88,2,-1,-1
806,-1,371,259,32,35,0.86,2,-1,-1
806,-1,354,144,18,28,0.81,7,-1,-1
806,-1,372,140,14,20,0.80,7,-1,-1
806,-1,344,131,10,15,0.22,7,-1,-1
807,-1,457,294,72,86,0.92,7,-1,-1
807,-1,352,186,18,22,0.87,2,-1,-1
807,-1,370,256,31,29,0.87,2,-1,-1
807,-1,354,144,18,27,0.82,7,-1,-1
807,-1,372,140,14,20,0.80,7,-1,-1
807,-1,344,131,10,15,0.22,7,-1,-1
808,-1,454,288,70,84,0.92,7,-1,-1
808,-1,369,251,30,28,0.87,2,-1,-1
808,-1,351,185,18,22,0.85,2,-1,-1
808,-1,354,144,17,27,0.82,7,-1,-1
808,-1,372,140,14,20,0.81,7,-1,-1
808,-1,344,131,10,15,0.20,7,-1,-1
809,-1,450,283,68,81,0.91,7,-1,-1
809,-1,367,243,27,28,0.87,2,-1,-1
809,-1,351,183,18,21,0.84,2,-1,-1
809,-1,354,144,16,26,0.83,7,-1,-1
809,-1,372,140,14,22,0.81,7,-1,-1
809,-1,344,131,10,15,0.23,7,-1,-1
810,-1,448,279,66,79,0.92,7,-1,-1
810,-1,366,240,27,27,0.87,2,-1,-1
810,-1,350,182,17,20,0.86,2,-1,-1
810,-1,354,144,16,26,0.83,7,-1,-1
810,-1,373,140,14,20,0.82,7,-1,-1
810,-1,344,131,10,15,0.27,7,-1,-1
811,-1,444,273,62,76,0.91,7,-1,-1
811,-1,365,236,26,25,0.87,2,-1,-1
811,-1,349,180,18,20,0.86,2,-1,-1
811,-1,354,144,16,25,0.84,7,-1,-1
811,-1,372,140,14,21,0.82,7,-1,-1
811,-1,344,131,10,15,0.26,7,-1,-1
812,-1,442,270,60,74,0.90,7,-1,-1
812,-1,364,232,25,24,0.87,2,-1,-1
812,-1,349,179,17,20,0.86,2,-1,-1
812,-1,354,143,16,26,0.83,7,-1,-1
812,-1,373,140,14,20,0.83,7,-1,-1
812,-1,344,131,10,14,0.28,7,-1,-1
813,-1,438,264,60,73,0.91,7,-1,-1
813,-1,362,226,22,24,0.88,2,-1,-1
813,-1,349,177,16,20,0.86,2,-1,-1
813,-1,353,143,16,24,0.84,7,-1,-1
813,-1,373,139,14,20,0.83,7,-1,-1
813,-1,344,130,10,15,0.32,7,-1,-1
814,-1,436,260,58,72,0.91,7,-1,-1
814,-1,348,177,17,19,0.87,2,-1,-1
814,-1,362,224,22,22,0.86,2,-1,-1
814,-1,352,142,16,25,0.84,7,-1,-1
814,-1,373,139,14,20,0.82,7,-1,-1
814,-1,345,131,9,14,0.31,7,-1,-1
815,-1,434,256,54,69,0.90,7,-1,-1
815,-1,347,175,17,19,0.87,2,-1,-1
815,-1,362,220,23,22,0.86,2,-1,-1
815,-1,352,142,16,25,0.85,7,-1,-1
815,-1,373,139,14,20,0.80,7,-1,-1
815,-1,345,130,9,14,0.34,7,-1,-1
816,-1,434,256,52,65,0.90,7,-1,-1
816,-1,347,174,17,18,0.87,2,-1,-1
816,-1,360,217,23,20,0.86,2,-1,-1
816,-1,352,142,15,24,0.84,7,-1,-1
816,-1,373,139,15,20,0.81,7,-1,-1
816,-1,345,130,9,14,0.35,7,-1,-1
817,-1,432,249,50,66,0.90,7,-1,-1
817,-1,360,212,22,22,0.87,2,-1,-1
817,-1,346,172,16,18,0.86,2,-1,-1
817,-1,352,143,15,23,0.85,7,-1,-1
817,-1,374,139,14,20,0.79,7,-1,-1
817,-1,345,130,9,14,0.21,7,-1,-1
818,-1,430,247,49,64,0.90,7,-1,-1
818,-1,359,210,21,21,0.86,2,-1,-1
818,-1,346,172,15,18,0.86,2,-1,-1
818,-1,352,142,15,24,0.84,7,-1,-1
818,-1,374,138,14,20,0.78,7,-1,-1
818,-1,345,130,9,14,0.18,7,-1,-1
819,-1,427,245,47,61,0.89,7,-1,-1
819,-1,346,171,15,18,0.86,2,-1,-1
819,-1,358,208,20,19,0.85,2,-1,-1
819,-1,352,142,15,23,0.84,7,-1,-1
819,-1,374,138,14,20,0.79,7,-1,-1
819,-1,345,130,9,14,0.20,7,-1,-1
820,-1,425,241,47,62,0.89,7,-1,-1
820,-1,346,170,15,18,0.86,2,-1,-1
820,-1,357,206,19,18,0.85,2,-1,-1
820,-1,352,141,16,23,0.84,7,-1,-1
820,-1,375,138,14,20,0.79,7,-1,-1
820,-1,345,130,9,13,0.24,7,-1,-1
820,-1,340,148,9,10,0.11,2,-1,-1
821,-1,422,239,46,59,0.90,7,-1,-1
821,-1,346,170,14,16,0.86,2,-1,-1
821,-1,356,204,19,18,0.85,2,-1,-1
821,-1,352,141,15,22,0.84,7,-1,-1
821,-1,375,138,14,20,0.78,7,-1,-1
821,-1,345,130,8,13,0.24,7,-1,-1
822,-1,420,238,46,57,0.88,7,-1,-1
822,-1,355,201,18,18,0.87,2,-1,-1
822,-1,346,168,14,16,0.86,2,-1,-1
822,-1,352,141,15,23,0.82,7,-1,-1
822,-1,374,138,15,20,0.79,7,-1,-1
822,-1,345,130,8,13,0.20,7,-1,-1
823,-1,416,233,46,56,0.90,7,-1,-1
823,-1,346,168,14,16,0.86,2,-1,-1
823,-1,354,198,18,17,0.85,2,-1,-1
823,-1,351,141,15,22,0.83,7,-1,-1
823,-1,375,138,15,19,0.81,7,-1,-1
823,-1,345,130,8,13,0.24,7,-1,-1
824,-1,416,232,45,55,0.90,7,-1,-1
824,-1,346,167,13,16,0.85,2,-1,-1
824,-1,353,196,18,17,0.85,2,-1,-1
824,-1,351,141,14,22,0.83,7,-1,-1
824,-1,375,138,15,19,0.82,7,-1,-1
824,-1,344,130,8,13,0.13,7,-1,-1
825,-1,415,230,42,53,0.89,7,-1,-1
825,-1,345,165,13,16,0.86,2,-1,-1
825,-1,352,194,17,17,0.86,2,-1,-1
825,-1,351,140,14,22,0.85,7,-1,-1
825,-1,376,138,14,19,0.82,7,-1,-1
825,-1,344,129,8,12,0.21,7,-1,-1
826,-1,414,227,42,53,0.90,7,-1,-1
826,-1,345,165,13,16,0.86,2,-1,-1
826,-1,352,192,17,16,0.85,2,-1,-1
826,-1,351,140,14,22,0.85,7,-1,-1
826,-1,376,138,14,19,0.82,7,-1,-1
826,-1,344,129,8,12,0.19,7,-1,-1
827,-1,412,225,41,51,0.91,7,-1,-1
827,-1,345,164,13,15,0.86,2,-1,-1
827,-1,350,139,14,22,0.84,7,-1,-1
827,-1,350,190,18,16,0.84,2,-1,-1
827,-1,376,137,14,20,0.80,7,-1,-1
827,-1,344,129,8,12,0.17,7,-1,-1
828,-1,411,224,40,50,0.90,7,-1,-1
828,-1,344,164,12,14,0.87,2,-1,-1
828,-1,350,138,14,22,0.84,7,-1,-1
828,-1,350,189,17,16,0.83,2,-1,-1
828,-1,376,137,14,20,0.80,7,-1,-1
828,-1,344,129,8,12,0.16,7,-1,-1
829,-1,410,218,39,52,0.90,7,-1,-1
829,-1,344,163,12,14,0.88,2,-1,-1
829,-1,349,187,17,15,0.84,2,-1,-1
829,-1,350,138,14,22,0.83,7,-1,-1
829,-1,376,137,14,20,0.78,7,-1,-1
829,-1,344,129,8,12,0.15,7,-1,-1
829,-1,339,145,8,10,0.13,2,-1,-1
830,-1,408,218,39,50,0.89,7,-1,-1
830,-1,344,162,12,14,0.87,2,-1,-1
830,-1,350,185,16,16,0.85,2,-1,-1
830,-1,350,138,14,22,0.83,7,-1,-1
830,-1,376,136,14,20,0.78,7,-1,-1
830,-1,344,129,9,12,0.16,7,-1,-1
831,-1,407,217,38,50,0.89,7,-1,-1
831,-1,344,162,12,14,0.86,2,-1,-1
831,-1,349,183,15,16,0.84,2,-1,-1
831,-1,350,138,14,22,0.82,7,-1,-1
831,-1,376,136,14,20,0.78,7,-1,-1
831,-1,344,129,9,12,0.15,7,-1,-1
832,-1,406,216,37,50,0.89,7,-1,-1
832,-1,344,161,12,14,0.85,2,-1,-1
832,-1,349,182,14,16,0.83,2,-1,-1
832,-1,350,137,14,22,0.79,7,-1,-1
832,-1,376,136,14,20,0.78,7,-1,-1
833,-1,405,213,36,48,0.89,7,-1,-1
833,-1,349,182,14,15,0.85,2,-1,-1
833,-1,343,160,12,13,0.85,2,-1,-1
833,-1,377,136,14,19,0.80,7,-1,-1
833,-1,350,137,13,22,0.77,7,-1,-1
834,-1,404,211,36,48,0.89,7,-1,-1
834,-1,343,160,11,14,0.85,2,-1,-1
834,-1,348,180,14,14,0.85,2,-1,-1
834,-1,378,135,13,18,0.82,7,-1,-1
834,-1,350,138,12,21,0.58,7,-1,-1
835,-1,402,209,36,48,0.88,7,-1,-1
835,-1,343,160,11,14,0.86,2,-1,-1
835,-1,347,178,14,14,0.83,2,-1,-1
835,-1,378,135,13,18,0.82,7,-1,-1
835,-1,350,138,12,21,0.58,7,-1,-1
836,-1,402,208,35,46,0.89,7,-1,-1
836,-1,343,159,11,13,0.85,2,-1,-1
836,-1,379,135,13,18,0.82,7,-1,-1
836,-1,348,178,13,13,0.82,2,-1,-1
836,-1,350,138,12,20,0.58,7,-1,-1
837,-1,401,206,33,44,0.88,7,-1,-1
837,-1,342,158,11,14,0.85,2,-1,-1
837,-1,379,135,13,18,0.81,7,-1,-1
837,-1,348,176,12,12,0.74,2,-1,-1
837,-1,350,138,12,20,0.46,7,-1,-1
838,-1,400,206,33,44,0.88,7,-1,-1
838,-1,342,158,10,12,0.86,2,-1,-1
838,-1,379,135,13,18,0.81,7,-1,-1
838,-1,347,175,13,13,0.77,2,-1,-1
838,-1,350,138,12,20,0.45,7,-1,-1
839,-1,399,204,32,43,0.89,7,-1,-1
839,-1,343,158,10,12,0.86,2,-1,-1
839,-1,379,135,12,18,0.80,7,-1,-1
839,-1,346,174,13,13,0.79,2,-1,-1
839,-1,350,136,12,21,0.48,7,-1,-1
840,-1,398,204,31,41,0.88,7,-1,-1
840,-1,342,157,10,12,0.82,2,-1,-1
840,-1,380,134,12,18,0.81,7,-1,-1
840,-1,346,172,12,13,0.79,2,-1,-1
840,-1,350,138,12,20,0.38,7,-1,-1
841,-1,398,200,30,42,0.89,7,-1,-1
841,-1,380,134,12,18,0.83,7,-1,-1
841,-1,346,172,12,13,0.80,2,-1,-1
841,-1,342,156,10,12,0.78,2,-1,-1
841,-1,350,136,12,22,0.31,7,-1,-1
842,-1,396,200,30,40,0.88,7,-1,-1
842,-1,380,134,12,18,0.82,7,-1,-1
842,-1,345,169,12,14,0.75,2,-1,-1
842,-1,342,156,10,12,0.67,2,-1,-1
842,-1,349,135,12,22,0.32,7,-1,-1
843,-1,396,200,29,40,0.88,7,-1,-1
843,-1,380,134,12,18,0.82,7,-1,-1
843,-1,345,169,12,14,0.76,2,-1,-1
843,-1,342,155,10,12,0.73,2,-1,-1
843,-1,350,132,12,24,0.27,7,-1,-1
844,-1,395,198,29,40,0.88,7,-1,-1
844,-1,380,134,12,18,0.81,7,-1,-1
844,-1,344,167,12,14,0.80,2,-1,-1
844,-1,342,155,10,11,0.75,2,-1,-1
844,-1,350,133,12,23,0.23,7,-1,-1
845,-1,394,197,29,39,0.88,7,-1,-1
845,-1,380,134,12,18,0.81,7,-1,-1
845,-1,344,166,12,14,0.64,2,-1,-1
845,-1,341,154,10,10,0.61,2,-1,-1
845,-1,312,153,10,10,0.34,2,-1,-1
845,-1,350,134,12,21,0.13,7,-1,-1
846,-1,393,195,28,39,0.88,7,-1,-1
846,-1,380,134,12,18,0.81,7,-1,-1
846,-1,343,165,11,12,0.75,2,-1,-1
846,-1,312,154,10,10,0.70,2,-1,-1
846,-1,342,155,10,9,0.54,2,-1,-1
846,-1,350,134,12,21,0.13,7,-1,-1
847,-1,392,194,28,38,0.88,7,-1,-1
847,-1,380,134,12,18,0.80,7,-1,-1
847,-1,343,165,11,12,0.76,2,-1,-1
847,-1,312,154,10,11,0.72,2,-1,-1
847,-1,341,153,11,10,0.59,2,-1,-1
847,-1,349,135,12,20,0.16,7,-1,-1
848,-1,391,192,28,38,0.88,7,-1,-1
848,-1,380,134,12,18,0.78,7,-1,-1
848,-1,344,164,10,12,0.73,2,-1,-1
848,-1,312,155,10,11,0.72,2,-1,-1
848,-1,341,153,10,10,0.43,2,-1,-1
848,-1,349,137,11,18,0.22,7,-1,-1
849,-1,390,192,27,38,0.88,7,-1,-1
849,-1,381,133,12,18,0.78,7,-1,-1
849,-1,312,155,10,11,0.72,2,-1,-1
849,-1,344,164,10,12,0.72,2,-1,-1
849,-1,340,151,10,11,0.63,2,-1,-1
849,-1,349,137,11,18,0.32,7,-1,-1
850,-1,389,190,28,38,0.88,7,-1,-1
850,-1,381,133,12,18,0.78,7,-1,-1
850,-1,312,155,10,12,0.78,2,-1,-1
850,-1,344,162,10,12,0.77,2,-1,-1
850,-1,340,151,10,10,0.61,2,-1,-1
850,-1,350,137,10,17,0.25,7,-1,-1
851,-1,388,190,28,37,0.88,7,-1,-1
851,-1,343,162,10,12,0.79,2,-1,-1
851,-1,381,133,12,18,0.74,7,-1,-1
851,-1,312,156,10,12,0.72,2,-1,-1
851,-1,340,151,10,9,0.49,2,-1,-1
851,-1,349,136,11,17,0.30,7,-1,-1
852,-1,388,188,28,37,0.88,7,-1,-1
852,-1,312,156,10,12,0.77,2,-1,-1
852,-1,381,133,12,18,0.74,7,-1,-1
852,-1,343,161,10,12,0.64,2,-1,-1
852,-1,340,151,9,10,0.43,2,-1,-1
852,-1,350,138,10,16,0.17,7,-1,-1
853,-1,387,188,28,36,0.89,7,-1,-1
853,-1,312,157,10,12,0.80,2,-1,-1
853,-1,342,161,10,11,0.78,2,-1,-1
853,-1,381,133,12,17,0.64,7,-1,-1
853,-1,340,150,9,8,0.44,2,-1,-1
853,-1,349,138,10,15,0.17,7,-1,-1
854,-1,386,186,27,36,0.89,7,-1,-1
854,-1,312,158,10,12,0.78,2,-1,-1
854,-1,343,161,10,10,0.59,2,-1,-1
854,-1,382,133,11,16,0.34,7,-1,-1
854,-1,340,150,9,9,0.32,2,-1,-1
854,-1,349,134,10,18,0.21,7,-1,-1
855,-1,386,186,27,36,0.88,7,-1,-1
855,-1,312,159,10,11,0.79,2,-1,-1
855,-1,342,160,10,11,0.64,2,-1,-1
855,-1,382,133,11,16,0.34,7,-1,-1
855,-1,340,150,9,8,0.24,2,-1,-1
855,-1,349,135,10,18,0.23,7,-1,-1
856,-1,386,186,26,35,0.89,7,-1,-1
856,-1,312,159,10,12,0.78,2,-1,-1
856,-1,342,159,10,11,0.64,2,-1,-1
856,-1,382,133,11,16,0.32,7,-1,-1
856,-1,349,135,10,18,0.24,7,-1,-1
856,-1,340,151,10,9,0.14,2,-1,-1
857,-1,385,184,26,36,0.88,7,-1,-1
857,-1,312,160,10,12,0.77,2,-1,-1
857,-1,342,158,10,11,0.48,2,-1,-1
857,-1,382,133,11,17,0.31,7,-1,-1
857,-1,349,135,11,18,0.27,7,-1,-1
857,-1,340,151,10,8,0.16,2,-1,-1
858,-1,384,183,26,35,0.87,7,-1,-1
858,-1,312,160,10,12,0.77,2,-1,-1
858,-1,342,157,10,11,0.53,2,-1,-1
858,-1,348,135,10,17,0.29,7,-1,-1
858,-1,383,133,11,16,0.19,7,-1,-1
859,-1,384,183,25,34,0.86,7,-1,-1
859,-1,311,160,11,13,0.79,2,-1,-1
859,-1,342,156,10,12,0.61,2,-1,-1
859,-1,383,132,11,16,0.35,7,-1,-1
859,-1,348,134,10,18,0.29,7,-1,-1
859,-1,340,151,10,12,0.14,2,-1,-1
860,-1,384,181,24,34,0.86,7,-1,-1
860,-1,311,161,11,13,0.80,2,-1,-1
860,-1,341,156,10,11,0.48,2,-1,-1
860,-1,384,132,11,16,0.37,7,-1,-1
860,-1,348,134,10,17,0.28,7,-1,-1
861,-1,383,181,24,34,0.87,7,-1,-1
861,-1,311,161,11,13,0.80,2,-1,-1
861,-1,341,156,10,11,0.48,2,-1,-1
861,-1,384,132,11,16,0.40,7,-1,-1
861,-1,348,134,10,17,0.28,7,-1,-1
862,-1,382,180,24,33,0.87,7,-1,-1
862,-1,310,162,12,14,0.84,2,-1,-1
862,-1,341,154,10,11,0.63,2,-1,-1
862,-1,384,132,10,16,0.50,7,-1,-1
862,-1,348,134,10,17,0.27,7,-1,-1
863,-1,382,178,24,34,0.88,7,-1,-1
863,-1,310,163,12,14,0.86,2,-1,-1
863,-1,341,154,10,11,0.50,2,-1,-1
863,-1,384,133,10,16,0.42,7,-1,-1
863,-1,348,134,10,17,0.25,7,-1,-1
864,-1,380,178,24,34,0.89,7,-1,-1
864,-1,310,164,12,14,0.85,2,-1,-1
864,-1,384,132,11,16,0.50,7,-1,-1
864,-1,341,153,10,10,0.43,2,-1,-1
864,-1,347,134,11,17,0.23,7,-1,-1
865,-1,380,177,24,34,0.89,7,-1,-1
865,-1,310,164,12,14,0.83,2,-1,-1
865,-1,340,152,10,11,0.56,2,-1,-1
865,-1,385,133,11,16,0.42,7,-1,-1
865,-1,347,133,10,17,0.21,7,-1,-1
866,-1,379,176,24,33,0.87,7,-1,-1
866,-1,310,166,12,14,0.82,2,-1,-1
866,-1,340,152,10,11,0.39,2,-1,-1
866,-1,385,133,11,16,0.28,7,-1,-1
866,-1,348,133,10,17,0.12,7,-1,-1
867,-1,380,176,23,32,0.87,7,-1,-1
867,-1,310,167,12,14,0.79,2,-1,-1
867,-1,340,152,10,11,0.32,2,-1,-1
867,-1,386,133,10,15,0.25,7,-1,-1
867,-1,347,133,10,16,0.13,7,-1,-1
868,-1,378,176,23,32,0.86,7,-1,-1
868,-1,308,168,13,13,0.85,2,-1,-1
868,-1,386,133,10,15,0.29,7,-1,-1
868,-1,340,152,9,10,0.19,2,-1,-1
868,-1,348,133,10,17,0.16,7,-1,-1
869,-1,378,175,23,32,0.86,7,-1,-1
869,-1,308,169,13,14,0.84,2,-1,-1
869,-1,386,133,10,15,0.29,7,-1,-1
869,-1,340,152,9,10,0.19,2,-1,-1
870,-1,308,169,13,14,0.86,2,-1,-1
870,-1,378,175,22,30,0.86,7,-1,-1
870,-1,386,132,11,16,0.26,7,-1,-1
870,-1,340,152,8,8,0.14,2,-1,-1
870,-1,347,133,10,16,0.10,7,-1,-1
871,-1,377,174,23,31,0.86,7,-1,-1
871,-1,308,170,13,14,0.86,2,-1,-1
871,-1,340,151,8,9,0.29,2,-1,-1
871,-1,386,132,11,16,0.27,7,-1,-1
871,-1,346,132,10,17,0.16,7,-1,-1
872,-1,424,433,68,62,0.91,2,-1,-1
872,-1,376,174,23,30,0.88,7,-1,-1
872,-1,308,171,13,14,0.86,2,-1,-1
872,-1,386,132,11,16,0.21,7,-1,-1
872,-1,346,132,11,17,0.14,7,-1,-1
872,-1,340,150,8,8,0.13,2,-1,-1
873,-1,419,414,63,58,0.89,2,-1,-1
873,-1,376,174,23,30,0.87,7,-1,-1
873,-1,308,172,13,14,0.84,2,-1,-1
873,-1,340,150,8,8,0.13,2,-1,-1
873,-1,386,132,11,15,0.11,7,-1,-1
874,-1,411,389,57,52,0.89,2,-1,-1
874,-1,376,172,22,30,0.87,7,-1,-1
874,-1,308,174,13,14,0.83,2,-1,-1
875,-1,408,374,53,50,0.90,2,-1,-1
875,-1,375,172,23,31,0.87,7,-1,-1
875,-1,308,174,13,14,0.83,2,-1,-1
876,-1,402,354,50,46,0.89,2,-1,-1
876,-1,375,171,22,30,0.87,7,-1,-1
876,-1,306,175,14,14,0.83,2,-1,-1
877,-1,398,342,44,44,0.88,2,-1,-1
877,-1,375,171,22,29,0.87,7,-1,-1
877,-1,306,176,14,15,0.84,2,-1,-1
877,-1,339,147,9,10,0.16,2,-1,-1
878,-1,394,328,45,41,0.89,2,-1,-1
878,-1,374,170,21,29,0.88,7,-1,-1
878,-1,306,176,14,15,0.84,2,-1,-1
879,-1,391,319,44,38,0.88,2,-1,-1
879,-1,374,170,21,28,0.88,7,-1,-1
879,-1,304,179,15,15,0.84,2,-1,-1
880,-1,386,306,42,36,0.89,2,-1,-1
880,-1,374,169,21,28,0.88,7,-1,-1
880,-1,304,180,15,15,0.83,2,-1,-1
881,-1,384,297,37,36,0.88,2,-1,-1
881,-1,374,169,20,28,0.87,7,-1,-1
881,-1,304,182,15,15,0.82,2,-1,-1
882,-1,382,288,37,33,0.87,2,-1,-1
882,-1,373,168,21,28,0.87,7,-1,-1
882,-1,304,182,15,16,0.82,2,-1,-1
883,-1,380,282,36,32,0.88,2,-1,-1
883,-1,373,168,20,28,0.87,7,-1,-1
883,-1,303,184,16,16,0.83,2,-1,-1
884,-1,372,167,21,28,0.87,7,-1,-1
884,-1,378,272,35,31,0.85,2,-1,-1
884,-1,303,185,16,16,0.85,2,-1,-1
885,-1,372,167,21,28,0.87,7,-1,-1
885,-1,375,262,32,35,0.87,2,-1,-1
885,-1,303,186,16,16,0.85,2,-1,-1
886,-1,373,259,30,30,0.87,2,-1,-1
886,-1,371,166,21,28,0.86,7,-1,-1
886,-1,302,187,16,17,0.83,2,-1,-1
887,-1,372,258,30,26,0.87,2,-1,-1
887,-1,371,165,21,28,0.85,7,-1,-1
887,-1,302,189,16,17,0.82,2,-1,-1
888,-1,370,249,30,27,0.86,2,-1,-1
888,-1,371,164,20,28,0.85,7,-1,-1
888,-1,302,191,16,17,0.83,2,-1,-1
889,-1,368,242,27,28,0.87,2,-1,-1
889,-1,300,193,17,17,0.86,2,-1,-1
889,-1,371,164,20,28,0.85,7,-1,-1
890,-1,368,240,26,26,0.86,2,-1,-1
890,-1,300,195,16,16,0.85,2,-1,-1
890,-1,370,163,20,28,0.85,7,-1,-1
891,-1,366,238,26,24,0.86,2,-1,-1
891,-1,370,164,21,28,0.85,7,-1,-1
891,-1,300,197,17,16,0.84,2,-1,-1
892,-1,298,199,18,16,0.85,2,-1,-1
892,-1,366,231,27,24,0.85,2,-1,-1
892,-1,370,162,21,28,0.85,7,-1,-1
893,-1,364,228,25,24,0.88,2,-1,-1
893,-1,298,200,18,18,0.86,2,-1,-1
893,-1,370,162,21,28,0.85,7,-1,-1
894,-1,363,224,23,23,0.86,2,-1,-1
894,-1,370,162,20,27,0.86,7,-1,-1
894,-1,297,202,19,18,0.85,2,-1,-1
895,-1,522,446,82,76,0.91,2,-1,-1
895,-1,362,222,22,22,0.86,2,-1,-1
895,-1,370,162,20,27,0.86,7,-1,-1
895,-1,297,204,19,18,0.84,2,-1,-1
896,-1,509,418,72,70,0.91,2,-1,-1
896,-1,370,160,20,27,0.86,7,-1,-1
896,-1,362,221,22,19,0.86,2,-1,-1
896,-1,296,207,20,18,0.85,2,-1,-1
897,-1,501,404,66,65,0.92,2,-1,-1
897,-1,370,160,20,28,0.87,7,-1,-1
897,-1,361,217,23,20,0.85,2,-1,-1
897,-1,296,208,20,20,0.84,2,-1,-1
898,-1,489,382,62,61,0.91,2,-1,-1
898,-1,370,159,20,28,0.86,7,-1,-1
898,-1,360,213,22,20,0.85,2,-1,-1
898,-1,294,211,20,21,0.85,2,-1,-1
899,-1,482,370,58,58,0.92,2,-1,-1
899,-1,370,159,20,27,0.86,7,-1,-1
899,-1,293,214,21,20,0.86,2,-1,-1
899,-1,360,211,21,20,0.85,2,-1,-1
900,-1,473,353,54,54,0.92,2,-1,-1
900,-1,370,159,20,27,0.86,7,-1,-1
900,-1,358,209,19,18,0.85,2,-1,-1
900,-1,292,218,21,20,0.85,2,-1,-1
