1,-1,326,206,14,16,0.87,2,-1,-1
1,-1,263,170,16,26,0.83,7,-1,-1
1,-1,280,172,8,10,0.76,2,-1,-1
1,-1,265,158,10,14,0.63,7,-1,-1
1,-1,264,161,13,20,0.13,7,-1,-1
2,-1,325,205,14,16,0.87,2,-1,-1
2,-1,263,170,16,27,0.84,7,-1,-1
2,-1,266,158,10,14,0.69,7,-1,-1
2,-1,280,172,8,10,0.66,2,-1,-1
3,-1,350,432,50,70,0.94,2,-1,-1
3,-1,324,202,14,16,0.88,2,-1,-1
3,-1,262,173,16,26,0.85,7,-1,-1
3,-1,280,173,8,10,0.73,2,-1,-1
3,-1,266,158,10,14,0.68,7,-1,-1
4,-1,346,414,46,63,0.92,2,-1,-1
4,-1,323,202,14,16,0.87,2,-1,-1
4,-1,262,172,16,28,0.85,7,-1,-1
4,-1,280,174,8,9,0.63,2,-1,-1
4,-1,266,158,10,14,0.53,7,-1,-1
5,-1,340,390,42,54,0.90,2,-1,-1
5,-1,262,173,17,28,0.86,7,-1,-1
5,-1,322,198,14,16,0.85,2,-1,-1
5,-1,280,175,9,10,0.63,2,-1,-1
5,-1,266,159,11,16,0.54,7,-1,-1
6,-1,337,376,39,49,0.90,2,-1,-1
6,-1,261,174,17,29,0.86,7,-1,-1
6,-1,322,197,14,16,0.84,2,-1,-1
6,-1,280,176,9,10,0.63,2,-1,-1
6,-1,266,160,11,15,0.41,7,-1,-1
7,-1,334,358,36,44,0.89,2,-1,-1
7,-1,260,174,18,30,0.85,7,-1,-1
7,-1,321,196,14,15,0.84,2,-1,-1
7,-1,280,176,9,10,0.66,2,-1,-1
7,-1,266,160,11,16,0.64,7,-1,-1
8,-1,332,346,34,41,0.90,2,-1,-1
8,-1,320,195,14,15,0.85,2,-1,-1
8,-1,260,175,18,30,0.85,7,-1,-1
8,-1,266,160,11,16,0.72,7,-1,-1
8,-1,280,178,9,10,0.59,2,-1,-1
9,-1,329,330,31,38,0.89,2,-1,-1
9,-1,320,194,14,15,0.86,2,-1,-1
9,-1,258,176,18,31,0.85,7,-1,-1
9,-1,280,179,9,10,0.78,2,-1,-1
9,-1,267,160,11,16,0.72,7,-1,-1
10,-1,327,322,30,36,0.90,2,-1,-1
10,-1,320,193,13,14,0.86,2,-1,-1
10,-1,258,176,19,32,0.85,7,-1,-1
10,-1,279,179,10,11,0.79,2,-1,-1
10,-1,267,161,10,16,0.62,7,-1,-1
11,-1,324,308,29,35,0.88,2,-1,-1
11,-1,258,177,19,32,0.87,7,-1,-1
11,-1,319,191,13,14,0.85,2,-1,-1
11,-1,280,180,9,10,0.82,2,-1,-1
11,-1,268,162,10,16,0.74,7,-1,-1
12,-1,322,302,28,32,0.88,2,-1,-1
12,-1,256,178,20,34,0.86,7,-1,-1
12,-1,319,191,12,14,0.84,2,-1,-1
12,-1,268,161,10,16,0.82,7,-1,-1
12,-1,280,182,9,10,0.82,2,-1,-1
13,-1,320,292,26,30,0.89,2,-1,-1
13,-1,256,178,20,35,0.86,7,-1,-1
13,-1,318,189,12,13,0.84,2,-1,-1
13,-1,280,182,9,11,0.82,2,-1,-1
13,-1,268,162,10,16,0.80,7,-1,-1
14,-1,320,287,24,29,0.88,2,-1,-1
14,-1,254,178,20,36,0.85,7,-1,-1
14,-1,318,188,12,13,0.84,2,-1,-1
14,-1,268,162,10,17,0.83,7,-1,-1
14,-1,280,184,9,10,0.82,2,-1,-1
15,-1,318,278,23,27,0.88,2,-1,-1
15,-1,254,181,20,36,0.86,7,-1,-1
15,-1,318,188,12,12,0.84,2,-1,-1
15,-1,268,162,11,17,0.82,7,-1,-1
15,-1,279,184,10,11,0.71,2,-1,-1
16,-1,317,273,22,26,0.90,2,-1,-1
16,-1,254,181,20,36,0.86,7,-1,-1
16,-1,318,188,11,12,0.83,2,-1,-1
16,-1,268,162,11,18,0.82,7,-1,-1
16,-1,278,186,10,11,0.76,2,-1,-1
17,-1,316,266,22,25,0.89,2,-1,-1
17,-1,251,182,21,38,0.87,7,-1,-1
17,-1,317,186,12,12,0.83,2,-1,-1
17,-1,268,163,11,17,0.82,7,-1,-1
17,-1,279,187,10,12,0.82,2,-1,-1
18,-1,314,262,22,24,0.87,2,-1,-1
18,-1,250,182,22,38,0.86,7,-1,-1
18,-1,279,188,10,12,0.82,2,-1,-1
18,-1,268,163,11,17,0.81,7,-1,-1
18,-1,316,184,12,13,0.79,2,-1,-1
19,-1,249,184,22,40,0.87,7,-1,-1
19,-1,314,256,21,23,0.86,2,-1,-1
19,-1,278,189,11,12,0.84,2,-1,-1
19,-1,268,164,11,18,0.82,7,-1,-1
19,-1,316,183,12,13,0.78,2,-1,-1
20,-1,314,252,20,22,0.88,2,-1,-1
20,-1,248,184,23,41,0.87,7,-1,-1
20,-1,278,190,11,12,0.84,2,-1,-1
20,-1,268,164,11,18,0.83,7,-1,-1
20,-1,316,182,11,12,0.81,2,-1,-1
21,-1,246,186,24,43,0.88,7,-1,-1
21,-1,312,247,19,22,0.86,2,-1,-1
21,-1,268,165,12,18,0.84,7,-1,-1
21,-1,277,192,12,12,0.81,2,-1,-1
21,-1,316,182,11,12,0.75,2,-1,-1
22,-1,245,186,24,44,0.89,7,-1,-1
22,-1,312,244,18,21,0.88,2,-1,-1
22,-1,268,165,12,18,0.84,7,-1,-1
22,-1,277,193,12,13,0.84,2,-1,-1
22,-1,316,182,11,12,0.75,2,-1,-1
23,-1,243,188,26,45,0.89,7,-1,-1
23,-1,312,238,18,21,0.86,2,-1,-1
23,-1,276,194,12,13,0.85,2,-1,-1
23,-1,268,165,12,19,0.85,7,-1,-1
23,-1,315,180,11,12,0.81,2,-1,-1
24,-1,242,188,26,46,0.88,7,-1,-1
24,-1,311,236,18,21,0.88,2,-1,-1
24,-1,276,196,12,14,0.84,2,-1,-1
24,-1,268,166,12,19,0.84,7,-1,-1
24,-1,314,180,11,12,0.66,2,-1,-1
25,-1,240,190,27,48,0.88,7,-1,-1
25,-1,311,232,17,20,0.86,2,-1,-1
25,-1,275,197,12,14,0.85,2,-1,-1
25,-1,268,166,12,18,0.81,7,-1,-1
25,-1,314,180,11,12,0.63,2,-1,-1
26,-1,239,191,28,49,0.89,7,-1,-1
26,-1,310,229,17,20,0.87,2,-1,-1
26,-1,274,198,13,15,0.83,2,-1,-1
26,-1,268,167,12,18,0.79,7,-1,-1
26,-1,314,178,11,11,0.78,2,-1,-1
27,-1,237,192,29,51,0.89,7,-1,-1
27,-1,310,226,16,19,0.86,2,-1,-1
27,-1,274,200,14,15,0.85,2,-1,-1
27,-1,267,168,12,18,0.77,7,-1,-1
27,-1,314,177,10,10,0.74,2,-1,-1
28,-1,236,194,30,52,0.89,7,-1,-1
28,-1,310,223,16,19,0.88,2,-1,-1
28,-1,273,202,14,16,0.87,2,-1,-1
28,-1,313,176,10,11,0.73,2,-1,-1
28,-1,267,168,12,18,0.72,7,-1,-1
29,-1,233,197,31,54,0.90,7,-1,-1
29,-1,310,220,16,18,0.87,2,-1,-1
29,-1,272,204,14,16,0.85,2,-1,-1
29,-1,267,168,12,18,0.75,7,-1,-1
29,-1,313,176,10,10,0.74,2,-1,-1
30,-1,231,198,32,54,0.89,7,-1,-1
30,-1,309,218,16,18,0.88,2,-1,-1
30,-1,272,206,14,15,0.84,2,-1,-1
30,-1,266,170,12,18,0.75,7,-1,-1
30,-1,312,176,10,10,0.72,2,-1,-1
31,-1,229,200,33,58,0.90,7,-1,-1
31,-1,308,216,16,17,0.88,2,-1,-1
31,-1,271,209,14,16,0.88,2,-1,-1
31,-1,266,169,13,20,0.85,7,-1,-1
31,-1,312,174,10,10,0.67,2,-1,-1
31,-1,278,167,8,8,0.28,2,-1,-1
32,-1,227,201,34,60,0.90,7,-1,-1
32,-1,270,210,15,16,0.88,2,-1,-1
32,-1,308,213,16,18,0.88,2,-1,-1
32,-1,266,170,13,20,0.83,7,-1,-1
32,-1,312,174,10,10,0.67,2,-1,-1
32,-1,278,168,8,8,0.36,2,-1,-1
33,-1,224,204,36,63,0.91,7,-1,-1
33,-1,269,214,15,16,0.87,2,-1,-1
33,-1,308,210,16,18,0.87,2,-1,-1
33,-1,266,171,14,20,0.84,7,-1,-1
33,-1,312,174,9,10,0.59,2,-1,-1
33,-1,278,168,8,8,0.53,2,-1,-1
34,-1,223,206,36,63,0.91,7,-1,-1
34,-1,269,216,15,16,0.88,2,-1,-1
34,-1,308,208,16,18,0.87,2,-1,-1
34,-1,266,171,14,20,0.83,7,-1,-1
34,-1,312,174,9,10,0.60,2,-1,-1
34,-1,278,168,8,8,0.52,2,-1,-1
35,-1,219,208,37,67,0.92,7,-1,-1
35,-1,267,218,16,18,0.88,2,-1,-1
35,-1,307,206,16,16,0.87,2,-1,-1
35,-1,265,172,14,20,0.85,7,-1,-1
35,-1,312,172,9,9,0.69,2,-1,-1
35,-1,278,168,9,10,0.62,2,-1,-1
36,-1,217,210,38,69,0.92,7,-1,-1
36,-1,266,221,15,18,0.88,2,-1,-1
36,-1,306,205,15,16,0.86,2,-1,-1
36,-1,265,173,13,20,0.82,7,-1,-1
36,-1,311,172,9,9,0.64,2,-1,-1
36,-1,278,168,9,10,0.62,2,-1,-1
37,-1,213,213,41,74,0.92,7,-1,-1
37,-1,264,224,16,20,0.86,2,-1,-1
37,-1,306,204,15,16,0.86,2,-1,-1
37,-1,265,174,13,20,0.84,7,-1,-1
37,-1,310,171,9,9,0.73,2,-1,-1
37,-1,278,169,9,10,0.49,2,-1,-1
38,-1,211,215,42,76,0.90,7,-1,-1
38,-1,264,226,16,20,0.88,2,-1,-1
38,-1,306,202,14,15,0.86,2,-1,-1
38,-1,265,174,14,21,0.83,7,-1,-1
38,-1,310,171,9,9,0.73,2,-1,-1
38,-1,280,170,8,9,0.64,2,-1,-1
39,-1,206,218,44,80,0.90,7,-1,-1
39,-1,262,230,18,21,0.86,2,-1,-1
39,-1,306,200,15,15,0.86,2,-1,-1
39,-1,264,176,14,20,0.77,7,-1,-1
39,-1,310,170,9,9,0.70,2,-1,-1
39,-1,279,170,8,9,0.68,2,-1,-1
40,-1,203,220,47,83,0.91,7,-1,-1
40,-1,262,234,17,21,0.89,2,-1,-1
40,-1,306,199,14,15,0.84,2,-1,-1
40,-1,279,171,9,10,0.73,2,-1,-1
40,-1,263,177,14,20,0.67,7,-1,-1
40,-1,310,170,9,8,0.34,2,-1,-1
40,-1,271,166,8,7,0.12,2,-1,-1
41,-1,198,224,49,88,0.92,7,-1,-1
41,-1,260,239,18,22,0.87,2,-1,-1
41,-1,306,197,14,14,0.84,2,-1,-1
41,-1,279,172,9,10,0.75,2,-1,-1
41,-1,263,178,15,20,0.73,7,-1,-1
41,-1,309,168,9,10,0.62,2,-1,-1
41,-1,271,167,8,8,0.24,2,-1,-1
42,-1,194,227,52,92,0.91,7,-1,-1
42,-1,259,242,18,22,0.90,2,-1,-1
42,-1,306,195,14,14,0.85,2,-1,-1
42,-1,263,177,15,22,0.83,7,-1,-1
42,-1,279,173,8,9,0.73,2,-1,-1
42,-1,308,169,9,9,0.46,2,-1,-1
42,-1,270,167,8,8,0.41,2,-1,-1
43,-1,189,231,54,99,0.92,7,-1,-1
43,-1,257,247,19,24,0.87,2,-1,-1
43,-1,262,178,15,22,0.87,7,-1,-1
43,-1,306,194,13,14,0.86,2,-1,-1
43,-1,279,174,8,9,0.71,2,-1,-1
43,-1,308,169,9,9,0.45,2,-1,-1
43,-1,270,168,8,8,0.45,2,-1,-1
44,-1,184,235,58,104,0.92,7,-1,-1
44,-1,255,252,20,25,0.88,2,-1,-1
44,-1,262,178,16,23,0.87,7,-1,-1
44,-1,305,194,14,14,0.85,2,-1,-1
44,-1,279,174,9,9,0.73,2,-1,-1
44,-1,308,169,9,8,0.44,2,-1,-1
44,-1,270,168,9,8,0.44,2,-1,-1
45,-1,176,240,62,112,0.92,7,-1,-1
45,-1,253,258,20,26,0.89,2,-1,-1
45,-1,261,179,16,24,0.87,7,-1,-1
45,-1,305,192,13,14,0.84,2,-1,-1
45,-1,279,175,9,10,0.65,2,-1,-1
45,-1,270,168,9,8,0.44,2,-1,-1
45,-1,307,168,8,8,0.15,2,-1,-1
46,-1,171,243,65,118,0.92,7,-1,-1
46,-1,252,264,21,27,0.88,2,-1,-1
46,-1,261,180,16,24,0.86,7,-1,-1
46,-1,305,191,13,14,0.83,2,-1,-1
46,-1,279,175,9,10,0.69,2,-1,-1
46,-1,306,166,8,8,0.56,2,-1,-1
46,-1,270,168,9,9,0.34,2,-1,-1
47,-1,162,249,72,131,0.92,7,-1,-1
47,-1,250,271,22,29,0.87,2,-1,-1
47,-1,260,180,16,24,0.85,7,-1,-1
47,-1,304,190,13,13,0.85,2,-1,-1
47,-1,279,176,8,10,0.65,2,-1,-1
47,-1,306,166,8,8,0.54,2,-1,-1
47,-1,271,171,8,8,0.42,2,-1,-1
48,-1,156,254,76,139,0.94,7,-1,-1
48,-1,248,277,23,30,0.88,2,-1,-1
48,-1,304,189,13,13,0.86,2,-1,-1
48,-1,260,180,17,26,0.85,7,-1,-1
48,-1,279,178,9,9,0.64,2,-1,-1
48,-1,271,171,8,7,0.54,2,-1,-1
48,-1,306,166,8,8,0.35,2,-1,-1
49,-1,144,260,84,155,0.93,7,-1,-1
49,-1,245,287,24,33,0.89,2,-1,-1
49,-1,304,187,12,12,0.87,2,-1,-1
49,-1,259,182,17,26,0.86,7,-1,-1
49,-1,279,178,10,10,0.81,2,-1,-1
49,-1,270,172,8,7,0.57,2,-1,-1
49,-1,305,165,8,8,0.42,2,-1,-1
50,-1,136,266,89,167,0.93,7,-1,-1
50,-1,243,294,25,34,0.89,2,-1,-1
50,-1,259,182,17,26,0.87,7,-1,-1
50,-1,304,187,12,12,0.86,2,-1,-1
50,-1,279,178,10,10,0.82,2,-1,-1
50,-1,270,172,8,7,0.54,2,-1,-1
50,-1,305,165,8,8,0.42,2,-1,-1
51,-1,120,274,101,189,0.93,7,-1,-1
51,-1,239,306,27,38,0.89,2,-1,-1
51,-1,258,183,18,27,0.87,7,-1,-1
51,-1,304,185,12,12,0.85,2,-1,-1
51,-1,278,179,10,11,0.82,2,-1,-1
51,-1,271,172,8,9,0.45,2,-1,-1
52,-1,108,280,110,208,0.91,7,-1,-1
52,-1,236,315,28,41,0.89,2,-1,-1
52,-1,258,184,18,27,0.87,7,-1,-1
52,-1,304,184,11,12,0.85,2,-1,-1
52,-1,279,180,9,10,0.80,2,-1,-1
52,-1,271,172,8,9,0.49,2,-1,-1
52,-1,304,164,8,8,0.25,2,-1,-1
52,-1,276,166,8,8,0.17,2,-1,-1
52,-1,273,168,9,11,0.11,2,-1,-1
53,-1,232,332,30,45,0.91,2,-1,-1
53,-1,87,290,126,240,0.89,7,-1,-1
53,-1,256,184,19,28,0.85,7,-1,-1
53,-1,304,183,11,12,0.83,2,-1,-1
53,-1,279,181,10,10,0.80,2,-1,-1
53,-1,270,174,9,9,0.50,2,-1,-1
53,-1,277,166,8,8,0.30,2,-1,-1
53,-1,304,164,8,8,0.19,2,-1,-1
54,-1,229,343,31,50,0.91,2,-1,-1
54,-1,256,184,19,29,0.84,7,-1,-1
54,-1,304,183,11,12,0.83,2,-1,-1
54,-1,278,182,10,11,0.79,2,-1,-1
54,-1,271,174,8,9,0.50,2,-1,-1
54,-1,277,166,8,8,0.42,2,-1,-1
54,-1,304,164,8,8,0.17,2,-1,-1
55,-1,222,364,36,56,0.90,2,-1,-1
55,-1,255,185,20,30,0.85,7,-1,-1
55,-1,304,182,11,12,0.82,2,-1,-1
55,-1,278,183,10,11,0.74,2,-1,-1
55,-1,277,167,8,9,0.48,2,-1,-1
55,-1,270,175,9,10,0.39,2,-1,-1
56,-1,217,380,38,62,0.91,2,-1,-1
56,-1,254,185,20,32,0.86,7,-1,-1
56,-1,303,182,11,12,0.82,2,-1,-1
56,-1,278,184,10,11,0.74,2,-1,-1
56,-1,278,167,8,9,0.51,2,-1,-1
56,-1,270,175,9,10,0.44,2,-1,-1
57,-1,209,409,43,74,0.92,2,-1,-1
57,-1,253,189,20,30,0.86,7,-1,-1
57,-1,303,180,11,12,0.80,2,-1,-1
57,-1,278,185,10,12,0.79,2,-1,-1
57,-1,278,167,8,9,0.56,2,-1,-1
57,-1,270,177,9,8,0.36,2,-1,-1
58,-1,202,432,47,85,0.92,2,-1,-1
58,-1,252,189,20,32,0.86,7,-1,-1
58,-1,278,186,10,12,0.80,2,-1,-1
58,-1,304,180,10,12,0.78,2,-1,-1
58,-1,278,168,8,9,0.56,2,-1,-1
58,-1,270,177,9,9,0.48,2,-1,-1
59,-1,251,188,22,33,0.87,7,-1,-1
59,-1,277,186,11,12,0.81,2,-1,-1
59,-1,304,179,10,11,0.80,2,-1,-1
59,-1,278,168,9,10,0.58,2,-1,-1
59,-1,270,179,10,9,0.43,2,-1,-1
60,-1,250,189,22,34,0.86,7,-1,-1
60,-1,277,187,11,13,0.79,2,-1,-1
60,-1,303,178,10,11,0.74,2,-1,-1
60,-1,278,168,9,10,0.54,2,-1,-1
60,-1,271,180,10,9,0.50,2,-1,-1
61,-1,247,191,23,35,0.87,7,-1,-1
61,-1,276,188,12,14,0.79,2,-1,-1
61,-1,303,177,10,10,0.65,2,-1,-1
61,-1,270,180,10,10,0.61,2,-1,-1
61,-1,278,169,9,10,0.45,2,-1,-1
62,-1,246,192,24,36,0.87,7,-1,-1
62,-1,276,189,12,14,0.83,2,-1,-1
62,-1,303,177,10,10,0.65,2,-1,-1
62,-1,270,180,10,10,0.57,2,-1,-1
62,-1,278,170,9,10,0.50,2,-1,-1
63,-1,245,192,25,38,0.88,7,-1,-1
63,-1,276,190,12,14,0.78,2,-1,-1
63,-1,270,181,10,10,0.64,2,-1,-1
63,-1,302,176,9,10,0.64,2,-1,-1
63,-1,278,170,10,10,0.54,2,-1,-1
64,-1,244,193,26,39,0.89,7,-1,-1
64,-1,276,192,12,14,0.79,2,-1,-1
64,-1,302,176,9,10,0.65,2,-1,-1
64,-1,270,183,10,10,0.59,2,-1,-1
64,-1,278,170,9,10,0.58,2,-1,-1
65,-1,242,195,26,40,0.89,7,-1,-1
65,-1,275,194,12,13,0.78,2,-1,-1
65,-1,270,182,10,10,0.74,2,-1,-1
65,-1,278,171,9,10,0.71,2,-1,-1
65,-1,302,174,10,10,0.63,2,-1,-1
66,-1,241,196,27,40,0.89,7,-1,-1
66,-1,270,183,11,10,0.80,2,-1,-1
66,-1,274,195,12,14,0.76,2,-1,-1
66,-1,278,171,10,10,0.68,2,-1,-1
66,-1,302,174,10,10,0.63,2,-1,-1
67,-1,240,198,28,41,0.89,7,-1,-1
67,-1,273,196,14,15,0.78,2,-1,-1
67,-1,270,184,10,10,0.77,2,-1,-1
67,-1,278,172,10,10,0.65,2,-1,-1
67,-1,302,174,10,10,0.45,2,-1,-1
68,-1,238,199,28,42,0.88,7,-1,-1
68,-1,273,197,14,14,0.81,2,-1,-1
68,-1,270,185,11,11,0.74,2,-1,-1
68,-1,278,172,9,10,0.64,2,-1,-1
68,-1,302,173,10,10,0.52,2,-1,-1
69,-1,236,200,29,44,0.89,7,-1,-1
69,-1,272,198,14,16,0.82,2,-1,-1
69,-1,269,186,11,11,0.73,2,-1,-1
69,-1,279,172,9,10,0.66,2,-1,-1
69,-1,302,172,10,10,0.35,2,-1,-1
70,-1,235,201,30,46,0.89,7,-1,-1
70,-1,272,199,14,16,0.83,2,-1,-1
70,-1,269,187,11,12,0.71,2,-1,-1
70,-1,278,173,10,10,0.64,2,-1,-1
70,-1,301,172,9,9,0.39,2,-1,-1
70,-1,277,168,9,10,0.11,2,-1,-1
71,-1,234,203,30,47,0.90,7,-1,-1
71,-1,272,201,14,17,0.83,2,-1,-1
71,-1,269,188,12,12,0.73,2,-1,-1
71,-1,278,174,10,10,0.61,2,-1,-1
71,-1,301,172,9,9,0.39,2,-1,-1
71,-1,277,168,8,9,0.19,2,-1,-1
72,-1,231,204,31,48,0.89,7,-1,-1
72,-1,271,202,14,18,0.82,2,-1,-1
72,-1,269,188,12,12,0.70,2,-1,-1
72,-1,278,173,10,12,0.63,2,-1,-1
72,-1,277,168,9,9,0.27,2,-1,-1
73,-1,228,206,33,50,0.89,7,-1,-1
73,-1,270,204,14,18,0.83,2,-1,-1
73,-1,269,190,12,11,0.78,2,-1,-1
73,-1,278,175,10,11,0.61,2,-1,-1
73,-1,277,168,9,8,0.47,2,-1,-1
73,-1,300,169,9,9,0.32,2,-1,-1
74,-1,228,208,32,52,0.89,7,-1,-1
74,-1,270,206,15,18,0.84,2,-1,-1
74,-1,268,191,12,12,0.80,2,-1,-1
74,-1,278,175,10,11,0.63,2,-1,-1
74,-1,277,168,9,8,0.46,2,-1,-1
74,-1,300,169,9,9,0.31,2,-1,-1
75,-1,224,210,34,54,0.90,7,-1,-1
75,-1,269,208,15,19,0.85,2,-1,-1
75,-1,268,192,12,12,0.76,2,-1,-1
75,-1,278,176,10,11,0.71,2,-1,-1
75,-1,277,168,9,9,0.29,2,-1,-1
75,-1,299,169,9,9,0.15,2,-1,-1
76,-1,223,212,35,54,0.91,7,-1,-1
76,-1,268,210,15,18,0.87,2,-1,-1
76,-1,268,194,12,12,0.82,2,-1,-1
76,-1,278,176,10,12,0.78,2,-1,-1
76,-1,298,168,8,8,0.48,2,-1,-1
76,-1,277,169,9,9,0.23,2,-1,-1
77,-1,220,214,37,58,0.90,7,-1,-1
77,-1,268,212,15,20,0.89,2,-1,-1
77,-1,278,176,10,13,0.80,2,-1,-1
77,-1,268,195,12,12,0.80,2,-1,-1
77,-1,298,168,8,8,0.51,2,-1,-1
77,-1,277,169,10,10,0.19,2,-1,-1
78,-1,218,216,38,60,0.91,7,-1,-1
78,-1,268,214,15,20,0.88,2,-1,-1
78,-1,278,177,10,14,0.79,2,-1,-1
78,-1,268,196,12,12,0.79,2,-1,-1
79,-1,214,219,40,62,0.91,7,-1,-1
79,-1,266,217,16,20,0.87,2,-1,-1
79,-1,277,176,11,14,0.80,2,-1,-1
79,-1,267,197,12,13,0.78,2,-1,-1
79,-1,297,167,8,8,0.42,2,-1,-1
80,-1,212,220,41,65,0.92,7,-1,-1
80,-1,265,219,16,20,0.89,2,-1,-1
80,-1,277,178,11,14,0.78,2,-1,-1
80,-1,266,198,13,13,0.77,2,-1,-1
80,-1,297,166,8,8,0.47,2,-1,-1
81,-1,208,225,42,67,0.92,7,-1,-1
81,-1,264,222,17,22,0.86,2,-1,-1
81,-1,266,200,13,14,0.83,2,-1,-1
81,-1,278,180,11,12,0.74,2,-1,-1
81,-1,277,174,10,10,0.29,2,-1,-1
82,-1,206,227,44,69,0.92,7,-1,-1
82,-1,263,224,17,22,0.86,2,-1,-1
82,-1,266,202,13,13,0.85,2,-1,-1
82,-1,278,181,10,12,0.74,2,-1,-1
82,-1,277,174,10,8,0.38,2,-1,-1
82,-1,296,164,8,8,0.32,2,-1,-1
83,-1,201,230,47,72,0.92,7,-1,-1
83,-1,261,228,18,23,0.87,2,-1,-1
83,-1,265,203,14,14,0.85,2,-1,-1
83,-1,278,182,11,12,0.78,2,-1,-1
83,-1,276,174,10,8,0.47,2,-1,-1
83,-1,296,164,8,8,0.34,2,-1,-1
83,-1,276,177,11,14,0.24,2,-1,-1
84,-1,198,233,49,76,0.92,7,-1,-1
84,-1,260,231,18,24,0.87,2,-1,-1
84,-1,264,204,14,14,0.84,2,-1,-1
84,-1,278,182,11,12,0.78,2,-1,-1
84,-1,276,175,9,8,0.50,2,-1,-1
84,-1,276,176,11,13,0.26,2,-1,-1
85,-1,194,236,51,81,0.90,7,-1,-1
85,-1,258,235,19,25,0.88,2,-1,-1
85,-1,264,208,14,14,0.86,2,-1,-1
85,-1,276,183,12,14,0.80,2,-1,-1
85,-1,276,175,10,10,0.43,2,-1,-1
85,-1,275,176,11,15,0.29,2,-1,-1
85,-1,294,162,8,8,0.13,2,-1,-1
86,-1,190,238,52,84,0.91,7,-1,-1
86,-1,257,238,19,25,0.87,2,-1,-1
86,-1,264,209,14,14,0.87,2,-1,-1
86,-1,276,182,12,14,0.80,2,-1,-1
86,-1,275,175,10,10,0.41,2,-1,-1
86,-1,275,176,12,18,0.32,2,-1,-1
86,-1,294,162,8,8,0.14,2,-1,-1
87,-1,184,244,57,90,0.92,7,-1,-1
87,-1,255,243,20,27,0.88,2,-1,-1
87,-1,263,211,15,14,0.86,2,-1,-1
87,-1,276,183,12,15,0.78,2,-1,-1
87,-1,275,176,10,10,0.48,2,-1,-1
88,-1,181,246,59,94,0.93,7,-1,-1
88,-1,254,246,20,28,0.87,2,-1,-1
88,-1,262,212,15,16,0.86,2,-1,-1
88,-1,276,184,12,15,0.80,2,-1,-1
88,-1,274,176,11,10,0.54,2,-1,-1
88,-1,275,178,12,14,0.33,2,-1,-1
89,-1,174,252,64,102,0.91,7,-1,-1
89,-1,252,252,22,30,0.89,2,-1,-1
89,-1,262,215,15,16,0.87,2,-1,-1
89,-1,276,185,12,15,0.77,2,-1,-1
89,-1,274,178,12,10,0.63,2,-1,-1
90,-1,168,256,67,106,0.92,7,-1,-1
90,-1,262,217,15,16,0.88,2,-1,-1
90,-1,249,256,23,32,0.87,2,-1,-1
90,-1,274,178,11,10,0.78,2,-1,-1
90,-1,276,187,12,14,0.77,2,-1,-1
91,-1,160,262,73,116,0.93,7,-1,-1
91,-1,248,262,23,32,0.87,2,-1,-1
91,-1,260,219,16,17,0.87,2,-1,-1
91,-1,276,187,12,15,0.81,2,-1,-1
91,-1,274,179,10,10,0.79,2,-1,-1
92,-1,154,267,76,124,0.93,7,-1,-1
92,-1,246,266,24,35,0.89,2,-1,-1
92,-1,259,221,16,17,0.87,2,-1,-1
92,-1,275,188,13,16,0.80,2,-1,-1
92,-1,274,180,10,10,0.76,2,-1,-1
93,-1,144,272,82,138,0.92,7,-1,-1
93,-1,243,275,26,37,0.90,2,-1,-1
93,-1,258,224,16,18,0.87,2,-1,-1
93,-1,275,190,13,15,0.81,2,-1,-1
93,-1,273,180,10,10,0.79,2,-1,-1
94,-1,135,278,88,148,0.92,7,-1,-1
94,-1,240,280,26,39,0.89,2,-1,-1
94,-1,257,226,17,19,0.87,2,-1,-1
94,-1,274,191,13,15,0.79,2,-1,-1
94,-1,272,181,11,10,0.72,2,-1,-1
95,-1,123,286,97,166,0.92,7,-1,-1
95,-1,237,290,28,42,0.90,2,-1,-1
95,-1,256,230,18,19,0.87,2,-1,-1
95,-1,272,182,11,11,0.82,2,-1,-1
95,-1,274,193,13,14,0.79,2,-1,-1
95,-1,272,185,13,20,0.11,2,-1,-1
96,-1,112,293,105,178,0.92,7,-1,-1
96,-1,235,296,29,45,0.90,2,-1,-1
96,-1,255,232,18,21,0.85,2,-1,-1
96,-1,274,193,14,16,0.81,2,-1,-1
96,-1,272,182,10,11,0.79,2,-1,-1
96,-1,272,184,12,14,0.18,2,-1,-1
97,-1,93,301,118,204,0.90,7,-1,-1
97,-1,230,308,31,49,0.90,2,-1,-1
97,-1,253,236,19,22,0.88,2,-1,-1
97,-1,273,194,14,16,0.81,2,-1,-1
97,-1,271,184,10,11,0.80,2,-1,-1
98,-1,228,315,32,54,0.90,2,-1,-1
98,-1,79,306,129,226,0.89,7,-1,-1
98,-1,253,239,19,22,0.86,2,-1,-1
98,-1,272,196,14,16,0.83,2,-1,-1
98,-1,270,186,11,10,0.69,2,-1,-1
99,-1,222,331,36,58,0.91,2,-1,-1
99,-1,251,244,19,22,0.87,2,-1,-1
99,-1,272,198,14,16,0.82,2,-1,-1
99,-1,270,186,11,12,0.81,2,-1,-1
100,-1,218,342,37,63,0.91,2,-1,-1
100,-1,250,247,20,24,0.87,2,-1,-1
100,-1,268,187,12,12,0.83,2,-1,-1
100,-1,272,199,14,16,0.83,2,-1,-1
101,-1,212,362,40,72,0.93,2,-1,-1
101,-1,247,252,20,25,0.88,2,-1,-1
101,-1,271,200,14,16,0.83,2,-1,-1
101,-1,267,189,12,12,0.81,2,-1,-1
102,-1,206,377,43,78,0.92,2,-1,-1
102,-1,246,256,21,26,0.88,2,-1,-1
102,-1,270,202,14,16,0.82,2,-1,-1
102,-1,266,189,13,12,0.82,2,-1,-1
103,-1,197,403,47,91,0.92,2,-1,-1
103,-1,242,263,23,28,0.88,2,-1,-1
103,-1,269,204,15,17,0.82,2,-1,-1
103,-1,266,190,13,13,0.82,2,-1,-1
104,-1,190,423,52,104,0.91,2,-1,-1
104,-1,242,267,24,30,0.88,2,-1,-1
104,-1,268,206,15,16,0.84,2,-1,-1
104,-1,265,192,12,13,0.82,2,-1,-1
105,-1,238,274,24,32,0.88,2,-1,-1
105,-1,264,194,12,12,0.86,2,-1,-1
105,-1,268,207,15,17,0.85,2,-1,-1
105,-1,270,168,10,8,0.17,2,-1,-1
106,-1,236,280,26,34,0.89,2,-1,-1
106,-1,263,194,13,13,0.86,2,-1,-1
106,-1,267,208,16,18,0.85,2,-1,-1
106,-1,270,168,10,8,0.16,2,-1,-1
107,-1,232,288,28,36,0.89,2,-1,-1
107,-1,262,194,14,14,0.87,2,-1,-1
107,-1,265,211,16,18,0.84,2,-1,-1
107,-1,270,168,9,9,0.55,2,-1,-1
108,-1,230,295,28,38,0.89,2,-1,-1
108,-1,261,196,14,15,0.86,2,-1,-1
108,-1,265,213,16,18,0.85,2,-1,-1
108,-1,270,169,9,9,0.55,2,-1,-1
109,-1,226,306,30,42,0.90,2,-1,-1
109,-1,260,198,14,14,0.85,2,-1,-1
109,-1,264,215,16,18,0.85,2,-1,-1
109,-1,270,171,9,8,0.32,2,-1,-1
110,-1,222,314,32,44,0.90,2,-1,-1
110,-1,258,200,14,14,0.86,2,-1,-1
110,-1,264,217,16,19,0.85,2,-1,-1
110,-1,270,171,9,8,0.34,2,-1,-1
111,-1,217,328,35,49,0.91,2,-1,-1
111,-1,263,220,16,18,0.85,2,-1,-1
111,-1,258,201,14,15,0.85,2,-1,-1
111,-1,270,171,9,9,0.64,2,-1,-1
112,-1,213,339,37,52,0.91,2,-1,-1
112,-1,262,222,16,19,0.86,2,-1,-1
112,-1,257,203,14,15,0.85,2,-1,-1
112,-1,270,172,9,10,0.57,2,-1,-1
113,-1,208,356,39,60,0.90,2,-1,-1
113,-1,261,225,16,20,0.87,2,-1,-1
113,-1,255,205,14,15,0.85,2,-1,-1
113,-1,270,172,9,10,0.59,2,-1,-1
114,-1,202,370,42,65,0.93,2,-1,-1
114,-1,259,227,18,21,0.88,2,-1,-1
114,-1,254,207,14,15,0.86,2,-1,-1
114,-1,270,173,9,10,0.65,2,-1,-1
115,-1,194,396,48,76,0.92,2,-1,-1
115,-1,252,209,15,16,0.87,2,-1,-1
115,-1,258,231,18,22,0.84,2,-1,-1
115,-1,270,174,9,10,0.50,2,-1,-1
116,-1,188,416,52,84,0.91,2,-1,-1
116,-1,256,233,19,22,0.87,2,-1,-1
116,-1,251,210,16,18,0.86,2,-1,-1
116,-1,270,174,9,10,0.50,2,-1,-1
117,-1,255,237,19,24,0.86,2,-1,-1
117,-1,249,214,16,17,0.85,2,-1,-1
117,-1,269,175,9,10,0.65,2,-1,-1
118,-1,254,239,20,24,0.86,2,-1,-1
118,-1,248,216,16,17,0.85,2,-1,-1
118,-1,269,176,10,10,0.63,2,-1,-1
119,-1,245,218,16,19,0.87,2,-1,-1
119,-1,253,245,20,25,0.87,2,-1,-1
119,-1,268,178,10,9,0.64,2,-1,-1
120,-1,244,220,16,18,0.87,2,-1,-1
120,-1,251,248,20,26,0.87,2,-1,-1
120,-1,268,178,10,9,0.65,2,-1,-1
121,-1,250,252,21,27,0.87,2,-1,-1
121,-1,241,224,17,20,0.85,2,-1,-1
121,-1,268,179,10,10,0.69,2,-1,-1
122,-1,240,226,17,20,0.87,2,-1,-1
122,-1,248,256,22,28,0.87,2,-1,-1
122,-1,267,179,11,10,0.82,2,-1,-1
123,-1,246,262,23,30,0.89,2,-1,-1
123,-1,237,230,18,21,0.86,2,-1,-1
123,-1,267,179,11,11,0.82,2,-1,-1
124,-1,244,266,24,31,0.90,2,-1,-1
124,-1,234,233,18,22,0.88,2,-1,-1
124,-1,267,180,11,11,0.81,2,-1,-1
125,-1,242,274,25,32,0.90,2,-1,-1
125,-1,232,237,19,24,0.86,2,-1,-1
125,-1,266,182,11,10,0.81,2,-1,-1
126,-1,230,241,20,24,0.88,2,-1,-1
126,-1,240,278,26,34,0.88,2,-1,-1
126,-1,266,182,11,10,0.82,2,-1,-1
127,-1,236,287,28,36,0.88,2,-1,-1
127,-1,225,246,22,26,0.85,2,-1,-1
127,-1,266,182,11,11,0.81,2,-1,-1
128,-1,235,293,28,38,0.89,2,-1,-1
128,-1,223,250,21,26,0.88,2,-1,-1
128,-1,266,183,11,11,0.81,2,-1,-1
129,-1,232,302,30,42,0.90,2,-1,-1
129,-1,219,258,22,28,0.88,2,-1,-1
129,-1,266,185,11,11,0.83,2,-1,-1
130,-1,229,310,31,45,0.90,2,-1,-1
130,-1,216,262,23,28,0.87,2,-1,-1
130,-1,266,185,11,11,0.83,2,-1,-1
131,-1,224,322,34,50,0.90,2,-1,-1
131,-1,211,270,24,31,0.88,2,-1,-1
131,-1,265,186,12,12,0.85,2,-1,-1
132,-1,222,332,34,52,0.91,2,-1,-1
132,-1,207,274,26,33,0.88,2,-1,-1
132,-1,264,188,12,12,0.85,2,-1,-1
133,-1,216,348,38,59,0.90,2,-1,-1
133,-1,201,283,27,36,0.89,2,-1,-1
133,-1,263,189,12,12,0.83,2,-1,-1
134,-1,212,360,40,64,0.93,2,-1,-1
134,-1,197,290,28,38,0.90,2,-1,-1
134,-1,263,189,12,12,0.84,2,-1,-1
135,-1,206,381,43,74,0.94,2,-1,-1
135,-1,190,301,31,43,0.89,2,-1,-1
135,-1,262,190,12,13,0.84,2,-1,-1
136,-1,200,398,46,81,0.92,2,-1,-1
136,-1,184,310,33,46,0.89,2,-1,-1
136,-1,262,192,12,13,0.85,2,-1,-1
137,-1,190,428,51,95,0.91,2,-1,-1
137,-1,175,324,37,51,0.90,2,-1,-1
137,-1,260,193,13,14,0.87,2,-1,-1
138,-1,168,336,38,55,0.90,2,-1,-1
138,-1,260,194,13,14,0.87,2,-1,-1
139,-1,155,357,43,62,0.92,2,-1,-1
139,-1,260,196,13,14,0.86,2,-1,-1
140,-1,146,372,47,68,0.92,2,-1,-1
140,-1,259,196,14,14,0.84,2,-1,-1
141,-1,128,399,53,81,0.91,2,-1,-1
141,-1,258,198,14,14,0.83,2,-1,-1
142,-1,113,421,59,92,0.92,2,-1,-1
142,-1,257,198,14,16,0.82,2,-1,-1
143,-1,256,200,15,16,0.85,2,-1,-1
143,-1,274,164,9,8,0.23,2,-1,-1
144,-1,255,202,15,16,0.86,2,-1,-1
144,-1,274,164,9,8,0.23,2,-1,-1
145,-1,254,205,14,16,0.85,2,-1,-1
145,-1,274,164,9,8,0.29,2,-1,-1
146,-1,254,206,14,16,0.83,2,-1,-1
146,-1,274,164,10,10,0.58,2,-1,-1
147,-1,252,208,16,16,0.86,2,-1,-1
147,-1,274,164,10,10,0.61,2,-1,-1
148,-1,251,210,16,17,0.86,2,-1,-1
148,-1,275,165,10,10,0.54,2,-1,-1
149,-1,249,212,16,18,0.84,2,-1,-1
149,-1,276,166,10,10,0.66,2,-1,-1
150,-1,248,215,16,18,0.84,2,-1,-1
150,-1,276,166,10,10,0.66,2,-1,-1
151,-1,247,217,16,18,0.85,2,-1,-1
151,-1,276,166,9,10,0.65,2,-1,-1
152,-1,245,221,17,17,0.85,2,-1,-1
152,-1,276,167,9,10,0.65,2,-1,-1
153,-1,243,223,17,18,0.86,2,-1,-1
153,-1,276,167,9,10,0.66,2,-1,-1
154,-1,241,226,18,18,0.86,2,-1,-1
154,-1,276,168,10,12,0.63,2,-1,-1
155,-1,240,228,18,20,0.86,2,-1,-1
155,-1,277,168,10,12,0.72,2,-1,-1
156,-1,238,230,18,20,0.85,2,-1,-1
156,-1,277,168,10,12,0.73,2,-1,-1
157,-1,235,233,19,23,0.87,2,-1,-1
157,-1,277,170,10,12,0.79,2,-1,-1
158,-1,233,237,19,22,0.87,2,-1,-1
158,-1,276,170,10,12,0.80,2,-1,-1
159,-1,230,242,20,22,0.88,2,-1,-1
159,-1,277,171,10,12,0.79,2,-1,-1
160,-1,227,245,20,24,0.86,2,-1,-1
160,-1,276,172,11,13,0.79,2,-1,-1
161,-1,224,250,21,27,0.87,2,-1,-1
161,-1,277,172,11,13,0.81,2,-1,-1
162,-1,222,254,21,26,0.86,2,-1,-1
162,-1,276,173,11,13,0.80,2,-1,-1
163,-1,217,260,23,28,0.86,2,-1,-1
163,-1,276,174,12,14,0.81,2,-1,-1
164,-1,215,264,24,29,0.86,2,-1,-1
164,-1,276,174,12,14,0.83,2,-1,-1
165,-1,209,272,25,30,0.88,2,-1,-1
165,-1,276,175,12,14,0.83,2,-1,-1
166,-1,206,279,26,30,0.86,2,-1,-1
166,-1,276,175,12,15,0.84,2,-1,-1
167,-1,200,286,27,34,0.87,2,-1,-1
167,-1,276,178,12,14,0.84,2,-1,-1
168,-1,196,294,26,35,0.86,2,-1,-1
168,-1,276,178,12,14,0.84,2,-1,-1
169,-1,188,305,29,38,0.88,2,-1,-1
169,-1,276,179,12,16,0.83,2,-1,-1
170,-1,184,312,31,41,0.89,2,-1,-1
170,-1,276,179,12,16,0.84,2,-1,-1
171,-1,174,326,34,44,0.89,2,-1,-1
171,-1,276,180,12,16,0.83,2,-1,-1
172,-1,167,336,38,49,0.90,2,-1,-1
172,-1,275,182,13,16,0.84,2,-1,-1
173,-1,156,354,41,55,0.91,2,-1,-1
173,-1,274,183,13,16,0.85,2,-1,-1
174,-1,146,368,45,60,0.92,2,-1,-1
174,-1,274,184,14,17,0.85,2,-1,-1
175,-1,130,394,51,68,0.93,2,-1,-1
175,-1,274,184,14,18,0.85,2,-1,-1
176,-1,118,412,55,78,0.91,2,-1,-1
176,-1,273,186,14,16,0.85,2,-1,-1
177,-1,273,188,13,17,0.84,2,-1,-1
178,-1,272,188,15,19,0.85,2,-1,-1
179,-1,272,190,15,19,0.85,2,-1,-1
180,-1,271,191,15,18,0.86,2,-1,-1
181,-1,271,193,14,19,0.85,2,-1,-1
182,-1,270,194,15,20,0.88,2,-1,-1
183,-1,268,196,16,20,0.88,2,-1,-1
184,-1,268,197,16,21,0.88,2,-1,-1
185,-1,266,199,16,22,0.86,2,-1,-1
186,-1,266,201,16,22,0.88,2,-1,-1
187,-1,264,203,17,23,0.88,2,-1,-1
188,-1,264,205,17,24,0.86,2,-1,-1
189,-1,262,208,17,24,0.87,2,-1,-1
190,-1,262,210,17,24,0.87,2,-1,-1
191,-1,260,213,18,25,0.86,2,-1,-1
192,-1,259,216,18,26,0.87,2,-1,-1
193,-1,257,218,19,28,0.87,2,-1,-1
194,-1,256,221,20,28,0.86,2,-1,-1
195,-1,254,225,20,29,0.88,2,-1,-1
196,-1,253,227,20,31,0.88,2,-1,-1
197,-1,250,233,22,32,0.87,2,-1,-1
198,-1,248,236,22,34,0.88,2,-1,-1
199,-1,246,242,23,35,0.89,2,-1,-1
200,-1,244,246,23,37,0.89,2,-1,-1
201,-1,241,252,25,40,0.89,2,-1,-1
202,-1,239,256,26,42,0.89,2,-1,-1
203,-1,235,266,27,44,0.90,2,-1,-1
204,-1,232,271,29,48,0.90,2,-1,-1
205,-1,227,280,32,52,0.90,2,-1,-1
206,-1,225,288,32,55,0.90,2,-1,-1
207,-1,218,300,36,61,0.90,2,-1,-1
208,-1,214,310,38,64,0.91,2,-1,-1
209,-1,207,327,41,73,0.94,2,-1,-1
210,-1,200,340,45,80,0.91,2,-1,-1
211,-1,191,364,49,92,0.92,2,-1,-1
212,-1,182,383,53,104,0.92,2,-1,-1
213,-1,167,416,62,115,0.92,2,-1,-1
214,-1,-1,-1,-1,-1,-1,-1,-1,-1
215,-1,-1,-1,-1,-1,-1,-1,-1,-1
216,-1,-1,-1,-1,-1,-1,-1,-1,-1
217,-1,-1,-1,-1,-1,-1,-1,-1,-1
218,-1,-1,-1,-1,-1,-1,-1,-1,-1
219,-1,-1,-1,-1,-1,-1,-1,-1,-1
220,-1,-1,-1,-1,-1,-1,-1,-1,-1
221,-1,-1,-1,-1,-1,-1,-1,-1,-1
222,-1,-1,-1,-1,-1,-1,-1,-1,-1
223,-1,-1,-1,-1,-1,-1,-1,-1,-1
224,-1,-1,-1,-1,-1,-1,-1,-1,-1
225,-1,-1,-1,-1,-1,-1,-1,-1,-1
226,-1,-1,-1,-1,-1,-1,-1,-1,-1
227,-1,-1,-1,-1,-1,-1,-1,-1,-1
228,-1,-1,-1,-1,-1,-1,-1,-1,-1
229,-1,-1,-1,-1,-1,-1,-1,-1,-1
230,-1,-1,-1,-1,-1,-1,-1,-1,-1
231,-1,-1,-1,-1,-1,-1,-1,-1,-1
232,-1,-1,-1,-1,-1,-1,-1,-1,-1
233,-1,-1,-1,-1,-1,-1,-1,-1,-1
234,-1,-1,-1,-1,-1,-1,-1,-1,-1
235,-1,-1,-1,-1,-1,-1,-1,-1,-1
236,-1,-1,-1,-1,-1,-1,-1,-1,-1
237,-1,-1,-1,-1,-1,-1,-1,-1,-1
238,-1,-1,-1,-1,-1,-1,-1,-1,-1
239,-1,-1,-1,-1,-1,-1,-1,-1,-1
240,-1,-1,-1,-1,-1,-1,-1,-1,-1
241,-1,-1,-1,-1,-1,-1,-1,-1,-1
242,-1,-1,-1,-1,-1,-1,-1,-1,-1
243,-1,-1,-1,-1,-1,-1,-1,-1,-1
244,-1,-1,-1,-1,-1,-1,-1,-1,-1
245,-1,-1,-1,-1,-1,-1,-1,-1,-1
246,-1,-1,-1,-1,-1,-1,-1,-1,-1
247,-1,-1,-1,-1,-1,-1,-1,-1,-1
248,-1,-1,-1,-1,-1,-1,-1,-1,-1
249,-1,-1,-1,-1,-1,-1,-1,-1,-1
250,-1,-1,-1,-1,-1,-1,-1,-1,-1
251,-1,-1,-1,-1,-1,-1,-1,-1,-1
252,-1,-1,-1,-1,-1,-1,-1,-1,-1
253,-1,-1,-1,-1,-1,-1,-1,-1,-1
254,-1,-1,-1,-1,-1,-1,-1,-1,-1
255,-1,-1,-1,-1,-1,-1,-1,-1,-1
256,-1,-1,-1,-1,-1,-1,-1,-1,-1
257,-1,-1,-1,-1,-1,-1,-1,-1,-1
258,-1,-1,-1,-1,-1,-1,-1,-1,-1
259,-1,-1,-1,-1,-1,-1,-1,-1,-1
260,-1,-1,-1,-1,-1,-1,-1,-1,-1
261,-1,-1,-1,-1,-1,-1,-1,-1,-1
262,-1,-1,-1,-1,-1,-1,-1,-1,-1
263,-1,-1,-1,-1,-1,-1,-1,-1,-1
264,-1,-1,-1,-1,-1,-1,-1,-1,-1
265,-1,-1,-1,-1,-1,-1,-1,-1,-1
266,-1,-1,-1,-1,-1,-1,-1,-1,-1
267,-1,-1,-1,-1,-1,-1,-1,-1,-1
268,-1,-1,-1,-1,-1,-1,-1,-1,-1
269,-1,-1,-1,-1,-1,-1,-1,-1,-1
270,-1,-1,-1,-1,-1,-1,-1,-1,-1
271,-1,-1,-1,-1,-1,-1,-1,-1,-1
272,-1,-1,-1,-1,-1,-1,-1,-1,-1
273,-1,-1,-1,-1,-1,-1,-1,-1,-1
274,-1,-1,-1,-1,-1,-1,-1,-1,-1
275,-1,-1,-1,-1,-1,-1,-1,-1,-1
276,-1,-1,-1,-1,-1,-1,-1,-1,-1
277,-1,-1,-1,-1,-1,-1,-1,-1,-1
278,-1,-1,-1,-1,-1,-1,-1,-1,-1
279,-1,-1,-1,-1,-1,-1,-1,-1,-1
280,-1,-1,-1,-1,-1,-1,-1,-1,-1
281,-1,-1,-1,-1,-1,-1,-1,-1,-1
282,-1,-1,-1,-1,-1,-1,-1,-1,-1
283,-1,-1,-1,-1,-1,-1,-1,-1,-1
284,-1,-1,-1,-1,-1,-1,-1,-1,-1
285,-1,-1,-1,-1,-1,-1,-1,-1,-1
286,-1,-1,-1,-1,-1,-1,-1,-1,-1
287,-1,-1,-1,-1,-1,-1,-1,-1,-1
288,-1,-1,-1,-1,-1,-1,-1,-1,-1
289,-1,-1,-1,-1,-1,-1,-1,-1,-1
290,-1,-1,-1,-1,-1,-1,-1,-1,-1
291,-1,357,269,175,261,0.90,7,-1,-1
292,-1,355,270,161,245,0.90,7,-1,-1
293,-1,350,258,146,223,0.91,7,-1,-1
294,-1,349,254,136,210,0.93,7,-1,-1
295,-1,346,249,124,188,0.93,7,-1,-1
296,-1,345,245,116,177,0.93,7,-1,-1
297,-1,344,241,106,162,0.94,7,-1,-1
298,-1,342,238,99,154,0.93,7,-1,-1
299,-1,340,235,93,142,0.93,7,-1,-1
300,-1,337,231,90,136,0.93,7,-1,-1
301,-1,336,227,83,127,0.93,7,-1,-1
302,-1,336,224,79,121,0.93,7,-1,-1
303,-1,335,222,75,114,0.92,7,-1,-1
304,-1,334,220,72,110,0.93,7,-1,-1
305,-1,333,217,68,104,0.92,7,-1,-1
306,-1,332,215,65,100,0.92,7,-1,-1
307,-1,330,212,62,96,0.92,7,-1,-1
308,-1,330,210,60,91,0.91,7,-1,-1
308,-1,339,299,121,224,0.91,7,-1,-1
309,-1,334,285,106,201,0.92,7,-1,-1
309,-1,330,208,56,83,0.91,7,-1,-1
310,-1,333,279,94,185,0.92,7,-1,-1
310,-1,328,206,56,82,0.90,7,-1,-1
311,-1,330,272,84,164,0.92,7,-1,-1
311,-1,328,204,53,77,0.90,7,-1,-1
312,-1,329,266,78,152,0.92,7,-1,-1
312,-1,328,202,50,74,0.89,7,-1,-1
313,-1,326,260,71,138,0.91,7,-1,-1
313,-1,326,200,50,73,0.89,7,-1,-1
314,-1,324,256,67,128,0.92,7,-1,-1
314,-1,326,199,50,72,0.88,7,-1,-1
315,-1,321,250,62,118,0.91,7,-1,-1
315,-1,326,196,46,69,0.87,7,-1,-1
316,-1,320,246,59,113,0.90,7,-1,-1
316,-1,324,196,46,68,0.89,7,-1,-1
317,-1,319,241,54,104,0.90,7,-1,-1
317,-1,324,194,44,65,0.90,7,-1,-1
318,-1,318,237,52,100,0.90,7,-1,-1
318,-1,324,192,44,65,0.89,7,-1,-1
319,-1,316,234,46,92,0.91,7,-1,-1
319,-1,323,190,42,59,0.88,7,-1,-1
320,-1,316,232,45,88,0.90,7,-1,-1
320,-1,322,190,41,60,0.89,7,-1,-1
321,-1,314,228,42,81,0.88,7,-1,-1
321,-1,323,188,38,58,0.88,7,-1,-1
322,-1,322,188,39,58,0.89,7,-1,-1
322,-1,314,226,40,78,0.88,7,-1,-1
323,-1,322,186,36,57,0.90,7,-1,-1
323,-1,313,222,38,75,0.90,7,-1,-1
324,-1,322,186,36,56,0.90,7,-1,-1
324,-1,312,220,36,72,0.90,7,-1,-1
325,-1,312,215,34,70,0.91,7,-1,-1
325,-1,322,184,34,54,0.89,7,-1,-1
326,-1,321,183,34,53,0.90,7,-1,-1
326,-1,311,214,34,66,0.89,7,-1,-1
327,-1,320,182,34,53,0.90,7,-1,-1
327,-1,311,211,30,64,0.88,7,-1,-1
328,-1,320,181,33,52,0.90,7,-1,-1
328,-1,310,209,30,62,0.87,7,-1,-1
329,-1,320,180,32,50,0.90,7,-1,-1
329,-1,309,206,29,60,0.87,7,-1,-1
330,-1,319,179,32,50,0.89,7,-1,-1
330,-1,308,205,29,58,0.86,7,-1,-1
331,-1,318,178,30,48,0.89,7,-1,-1
331,-1,308,203,28,55,0.86,7,-1,-1
332,-1,318,178,30,48,0.88,7,-1,-1
332,-1,308,202,26,52,0.86,7,-1,-1
333,-1,318,176,29,45,0.87,7,-1,-1
333,-1,307,200,26,50,0.87,7,-1,-1
334,-1,317,176,29,44,0.86,7,-1,-1
334,-1,307,198,26,50,0.84,7,-1,-1
335,-1,317,175,28,44,0.87,7,-1,-1
335,-1,306,196,25,47,0.85,7,-1,-1
336,-1,316,174,28,44,0.87,7,-1,-1
336,-1,306,196,24,45,0.84,7,-1,-1
337,-1,316,173,27,43,0.87,7,-1,-1
337,-1,304,196,25,42,0.85,7,-1,-1
338,-1,316,173,27,42,0.87,7,-1,-1
338,-1,304,194,25,43,0.84,7,-1,-1
339,-1,316,172,26,40,0.86,7,-1,-1
339,-1,304,191,24,43,0.81,7,-1,-1
340,-1,316,172,26,40,0.86,7,-1,-1
340,-1,304,190,23,42,0.80,7,-1,-1
341,-1,315,171,26,40,0.87,7,-1,-1
341,-1,304,188,21,40,0.75,7,-1,-1
342,-1,314,170,26,40,0.86,7,-1,-1
342,-1,304,187,21,40,0.76,7,-1,-1
343,-1,315,170,25,39,0.83,7,-1,-1
343,-1,304,186,21,38,0.78,7,-1,-1
344,-1,315,169,24,38,0.84,7,-1,-1
344,-1,303,186,20,38,0.79,7,-1,-1
345,-1,315,168,24,37,0.84,7,-1,-1
345,-1,303,185,20,36,0.79,7,-1,-1
346,-1,315,168,23,37,0.84,7,-1,-1
346,-1,303,184,20,35,0.77,7,-1,-1
347,-1,314,167,23,37,0.83,7,-1,-1
347,-1,303,183,20,34,0.74,7,-1,-1
348,-1,314,167,23,36,0.82,7,-1,-1
348,-1,302,182,20,35,0.78,7,-1,-1
349,-1,302,180,20,34,0.81,7,-1,-1
349,-1,314,166,23,36,0.81,7,-1,-1
350,-1,302,179,19,34,0.83,7,-1,-1
350,-1,314,166,22,35,0.81,7,-1,-1
351,-1,302,177,18,34,0.83,7,-1,-1
351,-1,314,165,22,35,0.80,7,-1,-1
352,-1,302,177,18,33,0.82,7,-1,-1
352,-1,314,165,22,34,0.80,7,-1,-1
353,-1,314,164,21,33,0.81,7,-1,-1
353,-1,302,176,18,32,0.79,7,-1,-1
354,-1,314,164,21,32,0.82,7,-1,-1
354,-1,301,176,18,31,0.80,7,-1,-1
355,-1,301,174,18,30,0.81,7,-1,-1
355,-1,314,164,20,32,0.78,7,-1,-1
356,-1,302,174,17,30,0.83,7,-1,-1
356,-1,313,163,20,32,0.79,7,-1,-1
357,-1,302,172,17,30,0.84,7,-1,-1
357,-1,312,163,20,32,0.79,7,-1,-1
358,-1,301,171,17,30,0.85,7,-1,-1
358,-1,313,163,20,32,0.79,7,-1,-1
359,-1,301,171,16,28,0.84,7,-1,-1
359,-1,313,162,19,32,0.81,7,-1,-1
359,-1,266,158,8,12,0.33,7,-1,-1
360,-1,300,171,16,28,0.84,7,-1,-1
360,-1,312,161,19,30,0.81,7,-1,-1
360,-1,266,158,9,12,0.29,7,-1,-1
361,-1,300,170,16,28,0.84,7,-1,-1
361,-1,312,161,19,30,0.82,7,-1,-1
361,-1,266,158,9,13,0.39,2,-1,-1
362,-1,301,170,15,27,0.83,7,-1,-1
362,-1,312,161,19,30,0.83,7,-1,-1
362,-1,266,158,9,13,0.42,2,-1,-1
363,-1,311,161,19,28,0.83,7,-1,-1
363,-1,301,170,14,26,0.80,7,-1,-1
363,-1,266,159,9,13,0.48,2,-1,-1
364,-1,311,160,18,28,0.83,7,-1,-1
364,-1,301,169,14,26,0.80,7,-1,-1
364,-1,266,159,9,13,0.43,2,-1,-1
365,-1,310,160,19,28,0.83,7,-1,-1
365,-1,300,168,14,26,0.83,7,-1,-1
365,-1,266,158,9,14,0.54,7,-1,-1
366,-1,300,168,14,25,0.83,7,-1,-1
366,-1,310,159,18,28,0.82,7,-1,-1
366,-1,266,158,9,15,0.55,7,-1,-1
367,-1,300,167,14,25,0.83,7,-1,-1
367,-1,311,159,17,28,0.80,7,-1,-1
367,-1,266,158,10,16,0.63,7,-1,-1
368,-1,300,167,14,26,0.83,7,-1,-1
368,-1,310,160,18,27,0.80,7,-1,-1
368,-1,266,159,10,15,0.58,7,-1,-1
369,-1,300,166,14,24,0.82,7,-1,-1
369,-1,310,159,18,27,0.80,7,-1,-1
369,-1,267,160,10,14,0.41,2,-1,-1
370,-1,300,166,14,24,0.81,7,-1,-1
370,-1,310,159,17,26,0.78,7,-1,-1
370,-1,267,161,10,14,0.46,2,-1,-1
371,-1,300,166,14,23,0.82,7,-1,-1
371,-1,310,158,16,26,0.79,7,-1,-1
371,-1,268,162,10,14,0.54,2,-1,-1
372,-1,300,166,14,22,0.81,7,-1,-1
372,-1,310,157,16,27,0.76,7,-1,-1
372,-1,267,160,10,16,0.47,7,-1,-1
373,-1,299,164,13,22,0.80,7,-1,-1
373,-1,309,157,16,26,0.78,7,-1,-1
373,-1,301,160,16,26,0.49,7,-1,-1
373,-1,268,160,10,16,0.46,7,-1,-1
374,-1,299,164,13,22,0.80,7,-1,-1
374,-1,309,157,16,26,0.79,7,-1,-1
374,-1,268,160,10,16,0.51,7,-1,-1
374,-1,301,159,16,26,0.50,7,-1,-1
375,-1,299,164,12,21,0.80,7,-1,-1
375,-1,309,156,16,26,0.79,7,-1,-1
375,-1,268,162,10,16,0.46,7,-1,-1
376,-1,299,164,12,20,0.79,7,-1,-1
376,-1,309,156,16,24,0.79,7,-1,-1
376,-1,268,162,10,16,0.43,7,-1,-1
377,-1,299,164,12,20,0.81,7,-1,-1
377,-1,308,156,16,25,0.80,7,-1,-1
377,-1,268,162,10,16,0.46,2,-1,-1
377,-1,302,158,13,25,0.18,7,-1,-1
378,-1,308,155,15,24,0.80,7,-1,-1
378,-1,299,163,12,20,0.77,7,-1,-1
378,-1,268,163,10,16,0.42,2,-1,-1
378,-1,303,157,16,24,0.10,7,-1,-1
379,-1,307,155,15,24,0.79,7,-1,-1
379,-1,299,162,12,20,0.76,7,-1,-1
379,-1,268,164,11,16,0.63,7,-1,-1
380,-1,307,155,16,24,0.80,7,-1,-1
380,-1,299,162,11,20,0.75,7,-1,-1
380,-1,268,164,11,16,0.63,7,-1,-1
381,-1,305,154,16,24,0.77,7,-1,-1
381,-1,298,162,12,19,0.65,7,-1,-1
381,-1,268,164,10,16,0.64,7,-1,-1
381,-1,300,156,16,24,0.47,7,-1,-1
382,-1,305,154,16,24,0.78,7,-1,-1
382,-1,268,162,11,18,0.77,7,-1,-1
382,-1,298,161,12,19,0.66,7,-1,-1
383,-1,268,162,11,20,0.81,7,-1,-1
383,-1,306,154,15,24,0.73,7,-1,-1
383,-1,298,160,12,19,0.70,7,-1,-1
383,-1,300,156,16,23,0.31,7,-1,-1
384,-1,268,163,11,20,0.81,7,-1,-1
384,-1,304,154,15,23,0.66,7,-1,-1
384,-1,297,160,12,18,0.62,7,-1,-1
385,-1,268,164,11,18,0.79,7,-1,-1
385,-1,305,154,14,22,0.70,7,-1,-1
385,-1,297,160,11,17,0.69,7,-1,-1
386,-1,268,165,11,19,0.76,7,-1,-1
386,-1,296,160,12,18,0.71,7,-1,-1
386,-1,305,153,14,22,0.65,7,-1,-1
387,-1,268,166,12,18,0.70,7,-1,-1
387,-1,297,158,12,18,0.68,7,-1,-1
387,-1,304,153,13,22,0.58,7,-1,-1
388,-1,268,166,12,18,0.69,7,-1,-1
388,-1,296,158,11,18,0.56,7,-1,-1
388,-1,304,153,13,22,0.55,7,-1,-1
389,-1,268,166,12,20,0.76,7,-1,-1
389,-1,296,157,11,18,0.60,7,-1,-1
389,-1,304,153,12,22,0.51,7,-1,-1
390,-1,267,167,12,19,0.65,7,-1,-1
390,-1,296,156,11,18,0.52,7,-1,-1
390,-1,302,152,13,22,0.47,7,-1,-1
391,-1,266,167,12,20,0.73,7,-1,-1
391,-1,303,152,13,22,0.53,7,-1,-1
391,-1,296,156,11,18,0.50,7,-1,-1
392,-1,267,167,12,20,0.73,7,-1,-1
392,-1,302,152,13,22,0.64,7,-1,-1
392,-1,296,155,11,19,0.46,7,-1,-1
393,-1,266,168,12,20,0.69,7,-1,-1
393,-1,302,152,12,22,0.62,7,-1,-1
393,-1,296,155,10,18,0.50,7,-1,-1
394,-1,266,168,12,21,0.76,7,-1,-1
394,-1,294,156,10,17,0.68,7,-1,-1
394,-1,303,152,12,20,0.53,7,-1,-1
395,-1,294,155,10,18,0.71,7,-1,-1
395,-1,266,169,13,20,0.70,7,-1,-1
395,-1,302,151,12,21,0.58,7,-1,-1
396,-1,266,169,13,22,0.82,7,-1,-1
396,-1,301,150,13,21,0.59,7,-1,-1
396,-1,294,154,10,18,0.57,7,-1,-1
397,-1,265,169,14,22,0.82,7,-1,-1
397,-1,293,155,10,17,0.72,7,-1,-1
397,-1,302,151,12,20,0.50,7,-1,-1
398,-1,265,169,14,22,0.82,7,-1,-1
398,-1,293,155,10,17,0.72,7,-1,-1
398,-1,302,151,12,20,0.48,7,-1,-1
399,-1,264,170,14,23,0.84,7,-1,-1
399,-1,294,152,12,18,0.49,7,-1,-1
399,-1,300,150,13,20,0.39,7,-1,-1
400,-1,264,170,14,24,0.84,7,-1,-1
400,-1,293,152,11,18,0.49,7,-1,-1
400,-1,299,150,12,20,0.20,7,-1,-1
401,-1,264,170,15,24,0.84,7,-1,-1
401,-1,293,152,11,18,0.36,7,-1,-1
401,-1,298,150,13,20,0.20,7,-1,-1
402,-1,264,170,15,24,0.84,7,-1,-1
402,-1,294,151,12,18,0.24,7,-1,-1
403,-1,264,171,15,25,0.84,7,-1,-1
404,-1,263,172,15,25,0.84,7,-1,-1
405,-1,262,172,16,25,0.85,7,-1,-1
406,-1,262,172,16,26,0.85,7,-1,-1
406,-1,296,149,12,18,0.13,7,-1,-1
407,-1,261,173,16,27,0.85,7,-1,-1
408,-1,261,172,16,28,0.85,7,-1,-1
408,-1,294,149,12,18,0.14,7,-1,-1
409,-1,260,174,17,28,0.87,7,-1,-1
410,-1,260,173,17,28,0.87,7,-1,-1
411,-1,260,174,17,29,0.87,7,-1,-1
412,-1,260,175,17,29,0.88,7,-1,-1
413,-1,258,176,18,30,0.88,7,-1,-1
414,-1,258,176,18,30,0.88,7,-1,-1
415,-1,257,176,19,31,0.87,7,-1,-1
416,-1,256,177,19,32,0.87,7,-1,-1
417,-1,256,178,19,32,0.86,7,-1,-1
418,-1,255,179,19,32,0.87,7,-1,-1
419,-1,254,180,20,33,0.86,7,-1,-1
419,-1,269,167,8,9,0.39,2,-1,-1
420,-1,254,179,20,34,0.85,7,-1,-1
420,-1,269,166,8,10,0.36,2,-1,-1
421,-1,254,180,20,35,0.87,7,-1,-1
421,-1,270,168,8,10,0.17,2,-1,-1
422,-1,253,180,20,36,0.86,7,-1,-1
423,-1,252,180,21,38,0.87,7,-1,-1
423,-1,270,169,8,9,0.46,2,-1,-1
424,-1,251,180,22,40,0.87,7,-1,-1
424,-1,269,168,8,10,0.45,2,-1,-1
425,-1,251,182,22,39,0.87,7,-1,-1
425,-1,270,168,8,10,0.50,2,-1,-1
426,-1,250,183,22,40,0.87,7,-1,-1
426,-1,269,168,9,11,0.50,2,-1,-1
427,-1,248,184,24,41,0.87,7,-1,-1
427,-1,269,168,9,12,0.55,2,-1,-1
428,-1,248,184,24,42,0.86,7,-1,-1
428,-1,269,168,9,12,0.52,2,-1,-1
428,-1,286,144,12,16,0.32,7,-1,-1
429,-1,246,186,25,42,0.87,7,-1,-1
429,-1,269,168,9,13,0.49,2,-1,-1
429,-1,286,144,12,16,0.24,7,-1,-1
430,-1,246,188,25,42,0.87,7,-1,-1
430,-1,269,168,10,13,0.46,2,-1,-1
431,-1,244,186,26,46,0.88,7,-1,-1
431,-1,268,167,10,14,0.49,2,-1,-1
431,-1,286,144,11,16,0.17,7,-1,-1
432,-1,242,187,27,48,0.88,7,-1,-1
432,-1,269,167,10,16,0.53,2,-1,-1
432,-1,286,144,11,16,0.18,7,-1,-1
433,-1,241,187,28,50,0.87,7,-1,-1
433,-1,269,169,10,14,0.77,2,-1,-1
434,-1,240,186,28,52,0.88,7,-1,-1
434,-1,269,169,10,14,0.76,2,-1,-1
435,-1,238,188,30,54,0.88,7,-1,-1
435,-1,269,170,10,14,0.80,2,-1,-1
436,-1,237,190,30,54,0.88,7,-1,-1
436,-1,268,168,10,16,0.77,2,-1,-1
437,-1,235,190,32,56,0.89,7,-1,-1
437,-1,268,168,11,18,0.54,2,-1,-1
438,-1,234,190,32,58,0.89,7,-1,-1
438,-1,268,168,10,18,0.68,2,-1,-1
439,-1,231,194,33,58,0.89,7,-1,-1
439,-1,268,169,11,18,0.63,2,-1,-1
440,-1,230,194,34,60,0.88,7,-1,-1
440,-1,268,170,11,17,0.76,2,-1,-1
441,-1,228,194,35,63,0.89,7,-1,-1
441,-1,268,169,12,18,0.54,2,-1,-1
442,-1,227,195,36,66,0.90,7,-1,-1
442,-1,268,172,11,16,0.75,2,-1,-1
443,-1,224,197,38,68,0.90,7,-1,-1
443,-1,267,171,12,18,0.57,2,-1,-1
444,-1,222,197,38,71,0.92,7,-1,-1
444,-1,266,172,12,18,0.71,2,-1,-1
445,-1,219,199,41,73,0.91,7,-1,-1
445,-1,266,172,12,19,0.51,2,-1,-1
446,-1,218,201,41,75,0.89,7,-1,-1
446,-1,266,171,13,20,0.57,7,-1,-1
447,-1,215,203,44,78,0.90,7,-1,-1
447,-1,266,171,13,21,0.67,7,-1,-1
448,-1,213,204,45,80,0.90,7,-1,-1
448,-1,265,171,14,22,0.84,7,-1,-1
449,-1,209,206,46,85,0.90,7,-1,-1
449,-1,265,172,14,22,0.73,7,-1,-1
450,-1,207,208,48,88,0.90,7,-1,-1
450,-1,265,172,14,22,0.73,7,-1,-1
451,-1,204,210,49,92,0.91,7,-1,-1
451,-1,264,172,14,23,0.82,7,-1,-1
452,-1,202,212,50,95,0.92,7,-1,-1
452,-1,264,174,14,22,0.80,7,-1,-1
453,-1,197,213,54,102,0.92,7,-1,-1
453,-1,264,174,14,24,0.84,7,-1,-1
454,-1,193,215,56,105,0.91,7,-1,-1
454,-1,264,173,15,24,0.84,7,-1,-1
455,-1,188,219,60,110,0.91,7,-1,-1
455,-1,263,176,15,23,0.86,7,-1,-1
456,-1,185,222,62,114,0.92,7,-1,-1
456,-1,263,177,15,23,0.86,7,-1,-1
457,-1,179,224,67,122,0.92,7,-1,-1
457,-1,262,176,16,25,0.87,7,-1,-1
458,-1,175,227,69,127,0.92,7,-1,-1
458,-1,262,177,16,25,0.87,7,-1,-1
459,-1,168,230,74,138,0.93,7,-1,-1
459,-1,261,177,16,26,0.88,7,-1,-1
460,-1,164,234,76,143,0.92,7,-1,-1
460,-1,261,179,16,25,0.87,7,-1,-1
461,-1,154,238,84,155,0.92,7,-1,-1
461,-1,260,179,16,26,0.87,7,-1,-1
462,-1,148,241,88,164,0.93,7,-1,-1
462,-1,260,181,16,25,0.86,7,-1,-1
462,-1,268,170,11,16,0.28,7,-1,-1
463,-1,137,246,97,180,0.93,7,-1,-1
463,-1,258,180,17,26,0.86,7,-1,-1
463,-1,267,170,12,16,0.45,7,-1,-1
464,-1,130,248,102,194,0.92,7,-1,-1
464,-1,258,182,17,26,0.87,7,-1,-1
464,-1,267,170,12,18,0.52,7,-1,-1
465,-1,117,254,111,216,0.91,7,-1,-1
465,-1,258,182,18,27,0.87,7,-1,-1
465,-1,265,172,14,18,0.45,7,-1,-1
466,-1,106,255,120,235,0.88,7,-1,-1
466,-1,258,184,17,27,0.87,7,-1,-1
466,-1,266,172,13,17,0.53,7,-1,-1
467,-1,88,269,134,258,0.89,7,-1,-1
467,-1,256,183,18,29,0.86,7,-1,-1
467,-1,264,172,14,18,0.50,7,-1,-1
468,-1,256,184,18,29,0.85,7,-1,-1
468,-1,265,172,13,20,0.62,7,-1,-1
469,-1,256,184,18,30,0.85,7,-1,-1
469,-1,266,175,12,18,0.17,7,-1,-1
470,-1,255,185,18,30,0.86,7,-1,-1
470,-1,265,174,13,19,0.29,7,-1,-1
471,-1,254,185,19,32,0.86,7,-1,-1
471,-1,264,174,13,19,0.20,2,-1,-1
472,-1,254,185,20,33,0.86,7,-1,-1
473,-1,252,187,20,34,0.86,7,-1,-1
473,-1,264,177,13,18,0.46,2,-1,-1
474,-1,251,188,20,34,0.86,7,-1,-1
474,-1,264,176,13,19,0.44,2,-1,-1
475,-1,250,189,22,35,0.86,7,-1,-1
475,-1,264,178,13,20,0.33,2,-1,-1
476,-1,249,189,21,36,0.85,7,-1,-1
476,-1,262,178,14,21,0.28,7,-1,-1
477,-1,248,190,22,37,0.87,7,-1,-1
477,-1,262,178,14,21,0.57,7,-1,-1
478,-1,247,192,22,37,0.87,7,-1,-1
478,-1,262,178,14,22,0.61,7,-1,-1
479,-1,246,192,22,39,0.87,7,-1,-1
479,-1,262,178,14,23,0.56,7,-1,-1
480,-1,244,194,23,39,0.87,7,-1,-1
480,-1,261,179,15,24,0.81,7,-1,-1
481,-1,259,178,17,26,0.89,7,-1,-1
481,-1,243,196,24,39,0.87,7,-1,-1
482,-1,259,178,17,26,0.90,7,-1,-1
482,-1,242,197,24,40,0.87,7,-1,-1
483,-1,258,178,17,27,0.89,7,-1,-1
483,-1,240,198,24,42,0.87,7,-1,-1
484,-1,258,179,17,27,0.88,7,-1,-1
484,-1,239,198,24,43,0.86,7,-1,-1
485,-1,257,180,18,28,0.88,7,-1,-1
485,-1,238,200,25,45,0.88,7,-1,-1
486,-1,236,201,25,46,0.88,7,-1,-1
486,-1,256,180,18,28,0.88,7,-1,-1
487,-1,234,202,26,48,0.89,7,-1,-1
487,-1,256,181,18,29,0.87,7,-1,-1
488,-1,232,204,28,48,0.89,7,-1,-1
488,-1,256,181,18,30,0.87,7,-1,-1
489,-1,230,206,29,50,0.88,7,-1,-1
489,-1,255,182,18,30,0.86,7,-1,-1
490,-1,230,208,29,51,0.88,7,-1,-1
490,-1,255,182,18,31,0.85,7,-1,-1
491,-1,228,210,29,54,0.88,7,-1,-1
491,-1,254,184,19,31,0.87,7,-1,-1
492,-1,226,212,30,55,0.90,7,-1,-1
492,-1,254,184,19,32,0.87,7,-1,-1
493,-1,222,214,32,56,0.88,7,-1,-1
493,-1,253,186,19,32,0.88,7,-1,-1
494,-1,221,216,32,58,0.90,7,-1,-1
494,-1,252,186,20,32,0.88,7,-1,-1
495,-1,218,218,34,61,0.89,7,-1,-1
495,-1,250,188,20,32,0.88,7,-1,-1
496,-1,216,220,35,63,0.90,7,-1,-1
496,-1,250,188,20,34,0.87,7,-1,-1
497,-1,212,223,36,65,0.90,7,-1,-1
497,-1,369,304,129,231,0.89,7,-1,-1
497,-1,248,192,21,32,0.87,7,-1,-1
498,-1,210,226,38,66,0.91,7,-1,-1
498,-1,364,298,118,213,0.90,7,-1,-1
498,-1,247,194,21,32,0.87,7,-1,-1
499,-1,360,289,108,189,0.92,7,-1,-1
499,-1,206,229,40,70,0.91,7,-1,-1
499,-1,246,196,22,32,0.87,7,-1,-1
500,-1,358,283,98,177,0.93,7,-1,-1
500,-1,205,231,40,73,0.91,7,-1,-1
500,-1,245,194,22,35,0.88,7,-1,-1
501,-1,356,276,90,160,0.92,7,-1,-1
501,-1,200,235,42,76,0.90,7,-1,-1
501,-1,244,196,23,36,0.88,7,-1,-1
502,-1,353,270,84,152,0.92,7,-1,-1
502,-1,197,238,43,79,0.90,7,-1,-1
502,-1,242,196,24,37,0.88,7,-1,-1
503,-1,350,264,82,139,0.91,7,-1,-1
503,-1,192,244,46,82,0.91,7,-1,-1
503,-1,241,197,25,38,0.88,7,-1,-1
504,-1,349,260,72,131,0.92,7,-1,-1
504,-1,189,247,46,85,0.91,7,-1,-1
504,-1,240,198,24,40,0.87,7,-1,-1
505,-1,183,252,51,91,0.92,7,-1,-1
505,-1,346,254,68,121,0.91,7,-1,-1
505,-1,238,200,25,40,0.88,7,-1,-1
506,-1,178,256,54,94,0.91,7,-1,-1
506,-1,346,251,63,114,0.91,7,-1,-1
506,-1,238,201,25,41,0.88,7,-1,-1
507,-1,172,260,56,102,0.92,7,-1,-1
507,-1,344,245,60,109,0.91,7,-1,-1
507,-1,235,204,26,42,0.90,7,-1,-1
508,-1,169,267,56,106,0.92,7,-1,-1
508,-1,343,243,56,103,0.91,7,-1,-1
508,-1,234,204,26,42,0.89,7,-1,-1
509,-1,342,238,52,96,0.92,7,-1,-1
509,-1,158,274,64,114,0.92,7,-1,-1
509,-1,232,208,28,42,0.88,7,-1,-1
510,-1,150,279,69,122,0.93,7,-1,-1
510,-1,340,236,50,92,0.91,7,-1,-1
510,-1,230,208,28,45,0.88,7,-1,-1
511,-1,142,288,73,133,0.93,7,-1,-1
511,-1,338,232,47,87,0.90,7,-1,-1
511,-1,228,211,29,46,0.88,7,-1,-1
512,-1,135,294,76,141,0.93,7,-1,-1
512,-1,337,229,46,85,0.90,7,-1,-1
512,-1,228,213,29,46,0.89,7,-1,-1
513,-1,122,306,84,155,0.92,7,-1,-1
513,-1,336,226,44,80,0.90,7,-1,-1
513,-1,226,214,30,50,0.88,7,-1,-1
513,-1,266,155,8,14,0.27,7,-1,-1
514,-1,110,314,92,166,0.93,7,-1,-1
514,-1,335,224,42,78,0.90,7,-1,-1
514,-1,224,214,32,52,0.89,7,-1,-1
514,-1,266,155,8,14,0.26,7,-1,-1
515,-1,96,324,101,192,0.92,7,-1,-1
515,-1,335,220,39,74,0.91,7,-1,-1
515,-1,222,216,32,56,0.88,7,-1,-1
515,-1,276,161,8,9,0.10,2,-1,-1
516,-1,334,218,38,72,0.90,7,-1,-1
516,-1,219,217,33,56,0.90,7,-1,-1
516,-1,276,161,8,9,0.21,2,-1,-1
516,-1,266,156,9,14,0.10,7,-1,-1
517,-1,332,216,37,69,0.92,7,-1,-1
517,-1,217,218,34,60,0.89,7,-1,-1
517,-1,266,156,9,15,0.42,7,-1,-1
517,-1,276,160,8,10,0.33,2,-1,-1
518,-1,332,214,36,66,0.91,7,-1,-1
518,-1,215,220,35,62,0.90,7,-1,-1
518,-1,266,156,10,15,0.62,7,-1,-1
518,-1,277,161,7,10,0.14,2,-1,-1
519,-1,331,211,34,64,0.91,7,-1,-1
519,-1,212,225,36,63,0.89,7,-1,-1
519,-1,266,157,10,16,0.75,7,-1,-1
520,-1,209,229,37,63,0.90,7,-1,-1
520,-1,331,209,33,64,0.90,7,-1,-1
520,-1,266,157,10,16,0.74,7,-1,-1
521,-1,330,208,32,60,0.91,7,-1,-1
521,-1,206,231,39,66,0.91,7,-1,-1
521,-1,266,158,10,16,0.65,7,-1,-1
522,-1,204,234,40,68,0.91,7,-1,-1
522,-1,330,206,31,60,0.90,7,-1,-1
522,-1,267,158,10,16,0.61,7,-1,-1
523,-1,200,238,42,71,0.91,7,-1,-1
523,-1,329,204,30,56,0.90,7,-1,-1
523,-1,267,159,10,15,0.67,7,-1,-1
523,-1,279,165,7,8,0.28,2,-1,-1
524,-1,328,203,30,55,0.90,7,-1,-1
524,-1,197,240,43,74,0.90,7,-1,-1
524,-1,267,159,10,15,0.68,7,-1,-1
524,-1,279,166,7,8,0.36,2,-1,-1
525,-1,193,244,46,78,0.90,7,-1,-1
525,-1,326,202,30,52,0.89,7,-1,-1
525,-1,266,160,11,16,0.71,7,-1,-1
525,-1,279,166,8,9,0.36,2,-1,-1
526,-1,190,246,48,82,0.90,7,-1,-1
526,-1,326,200,29,51,0.89,7,-1,-1
526,-1,267,160,11,16,0.63,7,-1,-1
526,-1,279,166,8,10,0.54,2,-1,-1
527,-1,186,253,48,86,0.90,7,-1,-1
527,-1,326,198,28,50,0.88,7,-1,-1
527,-1,268,160,11,17,0.66,7,-1,-1
527,-1,280,167,8,9,0.56,2,-1,-1
528,-1,182,258,52,87,0.91,7,-1,-1
528,-1,325,197,28,49,0.89,7,-1,-1
528,-1,268,160,11,17,0.69,7,-1,-1
528,-1,279,167,8,10,0.39,2,-1,-1
529,-1,176,262,56,94,0.91,7,-1,-1
529,-1,326,196,26,47,0.89,7,-1,-1
529,-1,268,161,11,16,0.56,7,-1,-1
529,-1,280,169,7,9,0.53,2,-1,-1
530,-1,171,265,59,100,0.92,7,-1,-1
530,-1,325,195,26,46,0.89,7,-1,-1
530,-1,280,169,8,10,0.48,2,-1,-1
530,-1,268,162,11,17,0.43,7,-1,-1
531,-1,165,270,60,108,0.92,7,-1,-1
531,-1,324,193,25,45,0.89,7,-1,-1
531,-1,280,170,8,9,0.54,2,-1,-1
531,-1,268,162,11,17,0.38,7,-1,-1
532,-1,159,278,64,112,0.92,7,-1,-1
532,-1,323,191,25,44,0.88,7,-1,-1
532,-1,280,171,8,9,0.68,2,-1,-1
532,-1,268,164,10,16,0.39,2,-1,-1
533,-1,150,286,69,120,0.93,7,-1,-1
533,-1,322,190,24,43,0.88,7,-1,-1
533,-1,280,171,8,10,0.71,2,-1,-1
533,-1,268,165,10,16,0.38,2,-1,-1
534,-1,144,291,73,129,0.93,7,-1,-1
534,-1,322,190,24,42,0.88,7,-1,-1
534,-1,280,171,8,10,0.71,2,-1,-1
534,-1,268,164,11,16,0.31,7,-1,-1
535,-1,133,298,80,142,0.92,7,-1,-1
535,-1,322,189,24,40,0.88,7,-1,-1
535,-1,280,172,8,10,0.69,2,-1,-1
535,-1,269,166,10,16,0.36,2,-1,-1
536,-1,125,305,84,154,0.92,7,-1,-1
536,-1,322,188,23,40,0.88,7,-1,-1
536,-1,280,172,9,11,0.72,2,-1,-1
536,-1,268,167,9,15,0.48,2,-1,-1
537,-1,110,316,93,171,0.92,7,-1,-1
537,-1,320,187,23,39,0.88,7,-1,-1
537,-1,280,173,9,11,0.72,2,-1,-1
537,-1,268,169,10,14,0.56,2,-1,-1
538,-1,100,325,98,185,0.93,7,-1,-1
538,-1,320,186,22,38,0.89,7,-1,-1
538,-1,280,172,10,12,0.74,2,-1,-1
538,-1,268,170,9,14,0.59,2,-1,-1
539,-1,320,184,22,38,0.89,7,-1,-1
539,-1,280,173,10,12,0.73,2,-1,-1
539,-1,268,169,10,16,0.63,2,-1,-1
540,-1,319,184,22,38,0.89,7,-1,-1
540,-1,280,176,10,11,0.68,2,-1,-1
540,-1,268,170,10,16,0.57,2,-1,-1
541,-1,318,183,22,36,0.88,7,-1,-1
541,-1,280,175,10,12,0.64,2,-1,-1
541,-1,268,170,10,17,0.63,2,-1,-1
541,-1,277,167,10,9,0.27,2,-1,-1
542,-1,319,183,21,35,0.88,7,-1,-1
542,-1,280,175,10,12,0.63,2,-1,-1
542,-1,268,170,10,17,0.62,2,-1,-1
542,-1,277,168,10,9,0.22,2,-1,-1
543,-1,318,181,21,34,0.87,7,-1,-1
543,-1,280,177,10,12,0.76,2,-1,-1
543,-1,266,170,12,19,0.59,2,-1,-1
543,-1,277,168,10,10,0.26,2,-1,-1
544,-1,318,180,21,34,0.87,7,-1,-1
544,-1,279,177,10,13,0.74,2,-1,-1
544,-1,266,169,12,20,0.52,2,-1,-1
544,-1,276,168,11,11,0.17,2,-1,-1
545,-1,318,180,20,34,0.86,7,-1,-1
545,-1,278,177,11,14,0.75,2,-1,-1
545,-1,266,170,12,20,0.52,2,-1,-1
545,-1,276,168,11,11,0.20,2,-1,-1
546,-1,318,179,20,34,0.86,7,-1,-1
546,-1,278,178,11,14,0.77,2,-1,-1
546,-1,266,171,12,20,0.53,2,-1,-1
546,-1,277,169,11,10,0.18,2,-1,-1
546,-1,266,158,9,12,0.14,7,-1,-1
547,-1,316,178,20,33,0.87,7,-1,-1
547,-1,278,179,11,15,0.76,2,-1,-1
547,-1,266,171,12,20,0.62,2,-1,-1
547,-1,278,173,10,15,0.23,2,-1,-1
547,-1,276,169,11,12,0.18,2,-1,-1
547,-1,266,158,10,13,0.14,7,-1,-1
548,-1,316,177,20,33,0.87,7,-1,-1
548,-1,278,179,12,15,0.75,2,-1,-1
548,-1,266,171,12,20,0.54,2,-1,-1
548,-1,278,172,10,14,0.26,2,-1,-1
548,-1,266,157,10,13,0.19,2,-1,-1
548,-1,277,169,10,12,0.15,2,-1,-1
549,-1,316,177,19,32,0.86,7,-1,-1
549,-1,278,180,12,15,0.63,2,-1,-1
549,-1,278,172,10,10,0.57,2,-1,-1
549,-1,265,172,12,21,0.52,2,-1,-1
549,-1,266,157,10,14,0.21,7,-1,-1
550,-1,316,176,19,31,0.85,7,-1,-1
550,-1,278,181,12,16,0.68,2,-1,-1
550,-1,278,172,10,10,0.63,2,-1,-1
550,-1,265,172,13,22,0.50,7,-1,-1
550,-1,266,158,10,14,0.31,2,-1,-1
551,-1,316,175,18,30,0.82,7,-1,-1
551,-1,277,182,12,16,0.73,2,-1,-1
551,-1,278,172,10,10,0.57,2,-1,-1
551,-1,264,172,13,23,0.55,7,-1,-1
551,-1,266,159,10,14,0.35,2,-1,-1
551,-1,276,175,12,20,0.18,2,-1,-1
552,-1,316,175,18,30,0.84,7,-1,-1
552,-1,276,183,13,17,0.72,2,-1,-1
552,-1,264,173,14,23,0.55,7,-1,-1
552,-1,278,173,10,10,0.48,2,-1,-1
552,-1,266,159,10,14,0.35,2,-1,-1
552,-1,276,175,12,17,0.18,2,-1,-1
553,-1,316,174,18,29,0.85,7,-1,-1
553,-1,276,185,13,16,0.75,2,-1,-1
553,-1,266,158,10,15,0.64,7,-1,-1
553,-1,278,173,10,12,0.58,2,-1,-1
553,-1,264,174,14,23,0.43,2,-1,-1
553,-1,268,176,15,23,0.13,2,-1,-1
554,-1,314,174,18,28,0.79,7,-1,-1
554,-1,276,186,13,16,0.74,2,-1,-1
554,-1,278,174,10,12,0.60,2,-1,-1
554,-1,267,159,10,15,0.55,7,-1,-1
554,-1,262,175,14,23,0.48,7,-1,-1
554,-1,277,178,11,19,0.11,2,-1,-1
555,-1,315,174,18,28,0.80,7,-1,-1
555,-1,275,189,13,16,0.75,2,-1,-1
555,-1,278,175,10,12,0.73,2,-1,-1
555,-1,262,176,14,24,0.63,7,-1,-1
555,-1,267,160,10,16,0.38,7,-1,-1
556,-1,278,175,10,12,0.79,2,-1,-1
556,-1,315,173,17,27,0.75,7,-1,-1
556,-1,274,191,14,15,0.75,2,-1,-1
556,-1,262,176,15,24,0.69,7,-1,-1
556,-1,267,160,10,16,0.35,7,-1,-1
557,-1,391,340,107,175,0.93,7,-1,-1
557,-1,278,176,10,12,0.80,2,-1,-1
557,-1,314,172,17,27,0.78,7,-1,-1
557,-1,273,193,14,15,0.77,2,-1,-1
557,-1,261,177,15,25,0.62,7,-1,-1
557,-1,268,161,10,14,0.39,2,-1,-1
558,-1,386,331,100,163,0.92,7,-1,-1
558,-1,314,171,16,27,0.81,7,-1,-1
558,-1,278,177,10,12,0.77,2,-1,-1
558,-1,273,195,14,15,0.74,2,-1,-1
558,-1,261,178,14,24,0.57,7,-1,-1
558,-1,268,162,10,14,0.54,2,-1,-1
559,-1,381,315,88,150,0.93,7,-1,-1
559,-1,336,443,52,76,0.92,2,-1,-1
559,-1,314,170,16,26,0.81,7,-1,-1
559,-1,278,178,10,12,0.80,2,-1,-1
559,-1,272,196,14,16,0.80,2,-1,-1
559,-1,260,178,14,26,0.73,7,-1,-1
559,-1,268,162,10,14,0.49,2,-1,-1
560,-1,377,305,83,144,0.93,7,-1,-1
560,-1,333,420,47,68,0.92,2,-1,-1
560,-1,259,179,15,26,0.82,7,-1,-1
560,-1,272,196,15,17,0.81,2,-1,-1
560,-1,278,179,10,12,0.80,2,-1,-1
560,-1,314,170,16,26,0.78,7,-1,-1
560,-1,268,162,10,14,0.66,2,-1,-1
561,-1,372,299,76,128,0.92,7,-1,-1
561,-1,330,390,40,56,0.89,2,-1,-1
561,-1,271,198,14,18,0.83,2,-1,-1
561,-1,314,170,17,26,0.82,7,-1,-1
561,-1,259,180,15,26,0.80,7,-1,-1
561,-1,278,180,10,12,0.78,2,-1,-1
561,-1,268,162,10,15,0.52,2,-1,-1
562,-1,368,292,72,122,0.93,7,-1,-1
562,-1,327,372,38,52,0.90,2,-1,-1
562,-1,258,180,16,28,0.83,7,-1,-1
562,-1,271,199,14,18,0.83,2,-1,-1
562,-1,314,170,16,26,0.80,7,-1,-1
562,-1,278,181,10,12,0.80,2,-1,-1
562,-1,268,162,10,16,0.59,7,-1,-1
563,-1,364,284,68,114,0.91,7,-1,-1
563,-1,323,350,34,46,0.88,2,-1,-1
563,-1,257,181,16,28,0.84,7,-1,-1
563,-1,278,182,10,12,0.82,2,-1,-1
563,-1,270,201,15,19,0.82,2,-1,-1
563,-1,313,169,16,25,0.74,7,-1,-1
563,-1,269,162,10,16,0.60,7,-1,-1
564,-1,362,278,64,109,0.92,7,-1,-1
564,-1,322,335,31,46,0.88,2,-1,-1
564,-1,256,183,16,28,0.83,7,-1,-1
564,-1,269,202,15,20,0.83,2,-1,-1
564,-1,278,183,10,12,0.82,2,-1,-1
564,-1,313,169,16,24,0.73,7,-1,-1
564,-1,269,163,10,16,0.65,7,-1,-1
565,-1,359,270,58,101,0.92,7,-1,-1
565,-1,319,320,30,40,0.89,2,-1,-1
565,-1,268,203,15,22,0.87,2,-1,-1
565,-1,255,183,17,28,0.85,7,-1,-1
565,-1,277,183,12,14,0.83,2,-1,-1
565,-1,312,168,16,24,0.83,7,-1,-1
565,-1,269,164,10,16,0.44,7,-1,-1
566,-1,357,266,56,98,0.92,7,-1,-1
566,-1,318,310,29,38,0.89,2,-1,-1
566,-1,267,205,16,22,0.86,2,-1,-1
566,-1,276,184,12,14,0.85,2,-1,-1
566,-1,254,184,18,29,0.84,7,-1,-1
566,-1,312,167,16,24,0.75,7,-1,-1
566,-1,269,163,10,17,0.63,7,-1,-1
567,-1,354,260,54,92,0.91,7,-1,-1
567,-1,316,298,26,35,0.90,2,-1,-1
567,-1,276,184,12,14,0.85,2,-1,-1
567,-1,254,186,18,30,0.85,7,-1,-1
567,-1,265,207,17,23,0.84,2,-1,-1
567,-1,312,167,16,24,0.72,7,-1,-1
567,-1,268,164,10,17,0.52,7,-1,-1
568,-1,352,256,51,88,0.91,7,-1,-1
568,-1,314,290,25,34,0.90,2,-1,-1
568,-1,264,210,17,23,0.85,2,-1,-1
568,-1,252,186,18,32,0.85,7,-1,-1
568,-1,276,186,12,14,0.85,2,-1,-1
568,-1,312,167,15,24,0.73,7,-1,-1
568,-1,269,165,10,17,0.48,2,-1,-1
569,-1,350,250,48,84,0.90,7,-1,-1
569,-1,251,187,19,32,0.87,7,-1,-1
569,-1,314,280,23,31,0.86,2,-1,-1
569,-1,276,188,12,14,0.86,2,-1,-1
569,-1,264,212,17,24,0.84,2,-1,-1
569,-1,312,166,15,23,0.70,7,-1,-1
569,-1,268,166,10,17,0.58,2,-1,-1
570,-1,348,247,46,81,0.91,7,-1,-1
570,-1,250,189,20,32,0.88,7,-1,-1
570,-1,313,274,22,31,0.87,2,-1,-1
570,-1,276,188,12,14,0.86,2,-1,-1
570,-1,262,214,18,24,0.85,2,-1,-1
570,-1,312,166,15,23,0.70,7,-1,-1
570,-1,268,166,11,17,0.65,2,-1,-1
571,-1,347,242,44,78,0.91,7,-1,-1
571,-1,248,190,20,34,0.87,7,-1,-1
571,-1,311,265,23,30,0.87,2,-1,-1
571,-1,260,218,19,26,0.86,2,-1,-1
571,-1,275,189,13,16,0.83,2,-1,-1
571,-1,268,166,11,17,0.71,2,-1,-1
571,-1,312,166,14,23,0.70,7,-1,-1
572,-1,346,239,41,76,0.89,7,-1,-1
572,-1,310,259,22,29,0.88,2,-1,-1
572,-1,248,191,20,34,0.87,7,-1,-1
572,-1,259,218,19,28,0.85,2,-1,-1
572,-1,274,190,14,16,0.83,2,-1,-1
572,-1,268,167,11,17,0.75,2,-1,-1
572,-1,311,166,14,22,0.55,7,-1,-1
573,-1,344,235,40,72,0.91,7,-1,-1
573,-1,246,193,22,35,0.88,7,-1,-1
573,-1,310,254,19,26,0.86,2,-1,-1
573,-1,258,224,18,27,0.86,2,-1,-1
573,-1,275,192,14,16,0.84,2,-1,-1
573,-1,311,165,13,22,0.75,7,-1,-1
573,-1,268,168,11,17,0.74,2,-1,-1
574,-1,343,233,39,70,0.91,7,-1,-1
574,-1,310,249,19,25,0.88,2,-1,-1
574,-1,245,194,22,35,0.88,7,-1,-1
574,-1,256,225,20,30,0.86,2,-1,-1
574,-1,274,193,14,18,0.84,2,-1,-1
574,-1,268,168,12,17,0.70,2,-1,-1
574,-1,311,165,13,21,0.65,7,-1,-1
575,-1,342,230,37,66,0.91,7,-1,-1
575,-1,309,242,19,24,0.87,2,-1,-1
575,-1,243,196,23,37,0.87,7,-1,-1
575,-1,255,228,20,32,0.85,2,-1,-1
575,-1,273,194,14,18,0.84,2,-1,-1
575,-1,267,169,12,18,0.62,2,-1,-1
575,-1,310,164,13,21,0.61,7,-1,-1
576,-1,341,227,36,65,0.91,7,-1,-1
576,-1,242,197,23,38,0.88,7,-1,-1
576,-1,253,232,21,31,0.86,2,-1,-1
576,-1,309,239,18,23,0.86,2,-1,-1
576,-1,273,195,14,18,0.84,2,-1,-1
576,-1,310,163,13,22,0.81,7,-1,-1
576,-1,267,170,12,18,0.61,2,-1,-1
577,-1,340,223,34,64,0.91,7,-1,-1
577,-1,308,234,18,23,0.88,2,-1,-1
577,-1,241,199,24,38,0.87,7,-1,-1
577,-1,272,196,15,20,0.87,2,-1,-1
577,-1,310,163,13,21,0.86,7,-1,-1
577,-1,250,237,22,34,0.86,2,-1,-1
577,-1,267,170,12,18,0.69,7,-1,-1
578,-1,338,221,34,62,0.91,7,-1,-1
578,-1,239,200,24,39,0.87,7,-1,-1
578,-1,249,240,22,35,0.87,2,-1,-1
578,-1,308,230,17,22,0.87,2,-1,-1
578,-1,272,198,15,20,0.87,2,-1,-1
578,-1,310,162,13,20,0.84,7,-1,-1
578,-1,267,170,12,18,0.69,7,-1,-1
579,-1,337,218,32,60,0.91,7,-1,-1
579,-1,246,246,24,38,0.89,2,-1,-1
579,-1,237,202,26,41,0.88,7,-1,-1
579,-1,307,225,17,22,0.88,2,-1,-1
579,-1,271,200,15,20,0.87,2,-1,-1
579,-1,310,162,13,20,0.85,7,-1,-1
579,-1,266,171,12,19,0.67,7,-1,-1
580,-1,336,216,32,58,0.92,7,-1,-1
580,-1,244,250,24,40,0.90,2,-1,-1
580,-1,236,202,26,43,0.89,7,-1,-1
580,-1,307,223,16,21,0.87,2,-1,-1
580,-1,270,201,16,20,0.87,2,-1,-1
580,-1,309,162,13,20,0.78,7,-1,-1
580,-1,266,171,13,19,0.51,7,-1,-1
581,-1,335,214,32,56,0.90,7,-1,-1
581,-1,240,256,26,42,0.90,2,-1,-1
581,-1,307,218,16,21,0.89,2,-1,-1
581,-1,234,205,28,44,0.89,7,-1,-1
581,-1,269,204,16,22,0.88,2,-1,-1
581,-1,308,161,13,20,0.81,7,-1,-1
581,-1,265,172,14,19,0.48,2,-1,-1
582,-1,334,212,31,55,0.91,7,-1,-1
582,-1,238,260,27,46,0.89,2,-1,-1
582,-1,232,207,28,45,0.89,7,-1,-1
582,-1,269,206,16,22,0.87,2,-1,-1
582,-1,306,216,16,21,0.86,2,-1,-1
582,-1,308,161,13,20,0.83,7,-1,-1
582,-1,265,172,14,20,0.56,7,-1,-1
583,-1,233,269,29,48,0.90,2,-1,-1
583,-1,229,209,30,47,0.90,7,-1,-1
583,-1,334,209,30,54,0.89,7,-1,-1
583,-1,268,208,16,22,0.88,2,-1,-1
583,-1,306,214,16,20,0.87,2,-1,-1
583,-1,308,161,13,19,0.82,7,-1,-1
583,-1,264,172,14,21,0.74,7,-1,-1
584,-1,353,442,52,72,0.92,2,-1,-1
584,-1,230,274,30,51,0.91,2,-1,-1
584,-1,228,211,30,48,0.90,7,-1,-1
584,-1,266,209,17,23,0.89,2,-1,-1
584,-1,333,208,30,52,0.89,7,-1,-1
584,-1,306,212,16,18,0.86,2,-1,-1
584,-1,264,172,14,22,0.81,7,-1,-1
584,-1,307,160,12,19,0.78,7,-1,-1
585,-1,347,416,46,61,0.92,2,-1,-1
585,-1,226,285,33,55,0.90,2,-1,-1
585,-1,332,205,29,51,0.90,7,-1,-1
585,-1,225,214,32,50,0.90,7,-1,-1
585,-1,265,212,18,24,0.88,2,-1,-1
585,-1,305,209,16,18,0.87,2,-1,-1
585,-1,264,173,14,22,0.80,7,-1,-1
585,-1,307,160,12,19,0.80,7,-1,-1
586,-1,344,400,43,56,0.92,2,-1,-1
586,-1,223,216,33,52,0.90,7,-1,-1
586,-1,223,292,34,58,0.90,2,-1,-1
586,-1,332,204,28,50,0.90,7,-1,-1
586,-1,305,207,15,17,0.87,2,-1,-1
586,-1,264,214,18,25,0.86,2,-1,-1
586,-1,306,159,12,19,0.84,7,-1,-1
586,-1,264,173,14,22,0.82,7,-1,-1
587,-1,217,306,36,64,0.93,2,-1,-1
587,-1,340,378,40,52,0.91,2,-1,-1
587,-1,331,202,27,48,0.91,7,-1,-1
587,-1,220,218,34,55,0.90,7,-1,-1
587,-1,262,216,19,27,0.88,2,-1,-1
587,-1,305,205,15,16,0.86,2,-1,-1
587,-1,264,174,14,23,0.84,7,-1,-1
587,-1,306,159,12,19,0.84,7,-1,-1
588,-1,212,314,38,70,0.93,2,-1,-1
588,-1,330,201,27,48,0.90,7,-1,-1
588,-1,337,364,38,50,0.90,2,-1,-1
588,-1,218,220,35,57,0.90,7,-1,-1
588,-1,262,219,18,27,0.87,2,-1,-1
588,-1,305,203,15,17,0.86,2,-1,-1
588,-1,306,159,12,19,0.84,7,-1,-1
588,-1,262,175,14,23,0.83,7,-1,-1
589,-1,205,330,43,79,0.92,2,-1,-1
589,-1,214,224,36,60,0.91,7,-1,-1
589,-1,336,348,32,44,0.89,2,-1,-1
589,-1,330,199,26,47,0.88,7,-1,-1
589,-1,260,222,19,28,0.88,2,-1,-1
589,-1,304,201,15,16,0.87,2,-1,-1
589,-1,306,158,13,19,0.84,7,-1,-1
589,-1,262,176,14,22,0.76,7,-1,-1
590,-1,199,343,46,87,0.91,2,-1,-1
590,-1,212,226,37,62,0.90,7,-1,-1
590,-1,334,338,30,43,0.90,2,-1,-1
590,-1,329,198,25,45,0.88,7,-1,-1
590,-1,259,225,20,29,0.88,2,-1,-1
590,-1,304,200,14,16,0.86,2,-1,-1
590,-1,305,158,12,19,0.84,7,-1,-1
590,-1,262,177,14,23,0.83,7,-1,-1
591,-1,190,366,52,100,0.90,2,-1,-1
591,-1,207,230,40,65,0.90,7,-1,-1
591,-1,328,196,26,45,0.89,7,-1,-1
591,-1,257,228,21,32,0.88,2,-1,-1
591,-1,330,324,30,41,0.88,2,-1,-1
591,-1,304,198,14,16,0.86,2,-1,-1
591,-1,305,158,12,19,0.84,7,-1,-1
591,-1,261,178,16,24,0.80,7,-1,-1
592,-1,183,384,55,112,0.92,2,-1,-1
592,-1,205,233,41,68,0.92,7,-1,-1
592,-1,328,195,24,44,0.88,7,-1,-1
592,-1,328,316,28,38,0.88,2,-1,-1
592,-1,255,232,22,32,0.88,2,-1,-1
592,-1,260,178,16,24,0.87,7,-1,-1
592,-1,304,196,14,16,0.86,2,-1,-1
592,-1,304,157,12,18,0.84,7,-1,-1
593,-1,200,237,44,72,0.91,7,-1,-1
593,-1,254,236,22,34,0.89,2,-1,-1
593,-1,326,304,28,36,0.89,2,-1,-1
593,-1,328,194,24,43,0.88,7,-1,-1
593,-1,304,194,14,15,0.88,2,-1,-1
593,-1,304,158,12,18,0.82,7,-1,-1
593,-1,260,179,16,24,0.81,7,-1,-1
594,-1,197,241,44,74,0.90,7,-1,-1
594,-1,252,240,23,34,0.89,2,-1,-1
594,-1,327,193,24,42,0.89,7,-1,-1
594,-1,325,300,27,34,0.89,2,-1,-1
594,-1,304,193,14,15,0.87,2,-1,-1
594,-1,260,178,16,26,0.86,7,-1,-1
594,-1,304,157,12,18,0.82,7,-1,-1
595,-1,322,290,26,32,0.90,2,-1,-1
595,-1,192,246,48,80,0.90,7,-1,-1
595,-1,326,191,23,42,0.88,7,-1,-1
595,-1,250,245,24,38,0.88,2,-1,-1
595,-1,258,180,16,26,0.87,7,-1,-1
595,-1,304,191,12,14,0.85,2,-1,-1
595,-1,304,157,12,16,0.81,7,-1,-1
596,-1,187,249,51,84,0.91,7,-1,-1
596,-1,326,191,23,40,0.88,7,-1,-1
596,-1,248,249,24,39,0.88,2,-1,-1
596,-1,321,285,25,31,0.88,2,-1,-1
596,-1,258,180,16,27,0.87,7,-1,-1
596,-1,304,190,12,14,0.86,2,-1,-1
596,-1,302,156,12,17,0.84,7,-1,-1
597,-1,180,255,54,90,0.92,7,-1,-1
597,-1,245,256,26,40,0.88,2,-1,-1
597,-1,325,189,23,40,0.88,7,-1,-1
597,-1,257,181,17,28,0.88,7,-1,-1
597,-1,320,277,24,30,0.87,2,-1,-1
597,-1,303,189,12,13,0.87,2,-1,-1
597,-1,302,156,12,17,0.84,7,-1,-1
598,-1,175,260,58,95,0.91,7,-1,-1
598,-1,243,261,27,43,0.90,2,-1,-1
598,-1,319,272,22,28,0.88,2,-1,-1
598,-1,303,188,12,13,0.88,2,-1,-1
598,-1,325,188,22,38,0.88,7,-1,-1
598,-1,256,181,17,28,0.88,7,-1,-1
598,-1,302,155,12,18,0.85,7,-1,-1
599,-1,167,266,62,105,0.92,7,-1,-1
599,-1,240,268,28,46,0.90,2,-1,-1
599,-1,318,266,23,27,0.89,2,-1,-1
599,-1,324,188,22,38,0.89,7,-1,-1
599,-1,303,187,11,12,0.87,2,-1,-1
599,-1,256,182,18,29,0.86,7,-1,-1
599,-1,302,155,12,18,0.85,7,-1,-1
600,-1,160,270,67,111,0.92,7,-1,-1
600,-1,237,274,30,49,0.90,2,-1,-1
600,-1,324,187,22,37,0.89,7,-1,-1
600,-1,318,262,20,26,0.87,2,-1,-1
600,-1,303,186,11,12,0.87,2,-1,-1
600,-1,256,182,18,30,0.86,7,-1,-1
600,-1,301,155,12,16,0.84,7,-1,-1
601,-1,150,278,72,123,0.93,7,-1,-1
601,-1,233,283,32,54,0.89,2,-1,-1
601,-1,324,186,21,36,0.88,7,-1,-1
601,-1,316,256,22,26,0.88,2,-1,-1
601,-1,254,184,18,30,0.86,7,-1,-1
601,-1,303,185,11,12,0.86,2,-1,-1
601,-1,301,155,11,16,0.85,7,-1,-1
602,-1,143,285,79,132,0.92,7,-1,-1
602,-1,230,290,34,57,0.91,2,-1,-1
602,-1,323,185,21,36,0.88,7,-1,-1
602,-1,316,253,20,24,0.87,2,-1,-1
602,-1,254,184,19,31,0.87,7,-1,-1
602,-1,300,154,12,16,0.84,7,-1,-1
602,-1,303,183,11,12,0.83,2,-1,-1
603,-1,130,294,88,150,0.93,7,-1,-1
603,-1,226,303,36,62,0.90,2,-1,-1
603,-1,253,186,20,32,0.87,7,-1,-1
603,-1,322,184,21,36,0.87,7,-1,-1
603,-1,315,248,20,24,0.86,2,-1,-1
603,-1,300,154,12,16,0.83,7,-1,-1
603,-1,303,182,10,12,0.80,2,-1,-1
604,-1,120,302,94,162,0.93,7,-1,-1
604,-1,222,310,38,68,0.92,2,-1,-1
604,-1,314,244,19,24,0.87,2,-1,-1
604,-1,253,186,19,33,0.87,7,-1,-1
604,-1,322,183,21,35,0.87,7,-1,-1
604,-1,300,154,12,16,0.82,7,-1,-1
604,-1,303,182,10,12,0.81,2,-1,-1
605,-1,102,309,106,191,0.92,7,-1,-1
605,-1,216,326,40,76,0.89,2,-1,-1
605,-1,321,182,20,34,0.88,7,-1,-1
605,-1,251,188,20,34,0.87,7,-1,-1
605,-1,314,240,19,22,0.85,2,-1,-1
605,-1,303,181,10,11,0.82,2,-1,-1
605,-1,299,154,12,16,0.82,7,-1,-1
606,-1,87,320,116,208,0.91,7,-1,-1
606,-1,210,338,43,82,0.91,2,-1,-1
606,-1,321,182,20,34,0.88,7,-1,-1
606,-1,251,190,20,33,0.87,7,-1,-1
606,-1,313,238,19,22,0.86,2,-1,-1
606,-1,298,154,12,16,0.81,7,-1,-1
606,-1,302,180,10,11,0.76,2,-1,-1
607,-1,203,359,46,95,0.91,2,-1,-1
607,-1,320,180,20,33,0.88,7,-1,-1
607,-1,249,191,21,34,0.86,7,-1,-1
607,-1,312,233,18,22,0.86,2,-1,-1
607,-1,298,154,12,15,0.79,7,-1,-1
607,-1,302,179,10,11,0.76,2,-1,-1
608,-1,196,375,50,105,0.90,2,-1,-1
608,-1,320,180,20,32,0.87,7,-1,-1
608,-1,248,192,22,34,0.87,7,-1,-1
608,-1,312,230,18,22,0.86,2,-1,-1
608,-1,298,154,12,15,0.79,7,-1,-1
608,-1,302,179,10,11,0.76,2,-1,-1
609,-1,184,405,57,123,0.91,2,-1,-1
609,-1,247,194,23,36,0.88,7,-1,-1
609,-1,319,178,20,33,0.87,7,-1,-1
609,-1,311,225,18,22,0.86,2,-1,-1
609,-1,298,153,11,15,0.71,7,-1,-1
609,-1,302,179,10,10,0.60,2,-1,-1
610,-1,245,194,24,38,0.88,7,-1,-1
610,-1,319,178,20,32,0.87,7,-1,-1
610,-1,311,224,18,21,0.85,2,-1,-1
610,-1,297,152,11,16,0.74,7,-1,-1
610,-1,302,178,10,10,0.63,2,-1,-1
611,-1,243,196,25,39,0.88,7,-1,-1
611,-1,310,221,18,21,0.86,2,-1,-1
611,-1,318,177,19,32,0.86,7,-1,-1
611,-1,297,152,11,15,0.68,7,-1,-1
611,-1,302,177,10,10,0.50,2,-1,-1
612,-1,242,197,26,39,0.88,7,-1,-1
612,-1,310,220,18,21,0.87,2,-1,-1
612,-1,318,176,18,32,0.86,7,-1,-1
612,-1,296,152,11,15,0.61,7,-1,-1
612,-1,302,176,9,10,0.40,2,-1,-1
613,-1,240,199,26,40,0.88,7,-1,-1
613,-1,309,218,17,18,0.87,2,-1,-1
613,-1,318,175,18,32,0.85,7,-1,-1
613,-1,296,152,11,15,0.67,7,-1,-1
613,-1,302,175,9,10,0.41,2,-1,-1
614,-1,309,216,16,19,0.88,2,-1,-1
614,-1,239,200,26,41,0.87,7,-1,-1
614,-1,318,175,18,30,0.86,7,-1,-1
614,-1,296,152,10,15,0.68,7,-1,-1
614,-1,301,174,9,10,0.52,2,-1,-1
615,-1,238,202,26,42,0.88,7,-1,-1
615,-1,309,213,16,18,0.87,2,-1,-1
615,-1,318,175,18,30,0.86,7,-1,-1
615,-1,295,152,10,15,0.55,7,-1,-1
615,-1,300,173,9,9,0.41,2,-1,-1
615,-1,267,161,8,10,0.14,2,-1,-1
616,-1,237,202,26,44,0.89,7,-1,-1
616,-1,309,211,15,18,0.87,2,-1,-1
616,-1,318,174,17,29,0.87,7,-1,-1
616,-1,295,152,11,15,0.55,7,-1,-1
616,-1,300,173,9,9,0.41,2,-1,-1
616,-1,267,161,8,10,0.17,2,-1,-1
617,-1,234,205,28,46,0.90,7,-1,-1
617,-1,317,174,17,28,0.87,7,-1,-1
617,-1,308,209,14,17,0.87,2,-1,-1
617,-1,294,151,11,14,0.53,7,-1,-1
617,-1,301,173,8,9,0.39,2,-1,-1
617,-1,267,162,8,10,0.21,2,-1,-1
618,-1,232,206,28,48,0.89,7,-1,-1
618,-1,316,173,17,28,0.88,7,-1,-1
618,-1,308,207,14,17,0.86,2,-1,-1
618,-1,294,150,10,14,0.49,7,-1,-1
618,-1,267,161,8,12,0.26,2,-1,-1
619,-1,230,208,30,48,0.90,7,-1,-1
619,-1,316,172,16,28,0.89,7,-1,-1
619,-1,308,205,14,16,0.87,2,-1,-1
619,-1,294,151,10,14,0.44,7,-1,-1
619,-1,267,159,9,14,0.40,7,-1,-1
619,-1,299,171,8,8,0.19,2,-1,-1
620,-1,228,210,31,49,0.89,7,-1,-1
620,-1,316,172,17,27,0.87,7,-1,-1
620,-1,308,204,14,16,0.86,2,-1,-1
620,-1,266,159,10,15,0.52,7,-1,-1
620,-1,293,150,10,14,0.41,7,-1,-1
620,-1,299,171,8,8,0.15,2,-1,-1
621,-1,225,213,33,52,0.89,7,-1,-1
621,-1,316,171,16,26,0.87,7,-1,-1
621,-1,308,202,13,16,0.87,2,-1,-1
621,-1,267,160,9,14,0.33,7,-1,-1
621,-1,292,150,10,14,0.19,7,-1,-1
622,-1,222,215,35,53,0.90,7,-1,-1
622,-1,316,171,16,26,0.87,7,-1,-1
622,-1,308,200,14,16,0.87,2,-1,-1
622,-1,266,160,10,14,0.55,7,-1,-1
622,-1,298,169,7,7,0.29,2,-1,-1
622,-1,292,150,10,14,0.22,7,-1,-1
623,-1,221,217,35,55,0.90,7,-1,-1
623,-1,315,170,16,26,0.87,7,-1,-1
623,-1,307,198,13,16,0.86,2,-1,-1
623,-1,267,160,10,15,0.48,7,-1,-1
623,-1,297,169,8,8,0.41,2,-1,-1
623,-1,291,150,10,13,0.22,7,-1,-1
624,-1,218,219,36,58,0.91,7,-1,-1
624,-1,314,170,16,26,0.88,7,-1,-1
624,-1,306,198,13,15,0.85,2,-1,-1
624,-1,267,160,10,16,0.46,7,-1,-1
624,-1,291,150,10,13,0.29,7,-1,-1
625,-1,216,222,36,60,0.90,7,-1,-1
625,-1,314,169,15,26,0.88,7,-1,-1
625,-1,306,196,13,15,0.84,2,-1,-1
625,-1,266,158,11,19,0.59,7,-1,-1
625,-1,290,150,10,14,0.26,7,-1,-1
625,-1,295,167,8,7,0.10,2,-1,-1
626,-1,214,225,37,61,0.91,7,-1,-1
626,-1,314,168,15,26,0.88,7,-1,-1
626,-1,306,195,13,15,0.84,2,-1,-1
626,-1,267,159,11,19,0.39,7,-1,-1
626,-1,290,150,10,13,0.25,7,-1,-1
626,-1,295,167,8,7,0.14,2,-1,-1
627,-1,209,229,40,64,0.91,7,-1,-1
627,-1,314,168,15,25,0.88,7,-1,-1
627,-1,306,193,13,14,0.85,2,-1,-1
627,-1,268,164,10,14,0.42,2,-1,-1
627,-1,289,149,10,14,0.18,7,-1,-1
628,-1,207,231,41,66,0.91,7,-1,-1
628,-1,314,168,15,25,0.88,7,-1,-1
628,-1,305,193,13,14,0.85,2,-1,-1
628,-1,268,163,10,16,0.34,2,-1,-1
628,-1,289,149,10,14,0.16,7,-1,-1
629,-1,203,236,44,67,0.91,7,-1,-1
629,-1,314,168,15,24,0.88,7,-1,-1
629,-1,305,192,13,14,0.84,2,-1,-1
629,-1,268,166,10,13,0.61,2,-1,-1
629,-1,288,148,10,14,0.19,7,-1,-1
630,-1,200,238,45,72,0.90,7,-1,-1
630,-1,313,167,14,24,0.87,7,-1,-1
630,-1,305,191,13,14,0.83,2,-1,-1
630,-1,268,166,10,14,0.49,2,-1,-1
630,-1,288,148,9,13,0.19,7,-1,-1
631,-1,195,242,46,76,0.90,7,-1,-1
631,-1,304,189,12,13,0.87,2,-1,-1
631,-1,313,166,14,24,0.86,7,-1,-1
631,-1,267,162,11,18,0.54,7,-1,-1
631,-1,288,148,9,13,0.30,7,-1,-1
632,-1,192,246,48,79,0.90,7,-1,-1
632,-1,304,189,12,12,0.87,2,-1,-1
632,-1,313,166,14,24,0.85,7,-1,-1
632,-1,268,169,10,12,0.52,2,-1,-1
632,-1,288,148,9,13,0.31,7,-1,-1
632,-1,266,160,12,21,0.14,7,-1,-1
633,-1,187,253,50,83,0.90,7,-1,-1
633,-1,304,188,12,13,0.87,2,-1,-1
633,-1,312,166,14,23,0.84,7,-1,-1
633,-1,268,169,10,14,0.57,2,-1,-1
633,-1,287,148,10,13,0.18,7,-1,-1
634,-1,183,258,52,86,0.92,7,-1,-1
634,-1,304,187,12,12,0.87,2,-1,-1
634,-1,312,165,14,23,0.85,7,-1,-1
634,-1,268,170,10,13,0.54,2,-1,-1
634,-1,287,148,9,13,0.18,7,-1,-1
635,-1,175,262,58,95,0.92,7,-1,-1
635,-1,304,186,11,12,0.86,2,-1,-1
635,-1,312,165,14,22,0.85,7,-1,-1
635,-1,268,172,10,11,0.69,2,-1,-1
635,-1,286,148,10,14,0.19,7,-1,-1
636,-1,170,267,60,100,0.92,7,-1,-1
636,-1,312,164,14,22,0.85,7,-1,-1
636,-1,304,185,11,12,0.83,2,-1,-1
636,-1,268,172,10,12,0.71,2,-1,-1
637,-1,162,274,65,110,0.92,7,-1,-1
637,-1,312,164,13,22,0.86,7,-1,-1
637,-1,304,184,10,12,0.82,2,-1,-1
637,-1,268,172,10,13,0.69,2,-1,-1
637,-1,284,147,10,14,0.13,7,-1,-1
638,-1,156,278,69,117,0.92,7,-1,-1
638,-1,312,164,12,22,0.86,7,-1,-1
638,-1,304,184,10,12,0.82,2,-1,-1
638,-1,268,172,10,13,0.70,2,-1,-1
639,-1,145,286,76,130,0.92,7,-1,-1
639,-1,312,164,12,22,0.83,7,-1,-1
639,-1,304,182,10,12,0.81,2,-1,-1
639,-1,266,171,11,16,0.71,2,-1,-1
640,-1,137,293,81,140,0.93,7,-1,-1
640,-1,312,164,12,22,0.82,7,-1,-1
640,-1,304,182,10,11,0.80,2,-1,-1
640,-1,266,172,12,15,0.74,2,-1,-1
641,-1,125,304,89,156,0.92,7,-1,-1
641,-1,312,163,12,21,0.83,7,-1,-1
641,-1,303,180,10,11,0.79,2,-1,-1
641,-1,265,172,12,16,0.76,2,-1,-1
641,-1,307,173,11,16,0.21,2,-1,-1
642,-1,113,312,96,170,0.92,7,-1,-1
642,-1,311,162,12,20,0.83,7,-1,-1
642,-1,303,180,9,11,0.77,2,-1,-1
642,-1,265,171,13,18,0.76,2,-1,-1
643,-1,96,324,108,196,0.92,7,-1,-1
643,-1,311,162,12,20,0.84,7,-1,-1
643,-1,303,179,9,10,0.78,2,-1,-1
643,-1,265,170,13,20,0.75,2,-1,-1
644,-1,311,162,12,20,0.82,7,-1,-1
644,-1,302,179,9,10,0.76,2,-1,-1
644,-1,265,171,13,20,0.75,2,-1,-1
645,-1,310,162,12,20,0.81,7,-1,-1
645,-1,264,172,14,19,0.78,2,-1,-1
645,-1,303,178,8,10,0.73,2,-1,-1
646,-1,310,162,12,19,0.80,7,-1,-1
646,-1,303,178,8,10,0.70,2,-1,-1
646,-1,264,171,14,22,0.69,2,-1,-1
647,-1,264,170,15,24,0.73,2,-1,-1
647,-1,310,162,11,18,0.70,7,-1,-1
647,-1,302,177,9,9,0.56,2,-1,-1
648,-1,264,171,14,23,0.73,2,-1,-1
648,-1,310,161,11,19,0.66,7,-1,-1
648,-1,302,177,9,9,0.54,2,-1,-1
649,-1,264,171,15,24,0.74,2,-1,-1
649,-1,310,160,11,20,0.61,7,-1,-1
649,-1,302,176,8,9,0.55,2,-1,-1
650,-1,263,172,16,24,0.75,2,-1,-1
650,-1,310,159,11,20,0.71,7,-1,-1
650,-1,302,176,8,9,0.58,2,-1,-1
651,-1,264,181,14,17,0.77,2,-1,-1
651,-1,308,159,11,20,0.72,7,-1,-1
651,-1,302,174,8,8,0.42,2,-1,-1
652,-1,263,177,16,21,0.74,2,-1,-1
652,-1,300,172,8,10,0.58,2,-1,-1
652,-1,308,159,11,19,0.57,7,-1,-1
653,-1,262,183,15,16,0.77,2,-1,-1
653,-1,308,159,11,18,0.69,7,-1,-1
653,-1,300,172,8,10,0.46,2,-1,-1
654,-1,262,182,15,18,0.77,2,-1,-1
654,-1,307,159,11,18,0.59,7,-1,-1
654,-1,300,171,8,9,0.18,2,-1,-1
655,-1,261,180,16,22,0.71,2,-1,-1
655,-1,308,159,10,18,0.67,7,-1,-1
655,-1,300,172,8,8,0.21,2,-1,-1
656,-1,261,184,16,19,0.72,2,-1,-1
656,-1,306,158,11,18,0.69,7,-1,-1
656,-1,299,171,8,8,0.30,2,-1,-1
656,-1,261,169,16,30,0.13,2,-1,-1
656,-1,261,167,15,18,0.11,2,-1,-1
657,-1,306,158,11,18,0.73,7,-1,-1
657,-1,260,185,16,20,0.71,2,-1,-1
657,-1,260,170,17,32,0.12,2,-1,-1
658,-1,306,157,11,18,0.75,7,-1,-1
658,-1,260,189,16,17,0.75,2,-1,-1
658,-1,298,169,8,8,0.39,2,-1,-1
658,-1,260,170,15,18,0.21,2,-1,-1
659,-1,306,157,11,18,0.76,7,-1,-1
659,-1,258,181,17,26,0.61,2,-1,-1
659,-1,298,169,8,9,0.50,2,-1,-1
660,-1,306,157,10,18,0.69,7,-1,-1
660,-1,258,186,18,23,0.67,2,-1,-1
660,-1,298,169,8,8,0.28,2,-1,-1
660,-1,258,172,17,22,0.25,2,-1,-1
661,-1,256,176,18,34,0.75,7,-1,-1
661,-1,306,158,10,16,0.67,7,-1,-1
661,-1,298,168,8,8,0.54,2,-1,-1
662,-1,256,177,19,34,0.76,7,-1,-1
662,-1,306,157,10,17,0.71,7,-1,-1
662,-1,298,168,8,8,0.52,2,-1,-1
663,-1,255,177,19,36,0.81,7,-1,-1
663,-1,305,157,10,16,0.50,7,-1,-1
663,-1,298,166,7,8,0.12,2,-1,-1
664,-1,254,177,20,38,0.81,7,-1,-1
664,-1,304,156,9,16,0.46,7,-1,-1
664,-1,296,165,8,9,0.24,2,-1,-1
665,-1,253,177,20,40,0.85,7,-1,-1
665,-1,304,156,10,16,0.53,7,-1,-1
665,-1,296,165,7,9,0.32,2,-1,-1
666,-1,252,177,20,40,0.87,7,-1,-1
666,-1,304,157,9,16,0.40,7,-1,-1
666,-1,296,164,8,9,0.32,2,-1,-1
667,-1,251,178,21,42,0.88,7,-1,-1
667,-1,304,156,9,16,0.46,7,-1,-1
667,-1,296,163,7,9,0.24,2,-1,-1
667,-1,265,154,9,14,0.10,7,-1,-1
668,-1,250,179,22,42,0.87,7,-1,-1
668,-1,303,156,10,16,0.50,7,-1,-1
668,-1,295,163,8,10,0.24,2,-1,-1
668,-1,265,155,9,14,0.11,7,-1,-1
669,-1,248,180,24,44,0.87,7,-1,-1
669,-1,302,156,10,16,0.24,7,-1,-1
669,-1,294,164,8,8,0.12,2,-1,-1
670,-1,247,180,24,45,0.87,7,-1,-1
670,-1,266,156,9,14,0.47,7,-1,-1
670,-1,302,155,10,16,0.37,7,-1,-1
670,-1,294,164,7,8,0.13,2,-1,-1
671,-1,245,181,26,47,0.88,7,-1,-1
671,-1,266,156,9,14,0.64,7,-1,-1
671,-1,302,157,9,13,0.17,7,-1,-1
672,-1,244,182,27,48,0.88,7,-1,-1
672,-1,266,156,10,14,0.71,7,-1,-1
672,-1,301,157,9,13,0.19,7,-1,-1
673,-1,242,183,27,50,0.88,7,-1,-1
673,-1,266,156,10,15,0.76,7,-1,-1
673,-1,300,156,9,14,0.15,7,-1,-1
674,-1,241,184,28,52,0.88,7,-1,-1
674,-1,266,156,10,15,0.76,7,-1,-1
674,-1,300,156,9,14,0.15,7,-1,-1
675,-1,239,185,28,54,0.88,7,-1,-1
675,-1,266,156,10,15,0.75,7,-1,-1
676,-1,238,186,29,54,0.89,7,-1,-1
676,-1,266,156,10,15,0.73,7,-1,-1
677,-1,236,187,30,56,0.90,7,-1,-1
677,-1,266,157,10,15,0.69,7,-1,-1
678,-1,234,189,32,58,0.88,7,-1,-1
678,-1,266,158,10,15,0.57,7,-1,-1
679,-1,232,190,33,60,0.89,7,-1,-1
679,-1,267,159,10,14,0.58,2,-1,-1
680,-1,230,191,34,62,0.89,7,-1,-1
680,-1,267,159,10,14,0.57,2,-1,-1
680,-1,298,155,8,12,0.11,7,-1,-1
681,-1,228,192,35,65,0.90,7,-1,-1
681,-1,268,160,10,14,0.64,2,-1,-1
682,-1,226,194,37,67,0.92,7,-1,-1
682,-1,268,160,9,14,0.55,2,-1,-1
683,-1,222,195,40,70,0.92,7,-1,-1
683,-1,268,161,10,14,0.63,2,-1,-1
683,-1,296,153,8,13,0.24,7,-1,-1
684,-1,220,196,42,72,0.92,7,-1,-1
684,-1,268,161,10,15,0.58,2,-1,-1
684,-1,296,154,8,11,0.17,7,-1,-1
685,-1,217,199,42,76,0.90,7,-1,-1
685,-1,268,160,10,15,0.63,2,-1,-1
685,-1,295,154,8,12,0.25,7,-1,-1
686,-1,214,200,43,78,0.91,7,-1,-1
686,-1,268,160,10,16,0.64,2,-1,-1
686,-1,295,154,8,12,0.23,7,-1,-1
687,-1,211,203,45,82,0.90,7,-1,-1
687,-1,268,161,10,16,0.56,2,-1,-1
687,-1,294,154,8,11,0.11,7,-1,-1
688,-1,208,204,47,85,0.90,7,-1,-1
688,-1,268,161,10,16,0.55,2,-1,-1
688,-1,294,154,8,11,0.11,7,-1,-1
689,-1,204,207,49,91,0.91,7,-1,-1
689,-1,268,162,10,16,0.48,2,-1,-1
690,-1,200,209,52,95,0.92,7,-1,-1
690,-1,268,161,10,17,0.42,2,-1,-1
691,-1,194,212,56,101,0.92,7,-1,-1
691,-1,268,162,11,17,0.45,7,-1,-1
692,-1,191,213,58,105,0.92,7,-1,-1
692,-1,268,162,11,17,0.56,7,-1,-1
693,-1,185,218,62,112,0.93,7,-1,-1
693,-1,268,162,11,18,0.58,7,-1,-1
694,-1,179,220,66,117,0.92,7,-1,-1
694,-1,268,162,11,18,0.56,7,-1,-1
695,-1,172,223,70,128,0.92,7,-1,-1
695,-1,268,163,12,18,0.45,2,-1,-1
696,-1,167,226,74,134,0.93,7,-1,-1
696,-1,268,163,12,18,0.45,2,-1,-1
697,-1,158,231,80,146,0.92,7,-1,-1
697,-1,268,164,11,18,0.48,2,-1,-1
698,-1,151,235,84,154,0.94,7,-1,-1
698,-1,268,164,11,20,0.50,7,-1,-1
699,-1,140,241,94,170,0.92,7,-1,-1
699,-1,418,428,70,93,0.92,2,-1,-1
699,-1,268,164,11,19,0.44,2,-1,-1
700,-1,125,246,105,192,0.91,7,-1,-1
700,-1,404,396,60,82,0.91,2,-1,-1
700,-1,268,166,11,18,0.73,2,-1,-1
701,-1,396,378,54,75,0.92,2,-1,-1
701,-1,116,250,110,208,0.92,7,-1,-1
701,-1,268,167,12,18,0.65,2,-1,-1
702,-1,389,362,50,68,0.92,2,-1,-1
702,-1,103,256,120,225,0.89,7,-1,-1
702,-1,268,167,12,18,0.71,2,-1,-1
703,-1,380,341,45,60,0.90,2,-1,-1
703,-1,81,264,140,260,0.88,7,-1,-1
703,-1,268,168,12,18,0.63,2,-1,-1
704,-1,376,330,41,57,0.91,2,-1,-1
704,-1,268,168,12,18,0.66,2,-1,-1
705,-1,369,312,39,53,0.89,2,-1,-1
705,-1,268,169,12,18,0.55,2,-1,-1
706,-1,366,304,36,50,0.90,2,-1,-1
706,-1,268,169,12,18,0.61,2,-1,-1
707,-1,360,292,33,46,0.89,2,-1,-1
707,-1,267,169,12,20,0.53,7,-1,-1
708,-1,357,284,32,44,0.90,2,-1,-1
708,-1,267,169,12,20,0.61,7,-1,-1
709,-1,352,274,30,42,0.90,2,-1,-1
709,-1,266,169,13,20,0.47,2,-1,-1
710,-1,350,270,29,39,0.90,2,-1,-1
710,-1,266,170,13,20,0.46,2,-1,-1
711,-1,347,262,27,36,0.89,2,-1,-1
711,-1,266,170,14,21,0.61,2,-1,-1
712,-1,345,255,25,34,0.89,2,-1,-1
712,-1,265,170,14,22,0.56,7,-1,-1
713,-1,343,250,25,33,0.89,2,-1,-1
713,-1,265,169,14,24,0.80,7,-1,-1
714,-1,342,246,24,32,0.89,2,-1,-1
714,-1,264,170,15,24,0.77,7,-1,-1
715,-1,339,240,22,31,0.88,2,-1,-1
715,-1,264,170,16,24,0.65,7,-1,-1
716,-1,338,236,22,30,0.88,2,-1,-1
716,-1,264,170,15,24,0.60,7,-1,-1
717,-1,336,231,22,30,0.89,2,-1,-1
717,-1,264,171,15,25,0.70,7,-1,-1
718,-1,334,228,20,27,0.87,2,-1,-1
718,-1,264,172,15,24,0.68,7,-1,-1
719,-1,334,224,20,28,0.88,2,-1,-1
719,-1,263,171,16,27,0.85,7,-1,-1
720,-1,332,222,20,26,0.86,2,-1,-1
720,-1,263,171,16,28,0.85,7,-1,-1
721,-1,330,218,20,26,0.88,2,-1,-1
721,-1,263,172,16,27,0.85,7,-1,-1
722,-1,330,215,18,24,0.87,2,-1,-1
722,-1,262,172,17,29,0.86,7,-1,-1
723,-1,328,212,18,24,0.87,2,-1,-1
723,-1,262,173,17,29,0.86,7,-1,-1
724,-1,327,210,18,22,0.88,2,-1,-1
724,-1,260,174,18,29,0.87,7,-1,-1
725,-1,260,174,18,30,0.87,7,-1,-1
725,-1,326,207,18,23,0.85,2,-1,-1
726,-1,260,174,18,30,0.87,7,-1,-1
726,-1,326,206,17,22,0.85,2,-1,-1
727,-1,325,204,17,22,0.88,2,-1,-1
727,-1,260,176,18,30,0.87,7,-1,-1
728,-1,324,202,16,20,0.87,2,-1,-1
728,-1,258,176,19,31,0.87,7,-1,-1
729,-1,258,177,19,32,0.87,7,-1,-1
729,-1,323,200,16,20,0.86,2,-1,-1
730,-1,258,178,19,32,0.87,7,-1,-1
730,-1,322,198,17,21,0.87,2,-1,-1
731,-1,257,178,20,33,0.88,7,-1,-1
731,-1,321,195,17,21,0.88,2,-1,-1
732,-1,256,178,20,34,0.88,7,-1,-1
732,-1,320,194,16,20,0.85,2,-1,-1
733,-1,256,178,20,34,0.88,7,-1,-1
733,-1,321,193,15,18,0.85,2,-1,-1
734,-1,255,179,20,35,0.88,7,-1,-1
734,-1,320,191,15,19,0.85,2,-1,-1
735,-1,255,180,21,36,0.88,7,-1,-1
735,-1,320,190,14,18,0.85,2,-1,-1
736,-1,254,181,21,37,0.88,7,-1,-1
736,-1,318,189,15,18,0.84,2,-1,-1
737,-1,252,181,21,38,0.88,7,-1,-1
737,-1,319,189,14,16,0.84,2,-1,-1
738,-1,252,182,22,38,0.88,7,-1,-1
738,-1,318,187,14,16,0.86,2,-1,-1
739,-1,251,183,22,39,0.88,7,-1,-1
739,-1,318,185,13,17,0.86,2,-1,-1
740,-1,250,184,22,40,0.87,7,-1,-1
740,-1,318,184,13,17,0.85,2,-1,-1
741,-1,249,184,22,41,0.87,7,-1,-1
741,-1,317,183,13,16,0.85,2,-1,-1
742,-1,248,184,23,42,0.87,7,-1,-1
742,-1,317,182,12,15,0.84,2,-1,-1
743,-1,246,186,24,43,0.88,7,-1,-1
743,-1,316,181,12,15,0.82,2,-1,-1
744,-1,245,187,25,44,0.89,7,-1,-1
744,-1,315,180,13,15,0.83,2,-1,-1
745,-1,244,188,26,45,0.89,7,-1,-1
745,-1,316,180,12,15,0.84,2,-1,-1
746,-1,243,189,26,46,0.89,7,-1,-1
746,-1,314,178,12,14,0.83,2,-1,-1
747,-1,242,190,27,46,0.89,7,-1,-1
747,-1,314,177,13,14,0.82,2,-1,-1
748,-1,240,191,28,46,0.88,7,-1,-1
748,-1,314,177,12,14,0.81,2,-1,-1
749,-1,239,192,28,49,0.89,7,-1,-1
749,-1,313,176,12,14,0.82,2,-1,-1
750,-1,238,193,28,50,0.89,7,-1,-1
750,-1,313,176,12,14,0.82,2,-1,-1
751,-1,236,194,30,52,0.89,7,-1,-1
751,-1,312,175,12,13,0.81,2,-1,-1
752,-1,235,195,30,53,0.89,7,-1,-1
752,-1,312,174,11,12,0.80,2,-1,-1
753,-1,232,197,32,54,0.89,7,-1,-1
753,-1,312,174,11,12,0.79,2,-1,-1
753,-1,276,164,7,7,0.39,2,-1,-1
754,-1,231,198,32,56,0.89,7,-1,-1
754,-1,312,173,11,13,0.70,2,-1,-1
754,-1,276,164,8,7,0.36,2,-1,-1
755,-1,228,200,33,58,0.90,7,-1,-1
755,-1,311,171,10,12,0.77,2,-1,-1
755,-1,276,164,8,8,0.48,2,-1,-1
756,-1,228,201,34,59,0.91,7,-1,-1
756,-1,310,171,10,12,0.79,2,-1,-1
756,-1,276,164,8,8,0.48,2,-1,-1
757,-1,224,203,36,62,0.90,7,-1,-1
757,-1,310,170,10,12,0.66,2,-1,-1
757,-1,277,165,8,8,0.29,2,-1,-1
758,-1,222,204,36,63,0.91,7,-1,-1
758,-1,310,170,10,12,0.66,2,-1,-1
758,-1,277,165,8,8,0.29,2,-1,-1
759,-1,220,206,38,65,0.90,7,-1,-1
759,-1,310,168,10,12,0.81,2,-1,-1
759,-1,277,165,8,9,0.57,2,-1,-1
760,-1,218,206,39,68,0.91,7,-1,-1
760,-1,309,168,10,12,0.80,2,-1,-1
760,-1,277,165,8,9,0.58,2,-1,-1
761,-1,215,210,40,69,0.91,7,-1,-1
761,-1,308,168,10,11,0.74,2,-1,-1
761,-1,278,166,8,9,0.61,2,-1,-1
762,-1,214,212,40,72,0.91,7,-1,-1
762,-1,308,167,10,11,0.78,2,-1,-1
762,-1,278,167,8,9,0.71,2,-1,-1
763,-1,210,214,42,75,0.90,7,-1,-1
763,-1,278,168,8,10,0.71,2,-1,-1
763,-1,307,167,10,11,0.61,2,-1,-1
764,-1,206,216,43,78,0.90,7,-1,-1
764,-1,306,166,10,10,0.77,2,-1,-1
764,-1,278,168,9,10,0.72,2,-1,-1
765,-1,204,218,45,80,0.90,7,-1,-1
765,-1,306,166,10,10,0.76,2,-1,-1
765,-1,278,168,9,10,0.72,2,-1,-1
766,-1,202,220,46,84,0.90,7,-1,-1
766,-1,278,169,9,10,0.65,2,-1,-1
766,-1,306,165,10,10,0.64,2,-1,-1
767,-1,197,223,48,87,0.91,7,-1,-1
767,-1,305,163,9,11,0.78,2,-1,-1
767,-1,278,169,9,10,0.65,2,-1,-1
768,-1,194,226,50,91,0.90,7,-1,-1
768,-1,305,163,9,11,0.78,2,-1,-1
768,-1,278,170,9,10,0.72,2,-1,-1
769,-1,189,229,52,96,0.92,7,-1,-1
769,-1,278,171,10,11,0.71,2,-1,-1
769,-1,304,162,9,12,0.69,2,-1,-1
770,-1,188,231,53,100,0.92,7,-1,-1
770,-1,279,171,10,10,0.79,2,-1,-1
770,-1,304,161,8,11,0.73,2,-1,-1
771,-1,181,236,58,104,0.92,7,-1,-1
771,-1,278,172,10,11,0.78,2,-1,-1
771,-1,304,161,8,11,0.66,2,-1,-1
772,-1,176,238,61,109,0.91,7,-1,-1
772,-1,278,172,10,10,0.78,2,-1,-1
772,-1,303,160,8,10,0.52,2,-1,-1
773,-1,170,243,66,117,0.93,7,-1,-1
773,-1,278,173,10,11,0.78,2,-1,-1
773,-1,302,160,8,10,0.38,2,-1,-1
774,-1,166,245,68,123,0.92,7,-1,-1
774,-1,279,173,10,11,0.78,2,-1,-1
774,-1,302,160,8,11,0.42,2,-1,-1
775,-1,156,251,74,133,0.92,7,-1,-1
775,-1,279,174,10,12,0.79,2,-1,-1
776,-1,150,254,78,140,0.93,7,-1,-1
776,-1,279,175,10,12,0.79,2,-1,-1
777,-1,142,259,83,154,0.92,7,-1,-1
777,-1,279,176,10,12,0.82,2,-1,-1
777,-1,300,158,9,10,0.16,2,-1,-1
778,-1,136,264,87,162,0.93,7,-1,-1
778,-1,279,177,10,12,0.82,2,-1,-1
779,-1,124,271,96,178,0.92,7,-1,-1
779,-1,279,178,10,12,0.83,2,-1,-1
779,-1,298,158,8,10,0.19,2,-1,-1
780,-1,114,276,103,193,0.93,7,-1,-1
780,-1,279,179,10,12,0.83,2,-1,-1
780,-1,298,157,8,10,0.22,2,-1,-1
781,-1,100,284,113,215,0.91,7,-1,-1
781,-1,278,180,10,12,0.82,2,-1,-1
782,-1,86,290,123,234,0.89,7,-1,-1
782,-1,278,181,10,12,0.82,2,-1,-1
783,-1,278,182,10,12,0.83,2,-1,-1
783,-1,296,156,8,10,0.31,2,-1,-1
784,-1,277,183,11,12,0.82,2,-1,-1
785,-1,277,183,12,14,0.83,2,-1,-1
786,-1,277,184,12,14,0.86,2,-1,-1
787,-1,276,186,12,15,0.87,2,-1,-1
788,-1,276,187,12,14,0.86,2,-1,-1
789,-1,276,189,13,14,0.86,2,-1,-1
790,-1,275,190,13,15,0.84,2,-1,-1
791,-1,274,192,14,16,0.85,2,-1,-1
791,-1,290,152,7,9,0.11,2,-1,-1
792,-1,274,192,14,16,0.85,2,-1,-1
792,-1,290,152,7,9,0.12,2,-1,-1
793,-1,273,193,14,17,0.85,2,-1,-1
794,-1,272,194,14,18,0.85,2,-1,-1
795,-1,272,197,15,18,0.84,2,-1,-1
796,-1,272,198,15,18,0.86,2,-1,-1
797,-1,271,200,15,18,0.87,2,-1,-1
798,-1,270,202,15,18,0.87,2,-1,-1
799,-1,270,204,15,19,0.87,2,-1,-1
800,-1,269,206,15,20,0.88,2,-1,-1
801,-1,268,209,16,20,0.87,2,-1,-1
802,-1,266,210,17,20,0.88,2,-1,-1
803,-1,265,214,18,20,0.87,2,-1,-1
804,-1,264,216,18,21,0.85,2,-1,-1
805,-1,264,219,18,22,0.88,2,-1,-1
806,-1,263,222,17,22,0.85,2,-1,-1
807,-1,262,226,18,22,0.88,2,-1,-1
808,-1,260,228,18,24,0.87,2,-1,-1
809,-1,260,234,18,24,0.88,2,-1,-1
810,-1,258,236,19,24,0.87,2,-1,-1
811,-1,256,242,20,26,0.88,2,-1,-1
812,-1,254,246,20,26,0.86,2,-1,-1
813,-1,252,252,22,28,0.88,2,-1,-1
814,-1,250,256,24,30,0.87,2,-1,-1
815,-1,247,262,24,32,0.87,2,-1,-1
816,-1,246,268,24,33,0.88,2,-1,-1
817,-1,242,275,26,36,0.90,2,-1,-1
818,-1,240,282,28,37,0.89,2,-1,-1
819,-1,236,291,29,42,0.89,2,-1,-1
820,-1,234,299,30,44,0.90,2,-1,-1
821,-1,229,311,32,49,0.90,2,-1,-1
822,-1,226,322,33,51,0.90,2,-1,-1
823,-1,220,338,36,58,0.91,2,-1,-1
823,-1,266,156,8,14,0.28,7,-1,-1
824,-1,215,351,38,62,0.92,2,-1,-1
824,-1,266,157,8,14,0.14,2,-1,-1
825,-1,207,374,42,72,0.93,2,-1,-1
825,-1,266,158,8,12,0.16,2,-1,-1
826,-1,200,390,46,80,0.92,2,-1,-1
826,-1,267,159,8,12,0.12,2,-1,-1
826,-1,276,165,8,8,0.12,2,-1,-1
827,-1,190,420,51,96,0.92,2,-1,-1
827,-1,267,160,8,12,0.12,2,-1,-1
828,-1,267,158,9,13,0.48,2,-1,-1
829,-1,267,158,10,14,0.35,2,-1,-1
829,-1,278,168,8,7,0.31,2,-1,-1
830,-1,267,159,10,14,0.35,2,-1,-1
831,-1,268,160,9,13,0.50,2,-1,-1
832,-1,268,160,10,13,0.63,2,-1,-1
832,-1,278,170,8,8,0.11,2,-1,-1
833,-1,268,161,10,14,0.65,2,-1,-1
833,-1,278,171,8,8,0.13,2,-1,-1
834,-1,268,161,10,14,0.65,2,-1,-1
834,-1,278,171,8,8,0.13,2,-1,-1
835,-1,268,162,10,13,0.67,2,-1,-1
835,-1,279,172,8,8,0.38,2,-1,-1
836,-1,268,161,10,16,0.63,2,-1,-1
836,-1,279,173,8,8,0.22,2,-1,-1
837,-1,268,161,10,16,0.57,2,-1,-1
837,-1,280,174,8,8,0.28,2,-1,-1
838,-1,268,161,10,16,0.56,2,-1,-1
838,-1,280,174,8,8,0.35,2,-1,-1
839,-1,268,162,10,16,0.57,2,-1,-1
839,-1,279,176,8,8,0.28,2,-1,-1
840,-1,268,162,10,16,0.56,2,-1,-1
840,-1,278,176,8,8,0.24,2,-1,-1
841,-1,279,175,8,9,0.69,2,-1,-1
841,-1,268,164,10,16,0.50,2,-1,-1
842,-1,280,176,8,9,0.62,2,-1,-1
842,-1,268,164,10,16,0.58,2,-1,-1
843,-1,279,176,8,9,0.58,2,-1,-1
843,-1,268,164,10,16,0.56,2,-1,-1
844,-1,268,165,10,16,0.66,2,-1,-1
844,-1,280,177,8,9,0.61,2,-1,-1
845,-1,279,179,9,10,0.73,2,-1,-1
845,-1,268,166,10,16,0.66,2,-1,-1
846,-1,279,180,9,10,0.71,2,-1,-1
846,-1,268,166,10,16,0.64,2,-1,-1
847,-1,279,180,9,10,0.69,2,-1,-1
847,-1,268,167,11,17,0.67,2,-1,-1
848,-1,268,168,11,16,0.71,2,-1,-1
848,-1,279,180,9,10,0.69,2,-1,-1
849,-1,278,182,10,10,0.74,2,-1,-1
849,-1,268,168,11,18,0.59,2,-1,-1
850,-1,278,182,10,10,0.76,2,-1,-1
850,-1,268,168,12,18,0.44,2,-1,-1
851,-1,278,184,10,10,0.70,2,-1,-1
851,-1,268,169,12,18,0.44,2,-1,-1
852,-1,278,184,10,10,0.62,2,-1,-1
852,-1,267,170,12,18,0.50,2,-1,-1
853,-1,278,187,10,11,0.72,2,-1,-1
853,-1,266,170,12,18,0.51,2,-1,-1
854,-1,277,187,10,10,0.70,2,-1,-1
854,-1,266,170,13,19,0.58,2,-1,-1
854,-1,277,165,7,7,0.10,2,-1,-1
855,-1,276,188,12,12,0.72,2,-1,-1
855,-1,265,171,13,20,0.68,2,-1,-1
855,-1,278,165,7,8,0.11,2,-1,-1
856,-1,276,188,12,12,0.70,2,-1,-1
856,-1,265,171,13,20,0.67,2,-1,-1
857,-1,264,172,13,20,0.72,2,-1,-1
857,-1,276,190,12,12,0.71,2,-1,-1
857,-1,278,167,8,8,0.29,2,-1,-1
858,-1,276,191,12,12,0.72,2,-1,-1
858,-1,265,172,13,21,0.69,2,-1,-1
858,-1,278,167,8,8,0.33,2,-1,-1
859,-1,275,192,12,12,0.78,2,-1,-1
859,-1,264,172,14,22,0.67,7,-1,-1
859,-1,278,167,8,8,0.44,2,-1,-1
859,-1,268,174,14,23,0.16,2,-1,-1
860,-1,274,194,12,13,0.80,2,-1,-1
860,-1,264,174,14,22,0.49,2,-1,-1
860,-1,278,168,9,9,0.47,2,-1,-1
861,-1,274,194,12,14,0.78,2,-1,-1
861,-1,264,175,14,22,0.58,2,-1,-1
861,-1,278,168,8,10,0.54,2,-1,-1
862,-1,274,195,13,14,0.79,2,-1,-1
862,-1,263,176,14,21,0.78,2,-1,-1
862,-1,278,169,9,9,0.54,2,-1,-1
863,-1,273,196,14,14,0.79,2,-1,-1
863,-1,262,177,14,22,0.72,2,-1,-1
863,-1,278,169,9,9,0.43,2,-1,-1
864,-1,272,198,13,14,0.81,2,-1,-1
864,-1,262,177,14,22,0.73,2,-1,-1
864,-1,279,170,9,9,0.47,2,-1,-1
865,-1,272,200,13,14,0.84,2,-1,-1
865,-1,262,178,15,24,0.76,2,-1,-1
865,-1,279,170,9,9,0.70,2,-1,-1
866,-1,272,200,13,16,0.86,2,-1,-1
866,-1,279,171,9,9,0.68,2,-1,-1
866,-1,261,178,15,24,0.55,2,-1,-1
867,-1,260,178,15,26,0.86,7,-1,-1
867,-1,270,202,14,16,0.85,2,-1,-1
867,-1,279,172,9,10,0.68,2,-1,-1
868,-1,260,179,15,26,0.86,7,-1,-1
868,-1,270,204,14,16,0.85,2,-1,-1
868,-1,279,172,10,10,0.70,2,-1,-1
869,-1,269,206,14,16,0.85,2,-1,-1
869,-1,258,180,16,27,0.84,7,-1,-1
869,-1,280,173,9,10,0.67,2,-1,-1
870,-1,269,207,14,17,0.87,2,-1,-1
870,-1,258,180,16,27,0.83,7,-1,-1
870,-1,279,174,10,10,0.64,2,-1,-1
871,-1,268,210,14,16,0.87,2,-1,-1
871,-1,257,181,17,28,0.86,7,-1,-1
871,-1,279,174,10,10,0.70,2,-1,-1
871,-1,276,165,8,8,0.11,2,-1,-1
872,-1,268,212,14,16,0.86,2,-1,-1
872,-1,256,182,18,29,0.85,7,-1,-1
872,-1,280,175,9,10,0.70,2,-1,-1
872,-1,276,166,8,8,0.27,2,-1,-1
873,-1,266,215,14,18,0.86,2,-1,-1
873,-1,256,183,18,30,0.86,7,-1,-1
873,-1,279,176,10,10,0.71,2,-1,-1
873,-1,276,167,8,8,0.22,2,-1,-1
874,-1,255,184,18,30,0.86,7,-1,-1
874,-1,265,216,16,18,0.86,2,-1,-1
874,-1,279,177,10,10,0.76,2,-1,-1
874,-1,276,167,8,8,0.42,2,-1,-1
874,-1,264,154,9,13,0.11,7,-1,-1
875,-1,254,184,18,32,0.87,7,-1,-1
875,-1,264,219,15,18,0.84,2,-1,-1
875,-1,279,177,10,11,0.81,2,-1,-1
875,-1,277,167,8,8,0.45,2,-1,-1
875,-1,264,155,9,13,0.19,7,-1,-1
876,-1,253,185,19,32,0.88,7,-1,-1
876,-1,263,222,16,19,0.85,2,-1,-1
876,-1,279,178,10,11,0.79,2,-1,-1
876,-1,276,167,8,9,0.49,2,-1,-1
876,-1,264,155,9,14,0.26,7,-1,-1
877,-1,252,187,20,32,0.88,7,-1,-1
877,-1,262,224,16,20,0.86,2,-1,-1
877,-1,279,180,10,11,0.76,2,-1,-1
877,-1,266,156,9,14,0.54,7,-1,-1
877,-1,276,168,9,9,0.53,2,-1,-1
878,-1,251,188,20,33,0.88,7,-1,-1
878,-1,261,227,16,21,0.87,2,-1,-1
878,-1,279,180,10,11,0.73,2,-1,-1
878,-1,277,168,9,9,0.58,2,-1,-1
878,-1,266,156,9,14,0.56,7,-1,-1
878,-1,278,171,10,11,0.11,2,-1,-1
879,-1,250,190,21,34,0.88,7,-1,-1
879,-1,259,231,17,21,0.86,2,-1,-1
879,-1,278,182,10,12,0.69,2,-1,-1
879,-1,278,170,9,9,0.58,2,-1,-1
879,-1,266,158,10,12,0.47,2,-1,-1
880,-1,258,234,17,22,0.88,2,-1,-1
880,-1,248,190,22,35,0.87,7,-1,-1
880,-1,278,182,11,12,0.68,2,-1,-1
880,-1,278,170,9,9,0.65,2,-1,-1
880,-1,266,158,10,13,0.41,2,-1,-1
880,-1,277,176,12,16,0.18,2,-1,-1
881,-1,246,192,23,37,0.88,7,-1,-1
881,-1,256,239,18,22,0.86,2,-1,-1
881,-1,278,184,11,12,0.75,2,-1,-1
881,-1,278,171,9,10,0.73,2,-1,-1
881,-1,266,158,10,13,0.41,2,-1,-1
881,-1,277,174,11,16,0.13,2,-1,-1
882,-1,246,193,23,38,0.89,7,-1,-1
882,-1,255,242,18,22,0.88,2,-1,-1
882,-1,277,184,12,12,0.79,2,-1,-1
882,-1,278,172,9,10,0.72,2,-1,-1
882,-1,266,158,10,14,0.46,7,-1,-1
882,-1,277,174,11,15,0.16,2,-1,-1
883,-1,244,194,24,38,0.89,7,-1,-1
883,-1,253,247,18,24,0.87,2,-1,-1
883,-1,278,186,11,12,0.81,2,-1,-1
883,-1,277,172,9,10,0.73,2,-1,-1
883,-1,266,158,10,14,0.44,2,-1,-1
884,-1,242,196,25,39,0.89,7,-1,-1
884,-1,250,251,20,24,0.88,2,-1,-1
884,-1,277,186,11,12,0.83,2,-1,-1
884,-1,277,173,9,10,0.70,2,-1,-1
884,-1,266,159,10,14,0.47,7,-1,-1
885,-1,248,256,20,26,0.89,2,-1,-1
885,-1,241,198,26,40,0.88,7,-1,-1
885,-1,276,188,12,12,0.81,2,-1,-1
885,-1,277,173,9,10,0.68,2,-1,-1
885,-1,266,160,10,14,0.64,2,-1,-1
886,-1,246,261,20,26,0.88,2,-1,-1
886,-1,240,200,26,41,0.87,7,-1,-1
886,-1,276,190,12,12,0.79,2,-1,-1
886,-1,277,174,9,10,0.74,2,-1,-1
886,-1,266,160,10,14,0.63,2,-1,-1
887,-1,237,201,27,44,0.89,7,-1,-1
887,-1,244,268,20,28,0.88,2,-1,-1
887,-1,276,191,12,13,0.80,2,-1,-1
887,-1,278,175,9,10,0.77,2,-1,-1
887,-1,266,160,10,14,0.68,2,-1,-1
888,-1,236,203,27,44,0.89,7,-1,-1
888,-1,241,272,22,30,0.88,2,-1,-1
888,-1,275,192,13,13,0.81,2,-1,-1
888,-1,278,175,9,10,0.78,2,-1,-1
888,-1,266,160,10,14,0.66,2,-1,-1
889,-1,232,204,30,47,0.89,7,-1,-1
889,-1,239,280,22,31,0.88,2,-1,-1
889,-1,274,194,13,13,0.83,2,-1,-1
889,-1,277,176,10,10,0.74,2,-1,-1
889,-1,266,160,10,16,0.49,7,-1,-1
890,-1,236,286,24,33,0.89,2,-1,-1
890,-1,230,206,30,48,0.89,7,-1,-1
890,-1,273,195,14,14,0.83,2,-1,-1
890,-1,278,177,10,10,0.78,2,-1,-1
890,-1,267,161,10,15,0.63,2,-1,-1
891,-1,228,209,32,50,0.89,7,-1,-1
891,-1,231,296,26,36,0.89,2,-1,-1
891,-1,277,178,10,11,0.81,2,-1,-1
891,-1,273,196,14,14,0.80,2,-1,-1
891,-1,267,161,10,15,0.65,2,-1,-1
892,-1,226,211,32,52,0.89,7,-1,-1
892,-1,228,302,26,38,0.89,2,-1,-1
892,-1,277,179,10,11,0.83,2,-1,-1
892,-1,273,197,14,14,0.82,2,-1,-1
892,-1,267,162,11,16,0.55,2,-1,-1
893,-1,223,315,29,41,0.90,2,-1,-1
893,-1,222,215,34,54,0.89,7,-1,-1
893,-1,272,200,14,14,0.85,2,-1,-1
893,-1,276,180,10,12,0.82,2,-1,-1
893,-1,267,162,10,16,0.54,2,-1,-1
894,-1,219,324,31,44,0.90,2,-1,-1
894,-1,221,216,34,56,0.89,7,-1,-1
894,-1,272,202,14,14,0.86,2,-1,-1
894,-1,276,181,10,12,0.79,2,-1,-1
894,-1,268,163,10,15,0.64,2,-1,-1
895,-1,213,338,33,50,0.90,2,-1,-1
895,-1,217,219,36,58,0.89,7,-1,-1
895,-1,271,204,14,15,0.85,2,-1,-1
895,-1,276,181,11,12,0.79,2,-1,-1
895,-1,268,164,10,15,0.65,2,-1,-1
896,-1,209,351,34,52,0.90,2,-1,-1
896,-1,214,222,38,61,0.90,7,-1,-1
896,-1,270,206,14,15,0.84,2,-1,-1
896,-1,276,182,11,12,0.83,2,-1,-1
896,-1,268,163,10,16,0.55,2,-1,-1
897,-1,200,370,38,59,0.90,2,-1,-1
897,-1,210,226,38,64,0.89,7,-1,-1
897,-1,269,208,15,16,0.87,2,-1,-1
897,-1,276,184,11,12,0.81,2,-1,-1
897,-1,268,163,11,16,0.47,2,-1,-1
898,-1,194,386,42,65,0.92,2,-1,-1
898,-1,208,228,40,67,0.90,7,-1,-1
898,-1,268,210,15,16,0.88,2,-1,-1
898,-1,276,184,11,12,0.82,2,-1,-1
898,-1,268,164,11,16,0.47,2,-1,-1
899,-1,184,414,46,75,0.92,2,-1,-1
899,-1,204,233,42,70,0.91,7,-1,-1
899,-1,267,212,15,16,0.86,2,-1,-1
899,-1,276,186,11,12,0.85,2,-1,-1
899,-1,268,165,11,17,0.61,2,-1,-1
900,-1,174,436,50,84,0.91,2,-1,-1
900,-1,199,236,45,72,0.90,7,-1,-1
900,-1,266,214,16,17,0.87,2,-1,-1
900,-1,275,186,12,13,0.86,2,-1,-1
900,-1,268,165,11,16,0.75,2,-1,-1
