1,-1,364,203,88,146,0.95,7,-1,-1
1,-1,572,448,67,91,0.94,7,-1,-1
1,-1,321,140,16,18,0.87,2,-1,-1
2,-1,557,420,82,119,0.96,7,-1,-1
2,-1,366,197,82,138,0.95,7,-1,-1
2,-1,321,141,15,17,0.85,2,-1,-1
3,-1,368,194,76,132,0.96,7,-1,-1
3,-1,547,405,92,134,0.95,7,-1,-1
3,-1,320,141,16,18,0.86,2,-1,-1
4,-1,367,190,72,124,0.96,7,-1,-1
4,-1,535,385,104,154,0.95,7,-1,-1
4,-1,319,143,17,19,0.85,2,-1,-1
5,-1,525,373,114,166,0.97,7,-1,-1
5,-1,367,186,70,119,0.96,7,-1,-1
5,-1,319,144,17,18,0.85,2,-1,-1
6,-1,514,355,125,183,0.96,7,-1,-1
6,-1,366,183,67,114,0.94,7,-1,-1
6,-1,318,145,17,20,0.87,2,-1,-1
7,-1,505,341,134,177,0.96,7,-1,-1
7,-1,366,179,63,108,0.94,7,-1,-1
7,-1,317,146,18,20,0.89,2,-1,-1
8,-1,502,335,136,175,0.96,7,-1,-1
8,-1,367,179,62,105,0.95,7,-1,-1
8,-1,317,147,18,20,0.89,2,-1,-1
9,-1,495,325,131,166,0.96,7,-1,-1
9,-1,366,175,62,103,0.94,7,-1,-1
9,-1,317,148,17,20,0.88,2,-1,-1
10,-1,487,312,122,154,0.95,7,-1,-1
10,-1,366,172,57,99,0.94,7,-1,-1
10,-1,315,149,19,22,0.88,2,-1,-1
11,-1,480,301,112,145,0.95,7,-1,-1
11,-1,366,169,55,95,0.94,7,-1,-1
11,-1,314,151,20,22,0.88,2,-1,-1
12,-1,475,293,108,139,0.96,7,-1,-1
12,-1,366,168,54,93,0.94,7,-1,-1
12,-1,314,152,19,22,0.88,2,-1,-1
13,-1,471,287,104,133,0.95,7,-1,-1
13,-1,365,165,53,90,0.94,7,-1,-1
13,-1,313,154,20,22,0.90,2,-1,-1
13,-1,313,129,11,12,0.19,2,-1,-1
14,-1,465,279,97,123,0.95,7,-1,-1
14,-1,364,163,51,86,0.94,7,-1,-1
14,-1,312,156,20,23,0.88,2,-1,-1
14,-1,313,129,11,13,0.18,2,-1,-1
15,-1,461,273,93,119,0.96,7,-1,-1
15,-1,364,161,49,84,0.94,7,-1,-1
15,-1,311,157,20,23,0.90,2,-1,-1
15,-1,313,129,11,13,0.20,2,-1,-1
16,-1,457,264,87,113,0.96,7,-1,-1
16,-1,364,158,48,81,0.93,7,-1,-1
16,-1,310,159,20,24,0.92,2,-1,-1
16,-1,312,130,11,13,0.64,2,-1,-1
17,-1,454,260,85,109,0.95,7,-1,-1
17,-1,363,156,48,79,0.92,7,-1,-1
17,-1,309,161,20,24,0.90,2,-1,-1
17,-1,312,130,11,13,0.66,2,-1,-1
18,-1,449,252,80,105,0.94,7,-1,-1
18,-1,307,163,21,25,0.90,2,-1,-1
18,-1,364,154,45,77,0.85,7,-1,-1
18,-1,311,130,12,14,0.68,2,-1,-1
19,-1,447,247,77,101,0.95,7,-1,-1
19,-1,306,165,21,26,0.93,2,-1,-1
19,-1,362,152,46,76,0.91,7,-1,-1
19,-1,311,131,12,14,0.74,2,-1,-1
20,-1,443,241,74,98,0.95,7,-1,-1
20,-1,306,168,21,27,0.92,2,-1,-1
20,-1,362,151,43,73,0.88,7,-1,-1
20,-1,311,131,12,14,0.76,2,-1,-1
21,-1,440,237,72,94,0.95,7,-1,-1
21,-1,360,151,44,71,0.91,7,-1,-1
21,-1,304,170,23,28,0.91,2,-1,-1
21,-1,310,132,12,15,0.55,2,-1,-1
22,-1,437,232,70,89,0.95,7,-1,-1
22,-1,360,150,42,69,0.92,7,-1,-1
22,-1,303,172,23,28,0.91,2,-1,-1
22,-1,310,133,12,14,0.63,2,-1,-1
23,-1,434,229,67,86,0.95,7,-1,-1
23,-1,360,149,42,66,0.92,7,-1,-1
23,-1,301,174,24,29,0.88,2,-1,-1
23,-1,309,134,12,13,0.76,2,-1,-1
24,-1,431,223,65,85,0.95,7,-1,-1
24,-1,300,178,24,30,0.92,2,-1,-1
24,-1,360,147,41,65,0.92,7,-1,-1
24,-1,309,134,12,14,0.78,2,-1,-1
25,-1,430,221,63,82,0.95,7,-1,-1
25,-1,359,147,40,62,0.93,7,-1,-1
25,-1,298,180,24,31,0.91,2,-1,-1
25,-1,308,136,13,13,0.79,2,-1,-1
26,-1,426,217,61,80,0.95,7,-1,-1
26,-1,296,184,26,32,0.91,2,-1,-1
26,-1,360,146,39,61,0.91,7,-1,-1
26,-1,578,493,61,46,0.90,7,-1,-1
26,-1,307,137,13,13,0.83,2,-1,-1
27,-1,425,214,60,78,0.95,7,-1,-1
27,-1,565,468,74,71,0.94,7,-1,-1
27,-1,359,145,39,59,0.92,7,-1,-1
27,-1,294,187,27,33,0.91,2,-1,-1
27,-1,307,137,13,13,0.85,2,-1,-1
28,-1,423,210,58,74,0.94,7,-1,-1
28,-1,549,441,90,98,0.94,7,-1,-1
28,-1,358,143,39,59,0.92,7,-1,-1
28,-1,292,191,27,35,0.91,2,-1,-1
28,-1,306,139,13,13,0.86,2,-1,-1
29,-1,535,414,104,125,0.95,7,-1,-1
29,-1,420,206,56,72,0.94,7,-1,-1
29,-1,290,196,28,38,0.92,2,-1,-1
29,-1,357,142,39,58,0.92,7,-1,-1
29,-1,305,140,13,13,0.85,2,-1,-1
29,-1,327,127,12,14,0.17,2,-1,-1
30,-1,527,399,112,140,0.95,7,-1,-1
30,-1,419,202,54,72,0.95,7,-1,-1
30,-1,287,199,29,38,0.93,2,-1,-1
30,-1,357,140,38,57,0.93,7,-1,-1
30,-1,305,140,13,13,0.85,2,-1,-1
30,-1,327,127,12,14,0.20,2,-1,-1
31,-1,520,384,119,155,0.95,7,-1,-1
31,-1,417,200,53,70,0.94,7,-1,-1
31,-1,357,140,37,56,0.93,7,-1,-1
31,-1,285,202,30,40,0.92,2,-1,-1
31,-1,303,142,13,13,0.84,2,-1,-1
31,-1,327,128,12,14,0.28,2,-1,-1
32,-1,510,365,129,174,0.96,7,-1,-1
32,-1,416,197,49,67,0.93,7,-1,-1
32,-1,357,139,36,52,0.92,7,-1,-1
32,-1,281,209,32,42,0.91,2,-1,-1
32,-1,302,143,13,13,0.84,2,-1,-1
32,-1,326,129,13,15,0.56,2,-1,-1
33,-1,499,347,140,192,0.96,7,-1,-1
33,-1,278,216,33,45,0.94,2,-1,-1
33,-1,414,196,47,63,0.93,7,-1,-1
33,-1,357,138,35,52,0.91,7,-1,-1
33,-1,301,145,14,13,0.86,2,-1,-1
33,-1,326,130,12,14,0.28,2,-1,-1
34,-1,494,337,145,202,0.96,7,-1,-1
34,-1,275,220,35,47,0.95,2,-1,-1
34,-1,412,193,48,64,0.94,7,-1,-1
34,-1,358,138,35,50,0.92,7,-1,-1
34,-1,300,145,15,13,0.88,2,-1,-1
34,-1,325,132,13,13,0.69,2,-1,-1
35,-1,487,326,152,213,0.96,7,-1,-1
35,-1,271,225,37,50,0.94,2,-1,-1
35,-1,410,190,48,64,0.93,7,-1,-1
35,-1,357,135,35,51,0.90,7,-1,-1
35,-1,300,146,14,13,0.89,2,-1,-1
35,-1,325,132,13,13,0.72,2,-1,-1
36,-1,480,313,159,226,0.97,7,-1,-1
36,-1,265,233,40,54,0.94,2,-1,-1
36,-1,409,188,47,61,0.93,7,-1,-1
36,-1,298,148,15,14,0.88,2,-1,-1
36,-1,357,135,34,50,0.87,7,-1,-1
36,-1,325,134,12,13,0.73,2,-1,-1
37,-1,476,306,163,233,0.97,7,-1,-1
37,-1,262,240,41,57,0.94,2,-1,-1
37,-1,408,186,45,60,0.93,7,-1,-1
37,-1,356,134,34,49,0.90,7,-1,-1
37,-1,297,148,15,15,0.88,2,-1,-1
37,-1,324,135,12,13,0.73,2,-1,-1
38,-1,469,295,170,240,0.97,7,-1,-1
38,-1,255,250,45,62,0.94,2,-1,-1
38,-1,407,182,45,60,0.93,7,-1,-1
38,-1,356,133,34,49,0.88,7,-1,-1
38,-1,296,149,15,15,0.87,2,-1,-1
38,-1,324,135,13,13,0.72,2,-1,-1
39,-1,464,287,171,232,0.96,7,-1,-1
39,-1,249,259,49,65,0.95,2,-1,-1
39,-1,406,182,44,58,0.93,7,-1,-1
39,-1,357,132,32,49,0.90,7,-1,-1
39,-1,295,151,16,15,0.87,2,-1,-1
39,-1,323,136,13,13,0.75,2,-1,-1
40,-1,460,279,157,212,0.97,7,-1,-1
40,-1,242,273,52,71,0.95,2,-1,-1
40,-1,404,179,42,57,0.93,7,-1,-1
40,-1,293,152,16,15,0.89,2,-1,-1
40,-1,358,133,31,45,0.88,7,-1,-1
40,-1,323,137,13,13,0.77,2,-1,-1
41,-1,456,273,148,202,0.96,7,-1,-1
41,-1,235,282,55,78,0.94,2,-1,-1
41,-1,403,176,41,57,0.92,7,-1,-1
41,-1,292,154,16,15,0.88,2,-1,-1
41,-1,323,138,12,13,0.78,2,-1,-1
41,-1,358,132,29,43,0.65,7,-1,-1
42,-1,450,264,139,187,0.96,7,-1,-1
42,-1,225,299,60,87,0.95,2,-1,-1
42,-1,402,174,41,57,0.93,7,-1,-1
42,-1,291,155,17,16,0.88,2,-1,-1
42,-1,322,139,13,13,0.77,2,-1,-1
42,-1,358,132,29,42,0.76,7,-1,-1
43,-1,448,259,134,179,0.96,7,-1,-1
43,-1,218,312,63,95,0.95,2,-1,-1
43,-1,401,173,40,56,0.93,7,-1,-1
43,-1,290,155,17,17,0.91,2,-1,-1
43,-1,322,140,12,13,0.76,2,-1,-1
43,-1,358,132,29,40,0.75,7,-1,-1
44,-1,445,252,124,166,0.96,7,-1,-1
44,-1,202,337,72,107,0.95,2,-1,-1
44,-1,401,172,38,54,0.92,7,-1,-1
44,-1,288,159,17,16,0.90,2,-1,-1
44,-1,321,140,13,14,0.72,2,-1,-1
44,-1,358,131,27,40,0.65,7,-1,-1
45,-1,439,246,119,157,0.95,7,-1,-1
45,-1,185,366,80,124,0.95,2,-1,-1
45,-1,400,169,38,54,0.91,7,-1,-1
45,-1,286,160,18,18,0.89,2,-1,-1
45,-1,320,142,13,13,0.75,2,-1,-1
45,-1,358,131,27,39,0.59,7,-1,-1
46,-1,438,241,113,150,0.96,7,-1,-1
46,-1,173,390,86,139,0.94,2,-1,-1
46,-1,400,170,37,51,0.91,7,-1,-1
46,-1,285,161,18,18,0.88,2,-1,-1
46,-1,319,144,13,13,0.78,2,-1,-1
46,-1,358,130,27,39,0.50,7,-1,-1
47,-1,436,237,108,144,0.96,7,-1,-1
47,-1,155,416,97,123,0.95,2,-1,-1
47,-1,399,168,37,50,0.91,7,-1,-1
47,-1,283,162,19,19,0.91,2,-1,-1
47,-1,320,144,13,14,0.79,2,-1,-1
47,-1,358,130,27,38,0.65,7,-1,-1
48,-1,432,231,103,137,0.97,7,-1,-1
48,-1,137,466,99,73,0.93,2,-1,-1
48,-1,282,165,19,19,0.91,2,-1,-1
48,-1,397,167,35,48,0.90,7,-1,-1
48,-1,319,145,14,14,0.80,2,-1,-1
49,-1,430,227,100,132,0.96,7,-1,-1
49,-1,397,167,35,48,0.90,7,-1,-1
49,-1,280,166,19,19,0.90,2,-1,-1
49,-1,133,510,91,29,0.86,2,-1,-1
49,-1,318,147,14,14,0.81,2,-1,-1
49,-1,359,128,24,38,0.19,7,-1,-1
50,-1,427,224,93,122,0.97,7,-1,-1
50,-1,278,169,19,20,0.92,2,-1,-1
50,-1,396,165,34,46,0.91,7,-1,-1
50,-1,318,147,14,15,0.80,2,-1,-1
50,-1,357,127,25,37,0.79,7,-1,-1
51,-1,426,220,90,119,0.97,7,-1,-1
51,-1,277,171,20,20,0.92,2,-1,-1
51,-1,395,164,34,46,0.90,7,-1,-1
51,-1,318,149,14,15,0.81,2,-1,-1
51,-1,357,127,25,36,0.77,7,-1,-1
52,-1,423,214,86,116,0.96,7,-1,-1
52,-1,274,174,20,20,0.91,2,-1,-1
52,-1,395,164,33,43,0.86,7,-1,-1
52,-1,316,152,15,14,0.83,2,-1,-1
52,-1,357,126,23,34,0.62,7,-1,-1
52,-1,323,143,14,11,0.33,2,-1,-1
53,-1,420,210,81,109,0.95,7,-1,-1
53,-1,272,177,21,21,0.93,2,-1,-1
53,-1,394,161,32,43,0.87,7,-1,-1
53,-1,315,153,16,15,0.84,2,-1,-1
53,-1,357,126,23,34,0.69,7,-1,-1
53,-1,322,143,14,12,0.25,2,-1,-1
54,-1,419,207,79,108,0.96,7,-1,-1
54,-1,270,179,21,21,0.92,2,-1,-1
54,-1,393,161,31,42,0.87,7,-1,-1
54,-1,314,153,15,15,0.85,2,-1,-1
54,-1,356,125,23,34,0.72,7,-1,-1
54,-1,323,143,14,13,0.32,2,-1,-1
55,-1,417,204,75,102,0.96,7,-1,-1
55,-1,268,183,21,22,0.93,2,-1,-1
55,-1,393,160,30,42,0.86,7,-1,-1
55,-1,355,124,25,35,0.86,7,-1,-1
55,-1,314,156,15,15,0.86,2,-1,-1
55,-1,322,144,14,12,0.48,2,-1,-1
56,-1,416,201,73,100,0.96,7,-1,-1
56,-1,266,185,22,22,0.92,2,-1,-1
56,-1,392,158,30,41,0.88,7,-1,-1
56,-1,355,124,25,35,0.87,7,-1,-1
56,-1,313,157,15,15,0.83,2,-1,-1
56,-1,322,145,13,13,0.66,2,-1,-1
57,-1,414,199,71,97,0.95,7,-1,-1
57,-1,263,189,22,23,0.92,2,-1,-1
57,-1,355,123,23,33,0.85,7,-1,-1
57,-1,312,160,15,15,0.83,2,-1,-1
57,-1,392,156,30,42,0.83,7,-1,-1
57,-1,321,146,15,14,0.76,2,-1,-1
58,-1,413,196,68,95,0.95,7,-1,-1
58,-1,261,191,22,24,0.93,2,-1,-1
58,-1,355,123,23,33,0.87,7,-1,-1
58,-1,391,157,30,39,0.84,7,-1,-1
58,-1,311,161,15,15,0.83,2,-1,-1
58,-1,321,147,15,14,0.77,2,-1,-1
59,-1,412,194,66,92,0.95,7,-1,-1
59,-1,258,194,22,24,0.91,2,-1,-1
59,-1,355,123,23,32,0.88,7,-1,-1
59,-1,390,154,29,40,0.85,7,-1,-1
59,-1,311,163,15,15,0.85,2,-1,-1
59,-1,320,147,15,15,0.77,2,-1,-1
60,-1,410,192,63,88,0.95,7,-1,-1
60,-1,255,198,24,26,0.91,2,-1,-1
60,-1,390,154,29,38,0.88,7,-1,-1
60,-1,310,164,16,16,0.86,2,-1,-1
60,-1,355,122,23,31,0.82,7,-1,-1
60,-1,320,148,15,15,0.77,2,-1,-1
61,-1,408,189,62,84,0.96,7,-1,-1
61,-1,251,203,24,27,0.94,2,-1,-1
61,-1,389,155,28,36,0.87,7,-1,-1
61,-1,308,167,17,16,0.87,2,-1,-1
61,-1,355,121,22,31,0.85,7,-1,-1
61,-1,319,151,15,14,0.76,2,-1,-1
62,-1,408,187,60,82,0.95,7,-1,-1
62,-1,248,207,24,28,0.91,2,-1,-1
62,-1,308,169,17,16,0.87,2,-1,-1
62,-1,389,155,27,35,0.87,7,-1,-1
62,-1,355,121,22,32,0.86,7,-1,-1
62,-1,318,152,16,14,0.79,2,-1,-1
63,-1,407,185,57,79,0.94,7,-1,-1
63,-1,244,212,26,30,0.92,2,-1,-1
63,-1,306,172,18,17,0.89,2,-1,-1
63,-1,388,153,26,35,0.87,7,-1,-1
63,-1,318,154,16,15,0.83,2,-1,-1
63,-1,356,120,21,30,0.66,7,-1,-1
64,-1,407,186,55,74,0.95,7,-1,-1
64,-1,240,215,27,32,0.94,2,-1,-1
64,-1,306,173,17,18,0.90,2,-1,-1
64,-1,388,152,26,34,0.85,7,-1,-1
64,-1,317,155,16,15,0.83,2,-1,-1
64,-1,355,120,21,31,0.55,7,-1,-1
65,-1,406,184,54,73,0.94,7,-1,-1
65,-1,236,220,28,33,0.92,2,-1,-1
65,-1,305,176,17,19,0.89,2,-1,-1
65,-1,387,152,25,33,0.86,7,-1,-1
65,-1,317,156,16,15,0.84,2,-1,-1
65,-1,354,120,22,30,0.69,7,-1,-1
66,-1,404,182,53,71,0.94,7,-1,-1
66,-1,231,227,30,35,0.93,2,-1,-1
66,-1,304,179,18,18,0.90,2,-1,-1
66,-1,317,158,15,15,0.85,2,-1,-1
66,-1,386,150,25,34,0.72,7,-1,-1
66,-1,354,119,22,30,0.28,7,-1,-1
67,-1,403,181,52,70,0.94,7,-1,-1
67,-1,227,233,31,35,0.93,2,-1,-1
67,-1,303,182,18,19,0.89,2,-1,-1
67,-1,316,159,16,16,0.84,2,-1,-1
67,-1,386,150,25,33,0.76,7,-1,-1
67,-1,355,119,21,29,0.42,7,-1,-1
68,-1,220,241,32,38,0.94,2,-1,-1
68,-1,402,179,50,67,0.93,7,-1,-1
68,-1,301,185,18,19,0.89,2,-1,-1
68,-1,315,161,16,16,0.86,2,-1,-1
68,-1,386,148,25,33,0.73,7,-1,-1
68,-1,354,119,21,29,0.56,7,-1,-1
69,-1,212,249,35,43,0.94,2,-1,-1
69,-1,401,177,48,65,0.93,7,-1,-1
69,-1,299,189,20,21,0.91,2,-1,-1
69,-1,314,163,17,17,0.88,2,-1,-1
69,-1,385,147,25,34,0.78,7,-1,-1
69,-1,355,119,20,28,0.42,7,-1,-1
70,-1,400,174,47,66,0.94,7,-1,-1
70,-1,206,258,36,43,0.94,2,-1,-1
70,-1,298,192,20,21,0.90,2,-1,-1
70,-1,313,163,17,18,0.89,2,-1,-1
70,-1,385,147,23,33,0.50,7,-1,-1
70,-1,354,118,20,29,0.39,7,-1,-1
71,-1,196,269,40,47,0.94,2,-1,-1
71,-1,399,173,46,63,0.93,7,-1,-1
71,-1,295,196,21,22,0.91,2,-1,-1
71,-1,312,165,18,20,0.89,2,-1,-1
71,-1,385,147,23,32,0.57,7,-1,-1
71,-1,354,118,20,29,0.39,7,-1,-1
72,-1,190,278,42,49,0.94,2,-1,-1
72,-1,294,200,21,22,0.93,2,-1,-1
72,-1,398,172,45,64,0.93,7,-1,-1
72,-1,311,167,19,20,0.88,2,-1,-1
72,-1,384,145,23,32,0.45,7,-1,-1
72,-1,354,118,20,29,0.41,7,-1,-1
72,-1,313,119,13,21,0.26,7,-1,-1
73,-1,182,287,44,52,0.96,2,-1,-1
73,-1,292,203,22,23,0.93,2,-1,-1
73,-1,397,170,45,63,0.92,7,-1,-1
73,-1,310,169,19,20,0.88,2,-1,-1
73,-1,312,119,14,21,0.57,7,-1,-1
73,-1,355,117,19,29,0.13,7,-1,-1
74,-1,168,303,48,58,0.95,2,-1,-1
74,-1,397,168,44,60,0.93,7,-1,-1
74,-1,289,209,23,25,0.91,2,-1,-1
74,-1,309,172,19,21,0.88,2,-1,-1
74,-1,312,119,14,21,0.61,7,-1,-1
74,-1,383,142,22,33,0.58,7,-1,-1
74,-1,354,117,19,27,0.44,7,-1,-1
75,-1,153,322,53,64,0.95,2,-1,-1
75,-1,395,167,43,58,0.92,7,-1,-1
75,-1,286,215,24,26,0.91,2,-1,-1
75,-1,307,175,19,21,0.89,2,-1,-1
75,-1,311,119,15,22,0.76,7,-1,-1
75,-1,383,142,22,32,0.55,7,-1,-1
75,-1,354,117,19,28,0.28,7,-1,-1
76,-1,142,336,56,69,0.95,2,-1,-1
76,-1,284,220,25,26,0.92,2,-1,-1
76,-1,395,167,42,57,0.92,7,-1,-1
76,-1,306,176,21,23,0.91,2,-1,-1
76,-1,311,119,15,21,0.78,7,-1,-1
76,-1,354,117,19,28,0.36,7,-1,-1
77,-1,122,361,62,79,0.95,2,-1,-1
77,-1,280,227,27,28,0.93,2,-1,-1
77,-1,393,164,42,56,0.92,7,-1,-1
77,-1,305,179,21,23,0.90,2,-1,-1
77,-1,310,119,16,22,0.86,7,-1,-1
77,-1,354,116,19,29,0.46,7,-1,-1
77,-1,382,141,19,31,0.10,7,-1,-1
78,-1,107,380,67,85,0.95,2,-1,-1
78,-1,393,164,41,55,0.93,7,-1,-1
78,-1,277,232,29,31,0.92,2,-1,-1
78,-1,304,182,21,24,0.90,2,-1,-1
78,-1,310,119,16,22,0.84,7,-1,-1
79,-1,79,415,77,98,0.96,2,-1,-1
79,-1,272,242,30,32,0.94,2,-1,-1
79,-1,392,162,40,54,0.92,7,-1,-1
79,-1,302,186,22,24,0.90,2,-1,-1
79,-1,310,119,16,22,0.84,7,-1,-1
79,-1,380,140,20,29,0.15,7,-1,-1
80,-1,57,442,85,97,0.96,2,-1,-1
80,-1,269,249,31,33,0.93,2,-1,-1
80,-1,392,161,39,53,0.92,7,-1,-1
80,-1,301,188,23,26,0.91,2,-1,-1
80,-1,310,120,16,23,0.82,7,-1,-1
80,-1,380,140,20,29,0.14,7,-1,-1
81,-1,38,472,86,67,0.94,2,-1,-1
81,-1,264,256,34,35,0.93,2,-1,-1
81,-1,392,160,38,53,0.92,7,-1,-1
81,-1,301,191,22,26,0.91,2,-1,-1
81,-1,310,120,16,23,0.78,7,-1,-1
82,-1,259,267,35,39,0.94,2,-1,-1
82,-1,391,159,37,51,0.93,7,-1,-1
82,-1,298,195,23,27,0.93,2,-1,-1
82,-1,310,120,15,23,0.75,7,-1,-1
82,-1,24,527,60,12,0.20,2,-1,-1
83,-1,250,282,41,42,0.94,2,-1,-1
83,-1,391,157,36,50,0.94,7,-1,-1
83,-1,296,200,24,29,0.90,2,-1,-1
83,-1,310,120,16,23,0.82,7,-1,-1
84,-1,390,157,36,50,0.94,7,-1,-1
84,-1,245,292,42,45,0.94,2,-1,-1
84,-1,295,203,25,30,0.92,2,-1,-1
84,-1,309,120,16,24,0.83,7,-1,-1
85,-1,389,155,35,50,0.95,7,-1,-1
85,-1,239,303,44,49,0.93,2,-1,-1
85,-1,293,207,27,31,0.93,2,-1,-1
85,-1,309,121,16,24,0.81,7,-1,-1
86,-1,229,326,47,54,0.95,2,-1,-1
86,-1,388,155,35,48,0.94,7,-1,-1
86,-1,290,213,28,33,0.91,2,-1,-1
86,-1,309,121,16,24,0.85,7,-1,-1
87,-1,217,351,52,61,0.95,2,-1,-1
87,-1,388,153,34,46,0.94,7,-1,-1
87,-1,288,220,28,33,0.93,2,-1,-1
87,-1,308,121,16,25,0.86,7,-1,-1
88,-1,205,371,58,67,0.95,2,-1,-1
88,-1,388,152,33,47,0.94,7,-1,-1
88,-1,285,225,29,35,0.92,2,-1,-1
88,-1,308,121,16,26,0.86,7,-1,-1
89,-1,188,407,65,78,0.95,2,-1,-1
89,-1,388,151,33,46,0.93,7,-1,-1
89,-1,281,233,31,37,0.92,2,-1,-1
89,-1,307,120,17,26,0.86,7,-1,-1
90,-1,176,435,70,89,0.95,2,-1,-1
90,-1,388,149,32,45,0.93,7,-1,-1
90,-1,278,237,33,41,0.93,2,-1,-1
90,-1,306,121,17,26,0.85,7,-1,-1
91,-1,275,245,34,42,0.94,2,-1,-1
91,-1,160,467,76,72,0.94,2,-1,-1
91,-1,388,149,32,45,0.93,7,-1,-1
91,-1,306,121,17,27,0.85,7,-1,-1
91,-1,329,127,11,14,0.12,2,-1,-1
92,-1,387,148,32,44,0.94,7,-1,-1
92,-1,271,254,37,46,0.93,2,-1,-1
92,-1,306,121,17,27,0.87,7,-1,-1
92,-1,145,527,76,12,0.41,2,-1,-1
92,-1,329,127,11,14,0.17,2,-1,-1
93,-1,266,263,39,47,0.94,2,-1,-1
93,-1,387,146,31,44,0.94,7,-1,-1
93,-1,305,121,18,28,0.88,7,-1,-1
93,-1,328,127,11,14,0.32,2,-1,-1
94,-1,261,275,42,52,0.94,2,-1,-1
94,-1,387,146,30,43,0.94,7,-1,-1
94,-1,304,122,18,28,0.88,7,-1,-1
95,-1,257,285,43,55,0.94,2,-1,-1
95,-1,387,146,30,43,0.94,7,-1,-1
95,-1,304,123,18,28,0.87,7,-1,-1
95,-1,328,128,12,15,0.23,2,-1,-1
96,-1,248,301,48,63,0.93,2,-1,-1
96,-1,386,145,29,42,0.92,7,-1,-1
96,-1,302,123,18,28,0.87,7,-1,-1
96,-1,328,128,13,16,0.48,2,-1,-1
97,-1,240,320,51,72,0.94,2,-1,-1
97,-1,386,144,29,41,0.92,7,-1,-1
97,-1,303,124,18,28,0.88,7,-1,-1
97,-1,328,129,13,15,0.71,2,-1,-1
98,-1,233,336,53,78,0.95,2,-1,-1
98,-1,386,144,28,40,0.92,7,-1,-1
98,-1,301,124,19,29,0.88,7,-1,-1
98,-1,327,129,13,15,0.76,2,-1,-1
99,-1,222,363,58,89,0.95,2,-1,-1
99,-1,386,144,28,39,0.90,7,-1,-1
99,-1,301,125,19,29,0.88,7,-1,-1
99,-1,327,129,13,15,0.77,2,-1,-1
100,-1,211,384,65,98,0.95,2,-1,-1
100,-1,386,142,28,40,0.92,7,-1,-1
100,-1,300,125,20,30,0.88,7,-1,-1
100,-1,327,130,14,15,0.77,2,-1,-1
101,-1,196,422,71,113,0.94,2,-1,-1
101,-1,385,141,29,40,0.91,7,-1,-1
101,-1,299,126,20,30,0.89,7,-1,-1
101,-1,327,131,14,16,0.79,2,-1,-1
102,-1,183,453,77,86,0.96,2,-1,-1
102,-1,299,126,20,30,0.91,7,-1,-1
102,-1,385,141,28,38,0.91,7,-1,-1
102,-1,326,131,14,16,0.80,2,-1,-1
103,-1,298,127,21,30,0.91,7,-1,-1
103,-1,176,508,69,31,0.90,2,-1,-1
103,-1,384,140,28,36,0.83,7,-1,-1
103,-1,326,132,14,17,0.83,2,-1,-1
104,-1,299,127,20,30,0.90,7,-1,-1
104,-1,326,132,15,17,0.84,2,-1,-1
104,-1,385,140,28,36,0.83,7,-1,-1
105,-1,298,128,21,31,0.93,7,-1,-1
105,-1,384,140,28,35,0.87,7,-1,-1
105,-1,326,133,15,17,0.85,2,-1,-1
106,-1,296,129,22,31,0.92,7,-1,-1
106,-1,325,134,15,16,0.84,2,-1,-1
106,-1,383,138,28,35,0.48,2,-1,-1
107,-1,296,129,22,32,0.92,7,-1,-1
107,-1,325,134,15,17,0.84,2,-1,-1
107,-1,382,138,27,36,0.78,7,-1,-1
108,-1,295,130,22,32,0.93,7,-1,-1
108,-1,325,135,15,17,0.82,2,-1,-1
108,-1,382,138,27,35,0.75,7,-1,-1
109,-1,294,130,22,33,0.92,7,-1,-1
109,-1,325,136,15,17,0.82,2,-1,-1
109,-1,382,137,26,35,0.58,2,-1,-1
110,-1,293,131,23,33,0.92,7,-1,-1
110,-1,324,137,15,17,0.81,2,-1,-1
110,-1,382,137,24,33,0.74,2,-1,-1
111,-1,293,131,23,34,0.91,7,-1,-1
111,-1,324,138,14,17,0.81,2,-1,-1
111,-1,382,136,24,33,0.58,7,-1,-1
112,-1,292,131,24,35,0.92,7,-1,-1
112,-1,323,139,15,17,0.85,2,-1,-1
112,-1,381,135,24,33,0.81,2,-1,-1
113,-1,291,133,24,35,0.92,7,-1,-1
113,-1,322,140,16,18,0.87,2,-1,-1
113,-1,381,134,24,33,0.50,7,-1,-1
114,-1,290,133,24,36,0.92,7,-1,-1
114,-1,322,140,16,19,0.87,2,-1,-1
114,-1,381,134,24,33,0.57,2,-1,-1
115,-1,290,134,24,36,0.92,7,-1,-1
115,-1,321,142,16,18,0.86,2,-1,-1
115,-1,380,133,24,32,0.72,2,-1,-1
116,-1,289,135,25,36,0.92,7,-1,-1
116,-1,321,143,16,19,0.87,2,-1,-1
116,-1,380,133,24,32,0.76,2,-1,-1
117,-1,288,135,25,37,0.92,7,-1,-1
117,-1,320,144,17,19,0.86,2,-1,-1
117,-1,380,133,24,32,0.72,7,-1,-1
118,-1,288,135,25,39,0.92,7,-1,-1
118,-1,320,146,17,19,0.88,2,-1,-1
118,-1,379,132,23,31,0.62,7,-1,-1
119,-1,287,137,26,39,0.93,7,-1,-1
119,-1,319,147,18,20,0.89,2,-1,-1
119,-1,379,132,23,31,0.76,7,-1,-1
120,-1,286,137,26,39,0.93,7,-1,-1
120,-1,318,148,17,20,0.89,2,-1,-1
120,-1,378,132,23,31,0.88,7,-1,-1
121,-1,286,138,26,39,0.92,7,-1,-1
121,-1,318,149,18,21,0.89,2,-1,-1
121,-1,378,131,21,29,0.61,2,-1,-1
122,-1,285,139,27,39,0.93,7,-1,-1
122,-1,317,150,18,21,0.88,2,-1,-1
122,-1,378,131,22,30,0.69,7,-1,-1
123,-1,283,140,28,41,0.92,7,-1,-1
123,-1,316,152,19,21,0.89,2,-1,-1
123,-1,378,131,21,29,0.69,7,-1,-1
124,-1,283,141,28,41,0.92,7,-1,-1
124,-1,316,154,18,21,0.90,2,-1,-1
124,-1,378,130,21,28,0.71,2,-1,-1
124,-1,310,120,15,23,0.16,7,-1,-1
125,-1,280,142,30,42,0.93,7,-1,-1
125,-1,315,155,19,22,0.89,2,-1,-1
125,-1,377,130,21,28,0.62,2,-1,-1
125,-1,309,120,17,24,0.40,7,-1,-1
126,-1,280,143,30,43,0.92,7,-1,-1
126,-1,314,157,19,22,0.88,2,-1,-1
126,-1,377,130,21,27,0.74,2,-1,-1
126,-1,309,120,17,25,0.61,7,-1,-1
127,-1,278,143,31,44,0.92,7,-1,-1
127,-1,313,158,20,23,0.89,2,-1,-1
127,-1,308,120,17,25,0.74,7,-1,-1
127,-1,376,130,21,27,0.54,2,-1,-1
128,-1,277,144,31,45,0.94,7,-1,-1
128,-1,313,160,20,23,0.88,2,-1,-1
128,-1,308,120,18,26,0.75,7,-1,-1
128,-1,376,130,21,27,0.46,2,-1,-1
129,-1,275,145,32,45,0.94,7,-1,-1
129,-1,311,163,20,23,0.90,2,-1,-1
129,-1,307,120,18,26,0.84,7,-1,-1
129,-1,376,129,21,28,0.73,7,-1,-1
130,-1,274,146,32,47,0.94,7,-1,-1
130,-1,310,164,21,24,0.91,2,-1,-1
130,-1,307,120,18,27,0.81,7,-1,-1
130,-1,375,129,20,27,0.54,2,-1,-1
131,-1,310,166,21,25,0.92,2,-1,-1
131,-1,272,148,33,48,0.91,7,-1,-1
131,-1,307,121,18,27,0.84,7,-1,-1
131,-1,375,128,20,26,0.60,7,-1,-1
132,-1,272,148,33,49,0.92,7,-1,-1
132,-1,309,168,21,26,0.91,2,-1,-1
132,-1,306,121,17,27,0.83,7,-1,-1
132,-1,375,128,20,26,0.63,2,-1,-1
133,-1,270,150,34,49,0.93,7,-1,-1
133,-1,307,170,22,27,0.93,2,-1,-1
133,-1,306,121,18,27,0.83,7,-1,-1
133,-1,374,127,21,26,0.64,7,-1,-1
134,-1,269,151,35,50,0.94,7,-1,-1
134,-1,306,172,22,27,0.93,2,-1,-1
134,-1,305,121,18,28,0.81,7,-1,-1
134,-1,374,127,20,26,0.62,7,-1,-1
135,-1,266,152,36,51,0.93,7,-1,-1
135,-1,304,175,23,28,0.91,2,-1,-1
135,-1,304,122,18,28,0.86,7,-1,-1
135,-1,374,126,20,26,0.75,7,-1,-1
136,-1,265,154,36,52,0.93,7,-1,-1
136,-1,304,178,23,28,0.91,2,-1,-1
136,-1,304,122,18,28,0.87,7,-1,-1
136,-1,373,126,20,26,0.73,7,-1,-1
137,-1,263,155,37,52,0.94,7,-1,-1
137,-1,303,179,23,30,0.92,2,-1,-1
137,-1,303,123,18,28,0.85,7,-1,-1
137,-1,373,126,19,26,0.68,7,-1,-1
138,-1,261,157,37,54,0.94,7,-1,-1
138,-1,301,182,25,31,0.93,2,-1,-1
138,-1,303,124,18,28,0.88,7,-1,-1
138,-1,373,125,20,26,0.78,7,-1,-1
139,-1,260,158,39,55,0.95,7,-1,-1
139,-1,300,186,25,31,0.92,2,-1,-1
139,-1,302,124,18,30,0.87,7,-1,-1
139,-1,373,125,20,26,0.79,7,-1,-1
140,-1,257,159,39,57,0.95,7,-1,-1
140,-1,297,189,27,34,0.92,2,-1,-1
140,-1,301,126,18,28,0.87,7,-1,-1
140,-1,373,125,18,25,0.62,7,-1,-1
141,-1,254,162,40,58,0.94,7,-1,-1
141,-1,294,194,27,34,0.90,2,-1,-1
141,-1,301,127,19,27,0.88,7,-1,-1
141,-1,373,125,16,23,0.36,7,-1,-1
141,-1,325,125,14,21,0.29,7,-1,-1
142,-1,252,163,42,59,0.94,7,-1,-1
142,-1,293,196,29,37,0.91,2,-1,-1
142,-1,300,127,19,27,0.88,7,-1,-1
142,-1,373,125,16,23,0.43,7,-1,-1
142,-1,325,125,14,21,0.21,7,-1,-1
143,-1,250,166,42,60,0.94,7,-1,-1
143,-1,289,201,30,38,0.91,2,-1,-1
143,-1,300,128,18,28,0.90,7,-1,-1
143,-1,373,125,16,23,0.46,7,-1,-1
143,-1,325,126,14,21,0.11,7,-1,-1
144,-1,247,167,43,62,0.94,7,-1,-1
144,-1,286,204,32,40,0.92,2,-1,-1
144,-1,299,129,19,28,0.91,7,-1,-1
144,-1,373,124,16,24,0.65,7,-1,-1
144,-1,325,125,15,22,0.48,7,-1,-1
145,-1,244,169,45,64,0.94,7,-1,-1
145,-1,283,210,33,42,0.92,2,-1,-1
145,-1,298,128,19,30,0.88,7,-1,-1
145,-1,324,125,15,22,0.52,7,-1,-1
145,-1,373,124,16,24,0.52,7,-1,-1
146,-1,242,171,45,66,0.94,7,-1,-1
146,-1,281,215,34,43,0.92,2,-1,-1
146,-1,298,128,19,29,0.88,7,-1,-1
146,-1,324,126,15,22,0.41,7,-1,-1
146,-1,373,124,16,23,0.23,7,-1,-1
147,-1,240,173,46,68,0.94,7,-1,-1
147,-1,278,219,35,45,0.92,2,-1,-1
147,-1,298,131,19,28,0.89,7,-1,-1
147,-1,324,126,16,22,0.62,7,-1,-1
148,-1,273,226,37,48,0.95,2,-1,-1
148,-1,236,175,48,71,0.95,7,-1,-1
148,-1,297,131,20,29,0.89,7,-1,-1
148,-1,323,126,15,23,0.58,7,-1,-1
149,-1,232,178,50,74,0.95,7,-1,-1
149,-1,268,234,40,52,0.95,2,-1,-1
149,-1,296,132,20,29,0.91,7,-1,-1
149,-1,322,125,17,26,0.79,7,-1,-1
150,-1,230,180,50,76,0.96,7,-1,-1
150,-1,264,240,41,54,0.93,2,-1,-1
150,-1,295,132,21,30,0.90,7,-1,-1
150,-1,322,125,17,27,0.80,7,-1,-1
150,-1,371,123,16,23,0.25,7,-1,-1
151,-1,227,182,53,78,0.95,7,-1,-1
151,-1,260,247,43,56,0.94,2,-1,-1
151,-1,294,132,21,31,0.90,7,-1,-1
151,-1,322,125,17,28,0.87,7,-1,-1
151,-1,371,122,16,23,0.40,7,-1,-1
152,-1,221,185,55,81,0.96,7,-1,-1
152,-1,253,257,47,61,0.93,2,-1,-1
152,-1,293,133,21,31,0.91,7,-1,-1
152,-1,321,125,18,29,0.88,7,-1,-1
152,-1,370,122,16,23,0.77,7,-1,-1
153,-1,218,187,57,85,0.96,7,-1,-1
153,-1,247,263,50,66,0.94,2,-1,-1
153,-1,293,133,22,32,0.91,7,-1,-1
153,-1,321,125,18,30,0.88,7,-1,-1
153,-1,370,121,17,24,0.79,7,-1,-1
154,-1,213,191,59,89,0.96,7,-1,-1
154,-1,242,276,51,73,0.94,2,-1,-1
154,-1,292,134,22,32,0.91,7,-1,-1
154,-1,321,125,19,31,0.88,7,-1,-1
154,-1,370,121,16,22,0.54,7,-1,-1
155,-1,209,194,62,92,0.95,7,-1,-1
155,-1,236,286,54,78,0.95,2,-1,-1
155,-1,291,136,22,31,0.91,7,-1,-1
155,-1,321,125,18,31,0.87,7,-1,-1
155,-1,370,121,16,22,0.40,7,-1,-1
156,-1,202,198,66,97,0.96,7,-1,-1
156,-1,225,302,59,88,0.95,2,-1,-1
156,-1,290,137,23,32,0.92,7,-1,-1
156,-1,320,126,19,31,0.88,7,-1,-1
156,-1,369,120,16,22,0.26,7,-1,-1
157,-1,198,201,68,101,0.96,7,-1,-1
157,-1,217,315,64,95,0.95,2,-1,-1
157,-1,289,137,23,33,0.92,7,-1,-1
157,-1,320,126,20,33,0.89,7,-1,-1
157,-1,369,120,16,22,0.13,7,-1,-1
158,-1,191,205,72,106,0.96,7,-1,-1
158,-1,203,337,71,108,0.96,2,-1,-1
158,-1,288,137,23,34,0.92,7,-1,-1
158,-1,320,127,20,33,0.89,7,-1,-1
158,-1,369,119,16,22,0.15,7,-1,-1
159,-1,185,208,76,111,0.96,7,-1,-1
159,-1,194,356,75,116,0.94,2,-1,-1
159,-1,287,138,23,34,0.93,7,-1,-1
159,-1,320,127,20,33,0.90,7,-1,-1
159,-1,587,498,51,41,0.40,7,-1,-1
159,-1,369,119,16,22,0.12,7,-1,-1
160,-1,177,213,81,118,0.96,7,-1,-1
160,-1,177,386,83,135,0.94,2,-1,-1
160,-1,287,140,23,33,0.92,7,-1,-1
160,-1,564,464,75,75,0.90,7,-1,-1
160,-1,318,128,21,34,0.89,7,-1,-1
161,-1,170,216,83,125,0.96,7,-1,-1
161,-1,553,434,86,105,0.94,7,-1,-1
161,-1,160,411,93,128,0.94,2,-1,-1
161,-1,285,141,24,34,0.93,7,-1,-1
161,-1,318,128,21,35,0.89,7,-1,-1
162,-1,536,404,103,135,0.96,7,-1,-1
162,-1,160,222,89,134,0.96,7,-1,-1
162,-1,142,455,98,84,0.95,2,-1,-1
162,-1,284,142,25,35,0.93,7,-1,-1
162,-1,317,129,22,35,0.88,7,-1,-1
163,-1,153,226,94,141,0.95,7,-1,-1
163,-1,525,387,114,152,0.95,7,-1,-1
163,-1,284,142,25,34,0.92,7,-1,-1
163,-1,137,491,93,48,0.90,2,-1,-1
163,-1,317,129,21,35,0.80,7,-1,-1
164,-1,140,234,100,152,0.96,7,-1,-1
164,-1,512,365,127,174,0.96,7,-1,-1
164,-1,282,144,25,35,0.92,7,-1,-1
164,-1,317,130,22,36,0.85,7,-1,-1
165,-1,506,351,133,188,0.96,7,-1,-1
165,-1,129,238,110,161,0.95,7,-1,-1
165,-1,281,145,25,36,0.92,7,-1,-1
165,-1,316,130,23,36,0.84,7,-1,-1
166,-1,495,333,144,206,0.96,7,-1,-1
166,-1,115,246,118,178,0.96,7,-1,-1
166,-1,280,146,26,37,0.92,7,-1,-1
166,-1,315,131,22,38,0.66,7,-1,-1
167,-1,487,321,152,214,0.96,7,-1,-1
167,-1,103,250,126,191,0.96,7,-1,-1
167,-1,279,147,26,37,0.93,7,-1,-1
167,-1,315,131,22,38,0.75,7,-1,-1
168,-1,479,308,160,227,0.96,7,-1,-1
168,-1,85,260,137,211,0.95,7,-1,-1
168,-1,278,148,27,39,0.93,7,-1,-1
168,-1,314,133,24,40,0.86,7,-1,-1
169,-1,472,292,153,204,0.97,7,-1,-1
169,-1,63,269,151,235,0.95,7,-1,-1
169,-1,276,149,28,40,0.93,7,-1,-1
169,-1,313,131,24,44,0.82,7,-1,-1
170,-1,467,285,141,193,0.96,7,-1,-1
170,-1,45,278,166,256,0.96,7,-1,-1
170,-1,274,149,30,42,0.94,7,-1,-1
170,-1,314,132,24,43,0.86,7,-1,-1
171,-1,461,275,129,173,0.97,7,-1,-1
171,-1,25,290,177,249,0.94,7,-1,-1
171,-1,273,150,29,43,0.93,7,-1,-1
171,-1,311,132,26,45,0.88,7,-1,-1
172,-1,456,267,122,164,0.96,7,-1,-1
172,-1,3,301,191,238,0.95,7,-1,-1
172,-1,272,151,30,44,0.92,7,-1,-1
172,-1,311,133,25,46,0.80,7,-1,-1
173,-1,1,318,184,221,0.96,7,-1,-1
173,-1,452,261,113,149,0.96,7,-1,-1
173,-1,270,153,31,44,0.93,7,-1,-1
173,-1,309,135,26,46,0.86,7,-1,-1
174,-1,0,330,176,209,0.96,7,-1,-1
174,-1,449,254,108,142,0.96,7,-1,-1
174,-1,269,154,31,45,0.94,7,-1,-1
174,-1,309,138,26,44,0.88,7,-1,-1
175,-1,443,246,102,132,0.96,7,-1,-1
175,-1,0,352,162,187,0.95,7,-1,-1
175,-1,266,157,32,45,0.93,7,-1,-1
175,-1,307,143,28,42,0.88,7,-1,-1
176,-1,440,242,98,124,0.96,7,-1,-1
176,-1,0,368,151,171,0.94,7,-1,-1
176,-1,266,158,32,46,0.92,7,-1,-1
176,-1,307,144,28,43,0.88,7,-1,-1
177,-1,437,234,91,116,0.97,7,-1,-1
177,-1,0,397,132,142,0.95,7,-1,-1
177,-1,263,159,34,48,0.94,7,-1,-1
177,-1,305,146,30,44,0.89,7,-1,-1
178,-1,435,230,86,111,0.96,7,-1,-1
178,-1,262,160,34,48,0.94,7,-1,-1
178,-1,0,418,121,121,0.93,7,-1,-1
178,-1,444,498,78,41,0.92,2,-1,-1
178,-1,304,146,31,45,0.90,7,-1,-1
179,-1,432,224,82,105,0.95,7,-1,-1
179,-1,435,455,72,75,0.94,2,-1,-1
179,-1,260,162,35,50,0.93,7,-1,-1
179,-1,303,146,31,48,0.91,7,-1,-1
180,-1,430,221,78,101,0.95,7,-1,-1
180,-1,430,432,67,69,0.94,2,-1,-1
180,-1,258,163,36,52,0.93,7,-1,-1
180,-1,302,148,32,49,0.91,7,-1,-1
181,-1,427,215,73,97,0.95,7,-1,-1
181,-1,423,398,60,64,0.95,2,-1,-1
181,-1,301,150,31,50,0.94,7,-1,-1
181,-1,256,165,36,53,0.94,7,-1,-1
182,-1,425,211,71,94,0.96,7,-1,-1
182,-1,254,167,36,54,0.95,7,-1,-1
182,-1,419,378,56,59,0.95,2,-1,-1
182,-1,301,151,31,51,0.93,7,-1,-1
183,-1,252,170,37,55,0.95,7,-1,-1
183,-1,423,206,67,90,0.95,7,-1,-1
183,-1,413,354,51,53,0.95,2,-1,-1
183,-1,300,153,31,52,0.94,7,-1,-1
184,-1,421,203,65,87,0.96,7,-1,-1
184,-1,410,339,48,50,0.95,2,-1,-1
184,-1,249,171,38,56,0.95,7,-1,-1
184,-1,298,154,32,55,0.94,7,-1,-1
185,-1,418,199,62,82,0.94,7,-1,-1
185,-1,247,173,38,58,0.94,7,-1,-1
185,-1,407,320,44,47,0.94,2,-1,-1
185,-1,297,156,33,55,0.93,7,-1,-1
186,-1,417,196,60,80,0.94,7,-1,-1
186,-1,244,176,39,59,0.94,7,-1,-1
186,-1,405,309,42,44,0.93,2,-1,-1
186,-1,297,158,33,56,0.92,7,-1,-1
187,-1,415,192,56,77,0.94,7,-1,-1
187,-1,402,295,41,40,0.94,2,-1,-1
187,-1,241,179,40,61,0.93,7,-1,-1
187,-1,295,159,34,59,0.92,7,-1,-1
188,-1,239,181,41,62,0.95,7,-1,-1
188,-1,293,161,36,60,0.94,7,-1,-1
188,-1,413,190,55,74,0.94,7,-1,-1
188,-1,399,285,40,39,0.93,2,-1,-1
189,-1,291,163,37,63,0.95,7,-1,-1
189,-1,411,187,52,71,0.94,7,-1,-1
189,-1,234,184,45,64,0.94,7,-1,-1
189,-1,395,273,36,36,0.93,2,-1,-1
190,-1,410,185,51,69,0.94,7,-1,-1
190,-1,290,166,38,63,0.94,7,-1,-1
190,-1,232,187,45,65,0.94,7,-1,-1
190,-1,394,265,34,35,0.92,2,-1,-1
191,-1,228,190,46,68,0.95,7,-1,-1
191,-1,408,182,49,66,0.94,7,-1,-1
191,-1,392,255,33,32,0.94,2,-1,-1
191,-1,287,170,40,65,0.94,7,-1,-1
192,-1,407,180,48,65,0.95,7,-1,-1
192,-1,224,193,47,69,0.95,7,-1,-1
192,-1,286,171,41,68,0.94,7,-1,-1
192,-1,390,249,32,32,0.93,2,-1,-1
193,-1,284,173,42,72,0.95,7,-1,-1
193,-1,220,196,49,74,0.95,7,-1,-1
193,-1,406,177,45,63,0.94,7,-1,-1
193,-1,389,240,30,30,0.91,2,-1,-1
194,-1,216,200,50,75,0.95,7,-1,-1
194,-1,281,175,44,74,0.95,7,-1,-1
194,-1,405,175,45,62,0.93,7,-1,-1
194,-1,387,235,29,29,0.91,2,-1,-1
195,-1,209,205,55,79,0.95,7,-1,-1
195,-1,279,178,46,78,0.94,7,-1,-1
195,-1,403,172,43,60,0.93,7,-1,-1
195,-1,386,228,27,27,0.92,2,-1,-1
195,-1,443,521,78,18,0.83,2,-1,-1
196,-1,206,208,56,81,0.95,7,-1,-1
196,-1,437,490,80,49,0.95,2,-1,-1
196,-1,276,181,47,81,0.94,7,-1,-1
196,-1,403,171,41,59,0.93,7,-1,-1
196,-1,385,224,27,26,0.91,2,-1,-1
197,-1,202,210,56,85,0.95,7,-1,-1
197,-1,432,463,79,75,0.94,2,-1,-1
197,-1,274,184,49,84,0.93,7,-1,-1
197,-1,402,170,41,58,0.93,7,-1,-1
197,-1,383,219,26,26,0.91,2,-1,-1
198,-1,194,217,59,89,0.95,7,-1,-1
198,-1,270,187,52,89,0.95,7,-1,-1
198,-1,424,429,69,73,0.95,2,-1,-1
198,-1,400,167,40,56,0.94,7,-1,-1
198,-1,381,214,26,25,0.91,2,-1,-1
199,-1,186,223,63,94,0.96,7,-1,-1
199,-1,417,398,63,66,0.95,2,-1,-1
199,-1,267,191,54,95,0.95,7,-1,-1
199,-1,398,165,39,54,0.92,7,-1,-1
199,-1,380,207,25,25,0.90,2,-1,-1
200,-1,414,379,58,61,0.95,2,-1,-1
200,-1,180,227,66,98,0.95,7,-1,-1
200,-1,263,195,57,99,0.94,7,-1,-1
200,-1,397,163,39,54,0.92,7,-1,-1
200,-1,379,204,24,24,0.90,2,-1,-1
201,-1,258,199,62,107,0.95,7,-1,-1
201,-1,409,357,54,55,0.95,2,-1,-1
201,-1,172,235,71,103,0.95,7,-1,-1
201,-1,397,161,37,52,0.93,7,-1,-1
201,-1,378,199,23,23,0.91,2,-1,-1
202,-1,165,239,74,108,0.96,7,-1,-1
202,-1,255,202,64,113,0.95,7,-1,-1
202,-1,407,342,50,51,0.94,2,-1,-1
202,-1,395,160,37,52,0.93,7,-1,-1
202,-1,377,196,23,23,0.91,2,-1,-1
203,-1,154,248,78,114,0.96,7,-1,-1
203,-1,250,207,68,123,0.95,7,-1,-1
203,-1,403,324,45,47,0.95,2,-1,-1
203,-1,394,158,36,50,0.93,7,-1,-1
203,-1,377,192,22,23,0.90,2,-1,-1
204,-1,147,255,83,120,0.96,7,-1,-1
204,-1,245,210,70,131,0.95,7,-1,-1
204,-1,401,313,45,45,0.93,2,-1,-1
204,-1,394,157,35,49,0.92,7,-1,-1
204,-1,375,190,21,22,0.88,2,-1,-1
205,-1,133,264,89,130,0.96,7,-1,-1
205,-1,237,219,78,140,0.94,7,-1,-1
205,-1,398,298,43,41,0.94,2,-1,-1
205,-1,393,155,34,49,0.92,7,-1,-1
205,-1,374,186,22,22,0.88,2,-1,-1
206,-1,122,272,96,137,0.96,7,-1,-1
206,-1,233,224,80,150,0.95,7,-1,-1
206,-1,396,289,40,39,0.93,2,-1,-1
206,-1,392,154,34,48,0.91,7,-1,-1
206,-1,373,184,21,22,0.88,2,-1,-1
207,-1,107,284,103,150,0.96,7,-1,-1
207,-1,224,230,86,168,0.95,7,-1,-1
207,-1,392,278,37,36,0.93,2,-1,-1
207,-1,391,152,34,48,0.92,7,-1,-1
207,-1,373,180,20,22,0.91,2,-1,-1
208,-1,96,291,108,162,0.96,7,-1,-1
208,-1,217,236,92,179,0.96,7,-1,-1
208,-1,391,270,36,36,0.94,2,-1,-1
208,-1,390,152,33,47,0.92,7,-1,-1
208,-1,372,178,20,22,0.90,2,-1,-1
209,-1,205,247,101,202,0.95,7,-1,-1
209,-1,75,307,120,173,0.95,7,-1,-1
209,-1,389,258,34,36,0.92,2,-1,-1
209,-1,389,150,33,45,0.91,7,-1,-1
209,-1,371,175,19,21,0.88,2,-1,-1
210,-1,199,254,105,219,0.95,7,-1,-1
210,-1,64,318,125,188,0.95,7,-1,-1
210,-1,389,150,32,44,0.92,7,-1,-1
210,-1,388,254,35,33,0.91,2,-1,-1
210,-1,371,173,19,20,0.90,2,-1,-1
211,-1,181,264,118,250,0.96,7,-1,-1
211,-1,43,338,134,201,0.95,7,-1,-1
211,-1,388,148,31,42,0.92,7,-1,-1
211,-1,385,246,34,30,0.91,2,-1,-1
211,-1,370,171,19,20,0.88,2,-1,-1
212,-1,170,273,125,266,0.95,7,-1,-1
212,-1,26,351,141,188,0.95,7,-1,-1
212,-1,385,240,31,31,0.91,2,-1,-1
212,-1,388,146,30,40,0.89,7,-1,-1
212,-1,369,169,19,19,0.88,2,-1,-1
213,-1,150,291,141,248,0.95,7,-1,-1
213,-1,0,375,152,160,0.95,7,-1,-1
213,-1,384,232,28,29,0.90,2,-1,-1
213,-1,387,145,30,39,0.89,7,-1,-1
213,-1,368,166,19,20,0.87,2,-1,-1
214,-1,0,392,136,147,0.95,7,-1,-1
214,-1,136,305,150,233,0.94,7,-1,-1
214,-1,383,228,28,27,0.91,2,-1,-1
214,-1,387,144,29,38,0.91,7,-1,-1
214,-1,367,165,20,19,0.86,2,-1,-1
215,-1,114,327,168,212,0.95,7,-1,-1
215,-1,0,425,117,114,0.93,7,-1,-1
215,-1,381,222,27,26,0.90,2,-1,-1
215,-1,367,161,19,19,0.89,2,-1,-1
215,-1,386,143,28,38,0.86,7,-1,-1
216,-1,0,446,97,93,0.93,7,-1,-1
216,-1,184,343,96,196,0.92,7,-1,-1
216,-1,380,219,27,26,0.91,2,-1,-1
216,-1,366,161,18,19,0.89,2,-1,-1
216,-1,385,143,29,37,0.88,7,-1,-1
217,-1,177,364,99,175,0.91,7,-1,-1
217,-1,384,142,29,38,0.90,7,-1,-1
217,-1,379,215,26,25,0.90,2,-1,-1
217,-1,366,160,18,18,0.89,2,-1,-1
218,-1,163,397,103,142,0.94,7,-1,-1
218,-1,378,210,25,24,0.91,2,-1,-1
218,-1,365,158,18,18,0.89,2,-1,-1
218,-1,384,141,27,37,0.87,7,-1,-1
219,-1,378,205,24,23,0.91,2,-1,-1
219,-1,365,156,17,18,0.87,2,-1,-1
219,-1,128,444,129,95,0.87,7,-1,-1
219,-1,384,139,27,38,0.81,7,-1,-1
220,-1,377,202,24,23,0.91,2,-1,-1
220,-1,364,155,17,18,0.88,2,-1,-1
220,-1,384,139,26,36,0.81,7,-1,-1
220,-1,116,476,130,63,0.79,7,-1,-1
221,-1,376,198,24,24,0.90,2,-1,-1
221,-1,364,154,18,18,0.88,2,-1,-1
221,-1,383,138,25,36,0.86,7,-1,-1
222,-1,375,194,23,23,0.90,2,-1,-1
222,-1,363,152,17,17,0.89,2,-1,-1
222,-1,382,137,25,35,0.74,2,-1,-1
223,-1,374,190,22,23,0.90,2,-1,-1
223,-1,363,151,16,17,0.88,2,-1,-1
223,-1,382,136,24,34,0.78,2,-1,-1
224,-1,373,188,22,22,0.89,2,-1,-1
224,-1,363,150,16,16,0.87,2,-1,-1
224,-1,381,136,24,35,0.70,2,-1,-1
225,-1,372,184,22,21,0.91,2,-1,-1
225,-1,362,148,16,16,0.88,2,-1,-1
225,-1,381,135,23,34,0.85,2,-1,-1
226,-1,372,182,21,21,0.91,2,-1,-1
226,-1,362,148,16,16,0.88,2,-1,-1
226,-1,381,134,23,33,0.84,2,-1,-1
227,-1,371,180,21,22,0.91,2,-1,-1
227,-1,362,146,15,15,0.88,2,-1,-1
227,-1,381,134,22,32,0.84,2,-1,-1
228,-1,370,177,22,21,0.91,2,-1,-1
228,-1,362,145,15,15,0.86,2,-1,-1
228,-1,380,133,22,34,0.76,7,-1,-1
229,-1,370,174,21,21,0.90,2,-1,-1
229,-1,362,145,15,14,0.85,2,-1,-1
229,-1,381,133,21,32,0.72,7,-1,-1
230,-1,369,173,21,20,0.88,2,-1,-1
230,-1,362,143,15,14,0.85,2,-1,-1
230,-1,381,132,21,31,0.75,7,-1,-1
231,-1,368,171,19,18,0.90,2,-1,-1
231,-1,362,143,15,14,0.83,2,-1,-1
231,-1,380,131,21,31,0.67,2,-1,-1
232,-1,368,169,19,19,0.89,2,-1,-1
232,-1,362,142,14,14,0.83,2,-1,-1
232,-1,379,131,20,30,0.65,2,-1,-1
233,-1,367,167,19,19,0.88,2,-1,-1
233,-1,361,140,15,15,0.81,2,-1,-1
233,-1,379,130,20,29,0.74,2,-1,-1
233,-1,443,527,88,12,0.15,2,-1,-1
234,-1,438,494,82,45,0.93,2,-1,-1
234,-1,367,166,18,18,0.89,2,-1,-1
234,-1,361,139,14,14,0.77,2,-1,-1
234,-1,378,130,21,30,0.73,2,-1,-1
235,-1,432,463,78,73,0.94,2,-1,-1
235,-1,367,164,19,19,0.89,2,-1,-1
235,-1,361,139,14,14,0.75,2,-1,-1
235,-1,378,130,20,30,0.74,2,-1,-1
236,-1,424,423,67,75,0.96,2,-1,-1
236,-1,366,162,18,18,0.89,2,-1,-1
236,-1,378,129,20,29,0.79,2,-1,-1
236,-1,361,138,14,14,0.64,2,-1,-1
237,-1,417,389,60,66,0.95,2,-1,-1
237,-1,366,160,18,18,0.89,2,-1,-1
237,-1,377,128,20,29,0.79,2,-1,-1
237,-1,360,137,13,13,0.51,2,-1,-1
238,-1,413,369,56,63,0.94,2,-1,-1
238,-1,365,159,18,18,0.88,2,-1,-1
238,-1,377,128,20,29,0.78,2,-1,-1
238,-1,360,136,13,13,0.52,2,-1,-1
239,-1,409,344,50,57,0.95,2,-1,-1
239,-1,364,157,18,18,0.89,2,-1,-1
239,-1,377,127,20,29,0.78,2,-1,-1
239,-1,360,136,13,13,0.62,2,-1,-1
240,-1,405,328,48,55,0.94,2,-1,-1
240,-1,364,156,18,17,0.89,2,-1,-1
240,-1,376,127,19,27,0.85,2,-1,-1
241,-1,401,309,44,51,0.94,2,-1,-1
241,-1,364,155,18,17,0.90,2,-1,-1
241,-1,376,127,19,27,0.83,2,-1,-1
241,-1,359,135,12,12,0.69,2,-1,-1
242,-1,398,298,44,48,0.94,2,-1,-1
242,-1,363,152,18,18,0.89,2,-1,-1
242,-1,376,126,18,26,0.82,2,-1,-1
242,-1,359,134,12,12,0.33,2,-1,-1
243,-1,395,285,40,43,0.94,2,-1,-1
243,-1,363,152,17,17,0.89,2,-1,-1
243,-1,375,126,18,26,0.80,2,-1,-1
243,-1,359,134,12,12,0.60,2,-1,-1
244,-1,393,274,38,44,0.93,2,-1,-1
244,-1,363,151,17,17,0.89,2,-1,-1
244,-1,375,126,18,26,0.70,2,-1,-1
244,-1,359,133,12,12,0.57,2,-1,-1
245,-1,390,259,36,44,0.92,2,-1,-1
245,-1,363,151,17,16,0.89,2,-1,-1
245,-1,375,125,17,26,0.40,2,-1,-1
245,-1,359,133,11,11,0.34,2,-1,-1
246,-1,389,255,36,39,0.93,2,-1,-1
246,-1,362,149,16,16,0.88,2,-1,-1
246,-1,375,124,17,25,0.33,2,-1,-1
246,-1,358,132,11,11,0.13,2,-1,-1
247,-1,387,248,34,35,0.94,2,-1,-1
247,-1,361,148,16,15,0.88,2,-1,-1
247,-1,375,124,17,25,0.33,2,-1,-1
247,-1,358,133,11,11,0.10,2,-1,-1
248,-1,386,240,32,36,0.93,2,-1,-1
248,-1,361,148,16,16,0.87,2,-1,-1
248,-1,375,124,16,25,0.11,7,-1,-1
249,-1,384,231,30,35,0.93,2,-1,-1
249,-1,361,146,15,15,0.86,2,-1,-1
249,-1,374,124,15,24,0.22,7,-1,-1
250,-1,383,226,29,33,0.93,2,-1,-1
250,-1,361,146,15,15,0.84,2,-1,-1
250,-1,374,123,15,24,0.21,7,-1,-1
251,-1,381,221,28,30,0.92,2,-1,-1
251,-1,361,144,15,14,0.83,2,-1,-1
251,-1,374,123,15,24,0.11,7,-1,-1
252,-1,380,216,27,30,0.92,2,-1,-1
252,-1,361,144,15,14,0.83,2,-1,-1
252,-1,374,122,15,24,0.20,7,-1,-1
253,-1,378,209,26,30,0.92,2,-1,-1
253,-1,361,144,14,14,0.82,2,-1,-1
254,-1,378,206,26,29,0.92,2,-1,-1
254,-1,360,143,14,13,0.79,2,-1,-1
255,-1,377,201,25,28,0.92,2,-1,-1
255,-1,360,142,14,13,0.81,2,-1,-1
255,-1,374,121,14,24,0.11,7,-1,-1
256,-1,376,197,24,28,0.91,2,-1,-1
256,-1,360,141,13,13,0.81,2,-1,-1
256,-1,436,527,89,12,0.63,2,-1,-1
256,-1,373,121,14,24,0.11,7,-1,-1
257,-1,428,475,72,62,0.94,2,-1,-1
257,-1,375,193,24,27,0.93,2,-1,-1
257,-1,360,139,13,13,0.47,2,-1,-1
257,-1,372,121,15,23,0.12,2,-1,-1
258,-1,423,447,68,72,0.95,2,-1,-1
258,-1,374,190,24,26,0.91,2,-1,-1
258,-1,360,139,13,12,0.79,2,-1,-1
259,-1,416,409,60,63,0.95,2,-1,-1
259,-1,373,187,24,25,0.91,2,-1,-1
259,-1,359,137,13,13,0.80,2,-1,-1
260,-1,411,387,56,60,0.95,2,-1,-1
260,-1,373,185,22,24,0.92,2,-1,-1
260,-1,359,137,13,13,0.81,2,-1,-1
260,-1,371,120,15,23,0.12,2,-1,-1
261,-1,406,359,50,54,0.94,2,-1,-1
261,-1,372,181,23,23,0.91,2,-1,-1
261,-1,358,134,13,14,0.77,2,-1,-1
261,-1,328,118,13,22,0.36,2,-1,-1
261,-1,371,119,15,23,0.21,2,-1,-1
262,-1,403,343,47,50,0.94,2,-1,-1
262,-1,371,180,23,22,0.91,2,-1,-1
262,-1,358,134,13,14,0.80,2,-1,-1
262,-1,328,118,13,22,0.43,2,-1,-1
262,-1,308,118,16,27,0.14,7,-1,-1
262,-1,371,119,15,23,0.13,2,-1,-1
263,-1,399,320,44,47,0.95,2,-1,-1
263,-1,370,177,22,22,0.90,2,-1,-1
263,-1,358,134,13,14,0.83,2,-1,-1
263,-1,370,119,15,23,0.44,2,-1,-1
263,-1,328,118,13,22,0.36,2,-1,-1
264,-1,396,307,43,45,0.94,2,-1,-1
264,-1,369,175,21,22,0.89,2,-1,-1
264,-1,358,133,13,14,0.74,2,-1,-1
264,-1,327,118,13,23,0.41,2,-1,-1
265,-1,393,292,41,40,0.94,2,-1,-1
265,-1,369,173,21,20,0.88,2,-1,-1
265,-1,358,133,13,13,0.78,2,-1,-1
265,-1,327,118,13,23,0.41,2,-1,-1
266,-1,392,283,37,38,0.92,2,-1,-1
266,-1,367,170,21,21,0.88,2,-1,-1
266,-1,357,132,12,14,0.72,2,-1,-1
266,-1,326,118,14,24,0.48,2,-1,-1
267,-1,388,267,35,39,0.92,2,-1,-1
267,-1,367,168,21,21,0.88,2,-1,-1
267,-1,357,131,12,13,0.69,2,-1,-1
267,-1,326,119,15,24,0.67,2,-1,-1
268,-1,387,260,34,37,0.92,2,-1,-1
268,-1,367,167,20,19,0.88,2,-1,-1
268,-1,358,132,12,13,0.65,2,-1,-1
268,-1,326,119,14,24,0.63,2,-1,-1
268,-1,307,125,14,23,0.36,2,-1,-1
269,-1,385,252,33,33,0.92,2,-1,-1
269,-1,367,164,20,20,0.88,2,-1,-1
269,-1,325,120,15,25,0.69,2,-1,-1
269,-1,358,130,11,13,0.16,2,-1,-1
270,-1,384,246,32,32,0.92,2,-1,-1
270,-1,367,163,19,20,0.88,2,-1,-1
270,-1,325,121,16,25,0.84,2,-1,-1
270,-1,358,129,11,12,0.30,2,-1,-1
271,-1,382,239,29,31,0.92,2,-1,-1
271,-1,366,161,19,19,0.88,2,-1,-1
271,-1,325,121,16,25,0.83,2,-1,-1
271,-1,358,129,11,12,0.26,2,-1,-1
272,-1,381,231,28,29,0.90,2,-1,-1
272,-1,366,159,19,19,0.87,2,-1,-1
272,-1,325,121,16,26,0.81,2,-1,-1
272,-1,358,129,10,11,0.20,2,-1,-1
273,-1,379,226,28,29,0.92,2,-1,-1
273,-1,563,510,76,29,0.91,2,-1,-1
273,-1,366,158,19,19,0.87,2,-1,-1
273,-1,324,121,16,26,0.82,2,-1,-1
273,-1,357,128,10,12,0.10,2,-1,-1
274,-1,544,468,83,71,0.94,2,-1,-1
274,-1,379,220,27,27,0.91,2,-1,-1
274,-1,365,157,19,18,0.87,2,-1,-1
274,-1,324,122,17,26,0.85,2,-1,-1
274,-1,304,133,14,20,0.11,2,-1,-1
275,-1,532,443,81,82,0.95,2,-1,-1
275,-1,378,216,24,26,0.89,2,-1,-1
275,-1,366,156,18,17,0.87,2,-1,-1
275,-1,324,122,17,26,0.85,2,-1,-1
276,-1,516,409,72,74,0.93,2,-1,-1
276,-1,377,210,24,25,0.90,2,-1,-1
276,-1,365,154,18,17,0.87,2,-1,-1
276,-1,324,122,17,27,0.82,2,-1,-1
276,-1,303,135,14,19,0.40,2,-1,-1
277,-1,507,390,68,71,0.92,2,-1,-1
277,-1,376,205,23,26,0.89,2,-1,-1
277,-1,365,153,18,17,0.87,2,-1,-1
277,-1,323,122,18,28,0.83,2,-1,-1
277,-1,303,135,14,20,0.38,2,-1,-1
278,-1,494,365,61,64,0.94,2,-1,-1
278,-1,364,151,17,17,0.88,2,-1,-1
278,-1,375,200,24,25,0.88,2,-1,-1
278,-1,322,123,18,29,0.84,2,-1,-1
278,-1,303,136,15,20,0.53,2,-1,-1
279,-1,487,351,59,60,0.94,2,-1,-1
279,-1,373,197,23,25,0.89,2,-1,-1
279,-1,364,151,17,15,0.88,2,-1,-1
279,-1,322,123,18,29,0.85,2,-1,-1
279,-1,302,135,14,21,0.48,2,-1,-1
280,-1,477,330,54,56,0.94,2,-1,-1
280,-1,363,149,17,15,0.89,2,-1,-1
280,-1,372,193,24,24,0.87,2,-1,-1
280,-1,322,123,19,29,0.85,2,-1,-1
280,-1,301,134,15,22,0.62,2,-1,-1
281,-1,468,313,51,52,0.94,2,-1,-1
281,-1,363,148,16,15,0.88,2,-1,-1
281,-1,372,189,24,24,0.88,2,-1,-1
281,-1,321,123,20,31,0.82,2,-1,-1
281,-1,300,137,16,21,0.76,2,-1,-1
282,-1,463,303,47,49,0.94,2,-1,-1
282,-1,363,146,16,15,0.88,2,-1,-1
282,-1,371,186,24,23,0.87,2,-1,-1
282,-1,321,123,20,32,0.80,2,-1,-1
282,-1,300,137,16,23,0.70,2,-1,-1
283,-1,455,289,44,46,0.94,2,-1,-1
283,-1,363,146,16,16,0.87,2,-1,-1
283,-1,369,183,24,22,0.86,2,-1,-1
283,-1,320,123,20,33,0.81,2,-1,-1
283,-1,298,136,17,24,0.69,2,-1,-1
284,-1,450,281,43,45,0.92,2,-1,-1
284,-1,363,145,16,15,0.86,2,-1,-1
284,-1,368,182,23,20,0.85,2,-1,-1
284,-1,320,124,21,33,0.82,2,-1,-1
284,-1,297,139,16,23,0.15,2,-1,-1
285,-1,446,270,39,42,0.94,2,-1,-1
285,-1,368,178,22,21,0.86,2,-1,-1
285,-1,362,145,15,14,0.85,2,-1,-1
285,-1,320,125,20,32,0.84,2,-1,-1
285,-1,297,138,17,24,0.83,2,-1,-1
286,-1,441,263,38,40,0.94,2,-1,-1
286,-1,367,176,23,21,0.87,2,-1,-1
286,-1,319,126,21,32,0.85,2,-1,-1
286,-1,362,143,15,13,0.83,2,-1,-1
286,-1,296,140,17,23,0.82,2,-1,-1
287,-1,437,254,36,37,0.94,2,-1,-1
287,-1,296,140,17,24,0.86,2,-1,-1
287,-1,367,173,21,20,0.85,2,-1,-1
287,-1,319,126,21,33,0.84,2,-1,-1
287,-1,362,142,15,13,0.73,2,-1,-1
288,-1,434,248,35,36,0.94,2,-1,-1
288,-1,295,140,18,25,0.87,2,-1,-1
288,-1,366,171,21,20,0.86,2,-1,-1
288,-1,319,126,21,34,0.82,2,-1,-1
288,-1,362,142,15,13,0.73,2,-1,-1
289,-1,430,240,34,34,0.94,2,-1,-1
289,-1,295,142,17,24,0.85,2,-1,-1
289,-1,318,127,21,35,0.85,2,-1,-1
289,-1,366,169,21,19,0.84,2,-1,-1
289,-1,361,141,15,14,0.78,2,-1,-1
290,-1,427,235,32,34,0.93,2,-1,-1
290,-1,365,168,20,19,0.86,2,-1,-1
290,-1,295,144,17,23,0.82,2,-1,-1
290,-1,318,128,21,36,0.81,2,-1,-1
290,-1,361,139,15,13,0.62,2,-1,-1
291,-1,424,228,31,33,0.92,2,-1,-1
291,-1,365,166,20,18,0.86,2,-1,-1
291,-1,293,145,18,23,0.83,2,-1,-1
291,-1,317,129,22,35,0.81,2,-1,-1
291,-1,360,138,15,14,0.67,2,-1,-1
292,-1,422,225,29,31,0.94,2,-1,-1
292,-1,365,164,19,17,0.86,2,-1,-1
292,-1,292,143,19,26,0.86,2,-1,-1
292,-1,317,130,22,35,0.81,2,-1,-1
292,-1,360,137,14,13,0.61,2,-1,-1
293,-1,418,219,29,29,0.93,2,-1,-1
293,-1,291,144,20,27,0.86,2,-1,-1
293,-1,364,161,18,18,0.86,2,-1,-1
293,-1,316,130,22,36,0.61,7,-1,-1
293,-1,360,137,13,13,0.31,2,-1,-1
294,-1,416,215,28,29,0.92,2,-1,-1
294,-1,289,144,20,27,0.85,2,-1,-1
294,-1,364,161,17,16,0.85,2,-1,-1
294,-1,316,131,22,37,0.57,7,-1,-1
294,-1,360,137,13,13,0.17,2,-1,-1
295,-1,414,210,27,28,0.92,2,-1,-1
295,-1,363,158,18,16,0.85,2,-1,-1
295,-1,289,146,20,27,0.84,2,-1,-1
295,-1,315,132,23,37,0.83,7,-1,-1
295,-1,360,136,13,13,0.12,2,-1,-1
296,-1,413,207,26,27,0.92,2,-1,-1
296,-1,363,157,18,16,0.86,2,-1,-1
296,-1,288,146,20,27,0.85,2,-1,-1
296,-1,314,132,23,38,0.83,7,-1,-1
297,-1,411,204,25,26,0.93,2,-1,-1
297,-1,288,148,20,26,0.86,2,-1,-1
297,-1,362,156,18,16,0.86,2,-1,-1
297,-1,314,132,23,39,0.84,7,-1,-1
298,-1,408,199,25,27,0.91,2,-1,-1
298,-1,313,133,24,40,0.89,7,-1,-1
298,-1,362,155,18,16,0.85,2,-1,-1
298,-1,287,148,20,28,0.64,7,-1,-1
299,-1,407,196,23,24,0.91,2,-1,-1
299,-1,312,134,25,41,0.89,7,-1,-1
299,-1,362,154,18,16,0.85,2,-1,-1
299,-1,286,147,21,31,0.84,7,-1,-1
300,-1,405,193,23,24,0.90,2,-1,-1
300,-1,312,134,25,41,0.89,7,-1,-1
300,-1,285,148,21,31,0.86,7,-1,-1
300,-1,361,152,17,16,0.83,2,-1,-1
301,-1,311,135,25,42,0.91,7,-1,-1
301,-1,404,190,22,24,0.91,2,-1,-1
301,-1,284,148,22,32,0.88,7,-1,-1
301,-1,362,151,17,15,0.83,2,-1,-1
302,-1,401,186,23,24,0.90,2,-1,-1
302,-1,310,136,25,41,0.89,7,-1,-1
302,-1,283,148,23,34,0.88,7,-1,-1
302,-1,362,150,16,15,0.75,2,-1,-1
303,-1,310,137,25,43,0.89,7,-1,-1
303,-1,401,184,21,22,0.89,2,-1,-1
303,-1,281,149,23,35,0.88,7,-1,-1
303,-1,362,148,16,15,0.75,2,-1,-1
304,-1,280,147,24,38,0.92,7,-1,-1
304,-1,309,138,26,43,0.91,7,-1,-1
304,-1,399,182,21,22,0.89,2,-1,-1
304,-1,362,148,15,14,0.73,2,-1,-1
305,-1,279,149,24,38,0.92,7,-1,-1
305,-1,308,139,27,45,0.90,7,-1,-1
305,-1,398,179,21,22,0.89,2,-1,-1
305,-1,362,146,15,15,0.69,2,-1,-1
306,-1,278,150,25,38,0.91,7,-1,-1
306,-1,397,177,21,22,0.90,2,-1,-1
306,-1,308,140,26,45,0.86,7,-1,-1
307,-1,277,154,25,36,0.89,7,-1,-1
307,-1,395,174,21,21,0.89,2,-1,-1
307,-1,306,142,27,47,0.88,7,-1,-1
307,-1,361,143,15,14,0.60,2,-1,-1
308,-1,394,173,21,21,0.89,2,-1,-1
308,-1,276,154,25,38,0.89,7,-1,-1
308,-1,305,143,28,47,0.89,7,-1,-1
308,-1,361,143,15,14,0.51,2,-1,-1
309,-1,274,155,25,40,0.90,7,-1,-1
309,-1,304,143,29,49,0.90,7,-1,-1
309,-1,393,170,21,20,0.88,2,-1,-1
310,-1,273,157,25,39,0.90,7,-1,-1
310,-1,303,145,30,50,0.89,7,-1,-1
310,-1,392,169,20,20,0.87,2,-1,-1
311,-1,302,147,31,51,0.91,7,-1,-1
311,-1,272,159,25,40,0.91,7,-1,-1
311,-1,391,166,20,20,0.88,2,-1,-1
312,-1,301,147,32,52,0.92,7,-1,-1
312,-1,270,161,26,40,0.91,7,-1,-1
312,-1,390,166,20,19,0.89,2,-1,-1
313,-1,300,148,32,54,0.94,7,-1,-1
313,-1,268,162,27,41,0.92,7,-1,-1
313,-1,389,163,19,19,0.88,2,-1,-1
314,-1,299,150,33,54,0.95,7,-1,-1
314,-1,266,162,28,42,0.93,7,-1,-1
314,-1,389,162,19,19,0.87,2,-1,-1
315,-1,298,151,33,56,0.94,7,-1,-1
315,-1,264,163,29,44,0.93,7,-1,-1
315,-1,388,161,18,18,0.87,2,-1,-1
316,-1,297,152,34,57,0.92,7,-1,-1
316,-1,263,165,29,44,0.92,7,-1,-1
316,-1,386,160,18,18,0.87,2,-1,-1
317,-1,261,167,30,46,0.94,7,-1,-1
317,-1,296,154,35,59,0.93,7,-1,-1
317,-1,386,158,18,18,0.88,2,-1,-1
318,-1,295,155,35,60,0.94,7,-1,-1
318,-1,259,168,31,47,0.93,7,-1,-1
318,-1,386,158,17,17,0.87,2,-1,-1
319,-1,293,156,37,62,0.93,7,-1,-1
319,-1,257,170,31,47,0.92,7,-1,-1
319,-1,385,158,18,16,0.85,2,-1,-1
320,-1,292,158,38,64,0.93,7,-1,-1
320,-1,255,173,32,47,0.92,7,-1,-1
320,-1,383,154,18,17,0.86,2,-1,-1
321,-1,290,160,40,67,0.93,7,-1,-1
321,-1,251,174,34,50,0.92,7,-1,-1
321,-1,383,155,17,16,0.82,2,-1,-1
322,-1,289,161,39,69,0.94,7,-1,-1
322,-1,250,176,34,51,0.90,7,-1,-1
322,-1,382,152,18,17,0.84,2,-1,-1
323,-1,285,164,43,71,0.94,7,-1,-1
323,-1,247,178,35,53,0.91,7,-1,-1
323,-1,382,151,17,17,0.82,2,-1,-1
324,-1,284,166,44,73,0.94,7,-1,-1
324,-1,244,179,37,55,0.94,7,-1,-1
324,-1,382,150,17,16,0.75,2,-1,-1
325,-1,283,167,44,76,0.94,7,-1,-1
325,-1,242,183,37,54,0.92,7,-1,-1
326,-1,281,170,45,79,0.95,7,-1,-1
326,-1,239,185,38,58,0.93,7,-1,-1
326,-1,380,148,16,15,0.72,2,-1,-1
327,-1,278,173,46,82,0.95,7,-1,-1
327,-1,236,189,39,59,0.94,7,-1,-1
328,-1,275,175,48,86,0.95,7,-1,-1
328,-1,233,190,41,61,0.92,7,-1,-1
328,-1,379,146,16,15,0.70,2,-1,-1
329,-1,273,177,49,89,0.94,7,-1,-1
329,-1,231,192,41,62,0.93,7,-1,-1
329,-1,379,146,16,15,0.70,2,-1,-1
329,-1,314,169,14,14,0.64,2,-1,-1
329,-1,578,522,61,17,0.45,2,-1,-1
330,-1,269,180,53,95,0.94,7,-1,-1
330,-1,226,196,44,65,0.94,7,-1,-1
330,-1,539,471,99,68,0.84,7,-1,-1
330,-1,311,171,15,14,0.57,2,-1,-1
330,-1,378,146,15,15,0.22,2,-1,-1
331,-1,267,183,54,98,0.94,7,-1,-1
331,-1,223,199,44,66,0.93,7,-1,-1
331,-1,310,172,16,14,0.83,2,-1,-1
331,-1,528,443,102,96,0.72,7,-1,-1
331,-1,378,144,15,14,0.67,2,-1,-1
332,-1,218,203,45,70,0.94,7,-1,-1
332,-1,263,186,57,104,0.94,7,-1,-1
332,-1,512,405,90,103,0.88,7,-1,-1
332,-1,309,173,17,15,0.84,2,-1,-1
332,-1,377,144,15,14,0.64,2,-1,-1
333,-1,215,205,47,72,0.94,7,-1,-1
333,-1,257,189,62,107,0.94,7,-1,-1
333,-1,502,383,83,97,0.92,7,-1,-1
333,-1,307,175,18,16,0.85,2,-1,-1
334,-1,253,195,65,114,0.94,7,-1,-1
334,-1,209,210,49,75,0.93,7,-1,-1
334,-1,307,176,18,18,0.87,2,-1,-1
334,-1,489,357,76,88,0.84,7,-1,-1
334,-1,377,142,14,14,0.29,2,-1,-1
335,-1,205,212,52,79,0.95,7,-1,-1
335,-1,250,198,67,120,0.95,7,-1,-1
335,-1,481,341,71,83,0.89,7,-1,-1
335,-1,306,177,19,18,0.88,2,-1,-1
335,-1,377,141,14,13,0.67,2,-1,-1
335,-1,313,120,13,19,0.35,7,-1,-1
336,-1,246,203,69,128,0.95,7,-1,-1
336,-1,199,218,55,81,0.94,7,-1,-1
336,-1,305,180,19,19,0.90,2,-1,-1
336,-1,471,320,65,76,0.69,7,-1,-1
336,-1,313,120,13,19,0.34,7,-1,-1
337,-1,194,223,55,83,0.95,7,-1,-1
337,-1,240,206,72,135,0.94,7,-1,-1
337,-1,304,181,19,20,0.89,2,-1,-1
337,-1,466,307,61,71,0.71,2,-1,-1
337,-1,313,120,13,20,0.39,7,-1,-1
338,-1,187,227,59,89,0.95,7,-1,-1
338,-1,234,211,78,148,0.94,7,-1,-1
338,-1,458,292,55,65,0.91,2,-1,-1
338,-1,303,185,19,18,0.87,2,-1,-1
338,-1,312,120,14,21,0.83,7,-1,-1
338,-1,376,139,12,13,0.15,2,-1,-1
339,-1,182,231,62,92,0.96,7,-1,-1
339,-1,229,216,81,155,0.95,7,-1,-1
339,-1,302,188,19,18,0.86,2,-1,-1
339,-1,452,282,53,61,0.85,2,-1,-1
339,-1,312,120,14,21,0.84,7,-1,-1
340,-1,175,239,64,95,0.95,7,-1,-1
340,-1,221,223,85,170,0.94,7,-1,-1
340,-1,446,270,49,57,0.93,2,-1,-1
340,-1,299,189,21,20,0.88,2,-1,-1
340,-1,312,120,14,20,0.81,7,-1,-1
341,-1,167,244,67,101,0.95,7,-1,-1
341,-1,443,262,47,54,0.95,2,-1,-1
341,-1,216,227,90,183,0.95,7,-1,-1
341,-1,298,190,22,21,0.88,2,-1,-1
341,-1,311,120,14,21,0.79,7,-1,-1
342,-1,159,251,68,108,0.96,7,-1,-1
342,-1,437,252,44,52,0.94,2,-1,-1
342,-1,205,235,98,201,0.93,7,-1,-1
342,-1,297,194,21,21,0.90,2,-1,-1
342,-1,311,120,14,21,0.78,7,-1,-1
343,-1,198,241,103,217,0.95,7,-1,-1
343,-1,433,246,42,49,0.93,2,-1,-1
343,-1,296,197,21,21,0.90,2,-1,-1
343,-1,311,120,14,22,0.77,7,-1,-1
344,-1,138,268,77,119,0.97,7,-1,-1
344,-1,429,237,40,46,0.93,2,-1,-1
344,-1,293,201,23,21,0.88,2,-1,-1
344,-1,310,120,15,22,0.78,7,-1,-1
345,-1,170,258,123,268,0.95,7,-1,-1
345,-1,427,232,39,45,0.94,2,-1,-1
345,-1,293,203,22,23,0.89,2,-1,-1
345,-1,310,121,15,23,0.72,7,-1,-1
346,-1,153,271,137,268,0.95,7,-1,-1
346,-1,423,224,36,43,0.93,2,-1,-1
346,-1,290,206,24,24,0.90,2,-1,-1
346,-1,310,121,15,23,0.73,7,-1,-1
347,-1,137,282,148,257,0.96,7,-1,-1
347,-1,422,220,34,40,0.93,2,-1,-1
347,-1,288,209,25,25,0.91,2,-1,-1
347,-1,310,121,15,23,0.68,7,-1,-1
348,-1,126,298,155,241,0.94,7,-1,-1
348,-1,418,213,33,39,0.94,2,-1,-1
348,-1,287,213,25,26,0.90,2,-1,-1
349,-1,86,313,190,226,0.95,7,-1,-1
349,-1,415,210,33,38,0.92,2,-1,-1
349,-1,287,216,24,27,0.90,2,-1,-1
350,-1,412,205,32,37,0.93,2,-1,-1
350,-1,59,332,211,207,0.92,7,-1,-1
350,-1,284,222,26,27,0.90,2,-1,-1
350,-1,307,122,17,24,0.70,7,-1,-1
351,-1,45,349,221,190,0.95,7,-1,-1
351,-1,411,201,31,36,0.93,2,-1,-1
351,-1,281,223,28,32,0.91,2,-1,-1
352,-1,408,197,30,34,0.93,2,-1,-1
352,-1,32,379,225,160,0.92,7,-1,-1
352,-1,279,232,27,30,0.91,2,-1,-1
353,-1,83,404,167,135,0.93,7,-1,-1
353,-1,277,235,29,32,0.92,2,-1,-1
353,-1,407,194,28,33,0.91,2,-1,-1
353,-1,305,122,18,27,0.65,7,-1,-1
354,-1,405,190,28,33,0.92,2,-1,-1
354,-1,78,448,159,91,0.91,7,-1,-1
354,-1,274,243,30,32,0.91,2,-1,-1
354,-1,305,123,17,27,0.24,2,-1,-1
355,-1,80,485,147,54,0.93,7,-1,-1
355,-1,272,248,30,33,0.92,2,-1,-1
355,-1,403,187,28,33,0.92,2,-1,-1
355,-1,1,442,99,97,0.91,7,-1,-1
355,-1,305,123,17,27,0.29,2,-1,-1
356,-1,401,183,27,32,0.92,2,-1,-1
356,-1,268,255,32,35,0.92,2,-1,-1
356,-1,304,123,18,28,0.61,2,-1,-1
357,-1,400,181,27,31,0.92,2,-1,-1
357,-1,265,258,34,38,0.92,2,-1,-1
357,-1,0,510,62,29,0.86,7,-1,-1
357,-1,303,124,19,28,0.67,2,-1,-1
358,-1,261,268,35,39,0.94,2,-1,-1
358,-1,398,177,26,30,0.91,2,-1,-1
358,-1,303,124,19,29,0.62,7,-1,-1
359,-1,258,275,36,42,0.94,2,-1,-1
359,-1,397,175,24,30,0.90,2,-1,-1
359,-1,302,125,19,29,0.70,7,-1,-1
360,-1,252,287,39,43,0.94,2,-1,-1
360,-1,395,173,24,28,0.92,2,-1,-1
360,-1,302,125,19,30,0.79,7,-1,-1
361,-1,247,294,43,45,0.93,2,-1,-1
361,-1,394,171,23,27,0.92,2,-1,-1
361,-1,300,127,20,29,0.85,7,-1,-1
362,-1,243,306,44,49,0.94,2,-1,-1
362,-1,392,168,24,28,0.92,2,-1,-1
362,-1,300,128,20,29,0.85,7,-1,-1
363,-1,240,316,44,52,0.94,2,-1,-1
363,-1,391,166,23,27,0.91,2,-1,-1
363,-1,300,128,20,29,0.85,7,-1,-1
364,-1,232,333,47,55,0.95,2,-1,-1
364,-1,390,165,22,25,0.91,2,-1,-1
364,-1,298,129,20,29,0.88,7,-1,-1
365,-1,227,345,49,59,0.95,2,-1,-1
365,-1,390,163,22,25,0.90,2,-1,-1
365,-1,298,130,20,30,0.88,7,-1,-1
366,-1,220,365,52,65,0.94,2,-1,-1
366,-1,388,161,21,25,0.92,2,-1,-1
366,-1,297,130,21,31,0.89,7,-1,-1
367,-1,210,380,58,71,0.94,2,-1,-1
367,-1,388,159,21,25,0.92,2,-1,-1
367,-1,295,130,22,31,0.89,7,-1,-1
368,-1,201,407,62,78,0.95,2,-1,-1
368,-1,295,131,22,32,0.90,7,-1,-1
368,-1,386,157,21,24,0.90,2,-1,-1
369,-1,192,426,66,85,0.95,2,-1,-1
369,-1,294,131,23,32,0.91,7,-1,-1
369,-1,385,157,21,23,0.90,2,-1,-1
370,-1,178,459,71,79,0.93,2,-1,-1
370,-1,293,131,23,33,0.90,7,-1,-1
370,-1,384,155,20,22,0.88,2,-1,-1
371,-1,171,485,72,54,0.92,2,-1,-1
371,-1,292,133,23,33,0.92,7,-1,-1
371,-1,384,153,20,22,0.90,2,-1,-1
372,-1,291,133,24,35,0.92,7,-1,-1
372,-1,382,152,20,22,0.90,2,-1,-1
373,-1,290,134,24,35,0.92,7,-1,-1
373,-1,382,151,20,22,0.90,2,-1,-1
374,-1,290,134,24,36,0.92,7,-1,-1
374,-1,381,149,19,22,0.90,2,-1,-1
375,-1,289,135,24,36,0.91,7,-1,-1
375,-1,381,149,19,21,0.90,2,-1,-1
376,-1,288,135,24,38,0.92,7,-1,-1
376,-1,381,148,18,20,0.89,2,-1,-1
377,-1,288,136,24,38,0.92,7,-1,-1
377,-1,379,146,18,20,0.89,2,-1,-1
378,-1,287,137,25,39,0.93,7,-1,-1
378,-1,379,146,17,19,0.88,2,-1,-1
379,-1,285,137,25,40,0.93,7,-1,-1
379,-1,379,144,17,20,0.88,2,-1,-1
380,-1,284,137,27,42,0.93,7,-1,-1
380,-1,377,143,18,19,0.89,2,-1,-1
381,-1,283,138,27,42,0.92,7,-1,-1
381,-1,376,143,18,18,0.88,2,-1,-1
382,-1,282,139,27,43,0.92,7,-1,-1
382,-1,376,142,17,18,0.87,2,-1,-1
383,-1,281,140,28,43,0.92,7,-1,-1
383,-1,376,141,17,18,0.87,2,-1,-1
384,-1,279,140,29,45,0.92,7,-1,-1
384,-1,375,140,17,18,0.86,2,-1,-1
385,-1,278,141,30,46,0.93,7,-1,-1
385,-1,375,139,16,18,0.87,2,-1,-1
386,-1,276,142,30,48,0.95,7,-1,-1
386,-1,375,138,16,18,0.87,2,-1,-1
387,-1,275,142,31,49,0.94,7,-1,-1
387,-1,374,138,15,17,0.87,2,-1,-1
388,-1,273,144,32,49,0.92,7,-1,-1
388,-1,373,137,16,18,0.87,2,-1,-1
389,-1,272,145,32,51,0.93,7,-1,-1
389,-1,373,136,15,17,0.86,2,-1,-1
390,-1,269,146,34,52,0.94,7,-1,-1
390,-1,373,136,15,17,0.85,2,-1,-1
391,-1,268,147,35,53,0.93,7,-1,-1
391,-1,372,135,16,17,0.85,2,-1,-1
392,-1,266,148,36,55,0.94,7,-1,-1
392,-1,372,134,16,17,0.82,2,-1,-1
393,-1,265,149,36,56,0.93,7,-1,-1
393,-1,372,134,16,17,0.82,2,-1,-1
394,-1,263,150,38,58,0.94,7,-1,-1
394,-1,372,134,15,16,0.57,2,-1,-1
395,-1,261,151,39,59,0.95,7,-1,-1
395,-1,371,133,15,16,0.67,2,-1,-1
396,-1,258,153,39,62,0.94,7,-1,-1
396,-1,313,123,12,18,0.20,7,-1,-1
397,-1,257,154,40,63,0.95,7,-1,-1
397,-1,313,123,12,19,0.16,7,-1,-1
398,-1,253,156,42,65,0.95,7,-1,-1
398,-1,313,122,12,19,0.35,7,-1,-1
398,-1,370,131,14,15,0.20,2,-1,-1
399,-1,251,158,42,66,0.95,7,-1,-1
399,-1,312,122,12,19,0.36,7,-1,-1
399,-1,369,130,14,16,0.18,2,-1,-1
400,-1,249,159,43,70,0.94,7,-1,-1
400,-1,312,124,12,18,0.12,7,-1,-1
401,-1,246,160,46,72,0.95,7,-1,-1
401,-1,312,124,13,19,0.47,7,-1,-1
402,-1,242,162,49,76,0.95,7,-1,-1
402,-1,312,126,13,18,0.25,7,-1,-1
403,-1,239,163,51,78,0.96,7,-1,-1
403,-1,311,125,13,19,0.17,7,-1,-1
404,-1,235,166,54,82,0.95,7,-1,-1
404,-1,311,124,13,20,0.13,7,-1,-1
405,-1,232,168,56,85,0.95,7,-1,-1
405,-1,311,124,13,20,0.11,7,-1,-1
406,-1,226,170,58,89,0.95,7,-1,-1
407,-1,221,172,62,95,0.96,7,-1,-1
408,-1,219,173,63,96,0.96,7,-1,-1
409,-1,216,175,66,100,0.95,7,-1,-1
410,-1,209,179,70,105,0.95,7,-1,-1
411,-1,204,182,73,110,0.95,7,-1,-1
411,-1,307,126,15,21,0.28,7,-1,-1
412,-1,196,186,78,116,0.96,7,-1,-1
412,-1,308,126,15,22,0.34,7,-1,-1
413,-1,191,187,82,122,0.96,7,-1,-1
413,-1,307,123,16,24,0.11,7,-1,-1
414,-1,182,192,87,131,0.96,7,-1,-1
414,-1,306,124,16,26,0.38,7,-1,-1
415,-1,173,197,92,141,0.95,7,-1,-1
415,-1,305,125,16,25,0.12,7,-1,-1
416,-1,165,199,98,148,0.96,7,-1,-1
416,-1,304,126,16,25,0.49,7,-1,-1
417,-1,153,206,106,160,0.96,7,-1,-1
417,-1,304,126,16,25,0.46,7,-1,-1
417,-1,322,145,12,13,0.30,2,-1,-1
418,-1,144,209,111,170,0.96,7,-1,-1
418,-1,303,126,17,27,0.11,7,-1,-1
419,-1,128,215,123,187,0.96,7,-1,-1
419,-1,303,126,17,27,0.35,7,-1,-1
419,-1,321,148,13,13,0.15,2,-1,-1
420,-1,117,218,130,200,0.97,7,-1,-1
420,-1,302,129,17,25,0.66,7,-1,-1
420,-1,320,149,13,13,0.21,2,-1,-1
421,-1,97,225,147,222,0.96,7,-1,-1
422,-1,83,231,155,240,0.96,7,-1,-1
423,-1,58,238,174,270,0.96,7,-1,-1
423,-1,300,131,17,26,0.74,7,-1,-1
424,-1,40,245,188,292,0.97,7,-1,-1
424,-1,300,132,17,25,0.71,7,-1,-1
425,-1,15,252,211,287,0.96,7,-1,-1
425,-1,317,156,15,14,0.40,2,-1,-1
425,-1,299,132,17,26,0.39,7,-1,-1
426,-1,0,262,216,276,0.96,7,-1,-1
426,-1,298,132,18,26,0.54,7,-1,-1
426,-1,316,156,15,15,0.48,2,-1,-1
427,-1,0,277,208,262,0.96,7,-1,-1
427,-1,316,157,15,15,0.70,2,-1,-1
427,-1,297,134,18,25,0.62,7,-1,-1
428,-1,0,286,202,253,0.96,7,-1,-1
428,-1,314,159,15,15,0.39,2,-1,-1
428,-1,297,135,18,26,0.29,7,-1,-1
429,-1,0,304,193,235,0.97,7,-1,-1
429,-1,296,136,18,26,0.78,7,-1,-1
429,-1,314,160,16,16,0.42,2,-1,-1
430,-1,0,316,183,223,0.97,7,-1,-1
430,-1,296,136,18,26,0.53,7,-1,-1
430,-1,313,161,17,18,0.30,2,-1,-1
431,-1,0,341,169,198,0.97,7,-1,-1
431,-1,311,164,18,18,0.74,2,-1,-1
431,-1,296,138,18,25,0.35,2,-1,-1
432,-1,0,357,156,182,0.96,7,-1,-1
432,-1,310,165,18,18,0.75,2,-1,-1
432,-1,295,137,18,26,0.42,7,-1,-1
433,-1,0,388,136,151,0.96,7,-1,-1
433,-1,577,451,62,88,0.89,7,-1,-1
433,-1,309,170,15,16,0.85,2,-1,-1
433,-1,293,136,20,27,0.66,2,-1,-1
434,-1,562,421,77,118,0.94,7,-1,-1
434,-1,0,413,119,126,0.93,7,-1,-1
434,-1,308,171,16,17,0.87,2,-1,-1
434,-1,293,137,20,27,0.74,2,-1,-1
435,-1,544,395,95,144,0.95,7,-1,-1
435,-1,306,173,18,17,0.88,2,-1,-1
435,-1,292,139,20,26,0.70,2,-1,-1
435,-1,0,457,89,82,0.69,7,-1,-1
436,-1,535,374,104,165,0.95,7,-1,-1
436,-1,305,176,17,18,0.89,2,-1,-1
436,-1,292,139,20,27,0.57,2,-1,-1
437,-1,520,349,119,190,0.96,7,-1,-1
437,-1,304,177,18,19,0.90,2,-1,-1
437,-1,291,138,20,29,0.46,7,-1,-1
438,-1,511,334,128,205,0.96,7,-1,-1
438,-1,303,179,18,20,0.89,2,-1,-1
438,-1,290,139,21,29,0.55,7,-1,-1
439,-1,500,316,139,223,0.96,7,-1,-1
439,-1,302,183,18,20,0.88,2,-1,-1
439,-1,290,140,21,29,0.74,7,-1,-1
440,-1,494,304,145,235,0.97,7,-1,-1
440,-1,301,185,18,20,0.88,2,-1,-1
440,-1,289,140,21,31,0.86,7,-1,-1
441,-1,484,287,155,250,0.97,7,-1,-1
441,-1,298,188,20,22,0.89,2,-1,-1
441,-1,288,141,21,31,0.83,7,-1,-1
442,-1,479,279,160,258,0.97,7,-1,-1
442,-1,297,192,20,21,0.89,2,-1,-1
442,-1,288,142,21,30,0.69,7,-1,-1
443,-1,473,270,166,268,0.97,7,-1,-1
443,-1,295,193,21,24,0.90,2,-1,-1
443,-1,287,142,22,30,0.79,7,-1,-1
444,-1,466,260,173,278,0.97,7,-1,-1
444,-1,293,197,22,24,0.89,2,-1,-1
444,-1,286,143,22,30,0.75,7,-1,-1
445,-1,460,249,179,255,0.97,7,-1,-1
445,-1,419,507,86,32,0.89,2,-1,-1
445,-1,290,202,23,26,0.89,2,-1,-1
445,-1,285,144,23,31,0.16,7,-1,-1
446,-1,455,245,172,236,0.97,7,-1,-1
446,-1,416,479,71,60,0.93,2,-1,-1
446,-1,289,205,23,26,0.90,2,-1,-1
446,-1,285,145,23,31,0.59,7,-1,-1
447,-1,449,237,156,215,0.96,7,-1,-1
447,-1,410,441,62,69,0.94,2,-1,-1
447,-1,286,208,25,30,0.91,2,-1,-1
447,-1,283,146,23,32,0.86,7,-1,-1
448,-1,446,230,147,206,0.96,7,-1,-1
448,-1,407,417,57,66,0.94,2,-1,-1
448,-1,284,215,25,29,0.90,2,-1,-1
448,-1,282,145,24,34,0.89,7,-1,-1
449,-1,443,223,134,191,0.96,7,-1,-1
449,-1,402,390,53,60,0.94,2,-1,-1
449,-1,281,145,24,36,0.92,7,-1,-1
449,-1,281,222,25,30,0.90,2,-1,-1
450,-1,440,219,126,181,0.96,7,-1,-1
450,-1,400,373,49,57,0.94,2,-1,-1
450,-1,278,224,27,34,0.92,2,-1,-1
450,-1,280,146,24,36,0.91,7,-1,-1
450,-1,311,121,14,21,0.20,7,-1,-1
451,-1,437,213,119,167,0.96,7,-1,-1
451,-1,397,350,46,53,0.94,2,-1,-1
451,-1,280,148,24,37,0.92,7,-1,-1
451,-1,274,230,29,37,0.92,2,-1,-1
451,-1,310,121,15,23,0.50,7,-1,-1
452,-1,433,209,113,161,0.97,7,-1,-1
452,-1,395,338,44,50,0.94,2,-1,-1
452,-1,279,149,24,37,0.93,7,-1,-1
452,-1,272,234,29,39,0.92,2,-1,-1
452,-1,310,120,15,23,0.49,7,-1,-1
453,-1,431,204,105,150,0.97,7,-1,-1
453,-1,391,321,42,45,0.93,2,-1,-1
453,-1,277,149,25,38,0.93,7,-1,-1
453,-1,268,245,31,39,0.92,2,-1,-1
453,-1,309,120,15,24,0.78,7,-1,-1
454,-1,429,201,101,145,0.96,7,-1,-1
454,-1,276,150,26,39,0.92,7,-1,-1
454,-1,264,250,32,43,0.92,2,-1,-1
454,-1,390,311,41,43,0.92,2,-1,-1
454,-1,309,120,15,24,0.38,7,-1,-1
455,-1,426,195,94,137,0.96,7,-1,-1
455,-1,259,262,34,45,0.94,2,-1,-1
455,-1,388,296,37,40,0.92,2,-1,-1
455,-1,275,151,26,38,0.92,7,-1,-1
455,-1,308,121,16,25,0.71,7,-1,-1
456,-1,424,194,90,131,0.96,7,-1,-1
456,-1,387,287,34,39,0.93,2,-1,-1
456,-1,254,271,36,46,0.92,2,-1,-1
456,-1,274,153,26,38,0.91,7,-1,-1
456,-1,307,120,17,26,0.81,7,-1,-1
457,-1,422,190,88,127,0.96,7,-1,-1
457,-1,249,279,39,50,0.95,2,-1,-1
457,-1,385,279,34,37,0.94,2,-1,-1
457,-1,273,157,27,37,0.87,7,-1,-1
457,-1,307,120,17,27,0.83,7,-1,-1
458,-1,420,186,83,120,0.97,7,-1,-1
458,-1,385,269,32,36,0.93,2,-1,-1
458,-1,242,293,42,56,0.93,2,-1,-1
458,-1,271,156,27,39,0.90,7,-1,-1
458,-1,306,120,18,28,0.88,7,-1,-1
459,-1,418,183,80,117,0.96,7,-1,-1
459,-1,237,303,44,61,0.95,2,-1,-1
459,-1,384,263,32,34,0.92,2,-1,-1
459,-1,270,157,27,40,0.90,7,-1,-1
459,-1,306,120,18,28,0.88,7,-1,-1
460,-1,416,180,78,111,0.95,7,-1,-1
460,-1,228,325,47,65,0.95,2,-1,-1
460,-1,382,254,31,33,0.92,2,-1,-1
460,-1,268,159,28,40,0.88,7,-1,-1
460,-1,305,119,18,28,0.83,7,-1,-1
461,-1,415,178,74,107,0.96,7,-1,-1
461,-1,220,339,51,72,0.94,2,-1,-1
461,-1,381,248,30,32,0.92,2,-1,-1
461,-1,267,159,28,42,0.90,7,-1,-1
461,-1,305,119,18,28,0.83,7,-1,-1
462,-1,412,174,71,103,0.95,7,-1,-1
462,-1,207,366,57,82,0.95,2,-1,-1
462,-1,266,160,29,43,0.92,7,-1,-1
462,-1,379,240,29,31,0.91,2,-1,-1
462,-1,304,119,19,30,0.89,7,-1,-1
463,-1,412,172,70,100,0.95,7,-1,-1
463,-1,196,386,61,90,0.94,2,-1,-1
463,-1,264,161,30,45,0.94,7,-1,-1
463,-1,379,235,28,30,0.91,2,-1,-1
463,-1,304,120,19,30,0.88,7,-1,-1
464,-1,410,169,66,96,0.96,7,-1,-1
464,-1,178,425,70,102,0.95,2,-1,-1
464,-1,262,162,29,46,0.94,7,-1,-1
464,-1,377,228,28,29,0.90,2,-1,-1
464,-1,303,120,19,31,0.90,7,-1,-1
465,-1,409,167,65,94,0.95,7,-1,-1
465,-1,262,164,30,46,0.94,7,-1,-1
465,-1,163,454,78,85,0.94,2,-1,-1
465,-1,377,224,27,29,0.91,2,-1,-1
465,-1,303,120,19,31,0.89,7,-1,-1
466,-1,407,165,62,90,0.95,7,-1,-1
466,-1,259,166,30,48,0.93,7,-1,-1
466,-1,376,219,25,27,0.91,2,-1,-1
466,-1,303,121,19,31,0.89,7,-1,-1
466,-1,152,509,72,30,0.85,2,-1,-1
467,-1,406,163,60,88,0.95,7,-1,-1
467,-1,257,167,31,48,0.94,7,-1,-1
467,-1,376,215,25,27,0.90,2,-1,-1
467,-1,302,121,19,31,0.88,7,-1,-1
468,-1,405,161,56,85,0.95,7,-1,-1
468,-1,255,169,31,49,0.93,7,-1,-1
468,-1,375,209,24,27,0.91,2,-1,-1
468,-1,301,122,20,32,0.89,7,-1,-1
469,-1,404,160,57,83,0.94,7,-1,-1
469,-1,254,171,32,50,0.94,7,-1,-1
469,-1,300,122,21,33,0.90,7,-1,-1
469,-1,374,206,23,26,0.89,2,-1,-1
470,-1,402,158,56,80,0.94,7,-1,-1
470,-1,250,173,33,51,0.93,7,-1,-1
470,-1,299,123,21,33,0.91,7,-1,-1
470,-1,374,203,23,25,0.89,2,-1,-1
471,-1,401,157,54,78,0.94,7,-1,-1
471,-1,248,174,34,52,0.93,7,-1,-1
471,-1,299,124,21,33,0.91,7,-1,-1
471,-1,373,199,23,26,0.88,2,-1,-1
472,-1,246,175,34,55,0.94,7,-1,-1
472,-1,399,155,51,76,0.94,7,-1,-1
472,-1,297,124,22,34,0.92,7,-1,-1
472,-1,372,195,23,25,0.89,2,-1,-1
473,-1,398,154,50,75,0.93,7,-1,-1
473,-1,244,177,34,55,0.93,7,-1,-1
473,-1,297,126,21,33,0.91,7,-1,-1
473,-1,371,193,22,25,0.88,2,-1,-1
474,-1,398,153,48,73,0.93,7,-1,-1
474,-1,240,180,36,57,0.93,7,-1,-1
474,-1,296,126,21,33,0.91,7,-1,-1
474,-1,370,189,22,24,0.88,2,-1,-1
475,-1,396,151,47,72,0.93,7,-1,-1
475,-1,239,182,37,58,0.93,7,-1,-1
475,-1,296,126,22,35,0.91,7,-1,-1
475,-1,370,188,21,22,0.88,2,-1,-1
476,-1,235,185,38,60,0.94,7,-1,-1
476,-1,395,150,47,69,0.94,7,-1,-1
476,-1,295,126,22,35,0.92,7,-1,-1
476,-1,369,184,21,22,0.89,2,-1,-1
477,-1,233,186,39,63,0.94,7,-1,-1
477,-1,394,149,46,69,0.94,7,-1,-1
477,-1,295,126,23,36,0.91,7,-1,-1
477,-1,369,183,21,21,0.89,2,-1,-1
478,-1,230,189,40,64,0.94,7,-1,-1
478,-1,393,147,45,67,0.92,7,-1,-1
478,-1,293,127,23,37,0.91,7,-1,-1
478,-1,368,179,20,21,0.88,2,-1,-1
479,-1,227,191,41,67,0.94,7,-1,-1
479,-1,392,147,44,65,0.93,7,-1,-1
479,-1,293,128,23,37,0.91,7,-1,-1
479,-1,368,178,20,21,0.88,2,-1,-1
480,-1,223,195,43,69,0.95,7,-1,-1
480,-1,391,145,43,63,0.93,7,-1,-1
480,-1,292,128,24,37,0.91,7,-1,-1
480,-1,367,176,20,21,0.88,2,-1,-1
481,-1,220,197,44,71,0.95,7,-1,-1
481,-1,390,143,42,61,0.93,7,-1,-1
481,-1,292,128,24,38,0.91,7,-1,-1
481,-1,366,174,20,21,0.87,2,-1,-1
482,-1,216,201,46,74,0.94,7,-1,-1
482,-1,389,141,40,61,0.92,7,-1,-1
482,-1,290,130,24,39,0.92,7,-1,-1
482,-1,366,171,19,20,0.87,2,-1,-1
483,-1,212,204,48,75,0.95,7,-1,-1
483,-1,289,130,24,39,0.92,7,-1,-1
483,-1,389,141,40,61,0.91,7,-1,-1
483,-1,366,170,18,19,0.87,2,-1,-1
484,-1,207,208,50,79,0.95,7,-1,-1
484,-1,288,131,25,40,0.93,7,-1,-1
484,-1,388,140,39,59,0.92,7,-1,-1
484,-1,365,168,18,19,0.87,2,-1,-1
485,-1,203,211,51,81,0.95,7,-1,-1
485,-1,288,132,25,40,0.93,7,-1,-1
485,-1,387,139,40,59,0.92,7,-1,-1
485,-1,365,166,18,19,0.87,2,-1,-1
486,-1,196,217,54,85,0.95,7,-1,-1
486,-1,287,132,26,41,0.93,7,-1,-1
486,-1,387,137,38,56,0.89,7,-1,-1
486,-1,365,164,18,19,0.87,2,-1,-1
487,-1,192,221,55,87,0.95,7,-1,-1
487,-1,286,132,27,42,0.93,7,-1,-1
487,-1,386,137,39,56,0.90,7,-1,-1
487,-1,365,164,17,18,0.86,2,-1,-1
488,-1,184,227,59,92,0.94,7,-1,-1
488,-1,284,134,27,42,0.93,7,-1,-1
488,-1,386,136,38,52,0.89,7,-1,-1
488,-1,365,162,17,17,0.86,2,-1,-1
489,-1,180,230,59,95,0.94,7,-1,-1
489,-1,284,134,27,43,0.93,7,-1,-1
489,-1,385,135,38,52,0.90,7,-1,-1
489,-1,364,161,18,17,0.84,2,-1,-1
490,-1,172,238,63,100,0.95,7,-1,-1
490,-1,283,135,28,44,0.93,7,-1,-1
490,-1,384,134,36,50,0.91,7,-1,-1
490,-1,363,158,18,18,0.86,2,-1,-1
491,-1,166,242,65,103,0.95,7,-1,-1
491,-1,282,135,29,45,0.92,7,-1,-1
491,-1,383,134,36,51,0.92,7,-1,-1
491,-1,362,157,17,17,0.86,2,-1,-1
492,-1,156,249,69,110,0.96,7,-1,-1
492,-1,280,136,29,46,0.94,7,-1,-1
492,-1,383,133,36,49,0.91,7,-1,-1
492,-1,362,156,17,17,0.87,2,-1,-1
493,-1,150,255,71,115,0.96,7,-1,-1
493,-1,280,137,29,47,0.94,7,-1,-1
493,-1,382,133,35,49,0.91,7,-1,-1
493,-1,362,155,17,17,0.86,2,-1,-1
494,-1,137,264,77,123,0.97,7,-1,-1
494,-1,278,138,29,47,0.95,7,-1,-1
494,-1,361,153,17,17,0.87,2,-1,-1
494,-1,382,131,34,47,0.86,7,-1,-1
495,-1,129,272,80,128,0.96,7,-1,-1
495,-1,277,139,30,47,0.95,7,-1,-1
495,-1,382,131,34,47,0.89,7,-1,-1
495,-1,362,153,16,16,0.86,2,-1,-1
496,-1,116,282,85,139,0.97,7,-1,-1
496,-1,276,140,30,49,0.94,7,-1,-1
496,-1,361,152,16,16,0.86,2,-1,-1
496,-1,382,129,32,44,0.86,7,-1,-1
497,-1,106,291,89,145,0.96,7,-1,-1
497,-1,274,141,31,50,0.94,7,-1,-1
497,-1,361,151,15,15,0.85,2,-1,-1
497,-1,381,129,31,44,0.85,7,-1,-1
498,-1,90,305,95,158,0.95,7,-1,-1
498,-1,273,142,32,52,0.94,7,-1,-1
498,-1,381,129,30,44,0.87,7,-1,-1
498,-1,361,150,15,15,0.84,2,-1,-1
499,-1,78,314,101,167,0.96,7,-1,-1
499,-1,271,143,32,53,0.94,7,-1,-1
499,-1,380,128,31,45,0.87,7,-1,-1
499,-1,361,148,15,15,0.86,2,-1,-1
500,-1,59,333,109,181,0.96,7,-1,-1
500,-1,270,143,33,54,0.95,7,-1,-1
500,-1,361,147,15,15,0.86,2,-1,-1
500,-1,380,127,29,43,0.85,7,-1,-1
501,-1,44,345,116,193,0.96,7,-1,-1
501,-1,268,144,35,55,0.94,7,-1,-1
501,-1,361,147,15,15,0.85,2,-1,-1
501,-1,380,127,29,42,0.80,7,-1,-1
502,-1,19,368,127,171,0.95,7,-1,-1
502,-1,265,145,37,57,0.93,7,-1,-1
502,-1,359,146,17,16,0.84,2,-1,-1
502,-1,380,126,28,42,0.65,7,-1,-1
503,-1,1,385,135,154,0.96,7,-1,-1
503,-1,264,146,37,59,0.93,7,-1,-1
503,-1,359,145,17,16,0.82,2,-1,-1
503,-1,379,126,28,41,0.80,7,-1,-1
504,-1,263,148,36,60,0.93,7,-1,-1
504,-1,0,413,116,126,0.93,7,-1,-1
504,-1,358,144,16,15,0.81,2,-1,-1
504,-1,379,126,28,40,0.81,7,-1,-1
505,-1,261,149,37,61,0.94,7,-1,-1
505,-1,0,432,104,107,0.92,7,-1,-1
505,-1,378,126,28,40,0.84,7,-1,-1
505,-1,358,144,16,15,0.81,2,-1,-1
506,-1,259,151,39,62,0.94,7,-1,-1
506,-1,378,125,27,40,0.86,7,-1,-1
506,-1,0,469,70,70,0.85,7,-1,-1
506,-1,359,143,15,15,0.75,2,-1,-1
507,-1,257,152,40,64,0.95,7,-1,-1
507,-1,378,125,26,38,0.89,7,-1,-1
507,-1,358,142,15,15,0.82,2,-1,-1
507,-1,0,496,58,43,0.26,7,-1,-1
508,-1,254,153,41,66,0.95,7,-1,-1
508,-1,378,125,26,38,0.89,7,-1,-1
508,-1,358,142,15,15,0.82,2,-1,-1
509,-1,252,154,40,67,0.95,7,-1,-1
509,-1,377,123,25,38,0.83,7,-1,-1
509,-1,358,141,15,15,0.81,2,-1,-1
510,-1,250,155,42,70,0.95,7,-1,-1
510,-1,376,123,26,37,0.83,7,-1,-1
510,-1,358,140,14,14,0.82,2,-1,-1
511,-1,247,156,43,71,0.95,7,-1,-1
511,-1,376,122,25,38,0.79,7,-1,-1
511,-1,358,139,14,15,0.76,2,-1,-1
512,-1,244,158,46,74,0.95,7,-1,-1
512,-1,376,122,24,36,0.68,7,-1,-1
512,-1,358,138,15,15,0.49,2,-1,-1
513,-1,241,160,46,76,0.95,7,-1,-1
513,-1,376,121,24,36,0.59,7,-1,-1
513,-1,358,138,14,15,0.41,2,-1,-1
514,-1,238,162,48,80,0.96,7,-1,-1
514,-1,375,121,24,35,0.80,7,-1,-1
514,-1,358,137,14,14,0.50,2,-1,-1
515,-1,235,164,49,82,0.96,7,-1,-1
515,-1,375,121,24,35,0.87,7,-1,-1
515,-1,357,136,14,15,0.12,2,-1,-1
516,-1,231,166,51,86,0.95,7,-1,-1
516,-1,375,121,24,35,0.85,7,-1,-1
516,-1,357,136,14,15,0.16,2,-1,-1
517,-1,228,168,53,88,0.96,7,-1,-1
517,-1,375,121,23,34,0.86,7,-1,-1
517,-1,357,135,14,14,0.67,2,-1,-1
518,-1,223,171,55,91,0.95,7,-1,-1
518,-1,375,120,23,34,0.86,7,-1,-1
518,-1,356,134,14,14,0.47,2,-1,-1
519,-1,220,173,56,95,0.96,7,-1,-1
519,-1,375,120,23,34,0.86,7,-1,-1
519,-1,356,135,14,14,0.45,2,-1,-1
520,-1,214,176,60,99,0.96,7,-1,-1
520,-1,374,120,23,33,0.87,7,-1,-1
520,-1,356,134,13,13,0.61,2,-1,-1
521,-1,210,179,62,103,0.96,7,-1,-1
521,-1,374,120,21,32,0.74,7,-1,-1
521,-1,356,134,13,13,0.24,2,-1,-1
522,-1,204,183,67,108,0.95,7,-1,-1
522,-1,374,120,20,31,0.77,7,-1,-1
522,-1,357,133,12,13,0.22,2,-1,-1
523,-1,199,185,69,113,0.96,7,-1,-1
523,-1,374,120,20,31,0.73,7,-1,-1
523,-1,357,133,12,13,0.23,2,-1,-1
524,-1,192,188,72,120,0.96,7,-1,-1
524,-1,374,119,19,30,0.30,7,-1,-1
525,-1,187,191,75,124,0.97,7,-1,-1
525,-1,374,119,19,30,0.35,7,-1,-1
526,-1,179,196,80,132,0.96,7,-1,-1
526,-1,374,119,19,30,0.26,7,-1,-1
526,-1,357,131,11,12,0.17,2,-1,-1
527,-1,172,199,83,138,0.96,7,-1,-1
528,-1,162,204,90,149,0.96,7,-1,-1
529,-1,155,207,95,156,0.96,7,-1,-1
530,-1,142,213,104,169,0.96,7,-1,-1
531,-1,133,217,110,179,0.96,7,-1,-1
532,-1,118,223,121,196,0.97,7,-1,-1
532,-1,372,117,18,27,0.12,7,-1,-1
533,-1,106,228,129,209,0.96,7,-1,-1
534,-1,88,236,140,232,0.96,7,-1,-1
535,-1,73,242,151,247,0.96,7,-1,-1
536,-1,50,252,167,276,0.96,7,-1,-1
537,-1,34,258,179,281,0.96,7,-1,-1
538,-1,3,270,202,269,0.95,7,-1,-1
539,-1,0,280,198,259,0.96,7,-1,-1
539,-1,327,132,12,14,0.11,2,-1,-1
540,-1,0,296,187,243,0.97,7,-1,-1
541,-1,0,309,180,230,0.97,7,-1,-1
541,-1,326,135,12,13,0.57,2,-1,-1
542,-1,0,327,164,212,0.97,7,-1,-1
543,-1,0,343,153,196,0.96,7,-1,-1
543,-1,325,136,12,13,0.30,2,-1,-1
544,-1,0,369,136,170,0.96,7,-1,-1
544,-1,325,137,12,14,0.29,2,-1,-1
545,-1,0,390,121,149,0.95,7,-1,-1
545,-1,325,136,12,14,0.29,2,-1,-1
546,-1,0,430,94,109,0.94,7,-1,-1
546,-1,323,141,12,13,0.76,2,-1,-1
547,-1,0,463,77,76,0.91,7,-1,-1
547,-1,323,141,12,12,0.74,2,-1,-1
548,-1,323,142,12,13,0.79,2,-1,-1
549,-1,322,143,13,13,0.81,2,-1,-1
550,-1,321,145,13,13,0.82,2,-1,-1
551,-1,321,146,13,13,0.83,2,-1,-1
552,-1,321,147,13,13,0.84,2,-1,-1
553,-1,321,148,13,14,0.83,2,-1,-1
554,-1,320,150,13,14,0.82,2,-1,-1
555,-1,318,152,13,13,0.85,2,-1,-1
556,-1,317,153,14,14,0.85,2,-1,-1
557,-1,317,155,14,14,0.87,2,-1,-1
557,-1,311,120,13,20,0.11,7,-1,-1
558,-1,317,157,14,14,0.88,2,-1,-1
558,-1,312,120,14,20,0.30,7,-1,-1
559,-1,315,157,15,15,0.87,2,-1,-1
559,-1,311,120,15,21,0.27,7,-1,-1
560,-1,314,160,16,15,0.87,2,-1,-1
560,-1,311,120,15,21,0.25,7,-1,-1
561,-1,313,161,16,16,0.86,2,-1,-1
561,-1,310,120,15,21,0.22,2,-1,-1
562,-1,312,163,16,16,0.87,2,-1,-1
562,-1,310,120,16,22,0.52,2,-1,-1
563,-1,311,165,17,17,0.88,2,-1,-1
563,-1,310,120,16,22,0.53,2,-1,-1
564,-1,309,168,17,16,0.87,2,-1,-1
564,-1,310,120,16,22,0.56,2,-1,-1
565,-1,309,171,18,16,0.88,2,-1,-1
565,-1,310,121,15,21,0.65,2,-1,-1
566,-1,307,174,19,17,0.88,2,-1,-1
566,-1,310,121,16,22,0.61,2,-1,-1
567,-1,306,175,18,18,0.88,2,-1,-1
567,-1,308,121,17,23,0.71,2,-1,-1
568,-1,305,178,19,19,0.90,2,-1,-1
568,-1,309,121,17,23,0.68,2,-1,-1
569,-1,304,180,19,19,0.91,2,-1,-1
569,-1,308,121,17,23,0.72,2,-1,-1
570,-1,302,185,19,19,0.90,2,-1,-1
570,-1,306,122,18,24,0.60,2,-1,-1
571,-1,301,187,19,20,0.91,2,-1,-1
571,-1,306,122,18,24,0.62,2,-1,-1
572,-1,298,191,21,21,0.90,2,-1,-1
572,-1,306,122,18,24,0.64,2,-1,-1
573,-1,297,194,20,22,0.91,2,-1,-1
573,-1,306,122,17,24,0.54,2,-1,-1
574,-1,295,200,21,22,0.89,2,-1,-1
574,-1,306,123,17,24,0.74,2,-1,-1
575,-1,293,203,22,23,0.90,2,-1,-1
575,-1,306,124,17,24,0.76,2,-1,-1
576,-1,290,208,23,25,0.90,2,-1,-1
576,-1,305,123,17,26,0.56,2,-1,-1
577,-1,288,211,24,26,0.91,2,-1,-1
577,-1,305,123,18,26,0.64,7,-1,-1
578,-1,284,219,25,27,0.91,2,-1,-1
578,-1,305,123,18,27,0.67,7,-1,-1
579,-1,282,222,26,29,0.91,2,-1,-1
579,-1,305,123,18,27,0.72,7,-1,-1
580,-1,276,230,29,31,0.90,2,-1,-1
580,-1,303,124,19,28,0.85,7,-1,-1
581,-1,273,236,31,32,0.91,2,-1,-1
581,-1,304,124,19,28,0.84,7,-1,-1
582,-1,270,247,32,33,0.93,2,-1,-1
582,-1,303,125,19,28,0.86,7,-1,-1
583,-1,266,255,34,34,0.92,2,-1,-1
583,-1,302,125,19,28,0.85,7,-1,-1
584,-1,261,264,35,40,0.92,2,-1,-1
584,-1,302,127,20,28,0.87,7,-1,-1
585,-1,256,273,38,41,0.92,2,-1,-1
585,-1,301,127,20,27,0.84,7,-1,-1
586,-1,247,289,42,45,0.92,2,-1,-1
586,-1,300,129,20,27,0.87,7,-1,-1
587,-1,243,299,43,49,0.93,2,-1,-1
587,-1,300,129,20,27,0.87,7,-1,-1
588,-1,234,320,47,53,0.94,2,-1,-1
588,-1,299,131,20,26,0.77,7,-1,-1
589,-1,227,335,49,58,0.95,2,-1,-1
589,-1,298,131,20,27,0.86,7,-1,-1
590,-1,214,363,55,66,0.94,2,-1,-1
590,-1,297,132,21,28,0.90,7,-1,-1
591,-1,202,384,61,73,0.95,2,-1,-1
591,-1,297,133,20,27,0.87,7,-1,-1
592,-1,182,423,69,86,0.95,2,-1,-1
592,-1,296,133,21,28,0.91,7,-1,-1
593,-1,166,453,76,86,0.94,2,-1,-1
593,-1,295,133,22,29,0.91,7,-1,-1
594,-1,149,509,75,30,0.89,2,-1,-1
594,-1,295,134,22,28,0.89,7,-1,-1
595,-1,294,135,22,29,0.89,7,-1,-1
596,-1,293,135,23,30,0.89,7,-1,-1
597,-1,293,137,23,29,0.90,7,-1,-1
598,-1,292,137,24,30,0.91,7,-1,-1
599,-1,291,137,24,31,0.91,7,-1,-1
600,-1,290,137,25,32,0.92,7,-1,-1
601,-1,289,138,25,32,0.92,7,-1,-1
602,-1,288,138,26,33,0.92,7,-1,-1
603,-1,288,139,26,33,0.92,7,-1,-1
604,-1,287,140,27,35,0.92,7,-1,-1
605,-1,286,140,27,34,0.93,7,-1,-1
606,-1,286,142,27,35,0.94,7,-1,-1
607,-1,285,142,27,35,0.94,7,-1,-1
608,-1,283,143,28,36,0.94,7,-1,-1
609,-1,282,144,29,37,0.94,7,-1,-1
610,-1,282,145,29,37,0.93,7,-1,-1
611,-1,280,146,30,37,0.93,7,-1,-1
612,-1,279,147,31,39,0.94,7,-1,-1
613,-1,278,148,30,39,0.95,7,-1,-1
614,-1,277,149,31,40,0.95,7,-1,-1
615,-1,276,150,31,40,0.94,7,-1,-1
616,-1,273,151,32,42,0.94,7,-1,-1
617,-1,273,152,32,42,0.94,7,-1,-1
618,-1,271,154,33,43,0.94,7,-1,-1
619,-1,270,155,32,43,0.94,7,-1,-1
620,-1,269,156,33,44,0.94,7,-1,-1
621,-1,267,157,35,45,0.93,7,-1,-1
622,-1,265,159,35,46,0.94,7,-1,-1
623,-1,264,160,36,47,0.94,7,-1,-1
624,-1,261,162,36,48,0.94,7,-1,-1
625,-1,260,162,36,50,0.94,7,-1,-1
626,-1,257,164,38,52,0.94,7,-1,-1
627,-1,256,166,38,51,0.94,7,-1,-1
628,-1,254,167,39,54,0.94,7,-1,-1
629,-1,252,168,40,55,0.94,7,-1,-1
630,-1,249,171,39,56,0.94,7,-1,-1
631,-1,247,173,40,57,0.94,7,-1,-1
632,-1,243,175,42,59,0.94,7,-1,-1
633,-1,241,177,44,61,0.93,7,-1,-1
634,-1,238,179,46,63,0.95,7,-1,-1
635,-1,235,181,47,65,0.95,7,-1,-1
636,-1,232,183,50,69,0.95,7,-1,-1
637,-1,229,186,52,69,0.95,7,-1,-1
638,-1,224,188,54,73,0.95,7,-1,-1
639,-1,221,190,56,76,0.94,7,-1,-1
640,-1,216,193,59,79,0.95,7,-1,-1
640,-1,313,121,14,19,0.11,7,-1,-1
641,-1,212,195,62,83,0.95,7,-1,-1
641,-1,312,121,15,19,0.41,7,-1,-1
642,-1,207,199,65,87,0.96,7,-1,-1
643,-1,203,201,67,90,0.96,7,-1,-1
644,-1,196,205,71,95,0.95,7,-1,-1
644,-1,311,122,14,20,0.27,7,-1,-1
645,-1,192,208,75,99,0.95,7,-1,-1
645,-1,311,122,14,20,0.25,7,-1,-1
646,-1,185,214,78,104,0.95,7,-1,-1
647,-1,179,217,81,109,0.96,7,-1,-1
647,-1,310,121,15,22,0.34,7,-1,-1
648,-1,171,222,85,117,0.96,7,-1,-1
648,-1,310,120,16,24,0.24,7,-1,-1
649,-1,164,226,90,122,0.95,7,-1,-1
649,-1,310,120,16,25,0.31,7,-1,-1
650,-1,154,231,95,133,0.96,7,-1,-1
650,-1,308,119,17,26,0.81,7,-1,-1
651,-1,146,236,101,140,0.96,7,-1,-1
651,-1,308,120,17,25,0.79,7,-1,-1
652,-1,131,243,111,152,0.96,7,-1,-1
652,-1,308,121,16,25,0.74,7,-1,-1
653,-1,122,246,117,163,0.96,7,-1,-1
653,-1,307,121,17,26,0.81,7,-1,-1
654,-1,107,254,126,176,0.96,7,-1,-1
654,-1,307,121,17,26,0.68,7,-1,-1
655,-1,97,261,132,187,0.96,7,-1,-1
655,-1,307,121,17,27,0.66,7,-1,-1
656,-1,77,271,146,207,0.96,7,-1,-1
656,-1,306,122,18,27,0.80,7,-1,-1
657,-1,41,290,170,247,0.97,7,-1,-1
657,-1,428,462,82,77,0.94,2,-1,-1
657,-1,306,122,17,28,0.53,7,-1,-1
658,-1,40,290,171,247,0.97,7,-1,-1
658,-1,428,462,83,77,0.94,2,-1,-1
658,-1,306,121,17,28,0.78,7,-1,-1
659,-1,21,297,183,242,0.95,7,-1,-1
659,-1,423,434,72,79,0.95,2,-1,-1
659,-1,304,121,19,29,0.84,7,-1,-1
660,-1,0,312,195,227,0.96,7,-1,-1
660,-1,416,401,63,68,0.95,2,-1,-1
661,-1,0,322,190,217,0.96,7,-1,-1
661,-1,412,379,60,63,0.94,2,-1,-1
661,-1,304,121,18,31,0.32,7,-1,-1
662,-1,0,340,178,199,0.96,7,-1,-1
662,-1,407,353,52,56,0.94,2,-1,-1
662,-1,303,125,20,29,0.88,7,-1,-1
663,-1,0,352,169,187,0.96,7,-1,-1
663,-1,404,338,50,52,0.94,2,-1,-1
663,-1,302,125,19,30,0.80,7,-1,-1
664,-1,1,376,153,163,0.95,7,-1,-1
664,-1,401,318,45,47,0.94,2,-1,-1
664,-1,302,126,19,29,0.84,7,-1,-1
665,-1,0,393,143,146,0.95,7,-1,-1
665,-1,398,306,44,46,0.94,2,-1,-1
665,-1,300,128,20,28,0.87,7,-1,-1
666,-1,1,424,125,115,0.94,7,-1,-1
666,-1,394,291,42,42,0.94,2,-1,-1
666,-1,300,129,21,27,0.87,7,-1,-1
667,-1,0,446,110,93,0.94,7,-1,-1
667,-1,393,282,38,39,0.93,2,-1,-1
667,-1,299,131,21,27,0.86,7,-1,-1
668,-1,389,268,36,39,0.95,2,-1,-1
668,-1,298,130,21,28,0.88,7,-1,-1
668,-1,1,489,85,50,0.58,7,-1,-1
669,-1,387,259,37,39,0.94,2,-1,-1
669,-1,297,131,22,28,0.89,7,-1,-1
670,-1,385,251,37,34,0.93,2,-1,-1
670,-1,297,132,22,28,0.89,7,-1,-1
671,-1,384,244,34,34,0.93,2,-1,-1
671,-1,296,134,22,27,0.89,7,-1,-1
672,-1,382,235,29,33,0.92,2,-1,-1
672,-1,295,133,23,29,0.90,7,-1,-1
673,-1,381,229,30,31,0.92,2,-1,-1
673,-1,294,133,24,30,0.89,7,-1,-1
674,-1,379,223,29,29,0.92,2,-1,-1
674,-1,293,134,24,30,0.90,7,-1,-1
675,-1,378,219,28,28,0.93,2,-1,-1
675,-1,293,134,25,32,0.91,7,-1,-1
676,-1,377,211,27,29,0.92,2,-1,-1
676,-1,291,134,26,32,0.91,7,-1,-1
677,-1,376,207,26,28,0.91,2,-1,-1
677,-1,291,136,26,32,0.90,7,-1,-1
678,-1,375,201,26,27,0.92,2,-1,-1
678,-1,289,137,26,33,0.92,7,-1,-1
679,-1,289,138,26,33,0.93,7,-1,-1
679,-1,374,197,25,28,0.91,2,-1,-1
680,-1,288,138,27,33,0.92,7,-1,-1
680,-1,373,193,25,27,0.91,2,-1,-1
681,-1,287,139,27,33,0.92,7,-1,-1
681,-1,373,192,24,25,0.89,2,-1,-1
682,-1,286,141,27,34,0.92,7,-1,-1
682,-1,371,188,24,24,0.90,2,-1,-1
682,-1,310,121,15,22,0.46,7,-1,-1
683,-1,285,142,28,34,0.93,7,-1,-1
683,-1,371,186,23,23,0.90,2,-1,-1
683,-1,309,121,16,23,0.58,7,-1,-1
684,-1,283,142,29,34,0.94,7,-1,-1
684,-1,371,182,22,22,0.90,2,-1,-1
684,-1,309,121,16,23,0.30,7,-1,-1
685,-1,283,143,28,35,0.92,7,-1,-1
685,-1,370,180,22,22,0.89,2,-1,-1
685,-1,308,120,16,23,0.48,7,-1,-1
686,-1,281,144,30,36,0.92,7,-1,-1
686,-1,369,176,23,23,0.88,2,-1,-1
686,-1,308,121,17,24,0.38,7,-1,-1
687,-1,280,145,30,37,0.93,7,-1,-1
687,-1,368,174,21,22,0.87,2,-1,-1
687,-1,308,121,17,24,0.35,7,-1,-1
688,-1,279,146,30,38,0.92,7,-1,-1
688,-1,367,172,21,20,0.86,2,-1,-1
688,-1,306,121,17,25,0.71,7,-1,-1
689,-1,278,146,31,39,0.92,7,-1,-1
689,-1,367,169,21,21,0.86,2,-1,-1
689,-1,306,121,17,25,0.54,7,-1,-1
690,-1,276,148,31,39,0.94,7,-1,-1
690,-1,366,166,21,21,0.85,2,-1,-1
690,-1,305,123,17,24,0.52,7,-1,-1
691,-1,274,149,32,40,0.94,7,-1,-1
691,-1,365,166,21,20,0.86,2,-1,-1
691,-1,306,125,16,23,0.67,7,-1,-1
692,-1,274,150,32,41,0.93,7,-1,-1
692,-1,365,163,20,20,0.86,2,-1,-1
692,-1,305,124,17,25,0.80,7,-1,-1
693,-1,272,152,32,41,0.93,7,-1,-1
693,-1,365,161,19,19,0.86,2,-1,-1
693,-1,304,125,17,24,0.76,7,-1,-1
694,-1,271,154,33,41,0.93,7,-1,-1
694,-1,364,159,19,19,0.86,2,-1,-1
694,-1,303,125,18,26,0.84,7,-1,-1
695,-1,270,154,33,43,0.94,7,-1,-1
695,-1,364,158,19,19,0.87,2,-1,-1
695,-1,303,125,18,26,0.85,7,-1,-1
696,-1,268,156,34,44,0.94,7,-1,-1
696,-1,363,156,19,18,0.87,2,-1,-1
696,-1,302,126,18,26,0.85,7,-1,-1
697,-1,266,158,34,43,0.92,7,-1,-1
697,-1,363,155,19,17,0.86,2,-1,-1
697,-1,302,126,17,26,0.71,7,-1,-1
698,-1,264,160,34,43,0.93,7,-1,-1
698,-1,301,127,18,26,0.87,7,-1,-1
698,-1,362,153,19,18,0.87,2,-1,-1
699,-1,263,162,35,44,0.93,7,-1,-1
699,-1,362,153,19,17,0.87,2,-1,-1
699,-1,301,128,18,26,0.87,7,-1,-1
700,-1,261,164,36,45,0.94,7,-1,-1
700,-1,299,129,19,26,0.88,7,-1,-1
700,-1,362,150,18,17,0.86,2,-1,-1
701,-1,259,165,37,47,0.93,7,-1,-1
701,-1,299,129,19,27,0.88,7,-1,-1
701,-1,361,149,18,17,0.86,2,-1,-1
702,-1,256,167,39,48,0.94,7,-1,-1
702,-1,297,131,19,25,0.88,7,-1,-1
702,-1,362,149,16,15,0.78,2,-1,-1
703,-1,255,167,40,50,0.94,7,-1,-1
703,-1,297,131,19,26,0.89,7,-1,-1
703,-1,362,148,16,16,0.16,2,-1,-1
704,-1,252,170,42,51,0.95,7,-1,-1
704,-1,296,133,20,26,0.90,7,-1,-1
704,-1,362,147,15,15,0.64,2,-1,-1
705,-1,250,172,43,51,0.94,7,-1,-1
705,-1,296,134,20,26,0.90,7,-1,-1
705,-1,362,147,15,15,0.43,2,-1,-1
706,-1,248,175,43,53,0.93,7,-1,-1
706,-1,295,135,21,26,0.86,7,-1,-1
706,-1,362,144,15,15,0.64,2,-1,-1
707,-1,246,177,44,54,0.94,7,-1,-1
707,-1,295,134,21,28,0.89,7,-1,-1
707,-1,362,143,15,15,0.47,2,-1,-1
708,-1,242,179,46,57,0.94,7,-1,-1
708,-1,293,137,22,27,0.90,7,-1,-1
708,-1,361,143,15,14,0.61,2,-1,-1
709,-1,240,182,47,57,0.95,7,-1,-1
709,-1,292,137,23,28,0.90,7,-1,-1
710,-1,236,185,50,59,0.94,7,-1,-1
710,-1,291,137,23,29,0.91,7,-1,-1
710,-1,361,142,14,14,0.17,2,-1,-1
711,-1,234,187,52,61,0.93,7,-1,-1
711,-1,291,138,23,29,0.90,7,-1,-1
712,-1,229,190,54,64,0.94,7,-1,-1
712,-1,290,139,23,29,0.91,7,-1,-1
713,-1,227,192,57,66,0.96,7,-1,-1
713,-1,289,139,24,29,0.93,7,-1,-1
714,-1,222,195,59,69,0.95,7,-1,-1
714,-1,289,140,24,30,0.93,7,-1,-1
715,-1,218,198,63,72,0.95,7,-1,-1
715,-1,288,141,24,31,0.93,7,-1,-1
716,-1,213,202,66,76,0.95,7,-1,-1
716,-1,287,142,24,31,0.92,7,-1,-1
717,-1,208,204,68,80,0.95,7,-1,-1
717,-1,286,143,25,31,0.92,7,-1,-1
718,-1,203,208,72,85,0.95,7,-1,-1
718,-1,285,144,25,32,0.92,7,-1,-1
718,-1,322,147,13,12,0.24,2,-1,-1
719,-1,199,211,74,88,0.95,7,-1,-1
719,-1,283,145,26,32,0.92,7,-1,-1
719,-1,322,147,13,12,0.33,2,-1,-1
720,-1,192,216,79,94,0.95,7,-1,-1
720,-1,282,146,26,32,0.92,7,-1,-1
720,-1,321,149,12,12,0.42,2,-1,-1
721,-1,185,220,83,98,0.94,7,-1,-1
721,-1,281,146,26,33,0.92,7,-1,-1
722,-1,178,225,88,106,0.95,7,-1,-1
722,-1,280,148,26,34,0.92,7,-1,-1
722,-1,319,152,14,13,0.26,2,-1,-1
723,-1,172,229,92,111,0.95,7,-1,-1
723,-1,279,148,27,34,0.93,7,-1,-1
723,-1,319,153,14,13,0.15,2,-1,-1
724,-1,162,235,99,120,0.94,7,-1,-1
724,-1,278,150,27,35,0.93,7,-1,-1
724,-1,318,154,16,14,0.17,2,-1,-1
725,-1,154,239,104,127,0.93,7,-1,-1
725,-1,276,151,28,35,0.93,7,-1,-1
725,-1,318,155,15,14,0.52,2,-1,-1
726,-1,140,246,114,138,0.94,7,-1,-1
726,-1,274,153,29,36,0.92,7,-1,-1
726,-1,317,157,15,15,0.80,2,-1,-1
727,-1,131,252,120,146,0.95,7,-1,-1
727,-1,274,155,29,36,0.92,7,-1,-1
727,-1,317,158,15,15,0.79,2,-1,-1
728,-1,114,259,133,162,0.95,7,-1,-1
728,-1,271,155,30,37,0.94,7,-1,-1
728,-1,314,161,17,15,0.71,2,-1,-1
729,-1,103,265,141,174,0.95,7,-1,-1
729,-1,270,156,31,39,0.94,7,-1,-1
729,-1,313,163,17,15,0.80,2,-1,-1
730,-1,84,274,154,195,0.95,7,-1,-1
730,-1,268,158,32,38,0.93,7,-1,-1
730,-1,312,164,18,16,0.75,2,-1,-1
731,-1,70,281,162,211,0.96,7,-1,-1
731,-1,267,159,33,40,0.92,7,-1,-1
731,-1,312,165,17,16,0.79,2,-1,-1
732,-1,48,293,179,237,0.95,7,-1,-1
732,-1,265,160,32,40,0.92,7,-1,-1
732,-1,309,170,17,15,0.76,2,-1,-1
733,-1,264,161,32,41,0.93,7,-1,-1
733,-1,31,302,192,237,0.86,7,-1,-1
733,-1,309,171,16,15,0.79,2,-1,-1
734,-1,1,316,215,222,0.95,7,-1,-1
734,-1,261,163,34,43,0.94,7,-1,-1
734,-1,307,174,18,16,0.79,2,-1,-1
735,-1,0,325,210,214,0.96,7,-1,-1
735,-1,260,163,35,45,0.94,7,-1,-1
735,-1,307,176,20,17,0.75,2,-1,-1
736,-1,0,344,201,195,0.96,7,-1,-1
736,-1,258,165,36,46,0.93,7,-1,-1
736,-1,305,179,19,17,0.82,2,-1,-1
737,-1,0,356,193,183,0.94,7,-1,-1
737,-1,257,165,36,47,0.92,7,-1,-1
737,-1,304,180,19,19,0.86,2,-1,-1
738,-1,255,170,37,46,0.95,7,-1,-1
738,-1,4,378,180,161,0.94,7,-1,-1
738,-1,302,184,21,19,0.85,2,-1,-1
739,-1,253,173,37,46,0.95,7,-1,-1
739,-1,1,395,173,144,0.93,7,-1,-1
739,-1,301,186,21,19,0.86,2,-1,-1
740,-1,249,175,38,48,0.93,7,-1,-1
740,-1,1,422,162,117,0.90,7,-1,-1
740,-1,300,189,21,21,0.86,2,-1,-1
741,-1,247,176,39,48,0.93,7,-1,-1
741,-1,298,192,21,22,0.88,2,-1,-1
741,-1,2,443,150,96,0.82,7,-1,-1
742,-1,244,180,39,49,0.92,7,-1,-1
742,-1,1,480,135,59,0.91,7,-1,-1
742,-1,295,194,23,24,0.89,2,-1,-1
743,-1,242,183,39,49,0.93,7,-1,-1
743,-1,295,200,22,22,0.88,2,-1,-1
743,-1,0,508,101,31,0.60,7,-1,-1
744,-1,238,186,43,51,0.95,7,-1,-1
744,-1,291,204,24,24,0.89,2,-1,-1
745,-1,236,189,42,51,0.94,7,-1,-1
745,-1,289,208,25,25,0.89,2,-1,-1
746,-1,232,192,43,54,0.93,7,-1,-1
746,-1,287,210,26,30,0.91,2,-1,-1
747,-1,229,194,47,55,0.93,7,-1,-1
747,-1,285,214,26,31,0.90,2,-1,-1
748,-1,224,199,46,57,0.93,7,-1,-1
748,-1,281,223,28,31,0.92,2,-1,-1
749,-1,222,202,49,58,0.93,7,-1,-1
749,-1,279,228,28,32,0.91,2,-1,-1
750,-1,216,206,47,60,0.93,7,-1,-1
750,-1,274,234,30,36,0.92,2,-1,-1
751,-1,213,209,54,63,0.94,7,-1,-1
751,-1,271,240,31,37,0.92,2,-1,-1
752,-1,266,252,32,39,0.93,2,-1,-1
752,-1,207,215,56,65,0.93,7,-1,-1
753,-1,263,259,35,41,0.93,2,-1,-1
753,-1,204,218,53,68,0.92,7,-1,-1
754,-1,257,271,37,45,0.94,2,-1,-1
754,-1,197,226,53,69,0.93,7,-1,-1
755,-1,252,280,39,48,0.93,2,-1,-1
755,-1,192,230,68,72,0.92,7,-1,-1
756,-1,244,295,43,54,0.93,2,-1,-1
756,-1,185,237,75,75,0.91,7,-1,-1
757,-1,239,308,44,57,0.94,2,-1,-1
757,-1,179,242,64,78,0.92,7,-1,-1
758,-1,229,327,49,67,0.94,2,-1,-1
758,-1,171,249,85,84,0.88,7,-1,-1
759,-1,219,345,53,71,0.94,2,-1,-1
759,-1,164,254,88,87,0.93,7,-1,-1
760,-1,205,374,61,82,0.95,2,-1,-1
760,-1,154,266,66,91,0.92,7,-1,-1
760,-1,202,256,46,53,0.32,2,-1,-1
761,-1,195,398,64,89,0.95,2,-1,-1
761,-1,146,274,70,94,0.90,7,-1,-1
761,-1,198,261,47,57,0.41,2,-1,-1
762,-1,174,439,75,100,0.96,2,-1,-1
762,-1,131,279,108,108,0.90,7,-1,-1
763,-1,158,471,82,68,0.92,2,-1,-1
763,-1,122,276,115,124,0.91,7,-1,-1
764,-1,108,284,122,140,0.95,7,-1,-1
765,-1,95,292,132,150,0.95,7,-1,-1
766,-1,75,305,147,165,0.95,7,-1,-1
767,-1,62,314,154,180,0.95,7,-1,-1
768,-1,105,327,104,145,0.89,7,-1,-1
769,-1,17,341,184,198,0.95,7,-1,-1
770,-1,0,357,193,182,0.95,7,-1,-1
771,-1,0,370,187,169,0.96,7,-1,-1
772,-1,0,391,176,148,0.95,7,-1,-1
773,-1,2,409,158,130,0.94,7,-1,-1
774,-1,0,436,150,103,0.94,7,-1,-1
775,-1,0,459,141,80,0.88,7,-1,-1
776,-1,0,495,95,44,0.92,7,-1,-1
777,-1,4,517,64,22,0.31,7,-1,-1
818,-1,543,492,82,47,0.94,2,-1,-1
819,-1,530,463,77,73,0.95,2,-1,-1
820,-1,514,425,67,67,0.95,2,-1,-1
821,-1,503,403,63,61,0.95,2,-1,-1
822,-1,489,373,57,56,0.95,2,-1,-1
822,-1,312,121,13,19,0.35,7,-1,-1
823,-1,481,356,54,51,0.94,2,-1,-1
823,-1,312,121,13,19,0.27,7,-1,-1
824,-1,472,334,48,47,0.94,2,-1,-1
824,-1,312,120,14,20,0.18,2,-1,-1
825,-1,463,315,44,43,0.95,2,-1,-1
825,-1,312,121,13,20,0.28,2,-1,-1
826,-1,458,304,40,40,0.94,2,-1,-1
826,-1,311,120,14,21,0.32,2,-1,-1
827,-1,451,289,37,38,0.94,2,-1,-1
827,-1,311,120,14,21,0.10,2,-1,-1
828,-1,446,280,36,36,0.94,2,-1,-1
828,-1,309,119,16,23,0.26,2,-1,-1
829,-1,439,268,35,34,0.93,2,-1,-1
829,-1,309,119,16,23,0.61,2,-1,-1
830,-1,436,261,32,32,0.93,2,-1,-1
830,-1,309,120,16,24,0.45,2,-1,-1
831,-1,431,251,30,31,0.93,2,-1,-1
831,-1,309,120,16,24,0.48,2,-1,-1
832,-1,429,246,29,28,0.93,2,-1,-1
832,-1,308,120,16,24,0.55,2,-1,-1
833,-1,425,240,29,28,0.92,2,-1,-1
833,-1,308,120,16,24,0.67,2,-1,-1
834,-1,423,232,26,27,0.92,2,-1,-1
834,-1,308,121,16,25,0.34,2,-1,-1
835,-1,419,225,25,25,0.92,2,-1,-1
835,-1,307,120,17,26,0.72,2,-1,-1
836,-1,417,220,25,24,0.92,2,-1,-1
836,-1,307,121,17,26,0.54,2,-1,-1
837,-1,414,214,23,24,0.92,2,-1,-1
837,-1,307,120,17,27,0.45,2,-1,-1
838,-1,412,211,23,23,0.91,2,-1,-1
838,-1,307,120,17,27,0.62,2,-1,-1
839,-1,409,205,23,22,0.90,2,-1,-1
839,-1,307,121,17,27,0.56,7,-1,-1
840,-1,408,202,22,22,0.90,2,-1,-1
840,-1,307,121,17,27,0.58,7,-1,-1
841,-1,405,196,21,22,0.90,2,-1,-1
841,-1,305,122,18,27,0.76,7,-1,-1
842,-1,403,193,22,22,0.90,2,-1,-1
842,-1,305,123,17,27,0.83,7,-1,-1
843,-1,401,189,21,21,0.90,2,-1,-1
843,-1,305,123,17,27,0.82,7,-1,-1
844,-1,400,187,20,20,0.90,2,-1,-1
844,-1,304,123,18,28,0.87,7,-1,-1
845,-1,398,183,20,21,0.89,2,-1,-1
845,-1,303,124,17,28,0.85,7,-1,-1
846,-1,396,181,21,21,0.89,2,-1,-1
846,-1,303,124,17,28,0.85,7,-1,-1
847,-1,303,125,18,29,0.89,7,-1,-1
847,-1,394,177,21,21,0.89,2,-1,-1
848,-1,394,175,20,21,0.88,2,-1,-1
848,-1,302,125,19,28,0.88,7,-1,-1
849,-1,393,173,18,19,0.89,2,-1,-1
849,-1,302,126,19,29,0.88,7,-1,-1
850,-1,301,126,19,29,0.89,7,-1,-1
850,-1,392,171,19,19,0.89,2,-1,-1
851,-1,390,168,19,19,0.89,2,-1,-1
851,-1,300,127,20,29,0.89,7,-1,-1
852,-1,390,167,18,18,0.89,2,-1,-1
852,-1,300,127,19,29,0.89,7,-1,-1
853,-1,388,164,18,18,0.89,2,-1,-1
853,-1,299,128,20,29,0.89,7,-1,-1
854,-1,387,162,18,18,0.89,2,-1,-1
854,-1,298,129,20,30,0.89,7,-1,-1
855,-1,297,130,20,30,0.91,7,-1,-1
855,-1,386,159,18,18,0.89,2,-1,-1
856,-1,297,130,20,30,0.90,7,-1,-1
856,-1,385,158,18,18,0.90,2,-1,-1
857,-1,296,130,21,31,0.92,7,-1,-1
857,-1,384,156,18,18,0.89,2,-1,-1
858,-1,296,130,21,31,0.92,7,-1,-1
858,-1,383,155,17,17,0.87,2,-1,-1
859,-1,295,131,21,32,0.91,7,-1,-1
859,-1,382,153,17,18,0.87,2,-1,-1
860,-1,294,131,21,32,0.90,7,-1,-1
860,-1,382,153,17,17,0.87,2,-1,-1
861,-1,294,132,22,32,0.91,7,-1,-1
861,-1,381,151,16,17,0.86,2,-1,-1
862,-1,293,134,22,32,0.92,7,-1,-1
862,-1,381,149,16,16,0.88,2,-1,-1
863,-1,291,134,23,33,0.92,7,-1,-1
863,-1,380,149,15,16,0.88,2,-1,-1
864,-1,291,134,24,33,0.92,7,-1,-1
864,-1,380,147,15,16,0.87,2,-1,-1
865,-1,289,135,25,35,0.92,7,-1,-1
865,-1,378,145,16,16,0.87,2,-1,-1
866,-1,289,136,25,35,0.92,7,-1,-1
866,-1,378,145,16,16,0.86,2,-1,-1
867,-1,288,137,24,35,0.92,7,-1,-1
867,-1,377,144,16,15,0.77,2,-1,-1
868,-1,288,138,24,36,0.93,7,-1,-1
868,-1,377,144,15,15,0.74,2,-1,-1
869,-1,287,138,24,36,0.93,7,-1,-1
869,-1,376,142,15,15,0.37,2,-1,-1
870,-1,286,139,24,37,0.93,7,-1,-1
870,-1,376,142,15,15,0.77,2,-1,-1
871,-1,285,140,25,37,0.94,7,-1,-1
871,-1,376,141,14,14,0.82,2,-1,-1
872,-1,284,141,26,38,0.94,7,-1,-1
872,-1,375,140,14,14,0.12,2,-1,-1
873,-1,282,142,26,38,0.94,7,-1,-1
873,-1,375,140,13,14,0.65,2,-1,-1
874,-1,282,142,26,39,0.94,7,-1,-1
874,-1,374,139,13,14,0.28,2,-1,-1
875,-1,280,143,28,40,0.93,7,-1,-1
876,-1,279,144,28,41,0.94,7,-1,-1
877,-1,277,145,29,41,0.94,7,-1,-1
878,-1,276,146,29,43,0.95,7,-1,-1
879,-1,275,147,29,43,0.95,7,-1,-1
880,-1,274,148,29,44,0.94,7,-1,-1
881,-1,273,150,29,44,0.93,7,-1,-1
882,-1,271,151,30,45,0.93,7,-1,-1
883,-1,270,153,30,45,0.95,7,-1,-1
884,-1,267,154,31,47,0.94,7,-1,-1
885,-1,266,154,33,48,0.94,7,-1,-1
886,-1,264,156,33,48,0.93,7,-1,-1
887,-1,262,158,33,50,0.95,7,-1,-1
888,-1,261,159,34,51,0.95,7,-1,-1
889,-1,258,161,34,52,0.94,7,-1,-1
890,-1,256,162,35,53,0.94,7,-1,-1
891,-1,254,164,36,54,0.95,7,-1,-1
892,-1,252,166,37,54,0.95,7,-1,-1
893,-1,250,167,37,57,0.94,7,-1,-1
894,-1,248,169,38,57,0.94,7,-1,-1
895,-1,245,171,38,60,0.95,7,-1,-1
896,-1,243,173,39,61,0.94,7,-1,-1
897,-1,239,175,40,63,0.95,7,-1,-1
898,-1,237,177,41,65,0.95,7,-1,-1
899,-1,234,181,42,67,0.95,7,-1,-1
900,-1,231,183,43,68,0.95,7,-1,-1
