1,-1,287,104,26,35,0.85,7,-1,-1
1,-1,304,90,19,26,0.85,7,-1,-1
1,-1,365,95,11,12,0.81,2,-1,-1
2,-1,303,90,20,26,0.86,7,-1,-1
2,-1,286,105,26,36,0.85,7,-1,-1
2,-1,364,94,12,12,0.79,2,-1,-1
2,-1,333,84,8,8,0.15,2,-1,-1
3,-1,286,105,26,38,0.86,7,-1,-1
3,-1,303,90,20,26,0.86,7,-1,-1
3,-1,364,93,12,12,0.77,2,-1,-1
3,-1,333,84,8,9,0.33,2,-1,-1
4,-1,284,107,26,38,0.88,7,-1,-1
4,-1,303,91,19,26,0.86,7,-1,-1
4,-1,364,91,12,12,0.80,2,-1,-1
4,-1,333,84,8,8,0.40,2,-1,-1
5,-1,283,108,27,38,0.88,7,-1,-1
5,-1,302,91,20,27,0.86,7,-1,-1
5,-1,364,91,12,12,0.80,2,-1,-1
5,-1,333,84,8,8,0.36,2,-1,-1
6,-1,281,108,28,40,0.88,7,-1,-1
6,-1,302,92,20,26,0.86,7,-1,-1
6,-1,363,91,11,12,0.77,2,-1,-1
6,-1,333,84,8,9,0.32,2,-1,-1
7,-1,280,109,28,40,0.88,7,-1,-1
7,-1,302,92,20,27,0.87,7,-1,-1
7,-1,363,91,11,12,0.77,2,-1,-1
7,-1,333,84,8,9,0.33,2,-1,-1
8,-1,279,111,28,40,0.88,7,-1,-1
8,-1,301,93,20,28,0.87,7,-1,-1
8,-1,362,90,12,12,0.76,2,-1,-1
8,-1,324,76,8,10,0.21,2,-1,-1
8,-1,332,85,8,9,0.19,2,-1,-1
9,-1,278,112,28,41,0.88,7,-1,-1
9,-1,300,94,20,28,0.87,7,-1,-1
9,-1,362,90,11,11,0.73,2,-1,-1
9,-1,324,77,8,11,0.23,2,-1,-1
10,-1,276,114,30,42,0.88,7,-1,-1
10,-1,300,94,20,29,0.88,7,-1,-1
10,-1,362,90,11,11,0.72,2,-1,-1
10,-1,323,77,9,12,0.23,2,-1,-1
11,-1,275,114,30,42,0.88,7,-1,-1
11,-1,299,95,20,29,0.87,7,-1,-1
11,-1,362,90,11,11,0.72,2,-1,-1
11,-1,323,77,9,12,0.24,2,-1,-1
12,-1,273,116,31,43,0.88,7,-1,-1
12,-1,298,96,20,29,0.87,7,-1,-1
12,-1,362,89,11,10,0.66,2,-1,-1
12,-1,323,78,8,12,0.13,2,-1,-1
13,-1,272,117,31,43,0.90,7,-1,-1
13,-1,298,96,20,29,0.87,7,-1,-1
13,-1,362,88,11,11,0.68,2,-1,-1
13,-1,322,78,8,11,0.21,2,-1,-1
13,-1,332,87,8,8,0.10,2,-1,-1
14,-1,270,118,32,44,0.89,7,-1,-1
14,-1,297,97,20,30,0.87,7,-1,-1
14,-1,362,87,11,11,0.72,2,-1,-1
14,-1,322,79,8,11,0.34,2,-1,-1
14,-1,332,88,9,8,0.13,2,-1,-1
15,-1,268,120,32,45,0.90,7,-1,-1
15,-1,296,98,21,30,0.87,7,-1,-1
15,-1,362,87,10,11,0.75,2,-1,-1
15,-1,322,79,8,11,0.47,2,-1,-1
15,-1,331,88,9,8,0.41,2,-1,-1
16,-1,266,122,33,46,0.89,7,-1,-1
16,-1,294,98,22,30,0.88,7,-1,-1
16,-1,362,87,10,10,0.74,2,-1,-1
16,-1,322,79,8,12,0.58,2,-1,-1
16,-1,331,88,8,8,0.33,2,-1,-1
17,-1,265,122,34,48,0.89,7,-1,-1
17,-1,294,99,21,30,0.88,7,-1,-1
17,-1,362,87,10,10,0.74,2,-1,-1
17,-1,322,79,8,12,0.58,2,-1,-1
17,-1,331,88,8,8,0.31,2,-1,-1
18,-1,262,124,36,49,0.90,7,-1,-1
18,-1,294,99,21,31,0.88,7,-1,-1
18,-1,362,86,10,10,0.70,2,-1,-1
18,-1,322,79,8,12,0.51,2,-1,-1
18,-1,331,89,8,8,0.28,2,-1,-1
19,-1,261,125,36,50,0.89,7,-1,-1
19,-1,293,100,21,31,0.88,7,-1,-1
19,-1,362,86,10,10,0.69,2,-1,-1
19,-1,322,79,8,12,0.52,2,-1,-1
19,-1,330,89,9,8,0.28,2,-1,-1
20,-1,258,128,38,52,0.90,7,-1,-1
20,-1,292,100,22,33,0.88,7,-1,-1
20,-1,362,86,10,10,0.70,2,-1,-1
20,-1,322,79,8,12,0.54,2,-1,-1
20,-1,331,89,8,8,0.13,2,-1,-1
21,-1,256,130,39,52,0.90,7,-1,-1
21,-1,292,102,22,32,0.89,7,-1,-1
21,-1,362,85,9,10,0.68,2,-1,-1
21,-1,322,80,8,12,0.44,2,-1,-1
21,-1,331,89,8,8,0.30,2,-1,-1
22,-1,254,132,39,53,0.91,7,-1,-1
22,-1,290,103,24,34,0.87,7,-1,-1
22,-1,361,84,9,10,0.67,2,-1,-1
22,-1,321,81,9,12,0.64,2,-1,-1
22,-1,330,90,9,9,0.41,2,-1,-1
23,-1,252,133,40,55,0.91,7,-1,-1
23,-1,290,104,24,34,0.87,7,-1,-1
23,-1,330,90,10,10,0.76,2,-1,-1
23,-1,362,84,9,10,0.67,2,-1,-1
23,-1,321,81,9,12,0.66,2,-1,-1
24,-1,248,136,42,56,0.90,7,-1,-1
24,-1,288,104,24,34,0.88,7,-1,-1
24,-1,330,91,10,10,0.66,2,-1,-1
24,-1,321,81,9,11,0.61,2,-1,-1
24,-1,361,84,9,10,0.61,2,-1,-1
25,-1,245,137,44,57,0.91,7,-1,-1
25,-1,288,105,23,34,0.88,7,-1,-1
25,-1,329,91,9,10,0.72,2,-1,-1
25,-1,361,83,9,10,0.64,2,-1,-1
25,-1,321,81,9,12,0.61,2,-1,-1
26,-1,242,140,44,59,0.91,7,-1,-1
26,-1,286,106,24,36,0.88,7,-1,-1
26,-1,328,92,10,10,0.80,2,-1,-1
26,-1,360,83,10,10,0.65,2,-1,-1
26,-1,320,81,9,13,0.62,2,-1,-1
27,-1,239,141,46,62,0.91,7,-1,-1
27,-1,285,106,24,36,0.89,7,-1,-1
27,-1,328,92,10,10,0.79,2,-1,-1
27,-1,361,82,9,10,0.66,2,-1,-1
27,-1,321,81,9,12,0.51,2,-1,-1
28,-1,236,144,47,64,0.92,7,-1,-1
28,-1,284,108,24,37,0.89,7,-1,-1
28,-1,320,82,10,13,0.80,2,-1,-1
28,-1,329,92,10,10,0.71,2,-1,-1
28,-1,360,82,10,10,0.64,2,-1,-1
29,-1,233,146,48,66,0.92,7,-1,-1
29,-1,283,108,24,38,0.89,7,-1,-1
29,-1,320,82,10,13,0.78,2,-1,-1
29,-1,328,92,10,10,0.74,2,-1,-1
29,-1,360,82,10,10,0.64,2,-1,-1
30,-1,228,150,51,68,0.92,7,-1,-1
30,-1,281,109,26,39,0.89,7,-1,-1
30,-1,328,93,10,10,0.79,2,-1,-1
30,-1,320,82,10,14,0.73,2,-1,-1
30,-1,360,82,10,10,0.47,2,-1,-1
31,-1,225,152,52,71,0.91,7,-1,-1
31,-1,280,110,26,39,0.89,7,-1,-1
31,-1,319,83,10,13,0.80,2,-1,-1
31,-1,328,94,10,11,0.80,2,-1,-1
31,-1,360,82,10,10,0.47,2,-1,-1
32,-1,220,156,54,74,0.91,7,-1,-1
32,-1,278,111,27,41,0.88,7,-1,-1
32,-1,319,83,10,13,0.80,2,-1,-1
32,-1,328,95,10,11,0.78,2,-1,-1
32,-1,360,80,9,10,0.52,2,-1,-1
33,-1,216,158,56,77,0.91,7,-1,-1
33,-1,277,112,28,42,0.89,7,-1,-1
33,-1,319,83,10,14,0.77,2,-1,-1
33,-1,328,96,10,10,0.72,2,-1,-1
33,-1,360,80,9,10,0.52,2,-1,-1
34,-1,209,161,60,81,0.92,7,-1,-1
34,-1,276,113,29,43,0.90,7,-1,-1
34,-1,319,83,10,14,0.77,2,-1,-1
34,-1,328,96,11,11,0.77,2,-1,-1
34,-1,360,80,9,10,0.50,2,-1,-1
35,-1,205,164,62,84,0.91,7,-1,-1
35,-1,274,114,28,43,0.89,7,-1,-1
35,-1,319,83,10,13,0.80,2,-1,-1
35,-1,328,96,11,11,0.78,2,-1,-1
35,-1,360,80,9,10,0.54,2,-1,-1
36,-1,198,169,65,89,0.93,7,-1,-1
36,-1,272,116,28,44,0.89,7,-1,-1
36,-1,319,84,10,12,0.80,2,-1,-1
36,-1,328,96,11,11,0.77,2,-1,-1
36,-1,360,80,9,10,0.54,2,-1,-1
37,-1,193,173,70,92,0.93,7,-1,-1
37,-1,272,117,28,44,0.89,7,-1,-1
37,-1,326,97,12,12,0.82,2,-1,-1
37,-1,318,83,10,14,0.75,2,-1,-1
37,-1,360,80,8,9,0.54,2,-1,-1
38,-1,184,178,73,98,0.93,7,-1,-1
38,-1,270,118,29,45,0.89,7,-1,-1
38,-1,326,98,12,12,0.82,2,-1,-1
38,-1,318,84,10,14,0.72,2,-1,-1
38,-1,360,80,8,9,0.43,2,-1,-1
39,-1,178,180,77,105,0.93,7,-1,-1
39,-1,268,119,29,46,0.90,7,-1,-1
39,-1,326,98,12,12,0.82,2,-1,-1
39,-1,318,85,10,15,0.74,2,-1,-1
39,-1,360,79,8,9,0.32,2,-1,-1
40,-1,168,187,82,112,0.93,7,-1,-1
40,-1,266,122,30,47,0.90,7,-1,-1
40,-1,326,99,12,12,0.79,2,-1,-1
40,-1,317,85,11,15,0.72,2,-1,-1
40,-1,360,79,8,9,0.32,2,-1,-1
41,-1,160,191,87,120,0.93,7,-1,-1
41,-1,264,122,32,48,0.90,7,-1,-1
41,-1,326,100,12,12,0.85,2,-1,-1
41,-1,316,86,11,15,0.79,2,-1,-1
41,-1,360,78,8,8,0.23,2,-1,-1
42,-1,147,198,95,131,0.93,7,-1,-1
42,-1,263,124,32,50,0.90,7,-1,-1
42,-1,324,100,13,13,0.82,2,-1,-1
42,-1,316,85,11,15,0.77,2,-1,-1
42,-1,360,78,8,8,0.22,2,-1,-1
43,-1,140,202,100,139,0.92,7,-1,-1
43,-1,261,125,34,50,0.89,7,-1,-1
43,-1,326,101,12,12,0.85,2,-1,-1
43,-1,316,86,11,15,0.76,2,-1,-1
43,-1,360,78,8,8,0.23,2,-1,-1
44,-1,124,210,109,152,0.93,7,-1,-1
44,-1,259,127,34,52,0.90,7,-1,-1
44,-1,325,102,12,12,0.85,2,-1,-1
44,-1,316,87,11,15,0.78,2,-1,-1
44,-1,359,77,8,9,0.12,2,-1,-1
45,-1,113,216,116,163,0.93,7,-1,-1
45,-1,257,129,36,52,0.90,7,-1,-1
45,-1,325,102,12,12,0.84,2,-1,-1
45,-1,315,87,11,15,0.77,2,-1,-1
45,-1,359,77,8,9,0.11,2,-1,-1
46,-1,93,226,129,182,0.93,7,-1,-1
46,-1,254,131,38,55,0.92,7,-1,-1
46,-1,314,87,12,16,0.83,2,-1,-1
46,-1,325,103,12,12,0.82,2,-1,-1
46,-1,359,77,8,9,0.12,2,-1,-1
47,-1,78,234,140,196,0.92,7,-1,-1
47,-1,252,133,37,56,0.90,7,-1,-1
47,-1,314,87,12,15,0.83,2,-1,-1
47,-1,324,103,13,13,0.82,2,-1,-1
47,-1,359,77,8,9,0.11,2,-1,-1
48,-1,50,246,159,226,0.90,7,-1,-1
48,-1,250,134,39,58,0.90,7,-1,-1
48,-1,314,88,12,15,0.85,2,-1,-1
48,-1,324,104,13,14,0.84,2,-1,-1
49,-1,247,136,39,59,0.91,7,-1,-1
49,-1,32,254,170,244,0.89,7,-1,-1
49,-1,323,106,12,14,0.85,2,-1,-1
49,-1,315,89,11,14,0.82,2,-1,-1
49,-1,359,78,7,8,0.11,2,-1,-1
50,-1,244,138,41,61,0.91,7,-1,-1
50,-1,323,106,13,14,0.85,2,-1,-1
50,-1,314,89,12,15,0.85,2,-1,-1
51,-1,242,140,42,62,0.91,7,-1,-1
51,-1,314,89,12,15,0.85,2,-1,-1
51,-1,322,107,13,14,0.84,2,-1,-1
51,-1,359,78,8,8,0.10,2,-1,-1
52,-1,239,143,42,65,0.91,7,-1,-1
52,-1,313,90,12,15,0.85,2,-1,-1
52,-1,322,108,13,14,0.84,2,-1,-1
53,-1,6,320,153,216,0.92,7,-1,-1
53,-1,236,145,45,66,0.91,7,-1,-1
53,-1,312,90,13,15,0.86,2,-1,-1
53,-1,322,109,14,14,0.84,2,-1,-1
54,-1,232,148,44,69,0.90,7,-1,-1
54,-1,312,90,13,16,0.85,2,-1,-1
54,-1,321,110,14,14,0.83,2,-1,-1
55,-1,229,150,45,71,0.91,7,-1,-1
55,-1,312,90,13,16,0.85,2,-1,-1
55,-1,320,111,14,14,0.82,2,-1,-1
56,-1,224,153,49,75,0.91,7,-1,-1
56,-1,311,92,13,16,0.85,2,-1,-1
56,-1,320,112,14,14,0.84,2,-1,-1
57,-1,221,156,50,78,0.90,7,-1,-1
57,-1,311,92,13,16,0.85,2,-1,-1
57,-1,319,112,15,14,0.84,2,-1,-1
58,-1,216,160,53,80,0.91,7,-1,-1
58,-1,310,92,13,17,0.85,2,-1,-1
58,-1,319,114,14,14,0.85,2,-1,-1
59,-1,212,162,54,84,0.92,7,-1,-1
59,-1,310,92,14,17,0.86,2,-1,-1
59,-1,318,115,15,15,0.85,2,-1,-1
60,-1,206,167,57,87,0.91,7,-1,-1
60,-1,310,92,14,17,0.85,2,-1,-1
60,-1,318,116,15,15,0.84,2,-1,-1
61,-1,201,170,60,91,0.92,7,-1,-1
61,-1,317,117,16,15,0.84,2,-1,-1
61,-1,310,93,13,15,0.83,2,-1,-1
62,-1,194,174,62,96,0.92,7,-1,-1
62,-1,309,94,14,17,0.85,2,-1,-1
62,-1,316,118,16,16,0.85,2,-1,-1
63,-1,188,178,66,101,0.92,7,-1,-1
63,-1,316,118,16,17,0.86,2,-1,-1
63,-1,309,94,14,16,0.84,2,-1,-1
64,-1,180,183,72,108,0.93,7,-1,-1
64,-1,316,120,16,17,0.87,2,-1,-1
64,-1,308,95,14,18,0.84,2,-1,-1
65,-1,174,187,76,114,0.92,7,-1,-1
65,-1,315,122,16,16,0.86,2,-1,-1
65,-1,307,95,15,19,0.85,2,-1,-1
66,-1,163,194,80,122,0.93,7,-1,-1
66,-1,314,125,16,16,0.84,2,-1,-1
66,-1,306,96,15,18,0.84,2,-1,-1
67,-1,156,198,84,130,0.93,7,-1,-1
67,-1,313,126,17,16,0.85,2,-1,-1
67,-1,306,96,15,18,0.83,2,-1,-1
68,-1,143,206,90,140,0.93,7,-1,-1
68,-1,312,127,18,16,0.84,2,-1,-1
68,-1,306,97,15,19,0.82,2,-1,-1
69,-1,131,212,97,149,0.93,7,-1,-1
69,-1,312,127,18,18,0.86,2,-1,-1
69,-1,306,97,15,19,0.82,2,-1,-1
70,-1,116,222,106,164,0.93,7,-1,-1
70,-1,310,129,18,19,0.86,2,-1,-1
70,-1,304,99,15,19,0.85,2,-1,-1
71,-1,105,229,113,176,0.93,7,-1,-1
71,-1,309,131,19,18,0.86,2,-1,-1
71,-1,304,99,15,19,0.85,2,-1,-1
72,-1,85,241,124,195,0.93,7,-1,-1
72,-1,309,133,19,19,0.86,2,-1,-1
72,-1,304,99,15,20,0.84,2,-1,-1
73,-1,69,251,132,208,0.92,7,-1,-1
73,-1,308,134,20,20,0.86,2,-1,-1
73,-1,304,99,16,21,0.85,2,-1,-1
74,-1,41,266,151,234,0.91,7,-1,-1
74,-1,303,100,16,20,0.86,2,-1,-1
74,-1,306,136,20,20,0.84,2,-1,-1
75,-1,18,272,164,256,0.89,7,-1,-1
75,-1,303,101,16,21,0.85,2,-1,-1
75,-1,305,137,20,21,0.84,2,-1,-1
76,-1,305,142,20,20,0.85,2,-1,-1
76,-1,303,102,16,20,0.85,2,-1,-1
77,-1,302,102,16,20,0.85,2,-1,-1
77,-1,304,143,20,21,0.84,2,-1,-1
78,-1,6,336,134,199,0.93,7,-1,-1
78,-1,303,146,20,22,0.88,2,-1,-1
78,-1,302,103,16,22,0.81,2,-1,-1
79,-1,302,149,20,22,0.87,2,-1,-1
79,-1,302,104,16,20,0.84,2,-1,-1
80,-1,301,152,21,22,0.85,2,-1,-1
80,-1,300,105,16,22,0.84,2,-1,-1
81,-1,298,154,23,24,0.88,2,-1,-1
81,-1,299,105,17,22,0.82,2,-1,-1
82,-1,298,158,22,24,0.85,2,-1,-1
82,-1,299,106,17,22,0.84,2,-1,-1
83,-1,296,161,23,24,0.87,2,-1,-1
83,-1,298,107,17,22,0.85,2,-1,-1
83,-1,322,74,11,15,0.13,2,-1,-1
84,-1,295,165,23,24,0.86,2,-1,-1
84,-1,298,108,18,23,0.85,2,-1,-1
84,-1,321,73,11,15,0.23,2,-1,-1
85,-1,293,167,24,26,0.88,2,-1,-1
85,-1,297,109,18,23,0.81,2,-1,-1
85,-1,321,74,10,15,0.22,2,-1,-1
86,-1,290,172,26,27,0.89,2,-1,-1
86,-1,296,110,18,22,0.84,2,-1,-1
86,-1,321,74,10,15,0.22,2,-1,-1
87,-1,289,176,26,28,0.88,2,-1,-1
87,-1,296,110,18,23,0.83,2,-1,-1
87,-1,321,73,10,16,0.14,7,-1,-1
88,-1,286,181,28,28,0.88,2,-1,-1
88,-1,294,112,19,23,0.81,2,-1,-1
88,-1,321,73,10,16,0.14,7,-1,-1
89,-1,284,184,28,30,0.87,2,-1,-1
89,-1,294,112,19,23,0.84,2,-1,-1
89,-1,320,74,11,16,0.26,2,-1,-1
90,-1,281,191,30,32,0.87,2,-1,-1
90,-1,293,113,19,23,0.86,2,-1,-1
90,-1,320,75,11,16,0.33,2,-1,-1
91,-1,278,196,31,33,0.90,2,-1,-1
91,-1,292,114,20,24,0.86,2,-1,-1
91,-1,320,76,10,16,0.17,2,-1,-1
92,-1,276,203,31,35,0.90,2,-1,-1
92,-1,292,115,19,24,0.87,2,-1,-1
92,-1,320,76,10,16,0.17,2,-1,-1
93,-1,272,208,33,37,0.89,2,-1,-1
93,-1,292,116,19,24,0.87,2,-1,-1
93,-1,320,76,10,16,0.27,2,-1,-1
94,-1,266,217,36,40,0.90,2,-1,-1
94,-1,289,117,20,26,0.81,2,-1,-1
94,-1,320,76,11,17,0.36,2,-1,-1
95,-1,262,224,38,42,0.90,2,-1,-1
95,-1,289,118,20,26,0.84,2,-1,-1
95,-1,320,76,11,17,0.36,2,-1,-1
96,-1,257,234,40,46,0.90,2,-1,-1
96,-1,287,119,21,26,0.85,2,-1,-1
96,-1,319,76,10,17,0.32,7,-1,-1
97,-1,254,242,41,50,0.91,2,-1,-1
97,-1,286,120,21,26,0.82,2,-1,-1
97,-1,319,76,10,17,0.27,2,-1,-1
98,-1,246,256,45,55,0.91,2,-1,-1
98,-1,286,120,21,28,0.79,2,-1,-1
98,-1,319,76,11,17,0.31,2,-1,-1
99,-1,239,267,49,58,0.92,2,-1,-1
99,-1,285,121,21,29,0.72,2,-1,-1
99,-1,318,77,11,17,0.33,2,-1,-1
100,-1,230,286,54,64,0.92,2,-1,-1
100,-1,283,123,22,29,0.70,2,-1,-1
100,-1,319,78,11,17,0.49,2,-1,-1
101,-1,222,300,57,71,0.91,2,-1,-1
101,-1,282,125,22,28,0.74,2,-1,-1
101,-1,319,78,11,17,0.48,2,-1,-1
102,-1,209,324,62,82,0.93,2,-1,-1
102,-1,319,78,11,16,0.71,2,-1,-1
102,-1,281,126,23,29,0.63,7,-1,-1
103,-1,199,342,67,91,0.92,2,-1,-1
103,-1,319,78,11,16,0.71,2,-1,-1
103,-1,280,127,23,29,0.63,2,-1,-1
104,-1,182,377,75,106,0.92,2,-1,-1
104,-1,278,130,24,29,0.85,2,-1,-1
104,-1,318,78,12,18,0.42,2,-1,-1
105,-1,168,404,81,118,0.93,2,-1,-1
105,-1,278,131,24,29,0.87,2,-1,-1
105,-1,318,78,12,18,0.42,2,-1,-1
106,-1,276,132,24,30,0.82,2,-1,-1
106,-1,317,77,13,19,0.59,7,-1,-1
107,-1,274,133,24,32,0.68,2,-1,-1
107,-1,317,77,13,19,0.52,7,-1,-1
108,-1,273,136,25,32,0.71,2,-1,-1
108,-1,317,78,13,19,0.50,7,-1,-1
109,-1,272,137,25,32,0.75,2,-1,-1
109,-1,316,78,14,20,0.67,7,-1,-1
110,-1,270,139,26,33,0.71,2,-1,-1
110,-1,316,78,13,19,0.52,7,-1,-1
111,-1,268,140,27,34,0.75,2,-1,-1
111,-1,316,79,13,19,0.72,2,-1,-1
112,-1,266,143,26,34,0.77,2,-1,-1
112,-1,316,79,12,18,0.57,2,-1,-1
113,-1,265,145,27,34,0.81,2,-1,-1
113,-1,316,80,13,20,0.69,7,-1,-1
114,-1,262,146,28,36,0.76,2,-1,-1
114,-1,316,80,13,20,0.70,7,-1,-1
115,-1,261,148,28,36,0.79,2,-1,-1
115,-1,315,80,14,20,0.68,7,-1,-1
116,-1,258,152,30,38,0.78,7,-1,-1
116,-1,314,80,14,21,0.70,7,-1,-1
117,-1,257,154,30,37,0.86,7,-1,-1
117,-1,314,80,14,21,0.74,7,-1,-1
118,-1,253,156,31,39,0.79,7,-1,-1
118,-1,314,81,14,21,0.76,7,-1,-1
119,-1,314,81,14,21,0.75,7,-1,-1
119,-1,251,158,32,40,0.73,2,-1,-1
120,-1,248,162,33,41,0.88,7,-1,-1
120,-1,313,82,14,20,0.53,7,-1,-1
121,-1,246,164,33,42,0.87,7,-1,-1
121,-1,313,83,14,21,0.55,2,-1,-1
122,-1,242,167,34,43,0.69,7,-1,-1
122,-1,312,83,14,21,0.54,2,-1,-1
123,-1,240,170,34,44,0.69,7,-1,-1
123,-1,312,83,15,22,0.57,7,-1,-1
124,-1,312,83,15,23,0.68,7,-1,-1
124,-1,236,174,37,46,0.65,7,-1,-1
125,-1,234,177,36,46,0.79,7,-1,-1
125,-1,312,83,15,23,0.72,7,-1,-1
126,-1,230,181,38,48,0.88,7,-1,-1
126,-1,312,83,15,23,0.70,7,-1,-1
127,-1,226,185,40,50,0.66,7,-1,-1
127,-1,311,83,15,22,0.48,2,-1,-1
128,-1,220,190,42,52,0.68,7,-1,-1
128,-1,311,84,15,23,0.50,2,-1,-1
128,-1,328,68,8,12,0.15,7,-1,-1
129,-1,310,84,16,22,0.76,2,-1,-1
129,-1,218,193,42,54,0.71,7,-1,-1
129,-1,328,68,8,12,0.15,7,-1,-1
130,-1,214,199,42,57,0.89,7,-1,-1
130,-1,310,84,16,22,0.78,2,-1,-1
131,-1,209,202,46,60,0.88,7,-1,-1
131,-1,310,85,16,23,0.68,2,-1,-1
132,-1,202,208,48,63,0.88,7,-1,-1
132,-1,310,84,16,24,0.57,7,-1,-1
133,-1,197,210,50,68,0.90,7,-1,-1
133,-1,310,85,15,25,0.71,7,-1,-1
134,-1,189,219,54,71,0.87,7,-1,-1
134,-1,309,85,16,25,0.69,7,-1,-1
135,-1,183,224,55,73,0.77,7,-1,-1
135,-1,309,86,16,25,0.67,7,-1,-1
135,-1,327,69,8,13,0.12,7,-1,-1
136,-1,174,231,59,82,0.88,7,-1,-1
136,-1,308,86,17,26,0.79,7,-1,-1
136,-1,327,69,8,13,0.25,7,-1,-1
137,-1,166,238,64,86,0.91,7,-1,-1
137,-1,308,86,17,26,0.78,7,-1,-1
137,-1,327,69,8,13,0.25,7,-1,-1
138,-1,156,248,67,92,0.90,7,-1,-1
138,-1,306,87,18,26,0.73,7,-1,-1
138,-1,327,69,8,13,0.29,7,-1,-1
139,-1,147,256,71,96,0.90,7,-1,-1
139,-1,306,87,18,27,0.79,7,-1,-1
139,-1,327,69,8,13,0.28,7,-1,-1
140,-1,134,270,76,104,0.91,7,-1,-1
140,-1,306,87,18,26,0.81,7,-1,-1
140,-1,326,70,8,13,0.20,7,-1,-1
141,-1,125,278,79,112,0.91,7,-1,-1
141,-1,306,88,18,26,0.85,7,-1,-1
141,-1,326,70,8,13,0.20,7,-1,-1
142,-1,110,290,84,125,0.90,7,-1,-1
142,-1,304,88,19,27,0.87,7,-1,-1
142,-1,326,70,8,13,0.20,7,-1,-1
143,-1,97,304,90,131,0.92,7,-1,-1
143,-1,304,88,19,27,0.84,7,-1,-1
143,-1,326,70,8,13,0.20,7,-1,-1
144,-1,76,324,99,146,0.92,7,-1,-1
144,-1,304,89,18,28,0.86,7,-1,-1
144,-1,326,70,9,13,0.13,7,-1,-1
145,-1,60,340,105,156,0.93,7,-1,-1
145,-1,304,90,18,27,0.85,7,-1,-1
145,-1,326,71,9,13,0.11,7,-1,-1
146,-1,35,364,114,170,0.93,7,-1,-1
146,-1,304,91,18,27,0.65,7,-1,-1
146,-1,326,70,9,13,0.11,7,-1,-1
147,-1,304,91,18,27,0.75,7,-1,-1
147,-1,326,70,9,13,0.11,7,-1,-1
148,-1,303,92,18,28,0.73,7,-1,-1
148,-1,326,70,9,13,0.11,7,-1,-1
149,-1,302,92,18,29,0.75,7,-1,-1
149,-1,326,70,9,13,0.12,7,-1,-1
150,-1,302,93,19,28,0.74,7,-1,-1
151,-1,300,93,20,29,0.84,7,-1,-1
152,-1,300,93,20,30,0.87,7,-1,-1
153,-1,300,93,20,30,0.82,7,-1,-1
154,-1,299,95,20,30,0.84,7,-1,-1
155,-1,298,95,20,30,0.88,7,-1,-1
156,-1,298,95,20,30,0.88,7,-1,-1
157,-1,296,96,22,32,0.87,7,-1,-1
158,-1,296,96,21,32,0.88,7,-1,-1
158,-1,324,70,10,17,0.13,7,-1,-1
159,-1,296,97,21,32,0.88,7,-1,-1
160,-1,296,98,21,33,0.88,7,-1,-1
160,-1,323,70,10,17,0.14,7,-1,-1
161,-1,295,98,22,32,0.88,7,-1,-1
161,-1,324,70,10,17,0.14,7,-1,-1
162,-1,294,99,22,33,0.88,7,-1,-1
162,-1,322,71,10,16,0.11,7,-1,-1
163,-1,293,99,22,33,0.89,7,-1,-1
163,-1,324,70,10,17,0.18,7,-1,-1
164,-1,292,100,22,35,0.89,7,-1,-1
164,-1,322,72,10,16,0.16,7,-1,-1
165,-1,292,100,23,35,0.89,7,-1,-1
165,-1,322,72,10,16,0.17,7,-1,-1
166,-1,291,100,23,36,0.89,7,-1,-1
166,-1,321,72,11,16,0.33,7,-1,-1
167,-1,290,101,24,37,0.88,7,-1,-1
167,-1,321,72,11,16,0.32,7,-1,-1
168,-1,289,101,24,38,0.88,7,-1,-1
168,-1,321,72,10,16,0.30,7,-1,-1
169,-1,288,102,25,38,0.88,7,-1,-1
169,-1,320,72,11,17,0.64,7,-1,-1
170,-1,286,103,25,38,0.88,7,-1,-1
170,-1,320,73,11,17,0.54,7,-1,-1
171,-1,528,382,92,117,0.91,7,-1,-1
171,-1,286,104,25,38,0.88,7,-1,-1
171,-1,320,73,11,17,0.53,7,-1,-1
172,-1,285,105,26,39,0.90,7,-1,-1
172,-1,513,354,82,104,0.89,7,-1,-1
172,-1,320,74,11,17,0.53,7,-1,-1
173,-1,284,106,26,38,0.91,7,-1,-1
173,-1,504,337,78,98,0.89,7,-1,-1
173,-1,320,74,11,17,0.55,7,-1,-1
174,-1,283,106,27,40,0.91,7,-1,-1
174,-1,493,306,71,100,0.90,7,-1,-1
174,-1,320,73,12,18,0.72,7,-1,-1
175,-1,485,301,68,86,0.91,7,-1,-1
175,-1,282,106,27,41,0.90,7,-1,-1
175,-1,319,73,12,19,0.77,7,-1,-1
176,-1,281,108,27,42,0.90,7,-1,-1
176,-1,476,285,63,79,0.84,7,-1,-1
176,-1,319,73,12,19,0.77,7,-1,-1
177,-1,280,108,28,42,0.90,7,-1,-1
177,-1,472,273,58,76,0.89,7,-1,-1
177,-1,319,73,12,18,0.80,7,-1,-1
178,-1,279,109,28,43,0.89,7,-1,-1
178,-1,464,258,54,71,0.84,7,-1,-1
178,-1,320,74,12,18,0.80,7,-1,-1
179,-1,278,110,28,43,0.88,7,-1,-1
179,-1,319,74,12,18,0.77,7,-1,-1
179,-1,458,252,53,66,0.74,2,-1,-1
180,-1,276,110,29,46,0.90,7,-1,-1
180,-1,452,240,49,63,0.80,7,-1,-1
180,-1,319,75,12,17,0.77,7,-1,-1
181,-1,276,111,29,46,0.90,7,-1,-1
181,-1,320,75,11,18,0.83,7,-1,-1
181,-1,448,234,47,59,0.69,2,-1,-1
182,-1,274,113,30,46,0.90,7,-1,-1
182,-1,320,75,11,18,0.83,7,-1,-1
182,-1,444,224,44,56,0.78,2,-1,-1
183,-1,272,114,31,46,0.90,7,-1,-1
183,-1,319,75,12,19,0.84,7,-1,-1
183,-1,440,220,42,54,0.78,2,-1,-1
184,-1,270,115,32,48,0.90,7,-1,-1
184,-1,318,78,12,18,0.79,7,-1,-1
184,-1,436,210,40,53,0.61,7,-1,-1
185,-1,270,115,32,49,0.90,7,-1,-1
185,-1,434,206,38,50,0.83,2,-1,-1
185,-1,318,78,12,18,0.80,7,-1,-1
186,-1,268,116,33,51,0.90,7,-1,-1
186,-1,430,200,36,48,0.86,2,-1,-1
186,-1,318,78,12,18,0.79,7,-1,-1
187,-1,267,118,33,51,0.90,7,-1,-1
187,-1,428,196,36,46,0.88,2,-1,-1
187,-1,318,78,12,18,0.77,7,-1,-1
188,-1,264,120,34,52,0.89,7,-1,-1
188,-1,425,191,33,44,0.72,2,-1,-1
188,-1,319,79,11,17,0.69,7,-1,-1
189,-1,264,120,34,53,0.90,7,-1,-1
189,-1,422,187,33,43,0.82,2,-1,-1
189,-1,318,79,12,17,0.66,7,-1,-1
190,-1,262,121,36,56,0.90,7,-1,-1
190,-1,420,182,31,41,0.86,2,-1,-1
190,-1,318,79,12,17,0.68,7,-1,-1
191,-1,260,123,38,55,0.91,7,-1,-1
191,-1,418,176,30,42,0.81,2,-1,-1
191,-1,318,80,12,17,0.64,7,-1,-1
192,-1,256,124,39,57,0.91,7,-1,-1
192,-1,415,173,30,40,0.82,2,-1,-1
192,-1,317,80,12,17,0.68,7,-1,-1
193,-1,255,126,39,58,0.89,7,-1,-1
193,-1,414,170,28,39,0.81,2,-1,-1
193,-1,316,80,12,18,0.73,7,-1,-1
194,-1,253,127,41,61,0.91,7,-1,-1
194,-1,411,166,28,38,0.76,2,-1,-1
194,-1,316,80,13,18,0.66,7,-1,-1
195,-1,250,128,42,62,0.91,7,-1,-1
195,-1,316,80,13,18,0.65,7,-1,-1
195,-1,410,163,27,37,0.63,7,-1,-1
196,-1,248,131,42,63,0.92,7,-1,-1
196,-1,408,161,26,34,0.86,2,-1,-1
196,-1,316,81,13,18,0.67,7,-1,-1
197,-1,246,132,44,64,0.91,7,-1,-1
197,-1,406,158,26,34,0.86,2,-1,-1
197,-1,315,81,14,18,0.59,7,-1,-1
198,-1,242,135,46,66,0.91,7,-1,-1
198,-1,404,156,26,33,0.88,2,-1,-1
198,-1,314,81,14,20,0.83,7,-1,-1
199,-1,240,136,47,68,0.91,7,-1,-1
199,-1,404,155,24,31,0.89,2,-1,-1
199,-1,314,81,14,19,0.80,7,-1,-1
200,-1,237,138,49,72,0.91,7,-1,-1
200,-1,402,152,24,30,0.86,2,-1,-1
200,-1,314,81,14,20,0.82,7,-1,-1
201,-1,234,139,50,73,0.91,7,-1,-1
201,-1,401,149,24,30,0.85,2,-1,-1
201,-1,314,81,14,20,0.80,7,-1,-1
202,-1,230,141,52,76,0.91,7,-1,-1
202,-1,400,146,23,30,0.86,2,-1,-1
202,-1,312,82,15,21,0.85,7,-1,-1
203,-1,227,143,53,78,0.92,7,-1,-1
203,-1,399,145,22,30,0.85,2,-1,-1
203,-1,312,82,15,21,0.85,7,-1,-1
204,-1,222,146,56,82,0.92,7,-1,-1
204,-1,398,143,22,29,0.84,2,-1,-1
204,-1,312,82,15,21,0.84,7,-1,-1
205,-1,219,148,56,84,0.92,7,-1,-1
205,-1,397,142,22,27,0.86,2,-1,-1
205,-1,312,82,15,21,0.83,7,-1,-1
206,-1,214,150,58,88,0.93,7,-1,-1
206,-1,396,141,20,25,0.86,2,-1,-1
206,-1,312,83,16,21,0.81,7,-1,-1
207,-1,210,152,61,91,0.93,7,-1,-1
207,-1,394,140,21,25,0.85,2,-1,-1
207,-1,312,82,16,22,0.83,7,-1,-1
208,-1,205,156,64,95,0.91,7,-1,-1
208,-1,392,136,21,26,0.85,2,-1,-1
208,-1,312,83,15,21,0.75,7,-1,-1
209,-1,201,159,67,97,0.92,7,-1,-1
209,-1,392,134,20,26,0.85,2,-1,-1
209,-1,311,84,16,22,0.73,7,-1,-1
210,-1,194,161,70,103,0.93,7,-1,-1
210,-1,390,131,21,26,0.84,2,-1,-1
210,-1,310,85,16,22,0.68,7,-1,-1
211,-1,190,164,72,107,0.93,7,-1,-1
211,-1,390,129,21,27,0.82,2,-1,-1
211,-1,310,85,16,22,0.69,7,-1,-1
212,-1,182,168,78,113,0.93,7,-1,-1
212,-1,388,129,21,26,0.87,2,-1,-1
212,-1,310,86,16,23,0.75,7,-1,-1
213,-1,176,171,81,117,0.92,7,-1,-1
213,-1,389,128,20,25,0.86,2,-1,-1
213,-1,310,85,16,23,0.74,7,-1,-1
214,-1,166,176,86,126,0.93,7,-1,-1
214,-1,388,127,19,24,0.86,2,-1,-1
214,-1,308,87,17,23,0.79,7,-1,-1
215,-1,160,178,90,134,0.93,7,-1,-1
215,-1,387,127,18,22,0.85,2,-1,-1
215,-1,308,87,17,23,0.79,7,-1,-1
216,-1,149,184,96,144,0.93,7,-1,-1
216,-1,385,125,20,22,0.86,2,-1,-1
216,-1,308,87,18,24,0.83,7,-1,-1
217,-1,141,188,101,150,0.93,7,-1,-1
217,-1,384,124,19,21,0.86,2,-1,-1
217,-1,308,87,18,24,0.84,7,-1,-1
218,-1,128,194,110,163,0.93,7,-1,-1
218,-1,384,123,18,20,0.86,2,-1,-1
218,-1,306,87,18,25,0.85,7,-1,-1
219,-1,118,199,114,171,0.94,7,-1,-1
219,-1,384,123,18,19,0.85,2,-1,-1
219,-1,306,87,18,25,0.85,7,-1,-1
220,-1,104,206,123,186,0.93,7,-1,-1
220,-1,306,88,19,24,0.88,7,-1,-1
220,-1,382,122,18,19,0.85,2,-1,-1
221,-1,92,210,130,200,0.93,7,-1,-1
221,-1,305,89,19,24,0.88,7,-1,-1
221,-1,382,120,18,20,0.86,2,-1,-1
222,-1,72,220,143,218,0.92,7,-1,-1
222,-1,305,89,19,25,0.88,7,-1,-1
222,-1,380,120,18,18,0.88,2,-1,-1
223,-1,57,226,152,240,0.91,7,-1,-1
223,-1,304,89,20,26,0.88,7,-1,-1
223,-1,380,119,18,18,0.87,2,-1,-1
224,-1,31,238,173,260,0.91,7,-1,-1
224,-1,380,116,16,19,0.87,2,-1,-1
224,-1,303,91,19,26,0.86,7,-1,-1
225,-1,14,245,180,281,0.93,7,-1,-1
225,-1,380,115,17,20,0.86,2,-1,-1
225,-1,302,92,20,25,0.84,7,-1,-1
226,-1,5,256,176,278,0.90,7,-1,-1
226,-1,379,114,17,19,0.86,2,-1,-1
226,-1,302,92,20,26,0.84,7,-1,-1
227,-1,6,269,171,264,0.91,7,-1,-1
227,-1,378,114,16,19,0.86,2,-1,-1
227,-1,301,93,20,26,0.84,7,-1,-1
228,-1,377,113,17,18,0.86,2,-1,-1
228,-1,301,93,20,27,0.84,7,-1,-1
229,-1,376,114,16,17,0.84,2,-1,-1
229,-1,302,93,20,27,0.81,7,-1,-1
230,-1,376,112,16,18,0.85,2,-1,-1
230,-1,302,94,20,27,0.79,7,-1,-1
231,-1,376,111,16,17,0.85,2,-1,-1
231,-1,300,94,21,28,0.82,7,-1,-1
232,-1,300,95,21,28,0.85,7,-1,-1
232,-1,376,111,16,16,0.85,2,-1,-1
233,-1,299,96,22,28,0.86,7,-1,-1
233,-1,376,111,16,17,0.85,2,-1,-1
234,-1,299,96,21,29,0.86,7,-1,-1
234,-1,375,109,16,18,0.85,2,-1,-1
235,-1,298,97,21,28,0.85,7,-1,-1
235,-1,374,108,15,16,0.85,2,-1,-1
236,-1,297,98,21,29,0.86,7,-1,-1
236,-1,374,107,15,16,0.86,2,-1,-1
237,-1,297,98,21,30,0.87,7,-1,-1
237,-1,374,107,14,16,0.86,2,-1,-1
238,-1,296,99,21,30,0.88,7,-1,-1
238,-1,372,106,15,17,0.87,2,-1,-1
239,-1,295,100,22,30,0.88,7,-1,-1
239,-1,372,105,15,16,0.86,2,-1,-1
240,-1,294,100,23,30,0.87,7,-1,-1
240,-1,372,103,14,15,0.84,2,-1,-1
241,-1,294,100,23,31,0.88,7,-1,-1
241,-1,372,103,14,15,0.86,2,-1,-1
242,-1,293,102,23,30,0.88,7,-1,-1
242,-1,371,102,14,16,0.84,2,-1,-1
243,-1,292,102,24,32,0.88,7,-1,-1
243,-1,371,102,14,16,0.84,2,-1,-1
244,-1,291,103,24,33,0.87,7,-1,-1
244,-1,370,101,14,16,0.83,2,-1,-1
245,-1,290,104,25,34,0.87,7,-1,-1
245,-1,371,100,13,16,0.84,2,-1,-1
246,-1,288,104,26,34,0.88,7,-1,-1
246,-1,370,100,13,15,0.84,2,-1,-1
247,-1,287,104,26,35,0.88,7,-1,-1
247,-1,370,99,14,16,0.85,2,-1,-1
248,-1,286,106,26,36,0.88,7,-1,-1
248,-1,369,98,14,16,0.84,2,-1,-1
249,-1,285,106,27,36,0.88,7,-1,-1
249,-1,370,98,14,16,0.84,2,-1,-1
250,-1,284,106,28,38,0.89,7,-1,-1
250,-1,368,98,14,16,0.84,2,-1,-1
251,-1,283,107,28,39,0.89,7,-1,-1
251,-1,368,97,13,15,0.83,2,-1,-1
252,-1,281,109,28,39,0.89,7,-1,-1
252,-1,369,97,13,15,0.83,2,-1,-1
253,-1,280,109,29,40,0.89,7,-1,-1
253,-1,368,97,12,14,0.83,2,-1,-1
254,-1,280,110,29,40,0.88,7,-1,-1
254,-1,368,97,12,14,0.82,2,-1,-1
255,-1,278,111,29,41,0.88,7,-1,-1
255,-1,368,97,12,14,0.82,2,-1,-1
256,-1,276,112,31,43,0.88,7,-1,-1
256,-1,368,96,12,13,0.81,2,-1,-1
257,-1,275,112,32,43,0.89,7,-1,-1
257,-1,368,96,12,13,0.81,2,-1,-1
258,-1,273,114,32,44,0.88,7,-1,-1
258,-1,368,95,12,13,0.77,2,-1,-1
259,-1,272,115,32,45,0.89,7,-1,-1
259,-1,368,94,11,13,0.81,2,-1,-1
260,-1,270,117,32,46,0.89,7,-1,-1
260,-1,368,94,11,13,0.81,2,-1,-1
261,-1,268,116,34,47,0.89,7,-1,-1
261,-1,368,93,11,14,0.80,2,-1,-1
262,-1,267,117,34,50,0.89,7,-1,-1
262,-1,367,92,11,13,0.81,2,-1,-1
263,-1,265,117,36,51,0.89,7,-1,-1
263,-1,367,92,11,13,0.81,2,-1,-1
264,-1,262,119,37,53,0.89,7,-1,-1
264,-1,367,92,10,12,0.80,2,-1,-1
265,-1,260,119,39,54,0.90,7,-1,-1
265,-1,367,90,10,13,0.81,2,-1,-1
266,-1,258,121,40,56,0.90,7,-1,-1
266,-1,366,90,10,12,0.80,2,-1,-1
267,-1,256,123,41,56,0.91,7,-1,-1
267,-1,367,90,10,12,0.80,2,-1,-1
268,-1,254,124,42,58,0.90,7,-1,-1
268,-1,367,90,10,12,0.80,2,-1,-1
269,-1,253,125,42,60,0.90,7,-1,-1
269,-1,366,90,10,12,0.79,2,-1,-1
270,-1,250,128,43,62,0.92,7,-1,-1
270,-1,366,89,10,12,0.78,2,-1,-1
271,-1,247,128,45,64,0.91,7,-1,-1
271,-1,366,89,10,12,0.80,2,-1,-1
272,-1,244,130,46,66,0.92,7,-1,-1
272,-1,366,88,10,11,0.73,2,-1,-1
273,-1,241,131,49,68,0.91,7,-1,-1
273,-1,366,88,10,11,0.73,2,-1,-1
274,-1,237,134,50,70,0.91,7,-1,-1
274,-1,366,88,10,11,0.76,2,-1,-1
275,-1,235,135,53,73,0.91,7,-1,-1
275,-1,366,87,9,12,0.73,2,-1,-1
276,-1,231,136,53,77,0.92,7,-1,-1
276,-1,366,87,9,11,0.73,2,-1,-1
277,-1,228,138,55,78,0.91,7,-1,-1
277,-1,366,86,8,12,0.70,2,-1,-1
278,-1,223,141,59,82,0.91,7,-1,-1
278,-1,366,86,8,12,0.70,2,-1,-1
279,-1,220,143,60,85,0.92,7,-1,-1
279,-1,366,85,8,12,0.67,2,-1,-1
280,-1,214,146,64,89,0.92,7,-1,-1
280,-1,365,85,9,11,0.73,2,-1,-1
281,-1,210,149,65,92,0.92,7,-1,-1
281,-1,365,85,9,11,0.73,2,-1,-1
282,-1,203,150,69,99,0.92,7,-1,-1
282,-1,365,84,9,11,0.57,2,-1,-1
283,-1,199,153,72,103,0.92,7,-1,-1
283,-1,365,84,9,11,0.56,2,-1,-1
284,-1,191,156,76,109,0.91,7,-1,-1
284,-1,365,85,9,11,0.45,2,-1,-1
285,-1,187,158,78,114,0.92,7,-1,-1
285,-1,365,84,9,11,0.45,2,-1,-1
286,-1,178,160,84,124,0.93,7,-1,-1
286,-1,365,84,9,11,0.45,2,-1,-1
287,-1,172,163,88,130,0.92,7,-1,-1
287,-1,366,84,8,11,0.32,2,-1,-1
288,-1,160,169,96,139,0.92,7,-1,-1
288,-1,364,83,9,12,0.52,2,-1,-1
289,-1,153,172,100,148,0.92,7,-1,-1
289,-1,364,84,9,11,0.60,2,-1,-1
290,-1,140,180,110,157,0.92,7,-1,-1
290,-1,364,83,9,10,0.56,2,-1,-1
291,-1,131,181,115,169,0.93,7,-1,-1
291,-1,364,83,9,10,0.34,2,-1,-1
292,-1,116,190,126,183,0.93,7,-1,-1
292,-1,364,83,9,10,0.34,2,-1,-1
293,-1,103,192,135,199,0.93,7,-1,-1
293,-1,364,83,9,10,0.35,2,-1,-1
294,-1,80,198,152,223,0.91,7,-1,-1
294,-1,363,82,9,10,0.12,2,-1,-1
295,-1,67,204,160,238,0.90,7,-1,-1
295,-1,363,82,9,10,0.11,2,-1,-1
296,-1,43,212,174,269,0.92,7,-1,-1
296,-1,363,82,9,10,0.11,2,-1,-1
297,-1,20,220,192,288,0.92,7,-1,-1
298,-1,6,242,192,292,0.92,7,-1,-1
299,-1,6,244,188,290,0.91,7,-1,-1
300,-1,8,254,177,278,0.91,7,-1,-1
300,-1,331,87,9,10,0.23,2,-1,-1
301,-1,6,268,174,265,0.91,7,-1,-1
302,-1,-1,-1,-1,-1,-1,-1,-1,-1
303,-1,331,88,8,9,0.12,2,-1,-1
304,-1,-1,-1,-1,-1,-1,-1,-1,-1
305,-1,330,88,9,10,0.31,2,-1,-1
306,-1,-1,-1,-1,-1,-1,-1,-1,-1
307,-1,-1,-1,-1,-1,-1,-1,-1,-1
308,-1,-1,-1,-1,-1,-1,-1,-1,-1
309,-1,329,91,9,10,0.15,2,-1,-1
310,-1,329,91,8,10,0.13,2,-1,-1
311,-1,328,92,9,11,0.39,2,-1,-1
312,-1,328,93,9,11,0.28,2,-1,-1
313,-1,328,94,10,11,0.80,2,-1,-1
314,-1,328,94,10,11,0.80,2,-1,-1
315,-1,328,94,10,11,0.79,2,-1,-1
316,-1,328,95,9,11,0.74,2,-1,-1
317,-1,327,96,10,10,0.69,2,-1,-1
318,-1,328,96,9,10,0.69,2,-1,-1
319,-1,326,98,10,11,0.60,2,-1,-1
320,-1,326,98,10,12,0.77,2,-1,-1
321,-1,326,99,10,12,0.71,2,-1,-1
322,-1,325,100,11,11,0.75,2,-1,-1
323,-1,325,100,11,11,0.75,2,-1,-1
324,-1,325,102,11,12,0.66,2,-1,-1
325,-1,324,102,12,13,0.66,2,-1,-1
326,-1,324,102,12,13,0.75,2,-1,-1
327,-1,324,104,12,12,0.59,2,-1,-1
328,-1,324,104,12,13,0.59,2,-1,-1
329,-1,322,105,13,13,0.76,2,-1,-1
330,-1,322,106,13,13,0.76,2,-1,-1
331,-1,322,106,13,14,0.62,2,-1,-1
332,-1,321,108,14,14,0.79,2,-1,-1
333,-1,321,108,14,14,0.79,2,-1,-1
334,-1,321,110,14,14,0.76,2,-1,-1
335,-1,320,111,14,14,0.79,2,-1,-1
336,-1,320,112,14,14,0.80,2,-1,-1
337,-1,320,114,14,14,0.79,2,-1,-1
337,-1,322,79,8,10,0.14,2,-1,-1
338,-1,319,115,14,15,0.85,2,-1,-1
338,-1,322,80,8,9,0.17,2,-1,-1
339,-1,319,115,14,15,0.85,2,-1,-1
339,-1,322,80,8,9,0.27,2,-1,-1
340,-1,318,117,14,15,0.83,2,-1,-1
340,-1,322,82,8,9,0.44,2,-1,-1
341,-1,318,118,14,15,0.83,2,-1,-1
341,-1,322,82,8,9,0.44,2,-1,-1
342,-1,317,120,15,15,0.84,2,-1,-1
342,-1,321,82,8,9,0.47,2,-1,-1
343,-1,317,121,15,16,0.87,2,-1,-1
343,-1,321,82,8,9,0.47,2,-1,-1
344,-1,316,121,16,18,0.87,2,-1,-1
344,-1,320,83,8,10,0.57,2,-1,-1
345,-1,315,124,16,17,0.85,2,-1,-1
345,-1,320,83,8,10,0.70,2,-1,-1
346,-1,313,125,18,18,0.83,2,-1,-1
346,-1,320,84,9,10,0.71,2,-1,-1
347,-1,313,126,17,18,0.84,2,-1,-1
347,-1,320,84,8,10,0.71,2,-1,-1
348,-1,314,130,16,18,0.82,2,-1,-1
348,-1,320,84,9,10,0.72,2,-1,-1
349,-1,313,131,17,18,0.84,2,-1,-1
349,-1,320,83,8,10,0.11,2,-1,-1
350,-1,311,133,18,19,0.83,2,-1,-1
351,-1,310,134,18,20,0.85,2,-1,-1
351,-1,320,85,9,10,0.40,2,-1,-1
352,-1,308,137,19,20,0.84,2,-1,-1
352,-1,320,85,9,10,0.41,2,-1,-1
353,-1,308,138,20,20,0.85,2,-1,-1
353,-1,319,86,9,10,0.74,2,-1,-1
354,-1,306,140,21,22,0.86,2,-1,-1
354,-1,319,87,9,10,0.65,2,-1,-1
355,-1,306,142,20,22,0.84,2,-1,-1
355,-1,319,87,9,10,0.65,2,-1,-1
356,-1,304,146,20,22,0.86,2,-1,-1
356,-1,319,87,9,10,0.47,2,-1,-1
357,-1,304,149,22,22,0.85,2,-1,-1
357,-1,318,88,9,10,0.42,2,-1,-1
358,-1,303,152,21,23,0.86,2,-1,-1
358,-1,318,88,9,10,0.42,2,-1,-1
359,-1,301,154,22,24,0.88,2,-1,-1
359,-1,318,90,9,10,0.40,2,-1,-1
360,-1,300,159,23,24,0.86,2,-1,-1
360,-1,318,90,9,10,0.56,2,-1,-1
361,-1,298,162,23,24,0.88,2,-1,-1
361,-1,316,90,10,10,0.61,2,-1,-1
362,-1,296,167,24,25,0.86,2,-1,-1
362,-1,316,90,10,10,0.78,2,-1,-1
363,-1,294,170,24,26,0.86,2,-1,-1
363,-1,316,91,10,10,0.76,2,-1,-1
364,-1,292,175,26,27,0.89,2,-1,-1
364,-1,316,91,10,10,0.76,2,-1,-1
365,-1,290,178,26,28,0.89,2,-1,-1
365,-1,315,91,10,11,0.74,2,-1,-1
366,-1,287,188,27,26,0.86,2,-1,-1
366,-1,314,92,11,12,0.65,2,-1,-1
367,-1,285,189,28,30,0.88,2,-1,-1
367,-1,314,92,11,12,0.65,2,-1,-1
368,-1,281,196,30,32,0.88,2,-1,-1
368,-1,314,93,12,12,0.76,2,-1,-1
369,-1,280,202,28,32,0.89,2,-1,-1
369,-1,313,93,11,12,0.76,2,-1,-1
370,-1,274,211,31,35,0.89,2,-1,-1
370,-1,313,92,12,13,0.75,2,-1,-1
371,-1,270,217,34,36,0.89,2,-1,-1
371,-1,312,94,11,13,0.82,2,-1,-1
372,-1,265,228,35,39,0.90,2,-1,-1
372,-1,312,96,11,13,0.71,2,-1,-1
373,-1,260,235,37,42,0.90,2,-1,-1
373,-1,312,95,12,13,0.71,2,-1,-1
374,-1,253,248,40,46,0.91,2,-1,-1
374,-1,311,97,12,12,0.79,2,-1,-1
374,-1,320,84,8,8,0.31,2,-1,-1
375,-1,248,258,43,49,0.91,2,-1,-1
375,-1,312,97,11,12,0.79,2,-1,-1
375,-1,320,84,8,8,0.31,2,-1,-1
376,-1,238,276,47,54,0.92,2,-1,-1
376,-1,310,99,12,12,0.85,2,-1,-1
376,-1,320,83,8,8,0.44,2,-1,-1
377,-1,231,288,48,59,0.91,2,-1,-1
377,-1,310,99,12,12,0.85,2,-1,-1
377,-1,320,83,8,9,0.43,2,-1,-1
378,-1,218,312,56,66,0.91,2,-1,-1
378,-1,309,100,12,13,0.83,2,-1,-1
378,-1,320,84,8,9,0.17,2,-1,-1
379,-1,209,330,59,72,0.91,2,-1,-1
379,-1,309,101,12,12,0.85,2,-1,-1
379,-1,320,85,8,9,0.65,2,-1,-1
380,-1,192,360,67,85,0.92,2,-1,-1
380,-1,309,101,12,12,0.86,2,-1,-1
380,-1,329,91,8,9,0.74,2,-1,-1
380,-1,320,85,8,9,0.71,2,-1,-1
381,-1,179,384,74,96,0.92,2,-1,-1
381,-1,308,102,12,14,0.83,2,-1,-1
381,-1,329,91,9,9,0.73,2,-1,-1
381,-1,320,85,8,9,0.73,2,-1,-1
382,-1,307,102,13,14,0.84,2,-1,-1
382,-1,329,92,8,9,0.66,2,-1,-1
382,-1,320,87,7,7,0.31,2,-1,-1
383,-1,307,103,13,14,0.84,2,-1,-1
383,-1,328,92,9,9,0.35,2,-1,-1
383,-1,320,88,8,8,0.16,2,-1,-1
384,-1,306,103,13,14,0.83,2,-1,-1
385,-1,305,106,13,14,0.84,2,-1,-1
385,-1,328,94,8,10,0.18,2,-1,-1
386,-1,305,105,13,14,0.84,2,-1,-1
386,-1,328,94,9,10,0.22,2,-1,-1
387,-1,304,107,13,14,0.86,2,-1,-1
388,-1,304,107,13,14,0.86,2,-1,-1
389,-1,304,108,13,14,0.85,2,-1,-1
389,-1,328,95,9,10,0.46,2,-1,-1
389,-1,317,89,9,9,0.13,2,-1,-1
390,-1,302,109,13,14,0.85,2,-1,-1
390,-1,326,96,10,11,0.12,2,-1,-1
391,-1,302,111,13,14,0.85,2,-1,-1
391,-1,327,95,10,11,0.18,2,-1,-1
392,-1,302,112,13,14,0.86,2,-1,-1
392,-1,326,96,10,13,0.63,2,-1,-1
393,-1,301,112,14,15,0.86,2,-1,-1
393,-1,326,98,10,12,0.54,2,-1,-1
394,-1,300,114,14,15,0.86,2,-1,-1
394,-1,326,97,11,13,0.73,2,-1,-1
394,-1,316,91,9,10,0.46,2,-1,-1
395,-1,299,115,14,14,0.86,2,-1,-1
395,-1,326,98,11,13,0.73,2,-1,-1
395,-1,315,91,10,10,0.55,2,-1,-1
396,-1,298,116,14,13,0.85,2,-1,-1
396,-1,325,100,10,12,0.58,2,-1,-1
396,-1,315,91,10,10,0.40,2,-1,-1
397,-1,296,116,16,16,0.84,2,-1,-1
397,-1,314,91,10,10,0.68,2,-1,-1
397,-1,327,95,10,11,0.17,2,-1,-1
398,-1,296,117,16,16,0.84,2,-1,-1
398,-1,314,93,10,10,0.65,2,-1,-1
398,-1,326,98,11,13,0.38,2,-1,-1
399,-1,295,119,16,15,0.85,2,-1,-1
399,-1,314,93,10,10,0.59,2,-1,-1
399,-1,326,95,11,13,0.42,2,-1,-1
400,-1,294,120,16,16,0.87,2,-1,-1
400,-1,313,93,10,10,0.74,2,-1,-1
400,-1,324,101,12,14,0.69,2,-1,-1
401,-1,293,121,16,16,0.88,2,-1,-1
401,-1,313,94,10,10,0.77,2,-1,-1
401,-1,324,103,12,14,0.66,2,-1,-1
402,-1,291,122,16,17,0.87,2,-1,-1
402,-1,323,103,12,15,0.64,2,-1,-1
402,-1,314,95,9,10,0.26,2,-1,-1
403,-1,290,123,16,16,0.85,2,-1,-1
403,-1,322,104,13,15,0.59,2,-1,-1
403,-1,314,94,10,11,0.13,2,-1,-1
404,-1,288,125,18,18,0.85,2,-1,-1
404,-1,322,105,13,14,0.68,2,-1,-1
405,-1,288,126,18,17,0.85,2,-1,-1
405,-1,312,94,10,12,0.75,2,-1,-1
405,-1,322,106,13,16,0.75,2,-1,-1
406,-1,287,128,17,17,0.85,2,-1,-1
406,-1,320,107,14,16,0.78,2,-1,-1
406,-1,311,96,10,12,0.61,2,-1,-1
407,-1,286,130,16,16,0.84,2,-1,-1
407,-1,321,107,14,17,0.75,2,-1,-1
407,-1,311,97,10,12,0.59,2,-1,-1
407,-1,329,93,8,8,0.10,2,-1,-1
408,-1,284,133,17,16,0.86,2,-1,-1
408,-1,311,98,10,11,0.77,2,-1,-1
408,-1,320,108,14,17,0.75,2,-1,-1
408,-1,328,93,8,9,0.25,2,-1,-1
409,-1,282,134,18,18,0.86,2,-1,-1
409,-1,310,97,11,12,0.81,2,-1,-1
409,-1,320,110,14,17,0.76,2,-1,-1
409,-1,328,93,8,10,0.52,2,-1,-1
410,-1,280,136,18,18,0.86,2,-1,-1
410,-1,319,111,14,16,0.81,2,-1,-1
410,-1,310,98,10,11,0.76,2,-1,-1
410,-1,328,94,9,10,0.47,2,-1,-1
411,-1,279,138,18,18,0.85,2,-1,-1
411,-1,310,100,11,12,0.84,2,-1,-1
411,-1,319,112,14,16,0.81,2,-1,-1
411,-1,328,94,9,10,0.51,2,-1,-1
412,-1,277,140,18,18,0.86,2,-1,-1
412,-1,319,113,14,17,0.82,2,-1,-1
412,-1,308,101,11,12,0.71,2,-1,-1
412,-1,328,96,9,10,0.45,2,-1,-1
413,-1,276,142,18,18,0.86,2,-1,-1
413,-1,318,114,14,18,0.82,2,-1,-1
413,-1,308,102,10,12,0.78,2,-1,-1
413,-1,327,96,9,10,0.40,2,-1,-1
414,-1,273,144,19,20,0.85,2,-1,-1
414,-1,318,112,16,21,0.80,2,-1,-1
414,-1,308,102,11,12,0.76,2,-1,-1
414,-1,327,96,9,10,0.52,2,-1,-1
415,-1,272,147,18,19,0.87,2,-1,-1
415,-1,317,116,15,19,0.78,2,-1,-1
415,-1,327,96,10,10,0.54,2,-1,-1
415,-1,308,103,11,12,0.53,2,-1,-1
416,-1,269,150,19,20,0.87,2,-1,-1
416,-1,315,121,16,16,0.77,2,-1,-1
416,-1,306,104,12,13,0.76,2,-1,-1
416,-1,326,97,10,10,0.70,2,-1,-1
416,-1,320,112,13,11,0.58,2,-1,-1
417,-1,268,152,19,20,0.86,2,-1,-1
417,-1,315,120,16,18,0.79,2,-1,-1
417,-1,306,104,12,13,0.77,2,-1,-1
417,-1,326,98,10,11,0.74,2,-1,-1
417,-1,322,83,9,8,0.15,2,-1,-1
418,-1,264,155,20,21,0.88,2,-1,-1
418,-1,316,122,15,18,0.78,2,-1,-1
418,-1,326,99,10,11,0.71,2,-1,-1
418,-1,306,106,12,13,0.59,2,-1,-1
418,-1,322,83,9,9,0.26,2,-1,-1
419,-1,263,157,20,22,0.87,2,-1,-1
419,-1,314,124,16,18,0.74,2,-1,-1
419,-1,326,100,10,11,0.69,2,-1,-1
419,-1,319,115,14,12,0.62,2,-1,-1
419,-1,306,106,12,13,0.61,2,-1,-1
419,-1,322,83,8,9,0.30,2,-1,-1
420,-1,260,161,22,22,0.87,2,-1,-1
420,-1,304,106,12,13,0.85,2,-1,-1
420,-1,312,126,17,18,0.79,2,-1,-1
420,-1,326,101,10,10,0.59,2,-1,-1
420,-1,318,116,13,12,0.43,2,-1,-1
420,-1,322,83,9,9,0.28,2,-1,-1
421,-1,257,163,22,24,0.88,2,-1,-1
421,-1,304,108,12,12,0.83,2,-1,-1
421,-1,312,127,17,18,0.80,2,-1,-1
421,-1,326,101,10,11,0.59,2,-1,-1
421,-1,318,118,13,12,0.36,2,-1,-1
422,-1,254,168,22,24,0.86,2,-1,-1
422,-1,303,108,12,13,0.85,2,-1,-1
422,-1,311,131,16,17,0.80,2,-1,-1
422,-1,318,118,13,13,0.75,2,-1,-1
422,-1,325,103,10,11,0.65,2,-1,-1
422,-1,322,84,8,9,0.55,2,-1,-1
423,-1,252,170,24,24,0.90,2,-1,-1
423,-1,302,109,12,13,0.84,2,-1,-1
423,-1,310,133,17,17,0.80,2,-1,-1
423,-1,317,119,14,13,0.76,2,-1,-1
423,-1,325,103,10,11,0.68,2,-1,-1
423,-1,322,84,8,9,0.53,2,-1,-1
424,-1,248,175,24,26,0.86,2,-1,-1
424,-1,302,111,12,12,0.83,2,-1,-1
424,-1,316,121,15,14,0.83,2,-1,-1
424,-1,309,134,18,18,0.83,2,-1,-1
424,-1,324,103,12,12,0.74,2,-1,-1
424,-1,322,84,8,9,0.56,2,-1,-1
425,-1,245,178,24,26,0.88,2,-1,-1
425,-1,316,121,14,14,0.84,2,-1,-1
425,-1,307,137,17,17,0.83,2,-1,-1
425,-1,302,112,12,12,0.83,2,-1,-1
425,-1,324,104,11,12,0.72,2,-1,-1
425,-1,322,86,8,9,0.48,2,-1,-1
426,-1,240,184,26,27,0.88,2,-1,-1
426,-1,300,112,13,13,0.84,2,-1,-1
426,-1,306,140,17,18,0.84,2,-1,-1
426,-1,315,122,15,15,0.84,2,-1,-1
426,-1,324,105,11,12,0.76,2,-1,-1
426,-1,321,86,8,9,0.47,2,-1,-1
427,-1,238,187,26,28,0.88,2,-1,-1
427,-1,300,112,13,13,0.86,2,-1,-1
427,-1,304,141,18,18,0.85,2,-1,-1
427,-1,314,125,15,14,0.79,2,-1,-1
427,-1,324,106,11,12,0.75,2,-1,-1
427,-1,321,86,8,9,0.21,2,-1,-1
428,-1,232,193,28,29,0.89,2,-1,-1
428,-1,298,113,14,14,0.86,2,-1,-1
428,-1,304,143,18,20,0.85,2,-1,-1
428,-1,313,127,15,15,0.83,2,-1,-1
428,-1,323,107,12,12,0.77,2,-1,-1
428,-1,321,86,8,9,0.23,2,-1,-1
429,-1,228,197,29,31,0.89,2,-1,-1
429,-1,312,127,16,16,0.86,2,-1,-1
429,-1,304,146,17,20,0.85,2,-1,-1
429,-1,298,114,14,14,0.85,2,-1,-1
429,-1,323,107,12,12,0.79,2,-1,-1
429,-1,320,87,8,10,0.58,2,-1,-1
430,-1,222,205,30,32,0.89,2,-1,-1
430,-1,303,150,17,19,0.86,2,-1,-1
430,-1,312,129,16,16,0.85,2,-1,-1
430,-1,296,116,14,13,0.85,2,-1,-1
430,-1,322,109,12,12,0.79,2,-1,-1
430,-1,320,87,8,10,0.58,2,-1,-1
431,-1,218,210,32,33,0.90,2,-1,-1
431,-1,302,152,18,20,0.85,2,-1,-1
431,-1,296,116,14,14,0.85,2,-1,-1
431,-1,310,130,16,16,0.84,2,-1,-1
431,-1,321,110,13,12,0.79,2,-1,-1
431,-1,320,87,8,10,0.45,2,-1,-1
432,-1,211,218,33,35,0.90,2,-1,-1
432,-1,300,157,19,19,0.87,2,-1,-1
432,-1,295,118,14,13,0.84,2,-1,-1
432,-1,309,134,17,16,0.82,2,-1,-1
432,-1,321,111,13,12,0.80,2,-1,-1
432,-1,320,88,8,10,0.42,2,-1,-1
433,-1,206,224,35,38,0.89,2,-1,-1
433,-1,299,160,18,19,0.87,2,-1,-1
433,-1,308,135,17,16,0.87,2,-1,-1
433,-1,294,118,14,14,0.86,2,-1,-1
433,-1,321,111,13,12,0.81,2,-1,-1
433,-1,318,90,9,10,0.38,2,-1,-1
434,-1,197,234,38,40,0.91,2,-1,-1
434,-1,293,120,14,14,0.88,2,-1,-1
434,-1,296,163,21,21,0.87,2,-1,-1
434,-1,306,136,17,18,0.86,2,-1,-1
434,-1,320,113,13,12,0.85,2,-1,-1
434,-1,318,90,10,10,0.66,2,-1,-1
435,-1,191,241,39,42,0.90,2,-1,-1
435,-1,292,120,14,16,0.88,2,-1,-1
435,-1,294,167,22,21,0.87,2,-1,-1
435,-1,306,137,18,19,0.86,2,-1,-1
435,-1,320,114,13,12,0.85,2,-1,-1
435,-1,318,90,10,10,0.67,2,-1,-1
436,-1,180,253,43,46,0.90,2,-1,-1
436,-1,291,172,22,22,0.88,2,-1,-1
436,-1,292,122,14,15,0.87,2,-1,-1
436,-1,304,139,18,20,0.86,2,-1,-1
436,-1,320,115,13,12,0.85,2,-1,-1
436,-1,318,91,9,10,0.75,2,-1,-1
437,-1,173,262,44,49,0.90,2,-1,-1
437,-1,304,141,18,20,0.86,2,-1,-1
437,-1,289,176,23,22,0.85,2,-1,-1
437,-1,319,116,13,13,0.85,2,-1,-1
437,-1,290,124,15,14,0.84,2,-1,-1
437,-1,318,92,10,10,0.69,2,-1,-1
438,-1,159,278,49,54,0.90,2,-1,-1
438,-1,286,179,24,24,0.87,2,-1,-1
438,-1,302,143,19,22,0.86,2,-1,-1
438,-1,318,117,14,13,0.84,2,-1,-1
438,-1,289,125,15,15,0.83,2,-1,-1
438,-1,317,92,10,11,0.69,2,-1,-1
439,-1,149,288,52,60,0.92,2,-1,-1
439,-1,285,183,22,24,0.88,2,-1,-1
439,-1,302,145,20,22,0.87,2,-1,-1
439,-1,288,127,16,16,0.84,2,-1,-1
439,-1,318,119,14,14,0.83,2,-1,-1
439,-1,316,92,11,11,0.63,2,-1,-1
440,-1,133,310,56,64,0.92,2,-1,-1
440,-1,282,190,24,26,0.88,2,-1,-1
440,-1,301,150,19,21,0.86,2,-1,-1
440,-1,287,128,16,16,0.85,2,-1,-1
440,-1,316,120,15,14,0.84,2,-1,-1
440,-1,316,92,11,11,0.77,2,-1,-1
441,-1,120,326,60,68,0.92,2,-1,-1
441,-1,279,194,25,27,0.87,2,-1,-1
441,-1,316,120,15,15,0.85,2,-1,-1
441,-1,286,129,16,16,0.85,2,-1,-1
441,-1,300,152,20,22,0.85,2,-1,-1
441,-1,316,92,11,11,0.75,2,-1,-1
442,-1,98,350,66,80,0.92,2,-1,-1
442,-1,296,154,22,24,0.87,2,-1,-1
442,-1,275,203,28,28,0.87,2,-1,-1
442,-1,316,122,15,15,0.87,2,-1,-1
442,-1,284,131,16,16,0.86,2,-1,-1
442,-1,314,94,11,12,0.73,2,-1,-1
443,-1,81,371,72,86,0.92,2,-1,-1
443,-1,272,206,28,30,0.88,2,-1,-1
443,-1,316,124,14,15,0.86,2,-1,-1
443,-1,283,132,16,18,0.86,2,-1,-1
443,-1,296,157,22,24,0.85,2,-1,-1
443,-1,314,95,10,11,0.80,2,-1,-1
443,-1,327,77,7,8,0.10,2,-1,-1
444,-1,51,406,82,100,0.93,2,-1,-1
444,-1,294,161,22,26,0.89,2,-1,-1
444,-1,267,215,30,32,0.87,2,-1,-1
444,-1,281,134,16,18,0.86,2,-1,-1
444,-1,314,125,16,15,0.84,2,-1,-1
444,-1,314,95,10,11,0.80,2,-1,-1
444,-1,327,77,7,8,0.10,2,-1,-1
445,-1,292,164,23,27,0.89,2,-1,-1
445,-1,263,221,31,34,0.87,2,-1,-1
445,-1,280,135,17,18,0.85,2,-1,-1
445,-1,314,127,16,15,0.84,2,-1,-1
445,-1,313,96,11,12,0.78,2,-1,-1
446,-1,257,231,33,37,0.88,2,-1,-1
446,-1,289,170,24,26,0.87,2,-1,-1
446,-1,312,129,16,16,0.85,2,-1,-1
446,-1,278,138,17,18,0.85,2,-1,-1
446,-1,313,96,11,11,0.80,2,-1,-1
447,-1,255,240,33,39,0.88,2,-1,-1
447,-1,287,172,25,28,0.87,2,-1,-1
447,-1,276,140,18,18,0.85,2,-1,-1
447,-1,312,130,16,16,0.85,2,-1,-1
447,-1,312,96,11,11,0.80,2,-1,-1
448,-1,246,254,38,41,0.88,2,-1,-1
448,-1,285,176,26,30,0.87,2,-1,-1
448,-1,274,142,18,20,0.86,2,-1,-1
448,-1,311,132,16,16,0.84,2,-1,-1
448,-1,312,97,11,12,0.82,2,-1,-1
449,-1,284,181,26,31,0.89,2,-1,-1
449,-1,240,263,39,46,0.88,2,-1,-1
449,-1,310,131,18,19,0.86,2,-1,-1
449,-1,312,98,11,12,0.85,2,-1,-1
449,-1,272,143,18,20,0.85,2,-1,-1
450,-1,279,187,28,32,0.90,2,-1,-1
450,-1,232,280,44,52,0.88,2,-1,-1
450,-1,308,134,18,18,0.87,2,-1,-1
450,-1,270,146,19,21,0.87,2,-1,-1
450,-1,312,99,11,11,0.85,2,-1,-1
451,-1,226,292,44,57,0.90,2,-1,-1
451,-1,276,192,29,35,0.88,2,-1,-1
451,-1,268,148,19,22,0.87,2,-1,-1
451,-1,308,136,18,18,0.87,2,-1,-1
451,-1,312,100,11,12,0.82,2,-1,-1
452,-1,214,318,50,60,0.91,2,-1,-1
452,-1,272,196,31,39,0.89,2,-1,-1
452,-1,307,140,18,18,0.85,2,-1,-1
452,-1,310,101,11,11,0.85,2,-1,-1
452,-1,265,151,19,22,0.85,2,-1,-1
453,-1,204,336,53,67,0.93,2,-1,-1
453,-1,271,204,31,38,0.89,2,-1,-1
453,-1,263,153,20,22,0.87,2,-1,-1
453,-1,310,101,12,12,0.86,2,-1,-1
453,-1,306,142,18,18,0.86,2,-1,-1
454,-1,190,366,59,78,0.91,2,-1,-1
454,-1,266,213,33,40,0.89,2,-1,-1
454,-1,260,157,21,23,0.86,2,-1,-1
454,-1,304,144,19,20,0.85,2,-1,-1
454,-1,310,102,11,12,0.84,2,-1,-1
455,-1,177,392,65,87,0.92,2,-1,-1
455,-1,260,218,37,44,0.90,2,-1,-1
455,-1,304,146,19,21,0.86,2,-1,-1
455,-1,257,159,22,24,0.85,2,-1,-1
455,-1,310,102,11,12,0.84,2,-1,-1
456,-1,153,436,74,98,0.93,2,-1,-1
456,-1,255,227,38,49,0.90,2,-1,-1
456,-1,254,163,22,25,0.89,2,-1,-1
456,-1,302,150,20,21,0.86,2,-1,-1
456,-1,309,103,12,13,0.83,2,-1,-1
457,-1,252,236,38,51,0.90,2,-1,-1
457,-1,252,164,22,27,0.87,2,-1,-1
457,-1,302,154,20,19,0.84,2,-1,-1
457,-1,308,104,12,13,0.84,2,-1,-1
458,-1,243,249,44,56,0.92,2,-1,-1
458,-1,247,170,24,27,0.87,2,-1,-1
458,-1,300,158,21,20,0.87,2,-1,-1
458,-1,307,105,12,12,0.84,2,-1,-1
459,-1,236,258,47,62,0.92,2,-1,-1
459,-1,244,174,24,27,0.88,2,-1,-1
459,-1,298,160,22,21,0.85,2,-1,-1
459,-1,307,106,12,13,0.84,2,-1,-1
460,-1,228,276,50,69,0.93,2,-1,-1
460,-1,240,178,24,28,0.88,2,-1,-1
460,-1,296,162,23,24,0.87,2,-1,-1
460,-1,306,107,13,12,0.83,2,-1,-1
461,-1,220,288,54,74,0.91,2,-1,-1
461,-1,236,181,26,30,0.88,2,-1,-1
461,-1,295,165,23,24,0.85,2,-1,-1
461,-1,305,108,13,13,0.83,2,-1,-1
462,-1,206,314,60,81,0.92,2,-1,-1
462,-1,232,187,26,31,0.89,2,-1,-1
462,-1,292,169,24,26,0.89,2,-1,-1
462,-1,304,109,13,13,0.84,2,-1,-1
463,-1,198,332,63,89,0.92,2,-1,-1
463,-1,227,191,27,32,0.87,2,-1,-1
463,-1,290,173,26,26,0.87,2,-1,-1
463,-1,304,110,13,14,0.84,2,-1,-1
464,-1,179,362,73,105,0.92,2,-1,-1
464,-1,222,197,28,34,0.88,2,-1,-1
464,-1,288,178,26,27,0.88,2,-1,-1
464,-1,302,112,14,13,0.85,2,-1,-1
465,-1,166,386,78,119,0.93,2,-1,-1
465,-1,217,202,29,34,0.91,2,-1,-1
465,-1,287,182,26,28,0.87,2,-1,-1
465,-1,302,112,13,13,0.86,2,-1,-1
466,-1,210,210,31,36,0.89,2,-1,-1
466,-1,285,188,26,29,0.88,2,-1,-1
466,-1,302,114,14,13,0.86,2,-1,-1
467,-1,204,215,33,38,0.89,2,-1,-1
467,-1,282,193,28,30,0.88,2,-1,-1
467,-1,301,115,14,13,0.86,2,-1,-1
468,-1,196,224,34,40,0.90,2,-1,-1
468,-1,278,200,30,32,0.88,2,-1,-1
468,-1,300,116,14,14,0.85,2,-1,-1
469,-1,190,231,36,42,0.90,2,-1,-1
469,-1,276,205,29,34,0.88,2,-1,-1
469,-1,300,116,14,14,0.85,2,-1,-1
469,-1,322,84,8,9,0.39,2,-1,-1
470,-1,180,242,38,46,0.91,2,-1,-1
470,-1,272,215,32,36,0.88,2,-1,-1
470,-1,297,118,15,15,0.84,2,-1,-1
470,-1,321,84,9,10,0.57,2,-1,-1
471,-1,172,250,42,48,0.91,2,-1,-1
471,-1,269,221,33,38,0.90,2,-1,-1
471,-1,296,119,15,15,0.85,2,-1,-1
471,-1,321,84,9,10,0.58,2,-1,-1
472,-1,159,264,44,53,0.91,2,-1,-1
472,-1,262,232,36,41,0.89,2,-1,-1
472,-1,295,121,16,14,0.85,2,-1,-1
472,-1,321,84,9,10,0.58,2,-1,-1
473,-1,150,276,46,54,0.91,2,-1,-1
473,-1,259,240,37,44,0.91,2,-1,-1
473,-1,294,123,16,14,0.86,2,-1,-1
473,-1,322,85,9,12,0.64,2,-1,-1
474,-1,135,294,49,60,0.91,2,-1,-1
474,-1,252,253,40,48,0.90,2,-1,-1
474,-1,293,124,16,15,0.86,2,-1,-1
474,-1,322,85,9,11,0.62,2,-1,-1
475,-1,123,307,53,64,0.93,2,-1,-1
475,-1,247,263,42,52,0.90,2,-1,-1
475,-1,292,125,16,15,0.86,2,-1,-1
475,-1,321,85,10,11,0.47,2,-1,-1
476,-1,237,281,47,58,0.92,2,-1,-1
476,-1,103,330,60,73,0.92,2,-1,-1
476,-1,291,127,15,16,0.86,2,-1,-1
476,-1,321,85,10,11,0.44,2,-1,-1
477,-1,87,348,65,78,0.92,2,-1,-1
477,-1,231,293,50,64,0.91,2,-1,-1
477,-1,290,128,16,16,0.85,2,-1,-1
477,-1,320,86,10,10,0.46,2,-1,-1
478,-1,218,320,54,71,0.94,2,-1,-1
478,-1,60,380,74,89,0.92,2,-1,-1
478,-1,288,130,18,16,0.85,2,-1,-1
478,-1,320,85,9,10,0.35,2,-1,-1
479,-1,40,405,80,96,0.93,2,-1,-1
479,-1,209,338,60,78,0.91,2,-1,-1
479,-1,287,132,18,17,0.84,2,-1,-1
479,-1,320,85,9,10,0.33,2,-1,-1
480,-1,192,370,68,92,0.92,2,-1,-1
480,-1,284,134,18,18,0.86,2,-1,-1
480,-1,320,87,10,11,0.51,2,-1,-1
481,-1,179,396,74,103,0.92,2,-1,-1
481,-1,283,136,18,18,0.87,2,-1,-1
481,-1,318,90,10,10,0.53,2,-1,-1
482,-1,281,140,18,16,0.85,2,-1,-1
482,-1,318,90,10,10,0.52,2,-1,-1
482,-1,332,80,8,10,0.15,2,-1,-1
483,-1,280,140,20,18,0.85,2,-1,-1
483,-1,318,91,10,10,0.75,2,-1,-1
483,-1,332,80,8,10,0.18,2,-1,-1
484,-1,278,143,19,18,0.86,2,-1,-1
484,-1,318,91,10,10,0.76,2,-1,-1
484,-1,332,80,8,10,0.18,2,-1,-1
485,-1,276,145,19,18,0.87,2,-1,-1
485,-1,316,91,12,11,0.64,2,-1,-1
486,-1,274,149,20,18,0.86,2,-1,-1
486,-1,316,91,11,11,0.79,2,-1,-1
487,-1,272,151,20,18,0.86,2,-1,-1
487,-1,316,92,11,12,0.71,2,-1,-1
488,-1,269,154,21,20,0.87,2,-1,-1
488,-1,316,91,12,12,0.66,2,-1,-1
489,-1,267,157,22,20,0.86,2,-1,-1
489,-1,314,93,12,12,0.73,2,-1,-1
490,-1,265,161,21,20,0.86,2,-1,-1
490,-1,314,95,11,11,0.68,2,-1,-1
490,-1,331,83,8,10,0.20,2,-1,-1
491,-1,262,163,22,21,0.88,2,-1,-1
491,-1,314,96,11,10,0.58,2,-1,-1
491,-1,320,86,8,8,0.54,2,-1,-1
491,-1,331,83,8,10,0.42,2,-1,-1
492,-1,259,168,23,22,0.86,2,-1,-1
492,-1,314,96,11,11,0.70,2,-1,-1
492,-1,320,87,8,8,0.47,2,-1,-1
492,-1,331,84,8,10,0.41,2,-1,-1
493,-1,257,171,23,22,0.87,2,-1,-1
493,-1,314,96,11,11,0.78,2,-1,-1
493,-1,331,84,8,9,0.52,2,-1,-1
493,-1,320,87,8,7,0.43,2,-1,-1
494,-1,253,176,23,22,0.86,2,-1,-1
494,-1,313,97,11,12,0.82,2,-1,-1
494,-1,331,85,8,10,0.32,2,-1,-1
494,-1,320,87,8,7,0.28,2,-1,-1
495,-1,251,179,24,24,0.89,2,-1,-1
495,-1,313,97,12,12,0.82,2,-1,-1
495,-1,331,86,9,9,0.36,2,-1,-1
496,-1,246,185,25,25,0.88,2,-1,-1
496,-1,312,99,10,11,0.82,2,-1,-1
496,-1,331,87,8,9,0.27,2,-1,-1
497,-1,242,189,27,25,0.88,2,-1,-1
497,-1,312,99,11,12,0.83,2,-1,-1
497,-1,331,87,8,9,0.22,2,-1,-1
498,-1,238,195,28,27,0.88,2,-1,-1
498,-1,310,101,12,12,0.84,2,-1,-1
498,-1,331,87,8,9,0.17,2,-1,-1
499,-1,234,200,28,28,0.88,2,-1,-1
499,-1,310,101,12,12,0.84,2,-1,-1
499,-1,331,87,8,9,0.35,2,-1,-1
500,-1,228,208,29,30,0.88,2,-1,-1
500,-1,310,102,11,12,0.85,2,-1,-1
500,-1,330,87,9,10,0.61,2,-1,-1
500,-1,318,89,8,8,0.11,2,-1,-1
501,-1,223,214,30,30,0.89,2,-1,-1
501,-1,310,102,11,12,0.85,2,-1,-1
501,-1,330,87,9,10,0.61,2,-1,-1
501,-1,318,89,8,8,0.11,2,-1,-1
502,-1,216,223,34,34,0.88,2,-1,-1
502,-1,308,104,12,13,0.82,2,-1,-1
502,-1,330,87,9,10,0.53,2,-1,-1
503,-1,210,230,36,35,0.89,2,-1,-1
503,-1,309,104,12,12,0.81,2,-1,-1
503,-1,330,87,9,10,0.52,2,-1,-1
504,-1,201,242,37,38,0.90,2,-1,-1
504,-1,308,105,12,13,0.79,2,-1,-1
504,-1,330,88,10,10,0.41,2,-1,-1
504,-1,315,93,10,9,0.33,2,-1,-1
505,-1,194,250,40,40,0.90,2,-1,-1
505,-1,306,106,13,13,0.83,2,-1,-1
505,-1,316,92,10,10,0.45,2,-1,-1
505,-1,330,88,9,10,0.22,2,-1,-1
506,-1,183,264,43,45,0.90,2,-1,-1
506,-1,306,107,13,13,0.84,2,-1,-1
506,-1,316,92,10,10,0.36,2,-1,-1
506,-1,329,90,9,10,0.23,2,-1,-1
507,-1,175,275,45,48,0.91,2,-1,-1
507,-1,305,108,13,13,0.83,2,-1,-1
507,-1,328,90,10,10,0.53,2,-1,-1
507,-1,314,93,10,10,0.25,2,-1,-1
508,-1,160,294,50,53,0.91,2,-1,-1
508,-1,304,110,13,13,0.84,2,-1,-1
508,-1,328,90,10,10,0.72,2,-1,-1
508,-1,313,94,11,11,0.51,2,-1,-1
509,-1,149,309,53,57,0.91,2,-1,-1
509,-1,304,110,12,14,0.84,2,-1,-1
509,-1,328,90,10,10,0.71,2,-1,-1
509,-1,314,94,11,11,0.41,2,-1,-1
510,-1,129,334,60,65,0.92,2,-1,-1
510,-1,302,111,13,14,0.84,2,-1,-1
510,-1,328,92,10,11,0.47,2,-1,-1
510,-1,314,95,10,10,0.22,2,-1,-1
511,-1,114,352,64,72,0.92,2,-1,-1
511,-1,302,112,13,14,0.84,2,-1,-1
511,-1,327,91,10,12,0.70,2,-1,-1
511,-1,314,96,10,10,0.24,2,-1,-1
512,-1,88,385,73,83,0.92,2,-1,-1
512,-1,300,113,14,14,0.86,2,-1,-1
512,-1,327,92,10,12,0.71,2,-1,-1
512,-1,314,96,10,10,0.13,2,-1,-1
513,-1,66,412,81,93,0.92,2,-1,-1
513,-1,300,115,14,14,0.86,2,-1,-1
513,-1,327,93,10,12,0.74,2,-1,-1
514,-1,298,116,15,14,0.85,2,-1,-1
514,-1,327,93,10,12,0.82,2,-1,-1
514,-1,314,100,10,10,0.48,2,-1,-1
515,-1,298,117,15,14,0.84,2,-1,-1
515,-1,326,94,11,12,0.79,2,-1,-1
515,-1,314,101,10,10,0.57,2,-1,-1
516,-1,296,119,15,15,0.83,2,-1,-1
516,-1,326,94,11,13,0.75,2,-1,-1
516,-1,314,102,10,11,0.53,2,-1,-1
517,-1,295,119,16,15,0.86,2,-1,-1
517,-1,326,95,11,13,0.82,2,-1,-1
517,-1,314,102,10,11,0.68,2,-1,-1
518,-1,293,121,16,15,0.86,2,-1,-1
518,-1,326,96,12,12,0.82,2,-1,-1
519,-1,292,123,16,14,0.87,2,-1,-1
519,-1,326,96,12,13,0.83,2,-1,-1
519,-1,313,105,10,10,0.24,2,-1,-1
520,-1,291,125,16,16,0.85,2,-1,-1
520,-1,325,98,12,12,0.83,2,-1,-1
520,-1,313,106,10,10,0.18,2,-1,-1
521,-1,290,126,16,15,0.85,2,-1,-1
521,-1,324,98,12,12,0.83,2,-1,-1
522,-1,289,128,17,16,0.85,2,-1,-1
522,-1,324,100,12,13,0.82,2,-1,-1
522,-1,314,110,10,10,0.31,2,-1,-1
523,-1,288,128,16,16,0.85,2,-1,-1
523,-1,324,101,12,13,0.81,2,-1,-1
523,-1,314,112,11,10,0.13,2,-1,-1
524,-1,287,131,16,16,0.85,2,-1,-1
524,-1,322,102,13,14,0.79,2,-1,-1
525,-1,285,133,17,16,0.86,2,-1,-1
525,-1,322,102,13,14,0.79,2,-1,-1
526,-1,530,418,79,90,0.91,2,-1,-1
526,-1,283,135,18,18,0.87,2,-1,-1
526,-1,321,103,14,15,0.76,2,-1,-1
527,-1,520,396,74,83,0.92,2,-1,-1
527,-1,281,137,19,18,0.86,2,-1,-1
527,-1,321,103,14,15,0.77,2,-1,-1
528,-1,505,366,67,75,0.92,2,-1,-1
528,-1,280,140,18,18,0.85,2,-1,-1
528,-1,320,105,14,14,0.81,2,-1,-1
528,-1,322,83,9,9,0.44,2,-1,-1
528,-1,314,117,14,12,0.31,2,-1,-1
529,-1,497,349,61,70,0.93,2,-1,-1
529,-1,278,142,18,18,0.86,2,-1,-1
529,-1,321,106,13,14,0.81,2,-1,-1
529,-1,314,118,14,12,0.61,2,-1,-1
529,-1,322,82,10,9,0.57,2,-1,-1
530,-1,485,326,56,64,0.92,2,-1,-1
530,-1,276,145,19,18,0.87,2,-1,-1
530,-1,320,107,13,14,0.80,2,-1,-1
530,-1,314,119,14,13,0.65,2,-1,-1
530,-1,322,82,10,9,0.59,2,-1,-1
531,-1,479,307,53,68,0.92,2,-1,-1
531,-1,273,148,20,19,0.86,2,-1,-1
531,-1,312,122,14,12,0.81,2,-1,-1
531,-1,320,108,13,14,0.80,2,-1,-1
531,-1,322,84,9,9,0.18,2,-1,-1
532,-1,469,295,48,57,0.92,2,-1,-1
532,-1,272,151,20,19,0.86,2,-1,-1
532,-1,320,109,14,15,0.82,2,-1,-1
532,-1,312,124,14,13,0.80,2,-1,-1
532,-1,322,84,9,9,0.62,2,-1,-1
533,-1,463,283,46,54,0.92,2,-1,-1
533,-1,270,153,20,20,0.86,2,-1,-1
533,-1,320,110,14,14,0.83,2,-1,-1
533,-1,312,125,14,14,0.82,2,-1,-1
533,-1,321,84,9,9,0.61,2,-1,-1
534,-1,456,270,43,49,0.90,2,-1,-1
534,-1,267,157,21,20,0.86,2,-1,-1
534,-1,318,111,14,15,0.85,2,-1,-1
534,-1,311,128,15,14,0.83,2,-1,-1
534,-1,321,84,9,9,0.60,2,-1,-1
535,-1,450,261,44,47,0.90,2,-1,-1
535,-1,318,113,14,15,0.86,2,-1,-1
535,-1,265,159,21,21,0.84,2,-1,-1
535,-1,311,129,15,14,0.84,2,-1,-1
535,-1,321,84,9,9,0.65,2,-1,-1
536,-1,446,249,38,44,0.90,2,-1,-1
536,-1,262,164,22,22,0.89,2,-1,-1
536,-1,318,114,14,16,0.86,2,-1,-1
536,-1,310,131,16,14,0.84,2,-1,-1
536,-1,321,85,9,10,0.50,2,-1,-1
537,-1,441,242,38,43,0.90,2,-1,-1
537,-1,318,115,14,15,0.87,2,-1,-1
537,-1,259,167,22,22,0.86,2,-1,-1
537,-1,310,133,16,15,0.84,2,-1,-1
537,-1,320,86,10,10,0.73,2,-1,-1
538,-1,436,232,35,41,0.90,2,-1,-1
538,-1,255,172,23,22,0.88,2,-1,-1
538,-1,316,116,14,16,0.86,2,-1,-1
538,-1,308,137,17,15,0.85,2,-1,-1
538,-1,320,86,9,10,0.72,2,-1,-1
539,-1,432,228,35,38,0.89,2,-1,-1
539,-1,253,175,24,24,0.87,2,-1,-1
539,-1,316,118,14,15,0.86,2,-1,-1
539,-1,306,138,18,16,0.84,2,-1,-1
539,-1,320,86,9,10,0.50,2,-1,-1
540,-1,429,220,31,36,0.89,2,-1,-1
540,-1,315,119,15,16,0.88,2,-1,-1
540,-1,248,180,24,24,0.87,2,-1,-1
540,-1,305,141,18,17,0.85,2,-1,-1
540,-1,320,86,9,10,0.49,2,-1,-1
541,-1,245,184,26,25,0.89,2,-1,-1
541,-1,426,214,30,35,0.88,2,-1,-1
541,-1,314,120,16,17,0.86,2,-1,-1
541,-1,305,142,18,18,0.86,2,-1,-1
542,-1,422,208,28,33,0.88,2,-1,-1
542,-1,240,191,28,27,0.87,2,-1,-1
542,-1,313,122,16,17,0.87,2,-1,-1
542,-1,304,146,18,18,0.85,2,-1,-1
542,-1,319,88,9,10,0.26,2,-1,-1
543,-1,420,204,28,32,0.89,2,-1,-1
543,-1,236,196,27,28,0.87,2,-1,-1
543,-1,312,124,16,16,0.86,2,-1,-1
543,-1,303,150,18,18,0.86,2,-1,-1
543,-1,319,88,9,10,0.24,2,-1,-1
544,-1,230,202,29,30,0.89,2,-1,-1
544,-1,416,197,27,32,0.89,2,-1,-1
544,-1,311,126,16,18,0.87,2,-1,-1
544,-1,302,154,18,18,0.85,2,-1,-1
544,-1,319,88,9,10,0.58,2,-1,-1
545,-1,226,208,30,31,0.88,2,-1,-1
545,-1,415,194,26,30,0.87,2,-1,-1
545,-1,310,126,17,18,0.87,2,-1,-1
545,-1,302,159,20,18,0.86,2,-1,-1
545,-1,318,89,10,10,0.52,2,-1,-1
546,-1,218,218,32,33,0.90,2,-1,-1
546,-1,412,190,25,28,0.89,2,-1,-1
546,-1,309,129,17,18,0.87,2,-1,-1
546,-1,298,163,21,20,0.85,2,-1,-1
546,-1,318,90,10,10,0.71,2,-1,-1
547,-1,212,224,34,35,0.90,2,-1,-1
547,-1,309,131,17,18,0.87,2,-1,-1
547,-1,410,186,24,28,0.87,2,-1,-1
547,-1,297,166,22,21,0.86,2,-1,-1
547,-1,318,91,10,10,0.79,2,-1,-1
548,-1,203,234,37,38,0.90,2,-1,-1
548,-1,294,172,22,22,0.88,2,-1,-1
548,-1,308,133,18,20,0.88,2,-1,-1
548,-1,408,181,23,26,0.86,2,-1,-1
548,-1,318,91,10,10,0.78,2,-1,-1
549,-1,197,242,38,40,0.91,2,-1,-1
549,-1,406,178,22,26,0.88,2,-1,-1
549,-1,292,177,24,22,0.88,2,-1,-1
549,-1,306,135,18,20,0.87,2,-1,-1
549,-1,318,91,10,10,0.74,2,-1,-1
550,-1,185,256,42,45,0.90,2,-1,-1
550,-1,304,138,19,21,0.88,2,-1,-1
550,-1,404,174,21,26,0.87,2,-1,-1
550,-1,290,184,24,24,0.86,2,-1,-1
550,-1,317,91,10,11,0.80,2,-1,-1
551,-1,177,266,44,48,0.91,2,-1,-1
551,-1,306,140,18,19,0.87,2,-1,-1
551,-1,402,170,22,26,0.87,2,-1,-1
551,-1,288,188,25,25,0.87,2,-1,-1
551,-1,316,92,11,12,0.74,2,-1,-1
552,-1,162,285,48,53,0.92,2,-1,-1
552,-1,283,196,28,28,0.87,2,-1,-1
552,-1,401,167,21,24,0.86,2,-1,-1
552,-1,303,142,19,22,0.86,2,-1,-1
552,-1,316,92,11,12,0.74,2,-1,-1
553,-1,152,299,51,57,0.92,2,-1,-1
553,-1,280,203,29,28,0.89,2,-1,-1
553,-1,400,164,20,24,0.87,2,-1,-1
553,-1,302,144,20,23,0.86,2,-1,-1
553,-1,315,93,12,11,0.79,2,-1,-1
554,-1,133,323,56,64,0.93,2,-1,-1
554,-1,275,214,30,30,0.88,2,-1,-1
554,-1,301,148,19,22,0.88,2,-1,-1
554,-1,399,162,19,22,0.87,2,-1,-1
554,-1,314,94,11,12,0.61,2,-1,-1
555,-1,119,340,60,71,0.93,2,-1,-1
555,-1,272,222,32,33,0.88,2,-1,-1
555,-1,300,151,20,23,0.86,2,-1,-1
555,-1,398,160,19,22,0.85,2,-1,-1
555,-1,314,94,10,11,0.54,2,-1,-1
556,-1,94,373,68,82,0.93,2,-1,-1
556,-1,264,235,35,36,0.90,2,-1,-1
556,-1,296,154,22,25,0.88,2,-1,-1
556,-1,397,157,18,21,0.87,2,-1,-1
556,-1,314,95,10,11,0.72,2,-1,-1
557,-1,73,398,75,93,0.92,2,-1,-1
557,-1,259,246,37,38,0.89,2,-1,-1
557,-1,396,155,18,20,0.87,2,-1,-1
557,-1,295,157,22,26,0.87,2,-1,-1
557,-1,314,95,10,11,0.72,2,-1,-1
558,-1,250,261,40,47,0.90,2,-1,-1
558,-1,293,162,22,26,0.90,2,-1,-1
558,-1,394,152,18,20,0.86,2,-1,-1
558,-1,313,95,11,12,0.75,2,-1,-1
559,-1,244,276,44,50,0.90,2,-1,-1
559,-1,290,166,24,28,0.88,2,-1,-1
559,-1,393,152,18,19,0.87,2,-1,-1
559,-1,312,97,12,11,0.76,2,-1,-1
560,-1,231,302,49,56,0.90,2,-1,-1
560,-1,288,170,25,28,0.88,2,-1,-1
560,-1,392,148,17,19,0.86,2,-1,-1
560,-1,312,99,11,11,0.81,2,-1,-1
561,-1,222,322,52,63,0.92,2,-1,-1
561,-1,286,173,25,30,0.88,2,-1,-1
561,-1,391,146,18,18,0.86,2,-1,-1
561,-1,311,99,12,12,0.85,2,-1,-1
562,-1,204,360,61,74,0.92,2,-1,-1
562,-1,283,179,26,32,0.90,2,-1,-1
562,-1,390,144,18,18,0.87,2,-1,-1
562,-1,310,100,12,12,0.86,2,-1,-1
563,-1,189,389,68,87,0.93,2,-1,-1
563,-1,280,184,28,32,0.88,2,-1,-1
563,-1,390,144,16,17,0.87,2,-1,-1
563,-1,310,100,12,12,0.84,2,-1,-1
564,-1,276,191,30,35,0.89,2,-1,-1
564,-1,389,142,16,17,0.86,2,-1,-1
564,-1,310,102,12,12,0.85,2,-1,-1
565,-1,273,194,31,38,0.89,2,-1,-1
565,-1,388,139,17,18,0.87,2,-1,-1
565,-1,310,102,11,12,0.84,2,-1,-1
566,-1,268,204,32,40,0.90,2,-1,-1
566,-1,387,138,16,16,0.87,2,-1,-1
566,-1,310,102,12,12,0.84,2,-1,-1
567,-1,263,210,35,42,0.90,2,-1,-1
567,-1,387,136,16,17,0.87,2,-1,-1
567,-1,309,103,12,12,0.81,2,-1,-1
568,-1,256,219,38,47,0.90,2,-1,-1
568,-1,386,134,16,17,0.85,2,-1,-1
568,-1,308,104,12,12,0.82,2,-1,-1
569,-1,253,226,38,50,0.90,2,-1,-1
569,-1,386,133,16,17,0.85,2,-1,-1
569,-1,307,105,13,12,0.81,2,-1,-1
570,-1,244,239,44,55,0.91,2,-1,-1
570,-1,384,131,16,16,0.84,2,-1,-1
570,-1,306,107,13,12,0.82,2,-1,-1
570,-1,330,88,9,10,0.29,2,-1,-1
571,-1,238,249,46,59,0.91,2,-1,-1
571,-1,384,130,16,16,0.85,2,-1,-1
571,-1,306,108,14,12,0.82,2,-1,-1
571,-1,330,87,10,11,0.41,2,-1,-1
572,-1,229,266,50,66,0.93,2,-1,-1
572,-1,384,129,16,16,0.84,2,-1,-1
572,-1,306,109,13,12,0.83,2,-1,-1
572,-1,329,89,10,11,0.33,2,-1,-1
573,-1,222,279,52,72,0.91,2,-1,-1
573,-1,383,128,16,16,0.84,2,-1,-1
573,-1,304,110,14,13,0.83,2,-1,-1
573,-1,328,89,10,11,0.39,2,-1,-1
574,-1,208,304,58,80,0.91,2,-1,-1
574,-1,383,126,16,15,0.84,2,-1,-1
574,-1,303,112,14,13,0.83,2,-1,-1
574,-1,328,91,9,10,0.52,2,-1,-1
575,-1,197,320,64,90,0.92,2,-1,-1
575,-1,382,126,16,15,0.85,2,-1,-1
575,-1,303,112,14,12,0.84,2,-1,-1
575,-1,329,91,9,10,0.49,2,-1,-1
576,-1,180,352,72,106,0.93,2,-1,-1
576,-1,382,124,14,14,0.87,2,-1,-1
576,-1,302,114,13,12,0.86,2,-1,-1
576,-1,328,92,10,10,0.74,2,-1,-1
577,-1,165,380,78,118,0.93,2,-1,-1
577,-1,382,122,14,16,0.89,2,-1,-1
577,-1,301,115,14,13,0.87,2,-1,-1
577,-1,328,92,10,11,0.72,2,-1,-1
578,-1,382,122,14,15,0.87,2,-1,-1
578,-1,301,116,14,13,0.86,2,-1,-1
578,-1,328,92,10,11,0.72,2,-1,-1
579,-1,381,120,14,15,0.87,2,-1,-1
579,-1,300,116,14,13,0.85,2,-1,-1
579,-1,328,92,10,12,0.53,2,-1,-1
580,-1,380,119,14,14,0.86,2,-1,-1
580,-1,298,119,16,14,0.82,2,-1,-1
580,-1,328,92,10,13,0.64,2,-1,-1
581,-1,298,119,16,14,0.82,2,-1,-1
581,-1,379,118,14,16,0.82,2,-1,-1
581,-1,328,89,11,15,0.53,2,-1,-1
582,-1,378,117,14,14,0.85,2,-1,-1
582,-1,296,122,16,14,0.85,2,-1,-1
582,-1,328,89,11,16,0.56,2,-1,-1
583,-1,295,123,16,14,0.85,2,-1,-1
583,-1,378,116,15,15,0.85,2,-1,-1
583,-1,328,91,11,16,0.67,2,-1,-1
584,-1,378,116,15,15,0.84,2,-1,-1
584,-1,294,125,16,14,0.84,2,-1,-1
584,-1,328,92,11,14,0.66,2,-1,-1
585,-1,293,127,16,14,0.85,2,-1,-1
585,-1,378,114,14,15,0.83,2,-1,-1
585,-1,327,96,11,13,0.65,2,-1,-1
586,-1,292,129,16,14,0.86,2,-1,-1
586,-1,377,114,14,14,0.83,2,-1,-1
586,-1,326,98,11,12,0.76,2,-1,-1
586,-1,330,88,9,9,0.29,2,-1,-1
587,-1,290,130,16,14,0.85,2,-1,-1
587,-1,376,112,14,14,0.83,2,-1,-1
587,-1,326,98,10,12,0.78,2,-1,-1
587,-1,330,89,9,10,0.14,2,-1,-1
588,-1,289,132,17,15,0.85,2,-1,-1
588,-1,375,111,14,14,0.82,2,-1,-1
588,-1,327,99,10,12,0.68,2,-1,-1
588,-1,329,89,10,10,0.15,2,-1,-1
589,-1,288,134,18,16,0.84,2,-1,-1
589,-1,376,111,13,14,0.82,2,-1,-1
589,-1,326,101,10,11,0.79,2,-1,-1
589,-1,321,80,8,9,0.34,2,-1,-1
589,-1,330,89,8,7,0.12,2,-1,-1
590,-1,286,136,18,16,0.85,2,-1,-1
590,-1,376,110,13,14,0.80,2,-1,-1
590,-1,325,102,11,12,0.72,2,-1,-1
590,-1,321,79,8,10,0.31,2,-1,-1
590,-1,330,88,8,8,0.11,2,-1,-1
591,-1,284,138,19,16,0.86,2,-1,-1
591,-1,375,109,12,13,0.85,2,-1,-1
591,-1,325,102,11,12,0.67,2,-1,-1
591,-1,321,79,8,10,0.32,2,-1,-1
591,-1,330,89,8,8,0.12,2,-1,-1
592,-1,376,108,12,14,0.86,2,-1,-1
592,-1,282,142,18,15,0.85,2,-1,-1
592,-1,325,103,12,12,0.67,2,-1,-1
592,-1,328,90,10,9,0.26,2,-1,-1
593,-1,280,144,19,15,0.86,2,-1,-1
593,-1,375,108,12,13,0.78,2,-1,-1
593,-1,324,103,12,12,0.70,2,-1,-1
593,-1,328,90,10,9,0.39,2,-1,-1
593,-1,320,82,8,9,0.25,2,-1,-1
594,-1,278,147,19,16,0.85,2,-1,-1
594,-1,375,108,11,12,0.81,2,-1,-1
594,-1,324,104,12,12,0.69,2,-1,-1
594,-1,320,82,8,9,0.53,2,-1,-1
594,-1,328,90,9,9,0.47,2,-1,-1
595,-1,276,149,20,16,0.86,2,-1,-1
595,-1,374,106,12,13,0.81,2,-1,-1
595,-1,324,104,12,13,0.80,2,-1,-1
595,-1,320,82,8,9,0.52,2,-1,-1
595,-1,328,90,9,9,0.52,2,-1,-1
596,-1,274,154,20,16,0.87,2,-1,-1
596,-1,324,106,12,13,0.78,2,-1,-1
596,-1,373,105,12,13,0.77,2,-1,-1
596,-1,328,91,9,10,0.60,2,-1,-1
596,-1,320,83,8,10,0.31,2,-1,-1
597,-1,272,156,20,16,0.86,2,-1,-1
597,-1,373,105,12,12,0.81,2,-1,-1
597,-1,323,107,12,12,0.78,2,-1,-1
597,-1,328,91,9,10,0.61,2,-1,-1
597,-1,320,84,8,9,0.22,2,-1,-1
598,-1,268,161,22,16,0.87,2,-1,-1
598,-1,373,105,12,12,0.81,2,-1,-1
598,-1,322,108,13,13,0.81,2,-1,-1
598,-1,328,90,9,11,0.75,2,-1,-1
598,-1,319,84,9,9,0.71,2,-1,-1
599,-1,266,164,23,17,0.86,2,-1,-1
599,-1,322,108,13,13,0.81,2,-1,-1
599,-1,328,90,10,11,0.76,2,-1,-1
599,-1,372,104,12,12,0.71,2,-1,-1
599,-1,319,84,9,9,0.71,2,-1,-1
600,-1,263,168,23,18,0.85,2,-1,-1
600,-1,322,109,13,13,0.81,2,-1,-1
600,-1,328,92,9,10,0.79,2,-1,-1
600,-1,319,85,9,10,0.70,2,-1,-1
600,-1,371,103,12,12,0.68,2,-1,-1
601,-1,260,170,24,20,0.87,2,-1,-1
601,-1,322,110,13,13,0.81,2,-1,-1
601,-1,327,93,10,10,0.80,2,-1,-1
601,-1,372,103,12,12,0.74,2,-1,-1
601,-1,319,86,8,10,0.54,2,-1,-1
602,-1,256,177,26,20,0.86,2,-1,-1
602,-1,321,112,13,13,0.83,2,-1,-1
602,-1,328,93,9,10,0.76,2,-1,-1
602,-1,371,103,12,12,0.68,2,-1,-1
602,-1,319,87,8,9,0.60,2,-1,-1
603,-1,253,182,26,20,0.86,2,-1,-1
603,-1,321,112,13,13,0.83,2,-1,-1
603,-1,327,94,10,11,0.76,2,-1,-1
603,-1,370,102,12,12,0.65,2,-1,-1
603,-1,320,88,8,9,0.27,2,-1,-1
604,-1,248,187,28,20,0.86,2,-1,-1
604,-1,320,115,13,13,0.84,2,-1,-1
604,-1,327,94,10,11,0.77,2,-1,-1
604,-1,370,102,12,13,0.62,2,-1,-1
604,-1,320,88,8,9,0.29,2,-1,-1
605,-1,244,193,29,20,0.86,2,-1,-1
605,-1,320,116,13,13,0.83,2,-1,-1
605,-1,327,94,10,11,0.76,2,-1,-1
605,-1,370,102,12,13,0.59,2,-1,-1
606,-1,239,200,29,22,0.87,2,-1,-1
606,-1,319,116,13,13,0.83,2,-1,-1
606,-1,327,95,10,11,0.71,2,-1,-1
606,-1,370,100,12,13,0.52,2,-1,-1
607,-1,234,202,31,27,0.85,2,-1,-1
607,-1,319,117,13,14,0.83,2,-1,-1
607,-1,327,95,10,11,0.65,2,-1,-1
607,-1,370,100,12,13,0.52,2,-1,-1
608,-1,226,210,34,28,0.87,2,-1,-1
608,-1,318,119,14,14,0.84,2,-1,-1
608,-1,326,95,10,12,0.70,2,-1,-1
608,-1,370,99,12,13,0.55,2,-1,-1
608,-1,318,89,9,10,0.36,2,-1,-1
609,-1,222,216,35,30,0.86,2,-1,-1
609,-1,318,120,14,14,0.86,2,-1,-1
609,-1,326,96,11,12,0.61,2,-1,-1
609,-1,370,99,12,13,0.54,2,-1,-1
609,-1,318,90,9,10,0.34,2,-1,-1
610,-1,213,226,36,33,0.88,2,-1,-1
610,-1,318,121,14,14,0.86,2,-1,-1
610,-1,326,98,10,12,0.71,2,-1,-1
610,-1,317,90,10,10,0.58,2,-1,-1
610,-1,370,98,12,12,0.55,2,-1,-1
611,-1,206,234,39,36,0.89,2,-1,-1
611,-1,317,122,14,15,0.87,2,-1,-1
611,-1,316,90,10,11,0.73,2,-1,-1
611,-1,326,98,10,11,0.68,2,-1,-1
611,-1,369,98,12,12,0.57,2,-1,-1
612,-1,195,246,42,40,0.89,2,-1,-1
612,-1,317,125,13,14,0.84,2,-1,-1
612,-1,316,91,10,10,0.63,2,-1,-1
612,-1,325,98,11,12,0.61,2,-1,-1
612,-1,368,97,12,11,0.50,2,-1,-1
613,-1,186,254,45,44,0.90,2,-1,-1
613,-1,316,126,14,15,0.85,2,-1,-1
613,-1,325,98,11,12,0.74,2,-1,-1
613,-1,314,91,10,12,0.63,2,-1,-1
613,-1,369,96,12,11,0.41,2,-1,-1
614,-1,172,273,48,49,0.91,2,-1,-1
614,-1,314,127,16,16,0.84,2,-1,-1
614,-1,314,92,11,11,0.78,2,-1,-1
614,-1,325,100,12,12,0.72,2,-1,-1
614,-1,368,95,11,11,0.50,2,-1,-1
615,-1,160,285,52,54,0.92,2,-1,-1
615,-1,313,128,16,16,0.85,2,-1,-1
615,-1,324,100,12,12,0.77,2,-1,-1
615,-1,314,93,10,10,0.73,2,-1,-1
615,-1,368,94,10,11,0.48,2,-1,-1
616,-1,142,310,56,60,0.92,2,-1,-1
616,-1,312,130,17,16,0.86,2,-1,-1
616,-1,313,94,11,12,0.72,2,-1,-1
616,-1,324,98,12,14,0.67,2,-1,-1
616,-1,368,94,11,11,0.47,2,-1,-1
617,-1,127,330,62,65,0.93,2,-1,-1
617,-1,311,131,17,17,0.86,2,-1,-1
617,-1,314,94,10,11,0.81,2,-1,-1
617,-1,324,101,12,13,0.67,2,-1,-1
617,-1,368,94,11,11,0.47,2,-1,-1
618,-1,100,362,70,77,0.92,2,-1,-1
618,-1,310,133,17,17,0.85,2,-1,-1
618,-1,312,95,12,12,0.74,2,-1,-1
618,-1,324,101,12,13,0.73,2,-1,-1
618,-1,368,94,10,10,0.37,2,-1,-1
619,-1,80,388,77,86,0.92,2,-1,-1
619,-1,309,135,18,18,0.86,2,-1,-1
619,-1,312,96,12,12,0.76,2,-1,-1
619,-1,324,102,12,14,0.71,2,-1,-1
619,-1,368,94,10,10,0.41,2,-1,-1
620,-1,41,434,90,101,0.93,2,-1,-1
620,-1,307,137,19,18,0.86,2,-1,-1
620,-1,311,96,12,12,0.79,2,-1,-1
620,-1,323,103,12,14,0.74,2,-1,-1
620,-1,368,93,10,10,0.29,2,-1,-1
621,-1,307,139,18,18,0.85,2,-1,-1
621,-1,312,97,11,12,0.78,2,-1,-1
621,-1,322,104,13,14,0.74,2,-1,-1
621,-1,367,92,10,10,0.40,2,-1,-1
622,-1,306,141,19,19,0.86,2,-1,-1
622,-1,312,98,12,12,0.76,2,-1,-1
622,-1,322,104,13,15,0.75,2,-1,-1
622,-1,367,92,10,10,0.66,2,-1,-1
623,-1,305,142,19,20,0.86,2,-1,-1
623,-1,311,99,12,12,0.82,2,-1,-1
623,-1,322,105,14,15,0.73,2,-1,-1
623,-1,367,92,10,10,0.66,2,-1,-1
624,-1,304,146,18,18,0.85,2,-1,-1
624,-1,310,100,12,12,0.81,2,-1,-1
624,-1,322,106,14,15,0.73,2,-1,-1
624,-1,367,92,10,10,0.66,2,-1,-1
624,-1,326,96,12,13,0.43,2,-1,-1
625,-1,304,150,18,18,0.86,2,-1,-1
625,-1,310,101,12,12,0.82,2,-1,-1
625,-1,322,107,13,14,0.72,2,-1,-1
625,-1,326,99,11,10,0.52,2,-1,-1
625,-1,367,91,9,10,0.44,2,-1,-1
626,-1,302,153,18,18,0.86,2,-1,-1
626,-1,310,102,12,13,0.82,2,-1,-1
626,-1,326,98,11,12,0.69,2,-1,-1
626,-1,321,108,13,14,0.67,2,-1,-1
626,-1,367,91,9,10,0.44,2,-1,-1
627,-1,302,155,19,18,0.86,2,-1,-1
627,-1,310,102,12,12,0.82,2,-1,-1
627,-1,321,108,14,15,0.66,2,-1,-1
627,-1,367,90,9,9,0.48,2,-1,-1
628,-1,299,158,20,20,0.87,2,-1,-1
628,-1,320,109,14,16,0.75,2,-1,-1
628,-1,308,103,12,13,0.72,2,-1,-1
628,-1,367,90,9,9,0.49,2,-1,-1
628,-1,325,100,12,12,0.44,2,-1,-1
629,-1,298,160,20,20,0.86,2,-1,-1
629,-1,320,110,14,15,0.77,2,-1,-1
629,-1,308,104,12,13,0.74,2,-1,-1
629,-1,367,90,9,9,0.49,2,-1,-1
630,-1,296,163,21,21,0.87,2,-1,-1
630,-1,306,105,13,13,0.79,2,-1,-1
630,-1,320,111,14,15,0.75,2,-1,-1
630,-1,366,87,9,10,0.71,2,-1,-1
630,-1,324,103,12,10,0.16,2,-1,-1
631,-1,295,167,21,20,0.86,2,-1,-1
631,-1,306,106,13,13,0.82,2,-1,-1
631,-1,320,112,14,15,0.75,2,-1,-1
631,-1,366,87,9,10,0.70,2,-1,-1
632,-1,293,171,22,22,0.88,2,-1,-1
632,-1,305,108,13,13,0.83,2,-1,-1
632,-1,319,115,14,14,0.71,2,-1,-1
632,-1,366,87,9,10,0.70,2,-1,-1
632,-1,324,103,12,12,0.19,2,-1,-1
633,-1,291,175,22,22,0.87,2,-1,-1
633,-1,304,109,13,13,0.84,2,-1,-1
633,-1,366,87,9,10,0.71,2,-1,-1
633,-1,319,116,13,13,0.70,2,-1,-1
633,-1,323,105,12,12,0.38,2,-1,-1
634,-1,288,179,23,23,0.88,2,-1,-1
634,-1,304,110,13,13,0.85,2,-1,-1
634,-1,322,103,13,14,0.68,2,-1,-1
634,-1,319,117,14,13,0.61,2,-1,-1
634,-1,366,87,8,10,0.56,2,-1,-1
635,-1,287,183,24,24,0.86,2,-1,-1
635,-1,302,111,13,13,0.84,2,-1,-1
635,-1,318,117,14,14,0.73,2,-1,-1
635,-1,322,105,12,13,0.57,2,-1,-1
635,-1,366,87,8,9,0.25,2,-1,-1
636,-1,284,188,24,26,0.88,2,-1,-1
636,-1,302,112,14,13,0.84,2,-1,-1
636,-1,318,118,14,15,0.78,2,-1,-1
636,-1,320,104,14,15,0.73,2,-1,-1
636,-1,366,87,8,9,0.24,2,-1,-1
637,-1,282,193,26,26,0.88,2,-1,-1
637,-1,300,113,14,14,0.86,2,-1,-1
637,-1,316,118,15,16,0.80,2,-1,-1
637,-1,320,108,13,13,0.20,2,-1,-1
637,-1,364,86,9,10,0.16,2,-1,-1
638,-1,278,199,26,28,0.88,2,-1,-1
638,-1,299,115,15,14,0.85,2,-1,-1
638,-1,316,120,16,16,0.77,2,-1,-1
638,-1,318,105,13,14,0.22,2,-1,-1
639,-1,276,204,28,28,0.88,2,-1,-1
639,-1,298,116,15,14,0.83,2,-1,-1
639,-1,316,122,15,15,0.79,2,-1,-1
639,-1,319,107,14,14,0.36,2,-1,-1
640,-1,272,214,29,30,0.90,2,-1,-1
640,-1,296,117,16,14,0.84,2,-1,-1
640,-1,316,124,14,14,0.81,2,-1,-1
640,-1,319,110,13,14,0.66,2,-1,-1
641,-1,269,219,30,31,0.90,2,-1,-1
641,-1,296,118,16,15,0.84,2,-1,-1
641,-1,315,124,16,16,0.83,2,-1,-1
641,-1,320,111,13,14,0.53,2,-1,-1
642,-1,264,229,32,33,0.88,2,-1,-1
642,-1,294,120,16,16,0.87,2,-1,-1
642,-1,315,125,16,17,0.83,2,-1,-1
642,-1,319,112,14,13,0.26,2,-1,-1
643,-1,260,235,33,36,0.90,2,-1,-1
643,-1,292,122,16,15,0.88,2,-1,-1
643,-1,314,126,16,16,0.81,2,-1,-1
643,-1,318,114,14,13,0.48,2,-1,-1
644,-1,254,246,37,39,0.89,2,-1,-1
644,-1,292,125,16,15,0.87,2,-1,-1
644,-1,312,129,16,16,0.81,2,-1,-1
644,-1,317,114,14,14,0.61,2,-1,-1
645,-1,249,255,38,42,0.90,2,-1,-1
645,-1,290,126,17,15,0.85,2,-1,-1
645,-1,312,130,16,16,0.82,2,-1,-1
645,-1,317,115,14,14,0.38,2,-1,-1
646,-1,243,270,39,46,0.90,2,-1,-1
646,-1,288,127,17,16,0.84,2,-1,-1
646,-1,312,132,16,17,0.82,2,-1,-1
646,-1,315,115,14,15,0.46,2,-1,-1
647,-1,236,282,42,48,0.91,2,-1,-1
647,-1,287,129,16,16,0.85,2,-1,-1
647,-1,311,134,17,17,0.84,2,-1,-1
647,-1,314,114,15,17,0.60,2,-1,-1
648,-1,226,302,46,54,0.90,2,-1,-1
648,-1,285,132,16,16,0.86,2,-1,-1
648,-1,310,136,18,18,0.82,2,-1,-1
648,-1,314,118,16,16,0.80,2,-1,-1
649,-1,218,316,50,58,0.90,2,-1,-1
649,-1,283,134,17,16,0.86,2,-1,-1
649,-1,309,137,18,18,0.85,2,-1,-1
649,-1,314,118,15,16,0.81,2,-1,-1
650,-1,207,341,53,66,0.92,2,-1,-1
650,-1,281,136,18,17,0.86,2,-1,-1
650,-1,314,119,16,17,0.84,2,-1,-1
650,-1,308,140,18,18,0.83,2,-1,-1
651,-1,196,362,59,73,0.91,2,-1,-1
651,-1,279,138,18,17,0.85,2,-1,-1
651,-1,308,142,18,17,0.85,2,-1,-1
651,-1,314,122,15,16,0.84,2,-1,-1
652,-1,179,397,64,84,0.92,2,-1,-1
652,-1,306,144,18,18,0.86,2,-1,-1
652,-1,276,141,19,18,0.85,2,-1,-1
652,-1,312,123,16,17,0.77,2,-1,-1
653,-1,165,423,72,96,0.93,2,-1,-1
653,-1,306,146,18,18,0.86,2,-1,-1
653,-1,274,143,19,18,0.86,2,-1,-1
653,-1,311,123,17,17,0.80,2,-1,-1
654,-1,304,149,18,18,0.87,2,-1,-1
654,-1,272,147,19,18,0.86,2,-1,-1
654,-1,310,126,17,17,0.81,2,-1,-1
655,-1,270,150,20,19,0.87,2,-1,-1
655,-1,304,150,18,19,0.86,2,-1,-1
655,-1,310,126,16,18,0.81,2,-1,-1
656,-1,302,153,19,20,0.86,2,-1,-1
656,-1,266,152,21,20,0.85,2,-1,-1
656,-1,310,128,16,18,0.83,2,-1,-1
657,-1,263,156,22,20,0.87,2,-1,-1
657,-1,300,156,20,20,0.87,2,-1,-1
657,-1,309,130,16,18,0.84,2,-1,-1
657,-1,302,124,13,12,0.54,2,-1,-1
658,-1,308,133,16,18,0.87,2,-1,-1
658,-1,259,160,22,21,0.86,2,-1,-1
658,-1,298,160,20,20,0.86,2,-1,-1
658,-1,300,126,14,12,0.82,2,-1,-1
659,-1,308,135,16,18,0.87,2,-1,-1
659,-1,298,162,20,20,0.87,2,-1,-1
659,-1,256,163,23,22,0.87,2,-1,-1
659,-1,299,126,14,14,0.82,2,-1,-1
660,-1,251,168,24,24,0.87,2,-1,-1
660,-1,296,166,20,20,0.87,2,-1,-1
660,-1,306,136,17,19,0.85,2,-1,-1
660,-1,298,128,14,14,0.83,2,-1,-1
661,-1,249,172,24,24,0.88,2,-1,-1
661,-1,294,169,21,20,0.88,2,-1,-1
661,-1,306,138,16,19,0.87,2,-1,-1
661,-1,296,130,14,14,0.84,2,-1,-1
662,-1,243,177,26,26,0.90,2,-1,-1
662,-1,292,174,22,22,0.88,2,-1,-1
662,-1,304,141,16,20,0.86,2,-1,-1
662,-1,294,132,16,14,0.85,2,-1,-1
663,-1,239,182,27,26,0.87,2,-1,-1
663,-1,290,176,22,22,0.86,2,-1,-1
663,-1,304,143,16,19,0.84,2,-1,-1
663,-1,292,134,16,14,0.83,2,-1,-1
664,-1,232,187,29,29,0.89,2,-1,-1
664,-1,288,180,24,24,0.86,2,-1,-1
664,-1,302,145,17,20,0.86,2,-1,-1
664,-1,291,136,16,15,0.85,2,-1,-1
665,-1,227,193,31,30,0.89,2,-1,-1
665,-1,286,184,24,24,0.87,2,-1,-1
665,-1,300,147,19,21,0.86,2,-1,-1
665,-1,288,137,18,16,0.85,2,-1,-1
666,-1,220,200,32,33,0.89,2,-1,-1
666,-1,283,189,26,25,0.88,2,-1,-1
666,-1,300,151,17,20,0.85,2,-1,-1
666,-1,287,139,18,18,0.84,2,-1,-1
667,-1,282,192,26,26,0.89,2,-1,-1
667,-1,215,207,33,33,0.88,2,-1,-1
667,-1,298,153,19,21,0.86,2,-1,-1
667,-1,285,142,18,17,0.85,2,-1,-1
668,-1,206,217,36,36,0.90,2,-1,-1
668,-1,279,200,26,27,0.89,2,-1,-1
668,-1,282,144,18,17,0.88,2,-1,-1
668,-1,297,156,18,22,0.87,2,-1,-1
669,-1,199,225,38,38,0.90,2,-1,-1
669,-1,277,203,27,28,0.89,2,-1,-1
669,-1,280,148,18,16,0.85,2,-1,-1
669,-1,295,159,20,22,0.85,2,-1,-1
670,-1,188,238,40,41,0.90,2,-1,-1
670,-1,272,211,29,30,0.90,2,-1,-1
670,-1,292,163,21,24,0.88,2,-1,-1
670,-1,277,151,20,18,0.86,2,-1,-1
671,-1,179,247,42,44,0.91,2,-1,-1
671,-1,270,216,30,31,0.89,2,-1,-1
671,-1,275,153,20,18,0.88,2,-1,-1
671,-1,291,165,21,24,0.87,2,-1,-1
672,-1,164,263,46,50,0.91,2,-1,-1
672,-1,265,224,32,34,0.89,2,-1,-1
672,-1,289,169,22,25,0.87,2,-1,-1
672,-1,272,158,20,18,0.86,2,-1,-1
673,-1,153,276,50,54,0.92,2,-1,-1
673,-1,262,230,34,35,0.89,2,-1,-1
673,-1,287,172,22,26,0.87,2,-1,-1
673,-1,270,160,20,19,0.86,2,-1,-1
674,-1,134,298,56,60,0.92,2,-1,-1
674,-1,256,240,36,38,0.90,2,-1,-1
674,-1,284,176,24,27,0.90,2,-1,-1
674,-1,266,164,22,20,0.87,2,-1,-1
675,-1,119,316,60,67,0.93,2,-1,-1
675,-1,254,247,36,40,0.89,2,-1,-1
675,-1,281,180,25,30,0.88,2,-1,-1
675,-1,263,166,23,21,0.86,2,-1,-1
676,-1,90,346,69,78,0.92,2,-1,-1
676,-1,246,260,40,42,0.91,2,-1,-1
676,-1,279,185,25,31,0.88,2,-1,-1
676,-1,258,171,24,22,0.86,2,-1,-1
677,-1,68,369,76,88,0.92,2,-1,-1
677,-1,240,270,41,44,0.90,2,-1,-1
677,-1,276,188,26,33,0.89,2,-1,-1
677,-1,255,175,24,22,0.85,2,-1,-1
678,-1,31,414,87,106,0.93,2,-1,-1
678,-1,233,286,44,49,0.90,2,-1,-1
678,-1,272,193,28,36,0.89,2,-1,-1
678,-1,250,180,26,24,0.88,2,-1,-1
679,-1,226,298,46,52,0.91,2,-1,-1
679,-1,268,199,30,36,0.89,2,-1,-1
679,-1,247,184,26,25,0.85,2,-1,-1
680,-1,216,317,52,58,0.91,2,-1,-1
680,-1,265,208,30,37,0.89,2,-1,-1
680,-1,240,191,28,25,0.87,2,-1,-1
681,-1,208,332,54,63,0.93,2,-1,-1
681,-1,262,213,30,38,0.90,2,-1,-1
681,-1,235,194,30,28,0.86,2,-1,-1
682,-1,195,357,60,72,0.92,2,-1,-1
682,-1,256,218,34,45,0.90,2,-1,-1
682,-1,229,203,30,29,0.87,2,-1,-1
683,-1,185,376,64,79,0.92,2,-1,-1
683,-1,252,218,36,53,0.90,2,-1,-1
683,-1,223,208,31,31,0.88,2,-1,-1
684,-1,169,410,70,92,0.92,2,-1,-1
684,-1,245,235,40,50,0.89,2,-1,-1
684,-1,214,216,34,34,0.88,2,-1,-1
685,-1,242,244,40,52,0.91,2,-1,-1
685,-1,208,224,36,35,0.89,2,-1,-1
686,-1,234,256,42,59,0.92,2,-1,-1
686,-1,199,234,38,39,0.90,2,-1,-1
687,-1,228,268,44,61,0.91,2,-1,-1
687,-1,191,244,39,41,0.89,2,-1,-1
688,-1,217,285,50,68,0.91,2,-1,-1
688,-1,178,258,44,45,0.90,2,-1,-1
689,-1,211,298,52,72,0.91,2,-1,-1
689,-1,169,268,46,48,0.90,2,-1,-1
690,-1,199,319,57,82,0.92,2,-1,-1
690,-1,152,286,51,57,0.90,2,-1,-1
691,-1,190,337,62,88,0.92,2,-1,-1
691,-1,140,302,54,60,0.91,2,-1,-1
692,-1,174,367,68,100,0.93,2,-1,-1
692,-1,119,326,60,69,0.92,2,-1,-1
693,-1,103,348,65,75,0.93,2,-1,-1
693,-1,161,391,73,110,0.92,2,-1,-1
694,-1,73,380,74,90,0.92,2,-1,-1
695,-1,48,410,83,99,0.92,2,-1,-1
696,-1,-1,-1,-1,-1,-1,-1,-1,-1
697,-1,-1,-1,-1,-1,-1,-1,-1,-1
698,-1,-1,-1,-1,-1,-1,-1,-1,-1
699,-1,-1,-1,-1,-1,-1,-1,-1,-1
700,-1,-1,-1,-1,-1,-1,-1,-1,-1
701,-1,-1,-1,-1,-1,-1,-1,-1,-1
702,-1,-1,-1,-1,-1,-1,-1,-1,-1
703,-1,-1,-1,-1,-1,-1,-1,-1,-1
704,-1,-1,-1,-1,-1,-1,-1,-1,-1
705,-1,-1,-1,-1,-1,-1,-1,-1,-1
706,-1,-1,-1,-1,-1,-1,-1,-1,-1
707,-1,-1,-1,-1,-1,-1,-1,-1,-1
708,-1,-1,-1,-1,-1,-1,-1,-1,-1
709,-1,-1,-1,-1,-1,-1,-1,-1,-1
710,-1,-1,-1,-1,-1,-1,-1,-1,-1
711,-1,-1,-1,-1,-1,-1,-1,-1,-1
712,-1,-1,-1,-1,-1,-1,-1,-1,-1
713,-1,-1,-1,-1,-1,-1,-1,-1,-1
714,-1,-1,-1,-1,-1,-1,-1,-1,-1
715,-1,-1,-1,-1,-1,-1,-1,-1,-1
716,-1,-1,-1,-1,-1,-1,-1,-1,-1
717,-1,-1,-1,-1,-1,-1,-1,-1,-1
718,-1,-1,-1,-1,-1,-1,-1,-1,-1
719,-1,-1,-1,-1,-1,-1,-1,-1,-1
720,-1,-1,-1,-1,-1,-1,-1,-1,-1
721,-1,-1,-1,-1,-1,-1,-1,-1,-1
722,-1,-1,-1,-1,-1,-1,-1,-1,-1
723,-1,-1,-1,-1,-1,-1,-1,-1,-1
724,-1,-1,-1,-1,-1,-1,-1,-1,-1
725,-1,-1,-1,-1,-1,-1,-1,-1,-1
726,-1,-1,-1,-1,-1,-1,-1,-1,-1
727,-1,-1,-1,-1,-1,-1,-1,-1,-1
728,-1,-1,-1,-1,-1,-1,-1,-1,-1
729,-1,-1,-1,-1,-1,-1,-1,-1,-1
730,-1,-1,-1,-1,-1,-1,-1,-1,-1
731,-1,-1,-1,-1,-1,-1,-1,-1,-1
732,-1,-1,-1,-1,-1,-1,-1,-1,-1
733,-1,-1,-1,-1,-1,-1,-1,-1,-1
734,-1,-1,-1,-1,-1,-1,-1,-1,-1
735,-1,516,444,77,77,0.92,2,-1,-1
736,-1,502,410,70,70,0.92,2,-1,-1
737,-1,494,390,65,64,0.92,2,-1,-1
738,-1,484,362,59,60,0.91,2,-1,-1
739,-1,478,348,55,54,0.91,2,-1,-1
740,-1,468,326,52,52,0.90,2,-1,-1
741,-1,464,314,49,49,0.91,2,-1,-1
742,-1,457,296,44,46,0.90,2,-1,-1
743,-1,452,287,44,43,0.90,2,-1,-1
744,-1,446,272,41,41,0.91,2,-1,-1
745,-1,443,264,38,39,0.91,2,-1,-1
746,-1,437,253,37,36,0.89,2,-1,-1
747,-1,434,247,35,34,0.89,2,-1,-1
748,-1,431,238,34,33,0.88,2,-1,-1
749,-1,428,232,32,32,0.88,2,-1,-1
750,-1,425,224,31,32,0.87,2,-1,-1
751,-1,422,219,30,30,0.88,2,-1,-1
752,-1,528,437,84,87,0.92,2,-1,-1
752,-1,418,210,29,30,0.87,2,-1,-1
753,-1,517,414,78,79,0.92,2,-1,-1
753,-1,416,207,29,29,0.88,2,-1,-1
754,-1,504,383,70,70,0.92,2,-1,-1
754,-1,414,201,27,28,0.87,2,-1,-1
755,-1,495,364,66,65,0.92,2,-1,-1
755,-1,412,198,26,26,0.86,2,-1,-1
756,-1,484,339,60,59,0.91,2,-1,-1
756,-1,410,192,25,26,0.87,2,-1,-1
757,-1,478,325,56,56,0.90,2,-1,-1
757,-1,408,189,25,25,0.87,2,-1,-1
757,-1,326,77,8,8,0.17,2,-1,-1
758,-1,468,306,52,51,0.90,2,-1,-1
758,-1,406,182,25,26,0.85,2,-1,-1
758,-1,326,77,7,8,0.16,2,-1,-1
759,-1,464,294,48,48,0.90,2,-1,-1
759,-1,405,181,24,24,0.87,2,-1,-1
759,-1,326,77,7,8,0.16,2,-1,-1
760,-1,456,279,46,44,0.91,2,-1,-1
760,-1,403,176,23,24,0.87,2,-1,-1
761,-1,450,270,46,42,0.89,2,-1,-1
761,-1,402,175,22,22,0.86,2,-1,-1
762,-1,444,257,42,39,0.90,2,-1,-1
762,-1,400,170,22,22,0.87,2,-1,-1
763,-1,441,249,40,38,0.90,2,-1,-1
763,-1,399,167,22,22,0.86,2,-1,-1
764,-1,435,239,38,36,0.90,2,-1,-1
764,-1,398,163,21,22,0.88,2,-1,-1
765,-1,433,233,36,34,0.90,2,-1,-1
765,-1,397,162,20,22,0.88,2,-1,-1
766,-1,428,224,34,32,0.89,2,-1,-1
766,-1,395,159,21,20,0.86,2,-1,-1
767,-1,425,220,33,30,0.89,2,-1,-1
767,-1,394,158,20,20,0.86,2,-1,-1
768,-1,422,212,32,30,0.89,2,-1,-1
768,-1,393,154,19,20,0.87,2,-1,-1
769,-1,418,208,31,29,0.88,2,-1,-1
769,-1,393,154,18,18,0.86,2,-1,-1
770,-1,416,201,29,28,0.88,2,-1,-1
770,-1,391,150,18,18,0.85,2,-1,-1
771,-1,412,197,28,26,0.87,2,-1,-1
771,-1,390,148,18,18,0.86,2,-1,-1
772,-1,409,191,27,26,0.88,2,-1,-1
772,-1,389,146,18,18,0.87,2,-1,-1
773,-1,388,145,18,17,0.88,2,-1,-1
773,-1,407,188,26,25,0.87,2,-1,-1
774,-1,404,182,26,25,0.87,2,-1,-1
774,-1,387,143,18,17,0.86,2,-1,-1
774,-1,322,80,8,8,0.32,2,-1,-1
775,-1,402,179,25,24,0.88,2,-1,-1
775,-1,387,142,17,16,0.86,2,-1,-1
775,-1,322,80,8,8,0.29,2,-1,-1
776,-1,400,175,24,24,0.86,2,-1,-1
776,-1,386,139,17,16,0.85,2,-1,-1
776,-1,322,81,8,8,0.27,2,-1,-1
777,-1,398,172,23,23,0.87,2,-1,-1
777,-1,385,138,17,16,0.86,2,-1,-1
777,-1,322,81,8,8,0.26,2,-1,-1
778,-1,395,168,23,22,0.87,2,-1,-1
778,-1,384,134,17,17,0.84,2,-1,-1
778,-1,322,81,8,9,0.40,2,-1,-1
779,-1,393,166,23,22,0.86,2,-1,-1
779,-1,384,134,16,16,0.83,2,-1,-1
779,-1,321,82,9,9,0.56,2,-1,-1
780,-1,392,162,21,20,0.88,2,-1,-1
780,-1,383,132,16,16,0.83,2,-1,-1
780,-1,321,82,9,9,0.57,2,-1,-1
781,-1,390,160,21,20,0.87,2,-1,-1
781,-1,382,131,16,16,0.85,2,-1,-1
781,-1,321,82,9,9,0.40,2,-1,-1
782,-1,388,156,21,20,0.88,2,-1,-1
782,-1,381,129,16,15,0.86,2,-1,-1
782,-1,321,82,9,9,0.39,2,-1,-1
783,-1,387,154,20,20,0.87,2,-1,-1
783,-1,382,129,16,15,0.85,2,-1,-1
783,-1,320,83,9,10,0.56,2,-1,-1
784,-1,384,152,20,19,0.86,2,-1,-1
784,-1,381,128,16,14,0.84,2,-1,-1
784,-1,320,84,9,9,0.39,2,-1,-1
785,-1,384,150,18,18,0.87,2,-1,-1
785,-1,379,126,17,15,0.84,2,-1,-1
785,-1,320,84,9,10,0.60,2,-1,-1
786,-1,383,147,18,18,0.86,2,-1,-1
786,-1,380,125,16,14,0.84,2,-1,-1
786,-1,320,84,9,10,0.60,2,-1,-1
787,-1,381,144,20,19,0.84,2,-1,-1
787,-1,378,124,16,14,0.79,2,-1,-1
787,-1,320,84,9,10,0.42,2,-1,-1
788,-1,378,141,20,19,0.83,2,-1,-1
788,-1,378,123,16,13,0.76,2,-1,-1
788,-1,320,85,9,10,0.58,2,-1,-1
789,-1,377,136,20,22,0.80,2,-1,-1
789,-1,320,85,9,10,0.57,2,-1,-1
789,-1,378,122,17,13,0.48,2,-1,-1
790,-1,376,132,19,24,0.79,2,-1,-1
790,-1,320,86,9,10,0.33,2,-1,-1
790,-1,376,120,17,14,0.24,2,-1,-1
791,-1,375,133,19,22,0.81,2,-1,-1
791,-1,376,120,16,12,0.45,2,-1,-1
791,-1,320,86,9,10,0.37,2,-1,-1
792,-1,374,130,19,22,0.82,2,-1,-1
792,-1,319,87,9,10,0.40,2,-1,-1
792,-1,376,119,16,12,0.39,2,-1,-1
793,-1,374,132,18,18,0.85,2,-1,-1
793,-1,376,117,15,13,0.71,2,-1,-1
793,-1,318,87,10,10,0.54,2,-1,-1
794,-1,372,128,18,20,0.83,2,-1,-1
794,-1,318,87,10,10,0.53,2,-1,-1
794,-1,374,117,16,13,0.28,2,-1,-1
795,-1,372,126,17,21,0.83,2,-1,-1
795,-1,318,88,10,10,0.62,2,-1,-1
796,-1,371,122,17,22,0.83,2,-1,-1
796,-1,317,88,10,11,0.50,2,-1,-1
797,-1,370,123,16,20,0.82,2,-1,-1
797,-1,317,88,10,11,0.58,2,-1,-1
797,-1,374,113,14,13,0.28,2,-1,-1
798,-1,369,123,16,18,0.79,2,-1,-1
798,-1,317,89,10,11,0.71,2,-1,-1
798,-1,374,113,14,14,0.51,2,-1,-1
799,-1,369,121,16,19,0.80,2,-1,-1
799,-1,316,90,10,11,0.69,2,-1,-1
800,-1,368,119,17,20,0.82,2,-1,-1
800,-1,315,90,11,12,0.74,2,-1,-1
801,-1,368,118,17,18,0.83,2,-1,-1
801,-1,315,90,11,12,0.73,2,-1,-1
802,-1,367,118,16,17,0.83,2,-1,-1
802,-1,314,91,11,11,0.81,2,-1,-1
803,-1,367,116,16,18,0.83,2,-1,-1
803,-1,314,92,11,12,0.79,2,-1,-1
804,-1,366,115,15,17,0.83,2,-1,-1
804,-1,314,92,11,12,0.78,2,-1,-1
805,-1,366,112,16,19,0.83,2,-1,-1
805,-1,314,92,11,12,0.77,2,-1,-1
806,-1,364,112,16,18,0.81,2,-1,-1
806,-1,314,93,11,12,0.69,2,-1,-1
807,-1,364,111,16,18,0.80,2,-1,-1
807,-1,314,93,11,13,0.71,2,-1,-1
808,-1,312,94,12,12,0.81,2,-1,-1
808,-1,363,110,16,17,0.79,2,-1,-1
809,-1,363,110,16,16,0.79,2,-1,-1
809,-1,312,95,11,12,0.78,2,-1,-1
810,-1,362,109,16,17,0.78,2,-1,-1
810,-1,312,96,12,13,0.70,2,-1,-1
811,-1,362,109,16,16,0.80,2,-1,-1
811,-1,312,96,12,13,0.80,2,-1,-1
812,-1,361,108,15,15,0.80,2,-1,-1
812,-1,312,96,12,13,0.79,2,-1,-1
813,-1,311,96,12,14,0.76,2,-1,-1
813,-1,361,106,16,16,0.72,2,-1,-1
814,-1,310,98,12,13,0.82,2,-1,-1
814,-1,360,106,16,16,0.79,2,-1,-1
815,-1,309,99,13,14,0.79,2,-1,-1
815,-1,366,101,14,13,0.60,2,-1,-1
816,-1,309,100,12,14,0.82,2,-1,-1
816,-1,360,105,14,14,0.76,2,-1,-1
817,-1,309,100,13,14,0.85,2,-1,-1
817,-1,360,105,14,14,0.79,2,-1,-1
818,-1,308,102,13,14,0.80,2,-1,-1
818,-1,360,104,13,14,0.71,2,-1,-1
819,-1,308,101,13,14,0.79,2,-1,-1
819,-1,359,103,12,13,0.78,2,-1,-1
819,-1,366,98,12,10,0.54,2,-1,-1
820,-1,306,102,14,15,0.82,2,-1,-1
820,-1,359,103,12,13,0.78,2,-1,-1
820,-1,367,98,12,10,0.54,2,-1,-1
821,-1,306,103,14,14,0.80,2,-1,-1
821,-1,359,102,12,14,0.75,2,-1,-1
822,-1,306,104,14,14,0.83,2,-1,-1
822,-1,358,101,11,13,0.76,2,-1,-1
822,-1,366,96,11,10,0.56,2,-1,-1
823,-1,305,105,14,15,0.84,2,-1,-1
823,-1,358,100,11,13,0.76,2,-1,-1
823,-1,366,96,11,10,0.60,2,-1,-1
824,-1,305,106,14,14,0.85,2,-1,-1
824,-1,358,100,11,12,0.72,2,-1,-1
824,-1,366,95,10,10,0.67,2,-1,-1
825,-1,304,108,14,14,0.85,2,-1,-1
825,-1,358,100,10,12,0.72,2,-1,-1
825,-1,366,95,10,10,0.67,2,-1,-1
826,-1,304,109,13,14,0.85,2,-1,-1
826,-1,358,100,10,12,0.73,2,-1,-1
826,-1,366,94,10,10,0.69,2,-1,-1
827,-1,303,110,13,14,0.85,2,-1,-1
827,-1,366,93,10,10,0.65,2,-1,-1
827,-1,358,99,10,12,0.65,2,-1,-1
828,-1,301,111,14,14,0.84,2,-1,-1
828,-1,358,98,11,12,0.74,2,-1,-1
829,-1,301,112,14,14,0.86,2,-1,-1
829,-1,358,98,10,11,0.74,2,-1,-1
829,-1,366,93,10,9,0.73,2,-1,-1
830,-1,300,113,14,14,0.87,2,-1,-1
830,-1,358,96,10,12,0.69,2,-1,-1
830,-1,365,92,10,9,0.69,2,-1,-1
831,-1,299,114,15,15,0.86,2,-1,-1
831,-1,358,95,11,12,0.71,2,-1,-1
832,-1,298,115,15,14,0.85,2,-1,-1
832,-1,358,94,10,12,0.76,2,-1,-1
833,-1,297,115,16,15,0.85,2,-1,-1
833,-1,358,94,11,12,0.71,2,-1,-1
834,-1,295,117,16,15,0.84,2,-1,-1
834,-1,358,94,11,12,0.71,2,-1,-1
835,-1,295,118,16,16,0.85,2,-1,-1
835,-1,357,93,11,11,0.71,2,-1,-1
835,-1,365,90,9,9,0.37,2,-1,-1
836,-1,294,119,16,16,0.86,2,-1,-1
836,-1,357,93,11,11,0.66,2,-1,-1
836,-1,365,89,9,9,0.12,2,-1,-1
837,-1,293,120,16,16,0.87,2,-1,-1
837,-1,357,92,11,11,0.53,2,-1,-1
838,-1,292,122,16,16,0.87,2,-1,-1
838,-1,357,92,10,10,0.54,2,-1,-1
838,-1,364,89,9,9,0.30,2,-1,-1
839,-1,291,124,16,16,0.85,2,-1,-1
839,-1,357,92,10,10,0.55,2,-1,-1
839,-1,364,89,9,9,0.20,2,-1,-1
840,-1,290,126,16,16,0.85,2,-1,-1
840,-1,358,92,10,10,0.52,2,-1,-1
841,-1,288,127,17,16,0.85,2,-1,-1
841,-1,356,91,11,10,0.54,2,-1,-1
841,-1,364,88,9,9,0.45,2,-1,-1
841,-1,336,74,8,9,0.10,2,-1,-1
842,-1,287,129,17,16,0.85,2,-1,-1
842,-1,356,91,10,10,0.47,2,-1,-1
842,-1,364,88,9,9,0.30,2,-1,-1
843,-1,286,130,17,16,0.85,2,-1,-1
843,-1,356,90,10,10,0.50,2,-1,-1
844,-1,284,133,17,16,0.86,2,-1,-1
844,-1,356,90,10,10,0.58,2,-1,-1
844,-1,335,74,8,10,0.15,2,-1,-1
845,-1,284,134,17,17,0.87,2,-1,-1
845,-1,358,88,10,9,0.38,2,-1,-1
845,-1,335,75,8,9,0.12,2,-1,-1
846,-1,281,136,18,18,0.86,2,-1,-1
846,-1,357,88,10,9,0.49,2,-1,-1
846,-1,335,75,8,9,0.13,2,-1,-1
847,-1,280,138,19,18,0.86,2,-1,-1
847,-1,357,88,10,9,0.51,2,-1,-1
847,-1,335,75,8,9,0.13,2,-1,-1
848,-1,278,140,19,19,0.86,2,-1,-1
848,-1,357,87,10,9,0.44,2,-1,-1
849,-1,277,142,19,19,0.87,2,-1,-1
849,-1,357,87,10,9,0.44,2,-1,-1
850,-1,276,145,18,18,0.87,2,-1,-1
850,-1,357,86,10,10,0.42,2,-1,-1
851,-1,274,147,19,18,0.87,2,-1,-1
851,-1,357,86,10,10,0.36,2,-1,-1
852,-1,272,150,20,20,0.87,2,-1,-1
852,-1,357,86,10,10,0.35,2,-1,-1
853,-1,270,152,20,20,0.86,2,-1,-1
853,-1,359,84,10,10,0.25,2,-1,-1
854,-1,268,156,20,20,0.87,2,-1,-1
854,-1,360,83,10,9,0.12,2,-1,-1
855,-1,266,159,20,20,0.86,2,-1,-1
855,-1,359,83,10,9,0.13,2,-1,-1
856,-1,262,162,22,21,0.88,2,-1,-1
857,-1,261,164,22,22,0.89,2,-1,-1
857,-1,356,83,9,8,0.13,2,-1,-1
858,-1,257,168,23,22,0.85,2,-1,-1
858,-1,356,83,9,8,0.13,2,-1,-1
859,-1,255,172,23,22,0.88,2,-1,-1
859,-1,355,84,9,8,0.26,2,-1,-1
860,-1,251,176,24,24,0.87,2,-1,-1
860,-1,355,83,8,8,0.18,2,-1,-1
861,-1,248,179,25,24,0.88,2,-1,-1
861,-1,355,83,8,8,0.18,2,-1,-1
862,-1,243,184,26,26,0.89,2,-1,-1
862,-1,355,83,8,8,0.12,2,-1,-1
863,-1,240,188,27,26,0.87,2,-1,-1
864,-1,234,194,29,28,0.87,2,-1,-1
865,-1,231,198,29,29,0.89,2,-1,-1
865,-1,332,84,9,9,0.22,2,-1,-1
865,-1,355,82,9,8,0.15,2,-1,-1
866,-1,225,204,30,30,0.88,2,-1,-1
866,-1,332,84,8,10,0.13,2,-1,-1
866,-1,355,82,8,8,0.13,2,-1,-1
867,-1,221,210,31,31,0.90,2,-1,-1
867,-1,332,84,9,10,0.26,2,-1,-1
868,-1,213,218,33,32,0.90,2,-1,-1
868,-1,332,84,9,10,0.25,2,-1,-1
869,-1,208,224,34,34,0.89,2,-1,-1
869,-1,331,84,10,11,0.31,2,-1,-1
870,-1,200,234,36,36,0.90,2,-1,-1
870,-1,330,86,10,10,0.65,2,-1,-1
871,-1,193,240,38,39,0.90,2,-1,-1
871,-1,330,86,10,10,0.65,2,-1,-1
872,-1,182,251,41,44,0.90,2,-1,-1
872,-1,330,86,10,11,0.74,2,-1,-1
873,-1,175,260,44,45,0.90,2,-1,-1
873,-1,330,86,10,11,0.75,2,-1,-1
874,-1,162,276,46,49,0.91,2,-1,-1
874,-1,330,86,10,11,0.75,2,-1,-1
875,-1,152,287,50,52,0.91,2,-1,-1
875,-1,330,86,10,11,0.75,2,-1,-1
876,-1,136,306,55,58,0.93,2,-1,-1
876,-1,330,87,10,10,0.64,2,-1,-1
877,-1,124,320,59,62,0.92,2,-1,-1
877,-1,329,88,10,10,0.69,2,-1,-1
878,-1,104,346,64,69,0.93,2,-1,-1
878,-1,329,88,10,10,0.70,2,-1,-1
879,-1,89,364,68,76,0.92,2,-1,-1
879,-1,328,89,10,11,0.68,2,-1,-1
880,-1,61,396,77,87,0.92,2,-1,-1
880,-1,328,89,12,12,0.81,2,-1,-1
881,-1,40,420,83,97,0.93,2,-1,-1
881,-1,328,89,12,12,0.81,2,-1,-1
882,-1,328,89,11,12,0.79,2,-1,-1
883,-1,328,90,11,12,0.81,2,-1,-1
884,-1,328,91,11,12,0.80,2,-1,-1
885,-1,328,92,10,12,0.77,2,-1,-1
886,-1,327,92,12,13,0.82,2,-1,-1
887,-1,327,92,11,13,0.82,2,-1,-1
888,-1,327,94,11,12,0.80,2,-1,-1
889,-1,327,94,11,12,0.83,2,-1,-1
890,-1,326,95,11,12,0.83,2,-1,-1
891,-1,326,96,12,12,0.82,2,-1,-1
892,-1,326,97,12,13,0.84,2,-1,-1
893,-1,326,97,12,13,0.84,2,-1,-1
894,-1,325,98,13,14,0.84,2,-1,-1
895,-1,324,99,13,13,0.84,2,-1,-1
896,-1,324,100,13,14,0.83,2,-1,-1
897,-1,324,101,13,14,0.84,2,-1,-1
898,-1,324,102,13,14,0.84,2,-1,-1
899,-1,323,102,14,14,0.83,2,-1,-1
900,-1,322,103,14,15,0.82,2,-1,-1
