2,0,358,96,14,14,0.81,2,1,250,2232,0,-200,1
3,0,358,96,13,14,0.79,2,2,250,2215,-4,-166,1
4,0,358,94,14,14,0.82,2,3,250,2196,4,-177,1
5,0,359,95,12,12,0.79,2,4,250,2176,6,-187,1
6,0,358,92,13,14,0.82,2,5,250,2155,5,-193,1
7,0,358,92,12,12,0.81,2,6,250,2125,5,-214,1
8,0,358,89,12,14,0.76,2,7,251,2097,5,-225,1
9,0,358,89,12,12,0.73,2,8,251,2064,6,-240,1
10,0,358,88,12,13,0.73,2,9,251,2039,6,-241,1
11,0,358,89,12,11,0.71,2,10,252,2014,6,-242,1
12,0,358,89,12,10,0.65,2,11,252,1989,6,-242,1
13,0,358,86,12,12,0.66,2,12,252,1964,6,-243,1
14,0,358,86,12,12,0.68,2,13,253,1944,6,-240,1
15,0,358,84,11,12,0.53,2,14,253,1917,6,-242,1
16,0,358,83,11,12,0.60,2,15,254,1891,6,-244,1
17,0,359,84,10,10,0.44,2,16,255,1864,7,-246,1
18,0,359,82,10,10,0.47,2,17,255,1832,7,-250,1
19,0,358,82,10,10,0.27,2,18,256,1804,7,-252,1
23,0,360,83,10,8,0.22,2,19,258,1711,7,-248,1
24,0,360,80,10,9,0.12,2,20,259,1686,8,-248,1
25,0,360,80,10,9,0.12,2,21,260,1663,8,-247,1
26,0,361,80,9,9,0.36,2,22,261,1644,8,-245,1
28,0,362,78,9,8,0.28,2,23,262,1592,9,-246,1
29,0,362,78,9,8,0.32,2,24,263,1568,9,-246,1
42,1,332,84,10,10,0.52,2,1,191,1845,0,200,1
43,1,332,84,10,10,0.53,2,2,191,1863,0,185,1
44,1,330,85,11,12,0.62,2,3,191,1895,-15,252,1
45,1,330,85,12,12,0.61,2,4,190,1925,-10,266,1
46,1,330,86,10,11,0.39,2,5,190,1944,-11,247,1
47,1,330,86,11,12,0.70,2,6,189,1965,-9,239,1
48,1,329,88,11,11,0.70,2,7,189,1987,-9,237,1
49,1,328,89,11,12,0.63,2,8,189,2020,-10,251,1
50,1,328,90,12,12,0.68,2,9,188,2050,-9,257,1
51,1,328,90,12,12,0.70,2,10,187,2071,-9,251,1
52,1,327,92,12,12,0.76,2,11,187,2099,-9,254,1
53,1,326,93,12,12,0.81,2,12,186,2126,-9,255,1
54,1,326,93,12,14,0.80,2,13,186,2157,-9,260,1
55,1,326,94,12,14,0.79,2,14,185,2185,-8,261,1
56,1,326,95,12,14,0.79,2,15,184,2211,-8,262,1
57,1,326,96,12,14,0.80,2,16,184,2236,-8,261,1
58,1,325,97,13,14,0.80,2,17,183,2259,-7,259,1
59,1,325,98,12,14,0.80,2,18,183,2282,-7,257,1
60,1,325,99,13,14,0.83,2,19,182,2304,-7,255,1
61,1,324,100,14,15,0.84,2,20,182,2328,-7,254,1
62,1,324,102,14,15,0.85,2,21,181,2353,-6,254,1
63,1,324,102,14,15,0.85,2,22,181,2374,-6,252,1
64,1,323,104,14,16,0.83,2,23,181,2400,-6,252,1
65,1,323,104,14,16,0.83,2,24,180,2421,-6,250,1
66,1,323,106,14,16,0.84,2,25,180,2443,-5,249,1
67,1,322,108,15,16,0.85,2,26,179,2467,-5,249,1
68,1,321,110,16,16,0.84,2,27,179,2490,-5,248,1
69,1,322,110,16,16,0.84,2,28,179,2511,-5,247,1
70,1,321,112,16,17,0.84,2,29,179,2534,-5,246,1
71,1,320,113,16,18,0.85,2,30,178,2557,-5,245,1
72,1,320,115,16,18,0.85,2,31,178,2580,-5,245,1
73,1,320,117,16,18,0.84,2,32,178,2602,-4,244,1
74,1,320,119,16,18,0.85,2,33,178,2625,-4,244,1
75,1,320,121,16,18,0.85,2,34,177,2647,-4,243,1
76,1,319,123,16,19,0.86,2,35,177,2671,-4,243,1
77,1,319,124,16,20,0.86,2,36,177,2693,-4,242,1
78,1,319,127,16,20,0.86,2,37,177,2717,-4,242,1
79,1,318,129,16,20,0.86,2,38,177,2739,-4,242,1
80,1,317,132,17,20,0.86,2,39,177,2762,-4,241,1
80,2,329,77,10,10,0.38,2,1,181,1605,0,200,1
81,1,316,133,18,22,0.87,2,40,176,2785,-3,241,1
81,2,329,77,10,10,0.35,2,2,181,1624,1,190,1
82,1,316,137,18,21,0.86,2,41,176,2807,-3,241,1
82,2,328,78,10,10,0.30,2,3,181,1643,-10,191,1
83,1,315,140,18,21,0.87,2,42,176,2830,-3,240,1
83,2,328,78,10,10,0.25,2,4,181,1656,-9,173,1
84,1,314,143,19,22,0.87,2,43,176,2853,-3,240,1
84,2,328,79,10,10,0.39,2,5,181,1676,-7,178,1
85,1,313,144,20,23,0.85,2,44,176,2875,-3,239,1
85,2,327,79,10,10,0.42,2,6,180,1688,-9,168,1
86,1,312,148,20,24,0.88,2,45,176,2898,-3,239,1
86,2,326,80,10,10,0.46,2,7,180,1709,-11,173,1
87,1,311,152,20,24,0.87,2,46,176,2920,-3,239,1
87,2,326,80,10,10,0.44,2,8,179,1722,-11,168,1
88,1,310,156,21,25,0.88,2,47,176,2944,-3,239,1
88,2,326,83,10,8,0.34,2,9,179,1742,-10,172,1
89,1,309,159,21,26,0.87,2,48,175,2967,-3,239,1
89,2,326,82,10,9,0.33,2,10,178,1756,-10,169,1
90,1,308,164,21,26,0.89,2,49,175,2990,-3,238,1
90,2,325,83,10,8,0.33,2,11,177,1767,-10,162,1
91,1,308,167,21,28,0.88,2,50,175,3013,-3,238,1
91,2,325,84,10,8,0.27,2,12,177,1783,-9,162,1
92,1,306,172,22,28,0.88,2,51,175,3036,-3,238,1
92,2,324,84,10,8,0.30,2,13,176,1795,-10,159,1
93,1,305,176,23,30,0.88,2,52,175,3058,-3,238,1
93,2,324,85,10,8,0.32,2,14,175,1811,-10,159,1
94,1,304,182,23,30,0.88,2,53,175,3081,-3,238,1
94,2,323,85,12,10,0.32,2,15,175,1838,-9,167,1
95,1,303,187,24,30,0.89,2,54,174,3103,-3,237,1
95,2,322,85,12,10,0.39,2,16,174,1859,-9,170,1
96,1,301,193,25,33,0.90,2,55,174,3126,-3,237,1
96,2,322,86,11,10,0.36,2,17,173,1881,-9,173,1
97,1,300,198,26,34,0.90,2,56,174,3148,-3,237,1
97,2,321,86,12,10,0.33,2,18,172,1900,-9,174,1
98,1,298,207,26,36,0.89,2,57,174,3171,-3,237,1
98,2,321,88,12,10,0.36,2,19,172,1925,-9,178,1
99,1,296,212,27,38,0.90,2,58,174,3194,-3,237,1
99,2,320,88,12,10,0.43,2,20,171,1945,-9,179,1
100,1,294,222,29,40,0.90,2,59,174,3217,-3,236,1
100,2,323,95,14,16,0.75,2,21,170,2046,-7,221,1
101,1,291,229,30,42,0.90,2,60,174,3240,-3,236,1
101,2,320,90,12,10,0.24,2,22,170,2059,-7,217,1
102,1,288,240,32,45,0.90,2,61,173,3263,-3,236,1
102,2,320,90,13,12,0.25,2,23,169,2078,-7,215,1
103,1,285,248,34,48,0.90,2,62,173,3285,-3,236,1
103,2,318,90,12,10,0.39,2,24,169,2088,-7,210,1
104,1,282,263,35,50,0.91,2,63,173,3309,-3,236,1
104,2,317,90,12,12,0.37,2,25,168,2103,-8,208,1
104,3,322,103,13,14,0.80,2,1,176,2354,0,200,1
105,1,278,273,37,54,0.90,2,64,173,3331,-3,236,1
105,2,317,92,11,10,0.57,2,26,168,2115,-8,204,1
105,3,321,104,14,14,0.75,2,2,176,2373,-6,191,1
106,1,273,290,40,59,0.91,2,65,173,3355,-3,236,1
106,2,316,92,12,11,0.67,2,27,167,2129,-8,202,1
106,3,321,106,14,14,0.78,2,3,176,2397,-2,212,1
107,1,270,304,42,63,0.90,2,66,173,3377,-2,236,1
107,2,316,93,12,11,0.67,2,28,166,2144,-8,200,1
107,3,320,106,14,15,0.78,2,4,176,2417,-5,209,1
108,1,263,326,46,70,0.92,2,67,172,3401,-2,236,1
108,2,315,93,12,12,0.71,2,29,165,2159,-8,198,1
108,3,320,109,14,15,0.81,2,5,175,2448,-4,236,1
109,1,257,342,50,78,0.91,2,68,172,3424,-2,235,1
109,2,315,94,12,12,0.72,2,30,165,2176,-8,197,1
109,3,320,110,14,15,0.79,2,6,175,2472,-3,236,1
110,1,249,370,54,90,0.90,2,69,172,3447,-2,235,1
110,2,314,95,12,12,0.70,2,31,164,2192,-8,196,1
110,3,319,112,14,16,0.79,2,7,175,2502,-3,247,1
111,1,242,392,58,101,0.92,2,70,172,3470,-2,235,1
111,2,314,96,12,12,0.67,2,32,163,2209,-8,195,1
111,3,319,114,14,15,0.81,2,8,175,2526,-3,245,1
112,2,313,96,13,12,0.70,2,33,162,2224,-8,194,1
112,3,318,116,14,16,0.85,2,9,175,2553,-3,249,1
113,2,312,96,13,13,0.71,2,34,161,2240,-8,193,1
113,3,318,118,14,17,0.84,2,10,175,2583,-3,255,1
114,2,312,97,13,14,0.75,2,35,160,2258,-8,192,1
114,3,316,121,16,16,0.85,2,11,174,2611,-3,257,1
115,2,311,98,14,14,0.77,2,36,159,2276,-8,192,1
115,3,316,123,15,16,0.86,2,12,174,2636,-3,256,1
116,2,310,98,14,15,0.79,2,37,159,2294,-8,192,1
116,3,316,126,16,17,0.87,2,13,174,2665,-3,260,1
117,2,310,99,14,16,0.77,2,38,158,2314,-8,192,1
117,3,315,126,16,18,0.86,2,14,174,2690,-3,258,1
118,2,309,100,14,15,0.78,2,39,157,2332,-8,191,1
118,3,314,128,16,20,0.86,2,15,174,2716,-3,259,1
119,2,309,104,13,13,0.77,2,40,156,2351,-8,191,1
119,3,314,131,16,20,0.86,2,16,173,2743,-3,259,1
120,2,308,104,14,14,0.81,2,41,155,2370,-8,191,1
120,3,312,134,18,21,0.87,2,17,173,2771,-2,261,1
121,2,308,106,14,14,0.81,2,42,155,2391,-8,192,1
121,3,311,136,18,22,0.86,2,18,173,2797,-3,261,1
122,2,306,104,14,16,0.81,2,43,154,2409,-8,191,1
122,3,310,140,18,22,0.87,2,19,173,2824,-3,261,1
123,2,306,106,14,16,0.82,2,44,153,2428,-8,192,1
123,3,310,142,18,22,0.87,2,20,173,2849,-3,260,1
124,2,305,108,14,16,0.81,2,45,153,2448,-8,192,1
124,3,309,147,18,22,0.87,2,21,172,2874,-3,260,1
125,2,304,109,15,16,0.82,2,46,152,2468,-8,192,1
125,3,308,151,20,22,0.86,2,22,172,2900,-2,260,1
126,2,304,110,15,17,0.83,2,47,151,2488,-8,192,1
126,3,307,154,20,24,0.86,2,23,172,2926,-2,260,1
127,2,303,110,16,18,0.82,2,48,150,2508,-8,192,1
127,3,306,158,20,24,0.86,2,24,172,2950,-2,259,1
128,2,302,112,15,18,0.82,2,49,150,2528,-8,192,1
128,3,304,162,22,26,0.87,2,25,172,2976,-2,259,1
129,2,302,113,15,18,0.83,2,50,149,2547,-8,192,1
129,3,304,164,22,28,0.87,2,26,171,3001,-2,259,1
130,2,300,114,16,19,0.82,2,51,149,2566,-7,192,1
130,3,303,172,22,27,0.87,2,27,171,3026,-2,259,1
131,2,300,115,16,20,0.82,2,52,148,2586,-7,193,1
131,3,302,176,23,28,0.88,2,28,171,3051,-2,258,1
132,2,299,117,16,20,0.85,2,53,147,2606,-7,193,1
132,3,300,182,24,29,0.89,2,29,171,3076,-2,258,1
133,2,298,118,18,21,0.85,2,54,147,2627,-7,193,1
133,3,299,187,25,30,0.90,2,30,171,3100,-2,257,1
134,2,297,119,18,22,0.86,2,55,146,2647,-7,193,1
134,3,298,193,26,32,0.89,2,31,171,3124,-2,257,1
135,2,297,123,16,20,0.82,2,56,146,2667,-7,193,1
135,3,297,198,26,34,0.89,2,32,171,3148,-1,256,1
136,2,295,122,18,23,0.82,2,57,145,2687,-7,193,1
136,3,295,207,27,36,0.89,2,33,171,3172,-1,256,1
137,2,295,128,16,20,0.82,2,58,145,2707,-7,193,1
137,3,294,212,28,38,0.90,2,34,171,3196,-1,255,1
138,2,293,129,17,21,0.85,2,59,144,2728,-7,194,1
138,3,291,221,30,40,0.90,2,35,171,3220,-1,254,1
139,2,292,130,18,22,0.84,2,60,144,2748,-7,194,1
139,3,289,228,31,43,0.90,2,36,171,3243,-1,254,1
140,2,290,132,18,24,0.83,2,61,144,2769,-7,194,1
140,3,287,239,32,46,0.90,2,37,171,3267,-1,253,1
140,4,410,409,60,93,0.91,2,1,230,3470,0,-200,1
141,2,290,131,18,26,0.84,2,62,143,2788,-7,194,1
141,3,285,248,33,47,0.90,2,38,171,3290,-1,253,1
141,4,403,379,56,79,0.92,2,2,230,3445,2,-252,1
142,2,289,134,18,26,0.84,2,63,143,2808,-6,194,1
142,3,281,262,36,51,0.90,2,39,171,3314,-1,252,1
142,4,397,341,48,64,0.91,2,3,230,3409,3,-307,1
142,5,434,186,190,276,0.95,7,1,267,3447,0,-200,1
143,2,288,139,18,24,0.84,2,64,142,2828,-6,194,1
143,3,280,271,36,54,0.90,2,40,171,3336,-1,252,1
143,4,394,318,44,58,0.90,2,4,230,3380,4,-303,1
143,5,432,176,176,258,0.94,7,2,267,3428,13,-188,1
144,2,287,141,18,26,0.85,2,65,142,2849,-6,194,1
144,3,275,289,40,58,0.90,2,41,171,3360,-1,251,1
144,4,388,289,40,51,0.90,2,5,230,3345,4,-314,1
144,5,429,172,156,236,0.94,7,3,267,3408,6,-191,1
145,2,286,143,19,26,0.86,2,66,142,2869,-6,195,1
145,3,272,300,41,63,0.90,2,42,171,3382,-1,250,1
145,4,386,273,36,48,0.90,2,6,230,3315,3,-311,1
145,5,426,168,146,224,0.93,7,4,267,3392,3,-181,1
146,2,284,146,20,28,0.88,2,67,141,2890,-6,195,1
146,3,265,320,46,71,0.91,2,43,171,3406,-1,250,1
146,4,383,251,34,44,0.91,2,7,231,3282,4,-316,1
146,5,422,161,132,206,0.92,7,5,267,3373,2,-185,1
147,2,283,148,20,28,0.86,2,68,141,2910,-6,195,1
147,3,262,333,48,79,0.91,2,44,171,3428,-0,249,1
147,4,381,239,32,42,0.89,2,8,231,3251,4,-315,1
147,5,420,158,126,193,0.93,7,6,267,3354,3,-186,1
148,2,281,153,20,28,0.88,2,69,141,2931,-6,195,1
148,3,254,360,52,90,0.91,2,45,171,3452,-0,249,1
148,4,378,224,30,38,0.90,2,9,231,3218,4,-316,1
148,5,418,152,116,180,0.93,7,7,267,3334,3,-188,1
149,2,279,155,22,30,0.87,2,70,140,2951,-6,195,1
149,3,248,380,56,101,0.92,2,46,171,3474,-0,248,1
149,4,377,214,28,36,0.89,2,10,231,3186,4,-316,1
149,5,415,150,110,172,0.93,7,8,267,3316,3,-187,1
150,2,276,159,22,30,0.88,2,71,140,2972,-6,195,1
150,4,375,203,26,32,0.90,2,11,232,3154,4,-318,1
150,5,412,146,104,160,0.93,7,9,268,3296,3,-188,1
151,2,275,161,23,32,0.88,2,72,140,2992,-6,195,1
151,4,374,196,26,30,0.89,2,12,232,3122,4,-318,1
151,5,411,144,100,152,0.92,7,10,268,3278,3,-188,1
152,2,272,164,23,35,0.88,2,73,140,3013,-6,196,1
152,4,372,186,24,28,0.89,2,13,232,3089,4,-319,1
152,5,410,140,92,143,0.94,7,11,268,3258,3,-189,1
153,2,271,168,23,34,0.87,2,74,139,3033,-5,196,1
153,4,372,180,24,28,0.90,2,14,233,3057,5,-318,1
153,5,406,136,92,140,0.94,7,12,268,3240,3,-188,1
154,2,268,174,24,36,0.88,2,75,139,3055,-5,196,1
154,4,371,170,22,28,0.89,2,15,233,3025,5,-319,1
154,5,406,134,84,130,0.93,7,13,268,3220,3,-189,1
155,2,266,177,24,37,0.88,2,76,139,3075,-5,196,1
155,4,370,166,22,27,0.87,2,16,233,2994,5,-319,1
155,5,404,132,80,126,0.92,7,14,269,3202,3,-188,1
156,2,262,183,26,38,0.88,2,77,139,3096,-5,196,1
156,4,370,160,20,24,0.86,2,17,234,2961,5,-319,1
156,5,402,128,78,120,0.92,7,15,269,3183,3,-188,1
157,2,261,188,26,39,0.89,2,78,138,3117,-5,196,1
157,4,369,156,20,23,0.89,2,18,234,2929,5,-319,1
157,5,401,126,74,116,0.93,7,16,269,3164,3,-188,1
158,2,256,194,28,42,0.88,2,79,138,3139,-5,197,1
158,4,369,151,18,21,0.88,2,19,235,2897,5,-319,1
158,5,400,123,70,110,0.93,7,17,269,3145,3,-189,1
159,2,255,198,26,43,0.88,2,80,138,3159,-5,197,1
159,4,368,146,19,22,0.87,2,20,235,2865,5,-319,1
159,5,398,122,68,107,0.93,7,18,270,3126,3,-188,1
160,2,250,205,29,46,0.89,2,81,138,3180,-5,197,1
160,4,368,143,18,20,0.87,2,21,236,2833,6,-319,1
160,5,397,118,64,103,0.92,7,19,270,3107,3,-189,1
161,2,246,211,30,48,0.90,2,82,138,3201,-5,197,1
161,4,368,139,18,20,0.86,2,22,236,2802,6,-319,1
161,5,396,116,62,101,0.92,7,20,270,3089,3,-188,1
162,2,242,220,30,50,0.89,2,83,138,3222,-5,197,1
162,4,367,134,18,20,0.85,2,23,237,2770,6,-319,1
162,5,395,114,60,97,0.92,7,21,271,3070,3,-188,1
163,2,237,225,32,54,0.89,2,84,137,3242,-5,197,1
163,4,368,133,16,18,0.83,2,24,237,2738,6,-319,1
163,5,394,113,56,94,0.91,7,22,271,3052,3,-188,1
164,2,231,236,34,56,0.90,2,85,137,3263,-5,198,1
164,4,368,128,16,18,0.83,2,25,238,2706,6,-319,1
164,5,393,111,56,90,0.91,7,23,271,3033,3,-188,1
165,2,226,245,37,58,0.90,2,86,137,3284,-5,198,1
165,4,367,125,16,19,0.83,2,26,239,2675,6,-319,1
165,5,392,109,56,89,0.91,7,24,271,3014,3,-188,1
166,2,218,256,38,64,0.89,2,87,137,3305,-5,198,1
166,4,367,122,16,18,0.85,2,27,239,2643,7,-319,1
166,5,392,107,52,86,0.92,7,25,272,2996,3,-188,1
167,2,212,267,40,66,0.89,2,88,136,3326,-5,198,1
167,4,367,120,16,18,0.83,2,28,240,2611,7,-319,1
167,5,390,106,50,84,0.92,7,26,272,2978,3,-188,1
168,2,203,282,44,72,0.91,2,89,136,3347,-5,198,1
168,4,367,117,16,16,0.81,2,29,241,2579,7,-319,1
168,5,390,104,48,80,0.92,7,27,272,2959,3,-188,1
169,2,196,293,46,77,0.90,2,90,136,3368,-5,198,1
169,4,367,115,15,16,0.83,2,30,242,2547,7,-319,1
169,5,388,103,48,79,0.91,7,28,273,2940,3,-188,1
170,2,183,310,50,87,0.92,2,91,136,3389,-5,198,1
170,4,367,112,14,16,0.82,2,31,243,2515,7,-319,1
170,5,388,101,46,76,0.91,7,29,273,2921,3,-188,1
171,2,174,326,53,93,0.91,2,92,136,3410,-5,199,1
171,4,366,110,15,16,0.82,2,32,243,2483,7,-319,1
171,5,388,100,44,76,0.90,7,30,273,2903,3,-187,1
172,2,157,350,61,106,0.92,2,93,135,3432,-5,199,1
172,4,366,108,14,16,0.84,2,33,244,2452,8,-319,1
172,5,386,98,44,73,0.91,7,31,273,2885,3,-187,1
173,2,145,368,66,116,0.92,2,94,135,3453,-5,199,1
173,4,367,107,14,15,0.83,2,34,245,2420,8,-319,1
173,5,386,97,42,73,0.90,7,32,274,2867,3,-187,1
174,4,367,104,14,15,0.78,2,35,246,2388,8,-319,1
174,5,386,96,40,70,0.88,7,33,274,2848,3,-187,1
175,4,367,104,14,14,0.76,2,36,247,2357,8,-318,1
175,5,384,94,40,70,0.88,7,34,274,2830,3,-187,1
176,4,367,101,13,14,0.80,2,37,248,2325,8,-319,1
176,5,383,94,40,68,0.90,7,35,275,2813,3,-186,1
177,4,368,100,12,14,0.79,2,38,249,2293,8,-318,1
177,5,382,93,40,66,0.90,7,36,275,2795,3,-186,1
178,4,367,99,13,13,0.74,2,39,250,2261,8,-318,1
178,5,382,92,38,64,0.90,7,37,275,2776,3,-186,1
178,6,422,428,68,104,0.93,2,1,233,3485,0,-200,1
179,4,368,98,12,13,0.74,2,40,251,2230,8,-318,1
179,5,382,92,36,62,0.90,7,38,275,2758,3,-186,1
179,6,414,399,64,90,0.92,2,2,233,3463,0,-216,1
180,4,368,96,12,13,0.70,2,41,252,2198,9,-318,1
180,5,381,90,36,62,0.89,7,39,276,2740,3,-186,1
180,6,408,359,52,76,0.92,2,3,233,3432,0,-266,1
181,4,367,96,12,12,0.74,2,42,253,2167,9,-318,1
181,5,380,88,36,61,0.90,7,40,276,2722,3,-186,1
181,6,402,338,52,68,0.93,2,4,233,3407,2,-262,1
182,4,367,94,12,12,0.75,2,43,254,2135,9,-318,1
182,5,380,88,36,60,0.89,7,41,276,2704,3,-186,1
182,6,399,309,44,60,0.90,2,5,233,3377,3,-271,1
183,4,367,93,12,12,0.74,2,44,255,2104,9,-318,1
183,5,380,88,34,58,0.90,7,42,276,2687,3,-185,1
183,6,395,292,40,56,0.91,2,6,233,3350,2,-271,1
184,4,368,92,11,12,0.73,2,45,256,2072,9,-318,1
184,5,380,86,32,56,0.90,7,43,277,2668,3,-185,1
184,6,392,269,36,52,0.91,2,7,233,3321,3,-275,1
185,4,368,91,10,10,0.65,2,46,258,2041,9,-318,1
185,5,379,86,32,55,0.90,7,44,277,2650,3,-185,1
185,6,389,256,36,49,0.90,2,8,234,3293,3,-275,1
186,4,368,89,11,12,0.58,2,47,259,2009,9,-318,1
186,5,378,85,32,54,0.90,7,45,277,2631,3,-185,1
186,6,385,241,34,44,0.90,2,9,234,3264,3,-277,1
187,4,368,88,11,11,0.52,2,48,260,1977,9,-318,1
187,5,378,84,32,53,0.90,7,46,277,2613,3,-185,1
187,6,383,231,32,42,0.91,2,10,234,3237,3,-277,1
188,5,376,84,32,52,0.89,7,47,278,2595,3,-185,1
188,6,382,218,28,40,0.90,2,11,234,3208,3,-278,1
189,5,377,84,30,51,0.89,7,48,278,2577,3,-185,1
189,6,380,210,28,38,0.90,2,12,234,3181,3,-278,1
190,5,376,83,30,50,0.89,7,49,278,2559,3,-185,1
190,6,376,200,28,35,0.89,2,13,235,3152,3,-278,1
191,4,368,84,10,11,0.25,2,49,264,1851,9,-318,1
191,5,376,84,28,48,0.89,7,50,278,2541,3,-185,1
191,6,376,193,26,34,0.90,2,14,235,3124,3,-278,1
192,4,368,83,10,10,0.44,2,50,266,1819,10,-318,1
192,5,376,83,28,47,0.88,7,51,279,2523,3,-185,1
192,6,375,184,24,32,0.89,2,15,235,3095,3,-279,1
193,4,368,83,10,10,0.35,2,51,267,1787,10,-318,1
193,5,375,83,28,46,0.88,7,52,279,2506,3,-184,1
193,6,373,179,24,31,0.90,2,16,235,3068,3,-279,1
194,4,368,82,10,10,0.19,2,52,268,1756,10,-318,1
194,5,375,83,28,44,0.87,7,53,279,2488,3,-184,1
194,6,371,171,24,30,0.89,2,17,236,3039,3,-279,1
195,5,374,82,28,45,0.87,7,54,279,2470,3,-184,1
195,6,370,168,24,28,0.88,2,18,236,3011,3,-279,1
196,5,375,81,26,44,0.86,7,55,280,2453,3,-184,1
196,6,369,162,21,26,0.88,2,19,236,2983,3,-280,1
197,5,374,80,26,44,0.85,7,56,280,2435,3,-184,1
197,6,368,158,21,26,0.88,2,20,236,2955,3,-280,1
198,5,375,80,24,42,0.83,7,57,280,2417,3,-184,1
198,6,367,153,20,25,0.88,2,21,236,2927,2,-280,1
199,5,374,78,24,43,0.84,7,58,280,2400,3,-184,1
199,6,366,149,20,25,0.88,2,22,237,2899,2,-280,1
199,7,336,80,10,10,0.36,2,1,202,1715,0,-200,1
200,5,374,78,24,41,0.83,7,59,281,2381,3,-184,1
200,6,366,145,18,24,0.87,2,23,237,2871,2,-280,1
200,7,336,81,10,10,0.38,2,2,202,1699,0,-166,1
201,5,373,76,24,42,0.85,7,60,281,2363,3,-184,1
201,6,365,142,18,23,0.87,2,24,237,2843,2,-280,1
201,7,334,82,10,10,0.35,2,3,202,1703,-22,-60,1
202,5,372,76,24,41,0.86,7,61,281,2345,3,-184,1
202,6,364,138,18,22,0.87,2,25,237,2815,2,-280,1
202,7,333,82,10,11,0.55,2,4,201,1737,-26,71,1
203,5,372,74,24,42,0.85,7,62,281,2327,3,-183,1
203,6,364,136,18,22,0.86,2,26,237,2788,2,-279,1
203,7,333,84,10,10,0.36,2,5,200,1783,-23,170,1
204,5,371,73,24,42,0.87,7,63,281,2309,3,-183,1
204,6,363,133,17,20,0.87,2,27,238,2760,2,-279,1
204,7,332,84,11,11,0.50,2,6,199,1829,-21,229,1
205,5,371,72,24,42,0.88,7,64,282,2291,3,-183,1
205,6,362,130,17,20,0.85,2,28,238,2732,2,-279,1
205,7,332,85,10,11,0.49,2,7,198,1872,-20,261,1
206,5,371,71,23,42,0.88,7,65,282,2273,3,-183,1
206,6,362,127,17,20,0.87,2,29,238,2704,2,-279,1
206,7,331,87,10,10,0.55,2,8,197,1910,-20,278,1
207,5,371,70,23,42,0.87,7,66,282,2255,3,-183,1
207,6,362,125,16,19,0.85,2,30,238,2677,2,-279,1
207,7,330,86,12,11,0.57,2,9,196,1936,-18,276,1
208,5,370,70,24,42,0.87,7,67,282,2238,3,-183,1
208,6,361,122,16,18,0.85,2,31,238,2649,2,-279,1
208,7,330,88,11,11,0.59,2,10,195,1970,-18,283,1
209,5,370,70,24,40,0.87,7,68,283,2220,3,-183,1
209,6,361,120,16,18,0.85,2,32,239,2621,2,-279,1
209,7,329,88,12,12,0.66,2,11,194,2002,-17,287,1
210,5,371,70,22,40,0.87,7,69,283,2202,3,-183,1
210,6,360,117,16,18,0.84,2,33,239,2593,2,-279,1
210,7,329,89,12,12,0.63,2,12,193,2032,-16,288,1
211,5,370,70,23,38,0.87,7,70,283,2184,3,-183,1
211,6,360,116,16,17,0.84,2,34,239,2565,2,-279,1
211,7,328,90,12,12,0.63,2,13,192,2061,-16,288,1
212,5,370,70,22,38,0.86,7,71,283,2166,3,-183,1
212,6,360,114,15,16,0.84,2,35,239,2537,2,-279,1
212,7,328,90,12,12,0.67,2,14,191,2083,-15,283,1
213,5,370,70,22,37,0.86,7,72,284,2148,3,-183,1
213,6,360,113,15,16,0.82,2,36,240,2510,2,-279,1
213,7,327,93,12,11,0.68,2,15,190,2110,-15,282,1
214,5,370,70,22,36,0.87,7,73,284,2131,3,-183,1
214,6,359,111,14,15,0.82,2,37,240,2482,2,-279,1
214,7,327,92,12,12,0.70,2,16,189,2131,-14,277,1
214,8,452,241,168,282,0.92,7,1,260,3480,0,-200,1
214,9,414,412,76,117,0.91,2,1,232,3484,0,-200,1
215,5,370,70,21,36,0.87,7,74,284,2113,3,-183,1
215,6,359,110,14,14,0.84,2,38,240,2454,2,-279,1
215,7,326,94,12,12,0.72,2,17,188,2157,-14,276,1
215,8,450,232,150,250,0.92,7,2,260,3459,18,-212,1
215,9,409,381,66,104,0.90,2,2,232,3461,0,-224,1
216,5,370,70,21,34,0.87,7,75,285,2095,3,-183,1
216,6,359,108,14,15,0.85,2,39,240,2427,3,-279,1
216,7,326,94,12,14,0.72,2,18,187,2186,-14,277,1
216,8,444,220,134,225,0.91,7,3,260,3436,14,-219,1
216,9,402,341,56,89,0.91,2,3,232,3429,0,-275,1
217,5,370,70,21,34,0.86,7,76,285,2077,3,-182,1
217,6,358,107,14,14,0.84,2,40,241,2399,3,-279,1
217,7,326,96,12,13,0.74,2,19,186,2213,-13,277,1
217,8,440,213,124,208,0.92,7,4,261,3417,11,-211,1
217,9,398,319,54,81,0.90,2,4,232,3402,3,-273,1
218,5,370,69,20,34,0.85,7,77,285,2059,3,-182,1
218,6,359,105,12,14,0.81,2,41,241,2371,3,-279,1
218,7,326,95,12,14,0.73,2,20,185,2235,-13,274,1
218,8,435,203,112,188,0.92,7,5,261,3395,10,-213,1
218,9,392,292,48,70,0.81,2,5,232,3370,2,-284,1
219,5,370,70,19,33,0.85,7,78,285,2042,3,-182,1
219,6,358,104,13,14,0.80,2,42,241,2344,3,-279,1
219,7,324,96,14,15,0.76,2,21,184,2260,-12,273,1
219,8,432,196,104,178,0.92,7,6,261,3375,9,-210,1
219,9,391,275,42,66,0.86,2,6,232,3342,3,-284,1
220,5,370,69,19,32,0.85,7,79,286,2024,3,-182,1
220,6,358,103,13,13,0.80,2,43,241,2316,3,-278,1
220,7,324,97,14,15,0.79,2,22,183,2284,-12,271,1
220,8,426,188,96,160,0.92,7,7,262,3353,8,-212,1
220,9,386,254,40,60,0.81,2,7,232,3311,2,-288,1
221,5,370,68,19,32,0.85,7,80,286,2006,3,-182,1
221,6,358,102,12,13,0.80,2,44,242,2289,3,-278,1
221,7,324,98,14,15,0.78,2,23,182,2307,-11,269,1
221,8,424,183,90,152,0.93,7,8,262,3332,7,-211,1
221,9,384,242,36,56,0.90,2,8,232,3282,2,-288,1
222,5,370,68,19,32,0.85,7,81,286,1988,3,-182,1
222,6,358,101,12,12,0.78,2,45,242,2262,3,-278,1
222,7,324,101,14,14,0.81,2,24,181,2332,-11,268,1
222,8,422,176,80,140,0.92,7,9,263,3311,7,-212,1
222,9,382,226,34,52,0.90,2,9,233,3252,3,-291,1
223,5,370,67,18,32,0.86,7,82,287,1970,3,-182,1
223,6,358,100,12,12,0.76,2,46,242,2234,3,-278,1
223,7,324,102,14,14,0.82,2,25,181,2355,-11,267,1
223,8,418,172,80,133,0.92,7,10,263,3290,7,-211,1
223,9,380,218,32,48,0.90,2,10,233,3223,3,-291,1
224,5,370,68,17,30,0.86,7,83,287,1952,3,-182,1
224,6,358,98,12,12,0.77,2,47,243,2207,3,-278,1
224,7,324,103,14,14,0.83,2,26,180,2377,-10,265,1
224,8,416,165,72,124,0.92,7,11,263,3269,7,-211,1
224,9,380,206,28,44,0.91,2,11,233,3192,3,-292,1
225,5,370,67,17,31,0.86,7,84,287,1934,3,-182,1
225,6,358,98,12,11,0.74,2,48,243,2180,3,-278,1
225,7,323,104,14,15,0.80,2,27,179,2401,-10,264,1
225,8,413,163,70,117,0.92,7,12,264,3248,6,-211,1
225,9,377,199,28,41,0.90,2,12,233,3163,3,-293,1
226,5,370,67,17,30,0.85,7,85,288,1916,3,-182,1
226,6,358,97,12,11,0.77,2,49,243,2152,3,-278,1
226,7,322,104,15,16,0.81,2,28,179,2423,-10,262,1
226,8,410,156,66,111,0.91,7,13,264,3226,6,-211,1
226,9,375,188,26,39,0.89,2,13,234,3132,3,-294,1
227,5,370,66,17,30,0.84,7,86,288,1898,3,-182,1
227,6,358,94,12,12,0.81,2,50,244,2125,3,-278,1
227,7,322,106,16,16,0.82,2,29,178,2446,-9,261,1
227,8,408,152,64,107,0.92,7,14,265,3206,6,-211,1
227,9,373,182,26,37,0.89,2,14,234,3102,3,-295,1
228,5,370,66,16,29,0.84,7,87,289,1879,3,-182,1
228,6,357,94,12,12,0.80,2,51,244,2098,3,-278,1
228,7,321,108,16,16,0.83,2,30,178,2470,-9,260,1
228,8,406,148,60,100,0.91,7,15,265,3184,6,-212,1
228,9,373,173,24,36,0.90,2,15,234,3071,3,-295,1
229,5,370,67,16,28,0.83,7,88,289,1861,3,-182,1
229,6,358,93,11,11,0.75,2,52,244,2070,3,-278,1
229,7,320,108,16,18,0.85,2,31,177,2495,-9,260,1
229,8,404,146,58,96,0.91,7,16,265,3163,6,-211,1
229,9,371,169,24,34,0.89,2,16,234,3042,3,-295,1
230,5,370,66,16,28,0.83,7,89,289,1843,3,-182,1
230,6,358,92,10,10,0.69,2,53,245,2043,3,-277,1
230,7,320,110,16,18,0.84,2,32,177,2519,-9,259,1
230,8,402,142,56,91,0.91,7,17,266,3142,5,-211,1
230,9,370,162,22,32,0.89,2,17,235,3011,3,-296,1
231,5,370,66,16,27,0.83,7,90,290,1825,3,-182,1
231,6,358,92,10,10,0.66,2,54,245,2016,3,-277,1
231,7,319,111,16,18,0.84,2,33,176,2542,-8,258,1
231,8,402,140,52,88,0.91,7,18,266,3122,5,-211,1
231,9,369,158,22,31,0.88,2,18,235,2982,3,-296,1
232,5,369,66,16,26,0.83,7,91,290,1806,3,-182,1
232,6,357,90,10,10,0.63,2,55,245,1988,3,-277,1
232,7,319,113,16,18,0.85,2,34,176,2565,-8,257,1
232,8,399,136,50,84,0.91,7,19,267,3101,5,-211,1
232,9,369,152,20,30,0.89,2,19,235,2952,3,-296,1
233,5,370,66,14,26,0.82,7,92,291,1788,3,-182,1
233,6,357,90,10,10,0.63,2,56,246,1961,3,-277,1
233,7,319,113,16,20,0.85,2,35,175,2588,-8,257,1
233,8,398,133,50,82,0.90,7,20,267,3080,5,-211,1
233,9,367,149,20,28,0.89,2,20,236,2922,3,-296,1
234,5,370,66,14,26,0.81,7,93,291,1770,3,-182,1
234,6,357,88,10,10,0.68,2,57,246,1933,3,-277,1
234,7,318,115,16,21,0.84,2,36,175,2612,-8,256,1
234,8,396,130,48,78,0.90,7,21,267,3059,5,-210,1
234,9,367,144,19,27,0.88,2,21,236,2892,3,-297,1
235,5,370,66,14,26,0.81,7,94,291,1752,3,-182,1
235,6,357,88,10,10,0.65,2,58,247,1906,3,-277,1
235,7,318,116,16,22,0.85,2,37,175,2636,-8,256,1
235,8,396,127,44,76,0.90,7,22,268,3038,5,-210,1
235,9,367,141,18,26,0.88,2,22,236,2862,3,-297,1
236,5,370,66,14,24,0.81,7,95,292,1733,3,-182,1
236,6,357,86,10,10,0.61,2,59,247,1879,3,-277,1
236,7,317,119,17,21,0.87,2,38,174,2659,-7,255,1
236,8,394,124,44,74,0.91,7,23,268,3018,5,-210,1
236,9,366,137,18,24,0.87,2,23,236,2832,3,-297,1
237,5,370,66,14,24,0.81,7,96,292,1715,3,-182,1
237,6,357,86,10,10,0.57,2,60,247,1851,3,-277,1
237,7,318,122,16,20,0.86,2,39,174,2682,-7,254,1
237,8,394,122,40,72,0.90,7,24,268,2997,5,-210,1
237,9,365,134,18,24,0.87,2,24,237,2802,3,-297,1
238,5,370,65,14,25,0.80,7,97,293,1697,3,-182,1
238,6,357,85,10,10,0.44,2,61,248,1824,3,-277,1
238,7,315,123,18,23,0.86,2,40,174,2707,-7,254,1
238,8,392,120,40,69,0.91,7,25,269,2976,5,-210,1
238,9,364,132,17,22,0.86,2,25,237,2772,3,-297,1
239,5,370,65,14,24,0.80,7,98,293,1679,3,-182,1
239,6,357,85,10,9,0.33,2,62,248,1797,3,-277,1
239,7,315,124,18,24,0.87,2,41,173,2730,-7,254,1
239,8,390,119,40,66,0.90,7,26,269,2956,5,-210,1
239,9,364,129,16,22,0.86,2,26,238,2742,3,-297,1
240,5,370,65,14,24,0.80,7,99,294,1661,3,-182,1
240,6,358,84,10,10,0.23,2,63,249,1770,3,-277,1
240,7,314,126,18,26,0.87,2,42,173,2755,-7,254,1
240,8,390,117,38,64,0.90,7,27,269,2935,5,-209,1
240,9,364,125,16,22,0.87,2,27,238,2713,3,-297,1
241,5,370,64,14,24,0.80,7,100,294,1643,3,-182,1
241,6,358,83,10,10,0.21,2,64,249,1743,3,-277,1
241,7,313,128,19,26,0.87,2,43,173,2779,-7,253,1
241,8,390,116,36,62,0.90,7,28,270,2915,5,-209,1
241,9,364,124,16,20,0.87,2,28,238,2683,4,-297,1
242,5,370,64,14,24,0.80,7,101,294,1625,3,-182,1
242,7,312,133,20,25,0.88,2,44,172,2803,-7,253,1
242,8,388,112,36,61,0.90,7,29,270,2895,5,-209,1
242,9,363,120,16,20,0.87,2,29,239,2653,4,-297,1
243,5,370,64,14,24,0.80,7,102,295,1607,3,-182,1
243,6,359,82,8,8,0.11,2,65,250,1688,3,-277,1
243,7,311,136,20,24,0.87,2,45,172,2827,-6,253,1
243,8,388,113,34,58,0.90,7,30,271,2874,4,-209,1
243,9,363,118,16,20,0.86,2,30,239,2623,4,-297,1
244,5,370,63,14,24,0.80,7,103,295,1589,3,-182,1
244,6,358,82,9,8,0.20,2,66,250,1660,3,-277,1
244,7,311,138,20,27,0.88,2,46,172,2851,-6,252,1
244,8,386,110,34,57,0.90,7,31,271,2854,4,-209,1
244,9,361,116,16,19,0.85,2,31,239,2593,4,-297,1
245,5,370,62,14,24,0.81,7,104,296,1570,3,-182,1
245,6,358,82,8,8,0.33,2,67,251,1633,3,-276,1
245,7,310,140,21,28,0.88,2,47,171,2875,-6,252,1
245,8,386,108,32,56,0.89,7,32,271,2834,4,-208,1
245,9,362,113,14,19,0.85,2,32,240,2564,4,-297,1
246,5,370,63,14,23,0.80,7,105,296,1552,3,-182,1
246,6,358,81,9,8,0.26,2,68,251,1606,4,-276,1
246,7,308,144,22,29,0.88,2,48,171,2900,-6,252,1
246,8,385,106,32,56,0.89,7,33,272,2814,4,-208,1
246,9,362,110,14,18,0.84,2,33,240,2533,4,-297,1
247,5,370,62,13,23,0.78,7,106,297,1534,4,-182,1
247,6,358,80,9,8,0.43,2,69,252,1579,4,-276,1
247,7,308,146,22,30,0.88,2,49,171,2923,-6,252,1
247,8,384,106,32,54,0.89,7,34,272,2794,4,-208,1
247,9,361,109,14,18,0.85,2,34,241,2503,4,-297,1
248,5,370,62,13,23,0.77,7,107,297,1516,4,-182,1
248,6,359,78,9,9,0.31,2,70,252,1552,4,-276,1
248,7,308,150,23,32,0.89,2,50,171,2948,-6,252,1
248,8,384,105,30,50,0.88,7,35,272,2773,4,-208,1
248,9,361,108,14,16,0.86,2,35,241,2473,4,-298,1
249,5,371,63,12,22,0.76,7,108,298,1498,4,-182,1
249,6,359,78,10,9,0.18,2,71,253,1525,4,-276,1
249,7,307,154,23,32,0.88,2,51,170,2972,-6,251,1
249,8,383,104,30,50,0.89,7,36,273,2754,4,-207,1
249,9,361,106,14,16,0.85,2,36,241,2443,4,-298,1
250,5,372,63,12,22,0.76,7,109,298,1480,4,-182,1
250,6,359,77,10,9,0.38,2,72,254,1497,4,-276,1
250,7,305,158,24,34,0.88,2,52,170,2997,-5,251,1
250,8,382,102,28,50,0.88,7,37,273,2734,4,-207,1
250,9,360,104,14,16,0.84,2,37,242,2413,4,-298,1
251,5,372,62,12,22,0.77,7,110,299,1462,4,-182,1
251,6,359,77,10,8,0.38,2,73,254,1470,4,-276,1
251,7,304,160,24,36,0.88,2,53,170,3020,-5,251,1
251,8,382,100,28,50,0.88,7,38,273,2714,4,-207,1
251,9,360,103,14,16,0.84,2,38,242,2384,4,-298,1
252,5,372,62,12,21,0.75,7,111,299,1443,4,-182,1
252,6,360,77,9,8,0.15,2,74,255,1443,4,-276,1
252,7,303,166,25,37,0.89,2,54,170,3045,-5,251,1
252,8,380,98,28,48,0.88,7,39,273,2694,4,-207,1
252,9,360,101,14,16,0.85,2,39,243,2354,4,-298,1
253,5,372,61,13,22,0.74,7,112,300,1425,4,-182,1
253,6,360,74,10,9,0.22,2,75,255,1416,4,-276,1
253,7,302,172,25,36,0.89,2,55,170,3068,-5,251,1
253,8,381,96,26,48,0.87,7,40,274,2674,4,-207,1
253,9,360,100,13,15,0.85,2,40,243,2324,4,-298,1
254,5,373,60,12,22,0.75,7,113,301,1407,4,-182,1
254,7,300,176,27,40,0.90,2,56,170,3093,-5,250,1
254,8,380,96,26,46,0.87,7,41,274,2654,4,-206,1
254,9,360,98,13,15,0.83,2,41,244,2294,4,-298,1
255,5,373,60,12,22,0.75,7,114,301,1389,4,-182,1
255,7,298,182,27,40,0.90,2,57,170,3116,-5,250,1
255,8,379,95,26,46,0.87,7,42,274,2634,4,-206,1
255,9,360,97,13,14,0.80,2,42,244,2264,4,-298,1
256,5,373,60,13,22,0.75,7,115,302,1371,4,-182,1
256,7,296,188,28,44,0.90,2,58,169,3141,-5,250,1
256,8,378,94,26,44,0.87,7,43,275,2614,4,-206,1
256,9,359,95,12,14,0.81,2,43,245,2234,4,-298,1
257,5,373,60,13,22,0.78,7,116,302,1353,4,-182,1
257,7,294,193,29,46,0.90,2,59,169,3165,-5,250,1
257,8,378,92,24,45,0.85,7,44,275,2595,4,-206,1
257,9,359,94,12,15,0.81,2,44,245,2204,4,-298,1
258,5,374,61,12,20,0.76,7,117,303,1335,4,-182,1
258,7,293,202,30,48,0.90,2,60,169,3190,-5,250,1
258,8,378,91,24,44,0.83,7,45,275,2575,4,-206,1
258,9,359,93,12,14,0.82,2,45,246,2174,4,-298,1
259,5,374,60,13,20,0.69,7,118,304,1317,4,-182,1
259,7,290,208,32,50,0.90,2,61,169,3213,-4,250,1
259,8,377,92,24,42,0.82,7,46,275,2555,4,-205,1
259,9,359,92,12,14,0.82,2,46,246,2145,4,-298,1
260,5,375,60,12,20,0.65,7,119,305,1299,4,-182,1
260,7,288,218,33,54,0.86,2,62,169,3238,-4,250,1
260,8,376,92,24,40,0.81,7,47,276,2536,4,-205,1
260,9,358,91,12,12,0.78,2,47,247,2115,4,-298,1
261,7,286,225,34,57,0.90,2,63,169,3262,-4,249,1
261,8,378,95,20,35,0.77,7,48,276,2516,4,-205,1
261,9,358,90,12,13,0.78,2,48,247,2085,4,-298,1
262,7,282,237,36,62,0.90,2,64,169,3287,-4,249,1
262,8,377,100,20,28,0.75,7,49,276,2496,4,-205,1
262,9,358,88,12,13,0.74,2,49,247,2055,4,-298,1
262,10,376,60,12,20,0.66,7,1,342,1300,0,-200,1
263,7,279,245,38,67,0.89,2,65,169,3311,-4,249,1
263,8,376,98,20,29,0.78,7,50,276,2477,4,-205,1
263,9,358,88,12,13,0.74,2,50,248,2025,4,-298,1
263,10,376,59,12,20,0.61,7,2,342,1279,11,-208,1
264,5,366,69,10,10,0.15,7,120,307,1226,4,-182,1
264,7,274,261,41,72,0.91,2,66,168,3335,-4,249,1
264,8,376,101,20,24,0.57,7,51,277,2457,4,-205,1
264,9,358,86,11,14,0.78,2,51,248,1995,4,-298,1
264,10,377,59,12,20,0.63,7,3,342,1257,26,-211,1
265,7,269,271,44,78,0.90,2,67,168,3359,-4,249,1
265,8,376,99,20,26,0.73,7,52,277,2438,4,-204,1
265,9,358,85,11,14,0.77,2,52,249,1966,4,-298,1
265,10,377,59,12,20,0.62,7,4,343,1238,24,-205,1
266,7,263,290,48,88,0.92,2,68,168,3384,-4,249,1
266,8,375,98,20,24,0.76,7,53,277,2418,4,-204,1
266,9,358,84,10,12,0.78,2,53,250,1936,4,-298,1
266,10,377,58,12,20,0.60,7,5,344,1213,24,-218,1
267,7,259,303,50,96,0.92,2,69,168,3408,-4,249,1
267,8,374,98,20,23,0.73,7,54,277,2398,4,-204,1
267,9,358,84,10,13,0.77,2,54,250,1906,4,-298,1
267,10,378,58,12,20,0.48,7,6,345,1192,25,-216,1
268,5,370,67,8,10,0.12,7,121,310,1153,4,-182,1
268,7,251,327,54,112,0.91,2,70,168,3433,-4,249,1
268,8,375,96,18,24,0.73,7,55,278,2378,4,-204,1
268,9,358,83,10,12,0.70,2,55,251,1876,4,-298,1
268,10,378,58,12,18,0.15,7,7,346,1149,27,-252,1
269,5,370,67,8,10,0.14,7,122,310,1135,4,-182,1
269,7,244,348,60,121,0.93,2,71,168,3457,-4,249,1
269,8,374,96,18,22,0.67,7,56,278,2358,4,-204,1
269,9,358,82,10,11,0.63,2,56,251,1846,4,-298,1
269,10,378,58,12,18,0.33,7,8,347,1113,28,-267,1
270,5,370,68,8,9,0.16,7,123,311,1117,4,-182,1
270,7,230,383,68,144,0.92,2,72,168,3482,-4,249,1
270,8,374,94,18,24,0.62,7,57,278,2338,4,-204,1
270,9,358,82,10,10,0.59,2,57,252,1816,5,-298,1
270,10,378,58,12,18,0.32,7,9,349,1084,27,-269,1
271,8,373,94,18,22,0.44,7,58,279,2318,4,-204,1
271,9,358,82,10,10,0.56,2,58,252,1786,5,-298,1
271,10,378,58,12,18,0.21,7,10,351,1062,26,-264,1
272,8,373,93,18,22,0.63,7,59,279,2299,4,-204,1
272,9,358,81,10,10,0.56,2,59,253,1756,5,-298,1
272,10,378,58,12,18,0.12,7,11,352,1046,25,-254,1
273,8,372,90,18,24,0.46,7,60,279,2279,4,-203,1
273,9,359,80,10,11,0.59,2,60,253,1727,5,-298,1
274,8,372,80,18,33,0.56,7,61,279,2259,3,-203,1
274,9,360,79,9,11,0.57,2,61,254,1697,5,-298,1
275,8,371,82,18,30,0.45,7,62,280,2240,3,-203,1
275,9,360,78,9,11,0.56,2,62,254,1667,5,-298,1
276,8,371,84,17,27,0.49,7,63,280,2220,3,-203,1
276,9,360,78,8,11,0.47,2,63,255,1638,5,-298,1
277,8,370,83,18,27,0.51,7,64,280,2200,3,-203,1
277,9,360,78,8,10,0.42,2,64,255,1608,5,-298,1
277,10,381,55,12,18,0.13,7,12,361,911,26,-259,1
278,8,370,83,17,26,0.48,7,65,280,2181,3,-203,1
278,9,360,76,8,10,0.42,2,65,256,1579,5,-298,1
278,10,381,54,12,19,0.27,7,13,364,885,27,-259,1
279,8,370,81,17,28,0.58,7,66,281,2161,3,-203,1
279,9,361,76,8,9,0.26,2,66,257,1549,5,-298,1
280,8,370,84,16,22,0.67,7,67,281,2141,3,-203,1
280,9,361,76,8,9,0.28,2,67,257,1519,5,-298,1
281,8,370,80,16,26,0.54,7,68,281,2121,3,-203,1
282,8,370,85,16,20,0.62,7,69,281,2102,3,-203,1
283,8,371,85,14,19,0.70,7,70,282,2082,3,-203,1
284,8,370,84,15,19,0.66,7,71,282,2062,3,-202,1
285,8,370,82,15,20,0.69,7,72,282,2042,3,-202,1
286,8,370,82,15,20,0.74,7,73,283,2022,3,-202,1
287,8,370,82,14,19,0.75,7,74,283,2002,3,-202,1
288,8,370,84,14,16,0.80,7,75,283,1982,3,-202,1
289,8,369,81,14,18,0.72,7,76,284,1963,3,-202,1
290,8,369,79,14,20,0.73,7,77,284,1943,3,-202,1
291,8,370,82,13,16,0.77,7,78,284,1923,3,-202,1
292,8,370,81,12,16,0.78,7,79,284,1903,3,-202,1
293,8,369,81,13,16,0.75,7,80,285,1884,3,-202,1
294,8,369,80,12,16,0.77,7,81,285,1864,3,-202,1
295,8,369,81,13,14,0.76,7,82,285,1844,3,-202,1
296,8,369,80,12,15,0.75,7,83,286,1824,3,-202,1
297,8,369,80,12,15,0.74,7,84,286,1805,3,-202,1
298,8,369,79,12,14,0.77,7,85,287,1785,3,-202,1
299,8,369,79,12,14,0.76,7,86,287,1765,3,-202,1
300,8,369,78,12,14,0.76,7,87,287,1746,4,-202,1
301,8,368,77,12,14,0.77,7,88,288,1726,4,-201,1
302,8,368,77,12,14,0.78,7,89,288,1706,4,-201,1
303,8,368,78,12,13,0.75,7,90,288,1686,4,-201,1
304,8,368,76,12,14,0.75,7,91,289,1667,4,-201,1
305,8,368,76,12,14,0.75,7,92,289,1647,4,-201,1
306,8,368,76,12,14,0.74,7,93,290,1628,4,-201,1
307,8,369,75,12,14,0.73,7,94,290,1608,4,-201,1
308,8,369,75,12,13,0.73,7,95,290,1588,4,-201,1
309,8,369,74,12,14,0.72,7,96,291,1569,4,-201,1
310,8,369,74,12,13,0.69,7,97,291,1549,4,-201,1
311,8,369,74,12,13,0.69,7,98,292,1530,4,-201,1
312,8,369,74,12,12,0.66,7,99,292,1510,4,-201,1
313,8,370,73,11,12,0.67,7,100,293,1490,4,-201,1
314,8,370,73,11,12,0.67,7,101,293,1470,4,-201,1
315,8,370,73,11,12,0.72,7,102,294,1451,4,-201,1
316,8,371,72,10,12,0.73,7,103,294,1431,4,-201,1
317,8,371,72,10,12,0.73,7,104,295,1411,4,-201,1
318,8,371,72,10,12,0.73,7,105,295,1392,4,-201,1
319,8,371,72,10,12,0.74,7,106,296,1373,4,-201,1
320,8,372,70,10,12,0.70,7,107,297,1353,4,-200,1
321,8,372,70,10,12,0.70,7,108,297,1333,4,-200,1
322,8,372,70,10,12,0.65,7,109,298,1314,4,-200,1
324,11,373,69,10,12,0.64,2,1,325,1349,0,-200,1
325,11,374,68,10,13,0.63,2,2,325,1330,38,-192,1
326,11,374,68,10,13,0.69,2,3,326,1315,29,-171,1
327,11,374,68,10,13,0.68,2,4,327,1308,22,-137,1
328,11,375,68,10,12,0.59,2,5,328,1295,23,-134,1
329,11,375,67,10,12,0.60,2,6,329,1273,23,-152,1
330,11,376,67,9,12,0.58,2,7,330,1255,23,-156,1
331,11,376,67,9,12,0.58,2,8,331,1242,22,-153,1
332,11,377,66,8,12,0.39,2,9,332,1218,22,-163,1
333,11,377,66,9,12,0.31,2,10,334,1200,23,-165,1
334,11,377,66,10,12,0.29,2,11,335,1186,23,-163,1
335,11,378,66,9,11,0.27,2,12,337,1163,23,-169,1
336,11,378,66,10,11,0.41,2,13,338,1145,24,-170,1
337,11,378,66,10,11,0.41,2,14,340,1130,23,-168,1
338,11,380,66,8,10,0.17,2,15,342,1108,24,-172,1
339,11,380,66,8,10,0.13,2,16,344,1089,24,-173,1
340,11,380,66,8,10,0.13,2,17,346,1072,24,-173,1
342,11,382,64,8,10,0.28,2,18,350,1027,25,-179,1
343,11,382,64,8,10,0.29,2,19,352,1002,25,-183,1
344,11,382,64,8,10,0.21,2,20,354,980,25,-185,1
345,11,382,64,8,10,0.19,2,21,357,960,25,-185,1
378,12,337,78,10,10,0.52,2,1,205,1643,0,-200,1
379,12,336,79,10,10,0.41,2,2,205,1626,-26,-169,1
380,12,336,80,9,10,0.55,2,3,204,1629,-23,-69,1
381,12,336,80,9,10,0.54,2,4,204,1650,-17,24,1
382,12,335,82,10,9,0.17,2,5,203,1688,-16,111,1
383,12,335,82,10,9,0.39,2,6,202,1717,-14,148,1
384,12,334,82,10,10,0.36,2,7,202,1750,-14,178,1
385,12,334,82,10,10,0.40,2,8,201,1772,-14,185,1
386,12,333,83,10,10,0.39,2,9,200,1798,-14,194,1
387,12,332,84,10,10,0.55,2,10,200,1826,-14,203,1
388,12,332,84,10,11,0.60,2,11,199,1854,-14,211,1
389,12,332,86,10,10,0.62,2,12,198,1883,-14,218,1
390,12,331,87,10,10,0.62,2,13,197,1912,-14,224,1
391,12,331,87,10,10,0.62,2,14,196,1933,-13,223,1
392,12,331,88,10,11,0.64,2,15,195,1963,-13,228,1
393,12,330,88,11,12,0.64,2,16,194,1991,-13,232,1
394,12,330,89,12,12,0.66,2,17,193,2019,-12,235,1
395,12,329,89,12,12,0.66,2,18,192,2041,-12,234,1
396,12,329,90,12,12,0.70,2,19,191,2063,-11,233,1
397,12,329,91,12,12,0.72,2,20,190,2086,-11,233,1
398,12,328,92,12,12,0.77,2,21,189,2109,-11,233,1
399,12,328,93,12,13,0.80,2,22,189,2135,-11,234,1
400,12,328,94,13,13,0.80,2,23,188,2161,-10,235,1
400,13,425,427,64,87,0.92,2,1,235,3476,0,-200,1
401,12,328,96,12,12,0.78,2,24,187,2185,-10,236,1
401,13,420,400,58,78,0.92,2,2,235,3457,3,-193,1
402,12,327,96,13,13,0.78,2,25,187,2209,-10,236,1
402,13,412,366,52,68,0.93,2,3,235,3431,1,-230,1
403,12,327,98,13,13,0.78,2,26,186,2236,-9,237,1
403,13,409,346,48,62,0.91,2,4,235,3408,2,-227,1
404,12,326,98,13,14,0.81,2,27,185,2261,-9,237,1
404,13,402,320,44,57,0.90,2,5,235,3384,1,-233,1
405,12,327,99,12,14,0.82,2,28,185,2285,-9,238,1
405,13,400,304,40,53,0.91,2,6,235,3360,1,-233,1
406,12,326,101,13,14,0.83,2,29,184,2310,-9,238,1
406,13,396,283,36,50,0.91,2,7,235,3336,1,-236,1
407,12,325,101,14,14,0.83,2,30,184,2332,-8,238,1
407,13,393,272,36,46,0.91,2,8,235,3312,1,-236,1
408,12,325,103,14,14,0.84,2,31,183,2356,-8,237,1
408,13,390,255,34,44,0.90,2,9,235,3287,1,-237,1
409,12,324,105,14,14,0.82,2,32,183,2380,-8,238,1
409,13,388,248,32,40,0.89,2,10,235,3264,1,-237,1
410,12,324,105,14,16,0.82,2,33,182,2405,-8,238,1
410,13,385,234,30,38,0.90,2,11,235,3239,1,-238,1
411,12,324,106,14,16,0.84,2,34,182,2429,-8,238,1
411,13,384,226,28,36,0.90,2,12,236,3215,1,-238,1
412,12,323,108,14,16,0.84,2,35,181,2454,-8,238,1
412,13,380,216,28,34,0.89,2,13,236,3191,1,-239,1
413,12,322,110,15,15,0.85,2,36,181,2477,-8,238,1
413,13,380,209,26,32,0.90,2,14,236,3166,1,-239,1
414,12,322,112,15,15,0.83,2,37,180,2500,-7,238,1
414,13,378,201,26,30,0.89,2,15,236,3142,1,-240,1
415,12,322,114,15,15,0.82,2,38,180,2524,-7,238,1
415,13,376,196,26,29,0.90,2,16,236,3118,1,-240,1
416,12,320,115,16,16,0.84,2,39,179,2548,-7,238,1
416,13,375,188,24,28,0.88,2,17,236,3093,1,-240,1
417,12,320,116,15,16,0.84,2,40,179,2570,-7,238,1
417,13,374,184,24,26,0.88,2,18,236,3069,2,-240,1
418,12,320,119,15,16,0.83,2,41,178,2594,-7,238,1
418,13,372,176,24,26,0.89,2,19,236,3044,2,-241,1
419,12,319,120,16,17,0.84,2,42,178,2617,-7,237,1
419,13,372,172,22,26,0.89,2,20,237,3020,2,-241,1
420,12,318,124,15,16,0.85,2,43,178,2641,-7,238,1
420,13,370,166,23,26,0.88,2,21,237,2996,2,-241,1
421,12,318,125,16,17,0.85,2,44,177,2665,-7,238,1
421,13,369,162,22,25,0.87,2,22,237,2972,2,-241,1
422,12,317,126,16,18,0.85,2,45,177,2688,-7,237,1
422,13,369,158,20,24,0.87,2,23,237,2948,2,-241,1
423,12,316,130,16,17,0.86,2,46,176,2712,-7,237,1
423,13,368,156,20,22,0.89,2,24,237,2924,2,-241,1
424,12,316,131,16,19,0.87,2,47,176,2735,-7,237,1
424,13,368,151,18,22,0.88,2,25,237,2899,2,-241,1
425,12,314,133,18,20,0.86,2,48,175,2759,-6,237,1
425,13,367,148,18,22,0.88,2,26,238,2875,2,-241,1
426,12,314,136,18,20,0.85,2,49,175,2783,-6,237,1
426,13,367,144,18,21,0.87,2,27,238,2851,2,-241,1
427,12,313,140,18,19,0.85,2,50,175,2807,-6,237,1
427,13,366,142,18,20,0.87,2,28,238,2827,2,-241,1
428,12,312,142,18,21,0.86,2,51,174,2831,-6,238,1
428,13,366,138,18,21,0.86,2,29,238,2803,2,-241,1
429,12,310,144,20,22,0.85,2,52,174,2855,-6,238,1
429,13,365,136,18,20,0.87,2,30,238,2779,2,-241,1
430,12,309,148,20,23,0.86,2,53,173,2879,-6,238,1
430,13,365,133,17,20,0.86,2,31,238,2755,2,-241,1
431,12,309,152,20,23,0.86,2,54,173,2904,-6,238,1
431,13,364,130,17,20,0.86,2,32,239,2731,2,-241,1
432,12,307,155,22,24,0.87,2,55,173,2928,-6,238,1
432,13,364,128,16,19,0.86,2,33,239,2707,2,-241,1
433,12,306,159,22,24,0.86,2,56,172,2952,-6,238,1
433,13,364,126,16,18,0.86,2,34,239,2683,2,-241,1
434,12,305,162,22,27,0.87,2,57,172,2976,-6,238,1
434,13,363,124,16,18,0.87,2,35,239,2659,2,-241,1
435,12,305,168,22,25,0.85,2,58,172,3000,-6,238,1
435,13,364,123,15,16,0.86,2,36,240,2635,2,-241,1
436,12,304,172,22,28,0.88,2,59,171,3024,-6,238,1
436,13,362,119,16,18,0.84,2,37,240,2611,2,-241,1
437,12,303,176,23,29,0.88,2,60,171,3048,-5,238,1
437,13,362,118,16,18,0.84,2,38,240,2588,2,-241,1
438,12,301,183,24,30,0.89,2,61,171,3073,-5,238,1
438,13,361,116,16,17,0.85,2,39,240,2564,2,-241,1
439,12,300,188,24,30,0.90,2,62,170,3097,-5,238,1
439,13,361,114,16,16,0.85,2,40,241,2540,2,-241,1
440,12,298,195,26,32,0.90,2,63,170,3121,-5,238,1
440,13,361,112,15,16,0.84,2,41,241,2515,2,-241,1
441,12,297,199,26,36,0.89,2,64,170,3145,-5,238,1
441,13,361,111,15,16,0.84,2,42,241,2491,2,-241,1
442,12,294,208,28,37,0.89,2,65,170,3170,-5,239,1
442,13,360,109,15,15,0.86,2,43,242,2467,2,-241,1
443,12,294,216,28,38,0.89,2,66,169,3194,-5,239,1
443,13,361,108,14,15,0.86,2,44,242,2443,2,-241,1
444,12,290,227,30,40,0.89,2,67,169,3220,-5,239,1
444,13,360,106,14,16,0.85,2,45,242,2419,2,-241,1
445,12,288,234,31,42,0.90,2,68,169,3243,-5,239,1
445,13,359,105,14,15,0.84,2,46,242,2395,2,-241,1
446,12,286,247,32,46,0.90,2,69,169,3268,-5,239,1
446,13,359,104,14,14,0.83,2,47,243,2371,2,-241,1
447,12,283,256,34,48,0.90,2,70,169,3292,-4,239,1
447,13,359,103,14,14,0.84,2,48,243,2347,2,-240,1
448,12,280,272,36,52,0.90,2,71,169,3317,-4,239,1
448,13,359,101,14,14,0.84,2,49,243,2323,2,-240,1
449,12,276,284,38,57,0.90,2,72,169,3341,-4,239,1
449,13,359,101,14,14,0.83,2,50,244,2299,3,-240,1
450,12,270,302,42,64,0.90,2,73,169,3366,-4,239,1
450,13,359,99,13,14,0.82,2,51,244,2276,3,-240,1
451,12,266,319,44,68,0.91,2,74,168,3390,-4,239,1
451,13,359,98,12,13,0.80,2,52,244,2252,3,-240,1
452,12,258,343,50,80,0.91,2,75,168,3415,-4,240,1
452,13,359,97,12,13,0.79,2,53,245,2228,3,-240,1
453,12,253,364,52,88,0.91,2,76,168,3439,-4,240,1
453,13,359,96,12,14,0.81,2,54,245,2204,3,-240,1
454,12,242,400,59,104,0.92,2,77,168,3465,-4,240,1
454,13,359,96,12,13,0.81,2,55,245,2180,3,-240,1
455,13,358,94,12,14,0.80,2,56,246,2157,3,-240,1
456,13,358,93,12,13,0.82,2,57,246,2133,3,-240,1
457,13,358,93,12,13,0.81,2,58,246,2109,3,-240,1
458,13,358,92,12,12,0.82,2,59,247,2085,3,-240,1
459,13,358,92,12,12,0.79,2,60,247,2062,3,-240,1
460,13,358,90,11,11,0.73,2,61,247,2038,3,-240,1
461,13,358,90,11,12,0.70,2,62,248,2014,3,-240,1
462,13,358,88,11,12,0.72,2,63,248,1990,3,-240,1
463,13,359,88,10,11,0.71,2,64,248,1967,3,-240,1
464,13,358,88,11,11,0.67,2,65,249,1943,3,-240,1
465,13,359,87,10,10,0.72,2,66,249,1919,3,-240,1
466,13,359,86,10,11,0.71,2,67,249,1895,3,-240,1
467,13,359,86,10,11,0.71,2,68,250,1872,3,-240,1
468,13,359,84,10,10,0.74,2,69,250,1848,3,-240,1
469,13,359,84,10,10,0.67,2,70,251,1824,3,-240,1
470,13,359,84,10,10,0.46,2,71,251,1801,3,-240,1
471,13,359,84,10,10,0.51,2,72,252,1777,3,-239,1
472,13,359,82,10,10,0.53,2,73,252,1753,3,-239,1
473,13,360,82,9,10,0.37,2,74,252,1730,3,-239,1
474,13,360,82,9,9,0.52,2,75,253,1706,3,-239,1
475,13,359,81,10,10,0.48,2,76,253,1683,3,-239,1
477,14,346,57,12,16,0.32,7,1,248,878,0,-200,1
478,13,360,80,10,8,0.29,2,77,255,1611,3,-239,1
478,14,345,57,12,16,0.62,7,2,248,859,-30,-198,1
479,13,360,80,10,8,0.29,2,78,255,1587,3,-239,1
479,14,344,57,12,17,0.61,7,3,248,846,-36,-164,1
480,13,360,80,9,8,0.47,2,79,256,1564,3,-239,1
480,14,344,57,12,18,0.69,7,4,247,854,-29,-83,1
481,13,361,79,9,8,0.10,2,80,256,1540,4,-239,1
481,14,343,58,12,18,0.69,7,5,246,892,-31,35,1
482,14,341,58,13,18,0.73,7,6,244,939,-34,122,1
483,13,361,78,9,8,0.21,2,81,257,1493,4,-239,1
483,14,341,58,12,18,0.79,7,7,243,983,-35,175,1
484,14,340,58,13,18,0.80,7,8,241,1019,-35,201,1
485,14,339,59,14,18,0.75,7,9,239,1064,-34,232,1
486,14,338,58,14,19,0.79,7,10,236,1099,-34,245,1
487,14,338,58,14,20,0.78,7,11,234,1140,-33,261,1
488,14,336,58,14,20,0.78,7,12,232,1171,-33,266,1
489,14,336,58,14,20,0.79,7,13,230,1196,-33,264,1
490,14,335,59,15,20,0.79,7,14,227,1226,-32,267,1
491,14,335,59,14,20,0.80,7,15,225,1250,-32,266,1
492,14,334,60,14,20,0.81,7,16,222,1280,-31,268,1
493,14,334,60,14,20,0.84,7,17,220,1304,-31,266,1
494,14,334,60,14,20,0.84,7,18,217,1324,-30,262,1
495,14,333,60,14,21,0.85,7,19,215,1348,-29,261,1
496,14,332,60,15,21,0.86,7,20,213,1369,-29,258,1
497,14,332,60,14,22,0.86,7,21,211,1393,-28,258,1
498,14,330,61,14,22,0.84,7,22,208,1422,-28,259,1
499,14,330,61,14,22,0.84,7,23,206,1446,-28,258,1
500,14,328,61,15,22,0.82,7,24,204,1466,-28,256,1
501,14,328,62,16,22,0.83,7,25,201,1490,-27,255,1
502,14,327,62,16,23,0.83,7,26,199,1516,-27,255,1
503,14,327,62,15,23,0.83,7,27,197,1539,-27,254,1
504,14,326,63,15,22,0.82,7,28,195,1558,-27,252,1
505,14,326,63,15,23,0.80,7,29,193,1580,-26,251,1
506,14,325,64,15,23,0.84,7,30,190,1605,-26,250,1
507,14,325,64,15,23,0.84,7,31,188,1626,-26,249,1
508,14,324,64,16,24,0.84,7,32,186,1649,-25,249,1
509,14,323,65,16,24,0.84,7,33,184,1674,-25,248,1
510,14,322,65,16,24,0.84,7,34,182,1695,-25,248,1
511,14,322,64,16,26,0.84,7,35,180,1719,-25,247,1
512,14,322,66,16,25,0.83,7,36,178,1743,-24,247,1
513,14,322,66,15,25,0.83,7,37,176,1765,-24,246,1
514,14,321,66,16,26,0.84,7,38,174,1788,-24,246,1
515,14,320,66,16,26,0.84,7,39,173,1808,-23,245,1
516,14,320,66,16,27,0.85,7,40,171,1830,-23,244,1
517,14,319,66,16,28,0.84,7,41,169,1852,-23,243,1
518,14,318,67,17,28,0.84,7,42,168,1875,-23,243,1
519,14,318,68,16,27,0.84,7,43,166,1896,-22,242,1
520,14,318,68,16,28,0.84,7,44,164,1918,-22,242,1
520,15,489,379,70,82,0.92,2,1,265,3446,0,-200,1
521,14,316,69,17,28,0.84,7,45,163,1940,-22,241,1
521,15,478,350,60,72,0.92,2,2,265,3419,3,-267,1
522,14,316,70,17,28,0.85,7,46,161,1963,-21,241,1
522,15,464,314,52,60,0.91,2,3,265,3381,6,-327,1
523,14,316,70,17,28,0.84,7,47,160,1983,-21,240,1
523,15,455,293,48,56,0.91,2,4,265,3350,6,-321,1
524,14,314,71,18,28,0.84,7,48,158,2004,-21,240,1
524,15,444,268,44,49,0.90,2,5,265,3314,5,-331,1
525,14,314,71,18,28,0.84,7,49,157,2023,-21,239,1
525,15,440,254,40,46,0.90,2,6,266,3283,6,-328,1
526,14,313,72,18,29,0.85,7,50,156,2045,-20,238,1
526,15,432,235,36,42,0.91,2,7,266,3248,6,-331,1
527,14,312,72,18,29,0.85,7,51,154,2065,-20,237,1
527,15,427,224,34,39,0.89,2,8,266,3215,5,-331,1
528,14,312,74,18,29,0.85,7,52,153,2087,-20,237,1
528,15,422,212,30,34,0.90,2,9,266,3181,5,-333,1
529,14,311,74,18,30,0.84,7,53,152,2109,-20,237,1
529,15,418,203,30,32,0.90,2,10,267,3147,5,-333,1
530,14,311,75,18,30,0.85,7,54,151,2132,-20,236,1
530,15,414,192,26,30,0.87,2,11,267,3113,5,-334,1
531,14,310,76,18,30,0.85,7,55,149,2154,-19,236,1
531,15,410,184,26,30,0.89,2,12,268,3080,5,-334,1
532,14,310,77,18,30,0.85,7,56,148,2176,-19,236,1
532,15,407,176,24,28,0.88,2,13,268,3046,5,-334,1
533,14,309,76,18,32,0.85,7,57,147,2198,-19,236,1
533,15,404,170,24,27,0.89,2,14,268,3013,5,-334,1
534,14,308,77,19,33,0.85,7,58,146,2221,-19,236,1
534,15,400,162,24,26,0.87,2,15,269,2979,4,-334,1
535,14,308,78,19,32,0.85,7,59,145,2243,-18,235,1
535,15,400,159,20,24,0.88,2,16,269,2946,4,-334,1
536,14,307,78,20,34,0.85,7,60,144,2265,-18,235,1
536,15,396,152,20,24,0.88,2,17,269,2913,4,-334,1
537,14,306,78,20,35,0.84,7,61,143,2288,-18,235,1
537,15,395,148,20,23,0.88,2,18,270,2880,4,-333,1
538,14,306,78,19,36,0.85,7,62,142,2310,-18,235,1
538,15,392,142,20,22,0.88,2,19,270,2846,4,-334,1
539,14,305,79,20,36,0.86,7,63,141,2331,-17,234,1
539,15,390,139,20,22,0.88,2,20,270,2814,4,-333,1
540,14,304,81,21,36,0.87,7,64,140,2354,-17,234,1
540,15,389,135,18,20,0.87,2,21,271,2780,4,-333,1
541,14,304,80,21,38,0.88,7,65,139,2375,-17,234,1
541,15,386,131,20,22,0.86,2,22,271,2747,4,-333,1
542,14,303,81,22,38,0.87,7,66,138,2397,-17,234,1
542,15,386,128,16,19,0.87,2,23,271,2714,4,-333,1
543,14,302,82,21,38,0.87,7,67,138,2418,-16,233,1
543,15,384,125,16,20,0.86,2,24,272,2681,4,-333,1
544,14,301,83,22,40,0.87,7,68,137,2440,-16,233,1
544,15,382,122,18,18,0.86,2,25,272,2648,4,-333,1
545,14,300,83,22,40,0.87,7,69,136,2461,-16,233,1
545,15,382,120,16,18,0.86,2,26,272,2615,4,-333,1
546,14,299,85,24,40,0.88,7,70,136,2482,-16,232,1
546,15,380,116,16,19,0.86,2,27,272,2582,3,-332,1
547,14,298,86,23,40,0.88,7,71,135,2503,-16,232,1
547,15,380,114,16,18,0.85,2,28,273,2549,3,-332,1
548,14,297,87,24,42,0.88,7,72,134,2525,-15,232,1
548,15,379,112,16,18,0.85,2,29,273,2517,3,-332,1
549,14,296,88,24,42,0.88,7,73,134,2546,-15,232,1
549,15,378,111,16,16,0.85,2,30,273,2484,3,-332,1
550,14,296,90,24,42,0.87,7,74,133,2568,-15,231,1
550,15,377,108,16,16,0.84,2,31,274,2451,3,-332,1
551,14,295,90,24,44,0.88,7,75,132,2590,-15,231,1
551,15,376,106,16,16,0.84,2,32,274,2418,4,-332,1
552,14,294,90,25,46,0.88,7,76,132,2611,-15,231,1
552,15,376,104,15,16,0.83,2,33,274,2385,4,-332,1
553,14,293,93,25,45,0.88,7,77,131,2633,-15,231,1
553,15,375,102,15,16,0.83,2,34,275,2352,4,-332,1
554,14,292,94,26,46,0.89,7,78,131,2655,-14,231,1
554,15,374,100,15,16,0.84,2,35,275,2320,4,-331,1
555,14,291,96,26,46,0.88,7,79,130,2676,-14,230,1
555,15,375,99,14,16,0.83,2,36,275,2287,4,-331,1
556,14,290,96,26,48,0.88,7,80,130,2697,-14,230,1
556,15,373,97,14,16,0.83,2,37,276,2255,4,-331,1
557,14,288,96,28,50,0.89,7,81,129,2718,-14,230,1
557,15,373,96,14,15,0.84,2,38,276,2222,4,-331,1
558,14,288,98,28,50,0.89,7,82,129,2739,-14,230,1
558,15,372,95,14,14,0.84,2,39,276,2189,4,-331,1
559,14,286,100,28,50,0.88,7,83,128,2759,-14,229,1
559,15,372,94,14,14,0.85,2,40,277,2157,4,-331,1
560,14,285,100,29,54,0.89,7,84,128,2781,-13,229,1
560,15,373,94,12,13,0.84,2,41,277,2125,4,-330,1
561,14,284,102,29,54,0.89,7,85,127,2802,-13,229,1
561,15,373,92,12,14,0.83,2,42,277,2092,4,-330,1
562,14,283,103,30,56,0.89,7,86,127,2823,-13,229,1
562,15,373,91,12,13,0.82,2,43,278,2060,4,-330,1
563,14,282,106,31,56,0.88,7,87,126,2843,-13,228,1
563,15,372,90,12,12,0.79,2,44,278,2027,4,-330,1
564,14,280,107,32,58,0.89,7,88,126,2864,-13,228,1
564,15,372,89,12,12,0.79,2,45,279,1995,4,-330,1
565,14,278,108,32,60,0.89,7,89,125,2885,-13,228,1
565,15,372,88,11,12,0.81,2,46,279,1963,4,-330,1
566,14,277,110,34,62,0.89,7,90,125,2906,-13,228,1
566,15,371,88,12,12,0.77,2,47,280,1931,4,-329,1
567,14,275,111,34,63,0.90,7,91,125,2926,-12,227,1
567,15,371,86,12,12,0.73,2,48,280,1898,4,-329,1
568,14,272,113,36,66,0.89,7,92,124,2947,-12,227,1
568,15,371,84,11,12,0.73,2,49,281,1866,4,-329,1
569,14,271,114,38,68,0.90,7,93,124,2968,-12,227,1
569,15,371,83,11,12,0.71,2,50,282,1833,4,-329,1
570,14,270,117,38,70,0.89,7,94,123,2989,-12,227,1
570,15,370,83,11,12,0.59,2,51,282,1801,5,-329,1
571,14,268,118,39,72,0.89,7,95,123,3009,-12,226,1
571,15,371,82,10,11,0.59,2,52,283,1769,5,-329,1
572,14,265,121,40,75,0.88,7,96,122,3030,-12,226,1
572,15,371,82,10,11,0.61,2,53,283,1737,5,-329,1
573,14,264,124,40,76,0.89,7,97,122,3050,-12,226,1
573,15,371,80,10,11,0.60,2,54,284,1704,5,-329,1
574,14,261,126,42,80,0.89,7,98,122,3070,-11,226,1
574,15,371,80,10,11,0.60,2,55,285,1672,5,-329,1
575,14,258,128,43,82,0.89,7,99,121,3091,-11,226,1
575,15,371,80,10,11,0.63,2,56,285,1640,5,-328,1
576,14,254,132,46,86,0.90,7,100,121,3111,-11,225,1
576,15,372,78,10,11,0.49,2,57,286,1608,5,-328,1
577,14,252,133,47,90,0.90,7,101,121,3132,-11,225,1
578,14,248,136,50,95,0.92,7,102,120,3152,-11,225,1
579,14,245,139,50,98,0.92,7,103,120,3173,-11,225,1
580,14,241,143,52,104,0.91,7,104,119,3193,-11,224,1
580,16,373,76,9,10,0.61,2,1,312,1569,0,-200,1
581,14,237,146,54,109,0.89,7,105,119,3214,-11,224,1
581,16,373,76,9,10,0.61,2,2,312,1550,9,-191,1
582,14,230,150,60,115,0.91,7,106,119,3235,-11,224,1
582,16,373,75,9,10,0.31,2,3,312,1531,10,-192,1
583,14,228,154,61,120,0.92,7,107,118,3255,-11,224,1
583,16,374,74,8,9,0.40,2,4,312,1497,16,-242,1
584,14,220,158,67,130,0.91,7,108,118,3276,-10,224,1
584,16,375,74,8,9,0.42,2,5,313,1464,22,-262,1
584,17,418,403,60,86,0.91,2,1,234,3463,0,-200,1
585,14,215,162,69,136,0.92,7,109,118,3296,-10,224,1
585,16,375,74,8,9,0.35,2,6,314,1439,23,-260,1
585,17,412,372,56,76,0.92,2,2,234,3438,7,-248,1
586,14,206,169,75,146,0.93,7,110,117,3317,-10,223,1
586,16,375,73,8,9,0.41,2,7,315,1408,23,-268,1
586,17,406,335,48,64,0.91,2,3,234,3404,7,-297,1
587,14,200,174,80,154,0.93,7,111,117,3338,-10,223,1
587,16,375,73,8,9,0.44,2,8,316,1386,22,-262,1
587,17,402,315,44,58,0.91,2,4,234,3376,6,-291,1
588,14,188,179,88,170,0.92,7,112,117,3359,-10,223,1
588,16,375,73,9,8,0.22,2,9,318,1357,22,-265,1
588,17,397,288,38,52,0.90,2,5,234,3344,5,-299,1
589,14,182,184,92,181,0.92,7,113,116,3380,-10,223,1
589,16,376,73,9,8,0.18,2,10,319,1335,23,-260,1
589,17,394,272,36,48,0.90,2,6,235,3315,5,-298,1
590,14,168,193,101,199,0.93,7,114,116,3401,-10,223,1
590,17,391,251,34,46,0.91,2,7,235,3283,5,-301,1
591,14,158,199,109,213,0.94,7,115,116,3421,-10,223,1
591,17,388,240,32,42,0.90,2,8,235,3254,5,-300,1
592,14,139,211,122,238,0.93,7,116,115,3442,-10,222,1
592,17,385,226,30,38,0.90,2,9,235,3222,5,-302,1
593,14,124,223,132,256,0.94,7,117,115,3463,-10,222,1
593,17,383,217,28,36,0.88,2,10,236,3192,4,-302,1
594,14,99,229,152,301,0.91,7,118,115,3484,-9,222,1
594,17,380,205,28,33,0.89,2,11,236,3161,4,-303,1
595,17,380,198,26,32,0.89,2,12,236,3131,5,-303,1
596,17,377,188,24,30,0.89,2,13,237,3100,4,-303,1
597,17,376,181,24,30,0.88,2,14,237,3070,4,-303,1
598,17,374,174,24,28,0.88,2,15,237,3039,4,-303,1
599,17,374,168,22,27,0.89,2,16,238,3009,4,-304,1
600,17,372,161,21,26,0.88,2,17,238,2978,4,-304,1
601,17,371,159,22,24,0.87,2,18,238,2948,4,-304,1
602,17,370,152,20,24,0.86,2,19,239,2917,4,-304,1
603,17,369,146,20,25,0.88,2,20,239,2887,4,-304,1
604,17,368,144,19,23,0.87,2,21,239,2857,4,-304,1
605,17,367,140,20,23,0.87,2,22,240,2827,4,-304,1
606,17,367,135,18,23,0.87,2,23,240,2796,4,-304,1
607,17,366,134,18,20,0.86,2,24,240,2766,4,-304,1
608,17,365,131,18,19,0.86,2,25,241,2736,4,-303,1
609,17,365,128,17,20,0.86,2,26,241,2706,4,-303,1
610,17,365,124,16,20,0.86,2,27,242,2676,4,-303,1
611,17,364,122,16,18,0.87,2,28,242,2646,4,-303,1
612,17,363,119,16,18,0.85,2,29,242,2615,4,-303,1
613,17,362,117,16,18,0.84,2,30,243,2585,4,-303,1
614,17,362,116,16,17,0.85,2,31,243,2555,4,-303,1
615,17,362,113,15,17,0.84,2,32,243,2525,4,-303,1
616,17,362,111,14,16,0.84,2,33,244,2495,4,-303,1
617,17,361,109,14,16,0.85,2,34,244,2465,4,-303,1
618,17,361,107,14,15,0.85,2,35,244,2435,4,-303,1
619,17,360,106,14,15,0.84,2,36,245,2405,4,-303,1
620,17,360,104,14,15,0.83,2,37,245,2375,4,-303,1
621,17,360,102,14,15,0.84,2,38,246,2345,4,-302,1
622,17,359,101,14,14,0.84,2,39,246,2315,4,-302,1
623,17,360,100,13,14,0.84,2,40,246,2285,4,-302,1
624,17,360,98,13,14,0.82,2,41,247,2255,4,-302,1
625,17,359,97,13,14,0.80,2,42,247,2225,4,-302,1
626,17,359,96,12,13,0.78,2,43,247,2195,4,-302,1
627,17,359,94,12,14,0.81,2,44,248,2165,4,-302,1
628,17,359,94,12,12,0.80,2,45,248,2135,4,-302,1
629,17,359,94,12,13,0.81,2,46,249,2106,4,-302,1
630,17,359,92,12,12,0.80,2,47,249,2076,4,-302,1
630,18,387,287,98,198,0.91,7,1,230,3461,0,-200,1
631,17,359,91,12,12,0.77,2,48,249,2046,4,-302,1
631,18,384,272,92,183,0.91,7,2,230,3443,2,-183,1
632,17,358,90,11,11,0.67,2,49,250,2017,4,-301,1
632,18,381,253,84,164,0.92,7,3,230,3418,3,-215,1
632,19,496,296,138,184,0.84,7,1,277,3457,0,-200,1
633,17,358,88,12,12,0.69,2,50,250,1987,4,-301,1
633,18,380,244,80,153,0.92,7,4,230,3399,4,-209,1
633,19,490,282,116,168,0.88,7,2,277,3439,-6,-186,1
634,17,358,88,11,12,0.68,2,51,251,1957,4,-301,1
634,18,377,228,72,139,0.92,7,5,230,3375,3,-216,1
634,19,480,266,108,152,0.89,7,3,276,3417,-1,-202,1
635,17,358,87,11,12,0.67,2,52,251,1928,4,-301,1
635,18,376,221,68,130,0.92,7,6,230,3354,3,-215,1
635,19,474,256,100,143,0.90,7,4,276,3399,-0,-194,1
636,17,359,86,10,11,0.64,2,53,252,1898,4,-301,1
636,18,374,209,64,121,0.92,7,7,230,3331,3,-217,1
636,19,468,242,88,136,0.89,7,5,276,3381,-1,-192,1
637,17,358,86,11,11,0.65,2,54,252,1869,4,-301,1
637,18,374,202,60,115,0.92,7,8,231,3310,3,-216,1
637,19,462,233,84,128,0.91,7,6,276,3363,-1,-189,1
638,17,358,84,11,11,0.64,2,55,253,1839,4,-301,1
638,18,371,193,58,106,0.91,7,9,231,3287,3,-218,1
638,19,455,222,80,120,0.90,7,7,276,3343,-0,-190,1
639,17,359,84,10,10,0.62,2,56,253,1809,4,-301,1
639,18,370,186,56,102,0.93,7,10,231,3265,3,-218,1
639,19,450,214,76,115,0.90,7,8,276,3325,-0,-189,1
640,17,359,83,10,10,0.50,2,57,253,1779,4,-301,1
640,18,369,179,52,96,0.91,7,11,231,3243,3,-218,1
640,19,448,205,64,108,0.90,7,9,276,3306,-0,-189,1
641,17,359,82,10,10,0.54,2,58,254,1750,4,-301,1
641,18,368,174,50,91,0.90,7,12,231,3221,3,-219,1
641,19,444,200,64,104,0.90,7,10,276,3288,-0,-188,1
642,17,360,81,10,10,0.62,2,59,254,1720,4,-301,1
642,18,367,168,48,86,0.91,7,13,231,3198,3,-219,1
642,19,440,192,60,99,0.89,7,11,276,3269,0,-188,1
643,17,360,81,10,10,0.58,2,60,255,1690,4,-301,1
643,18,367,163,46,84,0.90,7,14,232,3177,3,-219,1
643,19,436,188,60,98,0.90,7,12,276,3252,0,-186,1
644,17,360,81,10,10,0.56,2,61,256,1661,5,-300,1
644,18,366,158,44,79,0.90,7,15,232,3155,3,-219,1
644,19,432,180,58,96,0.90,7,13,276,3235,0,-185,1
645,17,360,80,10,10,0.53,2,62,256,1632,5,-300,1
645,18,364,153,44,78,0.91,7,16,232,3133,3,-219,1
645,19,430,176,56,90,0.89,7,14,276,3217,0,-184,1
646,17,360,79,10,10,0.53,2,63,257,1602,5,-300,1
646,18,365,148,40,74,0.90,7,17,232,3111,3,-219,1
646,19,428,170,52,85,0.90,7,15,276,3199,1,-184,1
647,17,361,79,10,10,0.54,2,64,257,1573,5,-300,1
647,18,364,146,40,72,0.90,7,18,233,3090,3,-218,1
647,19,424,166,54,84,0.90,7,16,277,3181,1,-184,1
648,17,361,78,10,10,0.54,2,65,258,1544,5,-300,1
648,18,364,142,37,68,0.89,7,19,233,3068,3,-218,1
648,19,422,162,50,81,0.90,7,17,277,3163,1,-183,1
649,17,361,78,10,10,0.54,2,66,259,1515,5,-300,1
649,18,364,140,36,66,0.90,7,20,233,3047,3,-218,1
649,19,420,159,48,78,0.89,7,18,277,3146,1,-183,1
650,18,362,135,36,64,0.90,7,21,233,3025,3,-218,1
650,19,418,154,44,76,0.89,7,19,277,3128,1,-183,1
651,18,362,133,34,62,0.90,7,22,234,3004,3,-218,1
651,19,416,152,44,75,0.89,7,20,277,3111,1,-182,1
652,18,361,129,34,60,0.90,7,23,234,2982,3,-218,1
652,19,414,146,40,73,0.88,7,21,277,3094,1,-182,1
653,18,361,127,33,58,0.89,7,24,234,2960,3,-218,1
653,19,412,144,40,71,0.89,7,22,277,3076,1,-181,1
654,18,361,125,31,55,0.90,7,25,234,2938,3,-218,1
654,19,410,140,40,70,0.88,7,23,277,3059,1,-181,1
655,18,360,122,32,56,0.90,7,26,235,2917,3,-218,1
655,19,410,138,36,68,0.88,7,24,277,3042,1,-180,1
656,18,360,120,29,54,0.90,7,27,235,2896,3,-218,1
656,19,408,135,36,66,0.88,7,25,278,3024,1,-180,1
657,18,359,118,30,53,0.90,7,28,235,2875,3,-217,1
657,19,405,133,36,65,0.89,7,26,278,3007,1,-180,1
658,18,359,115,29,52,0.89,7,29,235,2853,3,-217,1
658,19,404,130,34,63,0.88,7,27,278,2990,1,-179,1
659,18,359,114,28,50,0.90,7,30,235,2832,3,-217,1
659,19,403,128,34,63,0.88,7,28,278,2973,1,-179,1
660,18,359,112,26,48,0.90,7,31,236,2811,3,-217,1
660,19,402,126,32,61,0.89,7,29,278,2957,1,-178,1
661,18,359,110,26,48,0.90,7,32,236,2790,3,-217,1
661,19,401,126,32,58,0.88,7,30,278,2940,1,-178,1
662,18,358,108,26,46,0.89,7,33,236,2768,3,-217,1
662,19,399,122,32,58,0.88,7,31,278,2923,1,-178,1
663,18,358,108,26,45,0.89,7,34,236,2747,3,-216,1
663,19,399,120,30,59,0.87,7,32,278,2907,1,-177,1
664,18,357,105,26,44,0.88,7,35,237,2726,3,-216,1
664,19,397,118,30,56,0.88,7,33,278,2890,1,-177,1
665,18,357,104,26,44,0.88,7,36,237,2705,3,-216,1
665,19,396,116,30,56,0.88,7,34,278,2873,1,-177,1
666,18,357,102,24,42,0.88,7,37,237,2683,3,-216,1
666,19,396,115,28,54,0.88,7,35,278,2856,1,-176,1
667,18,357,101,24,42,0.88,7,38,237,2662,3,-216,1
667,19,394,115,28,52,0.87,7,36,279,2840,1,-176,1
668,18,356,100,24,40,0.87,7,39,238,2641,3,-216,1
668,19,393,113,28,52,0.88,7,37,279,2823,1,-176,1
669,18,356,98,24,40,0.87,7,40,238,2620,3,-216,1
669,19,392,112,28,51,0.87,7,38,279,2807,1,-175,1
670,18,356,97,23,39,0.88,7,41,238,2598,3,-216,1
670,19,392,110,26,50,0.87,7,39,279,2791,1,-175,1
671,18,356,96,22,38,0.87,7,42,238,2577,3,-216,1
671,19,391,108,26,49,0.87,7,40,279,2774,1,-175,1
672,18,356,95,22,36,0.87,7,43,239,2555,3,-216,1
672,19,390,106,24,48,0.87,7,41,279,2757,1,-175,1
673,18,355,94,22,37,0.86,7,44,239,2534,3,-216,1
673,19,389,105,26,48,0.86,7,42,279,2741,1,-174,1
674,18,355,92,22,36,0.87,7,45,239,2513,3,-216,1
674,19,388,105,24,46,0.87,7,43,279,2724,1,-174,1
674,20,428,416,72,96,0.92,2,1,237,3475,0,-200,1
675,18,356,92,21,35,0.87,7,46,239,2491,3,-215,1
675,19,388,105,24,44,0.87,7,44,279,2708,1,-174,1
675,20,422,386,64,85,0.92,2,2,237,3453,3,-224,1
676,18,355,90,21,35,0.87,7,47,240,2470,3,-215,1
676,19,387,103,24,44,0.88,7,45,279,2691,1,-174,1
676,20,414,350,56,70,0.92,2,3,237,3421,3,-273,1
677,18,355,89,21,35,0.86,7,48,240,2449,3,-215,1
677,19,386,101,24,44,0.88,7,46,280,2675,1,-174,1
677,20,410,327,52,66,0.91,2,4,237,3395,4,-268,1
678,18,355,88,20,34,0.86,7,49,240,2427,3,-215,1
678,19,384,101,24,42,0.87,7,47,280,2658,1,-173,1
678,20,406,300,44,57,0.91,2,5,238,3364,5,-278,1
679,18,355,88,20,32,0.85,7,50,240,2405,3,-215,1
679,19,384,100,24,42,0.87,7,48,280,2642,1,-173,1
679,20,401,284,42,53,0.91,2,6,238,3337,4,-278,1
680,18,355,87,20,32,0.85,7,51,241,2384,3,-215,1
680,19,384,99,22,40,0.87,7,49,280,2625,1,-173,1
680,20,397,264,38,48,0.92,2,7,238,3307,4,-281,1
681,18,355,86,19,32,0.85,7,52,241,2363,3,-215,1
681,19,384,98,22,40,0.87,7,50,280,2608,1,-173,1
681,20,394,250,36,47,0.91,2,8,238,3279,4,-281,1
682,18,354,86,19,30,0.85,7,53,241,2341,3,-215,1
682,19,383,98,22,38,0.87,7,51,280,2591,1,-173,1
682,20,391,235,34,42,0.90,2,9,238,3250,4,-283,1
683,18,355,86,18,29,0.84,7,54,241,2320,3,-215,1
683,19,384,98,20,37,0.87,7,52,280,2575,1,-173,1
683,20,389,226,32,40,0.90,2,10,239,3222,4,-283,1
684,18,355,84,18,30,0.85,7,55,242,2298,3,-215,1
684,19,382,95,20,38,0.86,7,53,280,2558,1,-173,1
684,20,386,213,30,38,0.89,2,11,239,3192,4,-284,1
685,18,355,84,18,28,0.85,7,56,242,2276,3,-215,1
685,19,382,96,20,36,0.87,7,54,280,2541,1,-172,1
685,20,384,206,30,36,0.89,2,12,239,3164,4,-283,1
686,18,355,84,18,27,0.85,7,57,242,2255,3,-215,1
686,19,381,94,20,36,0.86,7,55,281,2524,1,-172,1
686,20,383,196,28,34,0.90,2,13,239,3136,4,-284,1
687,18,355,82,17,28,0.83,7,58,243,2233,3,-215,1
687,19,381,93,20,36,0.85,7,56,281,2507,1,-172,1
687,20,382,190,26,32,0.88,2,14,240,3107,4,-284,1
688,18,355,82,17,28,0.83,7,59,243,2212,3,-215,1
688,19,380,95,20,32,0.85,7,57,281,2490,1,-172,1
688,20,380,181,24,31,0.89,2,15,240,3079,4,-284,1
689,18,354,82,17,27,0.84,7,60,243,2191,3,-215,1
689,19,380,94,20,32,0.86,7,58,281,2473,1,-172,1
689,20,378,176,24,30,0.89,2,16,240,3050,4,-284,1
690,18,355,80,16,28,0.83,7,61,243,2170,3,-215,1
690,19,380,93,18,32,0.85,7,59,281,2457,1,-172,1
690,20,376,170,24,28,0.88,2,17,241,3022,4,-284,1
691,18,355,80,16,27,0.83,7,62,244,2149,3,-215,1
691,19,380,94,18,30,0.84,7,60,281,2440,1,-172,1
691,20,376,166,22,26,0.87,2,18,241,2993,4,-284,1
692,18,355,79,16,27,0.83,7,63,244,2127,3,-215,1
692,19,378,94,20,29,0.84,7,61,281,2423,1,-172,1
692,20,374,160,22,25,0.88,2,19,241,2965,4,-284,1
693,18,356,78,14,26,0.82,7,64,244,2106,3,-215,1
693,19,379,92,18,30,0.84,7,62,282,2406,1,-172,1
693,20,373,156,22,24,0.89,2,20,242,2936,4,-284,1
694,18,356,78,14,26,0.82,7,65,245,2085,3,-215,1
694,19,378,91,18,29,0.85,7,63,282,2389,1,-172,1
694,20,371,150,22,24,0.87,2,21,242,2908,4,-284,1
695,18,356,79,14,24,0.82,7,66,245,2064,3,-215,1
695,19,378,91,18,28,0.86,7,64,282,2372,1,-172,1
695,20,370,146,22,25,0.87,2,22,242,2879,4,-284,1
696,18,356,78,13,24,0.81,7,67,245,2042,3,-215,1
696,19,377,88,18,29,0.85,7,65,282,2355,1,-172,1
696,20,370,142,20,23,0.86,2,23,243,2851,4,-284,1
696,21,402,407,72,116,0.92,2,1,228,3481,0,-200,1
697,18,356,78,13,24,0.79,7,68,246,2021,3,-215,1
697,19,377,89,18,28,0.86,7,66,282,2338,1,-172,1
697,20,368,140,20,22,0.89,2,24,243,2823,3,-284,1
697,21,398,377,64,102,0.92,2,2,228,3458,3,-230,1
698,18,357,77,12,24,0.76,7,69,246,2000,3,-215,1
698,19,376,88,18,28,0.85,7,67,282,2321,1,-172,1
698,20,367,135,20,22,0.87,2,25,243,2794,3,-284,1
698,21,392,339,56,88,0.90,2,3,228,3426,2,-274,1
698,22,435,215,184,292,0.95,7,1,259,3472,0,-200,1
699,18,356,76,13,24,0.72,7,70,246,1979,3,-215,1
699,19,376,88,18,28,0.85,7,68,283,2305,1,-172,1
699,20,368,134,18,20,0.87,2,26,244,2766,3,-284,1
699,21,389,318,52,80,0.92,2,4,228,3400,3,-270,1
699,22,434,209,166,270,0.93,7,2,259,3457,5,-157,1
700,18,357,76,12,22,0.66,7,71,247,1958,3,-215,1
700,19,375,86,18,28,0.83,7,69,283,2288,1,-172,1
700,20,367,131,17,20,0.86,2,27,244,2738,3,-284,1
700,21,384,291,48,70,0.91,2,5,228,3369,3,-280,1
700,22,430,199,148,242,0.94,7,3,259,3435,5,-185,1
701,18,357,77,12,22,0.65,7,72,247,1937,3,-215,1
701,19,376,86,16,27,0.84,7,70,283,2271,1,-172,1
701,20,366,128,18,20,0.86,2,28,244,2710,3,-284,1
701,21,382,276,44,64,0.91,2,6,228,3341,3,-280,1
701,22,427,195,138,226,0.95,7,4,259,3418,5,-182,1
702,18,356,77,12,20,0.46,7,73,247,1916,3,-215,1
702,19,375,84,17,27,0.82,7,71,283,2254,1,-172,1
702,20,366,126,16,18,0.84,2,29,245,2681,3,-284,1
702,21,379,256,40,58,0.90,2,7,228,3311,3,-284,1
702,22,422,186,128,204,0.93,7,5,260,3397,5,-189,1
703,18,356,74,13,22,0.65,7,74,248,1894,3,-215,1
703,19,375,83,16,28,0.79,7,72,283,2237,2,-172,1
703,20,366,126,16,16,0.85,2,30,245,2653,3,-284,1
703,21,376,244,40,54,0.90,2,8,228,3282,3,-284,1
703,22,420,182,118,192,0.92,7,6,260,3378,5,-189,1
704,18,356,75,12,20,0.74,7,75,248,1873,3,-215,1
704,19,375,83,16,28,0.81,7,73,284,2220,2,-171,1
704,20,365,122,16,17,0.84,2,31,245,2625,3,-284,1
704,21,374,229,36,50,0.90,2,9,229,3253,3,-286,1
704,22,416,175,108,176,0.93,7,7,260,3357,4,-192,1
705,18,356,75,12,20,0.72,7,76,249,1852,3,-215,1
705,19,374,82,16,28,0.81,7,74,284,2203,2,-171,1
705,20,364,118,16,18,0.85,2,32,245,2597,3,-284,1
705,21,373,220,34,48,0.90,2,10,229,3225,3,-285,1
705,22,412,171,104,168,0.92,7,8,260,3338,4,-191,1
706,18,356,74,12,20,0.60,7,77,249,1830,3,-214,1
706,19,374,82,15,26,0.82,7,75,284,2186,2,-171,1
706,20,364,117,14,16,0.86,2,33,246,2569,3,-283,1
706,21,372,208,32,44,0.89,2,11,229,3195,3,-286,1
706,22,412,165,96,154,0.93,7,9,260,3318,4,-193,1
707,18,356,74,12,19,0.39,7,78,249,1809,3,-214,1
707,19,373,81,16,26,0.79,7,76,284,2169,2,-171,1
707,20,364,116,14,15,0.86,2,34,246,2541,3,-283,1
707,21,371,201,30,42,0.90,2,12,229,3167,3,-286,1
707,22,410,163,90,146,0.93,7,10,261,3298,4,-193,1
708,18,356,74,12,19,0.46,7,79,250,1788,3,-214,1
708,19,373,78,16,29,0.80,7,77,284,2152,2,-171,1
708,20,363,114,14,15,0.83,2,35,246,2513,3,-283,1
708,21,369,191,28,39,0.89,2,13,229,3137,3,-287,1
708,22,408,157,84,136,0.93,7,11,261,3278,4,-194,1
709,18,357,74,11,19,0.39,7,80,250,1767,3,-214,1
709,19,372,77,17,29,0.81,7,78,285,2135,2,-171,1
709,20,362,112,14,15,0.83,2,36,247,2485,3,-283,1
709,21,368,186,28,37,0.89,2,14,230,3109,3,-286,1
709,22,406,155,82,129,0.93,7,12,261,3258,4,-195,1
710,18,358,73,10,18,0.22,7,81,251,1745,3,-214,1
710,19,371,74,18,32,0.81,7,79,285,2119,2,-171,1
710,20,362,111,14,14,0.81,2,37,247,2457,3,-283,1
710,21,367,178,26,34,0.89,2,15,230,3080,3,-287,1
710,22,404,150,76,123,0.92,7,13,262,3238,4,-195,1
711,18,357,71,12,20,0.34,7,82,251,1724,3,-214,1
711,19,372,76,16,29,0.78,7,80,285,2102,2,-171,1
711,20,361,110,14,12,0.80,2,38,247,2428,3,-283,1
711,21,366,172,26,34,0.89,2,16,230,3051,3,-287,1
711,22,403,147,74,118,0.92,7,14,262,3219,4,-195,1
712,18,358,72,11,18,0.30,7,83,252,1703,3,-214,1
712,19,372,74,16,30,0.79,7,81,285,2085,2,-171,1
712,20,362,109,12,12,0.79,2,39,247,2400,3,-283,1
712,21,366,166,24,32,0.89,2,17,230,3022,3,-287,1
712,22,401,144,70,110,0.92,7,15,262,3199,5,-195,1
713,18,358,72,10,18,0.26,7,84,252,1682,3,-214,1
713,19,371,74,16,30,0.80,7,82,285,2068,2,-171,1
713,20,360,107,13,13,0.79,2,40,248,2373,3,-283,1
713,21,365,162,23,30,0.90,2,18,231,2994,3,-287,1
713,22,400,141,68,106,0.93,7,16,263,3179,5,-195,1
714,18,358,72,10,18,0.27,7,85,252,1661,3,-214,1
714,19,371,74,16,29,0.80,7,83,285,2052,2,-171,1
714,20,361,106,13,12,0.74,2,41,248,2345,3,-283,1
714,21,364,156,22,30,0.89,2,19,231,2965,3,-287,1
714,22,398,137,62,102,0.92,7,17,263,3159,4,-196,1
715,18,358,73,10,16,0.27,7,86,253,1640,3,-214,1
715,19,370,73,16,29,0.80,7,84,286,2035,2,-171,1
715,20,360,104,12,12,0.76,2,42,248,2317,3,-283,1
715,21,364,151,22,30,0.88,2,20,231,2937,3,-287,1
715,22,397,135,60,98,0.92,7,18,263,3140,4,-195,1
716,18,358,72,10,16,0.24,7,87,253,1619,3,-214,1
716,19,370,74,16,27,0.80,7,85,286,2018,2,-171,1
716,20,360,102,13,12,0.78,2,43,248,2289,3,-283,1
716,21,364,148,20,27,0.88,2,21,232,2908,3,-287,1
716,22,396,133,56,92,0.92,7,19,264,3120,4,-196,1
717,18,359,73,10,15,0.28,7,88,254,1598,3,-214,1
717,19,371,73,14,27,0.79,7,86,286,2001,2,-171,1
717,20,360,100,12,13,0.75,2,44,249,2261,3,-282,1
717,21,363,144,20,26,0.86,2,22,232,2879,3,-287,1
717,22,395,130,56,90,0.91,7,20,264,3101,4,-196,1
718,18,358,72,11,16,0.30,7,89,254,1577,4,-214,1
718,19,371,74,14,25,0.78,7,87,286,1984,2,-171,1
718,20,360,99,12,12,0.71,2,45,249,2233,3,-282,1
718,21,362,140,19,26,0.88,2,23,232,2851,3,-287,1
718,22,392,128,56,85,0.91,7,21,265,3081,4,-196,1
719,18,359,73,10,14,0.30,7,90,255,1556,4,-214,1
719,19,371,74,14,25,0.79,7,88,286,1967,2,-171,1
719,20,360,99,12,12,0.70,2,46,249,2206,3,-282,1
719,21,362,137,19,25,0.87,2,24,232,2822,3,-287,1
719,22,392,127,52,82,0.91,7,22,265,3061,4,-196,1
720,18,360,72,10,14,0.37,7,91,255,1535,4,-214,1
720,19,370,73,14,24,0.78,7,89,287,1950,2,-171,1
720,20,359,98,12,10,0.67,2,47,249,2178,3,-282,1
720,21,360,133,19,24,0.88,2,25,233,2794,3,-287,1
720,22,390,122,52,80,0.92,7,23,265,3041,4,-196,1
721,18,359,72,11,13,0.38,7,92,256,1513,4,-214,1
721,19,370,74,14,23,0.75,7,90,287,1933,2,-171,1
721,20,360,98,11,10,0.69,2,48,250,2150,3,-282,1
721,21,360,132,18,22,0.87,2,26,233,2765,3,-287,1
721,22,390,121,48,78,0.92,7,24,266,3022,4,-196,1
722,18,360,74,10,12,0.13,7,93,257,1492,4,-214,1
722,19,370,74,13,22,0.71,7,91,287,1915,2,-171,1
722,20,359,96,12,10,0.66,2,49,250,2122,3,-282,1
722,21,360,128,18,22,0.86,2,27,233,2736,3,-287,1
722,22,388,119,48,74,0.91,7,25,266,3002,4,-196,1
723,18,361,72,10,13,0.12,7,94,257,1472,4,-214,1
723,19,370,74,13,22,0.70,7,92,287,1898,2,-171,1
723,20,359,94,12,11,0.67,2,50,250,2094,3,-282,1
723,21,360,126,16,22,0.87,2,28,234,2708,3,-286,1
723,22,390,116,44,74,0.91,7,26,266,2983,4,-196,1
724,19,371,73,12,22,0.70,7,93,287,1881,2,-171,1
724,20,359,92,12,11,0.58,2,51,251,2066,3,-282,1
724,21,360,122,16,22,0.86,2,29,234,2680,3,-286,1
724,22,388,114,44,72,0.92,7,27,267,2963,4,-196,1
725,19,371,73,12,22,0.61,7,94,288,1864,2,-171,1
725,20,359,92,12,11,0.52,2,52,251,2039,3,-282,1
725,21,359,120,16,22,0.86,2,30,234,2652,3,-286,1
725,22,386,113,44,70,0.93,7,28,267,2944,4,-196,1
726,19,371,74,12,21,0.53,7,95,288,1847,2,-171,1
726,20,359,91,11,10,0.48,2,53,251,2011,3,-282,1
726,21,359,118,16,20,0.86,2,31,235,2623,3,-286,1
726,22,386,112,40,66,0.92,7,29,267,2925,4,-196,1
727,19,370,74,13,20,0.51,7,96,288,1830,2,-171,1
727,20,359,92,10,10,0.33,2,54,252,1984,3,-281,1
727,21,359,116,15,20,0.84,2,32,235,2595,3,-286,1
727,22,386,111,40,64,0.90,7,30,268,2905,4,-196,1
728,19,370,73,12,20,0.43,7,97,288,1813,2,-171,1
728,20,358,89,11,10,0.53,2,55,252,1956,3,-281,1
728,21,359,114,15,18,0.84,2,33,235,2566,3,-286,1
728,22,384,110,40,62,0.90,7,31,268,2886,4,-195,1
729,19,370,73,12,20,0.46,7,98,289,1796,2,-171,1
729,20,359,89,10,10,0.45,2,56,252,1928,3,-281,1
729,21,358,112,15,18,0.83,2,34,236,2537,3,-286,1
729,22,384,108,38,62,0.91,7,32,269,2867,4,-195,1
730,19,370,73,12,20,0.46,7,99,289,1779,2,-171,1
730,20,359,87,10,10,0.60,2,57,253,1900,3,-281,1
730,21,358,111,15,18,0.84,2,35,236,2509,3,-286,1
730,22,384,106,36,60,0.90,7,33,269,2848,4,-195,1
731,19,370,72,12,20,0.45,7,100,289,1762,2,-171,1
731,20,358,88,10,8,0.35,2,58,253,1873,3,-281,1
731,21,358,110,15,17,0.85,2,36,236,2481,3,-286,1
731,22,382,105,36,58,0.91,7,34,269,2829,4,-195,1
732,19,370,70,12,21,0.50,7,101,289,1745,2,-171,1
732,20,358,85,10,10,0.42,2,59,253,1845,3,-281,1
732,21,358,108,14,16,0.84,2,37,237,2452,4,-286,1
732,22,381,103,36,57,0.90,7,35,270,2810,4,-195,1
733,19,371,70,11,20,0.54,7,102,290,1728,2,-171,1
733,20,358,86,10,9,0.42,2,60,254,1817,3,-281,1
733,21,358,108,14,14,0.82,2,38,237,2424,4,-286,1
733,22,381,102,34,55,0.91,7,36,270,2790,4,-195,1
734,19,370,70,12,20,0.64,7,103,290,1711,2,-171,1
734,20,358,85,11,8,0.21,2,61,254,1789,3,-281,1
734,21,357,104,14,16,0.80,2,39,238,2395,4,-286,1
734,22,380,103,34,52,0.90,7,37,270,2771,4,-195,1
735,19,370,70,12,20,0.64,7,104,290,1694,2,-171,1
735,20,358,85,10,8,0.38,2,62,254,1762,3,-281,1
735,21,358,106,13,14,0.79,2,40,238,2367,4,-286,1
735,22,380,102,32,52,0.90,7,38,271,2753,4,-194,1
736,19,370,69,12,20,0.71,7,105,290,1677,2,-171,1
736,20,358,84,10,8,0.24,2,63,255,1734,3,-281,1
736,21,358,104,12,14,0.75,2,41,238,2339,4,-285,1
736,22,379,99,32,52,0.90,7,39,271,2734,4,-194,1
737,19,370,69,11,20,0.67,7,106,291,1660,2,-171,1
737,20,358,84,11,9,0.24,2,64,255,1707,3,-281,1
737,21,358,101,12,14,0.79,2,42,239,2311,4,-285,1
737,22,378,99,32,50,0.90,7,40,271,2715,4,-194,1
738,19,370,69,12,20,0.69,7,107,291,1643,2,-171,1
738,20,358,82,12,11,0.11,2,65,256,1680,3,-281,1
738,21,358,100,12,14,0.79,2,43,239,2283,4,-285,1
738,22,378,98,30,48,0.90,7,41,271,2696,4,-194,1
739,19,370,69,12,19,0.61,7,108,291,1626,2,-171,1
739,20,358,83,10,8,0.34,2,66,256,1653,3,-280,1
739,21,358,98,12,14,0.81,2,44,240,2255,4,-285,1
739,22,378,97,30,48,0.89,7,42,272,2678,4,-194,1
740,19,370,69,11,18,0.60,7,109,292,1609,2,-171,1
740,20,359,82,8,8,0.25,2,67,256,1625,3,-280,1
740,21,357,98,12,12,0.76,2,45,240,2226,4,-285,1
740,22,378,96,28,46,0.89,7,43,272,2659,4,-194,1
741,19,370,69,11,18,0.67,7,110,292,1592,2,-171,1
741,20,358,82,9,7,0.11,2,68,257,1598,4,-280,1
741,21,357,98,12,12,0.76,2,46,240,2198,4,-285,1
741,22,376,95,30,46,0.89,7,44,272,2640,4,-194,1
742,19,371,68,11,19,0.70,7,111,292,1575,2,-171,1
742,20,358,80,9,8,0.44,2,69,257,1570,4,-280,1
742,21,357,97,12,11,0.71,2,47,241,2170,4,-285,1
742,22,376,94,28,45,0.89,7,45,273,2621,3,-193,1
743,19,371,67,11,20,0.71,7,112,293,1558,2,-171,1
743,20,358,80,9,8,0.37,2,70,258,1543,4,-280,1
743,21,357,96,12,12,0.76,2,48,241,2142,4,-285,1
743,22,376,93,28,44,0.89,7,46,273,2603,3,-193,1
744,19,371,66,12,19,0.74,7,113,293,1541,2,-171,1
744,21,357,94,12,12,0.76,2,49,242,2114,4,-285,1
744,22,376,92,26,44,0.88,7,47,273,2584,3,-193,1
745,19,372,67,10,18,0.70,7,114,293,1523,2,-171,1
745,20,360,78,9,8,0.46,2,71,259,1488,4,-280,1
745,21,357,92,12,13,0.73,2,50,242,2086,4,-285,1
745,22,374,92,28,42,0.88,7,48,273,2566,3,-193,1
746,19,372,66,11,19,0.73,7,115,294,1506,2,-171,1
746,20,360,78,9,8,0.37,2,72,259,1460,4,-280,1
746,21,358,92,11,12,0.70,2,51,243,2058,4,-285,1
746,22,375,92,26,40,0.87,7,49,274,2547,3,-193,1
747,19,372,66,11,19,0.75,7,116,294,1490,2,-171,1
747,21,357,89,12,12,0.67,2,52,243,2030,4,-285,1
747,22,376,91,24,40,0.86,7,50,274,2528,3,-193,1
748,19,372,68,10,17,0.45,7,117,295,1473,2,-171,1
748,20,361,75,8,8,0.13,2,73,260,1405,4,-280,1
748,21,358,91,11,10,0.41,2,53,244,2002,4,-284,1
748,22,374,90,24,39,0.85,7,51,274,2510,3,-192,1
749,19,372,68,10,15,0.27,7,118,295,1455,2,-171,1
749,21,358,91,11,10,0.43,2,54,244,1974,4,-284,1
749,22,374,90,24,38,0.85,7,52,274,2491,3,-192,1
750,19,372,70,10,13,0.43,7,119,295,1438,2,-171,1
750,21,358,89,10,10,0.46,2,55,245,1946,4,-284,1
750,22,373,88,24,38,0.86,7,53,275,2473,3,-192,1
751,19,373,72,9,11,0.51,7,120,296,1421,2,-171,1
751,21,358,89,10,10,0.52,2,56,245,1918,4,-284,1
751,22,373,87,24,38,0.86,7,54,275,2454,3,-192,1
752,21,357,86,12,11,0.57,2,57,246,1890,4,-284,1
752,22,373,86,24,38,0.85,7,55,275,2436,3,-192,1
753,21,358,86,11,12,0.54,2,58,246,1863,4,-284,1
753,22,372,84,24,39,0.84,7,56,275,2417,3,-192,1
754,21,358,84,11,11,0.47,2,59,247,1835,4,-284,1
754,22,371,83,24,38,0.84,7,57,276,2399,3,-192,1
755,21,358,84,10,11,0.44,2,60,248,1807,5,-284,1
755,22,372,82,22,38,0.83,7,58,276,2380,3,-192,1
756,21,358,84,11,10,0.24,2,61,248,1780,5,-283,1
756,22,371,81,22,38,0.83,7,59,276,2362,3,-191,1
757,21,358,83,10,10,0.24,2,62,249,1752,5,-283,1
757,22,371,81,22,38,0.83,7,60,276,2344,3,-191,1
758,22,371,80,21,36,0.83,7,61,277,2325,3,-191,1
759,21,358,83,10,10,0.26,2,63,250,1696,5,-283,1
759,22,370,80,22,36,0.83,7,62,277,2307,3,-191,1
760,21,358,82,12,10,0.12,2,64,251,1669,5,-283,1
760,22,370,79,22,35,0.83,7,63,277,2288,3,-191,1
761,21,359,81,10,10,0.21,2,65,251,1642,5,-283,1
761,22,370,78,21,35,0.82,7,64,278,2269,3,-191,1
762,21,359,81,10,10,0.22,2,66,252,1615,5,-283,1
762,22,370,79,20,33,0.83,7,65,278,2250,3,-191,1
763,21,359,80,10,10,0.20,2,67,253,1587,5,-283,1
763,22,370,78,20,33,0.82,7,66,278,2232,3,-191,1
764,21,359,80,10,10,0.37,2,68,253,1561,5,-282,1
764,22,369,79,20,32,0.82,7,67,278,2213,3,-191,1
765,21,359,80,10,10,0.36,2,69,254,1534,5,-282,1
765,22,369,79,19,30,0.83,7,68,279,2195,3,-191,1
766,21,359,78,10,10,0.16,2,70,255,1507,5,-282,1
766,22,369,78,19,30,0.84,7,69,279,2176,3,-191,1
767,21,360,77,10,10,0.19,2,71,256,1480,5,-282,1
767,22,369,78,18,30,0.83,7,70,279,2157,3,-190,1
768,21,360,77,9,10,0.18,2,72,256,1453,5,-282,1
768,22,369,78,18,29,0.83,7,71,279,2139,3,-190,1
769,22,369,76,18,30,0.83,7,72,280,2120,3,-190,1
770,22,368,76,18,29,0.82,7,73,280,2102,3,-190,1
771,22,368,76,18,28,0.82,7,74,280,2083,3,-190,1
772,22,368,75,17,28,0.82,7,75,280,2065,3,-190,1
773,22,368,74,17,28,0.82,7,76,281,2046,3,-190,1
774,22,368,74,17,27,0.82,7,77,281,2027,3,-190,1
775,22,368,74,17,27,0.82,7,78,281,2008,3,-190,1
776,22,368,72,17,28,0.82,7,79,282,1989,3,-190,1
777,22,368,72,16,28,0.82,7,80,282,1971,3,-190,1
778,22,368,72,16,27,0.83,7,81,282,1952,3,-190,1
779,22,368,72,16,26,0.83,7,82,283,1934,3,-190,1
780,22,368,72,16,26,0.83,7,83,283,1915,3,-190,1
781,22,368,71,16,26,0.82,7,84,283,1897,3,-190,1
782,22,368,70,16,26,0.83,7,85,284,1878,3,-190,1
783,22,368,70,16,25,0.82,7,86,284,1859,3,-190,1
784,22,368,69,15,26,0.82,7,87,284,1841,3,-190,1
785,22,368,69,16,25,0.83,7,88,285,1822,3,-190,1
786,22,368,69,15,24,0.83,7,89,285,1803,3,-190,1
787,22,368,68,15,24,0.83,7,90,285,1784,3,-190,1
788,22,368,68,14,24,0.82,7,91,286,1765,3,-190,1
789,22,368,68,14,23,0.82,7,92,286,1746,3,-190,1
790,22,368,68,14,23,0.82,7,93,287,1727,3,-190,1
791,22,368,68,14,22,0.81,7,94,287,1708,3,-190,1
792,22,368,68,14,22,0.81,7,95,287,1690,3,-190,1
793,22,368,68,14,22,0.79,7,96,288,1671,3,-189,1
794,22,368,68,14,22,0.79,7,97,288,1653,4,-189,1
795,22,368,67,14,22,0.80,7,98,289,1634,4,-189,1
796,22,369,67,14,21,0.80,7,99,289,1615,4,-189,1
797,22,369,68,14,20,0.77,7,100,290,1597,4,-189,1
798,22,369,68,14,20,0.77,7,101,290,1578,4,-189,1
799,22,369,68,14,20,0.74,7,102,291,1560,4,-189,1
800,22,370,67,13,19,0.73,7,103,291,1541,4,-189,1
801,22,370,67,13,19,0.74,7,104,292,1523,4,-189,1
802,22,370,66,13,20,0.77,7,105,292,1504,4,-189,1
803,22,370,66,12,20,0.77,7,106,293,1486,4,-189,1
804,22,371,65,12,20,0.74,7,107,293,1467,4,-189,1
805,22,371,65,12,20,0.73,7,108,294,1449,4,-189,1
806,22,371,65,12,18,0.70,7,109,295,1430,4,-189,1
807,22,371,65,12,18,0.61,7,110,295,1411,4,-189,1
808,22,372,65,12,18,0.68,7,111,296,1393,4,-189,1
809,22,372,65,12,18,0.60,7,112,296,1374,4,-189,1
810,22,372,64,12,18,0.59,7,113,297,1356,4,-189,1
811,22,372,64,12,18,0.59,7,114,298,1337,4,-189,1
812,22,372,64,12,18,0.67,7,115,299,1319,4,-189,1
813,22,373,63,12,18,0.68,7,116,299,1300,4,-189,1
818,23,375,62,11,17,0.66,7,1,340,1248,0,-200,1
819,23,376,63,11,16,0.44,7,2,340,1228,40,-192,1
820,23,376,63,12,16,0.20,7,3,340,1213,37,-174,1
821,23,376,63,12,16,0.20,7,4,341,1205,29,-144,1
822,23,378,63,10,14,0.14,7,5,342,1179,31,-171,1
823,23,378,63,10,14,0.14,7,6,344,1156,31,-183,1
824,23,378,63,11,14,0.27,7,7,345,1138,30,-183,1
825,23,379,63,10,14,0.21,7,8,347,1124,29,-176,1
826,23,379,63,10,14,0.21,7,9,348,1114,27,-167,1
827,23,379,63,10,13,0.14,7,10,350,1093,27,-171,1
