1,-1,41,256,175,278,0.91,7,-1,-1
1,-1,380,217,28,27,0.87,2,-1,-1
1,-1,271,256,33,34,0.87,2,-1,-1
2,-1,268,263,34,35,0.88,2,-1,-1
2,-1,379,212,27,28,0.87,2,-1,-1
3,-1,263,274,37,38,0.89,2,-1,-1
3,-1,378,207,25,26,0.87,2,-1,-1
4,-1,260,285,37,38,0.89,2,-1,-1
4,-1,376,205,24,24,0.87,2,-1,-1
5,-1,253,298,41,43,0.89,2,-1,-1
5,-1,376,199,22,24,0.86,2,-1,-1
6,-1,248,307,42,48,0.90,2,-1,-1
6,-1,374,196,23,24,0.87,2,-1,-1
7,-1,240,322,45,55,0.91,2,-1,-1
7,-1,374,192,22,22,0.87,2,-1,-1
8,-1,234,336,48,59,0.91,2,-1,-1
8,-1,374,190,22,21,0.87,2,-1,-1
9,-1,222,362,55,64,0.91,2,-1,-1
9,-1,373,186,22,21,0.86,2,-1,-1
10,-1,214,381,57,70,0.92,2,-1,-1
10,-1,372,181,21,23,0.86,2,-1,-1
11,-1,198,415,66,79,0.92,2,-1,-1
11,-1,372,179,21,22,0.87,2,-1,-1
12,-1,190,438,68,90,0.92,2,-1,-1
12,-1,372,176,20,23,0.86,2,-1,-1
13,-1,370,176,19,19,0.85,2,-1,-1
14,-1,370,172,19,20,0.86,2,-1,-1
15,-1,369,172,18,18,0.85,2,-1,-1
16,-1,368,168,18,20,0.86,2,-1,-1
17,-1,368,165,18,20,0.87,2,-1,-1
18,-1,368,163,18,19,0.85,2,-1,-1
19,-1,368,162,18,18,0.85,2,-1,-1
20,-1,367,161,18,18,0.86,2,-1,-1
21,-1,367,159,18,17,0.85,2,-1,-1
22,-1,366,158,17,16,0.84,2,-1,-1
23,-1,366,156,17,16,0.84,2,-1,-1
24,-1,366,154,16,16,0.85,2,-1,-1
25,-1,364,152,16,18,0.84,2,-1,-1
26,-1,364,152,16,17,0.82,2,-1,-1
27,-1,364,150,16,18,0.76,2,-1,-1
28,-1,364,148,16,16,0.79,2,-1,-1
29,-1,364,147,16,16,0.81,2,-1,-1
30,-1,363,146,16,16,0.80,2,-1,-1
31,-1,363,146,15,16,0.77,2,-1,-1
32,-1,362,145,14,14,0.80,2,-1,-1
33,-1,362,144,14,14,0.77,2,-1,-1
34,-1,362,143,14,14,0.74,2,-1,-1
35,-1,361,143,14,14,0.75,2,-1,-1
36,-1,362,142,14,14,0.76,2,-1,-1
37,-1,360,140,14,14,0.74,2,-1,-1
38,-1,360,139,14,14,0.70,2,-1,-1
39,-1,360,138,14,14,0.74,2,-1,-1
40,-1,360,138,14,13,0.74,2,-1,-1
41,-1,359,136,13,12,0.58,2,-1,-1
41,-1,314,114,13,21,0.22,7,-1,-1
42,-1,359,137,13,12,0.52,2,-1,-1
42,-1,314,114,14,21,0.28,7,-1,-1
43,-1,314,115,14,21,0.52,7,-1,-1
43,-1,359,137,13,12,0.52,2,-1,-1
44,-1,360,135,12,12,0.57,2,-1,-1
44,-1,314,115,14,21,0.51,7,-1,-1
45,-1,359,135,12,12,0.48,2,-1,-1
45,-1,313,115,14,22,0.41,7,-1,-1
46,-1,313,116,14,21,0.48,7,-1,-1
46,-1,359,134,12,12,0.38,2,-1,-1
47,-1,313,116,14,21,0.49,7,-1,-1
47,-1,360,134,12,12,0.28,2,-1,-1
48,-1,313,116,14,21,0.64,7,-1,-1
49,-1,313,116,14,22,0.75,7,-1,-1
49,-1,357,132,12,11,0.17,2,-1,-1
50,-1,312,116,14,22,0.74,7,-1,-1
50,-1,357,132,12,11,0.20,2,-1,-1
51,-1,312,117,14,22,0.67,7,-1,-1
52,-1,312,117,14,22,0.73,7,-1,-1
53,-1,311,117,15,22,0.66,7,-1,-1
54,-1,311,117,14,22,0.69,7,-1,-1
55,-1,311,117,15,22,0.74,7,-1,-1
56,-1,310,117,16,22,0.76,7,-1,-1
57,-1,311,117,15,23,0.77,7,-1,-1
58,-1,310,118,16,23,0.76,7,-1,-1
59,-1,310,117,16,23,0.76,7,-1,-1
60,-1,310,117,16,24,0.77,7,-1,-1
61,-1,309,117,16,24,0.77,7,-1,-1
62,-1,308,118,17,25,0.81,7,-1,-1
63,-1,308,117,17,26,0.82,7,-1,-1
64,-1,308,117,17,26,0.82,7,-1,-1
65,-1,307,117,18,27,0.83,7,-1,-1
66,-1,308,117,17,27,0.84,7,-1,-1
67,-1,308,117,17,27,0.83,7,-1,-1
68,-1,306,118,18,28,0.84,7,-1,-1
69,-1,306,118,18,28,0.85,7,-1,-1
70,-1,306,118,18,28,0.85,7,-1,-1
71,-1,306,118,18,28,0.85,7,-1,-1
72,-1,306,118,18,28,0.85,7,-1,-1
73,-1,305,119,18,29,0.84,7,-1,-1
74,-1,305,119,18,29,0.84,7,-1,-1
75,-1,304,119,18,29,0.84,7,-1,-1
76,-1,304,119,18,30,0.85,7,-1,-1
77,-1,304,120,19,30,0.85,7,-1,-1
78,-1,303,120,19,30,0.84,7,-1,-1
79,-1,303,120,20,30,0.84,7,-1,-1
80,-1,302,120,19,31,0.84,7,-1,-1
81,-1,302,121,20,31,0.84,7,-1,-1
82,-1,302,121,20,32,0.85,7,-1,-1
83,-1,301,122,20,32,0.85,7,-1,-1
84,-1,300,122,20,32,0.85,7,-1,-1
85,-1,300,122,20,32,0.85,7,-1,-1
86,-1,300,123,20,32,0.87,7,-1,-1
87,-1,299,124,20,32,0.87,7,-1,-1
88,-1,298,124,20,33,0.87,7,-1,-1
89,-1,298,124,21,34,0.87,7,-1,-1
90,-1,297,124,21,34,0.87,7,-1,-1
91,-1,296,125,22,35,0.86,7,-1,-1
92,-1,296,126,21,34,0.87,7,-1,-1
93,-1,295,126,22,35,0.87,7,-1,-1
94,-1,295,126,22,35,0.87,7,-1,-1
95,-1,294,127,22,36,0.87,7,-1,-1
96,-1,294,128,22,36,0.86,7,-1,-1
97,-1,292,128,22,36,0.87,7,-1,-1
97,-1,318,122,10,10,0.20,2,-1,-1
98,-1,292,128,23,36,0.87,7,-1,-1
98,-1,318,122,10,11,0.20,2,-1,-1
99,-1,291,129,24,37,0.87,7,-1,-1
99,-1,318,123,10,11,0.12,2,-1,-1
100,-1,291,130,24,38,0.87,7,-1,-1
100,-1,318,123,10,11,0.11,2,-1,-1
101,-1,290,130,24,38,0.88,7,-1,-1
102,-1,290,130,24,39,0.88,7,-1,-1
103,-1,289,130,25,40,0.87,7,-1,-1
104,-1,288,131,26,41,0.87,7,-1,-1
105,-1,287,132,26,42,0.88,7,-1,-1
106,-1,287,132,26,42,0.88,7,-1,-1
107,-1,286,132,26,44,0.88,7,-1,-1
108,-1,285,132,27,44,0.88,7,-1,-1
109,-1,284,133,28,45,0.89,7,-1,-1
110,-1,283,134,28,45,0.89,7,-1,-1
111,-1,282,134,28,46,0.89,7,-1,-1
111,-1,316,127,10,11,0.12,2,-1,-1
112,-1,282,134,29,47,0.88,7,-1,-1
113,-1,280,136,29,48,0.88,7,-1,-1
114,-1,279,136,30,48,0.88,7,-1,-1
115,-1,278,137,31,49,0.88,7,-1,-1
116,-1,277,138,30,50,0.88,7,-1,-1
117,-1,276,138,32,50,0.89,7,-1,-1
117,-1,315,129,10,11,0.12,2,-1,-1
118,-1,275,139,32,52,0.89,7,-1,-1
118,-1,314,129,10,10,0.15,2,-1,-1
118,-1,328,122,11,14,0.11,2,-1,-1
119,-1,274,140,33,52,0.90,7,-1,-1
119,-1,314,130,10,10,0.23,2,-1,-1
120,-1,272,140,34,53,0.90,7,-1,-1
120,-1,314,130,10,11,0.32,2,-1,-1
120,-1,327,122,12,15,0.26,2,-1,-1
121,-1,270,142,34,54,0.89,7,-1,-1
121,-1,313,130,10,11,0.38,2,-1,-1
121,-1,328,123,11,15,0.20,2,-1,-1
122,-1,270,142,35,55,0.89,7,-1,-1
122,-1,312,130,10,12,0.52,2,-1,-1
123,-1,268,143,36,56,0.90,7,-1,-1
123,-1,312,131,11,12,0.71,2,-1,-1
124,-1,267,144,36,57,0.90,7,-1,-1
124,-1,311,131,11,12,0.74,2,-1,-1
125,-1,266,145,37,59,0.91,7,-1,-1
125,-1,311,132,11,12,0.76,2,-1,-1
125,-1,328,124,11,14,0.25,2,-1,-1
126,-1,264,146,38,60,0.90,7,-1,-1
126,-1,311,132,11,12,0.76,2,-1,-1
126,-1,327,124,12,15,0.27,2,-1,-1
127,-1,262,147,39,61,0.90,7,-1,-1
127,-1,310,133,11,12,0.77,2,-1,-1
127,-1,327,124,12,16,0.23,2,-1,-1
128,-1,261,148,39,62,0.91,7,-1,-1
128,-1,310,134,11,12,0.77,2,-1,-1
128,-1,326,124,12,16,0.34,2,-1,-1
129,-1,260,149,40,63,0.91,7,-1,-1
129,-1,310,134,11,12,0.80,2,-1,-1
129,-1,326,124,12,17,0.68,2,-1,-1
130,-1,258,150,41,64,0.90,7,-1,-1
130,-1,310,135,11,12,0.77,2,-1,-1
130,-1,326,124,12,17,0.70,2,-1,-1
131,-1,255,151,43,66,0.91,7,-1,-1
131,-1,310,136,11,12,0.75,2,-1,-1
131,-1,326,125,12,18,0.52,2,-1,-1
132,-1,254,152,44,68,0.92,7,-1,-1
132,-1,309,136,11,12,0.74,2,-1,-1
132,-1,326,125,13,19,0.70,2,-1,-1
133,-1,252,153,45,70,0.91,7,-1,-1
133,-1,308,137,11,12,0.77,2,-1,-1
133,-1,325,124,14,20,0.31,2,-1,-1
134,-1,250,154,46,70,0.92,7,-1,-1
134,-1,308,137,11,12,0.75,2,-1,-1
134,-1,325,125,14,21,0.43,2,-1,-1
135,-1,247,156,48,73,0.91,7,-1,-1
135,-1,307,138,12,12,0.78,2,-1,-1
135,-1,326,127,13,18,0.67,2,-1,-1
136,-1,245,157,47,74,0.90,7,-1,-1
136,-1,306,138,12,12,0.75,2,-1,-1
136,-1,325,128,13,18,0.62,2,-1,-1
137,-1,242,158,51,78,0.91,7,-1,-1
137,-1,305,139,13,13,0.82,2,-1,-1
137,-1,326,128,13,18,0.25,2,-1,-1
138,-1,240,158,52,79,0.91,7,-1,-1
138,-1,306,139,12,13,0.82,2,-1,-1
138,-1,325,129,13,18,0.73,2,-1,-1
139,-1,238,160,52,82,0.92,7,-1,-1
139,-1,304,140,13,14,0.78,2,-1,-1
139,-1,324,130,14,18,0.77,2,-1,-1
140,-1,236,162,54,84,0.92,7,-1,-1
140,-1,304,142,13,13,0.83,2,-1,-1
140,-1,324,131,13,18,0.73,2,-1,-1
141,-1,232,164,56,86,0.92,7,-1,-1
141,-1,304,142,13,13,0.83,2,-1,-1
141,-1,324,132,13,17,0.72,2,-1,-1
142,-1,230,165,57,89,0.93,7,-1,-1
142,-1,522,450,85,83,0.92,2,-1,-1
142,-1,302,143,13,12,0.80,2,-1,-1
142,-1,324,133,13,17,0.74,2,-1,-1
143,-1,226,167,60,92,0.92,7,-1,-1
143,-1,505,416,76,72,0.92,2,-1,-1
143,-1,302,144,13,12,0.82,2,-1,-1
143,-1,322,135,14,19,0.80,2,-1,-1
144,-1,224,168,62,95,0.92,7,-1,-1
144,-1,496,395,70,66,0.91,2,-1,-1
144,-1,302,144,13,12,0.82,2,-1,-1
144,-1,322,136,14,18,0.79,2,-1,-1
145,-1,220,170,64,99,0.91,7,-1,-1
145,-1,484,367,63,59,0.91,2,-1,-1
145,-1,301,145,14,13,0.85,2,-1,-1
145,-1,322,137,14,18,0.75,2,-1,-1
146,-1,217,172,66,101,0.92,7,-1,-1
146,-1,476,352,60,54,0.90,2,-1,-1
146,-1,301,145,14,13,0.85,2,-1,-1
146,-1,322,138,14,18,0.69,2,-1,-1
147,-1,212,174,70,105,0.92,7,-1,-1
147,-1,466,329,54,51,0.91,2,-1,-1
147,-1,300,146,14,14,0.85,2,-1,-1
147,-1,322,138,14,19,0.74,2,-1,-1
148,-1,208,177,72,108,0.93,7,-1,-1
148,-1,461,318,50,47,0.90,2,-1,-1
148,-1,299,147,14,14,0.84,2,-1,-1
148,-1,321,140,14,18,0.75,2,-1,-1
149,-1,203,179,74,114,0.93,7,-1,-1
149,-1,452,300,47,44,0.91,2,-1,-1
149,-1,298,148,14,14,0.83,2,-1,-1
149,-1,320,142,15,18,0.77,2,-1,-1
150,-1,199,182,76,116,0.94,7,-1,-1
150,-1,448,290,44,42,0.91,2,-1,-1
150,-1,297,149,14,13,0.83,2,-1,-1
150,-1,320,144,15,17,0.73,2,-1,-1
151,-1,193,184,80,123,0.93,7,-1,-1
151,-1,441,277,42,39,0.90,2,-1,-1
151,-1,296,150,15,14,0.82,2,-1,-1
151,-1,320,142,15,19,0.74,2,-1,-1
152,-1,189,186,84,128,0.93,7,-1,-1
152,-1,438,270,39,36,0.89,2,-1,-1
152,-1,296,150,14,14,0.83,2,-1,-1
152,-1,322,136,15,20,0.58,2,-1,-1
153,-1,181,189,89,135,0.93,7,-1,-1
153,-1,432,259,36,34,0.89,2,-1,-1
153,-1,294,152,15,14,0.85,2,-1,-1
153,-1,320,140,15,20,0.51,2,-1,-1
154,-1,175,192,94,140,0.93,7,-1,-1
154,-1,428,252,36,34,0.89,2,-1,-1
154,-1,294,153,15,14,0.84,2,-1,-1
154,-1,319,144,16,20,0.54,2,-1,-1
155,-1,168,196,98,148,0.94,7,-1,-1
155,-1,424,243,33,32,0.88,2,-1,-1
155,-1,293,154,15,14,0.87,2,-1,-1
155,-1,320,143,15,16,0.51,2,-1,-1
156,-1,162,198,102,153,0.93,7,-1,-1
156,-1,420,238,33,30,0.89,2,-1,-1
156,-1,293,154,15,14,0.87,2,-1,-1
156,-1,318,150,16,18,0.80,2,-1,-1
156,-1,324,136,12,12,0.37,2,-1,-1
157,-1,152,203,110,163,0.93,7,-1,-1
157,-1,418,230,30,28,0.88,2,-1,-1
157,-1,292,156,15,14,0.85,2,-1,-1
157,-1,321,140,14,18,0.52,2,-1,-1
158,-1,146,206,112,170,0.93,7,-1,-1
158,-1,416,225,29,29,0.88,2,-1,-1
158,-1,290,158,16,14,0.85,2,-1,-1
158,-1,316,152,16,21,0.60,2,-1,-1
158,-1,321,140,14,16,0.37,2,-1,-1
159,-1,134,210,122,182,0.94,7,-1,-1
159,-1,412,219,28,26,0.88,2,-1,-1
159,-1,290,158,16,14,0.85,2,-1,-1
159,-1,316,151,17,23,0.69,2,-1,-1
159,-1,322,138,12,12,0.62,2,-1,-1
160,-1,125,212,128,193,0.93,7,-1,-1
160,-1,409,214,27,26,0.88,2,-1,-1
160,-1,290,159,16,15,0.85,2,-1,-1
160,-1,316,151,17,24,0.69,2,-1,-1
160,-1,322,140,12,12,0.50,2,-1,-1
160,-1,318,125,9,9,0.13,2,-1,-1
161,-1,112,219,139,204,0.92,7,-1,-1
161,-1,407,209,26,25,0.88,2,-1,-1
161,-1,288,161,16,15,0.84,2,-1,-1
161,-1,315,150,18,26,0.70,2,-1,-1
161,-1,320,142,14,12,0.29,2,-1,-1
161,-1,317,124,9,9,0.12,2,-1,-1
162,-1,103,222,143,218,0.92,7,-1,-1
162,-1,406,206,25,24,0.86,2,-1,-1
162,-1,288,162,15,14,0.85,2,-1,-1
162,-1,318,150,15,16,0.64,2,-1,-1
162,-1,317,124,9,10,0.11,2,-1,-1
163,-1,87,227,155,238,0.91,7,-1,-1
163,-1,402,200,24,24,0.87,2,-1,-1
163,-1,286,162,16,16,0.86,2,-1,-1
163,-1,313,162,18,20,0.59,2,-1,-1
163,-1,321,142,13,13,0.55,2,-1,-1
164,-1,76,230,164,252,0.90,7,-1,-1
164,-1,400,197,24,23,0.86,2,-1,-1
164,-1,285,164,16,16,0.86,2,-1,-1
164,-1,312,166,18,18,0.70,2,-1,-1
164,-1,316,154,15,16,0.62,2,-1,-1
164,-1,321,143,13,12,0.48,2,-1,-1
165,-1,59,238,176,276,0.93,7,-1,-1
165,-1,399,193,22,22,0.88,2,-1,-1
165,-1,284,165,16,16,0.86,2,-1,-1
165,-1,310,169,18,18,0.74,2,-1,-1
165,-1,316,157,15,14,0.70,2,-1,-1
165,-1,320,144,13,12,0.67,2,-1,-1
166,-1,46,242,183,291,0.92,7,-1,-1
166,-1,398,191,21,21,0.87,2,-1,-1
166,-1,282,166,17,17,0.86,2,-1,-1
166,-1,310,169,19,20,0.75,2,-1,-1
166,-1,316,157,15,15,0.67,2,-1,-1
166,-1,319,146,13,11,0.64,2,-1,-1
167,-1,395,186,22,21,0.88,2,-1,-1
167,-1,281,167,17,17,0.85,2,-1,-1
167,-1,319,147,13,12,0.75,2,-1,-1
167,-1,314,158,16,16,0.71,2,-1,-1
167,-1,310,172,19,18,0.71,2,-1,-1
168,-1,394,184,22,21,0.85,2,-1,-1
168,-1,280,168,17,17,0.85,2,-1,-1
168,-1,319,148,12,12,0.73,2,-1,-1
168,-1,313,160,16,16,0.73,2,-1,-1
168,-1,309,174,19,18,0.67,2,-1,-1
169,-1,392,180,20,20,0.87,2,-1,-1
169,-1,280,171,17,17,0.84,2,-1,-1
169,-1,313,162,16,16,0.78,2,-1,-1
169,-1,308,178,18,18,0.78,2,-1,-1
169,-1,318,148,13,13,0.77,2,-1,-1
170,-1,391,178,20,20,0.88,2,-1,-1
170,-1,278,172,17,17,0.84,2,-1,-1
170,-1,306,180,18,18,0.81,2,-1,-1
170,-1,312,162,16,16,0.80,2,-1,-1
170,-1,318,148,13,14,0.73,2,-1,-1
171,-1,389,175,19,19,0.87,2,-1,-1
171,-1,276,175,18,16,0.86,2,-1,-1
171,-1,312,164,17,17,0.83,2,-1,-1
171,-1,305,185,18,17,0.82,2,-1,-1
171,-1,318,150,13,13,0.82,2,-1,-1
171,-1,315,113,10,15,0.20,7,-1,-1
172,-1,388,173,19,20,0.88,2,-1,-1
172,-1,276,176,18,17,0.87,2,-1,-1
172,-1,312,166,17,18,0.84,2,-1,-1
172,-1,305,187,17,18,0.83,2,-1,-1
172,-1,318,151,13,13,0.80,2,-1,-1
172,-1,316,113,10,15,0.18,7,-1,-1
173,-1,386,170,20,19,0.87,2,-1,-1
173,-1,316,152,14,14,0.87,2,-1,-1
173,-1,273,179,18,17,0.86,2,-1,-1
173,-1,311,169,17,16,0.84,2,-1,-1
173,-1,303,190,19,19,0.84,2,-1,-1
173,-1,314,114,12,21,0.49,7,-1,-1
174,-1,385,168,20,19,0.87,2,-1,-1
174,-1,316,153,14,14,0.86,2,-1,-1
174,-1,272,180,18,18,0.86,2,-1,-1
174,-1,302,193,19,18,0.83,2,-1,-1
174,-1,310,170,17,17,0.83,2,-1,-1
174,-1,314,114,12,22,0.62,7,-1,-1
175,-1,384,166,19,18,0.87,2,-1,-1
175,-1,270,181,19,19,0.86,2,-1,-1
175,-1,300,196,20,20,0.84,2,-1,-1
175,-1,309,171,18,18,0.84,2,-1,-1
175,-1,316,155,14,14,0.82,2,-1,-1
175,-1,314,116,13,21,0.65,7,-1,-1
176,-1,269,184,19,18,0.87,2,-1,-1
176,-1,382,165,18,18,0.86,2,-1,-1
176,-1,309,173,18,18,0.85,2,-1,-1
176,-1,300,201,19,18,0.84,2,-1,-1
176,-1,315,156,14,14,0.79,2,-1,-1
176,-1,312,116,14,21,0.63,7,-1,-1
177,-1,382,162,18,18,0.86,2,-1,-1
177,-1,266,186,19,19,0.86,2,-1,-1
177,-1,308,176,18,19,0.85,2,-1,-1
177,-1,298,207,20,17,0.84,2,-1,-1
177,-1,314,158,14,14,0.82,2,-1,-1
177,-1,312,118,13,20,0.71,7,-1,-1
178,-1,381,161,18,17,0.87,2,-1,-1
178,-1,266,188,19,18,0.86,2,-1,-1
178,-1,307,178,18,19,0.85,2,-1,-1
178,-1,312,160,15,14,0.84,2,-1,-1
178,-1,296,209,22,19,0.84,2,-1,-1
178,-1,312,118,14,20,0.73,7,-1,-1
179,-1,380,159,18,17,0.88,2,-1,-1
179,-1,264,189,20,20,0.87,2,-1,-1
179,-1,294,211,23,21,0.85,2,-1,-1
179,-1,306,179,19,19,0.85,2,-1,-1
179,-1,312,160,16,14,0.84,2,-1,-1
179,-1,312,118,13,21,0.78,7,-1,-1
180,-1,378,158,18,17,0.87,2,-1,-1
180,-1,262,192,20,20,0.86,2,-1,-1
180,-1,292,217,23,20,0.86,2,-1,-1
180,-1,311,162,16,14,0.85,2,-1,-1
180,-1,306,183,19,20,0.85,2,-1,-1
180,-1,312,119,14,21,0.77,7,-1,-1
181,-1,260,194,21,21,0.88,2,-1,-1
181,-1,310,162,16,16,0.87,2,-1,-1
181,-1,378,155,17,17,0.87,2,-1,-1
181,-1,303,185,20,21,0.86,2,-1,-1
181,-1,290,222,25,22,0.85,2,-1,-1
181,-1,312,119,13,22,0.78,7,-1,-1
182,-1,302,188,20,21,0.87,2,-1,-1
182,-1,258,197,21,22,0.86,2,-1,-1
182,-1,377,154,17,17,0.86,2,-1,-1
182,-1,288,226,25,23,0.86,2,-1,-1
182,-1,310,164,16,16,0.86,2,-1,-1
182,-1,310,119,14,22,0.82,7,-1,-1
183,-1,308,166,17,16,0.87,2,-1,-1
183,-1,255,200,22,22,0.86,2,-1,-1
183,-1,285,231,25,25,0.86,2,-1,-1
183,-1,376,153,16,16,0.86,2,-1,-1
183,-1,300,191,21,22,0.86,2,-1,-1
183,-1,310,120,14,22,0.83,7,-1,-1
184,-1,254,202,22,22,0.88,2,-1,-1
184,-1,300,194,21,22,0.87,2,-1,-1
184,-1,283,236,27,26,0.87,2,-1,-1
184,-1,308,168,17,16,0.87,2,-1,-1
184,-1,376,151,16,16,0.86,2,-1,-1
184,-1,310,120,14,23,0.84,7,-1,-1
185,-1,279,243,29,28,0.88,2,-1,-1
185,-1,374,150,14,16,0.86,2,-1,-1
185,-1,251,206,22,23,0.86,2,-1,-1
185,-1,306,170,17,16,0.86,2,-1,-1
185,-1,298,197,22,24,0.85,2,-1,-1
185,-1,310,120,14,23,0.85,7,-1,-1
186,-1,277,248,30,30,0.88,2,-1,-1
186,-1,309,120,15,24,0.87,7,-1,-1
186,-1,374,149,14,15,0.87,2,-1,-1
186,-1,249,208,24,24,0.86,2,-1,-1
186,-1,306,171,18,16,0.85,2,-1,-1
186,-1,297,200,22,24,0.85,2,-1,-1
187,-1,308,120,15,24,0.87,7,-1,-1
187,-1,373,147,14,14,0.87,2,-1,-1
187,-1,273,256,31,34,0.87,2,-1,-1
187,-1,296,203,22,26,0.86,2,-1,-1
187,-1,304,173,18,17,0.85,2,-1,-1
187,-1,246,212,24,24,0.85,2,-1,-1
188,-1,270,264,32,34,0.88,2,-1,-1
188,-1,244,215,25,25,0.88,2,-1,-1
188,-1,293,208,24,26,0.88,2,-1,-1
188,-1,308,120,15,24,0.88,7,-1,-1
188,-1,372,146,14,15,0.87,2,-1,-1
188,-1,304,174,18,18,0.86,2,-1,-1
189,-1,264,273,36,37,0.89,2,-1,-1
189,-1,291,212,25,28,0.88,2,-1,-1
189,-1,308,121,15,24,0.88,7,-1,-1
189,-1,240,220,25,26,0.87,2,-1,-1
189,-1,372,145,14,15,0.86,2,-1,-1
189,-1,303,177,18,18,0.85,2,-1,-1
190,-1,262,284,36,37,0.88,2,-1,-1
190,-1,290,216,25,28,0.88,2,-1,-1
190,-1,308,122,15,24,0.87,7,-1,-1
190,-1,238,223,26,26,0.87,2,-1,-1
190,-1,302,178,19,20,0.86,2,-1,-1
190,-1,370,144,14,14,0.85,2,-1,-1
191,-1,255,296,39,41,0.89,2,-1,-1
191,-1,286,221,27,30,0.88,2,-1,-1
191,-1,234,227,27,28,0.88,2,-1,-1
191,-1,308,122,15,24,0.87,7,-1,-1
191,-1,300,182,19,18,0.86,2,-1,-1
191,-1,370,142,14,15,0.84,2,-1,-1
192,-1,250,306,41,44,0.89,2,-1,-1
192,-1,232,231,28,28,0.89,2,-1,-1
192,-1,286,226,26,31,0.88,2,-1,-1
192,-1,306,122,16,25,0.87,7,-1,-1
192,-1,299,184,20,20,0.85,2,-1,-1
192,-1,369,142,14,15,0.84,2,-1,-1
193,-1,242,320,46,51,0.90,2,-1,-1
193,-1,282,231,29,34,0.88,2,-1,-1
193,-1,226,237,30,30,0.88,2,-1,-1
193,-1,298,186,20,21,0.86,2,-1,-1
193,-1,368,141,14,14,0.85,2,-1,-1
193,-1,305,122,16,26,0.85,7,-1,-1
194,-1,237,335,48,52,0.90,2,-1,-1
194,-1,279,236,30,34,0.89,2,-1,-1
194,-1,224,241,30,31,0.89,2,-1,-1
194,-1,297,188,21,22,0.87,2,-1,-1
194,-1,306,123,16,26,0.86,7,-1,-1
194,-1,368,140,14,14,0.86,2,-1,-1
195,-1,226,356,53,60,0.91,2,-1,-1
195,-1,275,243,32,37,0.90,2,-1,-1
195,-1,218,247,32,33,0.89,2,-1,-1
195,-1,295,192,22,22,0.86,2,-1,-1
195,-1,367,138,14,14,0.86,2,-1,-1
195,-1,304,123,17,26,0.85,7,-1,-1
196,-1,219,372,56,66,0.92,2,-1,-1
196,-1,216,251,33,34,0.89,2,-1,-1
196,-1,273,248,32,39,0.89,2,-1,-1
196,-1,294,194,22,23,0.89,2,-1,-1
196,-1,367,138,14,14,0.85,2,-1,-1
196,-1,304,124,16,26,0.85,7,-1,-1
197,-1,206,400,61,76,0.91,2,-1,-1
197,-1,268,258,36,42,0.90,2,-1,-1
197,-1,209,260,35,35,0.90,2,-1,-1
197,-1,292,198,22,24,0.87,2,-1,-1
197,-1,304,125,16,26,0.84,7,-1,-1
197,-1,367,137,13,14,0.84,2,-1,-1
198,-1,194,422,69,83,0.92,2,-1,-1
198,-1,265,264,36,45,0.90,2,-1,-1
198,-1,206,265,34,36,0.90,2,-1,-1
198,-1,290,201,23,24,0.88,2,-1,-1
198,-1,304,125,16,26,0.84,7,-1,-1
198,-1,366,136,13,14,0.84,2,-1,-1
199,-1,261,272,38,46,0.90,2,-1,-1
199,-1,201,271,37,37,0.89,2,-1,-1
199,-1,289,204,24,24,0.86,2,-1,-1
199,-1,303,125,17,27,0.85,7,-1,-1
199,-1,366,134,14,14,0.83,2,-1,-1
200,-1,418,434,68,76,0.92,2,-1,-1
200,-1,254,283,42,50,0.91,2,-1,-1
200,-1,194,280,38,39,0.90,2,-1,-1
200,-1,287,209,24,26,0.88,2,-1,-1
200,-1,302,126,17,27,0.85,7,-1,-1
200,-1,364,134,14,14,0.83,2,-1,-1
201,-1,413,401,60,63,0.92,2,-1,-1
201,-1,248,296,44,54,0.92,2,-1,-1
201,-1,187,290,40,43,0.90,2,-1,-1
201,-1,285,212,26,29,0.87,2,-1,-1
201,-1,302,127,17,26,0.86,7,-1,-1
201,-1,364,133,14,15,0.84,2,-1,-1
202,-1,242,306,46,58,0.92,2,-1,-1
202,-1,410,380,55,59,0.91,2,-1,-1
202,-1,180,297,43,45,0.90,2,-1,-1
202,-1,283,215,26,30,0.89,2,-1,-1
202,-1,302,127,17,27,0.86,7,-1,-1
202,-1,363,132,14,14,0.83,2,-1,-1
203,-1,234,324,50,64,0.93,2,-1,-1
203,-1,404,354,50,53,0.92,2,-1,-1
203,-1,172,310,45,48,0.90,2,-1,-1
203,-1,280,222,28,29,0.88,2,-1,-1
203,-1,300,128,18,28,0.86,7,-1,-1
203,-1,362,131,14,14,0.80,2,-1,-1
204,-1,226,336,54,70,0.94,2,-1,-1
204,-1,165,318,48,51,0.91,2,-1,-1
204,-1,402,338,47,50,0.91,2,-1,-1
204,-1,278,227,28,30,0.89,2,-1,-1
204,-1,300,129,18,28,0.87,7,-1,-1
204,-1,362,131,14,14,0.79,2,-1,-1
205,-1,215,358,59,77,0.92,2,-1,-1
205,-1,154,333,51,54,0.91,2,-1,-1
205,-1,398,319,43,44,0.90,2,-1,-1
205,-1,275,233,30,32,0.88,2,-1,-1
205,-1,300,129,18,28,0.88,7,-1,-1
205,-1,362,130,15,14,0.78,2,-1,-1
206,-1,206,374,63,85,0.92,2,-1,-1
206,-1,146,344,53,58,0.91,2,-1,-1
206,-1,395,306,41,43,0.90,2,-1,-1
206,-1,272,239,31,32,0.88,2,-1,-1
206,-1,299,130,18,28,0.87,7,-1,-1
206,-1,362,130,14,14,0.78,2,-1,-1
207,-1,190,404,71,96,0.93,2,-1,-1
207,-1,133,364,56,62,0.91,2,-1,-1
207,-1,392,291,38,39,0.90,2,-1,-1
207,-1,269,243,32,38,0.90,2,-1,-1
207,-1,298,130,18,28,0.88,7,-1,-1
207,-1,361,129,14,14,0.79,2,-1,-1
208,-1,123,377,60,66,0.93,2,-1,-1
208,-1,180,427,76,106,0.92,2,-1,-1
208,-1,389,283,36,36,0.90,2,-1,-1
208,-1,267,249,33,38,0.89,2,-1,-1
208,-1,297,131,19,28,0.87,7,-1,-1
208,-1,360,128,14,14,0.79,2,-1,-1
209,-1,108,399,65,75,0.92,2,-1,-1
209,-1,386,271,35,32,0.89,2,-1,-1
209,-1,262,258,35,41,0.89,2,-1,-1
209,-1,296,131,19,29,0.87,7,-1,-1
209,-1,360,128,14,14,0.78,2,-1,-1
210,-1,97,416,67,80,0.92,2,-1,-1
210,-1,260,264,36,44,0.89,2,-1,-1
210,-1,385,262,32,32,0.88,2,-1,-1
210,-1,296,132,20,29,0.86,7,-1,-1
210,-1,360,127,14,14,0.78,2,-1,-1
211,-1,76,446,75,89,0.93,2,-1,-1
211,-1,254,275,38,46,0.91,2,-1,-1
211,-1,383,253,32,30,0.89,2,-1,-1
211,-1,295,132,20,30,0.85,7,-1,-1
211,-1,360,126,14,14,0.78,2,-1,-1
212,-1,249,282,42,49,0.90,2,-1,-1
212,-1,382,247,29,28,0.88,2,-1,-1
212,-1,294,133,20,30,0.86,7,-1,-1
212,-1,360,127,14,13,0.79,2,-1,-1
213,-1,245,291,42,51,0.91,2,-1,-1
213,-1,380,241,28,27,0.88,2,-1,-1
213,-1,294,133,20,30,0.85,7,-1,-1
213,-1,359,126,12,13,0.80,2,-1,-1
214,-1,239,304,46,57,0.91,2,-1,-1
214,-1,379,232,27,26,0.89,2,-1,-1
214,-1,292,134,20,31,0.87,7,-1,-1
214,-1,358,126,12,12,0.79,2,-1,-1
215,-1,230,320,49,62,0.91,2,-1,-1
215,-1,377,226,26,25,0.89,2,-1,-1
215,-1,292,135,21,32,0.87,7,-1,-1
215,-1,358,125,12,12,0.79,2,-1,-1
215,-1,330,120,10,12,0.17,2,-1,-1
216,-1,224,332,53,66,0.92,2,-1,-1
216,-1,290,136,21,32,0.87,7,-1,-1
216,-1,376,221,25,24,0.86,2,-1,-1
216,-1,358,125,12,12,0.76,2,-1,-1
216,-1,330,120,10,12,0.14,2,-1,-1
217,-1,213,352,58,74,0.92,2,-1,-1
217,-1,289,137,22,33,0.87,7,-1,-1
217,-1,376,215,24,24,0.86,2,-1,-1
217,-1,358,125,11,11,0.74,2,-1,-1
217,-1,316,118,10,15,0.47,7,-1,-1
217,-1,330,120,9,13,0.27,2,-1,-1
218,-1,206,368,61,80,0.92,2,-1,-1
218,-1,374,210,23,23,0.89,2,-1,-1
218,-1,288,137,22,34,0.88,7,-1,-1
218,-1,358,124,11,11,0.72,2,-1,-1
218,-1,316,119,10,15,0.47,7,-1,-1
218,-1,330,119,10,14,0.32,7,-1,-1
219,-1,198,384,64,87,0.93,2,-1,-1
219,-1,288,138,22,34,0.88,7,-1,-1
219,-1,374,207,23,22,0.87,2,-1,-1
219,-1,358,124,11,12,0.74,2,-1,-1
219,-1,316,119,10,15,0.49,7,-1,-1
219,-1,330,120,10,13,0.35,2,-1,-1
220,-1,184,414,72,98,0.92,2,-1,-1
220,-1,372,202,22,22,0.88,2,-1,-1
220,-1,287,139,22,35,0.88,7,-1,-1
220,-1,357,123,11,11,0.71,2,-1,-1
220,-1,316,119,11,15,0.43,7,-1,-1
220,-1,330,120,9,13,0.34,2,-1,-1
221,-1,286,140,23,36,0.89,7,-1,-1
221,-1,372,197,21,22,0.88,2,-1,-1
221,-1,357,122,10,12,0.69,2,-1,-1
221,-1,315,119,11,15,0.42,7,-1,-1
221,-1,330,120,9,13,0.23,2,-1,-1
222,-1,285,141,23,36,0.89,7,-1,-1
222,-1,371,194,21,21,0.87,2,-1,-1
222,-1,357,122,10,12,0.69,2,-1,-1
222,-1,315,119,11,16,0.51,7,-1,-1
222,-1,330,120,9,13,0.24,2,-1,-1
223,-1,283,142,24,37,0.89,7,-1,-1
223,-1,370,190,21,20,0.86,2,-1,-1
223,-1,356,122,11,11,0.73,2,-1,-1
223,-1,314,120,12,16,0.49,7,-1,-1
223,-1,330,121,9,13,0.29,2,-1,-1
224,-1,282,143,24,38,0.88,7,-1,-1
224,-1,369,187,21,20,0.87,2,-1,-1
224,-1,356,121,10,11,0.70,2,-1,-1
224,-1,330,121,9,13,0.36,2,-1,-1
224,-1,314,120,12,15,0.29,7,-1,-1
225,-1,281,144,24,38,0.88,7,-1,-1
225,-1,369,183,20,20,0.86,2,-1,-1
225,-1,355,121,10,11,0.71,2,-1,-1
225,-1,314,120,12,17,0.54,7,-1,-1
225,-1,330,122,10,13,0.46,2,-1,-1
226,-1,280,144,24,38,0.88,7,-1,-1
226,-1,368,180,20,20,0.87,2,-1,-1
226,-1,355,120,10,11,0.68,2,-1,-1
226,-1,330,121,10,14,0.51,2,-1,-1
226,-1,314,121,12,17,0.45,7,-1,-1
227,-1,278,146,25,39,0.88,7,-1,-1
227,-1,368,178,19,20,0.85,2,-1,-1
227,-1,354,120,10,11,0.73,2,-1,-1
227,-1,330,122,10,14,0.46,2,-1,-1
227,-1,313,121,12,16,0.27,2,-1,-1
228,-1,278,147,25,40,0.89,7,-1,-1
228,-1,368,176,19,19,0.86,2,-1,-1
228,-1,354,120,10,11,0.73,2,-1,-1
228,-1,330,121,10,15,0.43,2,-1,-1
228,-1,313,121,12,17,0.28,7,-1,-1
229,-1,276,148,26,40,0.90,7,-1,-1
229,-1,367,173,18,19,0.86,2,-1,-1
229,-1,329,121,11,15,0.63,2,-1,-1
229,-1,354,120,10,10,0.63,2,-1,-1
229,-1,312,122,12,17,0.43,7,-1,-1
230,-1,276,149,26,41,0.90,7,-1,-1
230,-1,367,171,18,18,0.85,2,-1,-1
230,-1,329,122,11,15,0.62,2,-1,-1
230,-1,354,119,10,10,0.57,2,-1,-1
230,-1,312,122,12,17,0.42,2,-1,-1
231,-1,274,151,26,42,0.89,7,-1,-1
231,-1,366,168,18,18,0.86,2,-1,-1
231,-1,329,122,11,15,0.62,2,-1,-1
231,-1,354,119,10,10,0.57,2,-1,-1
231,-1,312,122,13,17,0.44,2,-1,-1
232,-1,272,151,26,42,0.89,7,-1,-1
232,-1,366,166,18,18,0.86,2,-1,-1
232,-1,328,122,12,16,0.62,2,-1,-1
232,-1,353,118,10,10,0.57,2,-1,-1
232,-1,312,123,12,17,0.49,2,-1,-1
233,-1,272,153,26,44,0.88,7,-1,-1
233,-1,365,164,18,18,0.87,2,-1,-1
233,-1,328,122,12,16,0.62,2,-1,-1
233,-1,311,123,12,18,0.48,2,-1,-1
233,-1,352,118,10,11,0.45,2,-1,-1
234,-1,270,154,26,44,0.88,7,-1,-1
234,-1,365,162,17,18,0.87,2,-1,-1
234,-1,328,122,12,15,0.62,2,-1,-1
234,-1,310,124,13,18,0.48,7,-1,-1
234,-1,352,118,10,10,0.44,2,-1,-1
235,-1,269,155,27,46,0.89,7,-1,-1
235,-1,364,161,17,17,0.87,2,-1,-1
235,-1,328,122,12,16,0.63,2,-1,-1
235,-1,310,124,13,18,0.48,7,-1,-1
235,-1,352,118,9,10,0.43,2,-1,-1
236,-1,268,156,27,46,0.90,7,-1,-1
236,-1,364,159,17,17,0.87,2,-1,-1
236,-1,327,122,12,17,0.72,2,-1,-1
236,-1,310,124,13,18,0.48,7,-1,-1
236,-1,352,117,9,10,0.33,2,-1,-1
237,-1,266,157,28,48,0.89,7,-1,-1
237,-1,364,158,17,17,0.86,2,-1,-1
237,-1,327,123,12,17,0.72,2,-1,-1
237,-1,310,124,13,18,0.53,7,-1,-1
237,-1,352,118,9,10,0.31,2,-1,-1
238,-1,264,159,30,48,0.89,7,-1,-1
238,-1,363,156,17,16,0.87,2,-1,-1
238,-1,327,123,12,17,0.75,2,-1,-1
238,-1,309,125,14,19,0.56,7,-1,-1
238,-1,351,117,9,10,0.34,2,-1,-1
239,-1,262,161,30,48,0.90,7,-1,-1
239,-1,362,155,17,16,0.87,2,-1,-1
239,-1,327,124,12,16,0.79,2,-1,-1
239,-1,309,125,13,18,0.54,7,-1,-1
239,-1,350,117,9,9,0.30,2,-1,-1
240,-1,260,164,31,50,0.89,7,-1,-1
240,-1,362,153,16,16,0.86,2,-1,-1
240,-1,326,124,13,18,0.77,2,-1,-1
240,-1,308,126,13,18,0.66,7,-1,-1
240,-1,350,116,8,9,0.19,2,-1,-1
241,-1,258,166,32,50,0.90,7,-1,-1
241,-1,362,152,16,15,0.85,2,-1,-1
241,-1,326,126,12,16,0.80,2,-1,-1
241,-1,308,127,14,18,0.70,7,-1,-1
241,-1,349,116,8,10,0.15,2,-1,-1
242,-1,256,168,32,51,0.90,7,-1,-1
242,-1,363,150,15,15,0.86,2,-1,-1
242,-1,326,126,12,16,0.81,2,-1,-1
242,-1,308,127,14,18,0.74,7,-1,-1
243,-1,253,170,33,53,0.90,7,-1,-1
243,-1,362,149,15,15,0.86,2,-1,-1
243,-1,326,126,12,17,0.85,2,-1,-1
243,-1,306,128,14,19,0.82,7,-1,-1
244,-1,252,171,34,54,0.91,7,-1,-1
244,-1,362,148,15,15,0.85,2,-1,-1
244,-1,326,127,13,17,0.85,2,-1,-1
244,-1,306,128,14,19,0.81,7,-1,-1
245,-1,248,175,35,55,0.89,7,-1,-1
245,-1,326,127,13,18,0.85,2,-1,-1
245,-1,362,147,14,14,0.84,2,-1,-1
245,-1,306,129,14,20,0.82,7,-1,-1
246,-1,246,176,36,57,0.90,7,-1,-1
246,-1,326,127,13,18,0.84,2,-1,-1
246,-1,362,146,14,14,0.83,2,-1,-1
246,-1,306,129,14,20,0.79,7,-1,-1
247,-1,243,180,36,58,0.90,7,-1,-1
247,-1,326,128,13,18,0.86,2,-1,-1
247,-1,361,144,14,14,0.82,2,-1,-1
247,-1,304,130,15,20,0.80,7,-1,-1
248,-1,240,182,38,59,0.90,7,-1,-1
248,-1,325,128,13,18,0.85,2,-1,-1
248,-1,360,143,14,14,0.82,2,-1,-1
248,-1,304,130,15,20,0.78,7,-1,-1
249,-1,237,185,38,62,0.91,7,-1,-1
249,-1,360,142,14,14,0.85,2,-1,-1
249,-1,325,129,13,18,0.84,2,-1,-1
249,-1,303,132,16,20,0.70,7,-1,-1
250,-1,233,188,40,63,0.90,7,-1,-1
250,-1,360,142,13,14,0.85,2,-1,-1
250,-1,325,129,13,18,0.84,2,-1,-1
250,-1,303,132,16,20,0.64,7,-1,-1
251,-1,230,192,41,65,0.91,7,-1,-1
251,-1,360,141,13,13,0.85,2,-1,-1
251,-1,324,130,14,19,0.83,2,-1,-1
251,-1,302,133,16,21,0.55,2,-1,-1
252,-1,226,194,42,67,0.91,7,-1,-1
252,-1,360,140,13,13,0.84,2,-1,-1
252,-1,324,130,14,20,0.79,2,-1,-1
252,-1,302,134,16,20,0.59,2,-1,-1
253,-1,221,199,44,70,0.92,7,-1,-1
253,-1,360,138,13,14,0.83,2,-1,-1
253,-1,301,135,16,21,0.83,7,-1,-1
253,-1,323,130,14,19,0.82,2,-1,-1
254,-1,218,202,46,72,0.92,7,-1,-1
254,-1,300,135,17,22,0.83,7,-1,-1
254,-1,323,131,14,19,0.82,2,-1,-1
254,-1,360,138,13,14,0.81,2,-1,-1
255,-1,212,207,48,75,0.90,7,-1,-1
255,-1,323,132,14,19,0.83,2,-1,-1
255,-1,300,136,17,22,0.82,7,-1,-1
255,-1,359,137,13,13,0.82,2,-1,-1
256,-1,208,211,48,78,0.90,7,-1,-1
256,-1,299,136,17,22,0.85,7,-1,-1
256,-1,322,132,14,19,0.83,2,-1,-1
256,-1,359,136,12,14,0.82,2,-1,-1
257,-1,202,217,51,80,0.91,7,-1,-1
257,-1,298,138,18,22,0.85,7,-1,-1
257,-1,322,132,14,20,0.82,2,-1,-1
257,-1,359,135,12,13,0.81,2,-1,-1
258,-1,197,222,52,83,0.92,7,-1,-1
258,-1,297,138,18,23,0.85,7,-1,-1
258,-1,321,133,15,21,0.82,2,-1,-1
258,-1,359,135,12,13,0.82,2,-1,-1
259,-1,190,228,54,87,0.91,7,-1,-1
259,-1,321,135,15,20,0.83,2,-1,-1
259,-1,359,134,11,12,0.82,2,-1,-1
259,-1,296,139,18,23,0.80,7,-1,-1
260,-1,185,232,56,92,0.92,7,-1,-1
260,-1,321,135,15,21,0.82,2,-1,-1
260,-1,359,134,11,12,0.81,2,-1,-1
260,-1,296,140,18,23,0.64,7,-1,-1
261,-1,176,240,60,96,0.91,7,-1,-1
261,-1,320,136,16,21,0.82,2,-1,-1
261,-1,358,133,11,12,0.80,2,-1,-1
261,-1,294,141,19,23,0.65,7,-1,-1
262,-1,169,246,64,100,0.92,7,-1,-1
262,-1,320,136,16,22,0.82,2,-1,-1
262,-1,358,132,11,12,0.78,2,-1,-1
262,-1,294,142,19,24,0.77,7,-1,-1
263,-1,158,256,68,106,0.92,7,-1,-1
263,-1,319,138,16,22,0.85,2,-1,-1
263,-1,293,143,19,24,0.83,7,-1,-1
263,-1,358,132,12,12,0.78,2,-1,-1
264,-1,152,262,69,111,0.93,7,-1,-1
264,-1,319,138,16,22,0.85,2,-1,-1
264,-1,292,144,20,25,0.84,7,-1,-1
264,-1,358,131,12,12,0.79,2,-1,-1
265,-1,139,274,76,118,0.93,7,-1,-1
265,-1,291,145,20,25,0.87,7,-1,-1
265,-1,318,139,16,22,0.86,2,-1,-1
265,-1,358,130,12,12,0.78,2,-1,-1
266,-1,130,282,80,125,0.92,7,-1,-1
266,-1,290,146,20,26,0.87,7,-1,-1
266,-1,318,140,16,22,0.86,2,-1,-1
266,-1,357,129,12,12,0.75,2,-1,-1
267,-1,114,297,88,134,0.92,7,-1,-1
267,-1,289,147,20,26,0.86,7,-1,-1
267,-1,318,141,16,22,0.84,2,-1,-1
267,-1,357,128,12,12,0.77,2,-1,-1
268,-1,103,308,92,141,0.93,7,-1,-1
268,-1,288,147,20,27,0.85,7,-1,-1
268,-1,318,142,16,22,0.84,2,-1,-1
268,-1,357,128,12,12,0.77,2,-1,-1
269,-1,84,326,101,154,0.93,7,-1,-1
269,-1,286,149,21,28,0.85,7,-1,-1
269,-1,317,142,17,24,0.83,2,-1,-1
269,-1,357,128,11,12,0.75,2,-1,-1
270,-1,71,340,107,161,0.93,7,-1,-1
270,-1,285,150,22,28,0.86,7,-1,-1
270,-1,316,143,18,24,0.84,2,-1,-1
270,-1,357,128,11,12,0.76,2,-1,-1
271,-1,284,151,22,28,0.87,7,-1,-1
271,-1,316,145,18,24,0.86,2,-1,-1
271,-1,357,127,12,12,0.77,2,-1,-1
272,-1,316,145,18,24,0.87,2,-1,-1
272,-1,283,152,22,28,0.87,7,-1,-1
272,-1,356,127,12,12,0.77,2,-1,-1
273,-1,314,146,18,25,0.87,2,-1,-1
273,-1,282,154,23,30,0.87,7,-1,-1
273,-1,356,126,12,12,0.73,2,-1,-1
274,-1,280,155,24,31,0.87,7,-1,-1
274,-1,314,147,19,26,0.85,2,-1,-1
274,-1,356,126,12,12,0.73,2,-1,-1
275,-1,278,157,24,31,0.88,7,-1,-1
275,-1,313,148,19,26,0.84,2,-1,-1
275,-1,356,126,11,12,0.65,2,-1,-1
276,-1,276,159,24,31,0.89,7,-1,-1
276,-1,312,149,20,26,0.84,2,-1,-1
276,-1,356,125,11,12,0.64,2,-1,-1
277,-1,274,160,24,32,0.88,7,-1,-1
277,-1,312,151,20,26,0.84,2,-1,-1
277,-1,355,124,11,11,0.58,2,-1,-1
278,-1,274,161,25,33,0.88,7,-1,-1
278,-1,311,152,20,26,0.86,2,-1,-1
278,-1,356,125,11,10,0.57,2,-1,-1
279,-1,271,163,26,34,0.87,7,-1,-1
279,-1,310,153,21,28,0.82,2,-1,-1
279,-1,355,124,11,11,0.58,2,-1,-1
280,-1,270,164,27,34,0.88,7,-1,-1
280,-1,309,154,21,28,0.77,2,-1,-1
280,-1,355,123,10,11,0.55,2,-1,-1
281,-1,268,166,27,36,0.88,7,-1,-1
281,-1,308,155,21,29,0.85,2,-1,-1
281,-1,354,122,11,11,0.58,2,-1,-1
282,-1,266,168,28,36,0.89,7,-1,-1
282,-1,308,157,22,29,0.86,2,-1,-1
282,-1,354,122,11,11,0.57,2,-1,-1
283,-1,262,171,29,37,0.89,7,-1,-1
283,-1,307,158,22,30,0.82,2,-1,-1
283,-1,354,122,10,10,0.47,2,-1,-1
283,-1,329,122,10,14,0.13,2,-1,-1
284,-1,261,173,28,37,0.89,7,-1,-1
284,-1,306,159,22,30,0.80,2,-1,-1
284,-1,354,122,10,10,0.46,2,-1,-1
285,-1,258,175,30,40,0.88,7,-1,-1
285,-1,305,161,23,31,0.74,2,-1,-1
285,-1,354,121,10,9,0.41,2,-1,-1
285,-1,328,120,12,17,0.11,7,-1,-1
286,-1,256,177,30,40,0.89,7,-1,-1
286,-1,304,163,23,30,0.85,2,-1,-1
286,-1,354,121,10,9,0.42,2,-1,-1
286,-1,328,120,12,18,0.23,7,-1,-1
287,-1,252,180,32,42,0.89,7,-1,-1
287,-1,303,165,24,31,0.82,2,-1,-1
287,-1,328,121,12,18,0.35,7,-1,-1
287,-1,354,120,10,9,0.33,2,-1,-1
288,-1,250,181,32,44,0.89,7,-1,-1
288,-1,303,166,24,32,0.74,2,-1,-1
288,-1,328,120,12,19,0.72,7,-1,-1
288,-1,353,120,8,9,0.30,2,-1,-1
289,-1,247,184,34,46,0.90,7,-1,-1
289,-1,327,120,12,20,0.82,7,-1,-1
289,-1,301,168,24,34,0.45,7,-1,-1
289,-1,353,120,8,9,0.30,2,-1,-1
290,-1,244,186,35,47,0.90,7,-1,-1
290,-1,327,120,12,20,0.83,7,-1,-1
290,-1,300,168,25,34,0.52,7,-1,-1
290,-1,352,119,8,9,0.27,2,-1,-1
291,-1,240,189,37,50,0.90,7,-1,-1
291,-1,327,120,12,20,0.83,7,-1,-1
291,-1,298,172,26,35,0.73,2,-1,-1
291,-1,352,119,8,9,0.27,2,-1,-1
292,-1,237,192,37,50,0.91,7,-1,-1
292,-1,326,121,13,20,0.84,7,-1,-1
292,-1,298,173,26,36,0.63,7,-1,-1
292,-1,352,119,8,9,0.15,2,-1,-1
293,-1,232,196,39,52,0.91,7,-1,-1
293,-1,326,121,13,21,0.86,7,-1,-1
293,-1,296,176,28,37,0.73,7,-1,-1
294,-1,229,200,40,53,0.90,7,-1,-1
294,-1,326,122,14,21,0.87,7,-1,-1
294,-1,294,178,28,37,0.53,7,-1,-1
295,-1,224,204,42,56,0.90,7,-1,-1
295,-1,326,122,14,21,0.87,7,-1,-1
295,-1,292,181,30,38,0.83,2,-1,-1
295,-1,351,118,8,9,0.16,2,-1,-1
296,-1,221,208,42,58,0.91,7,-1,-1
296,-1,326,122,14,22,0.88,7,-1,-1
296,-1,291,183,30,40,0.74,2,-1,-1
297,-1,216,214,44,61,0.91,7,-1,-1
297,-1,326,123,14,21,0.88,7,-1,-1
297,-1,290,186,31,42,0.88,7,-1,-1
298,-1,212,217,45,63,0.91,7,-1,-1
298,-1,326,123,14,22,0.88,7,-1,-1
298,-1,288,189,32,42,0.88,2,-1,-1
299,-1,206,224,48,67,0.92,7,-1,-1
299,-1,326,122,14,23,0.87,7,-1,-1
299,-1,286,192,33,43,0.85,2,-1,-1
300,-1,201,228,50,70,0.91,7,-1,-1
300,-1,285,193,33,46,0.87,2,-1,-1
300,-1,326,122,14,23,0.87,7,-1,-1
301,-1,529,443,86,92,0.91,2,-1,-1
301,-1,194,235,54,74,0.91,7,-1,-1
301,-1,325,122,15,24,0.85,7,-1,-1
301,-1,283,197,34,48,0.57,2,-1,-1
302,-1,520,424,78,88,0.92,2,-1,-1
302,-1,188,241,56,76,0.91,7,-1,-1
302,-1,325,122,15,25,0.86,7,-1,-1
302,-1,281,202,36,46,0.82,2,-1,-1
303,-1,509,397,68,82,0.91,2,-1,-1
303,-1,179,250,59,80,0.91,7,-1,-1
303,-1,325,122,15,25,0.85,7,-1,-1
303,-1,278,207,37,48,0.85,2,-1,-1
304,-1,500,382,68,76,0.92,2,-1,-1
304,-1,172,254,63,86,0.91,7,-1,-1
304,-1,276,210,38,50,0.88,2,-1,-1
304,-1,324,121,16,27,0.85,7,-1,-1
305,-1,166,262,66,90,0.92,7,-1,-1
305,-1,494,368,64,72,0.91,2,-1,-1
305,-1,274,214,40,50,0.89,2,-1,-1
305,-1,324,121,16,28,0.85,7,-1,-1
306,-1,154,272,71,100,0.92,7,-1,-1
306,-1,484,348,60,68,0.90,2,-1,-1
306,-1,272,221,41,53,0.85,2,-1,-1
306,-1,324,121,17,28,0.85,7,-1,-1
307,-1,140,286,79,106,0.92,7,-1,-1
307,-1,268,227,42,55,0.91,2,-1,-1
307,-1,478,332,52,63,0.90,2,-1,-1
307,-1,324,121,16,28,0.85,7,-1,-1
308,-1,130,293,82,114,0.93,7,-1,-1
308,-1,472,322,48,59,0.91,2,-1,-1
308,-1,266,231,44,58,0.91,2,-1,-1
308,-1,323,121,17,30,0.83,7,-1,-1
309,-1,116,310,88,125,0.92,7,-1,-1
309,-1,464,307,48,57,0.91,2,-1,-1
309,-1,261,234,47,65,0.90,2,-1,-1
309,-1,322,121,18,30,0.82,7,-1,-1
310,-1,103,321,94,136,0.92,7,-1,-1
310,-1,462,300,45,53,0.91,2,-1,-1
310,-1,259,239,48,67,0.88,2,-1,-1
310,-1,322,121,18,31,0.82,7,-1,-1
311,-1,83,342,103,152,0.93,7,-1,-1
311,-1,420,454,73,77,0.92,2,-1,-1
311,-1,455,288,42,50,0.90,2,-1,-1
311,-1,322,121,18,31,0.82,7,-1,-1
311,-1,254,243,51,75,0.67,2,-1,-1
312,-1,68,358,109,164,0.93,7,-1,-1
312,-1,415,428,67,72,0.91,2,-1,-1
312,-1,452,282,41,48,0.91,2,-1,-1
312,-1,250,247,54,81,0.88,2,-1,-1
312,-1,321,121,18,32,0.80,7,-1,-1
313,-1,446,272,38,45,0.90,2,-1,-1
313,-1,408,396,60,60,0.90,2,-1,-1
313,-1,244,254,58,88,0.83,2,-1,-1
313,-1,322,121,18,32,0.82,7,-1,-1
314,-1,406,377,56,55,0.91,2,-1,-1
314,-1,443,266,37,43,0.90,2,-1,-1
314,-1,320,122,19,33,0.81,7,-1,-1
314,-1,240,260,61,93,0.77,2,-1,-1
315,-1,400,350,50,51,0.90,2,-1,-1
315,-1,439,258,35,41,0.90,2,-1,-1
315,-1,232,272,64,100,0.86,2,-1,-1
315,-1,320,123,18,33,0.78,7,-1,-1
316,-1,398,335,47,47,0.91,2,-1,-1
316,-1,436,253,34,40,0.89,2,-1,-1
316,-1,228,279,68,106,0.84,2,-1,-1
316,-1,320,123,18,33,0.78,7,-1,-1
317,-1,394,315,44,44,0.90,2,-1,-1
317,-1,434,246,32,38,0.88,2,-1,-1
317,-1,219,293,72,115,0.83,2,-1,-1
317,-1,320,125,18,34,0.78,7,-1,-1
318,-1,392,304,42,41,0.90,2,-1,-1
318,-1,212,303,75,122,0.90,2,-1,-1
318,-1,432,241,31,37,0.90,2,-1,-1
318,-1,320,129,19,32,0.82,7,-1,-1
319,-1,389,288,39,39,0.90,2,-1,-1
319,-1,428,234,29,36,0.89,2,-1,-1
319,-1,319,132,19,31,0.83,7,-1,-1
319,-1,201,320,82,134,0.75,2,-1,-1
319,-1,311,123,11,18,0.23,7,-1,-1
320,-1,386,280,38,36,0.89,2,-1,-1
320,-1,426,231,28,34,0.88,2,-1,-1
320,-1,318,133,19,30,0.83,7,-1,-1
320,-1,193,332,88,144,0.80,7,-1,-1
320,-1,311,123,11,18,0.27,7,-1,-1
321,-1,384,266,35,35,0.89,2,-1,-1
321,-1,424,225,27,33,0.89,2,-1,-1
321,-1,318,133,19,32,0.82,7,-1,-1
321,-1,178,353,98,161,0.81,7,-1,-1
321,-1,310,123,11,19,0.14,7,-1,-1
322,-1,384,259,34,33,0.88,2,-1,-1
322,-1,422,223,26,32,0.86,2,-1,-1
322,-1,318,134,20,32,0.82,7,-1,-1
322,-1,311,123,11,20,0.16,7,-1,-1
323,-1,419,218,26,30,0.90,2,-1,-1
323,-1,381,249,32,32,0.89,2,-1,-1
323,-1,317,135,20,31,0.84,7,-1,-1
323,-1,310,123,12,19,0.18,7,-1,-1
324,-1,418,215,25,30,0.88,2,-1,-1
324,-1,380,244,30,29,0.88,2,-1,-1
324,-1,316,134,21,34,0.84,7,-1,-1
325,-1,416,210,23,30,0.88,2,-1,-1
325,-1,378,234,29,28,0.87,2,-1,-1
325,-1,317,135,20,34,0.84,7,-1,-1
326,-1,378,230,28,27,0.88,2,-1,-1
326,-1,415,208,23,28,0.87,2,-1,-1
326,-1,316,134,21,36,0.83,7,-1,-1
327,-1,412,204,22,27,0.88,2,-1,-1
327,-1,376,223,27,25,0.86,2,-1,-1
327,-1,314,134,22,38,0.81,7,-1,-1
328,-1,410,201,22,26,0.87,2,-1,-1
328,-1,376,219,26,25,0.87,2,-1,-1
328,-1,314,136,23,38,0.84,7,-1,-1
329,-1,374,212,24,24,0.87,2,-1,-1
329,-1,409,198,22,26,0.86,2,-1,-1
329,-1,312,136,24,39,0.85,7,-1,-1
330,-1,373,208,24,24,0.87,2,-1,-1
330,-1,408,195,21,25,0.87,2,-1,-1
330,-1,312,137,24,39,0.84,7,-1,-1
331,-1,372,205,24,23,0.88,2,-1,-1
331,-1,406,194,21,24,0.88,2,-1,-1
331,-1,312,138,24,39,0.84,7,-1,-1
332,-1,311,140,24,40,0.86,7,-1,-1
332,-1,405,192,20,22,0.86,2,-1,-1
332,-1,371,200,23,22,0.86,2,-1,-1
333,-1,370,195,22,22,0.87,2,-1,-1
333,-1,310,141,24,40,0.86,7,-1,-1
333,-1,403,192,20,20,0.86,2,-1,-1
334,-1,310,143,25,40,0.86,7,-1,-1
334,-1,402,190,20,19,0.86,2,-1,-1
334,-1,370,192,22,22,0.84,2,-1,-1
334,-1,327,136,10,10,0.25,2,-1,-1
335,-1,308,144,26,40,0.87,7,-1,-1
335,-1,400,188,20,19,0.86,2,-1,-1
335,-1,369,190,22,21,0.85,2,-1,-1
336,-1,307,144,26,42,0.88,7,-1,-1
336,-1,368,186,22,20,0.85,2,-1,-1
336,-1,400,187,18,18,0.85,2,-1,-1
336,-1,304,129,13,20,0.12,7,-1,-1
337,-1,306,146,28,42,0.88,7,-1,-1
337,-1,398,184,18,18,0.86,2,-1,-1
337,-1,368,182,20,20,0.85,2,-1,-1
337,-1,304,130,17,22,0.62,7,-1,-1
338,-1,305,147,28,44,0.88,7,-1,-1
338,-1,368,180,20,20,0.85,2,-1,-1
338,-1,398,181,18,18,0.85,2,-1,-1
338,-1,303,130,17,22,0.71,7,-1,-1
339,-1,304,148,29,45,0.87,7,-1,-1
339,-1,396,179,18,18,0.86,2,-1,-1
339,-1,367,176,19,19,0.85,2,-1,-1
339,-1,302,130,17,23,0.68,7,-1,-1
340,-1,303,149,30,46,0.88,7,-1,-1
340,-1,395,177,18,18,0.86,2,-1,-1
340,-1,367,174,18,19,0.86,2,-1,-1
340,-1,302,130,17,24,0.72,7,-1,-1
341,-1,302,151,30,46,0.87,7,-1,-1
341,-1,394,176,18,17,0.86,2,-1,-1
341,-1,366,172,18,18,0.85,2,-1,-1
341,-1,301,130,18,25,0.72,7,-1,-1
342,-1,301,152,30,47,0.87,7,-1,-1
342,-1,366,170,18,18,0.85,2,-1,-1
342,-1,394,174,18,17,0.85,2,-1,-1
342,-1,300,131,19,26,0.80,7,-1,-1
343,-1,300,154,31,46,0.88,7,-1,-1
343,-1,366,168,18,18,0.86,2,-1,-1
343,-1,392,173,18,16,0.84,2,-1,-1
343,-1,300,132,19,26,0.82,7,-1,-1
343,-1,321,142,12,12,0.18,2,-1,-1
344,-1,298,155,32,48,0.89,7,-1,-1
344,-1,364,165,18,18,0.86,2,-1,-1
344,-1,392,171,17,17,0.85,2,-1,-1
344,-1,300,132,19,26,0.82,7,-1,-1
344,-1,324,142,10,12,0.32,2,-1,-1
345,-1,297,156,33,51,0.89,7,-1,-1
345,-1,364,163,18,18,0.86,2,-1,-1
345,-1,390,169,17,16,0.86,2,-1,-1
345,-1,298,133,20,26,0.82,7,-1,-1
345,-1,324,144,11,11,0.48,2,-1,-1
346,-1,296,158,34,50,0.90,7,-1,-1
346,-1,364,161,18,18,0.87,2,-1,-1
346,-1,390,167,17,16,0.85,2,-1,-1
346,-1,298,134,20,26,0.82,7,-1,-1
346,-1,322,144,11,12,0.22,2,-1,-1
347,-1,294,161,35,52,0.90,7,-1,-1
347,-1,364,160,16,16,0.86,2,-1,-1
347,-1,388,165,17,16,0.85,2,-1,-1
347,-1,296,134,20,27,0.83,7,-1,-1
347,-1,323,146,12,11,0.65,2,-1,-1
348,-1,293,162,36,54,0.90,7,-1,-1
348,-1,364,159,17,16,0.86,2,-1,-1
348,-1,388,165,16,16,0.86,2,-1,-1
348,-1,296,135,20,27,0.82,7,-1,-1
348,-1,322,147,12,11,0.70,2,-1,-1
349,-1,290,163,37,56,0.91,7,-1,-1
349,-1,363,157,17,16,0.86,2,-1,-1
349,-1,388,163,16,15,0.86,2,-1,-1
349,-1,296,136,21,27,0.85,7,-1,-1
349,-1,322,149,12,11,0.73,2,-1,-1
350,-1,290,164,38,58,0.90,7,-1,-1
350,-1,362,155,17,16,0.86,2,-1,-1
350,-1,387,163,16,14,0.85,2,-1,-1
350,-1,294,136,21,28,0.85,7,-1,-1
350,-1,321,149,13,12,0.77,2,-1,-1
351,-1,288,168,39,59,0.90,7,-1,-1
351,-1,362,154,16,15,0.85,2,-1,-1
351,-1,294,136,22,30,0.85,7,-1,-1
351,-1,386,161,16,14,0.84,2,-1,-1
351,-1,320,150,13,12,0.79,2,-1,-1
352,-1,286,169,40,60,0.90,7,-1,-1
352,-1,294,137,22,28,0.85,7,-1,-1
352,-1,362,152,16,15,0.84,2,-1,-1
352,-1,386,160,15,14,0.83,2,-1,-1
352,-1,320,152,13,12,0.75,2,-1,-1
353,-1,285,170,41,62,0.91,7,-1,-1
353,-1,293,138,22,29,0.85,7,-1,-1
353,-1,362,151,16,15,0.83,2,-1,-1
353,-1,386,158,15,14,0.82,2,-1,-1
353,-1,320,152,14,12,0.74,2,-1,-1
354,-1,280,175,44,66,0.91,7,-1,-1
354,-1,292,138,22,30,0.86,7,-1,-1
354,-1,362,148,15,14,0.84,2,-1,-1
354,-1,384,157,15,14,0.84,2,-1,-1
354,-1,318,155,14,12,0.80,2,-1,-1
355,-1,280,176,45,68,0.92,7,-1,-1
355,-1,292,140,21,28,0.87,7,-1,-1
355,-1,384,156,16,14,0.84,2,-1,-1
355,-1,318,155,14,12,0.83,2,-1,-1
355,-1,361,147,15,14,0.83,2,-1,-1
356,-1,278,178,47,70,0.92,7,-1,-1
356,-1,290,140,22,29,0.86,7,-1,-1
356,-1,383,156,16,14,0.85,2,-1,-1
356,-1,361,147,15,14,0.83,2,-1,-1
356,-1,318,156,14,12,0.81,2,-1,-1
357,-1,276,179,48,72,0.91,7,-1,-1
357,-1,290,141,22,29,0.86,7,-1,-1
357,-1,383,155,15,14,0.84,2,-1,-1
357,-1,361,146,15,14,0.83,2,-1,-1
357,-1,318,156,14,13,0.79,2,-1,-1
358,-1,272,182,50,76,0.91,7,-1,-1
358,-1,290,142,23,30,0.86,7,-1,-1
358,-1,382,154,15,13,0.84,2,-1,-1
358,-1,360,145,15,14,0.82,2,-1,-1
358,-1,317,159,15,13,0.71,2,-1,-1
359,-1,271,184,52,79,0.91,7,-1,-1
359,-1,288,143,24,30,0.86,7,-1,-1
359,-1,360,144,14,14,0.82,2,-1,-1
359,-1,382,153,14,13,0.82,2,-1,-1
359,-1,317,160,14,14,0.82,2,-1,-1
360,-1,268,187,54,84,0.91,7,-1,-1
360,-1,288,144,24,29,0.85,7,-1,-1
360,-1,360,142,14,14,0.85,2,-1,-1
360,-1,317,162,14,13,0.83,2,-1,-1
360,-1,382,151,14,13,0.75,2,-1,-1
361,-1,265,189,56,87,0.92,7,-1,-1
361,-1,381,150,14,13,0.86,2,-1,-1
361,-1,360,141,14,14,0.85,2,-1,-1
361,-1,287,144,24,30,0.85,7,-1,-1
361,-1,316,164,15,12,0.81,2,-1,-1
362,-1,261,192,58,92,0.92,7,-1,-1
362,-1,286,146,24,31,0.87,7,-1,-1
362,-1,360,140,14,13,0.85,2,-1,-1
362,-1,380,149,14,13,0.85,2,-1,-1
362,-1,314,165,16,14,0.79,2,-1,-1
363,-1,258,195,60,96,0.92,7,-1,-1
363,-1,284,146,25,32,0.88,7,-1,-1
363,-1,360,140,14,13,0.85,2,-1,-1
363,-1,380,148,14,13,0.84,2,-1,-1
363,-1,313,167,16,14,0.80,2,-1,-1
364,-1,254,199,64,103,0.91,7,-1,-1
364,-1,283,147,26,33,0.88,7,-1,-1
364,-1,359,138,12,12,0.85,2,-1,-1
364,-1,379,146,14,13,0.83,2,-1,-1
364,-1,312,169,17,14,0.83,2,-1,-1
365,-1,251,202,66,107,0.92,7,-1,-1
365,-1,282,147,28,34,0.87,7,-1,-1
365,-1,359,138,12,12,0.84,2,-1,-1
365,-1,312,171,18,14,0.84,2,-1,-1
365,-1,379,146,14,13,0.82,2,-1,-1
366,-1,246,207,70,114,0.92,7,-1,-1
366,-1,281,148,28,34,0.85,7,-1,-1
366,-1,359,137,12,12,0.83,2,-1,-1
366,-1,311,173,17,14,0.83,2,-1,-1
366,-1,379,146,13,12,0.76,2,-1,-1
367,-1,242,210,73,119,0.92,7,-1,-1
367,-1,280,150,27,34,0.85,7,-1,-1
367,-1,310,175,17,15,0.83,2,-1,-1
367,-1,358,136,12,12,0.82,2,-1,-1
367,-1,378,145,13,12,0.73,2,-1,-1
367,-1,295,207,20,22,0.44,2,-1,-1
368,-1,234,216,77,128,0.92,7,-1,-1
368,-1,279,151,27,35,0.85,7,-1,-1
368,-1,310,177,18,16,0.85,2,-1,-1
368,-1,358,135,12,12,0.82,2,-1,-1
368,-1,292,212,22,24,0.74,2,-1,-1
368,-1,378,145,13,12,0.74,2,-1,-1
369,-1,230,220,80,136,0.92,7,-1,-1
369,-1,309,178,18,16,0.86,2,-1,-1
369,-1,278,152,27,34,0.85,7,-1,-1
369,-1,358,135,12,12,0.82,2,-1,-1
369,-1,378,144,12,12,0.72,2,-1,-1
369,-1,292,215,21,24,0.65,2,-1,-1
370,-1,223,229,84,145,0.91,7,-1,-1
370,-1,276,154,28,36,0.87,7,-1,-1
370,-1,358,133,12,12,0.84,2,-1,-1
370,-1,308,181,18,16,0.82,2,-1,-1
370,-1,288,221,24,27,0.80,2,-1,-1
370,-1,377,143,13,12,0.74,2,-1,-1
370,-1,298,155,12,14,0.13,2,-1,-1
371,-1,217,232,88,154,0.91,7,-1,-1
371,-1,275,154,29,36,0.87,7,-1,-1
371,-1,307,183,19,16,0.84,2,-1,-1
371,-1,358,133,12,12,0.84,2,-1,-1
371,-1,288,224,23,26,0.79,2,-1,-1
371,-1,376,142,12,12,0.78,2,-1,-1
372,-1,206,241,98,169,0.92,7,-1,-1
372,-1,273,157,30,36,0.87,7,-1,-1
372,-1,284,231,25,28,0.87,2,-1,-1
372,-1,306,186,19,17,0.85,2,-1,-1
372,-1,358,132,12,12,0.83,2,-1,-1
372,-1,376,141,12,12,0.76,2,-1,-1
373,-1,199,238,106,190,0.92,7,-1,-1
373,-1,272,158,30,38,0.87,7,-1,-1
373,-1,305,189,20,16,0.84,2,-1,-1
373,-1,358,131,12,12,0.82,2,-1,-1
373,-1,283,235,25,28,0.76,2,-1,-1
373,-1,376,141,13,12,0.74,2,-1,-1
373,-1,330,119,8,10,0.11,2,-1,-1
374,-1,187,256,110,200,0.91,7,-1,-1
374,-1,278,242,28,31,0.88,2,-1,-1
374,-1,271,158,30,39,0.86,7,-1,-1
374,-1,304,192,20,18,0.85,2,-1,-1
374,-1,357,130,12,12,0.82,2,-1,-1
374,-1,376,141,12,11,0.68,2,-1,-1
374,-1,330,119,8,10,0.29,2,-1,-1
374,-1,294,159,13,15,0.13,2,-1,-1
375,-1,180,262,115,216,0.90,7,-1,-1
375,-1,270,160,31,40,0.86,7,-1,-1
375,-1,276,247,29,32,0.85,2,-1,-1
375,-1,303,194,21,18,0.84,2,-1,-1
375,-1,358,130,12,12,0.82,2,-1,-1
375,-1,376,140,12,12,0.70,2,-1,-1
375,-1,294,161,12,14,0.64,2,-1,-1
375,-1,330,120,8,10,0.30,2,-1,-1
376,-1,274,255,30,34,0.88,2,-1,-1
376,-1,163,270,126,248,0.87,7,-1,-1
376,-1,268,161,32,41,0.86,7,-1,-1
376,-1,301,198,20,19,0.85,2,-1,-1
376,-1,356,130,12,12,0.80,2,-1,-1
376,-1,375,139,12,12,0.65,2,-1,-1
376,-1,293,161,14,16,0.52,2,-1,-1
376,-1,330,120,8,9,0.31,2,-1,-1
377,-1,271,261,31,34,0.90,2,-1,-1
377,-1,266,163,31,41,0.87,7,-1,-1
377,-1,300,200,22,20,0.85,2,-1,-1
377,-1,357,129,12,12,0.81,2,-1,-1
377,-1,292,162,14,16,0.75,2,-1,-1
377,-1,375,139,12,12,0.62,2,-1,-1
377,-1,330,120,8,10,0.31,2,-1,-1
378,-1,266,270,34,38,0.90,2,-1,-1
378,-1,264,166,31,41,0.88,7,-1,-1
378,-1,299,205,22,20,0.84,2,-1,-1
378,-1,356,129,12,12,0.80,2,-1,-1
378,-1,290,164,15,16,0.78,2,-1,-1
378,-1,375,139,12,12,0.62,2,-1,-1
378,-1,330,120,9,9,0.23,2,-1,-1
379,-1,263,276,35,40,0.90,2,-1,-1
379,-1,263,166,32,43,0.86,7,-1,-1
379,-1,298,209,22,20,0.83,2,-1,-1
379,-1,288,164,16,18,0.78,2,-1,-1
379,-1,356,128,12,12,0.76,2,-1,-1
379,-1,329,122,10,11,0.32,2,-1,-1
379,-1,375,138,12,12,0.28,2,-1,-1
380,-1,258,287,38,44,0.91,2,-1,-1
380,-1,260,168,32,44,0.88,7,-1,-1
380,-1,294,212,24,22,0.84,2,-1,-1
380,-1,288,167,15,17,0.77,2,-1,-1
380,-1,356,127,12,12,0.76,2,-1,-1
380,-1,329,122,10,11,0.34,2,-1,-1
380,-1,374,137,12,12,0.34,2,-1,-1
381,-1,254,295,40,46,0.91,2,-1,-1
381,-1,259,170,33,44,0.88,7,-1,-1
381,-1,292,215,26,22,0.83,2,-1,-1
381,-1,287,168,16,18,0.78,2,-1,-1
381,-1,356,127,12,12,0.74,2,-1,-1
381,-1,374,137,12,12,0.50,2,-1,-1
381,-1,329,122,10,11,0.32,2,-1,-1
382,-1,248,308,42,50,0.91,2,-1,-1
382,-1,256,172,34,46,0.88,7,-1,-1
382,-1,286,170,17,16,0.85,2,-1,-1
382,-1,291,221,26,22,0.84,2,-1,-1
382,-1,356,127,11,11,0.72,2,-1,-1
382,-1,374,137,12,12,0.54,2,-1,-1
382,-1,328,122,10,12,0.52,2,-1,-1
383,-1,244,318,44,52,0.91,2,-1,-1
383,-1,253,170,36,49,0.90,7,-1,-1
383,-1,289,225,27,23,0.84,2,-1,-1
383,-1,286,171,17,18,0.82,2,-1,-1
383,-1,356,126,11,11,0.67,2,-1,-1
383,-1,329,122,10,12,0.59,2,-1,-1
383,-1,374,136,12,12,0.54,2,-1,-1
384,-1,238,334,47,58,0.92,2,-1,-1
384,-1,251,172,36,52,0.90,7,-1,-1
384,-1,284,174,18,18,0.84,2,-1,-1
384,-1,286,234,28,22,0.82,2,-1,-1
384,-1,355,126,11,11,0.60,2,-1,-1
384,-1,329,122,10,12,0.56,2,-1,-1
384,-1,374,136,12,12,0.39,2,-1,-1
385,-1,232,346,48,61,0.92,2,-1,-1
385,-1,249,175,36,52,0.89,7,-1,-1
385,-1,284,175,18,18,0.86,2,-1,-1
385,-1,284,234,30,26,0.83,2,-1,-1
385,-1,329,122,10,12,0.68,2,-1,-1
385,-1,355,125,11,11,0.35,2,-1,-1
386,-1,223,368,53,67,0.94,2,-1,-1
386,-1,246,176,38,54,0.90,7,-1,-1
386,-1,283,176,19,20,0.85,2,-1,-1
386,-1,280,242,32,28,0.84,2,-1,-1
386,-1,329,122,10,12,0.70,2,-1,-1
386,-1,354,125,10,10,0.35,2,-1,-1
387,-1,216,382,56,73,0.92,2,-1,-1
387,-1,244,177,39,57,0.92,7,-1,-1
387,-1,278,248,32,28,0.85,2,-1,-1
387,-1,283,178,19,20,0.85,2,-1,-1
387,-1,329,122,10,12,0.69,2,-1,-1
387,-1,354,124,10,10,0.33,2,-1,-1
388,-1,206,410,61,81,0.92,2,-1,-1
388,-1,241,179,41,58,0.90,7,-1,-1
388,-1,282,180,20,20,0.84,2,-1,-1
388,-1,274,255,33,30,0.84,2,-1,-1
388,-1,329,123,10,12,0.66,2,-1,-1
388,-1,354,124,10,10,0.36,2,-1,-1
389,-1,198,429,65,88,0.93,2,-1,-1
389,-1,238,181,42,61,0.91,7,-1,-1
389,-1,272,255,34,37,0.88,2,-1,-1
389,-1,280,182,21,20,0.83,2,-1,-1
389,-1,328,124,11,12,0.66,2,-1,-1
389,-1,354,123,10,10,0.30,2,-1,-1
390,-1,235,182,44,64,0.92,7,-1,-1
390,-1,267,266,38,38,0.89,2,-1,-1
390,-1,280,186,22,20,0.86,2,-1,-1
390,-1,328,124,10,12,0.67,2,-1,-1
390,-1,354,123,10,10,0.24,2,-1,-1
391,-1,232,184,46,66,0.92,7,-1,-1
391,-1,264,272,39,40,0.89,2,-1,-1
391,-1,280,188,21,21,0.86,2,-1,-1
391,-1,328,125,10,12,0.59,2,-1,-1
391,-1,354,122,10,10,0.37,2,-1,-1
392,-1,228,187,48,69,0.91,7,-1,-1
392,-1,259,283,42,43,0.90,2,-1,-1
392,-1,279,188,22,24,0.86,2,-1,-1
392,-1,328,124,11,13,0.65,2,-1,-1
392,-1,354,122,10,10,0.29,2,-1,-1
393,-1,226,189,48,71,0.92,7,-1,-1
393,-1,255,290,43,46,0.90,2,-1,-1
393,-1,278,190,22,24,0.85,2,-1,-1
393,-1,328,124,11,13,0.65,2,-1,-1
393,-1,353,122,10,9,0.17,2,-1,-1
394,-1,248,303,46,50,0.91,2,-1,-1
394,-1,220,192,50,76,0.90,7,-1,-1
394,-1,278,194,23,24,0.88,2,-1,-1
394,-1,326,126,12,14,0.75,2,-1,-1
394,-1,353,122,10,9,0.19,2,-1,-1
395,-1,243,314,50,52,0.92,2,-1,-1
395,-1,217,194,52,77,0.91,7,-1,-1
395,-1,276,196,24,26,0.88,2,-1,-1
395,-1,326,126,12,14,0.75,2,-1,-1
395,-1,353,121,10,9,0.20,2,-1,-1
396,-1,234,328,53,59,0.92,2,-1,-1
396,-1,212,198,54,81,0.92,7,-1,-1
396,-1,275,200,24,26,0.88,2,-1,-1
396,-1,326,128,11,14,0.73,2,-1,-1
396,-1,353,121,9,9,0.13,2,-1,-1
397,-1,228,340,56,63,0.92,2,-1,-1
397,-1,208,201,54,84,0.91,7,-1,-1
397,-1,274,202,25,27,0.88,2,-1,-1
397,-1,327,129,11,12,0.77,2,-1,-1
397,-1,318,123,9,10,0.39,2,-1,-1
397,-1,352,120,9,9,0.24,2,-1,-1
398,-1,202,207,58,86,0.92,7,-1,-1
398,-1,218,361,61,70,0.92,2,-1,-1
398,-1,273,206,26,28,0.88,2,-1,-1
398,-1,327,129,11,13,0.79,2,-1,-1
398,-1,352,120,9,9,0.25,2,-1,-1
398,-1,317,123,9,9,0.23,2,-1,-1
399,-1,198,210,60,90,0.93,7,-1,-1
399,-1,210,376,64,76,0.91,2,-1,-1
399,-1,272,209,26,30,0.88,2,-1,-1
399,-1,326,129,11,14,0.79,2,-1,-1
399,-1,317,123,9,9,0.18,2,-1,-1
399,-1,352,120,8,9,0.13,2,-1,-1
400,-1,196,402,71,86,0.92,2,-1,-1
400,-1,191,214,62,96,0.92,7,-1,-1
400,-1,270,214,26,31,0.88,2,-1,-1
400,-1,326,130,12,14,0.81,2,-1,-1
400,-1,316,124,9,9,0.31,2,-1,-1
400,-1,352,120,9,10,0.19,2,-1,-1
401,-1,186,422,76,93,0.93,2,-1,-1
401,-1,185,217,65,99,0.93,7,-1,-1
401,-1,269,217,27,32,0.88,2,-1,-1
401,-1,325,130,12,14,0.82,2,-1,-1
401,-1,316,124,9,9,0.41,2,-1,-1
401,-1,352,120,9,10,0.17,2,-1,-1
402,-1,176,222,69,105,0.93,7,-1,-1
402,-1,267,223,29,32,0.87,2,-1,-1
402,-1,325,130,12,14,0.84,2,-1,-1
402,-1,316,125,9,10,0.33,2,-1,-1
402,-1,352,120,9,10,0.15,2,-1,-1
403,-1,172,225,70,111,0.92,7,-1,-1
403,-1,266,227,30,33,0.89,2,-1,-1
403,-1,325,131,12,14,0.83,2,-1,-1
403,-1,316,125,10,10,0.25,2,-1,-1
403,-1,352,119,9,10,0.25,2,-1,-1
404,-1,161,235,76,114,0.93,7,-1,-1
404,-1,264,234,30,34,0.90,2,-1,-1
404,-1,324,132,12,14,0.84,2,-1,-1
404,-1,351,118,9,10,0.25,2,-1,-1
404,-1,316,126,9,10,0.20,2,-1,-1
405,-1,155,239,79,121,0.94,7,-1,-1
405,-1,262,238,32,36,0.89,2,-1,-1
405,-1,324,132,12,14,0.83,2,-1,-1
405,-1,315,125,9,11,0.29,2,-1,-1
405,-1,351,118,9,10,0.17,2,-1,-1
406,-1,145,247,84,129,0.93,7,-1,-1
406,-1,259,244,33,39,0.90,2,-1,-1
406,-1,324,133,13,14,0.80,2,-1,-1
406,-1,315,126,10,11,0.26,2,-1,-1
407,-1,136,254,88,134,0.93,7,-1,-1
407,-1,257,246,34,42,0.89,2,-1,-1
407,-1,324,133,13,16,0.80,2,-1,-1
407,-1,315,126,9,10,0.16,2,-1,-1
408,-1,123,262,94,147,0.93,7,-1,-1
408,-1,254,257,36,43,0.90,2,-1,-1
408,-1,323,134,13,15,0.81,2,-1,-1
408,-1,314,126,10,11,0.18,2,-1,-1
409,-1,112,270,100,154,0.94,7,-1,-1
409,-1,251,262,38,46,0.89,2,-1,-1
409,-1,323,135,13,16,0.82,2,-1,-1
409,-1,314,126,10,11,0.38,2,-1,-1
410,-1,98,280,107,167,0.93,7,-1,-1
410,-1,246,272,40,48,0.90,2,-1,-1
410,-1,322,135,14,17,0.82,2,-1,-1
410,-1,313,126,10,11,0.50,2,-1,-1
411,-1,86,287,114,179,0.94,7,-1,-1
411,-1,243,280,42,50,0.91,2,-1,-1
411,-1,322,136,14,17,0.82,2,-1,-1
411,-1,313,127,10,11,0.50,2,-1,-1
412,-1,68,302,122,195,0.93,7,-1,-1
412,-1,237,290,46,56,0.91,2,-1,-1
412,-1,321,138,14,16,0.80,2,-1,-1
412,-1,312,128,10,12,0.54,2,-1,-1
413,-1,54,314,129,205,0.93,7,-1,-1
413,-1,232,298,48,60,0.90,2,-1,-1
413,-1,321,138,14,17,0.81,2,-1,-1
413,-1,312,128,10,11,0.52,2,-1,-1
414,-1,228,314,50,64,0.93,2,-1,-1
414,-1,320,140,14,17,0.79,2,-1,-1
414,-1,312,128,10,12,0.57,2,-1,-1
415,-1,222,326,53,67,0.91,2,-1,-1
415,-1,320,140,14,17,0.79,2,-1,-1
415,-1,312,129,10,12,0.54,2,-1,-1
416,-1,213,345,57,74,0.91,2,-1,-1
416,-1,320,142,15,17,0.81,2,-1,-1
416,-1,312,130,10,11,0.36,2,-1,-1
417,-1,207,359,60,80,0.92,2,-1,-1
417,-1,319,142,15,18,0.82,2,-1,-1
417,-1,312,130,11,12,0.50,2,-1,-1
417,-1,326,134,10,10,0.10,2,-1,-1
418,-1,195,383,66,90,0.92,2,-1,-1
418,-1,318,143,15,18,0.83,2,-1,-1
418,-1,311,131,10,12,0.52,2,-1,-1
418,-1,326,134,10,10,0.11,2,-1,-1
419,-1,185,402,71,97,0.93,2,-1,-1
419,-1,318,145,15,18,0.83,2,-1,-1
419,-1,311,132,10,12,0.69,2,-1,-1
419,-1,326,133,10,10,0.18,2,-1,-1
420,-1,318,146,16,19,0.83,2,-1,-1
420,-1,311,133,11,12,0.71,2,-1,-1
420,-1,326,133,10,10,0.12,2,-1,-1
421,-1,318,147,15,18,0.84,2,-1,-1
421,-1,310,134,11,11,0.66,2,-1,-1
422,-1,316,148,16,19,0.84,2,-1,-1
422,-1,310,134,11,11,0.58,2,-1,-1
423,-1,315,150,17,19,0.84,2,-1,-1
423,-1,310,134,11,12,0.70,2,-1,-1
424,-1,314,151,17,20,0.84,2,-1,-1
424,-1,309,136,12,12,0.65,2,-1,-1
425,-1,314,152,17,20,0.83,2,-1,-1
425,-1,308,137,12,11,0.68,2,-1,-1
426,-1,313,153,18,22,0.84,2,-1,-1
426,-1,307,137,12,12,0.65,2,-1,-1
427,-1,312,154,18,22,0.84,2,-1,-1
427,-1,307,138,12,12,0.70,2,-1,-1
428,-1,312,156,18,22,0.85,2,-1,-1
428,-1,305,138,13,12,0.68,2,-1,-1
428,-1,324,140,11,10,0.14,2,-1,-1
429,-1,311,157,18,22,0.83,2,-1,-1
429,-1,305,139,13,12,0.71,2,-1,-1
429,-1,324,141,11,11,0.30,2,-1,-1
430,-1,310,160,19,23,0.83,2,-1,-1
430,-1,305,140,12,12,0.76,2,-1,-1
430,-1,320,142,13,12,0.14,2,-1,-1
431,-1,309,161,19,24,0.85,2,-1,-1
431,-1,304,141,12,12,0.79,2,-1,-1
431,-1,323,142,12,12,0.46,2,-1,-1
432,-1,308,163,20,24,0.86,2,-1,-1
432,-1,304,142,12,12,0.82,2,-1,-1
432,-1,322,143,12,12,0.66,2,-1,-1
433,-1,307,165,20,24,0.84,2,-1,-1
433,-1,303,143,12,12,0.82,2,-1,-1
433,-1,322,144,12,12,0.64,2,-1,-1
434,-1,306,168,20,25,0.84,2,-1,-1
434,-1,302,145,13,12,0.83,2,-1,-1
434,-1,322,145,13,13,0.75,2,-1,-1
435,-1,305,170,21,25,0.86,2,-1,-1
435,-1,301,145,14,12,0.84,2,-1,-1
435,-1,321,146,13,12,0.75,2,-1,-1
436,-1,304,171,22,26,0.85,2,-1,-1
436,-1,299,146,14,12,0.84,2,-1,-1
436,-1,320,147,13,12,0.77,2,-1,-1
437,-1,302,174,22,27,0.86,2,-1,-1
437,-1,298,147,14,12,0.84,2,-1,-1
437,-1,320,148,13,12,0.80,2,-1,-1
438,-1,302,176,22,28,0.88,2,-1,-1
438,-1,320,149,13,12,0.82,2,-1,-1
438,-1,298,148,15,13,0.81,2,-1,-1
439,-1,300,178,22,29,0.88,2,-1,-1
439,-1,296,149,14,12,0.83,2,-1,-1
439,-1,319,150,14,13,0.81,2,-1,-1
440,-1,298,182,24,30,0.88,2,-1,-1
440,-1,295,150,15,14,0.82,2,-1,-1
440,-1,318,152,14,13,0.81,2,-1,-1
440,-1,317,116,10,17,0.13,7,-1,-1
441,-1,296,184,25,31,0.87,2,-1,-1
441,-1,294,152,15,13,0.83,2,-1,-1
441,-1,318,153,14,13,0.81,2,-1,-1
441,-1,316,116,11,17,0.16,7,-1,-1
442,-1,294,187,26,33,0.88,2,-1,-1
442,-1,292,154,16,13,0.85,2,-1,-1
442,-1,318,154,14,14,0.81,2,-1,-1
442,-1,317,117,10,17,0.22,7,-1,-1
443,-1,293,190,26,34,0.87,2,-1,-1
443,-1,292,155,16,13,0.85,2,-1,-1
443,-1,317,156,14,13,0.82,2,-1,-1
443,-1,316,117,10,17,0.17,7,-1,-1
444,-1,290,194,28,36,0.89,2,-1,-1
444,-1,290,157,16,14,0.84,2,-1,-1
444,-1,317,157,14,14,0.82,2,-1,-1
444,-1,316,117,10,18,0.20,7,-1,-1
445,-1,288,197,28,36,0.89,2,-1,-1
445,-1,290,158,16,14,0.84,2,-1,-1
445,-1,316,157,14,14,0.83,2,-1,-1
445,-1,315,118,11,17,0.12,7,-1,-1
446,-1,286,201,29,39,0.90,2,-1,-1
446,-1,288,160,16,14,0.83,2,-1,-1
446,-1,316,159,14,14,0.82,2,-1,-1
447,-1,285,205,30,40,0.90,2,-1,-1
447,-1,287,161,16,14,0.83,2,-1,-1
447,-1,314,160,16,15,0.83,2,-1,-1
448,-1,516,373,113,138,0.93,7,-1,-1
448,-1,281,211,32,42,0.88,2,-1,-1
448,-1,285,163,16,14,0.86,2,-1,-1
448,-1,314,162,16,15,0.83,2,-1,-1
448,-1,314,118,12,19,0.16,7,-1,-1
449,-1,508,359,110,132,0.92,7,-1,-1
449,-1,279,216,32,44,0.90,2,-1,-1
449,-1,284,164,17,15,0.85,2,-1,-1
449,-1,313,164,16,15,0.83,2,-1,-1
449,-1,314,118,12,19,0.13,7,-1,-1
450,-1,496,339,102,122,0.92,7,-1,-1
450,-1,274,222,35,47,0.90,2,-1,-1
450,-1,282,167,18,14,0.85,2,-1,-1
450,-1,312,166,17,16,0.82,2,-1,-1
450,-1,314,119,12,19,0.36,7,-1,-1
451,-1,490,328,97,116,0.92,7,-1,-1
451,-1,271,226,37,50,0.91,2,-1,-1
451,-1,280,168,18,15,0.84,2,-1,-1
451,-1,311,167,17,17,0.83,2,-1,-1
451,-1,314,119,12,19,0.28,7,-1,-1
452,-1,481,310,90,110,0.92,7,-1,-1
452,-1,268,234,38,52,0.90,2,-1,-1
452,-1,310,169,18,17,0.85,2,-1,-1
452,-1,278,170,18,16,0.84,2,-1,-1
452,-1,314,120,12,18,0.22,7,-1,-1
453,-1,478,302,87,103,0.92,7,-1,-1
453,-1,264,240,40,55,0.91,2,-1,-1
453,-1,309,170,18,18,0.84,2,-1,-1
453,-1,277,172,18,16,0.84,2,-1,-1
453,-1,313,119,12,19,0.15,7,-1,-1
454,-1,466,281,78,94,0.92,7,-1,-1
454,-1,254,258,45,62,0.91,2,-1,-1
454,-1,274,176,20,18,0.85,2,-1,-1
454,-1,308,174,19,19,0.84,2,-1,-1
454,-1,312,120,13,19,0.79,7,-1,-1
455,-1,464,278,76,91,0.92,7,-1,-1
455,-1,251,262,46,64,0.91,2,-1,-1
455,-1,272,178,20,17,0.85,2,-1,-1
455,-1,306,176,20,19,0.84,2,-1,-1
455,-1,312,121,13,19,0.82,7,-1,-1
456,-1,460,271,72,87,0.92,7,-1,-1
456,-1,246,269,49,70,0.91,2,-1,-1
456,-1,271,179,20,18,0.84,2,-1,-1
456,-1,306,178,20,19,0.83,2,-1,-1
456,-1,312,121,13,19,0.82,7,-1,-1
457,-1,231,293,58,81,0.92,2,-1,-1
457,-1,450,257,67,78,0.91,7,-1,-1
457,-1,304,182,20,21,0.85,2,-1,-1
457,-1,266,185,21,18,0.84,2,-1,-1
457,-1,311,121,14,20,0.83,7,-1,-1
458,-1,231,293,58,81,0.92,2,-1,-1
458,-1,450,256,66,79,0.91,7,-1,-1
458,-1,304,182,21,21,0.85,2,-1,-1
458,-1,266,185,22,19,0.84,2,-1,-1
458,-1,311,121,14,20,0.83,7,-1,-1
459,-1,225,302,60,89,0.92,2,-1,-1
459,-1,448,251,64,76,0.91,7,-1,-1
459,-1,303,184,21,21,0.85,2,-1,-1
459,-1,264,187,22,20,0.85,2,-1,-1
459,-1,310,121,14,21,0.84,7,-1,-1
460,-1,214,323,66,100,0.92,2,-1,-1
460,-1,444,243,60,72,0.91,7,-1,-1
460,-1,262,190,22,20,0.87,2,-1,-1
460,-1,300,188,22,23,0.86,2,-1,-1
460,-1,310,122,14,20,0.85,7,-1,-1
461,-1,205,338,70,107,0.93,2,-1,-1
461,-1,440,240,58,69,0.92,7,-1,-1
461,-1,259,193,24,21,0.86,2,-1,-1
461,-1,310,122,15,21,0.85,7,-1,-1
461,-1,299,191,22,23,0.84,2,-1,-1
462,-1,196,356,74,118,0.92,2,-1,-1
462,-1,438,234,56,68,0.91,7,-1,-1
462,-1,309,122,15,22,0.86,7,-1,-1
462,-1,257,195,24,22,0.86,2,-1,-1
462,-1,297,194,24,23,0.85,2,-1,-1
463,-1,179,386,83,136,0.94,2,-1,-1
463,-1,434,226,53,66,0.91,7,-1,-1
463,-1,308,122,16,23,0.86,7,-1,-1
463,-1,254,199,24,23,0.85,2,-1,-1
463,-1,296,199,24,24,0.84,2,-1,-1
464,-1,431,220,50,60,0.90,7,-1,-1
464,-1,308,123,15,22,0.86,7,-1,-1
464,-1,248,205,26,24,0.85,2,-1,-1
464,-1,293,207,25,23,0.85,2,-1,-1
465,-1,430,219,50,60,0.90,7,-1,-1
465,-1,308,123,15,22,0.86,7,-1,-1
465,-1,292,209,26,23,0.86,2,-1,-1
465,-1,247,207,26,24,0.85,2,-1,-1
466,-1,428,216,48,57,0.90,7,-1,-1
466,-1,244,210,26,26,0.87,2,-1,-1
466,-1,290,212,26,24,0.85,2,-1,-1
466,-1,308,122,16,24,0.83,7,-1,-1
467,-1,425,211,45,57,0.90,7,-1,-1
467,-1,240,215,28,28,0.88,2,-1,-1
467,-1,288,215,26,29,0.87,2,-1,-1
467,-1,308,123,16,24,0.83,7,-1,-1
468,-1,420,205,44,54,0.91,7,-1,-1
468,-1,232,225,30,28,0.88,2,-1,-1
468,-1,284,223,29,30,0.86,2,-1,-1
468,-1,306,125,16,23,0.83,7,-1,-1
469,-1,420,204,44,52,0.91,7,-1,-1
469,-1,230,227,30,30,0.88,2,-1,-1
469,-1,284,225,29,32,0.87,2,-1,-1
469,-1,306,126,15,22,0.85,7,-1,-1
470,-1,418,202,42,52,0.91,7,-1,-1
470,-1,226,231,32,31,0.88,2,-1,-1
470,-1,282,230,30,33,0.88,2,-1,-1
470,-1,306,126,16,22,0.84,7,-1,-1
471,-1,416,198,40,50,0.89,7,-1,-1
471,-1,220,239,34,34,0.88,2,-1,-1
471,-1,278,238,32,36,0.87,2,-1,-1
471,-1,305,128,16,22,0.84,7,-1,-1
472,-1,415,194,40,50,0.90,7,-1,-1
472,-1,274,243,33,38,0.90,2,-1,-1
472,-1,215,244,34,35,0.89,2,-1,-1
472,-1,304,128,16,22,0.84,7,-1,-1
473,-1,412,190,38,50,0.90,7,-1,-1
473,-1,207,252,37,40,0.89,2,-1,-1
473,-1,271,253,34,39,0.88,2,-1,-1
473,-1,304,128,16,24,0.85,7,-1,-1
474,-1,411,188,36,48,0.90,7,-1,-1
474,-1,201,260,39,41,0.89,2,-1,-1
474,-1,268,260,36,41,0.89,2,-1,-1
474,-1,302,129,17,24,0.85,7,-1,-1
475,-1,262,270,40,46,0.90,2,-1,-1
475,-1,191,272,42,44,0.89,2,-1,-1
475,-1,409,186,36,45,0.88,7,-1,-1
475,-1,302,130,17,24,0.86,7,-1,-1
476,-1,184,280,45,46,0.90,2,-1,-1
476,-1,258,278,41,49,0.90,2,-1,-1
476,-1,408,184,36,45,0.88,7,-1,-1
476,-1,301,130,18,24,0.87,7,-1,-1
477,-1,252,293,44,53,0.91,2,-1,-1
477,-1,173,294,48,49,0.91,2,-1,-1
477,-1,406,180,35,44,0.90,7,-1,-1
477,-1,300,129,18,26,0.86,7,-1,-1
478,-1,245,303,48,57,0.92,2,-1,-1
478,-1,164,304,50,54,0.90,2,-1,-1
478,-1,406,180,33,42,0.89,7,-1,-1
478,-1,300,130,18,26,0.87,7,-1,-1
479,-1,235,320,52,66,0.93,2,-1,-1
479,-1,150,322,54,60,0.91,2,-1,-1
479,-1,404,177,33,42,0.88,7,-1,-1
479,-1,299,131,18,26,0.86,7,-1,-1
480,-1,221,350,59,77,0.92,2,-1,-1
480,-1,127,352,63,69,0.91,2,-1,-1
480,-1,401,175,31,39,0.87,7,-1,-1
480,-1,298,132,19,26,0.86,7,-1,-1
481,-1,120,360,65,71,0.92,2,-1,-1
481,-1,215,358,63,81,0.92,2,-1,-1
481,-1,401,173,31,40,0.87,7,-1,-1
481,-1,297,134,19,26,0.87,7,-1,-1
482,-1,105,378,69,78,0.92,2,-1,-1
482,-1,206,377,66,88,0.92,2,-1,-1
482,-1,400,172,31,38,0.88,7,-1,-1
482,-1,297,134,19,26,0.87,7,-1,-1
483,-1,80,411,77,89,0.92,2,-1,-1
483,-1,190,411,75,103,0.91,2,-1,-1
483,-1,398,168,30,40,0.87,7,-1,-1
483,-1,296,135,19,27,0.87,7,-1,-1
484,-1,59,436,84,98,0.93,2,-1,-1
484,-1,398,167,29,38,0.87,7,-1,-1
484,-1,296,136,19,27,0.86,7,-1,-1
485,-1,396,166,29,38,0.87,7,-1,-1
485,-1,294,137,20,27,0.86,7,-1,-1
486,-1,293,136,20,28,0.87,7,-1,-1
486,-1,396,164,28,38,0.87,7,-1,-1
487,-1,293,137,20,29,0.87,7,-1,-1
487,-1,395,164,27,34,0.84,7,-1,-1
488,-1,292,138,21,30,0.87,7,-1,-1
488,-1,394,164,26,33,0.77,7,-1,-1
489,-1,290,138,22,30,0.86,7,-1,-1
489,-1,393,162,26,32,0.83,7,-1,-1
490,-1,289,139,22,31,0.87,7,-1,-1
490,-1,393,161,26,32,0.80,7,-1,-1
491,-1,288,140,22,32,0.87,7,-1,-1
491,-1,392,160,26,30,0.73,7,-1,-1
492,-1,287,140,23,33,0.87,7,-1,-1
492,-1,392,159,25,30,0.65,7,-1,-1
493,-1,286,142,24,33,0.87,7,-1,-1
493,-1,391,159,24,28,0.71,7,-1,-1
494,-1,285,143,24,34,0.88,7,-1,-1
494,-1,390,158,24,29,0.76,7,-1,-1
495,-1,284,144,25,35,0.89,7,-1,-1
495,-1,389,155,24,29,0.79,7,-1,-1
496,-1,283,144,25,35,0.88,7,-1,-1
496,-1,388,154,24,29,0.78,7,-1,-1
497,-1,281,146,26,36,0.88,7,-1,-1
497,-1,388,155,23,27,0.51,7,-1,-1
497,-1,324,141,12,13,0.24,2,-1,-1
498,-1,280,147,26,36,0.88,7,-1,-1
498,-1,387,153,24,28,0.51,7,-1,-1
498,-1,324,141,12,13,0.24,2,-1,-1
499,-1,278,149,27,37,0.87,7,-1,-1
499,-1,388,154,22,25,0.72,2,-1,-1
499,-1,324,142,12,13,0.55,2,-1,-1
500,-1,277,150,28,37,0.87,7,-1,-1
500,-1,386,153,23,25,0.73,2,-1,-1
500,-1,323,143,12,13,0.65,2,-1,-1
501,-1,276,151,28,39,0.88,7,-1,-1
501,-1,322,145,13,13,0.74,2,-1,-1
501,-1,385,148,23,28,0.51,2,-1,-1
502,-1,274,153,28,39,0.89,7,-1,-1
502,-1,384,149,22,26,0.79,2,-1,-1
502,-1,321,147,13,13,0.78,2,-1,-1
503,-1,272,154,28,40,0.88,7,-1,-1
503,-1,384,150,21,24,0.80,2,-1,-1
503,-1,321,147,13,14,0.75,2,-1,-1
504,-1,270,156,29,41,0.88,7,-1,-1
504,-1,384,148,21,25,0.80,2,-1,-1
504,-1,320,149,14,14,0.78,2,-1,-1
505,-1,269,157,30,41,0.88,7,-1,-1
505,-1,384,145,21,26,0.84,2,-1,-1
505,-1,320,148,13,14,0.78,2,-1,-1
506,-1,267,159,30,42,0.87,7,-1,-1
506,-1,383,145,21,26,0.85,2,-1,-1
506,-1,320,148,14,15,0.72,2,-1,-1
507,-1,264,161,31,44,0.89,7,-1,-1
507,-1,382,145,20,23,0.82,2,-1,-1
507,-1,319,152,14,16,0.78,2,-1,-1
508,-1,262,163,32,45,0.89,7,-1,-1
508,-1,382,145,20,23,0.84,2,-1,-1
508,-1,318,152,15,16,0.79,2,-1,-1
509,-1,260,164,34,47,0.89,7,-1,-1
509,-1,382,145,19,21,0.82,2,-1,-1
509,-1,318,154,15,16,0.81,2,-1,-1
510,-1,258,166,34,48,0.89,7,-1,-1
510,-1,382,143,18,22,0.84,2,-1,-1
510,-1,317,156,15,16,0.80,2,-1,-1
511,-1,255,170,34,48,0.90,7,-1,-1
511,-1,381,140,18,23,0.86,2,-1,-1
511,-1,316,158,16,16,0.75,2,-1,-1
512,-1,253,171,35,50,0.90,7,-1,-1
512,-1,381,141,17,22,0.86,2,-1,-1
512,-1,316,160,15,16,0.81,2,-1,-1
513,-1,250,174,36,52,0.90,7,-1,-1
513,-1,380,140,18,21,0.87,2,-1,-1
513,-1,313,163,17,16,0.77,2,-1,-1
514,-1,247,176,38,53,0.90,7,-1,-1
514,-1,380,140,18,21,0.87,2,-1,-1
514,-1,313,164,17,16,0.78,2,-1,-1
515,-1,244,178,39,55,0.91,7,-1,-1
515,-1,380,138,18,22,0.85,2,-1,-1
515,-1,312,167,18,16,0.81,2,-1,-1
516,-1,241,182,40,56,0.90,7,-1,-1
516,-1,378,138,18,20,0.84,2,-1,-1
516,-1,312,169,17,16,0.83,2,-1,-1
517,-1,237,184,42,59,0.91,7,-1,-1
517,-1,380,139,16,18,0.84,2,-1,-1
517,-1,310,172,18,16,0.83,2,-1,-1
518,-1,234,187,43,60,0.91,7,-1,-1
518,-1,379,139,16,18,0.84,2,-1,-1
518,-1,309,174,18,16,0.80,2,-1,-1
519,-1,229,190,44,64,0.91,7,-1,-1
519,-1,307,178,19,16,0.85,2,-1,-1
519,-1,378,138,16,18,0.84,2,-1,-1
520,-1,225,193,46,66,0.92,7,-1,-1
520,-1,378,138,16,18,0.84,2,-1,-1
520,-1,306,179,19,17,0.83,2,-1,-1
521,-1,220,197,49,70,0.92,7,-1,-1
521,-1,304,182,19,18,0.84,2,-1,-1
521,-1,378,139,16,16,0.84,2,-1,-1
522,-1,216,199,50,74,0.92,7,-1,-1
522,-1,304,186,19,16,0.85,2,-1,-1
522,-1,377,138,16,17,0.84,2,-1,-1
523,-1,209,204,54,79,0.90,7,-1,-1
523,-1,302,188,20,18,0.85,2,-1,-1
523,-1,377,138,16,16,0.83,2,-1,-1
524,-1,205,208,56,81,0.91,7,-1,-1
524,-1,302,190,19,19,0.85,2,-1,-1
524,-1,378,138,15,15,0.81,2,-1,-1
525,-1,198,215,58,86,0.92,7,-1,-1
525,-1,300,194,21,20,0.85,2,-1,-1
525,-1,376,137,15,14,0.80,2,-1,-1
526,-1,192,218,62,90,0.91,7,-1,-1
526,-1,298,198,22,20,0.85,2,-1,-1
526,-1,376,137,15,14,0.80,2,-1,-1
527,-1,182,224,66,97,0.92,7,-1,-1
527,-1,296,203,22,20,0.84,2,-1,-1
527,-1,376,136,14,14,0.79,2,-1,-1
528,-1,176,229,68,102,0.92,7,-1,-1
528,-1,294,206,24,22,0.84,2,-1,-1
528,-1,376,136,14,14,0.79,2,-1,-1
529,-1,166,238,73,110,0.92,7,-1,-1
529,-1,292,211,25,22,0.86,2,-1,-1
529,-1,376,136,14,13,0.78,2,-1,-1
530,-1,158,245,78,115,0.93,7,-1,-1
530,-1,290,214,25,24,0.84,2,-1,-1
530,-1,375,136,14,14,0.77,2,-1,-1
531,-1,144,254,84,126,0.92,7,-1,-1
531,-1,288,222,26,23,0.84,2,-1,-1
531,-1,374,134,14,14,0.75,2,-1,-1
532,-1,134,259,89,137,0.93,7,-1,-1
532,-1,286,224,27,26,0.87,2,-1,-1
532,-1,374,135,14,14,0.75,2,-1,-1
533,-1,117,271,98,150,0.94,7,-1,-1
533,-1,282,231,28,28,0.88,2,-1,-1
533,-1,374,134,14,14,0.74,2,-1,-1
534,-1,104,282,105,160,0.93,7,-1,-1
534,-1,280,237,30,28,0.88,2,-1,-1
534,-1,374,134,14,14,0.73,2,-1,-1
535,-1,84,298,114,177,0.93,7,-1,-1
535,-1,276,245,32,31,0.88,2,-1,-1
535,-1,374,134,14,14,0.70,2,-1,-1
536,-1,69,309,121,193,0.93,7,-1,-1
536,-1,273,250,32,32,0.88,2,-1,-1
536,-1,374,133,13,14,0.71,2,-1,-1
537,-1,269,262,34,34,0.88,2,-1,-1
537,-1,374,133,13,14,0.71,2,-1,-1
538,-1,264,270,36,36,0.89,2,-1,-1
538,-1,374,134,13,14,0.52,2,-1,-1
539,-1,260,282,38,39,0.90,2,-1,-1
539,-1,372,131,13,14,0.63,2,-1,-1
540,-1,255,290,40,43,0.90,2,-1,-1
540,-1,372,131,14,14,0.66,2,-1,-1
541,-1,247,306,44,47,0.91,2,-1,-1
541,-1,372,130,14,14,0.72,2,-1,-1
542,-1,242,318,46,52,0.91,2,-1,-1
542,-1,372,129,14,14,0.63,2,-1,-1
543,-1,232,338,50,58,0.92,2,-1,-1
543,-1,372,128,14,14,0.61,2,-1,-1
544,-1,224,354,56,64,0.92,2,-1,-1
544,-1,372,128,14,14,0.61,2,-1,-1
545,-1,213,382,60,72,0.92,2,-1,-1
545,-1,371,128,14,14,0.57,2,-1,-1
546,-1,201,402,66,83,0.92,2,-1,-1
546,-1,372,128,13,14,0.62,2,-1,-1
547,-1,371,128,14,14,0.55,2,-1,-1
548,-1,371,127,14,14,0.47,2,-1,-1
549,-1,371,128,14,14,0.47,2,-1,-1
550,-1,371,127,13,13,0.28,2,-1,-1
551,-1,370,126,14,13,0.19,2,-1,-1
552,-1,370,128,14,13,0.17,2,-1,-1
553,-1,369,126,13,13,0.25,2,-1,-1
554,-1,368,125,13,13,0.23,2,-1,-1
555,-1,368,125,13,13,0.26,2,-1,-1
556,-1,368,124,12,12,0.15,2,-1,-1
557,-1,368,124,13,12,0.15,2,-1,-1
558,-1,-1,-1,-1,-1,-1,-1,-1,-1
559,-1,368,123,12,12,0.25,2,-1,-1
560,-1,368,122,12,12,0.18,2,-1,-1
561,-1,367,122,12,12,0.27,2,-1,-1
562,-1,366,122,12,12,0.27,2,-1,-1
563,-1,367,122,12,12,0.29,2,-1,-1
564,-1,366,122,12,12,0.35,2,-1,-1
565,-1,366,121,11,12,0.10,2,-1,-1
566,-1,-1,-1,-1,-1,-1,-1,-1,-1
567,-1,-1,-1,-1,-1,-1,-1,-1,-1
568,-1,-1,-1,-1,-1,-1,-1,-1,-1
569,-1,-1,-1,-1,-1,-1,-1,-1,-1
570,-1,-1,-1,-1,-1,-1,-1,-1,-1
571,-1,-1,-1,-1,-1,-1,-1,-1,-1
572,-1,-1,-1,-1,-1,-1,-1,-1,-1
573,-1,-1,-1,-1,-1,-1,-1,-1,-1
574,-1,-1,-1,-1,-1,-1,-1,-1,-1
575,-1,-1,-1,-1,-1,-1,-1,-1,-1
576,-1,-1,-1,-1,-1,-1,-1,-1,-1
577,-1,-1,-1,-1,-1,-1,-1,-1,-1
578,-1,-1,-1,-1,-1,-1,-1,-1,-1
579,-1,-1,-1,-1,-1,-1,-1,-1,-1
580,-1,-1,-1,-1,-1,-1,-1,-1,-1
581,-1,496,332,133,176,0.93,7,-1,-1
582,-1,490,321,126,168,0.93,7,-1,-1
583,-1,481,306,116,156,0.93,7,-1,-1
584,-1,476,298,110,148,0.93,7,-1,-1
585,-1,470,285,102,138,0.93,7,-1,-1
586,-1,466,278,95,130,0.93,7,-1,-1
587,-1,460,268,90,124,0.93,7,-1,-1
588,-1,456,262,86,118,0.93,7,-1,-1
589,-1,451,253,81,111,0.93,7,-1,-1
590,-1,448,248,78,108,0.93,7,-1,-1
591,-1,444,240,74,102,0.93,7,-1,-1
592,-1,441,236,71,98,0.92,7,-1,-1
593,-1,438,230,67,92,0.93,7,-1,-1
594,-1,435,225,64,90,0.92,7,-1,-1
595,-1,432,220,62,85,0.92,7,-1,-1
596,-1,430,217,60,82,0.91,7,-1,-1
597,-1,428,212,56,79,0.92,7,-1,-1
598,-1,426,208,55,78,0.91,7,-1,-1
599,-1,424,204,53,74,0.91,7,-1,-1
600,-1,422,201,51,73,0.91,7,-1,-1
601,-1,420,198,49,70,0.92,7,-1,-1
602,-1,418,195,48,68,0.91,7,-1,-1
603,-1,416,192,46,66,0.92,7,-1,-1
604,-1,415,190,45,64,0.91,7,-1,-1
605,-1,412,186,44,62,0.91,7,-1,-1
606,-1,412,184,43,61,0.92,7,-1,-1
607,-1,410,182,41,59,0.90,7,-1,-1
608,-1,410,180,40,58,0.90,7,-1,-1
609,-1,408,178,39,56,0.91,7,-1,-1
610,-1,406,176,38,55,0.90,7,-1,-1
611,-1,405,173,37,54,0.91,7,-1,-1
612,-1,404,172,36,53,0.91,7,-1,-1
613,-1,403,170,36,52,0.90,7,-1,-1
614,-1,402,168,35,51,0.89,7,-1,-1
615,-1,401,166,34,50,0.90,7,-1,-1
616,-1,401,165,32,49,0.89,7,-1,-1
617,-1,400,163,32,48,0.90,7,-1,-1
618,-1,399,162,31,47,0.90,7,-1,-1
619,-1,398,160,30,46,0.89,7,-1,-1
620,-1,398,159,29,45,0.89,7,-1,-1
621,-1,398,158,28,44,0.88,7,-1,-1
622,-1,396,156,28,44,0.88,7,-1,-1
623,-1,396,155,27,42,0.89,7,-1,-1
624,-1,395,154,27,42,0.89,7,-1,-1
625,-1,393,152,27,40,0.88,7,-1,-1
626,-1,392,151,28,40,0.88,7,-1,-1
627,-1,392,150,27,40,0.88,7,-1,-1
628,-1,390,149,27,40,0.88,7,-1,-1
629,-1,390,148,26,39,0.88,7,-1,-1
630,-1,390,147,26,39,0.89,7,-1,-1
631,-1,388,146,26,39,0.89,7,-1,-1
631,-1,316,118,11,18,0.15,7,-1,-1
632,-1,388,146,26,38,0.89,7,-1,-1
632,-1,316,118,11,18,0.16,7,-1,-1
633,-1,388,144,25,37,0.89,7,-1,-1
633,-1,315,118,12,18,0.26,7,-1,-1
634,-1,386,144,26,37,0.89,7,-1,-1
634,-1,315,118,12,19,0.66,7,-1,-1
635,-1,386,142,25,36,0.88,7,-1,-1
635,-1,315,118,12,19,0.66,7,-1,-1
636,-1,386,142,25,35,0.87,7,-1,-1
636,-1,315,118,12,19,0.63,7,-1,-1
637,-1,386,142,24,35,0.87,7,-1,-1
637,-1,314,118,13,19,0.60,7,-1,-1
638,-1,385,141,24,34,0.88,7,-1,-1
638,-1,314,119,13,19,0.41,7,-1,-1
639,-1,384,140,23,34,0.87,7,-1,-1
639,-1,314,119,13,18,0.59,7,-1,-1
640,-1,384,140,23,34,0.86,7,-1,-1
640,-1,314,120,13,18,0.58,7,-1,-1
641,-1,384,139,23,33,0.84,7,-1,-1
641,-1,314,120,13,18,0.58,7,-1,-1
642,-1,383,139,23,32,0.80,7,-1,-1
642,-1,313,120,14,19,0.53,7,-1,-1
643,-1,382,137,22,32,0.83,7,-1,-1
643,-1,313,120,14,19,0.53,7,-1,-1
644,-1,382,137,22,32,0.68,7,-1,-1
644,-1,313,120,14,20,0.59,7,-1,-1
645,-1,382,136,22,30,0.66,7,-1,-1
645,-1,312,121,14,19,0.52,7,-1,-1
646,-1,382,136,21,30,0.66,7,-1,-1
646,-1,312,121,14,19,0.53,7,-1,-1
647,-1,312,121,15,20,0.73,7,-1,-1
647,-1,382,135,21,30,0.67,7,-1,-1
648,-1,311,121,16,21,0.77,7,-1,-1
648,-1,382,135,20,28,0.74,2,-1,-1
649,-1,382,134,19,29,0.80,7,-1,-1
649,-1,311,122,16,20,0.70,7,-1,-1
650,-1,311,122,15,20,0.71,7,-1,-1
650,-1,381,134,20,29,0.68,7,-1,-1
651,-1,311,122,15,21,0.74,7,-1,-1
651,-1,380,133,20,28,0.65,2,-1,-1
652,-1,311,122,15,21,0.74,7,-1,-1
652,-1,380,133,19,28,0.65,2,-1,-1
653,-1,310,122,16,22,0.81,7,-1,-1
653,-1,380,132,19,28,0.66,7,-1,-1
654,-1,309,123,16,22,0.79,7,-1,-1
654,-1,380,132,19,28,0.69,7,-1,-1
655,-1,309,124,16,21,0.78,7,-1,-1
655,-1,379,132,19,28,0.63,7,-1,-1
656,-1,308,124,16,22,0.82,7,-1,-1
656,-1,378,130,19,28,0.72,7,-1,-1
657,-1,308,124,16,22,0.82,7,-1,-1
657,-1,378,130,19,28,0.65,7,-1,-1
658,-1,308,124,16,23,0.84,7,-1,-1
658,-1,378,130,19,28,0.69,7,-1,-1
659,-1,308,125,16,24,0.82,7,-1,-1
659,-1,377,129,18,26,0.73,7,-1,-1
660,-1,307,125,17,24,0.79,7,-1,-1
660,-1,376,128,18,26,0.63,2,-1,-1
661,-1,306,126,17,24,0.80,7,-1,-1
661,-1,376,128,18,25,0.65,7,-1,-1
662,-1,306,126,17,24,0.78,7,-1,-1
662,-1,376,128,18,25,0.63,7,-1,-1
663,-1,305,126,18,25,0.78,7,-1,-1
663,-1,375,128,18,25,0.54,7,-1,-1
664,-1,305,126,18,25,0.78,7,-1,-1
664,-1,375,127,18,24,0.70,2,-1,-1
665,-1,304,126,19,26,0.81,7,-1,-1
665,-1,375,127,17,24,0.68,2,-1,-1
666,-1,304,127,19,27,0.81,7,-1,-1
666,-1,375,126,17,24,0.67,2,-1,-1
667,-1,303,127,19,28,0.82,7,-1,-1
667,-1,374,126,17,23,0.79,2,-1,-1
668,-1,302,127,20,28,0.83,7,-1,-1
668,-1,374,126,16,22,0.82,2,-1,-1
669,-1,301,128,20,28,0.85,7,-1,-1
669,-1,374,125,16,22,0.85,2,-1,-1
670,-1,373,125,17,22,0.86,2,-1,-1
670,-1,300,129,20,28,0.84,7,-1,-1
671,-1,373,125,17,22,0.85,2,-1,-1
671,-1,300,130,20,27,0.84,7,-1,-1
672,-1,372,125,17,21,0.86,2,-1,-1
672,-1,300,131,20,28,0.84,7,-1,-1
673,-1,372,124,17,22,0.86,2,-1,-1
673,-1,298,132,20,28,0.85,7,-1,-1
674,-1,372,124,16,22,0.86,2,-1,-1
674,-1,298,132,21,28,0.85,7,-1,-1
675,-1,372,124,16,22,0.86,2,-1,-1
675,-1,297,133,21,29,0.85,7,-1,-1
676,-1,296,134,21,28,0.86,7,-1,-1
676,-1,372,123,16,22,0.85,2,-1,-1
677,-1,295,134,22,29,0.87,7,-1,-1
677,-1,371,123,16,21,0.86,2,-1,-1
678,-1,294,135,22,30,0.87,7,-1,-1
678,-1,370,122,17,21,0.85,2,-1,-1
679,-1,293,135,23,31,0.88,7,-1,-1
679,-1,370,122,17,21,0.85,2,-1,-1
680,-1,293,136,23,31,0.88,7,-1,-1
680,-1,370,122,16,21,0.85,2,-1,-1
681,-1,292,137,23,32,0.88,7,-1,-1
681,-1,370,121,16,21,0.83,2,-1,-1
682,-1,291,138,24,32,0.88,7,-1,-1
682,-1,370,121,16,21,0.83,2,-1,-1
683,-1,290,138,24,34,0.87,7,-1,-1
683,-1,370,121,16,20,0.82,2,-1,-1
684,-1,289,139,24,33,0.87,7,-1,-1
684,-1,369,121,16,20,0.82,2,-1,-1
685,-1,288,140,25,34,0.87,7,-1,-1
685,-1,369,120,16,19,0.83,2,-1,-1
686,-1,288,141,25,34,0.87,7,-1,-1
686,-1,368,120,16,19,0.83,2,-1,-1
687,-1,286,142,26,36,0.86,7,-1,-1
687,-1,368,120,15,19,0.83,2,-1,-1
688,-1,284,142,27,36,0.88,7,-1,-1
688,-1,368,120,15,19,0.83,2,-1,-1
689,-1,284,144,27,37,0.88,7,-1,-1
689,-1,369,119,14,19,0.82,2,-1,-1
690,-1,282,144,28,37,0.88,7,-1,-1
690,-1,369,119,14,19,0.82,2,-1,-1
691,-1,281,145,28,38,0.88,7,-1,-1
691,-1,368,119,14,19,0.82,2,-1,-1
692,-1,280,146,29,39,0.88,7,-1,-1
692,-1,368,119,14,19,0.82,2,-1,-1
693,-1,278,147,30,40,0.89,7,-1,-1
693,-1,368,118,14,18,0.82,2,-1,-1
694,-1,276,148,31,40,0.89,7,-1,-1
694,-1,368,118,14,17,0.82,2,-1,-1
695,-1,274,150,32,42,0.89,7,-1,-1
695,-1,368,118,14,18,0.80,2,-1,-1
696,-1,274,150,32,42,0.89,7,-1,-1
696,-1,368,118,14,18,0.80,2,-1,-1
697,-1,272,152,32,43,0.90,7,-1,-1
697,-1,368,118,13,17,0.79,2,-1,-1
698,-1,270,153,33,44,0.90,7,-1,-1
698,-1,368,117,13,17,0.77,2,-1,-1
699,-1,268,154,34,45,0.89,7,-1,-1
699,-1,368,117,13,18,0.78,2,-1,-1
700,-1,267,155,34,46,0.90,7,-1,-1
700,-1,367,116,13,18,0.70,2,-1,-1
701,-1,264,156,35,48,0.90,7,-1,-1
701,-1,367,116,13,18,0.69,2,-1,-1
702,-1,264,158,36,48,0.90,7,-1,-1
702,-1,367,116,13,18,0.58,2,-1,-1
703,-1,261,160,37,50,0.91,7,-1,-1
703,-1,367,115,12,18,0.45,2,-1,-1
704,-1,259,161,38,52,0.91,7,-1,-1
704,-1,367,115,12,18,0.47,7,-1,-1
705,-1,256,163,40,53,0.90,7,-1,-1
705,-1,367,115,12,18,0.63,7,-1,-1
706,-1,254,164,40,54,0.91,7,-1,-1
706,-1,367,114,12,18,0.66,7,-1,-1
707,-1,251,167,42,56,0.91,7,-1,-1
707,-1,366,114,12,17,0.60,7,-1,-1
708,-1,249,168,43,57,0.91,7,-1,-1
708,-1,366,114,12,17,0.66,7,-1,-1
709,-1,247,171,44,59,0.91,7,-1,-1
709,-1,365,114,12,17,0.52,7,-1,-1
710,-1,244,172,45,61,0.91,7,-1,-1
710,-1,364,114,13,17,0.59,7,-1,-1
711,-1,240,175,47,63,0.91,7,-1,-1
711,-1,364,114,13,17,0.58,7,-1,-1
712,-1,238,177,48,64,0.92,7,-1,-1
712,-1,364,114,13,16,0.57,7,-1,-1
713,-1,234,180,50,67,0.91,7,-1,-1
713,-1,364,113,12,16,0.54,7,-1,-1
714,-1,231,181,52,70,0.92,7,-1,-1
714,-1,364,113,12,16,0.65,7,-1,-1
715,-1,226,184,54,73,0.92,7,-1,-1
715,-1,364,113,12,16,0.66,7,-1,-1
716,-1,223,187,56,76,0.91,7,-1,-1
716,-1,364,113,12,16,0.69,7,-1,-1
717,-1,218,190,58,79,0.91,7,-1,-1
717,-1,363,113,12,16,0.58,7,-1,-1
718,-1,214,192,60,83,0.93,7,-1,-1
718,-1,363,113,12,16,0.58,7,-1,-1
719,-1,208,197,64,87,0.92,7,-1,-1
719,-1,362,113,12,16,0.50,7,-1,-1
720,-1,204,199,66,90,0.92,7,-1,-1
720,-1,362,113,12,16,0.54,7,-1,-1
721,-1,197,204,70,96,0.92,7,-1,-1
721,-1,361,112,12,15,0.42,2,-1,-1
722,-1,192,207,72,99,0.92,7,-1,-1
722,-1,361,112,12,15,0.46,2,-1,-1
723,-1,184,212,77,105,0.93,7,-1,-1
723,-1,361,112,12,16,0.43,7,-1,-1
724,-1,177,215,81,111,0.93,7,-1,-1
724,-1,360,112,12,16,0.43,7,-1,-1
725,-1,169,222,86,118,0.93,7,-1,-1
725,-1,360,112,12,16,0.42,7,-1,-1
726,-1,161,225,92,125,0.92,7,-1,-1
726,-1,360,112,12,16,0.42,2,-1,-1
727,-1,151,232,97,135,0.93,7,-1,-1
727,-1,360,111,12,15,0.39,2,-1,-1
728,-1,142,237,104,142,0.92,7,-1,-1
728,-1,360,111,12,15,0.41,2,-1,-1
729,-1,128,244,112,156,0.93,7,-1,-1
729,-1,358,111,11,16,0.63,7,-1,-1
730,-1,119,249,116,166,0.92,7,-1,-1
730,-1,358,111,11,16,0.64,7,-1,-1
731,-1,101,258,128,183,0.93,7,-1,-1
731,-1,358,111,12,15,0.63,7,-1,-1
732,-1,88,265,136,196,0.93,7,-1,-1
732,-1,358,111,12,15,0.63,7,-1,-1
733,-1,68,276,150,220,0.91,7,-1,-1
733,-1,357,110,11,15,0.68,7,-1,-1
734,-1,51,284,160,239,0.90,7,-1,-1
734,-1,357,110,11,15,0.69,7,-1,-1
735,-1,357,110,11,15,0.69,7,-1,-1
736,-1,356,110,11,15,0.65,7,-1,-1
737,-1,356,110,11,14,0.63,7,-1,-1
738,-1,355,110,11,14,0.60,7,-1,-1
739,-1,354,110,11,14,0.52,7,-1,-1
740,-1,354,110,11,14,0.57,7,-1,-1
741,-1,354,110,11,14,0.54,7,-1,-1
742,-1,354,109,11,14,0.57,7,-1,-1
743,-1,354,109,11,14,0.56,7,-1,-1
744,-1,354,109,11,14,0.56,7,-1,-1
745,-1,352,109,11,14,0.49,7,-1,-1
746,-1,352,109,11,14,0.52,7,-1,-1
747,-1,352,109,11,14,0.55,7,-1,-1
748,-1,352,109,10,14,0.53,7,-1,-1
749,-1,351,109,10,13,0.47,7,-1,-1
750,-1,351,109,10,13,0.48,7,-1,-1
751,-1,350,109,10,13,0.39,7,-1,-1
752,-1,351,109,10,13,0.37,7,-1,-1
753,-1,350,109,10,13,0.54,7,-1,-1
754,-1,465,288,162,225,0.92,7,-1,-1
754,-1,350,109,10,13,0.43,7,-1,-1
755,-1,458,276,146,206,0.93,7,-1,-1
755,-1,349,109,9,12,0.29,7,-1,-1
756,-1,455,270,139,193,0.93,7,-1,-1
756,-1,349,109,9,12,0.22,7,-1,-1
757,-1,450,261,127,176,0.93,7,-1,-1
757,-1,348,108,9,13,0.18,7,-1,-1
758,-1,445,255,122,167,0.94,7,-1,-1
758,-1,348,108,10,13,0.17,7,-1,-1
759,-1,442,248,112,154,0.93,7,-1,-1
760,-1,438,241,108,148,0.93,7,-1,-1
761,-1,434,236,101,136,0.93,7,-1,-1
762,-1,432,233,96,130,0.93,7,-1,-1
763,-1,430,226,89,122,0.94,7,-1,-1
764,-1,428,223,86,116,0.92,7,-1,-1
765,-1,425,217,81,110,0.94,7,-1,-1
766,-1,423,215,77,105,0.94,7,-1,-1
767,-1,420,210,73,100,0.93,7,-1,-1
768,-1,418,208,71,96,0.92,7,-1,-1
769,-1,416,202,68,92,0.93,7,-1,-1
770,-1,415,200,65,88,0.92,7,-1,-1
771,-1,413,196,62,85,0.91,7,-1,-1
772,-1,413,194,59,82,0.92,7,-1,-1
773,-1,410,191,57,78,0.91,7,-1,-1
773,-1,314,116,13,21,0.16,7,-1,-1
774,-1,410,188,54,76,0.91,7,-1,-1
774,-1,314,116,13,21,0.16,7,-1,-1
775,-1,408,186,53,72,0.91,7,-1,-1
775,-1,313,117,13,20,0.27,7,-1,-1
776,-1,407,185,51,70,0.92,7,-1,-1
776,-1,313,117,13,21,0.18,7,-1,-1
777,-1,406,182,49,68,0.92,7,-1,-1
777,-1,313,117,13,21,0.18,7,-1,-1
778,-1,404,180,48,66,0.92,7,-1,-1
779,-1,404,178,47,63,0.91,7,-1,-1
780,-1,403,176,45,62,0.91,7,-1,-1
781,-1,402,173,43,61,0.91,7,-1,-1
781,-1,311,118,15,21,0.71,7,-1,-1
782,-1,400,172,43,60,0.92,7,-1,-1
782,-1,311,118,15,21,0.71,7,-1,-1
783,-1,400,170,42,58,0.91,7,-1,-1
783,-1,311,118,15,21,0.74,7,-1,-1
784,-1,398,168,41,56,0.90,7,-1,-1
784,-1,310,118,15,22,0.71,7,-1,-1
785,-1,396,166,40,56,0.91,7,-1,-1
785,-1,310,118,15,22,0.66,7,-1,-1
786,-1,396,164,39,55,0.91,7,-1,-1
786,-1,310,118,16,22,0.66,7,-1,-1
787,-1,396,163,37,53,0.91,7,-1,-1
787,-1,310,118,16,24,0.65,7,-1,-1
788,-1,396,162,36,51,0.91,7,-1,-1
788,-1,310,118,15,23,0.70,7,-1,-1
789,-1,394,160,36,50,0.90,7,-1,-1
789,-1,309,118,16,24,0.78,7,-1,-1
790,-1,394,160,34,50,0.90,7,-1,-1
790,-1,308,119,16,24,0.76,7,-1,-1
791,-1,392,158,34,48,0.90,7,-1,-1
791,-1,308,119,16,25,0.81,7,-1,-1
792,-1,392,157,34,47,0.90,7,-1,-1
792,-1,308,119,16,25,0.82,7,-1,-1
793,-1,392,155,32,46,0.90,7,-1,-1
793,-1,308,119,16,26,0.81,7,-1,-1
794,-1,390,154,32,46,0.90,7,-1,-1
794,-1,307,119,16,26,0.82,7,-1,-1
795,-1,389,153,32,45,0.90,7,-1,-1
795,-1,307,120,16,26,0.83,7,-1,-1
796,-1,388,152,32,45,0.90,7,-1,-1
796,-1,307,120,16,26,0.82,7,-1,-1
797,-1,387,151,31,43,0.89,7,-1,-1
797,-1,306,121,16,26,0.79,7,-1,-1
798,-1,387,150,31,42,0.89,7,-1,-1
798,-1,306,121,17,26,0.79,7,-1,-1
799,-1,386,149,30,42,0.89,7,-1,-1
799,-1,306,122,16,26,0.77,7,-1,-1
800,-1,386,148,30,42,0.89,7,-1,-1
800,-1,305,122,17,26,0.78,7,-1,-1
801,-1,384,147,30,40,0.90,7,-1,-1
801,-1,304,122,18,27,0.82,7,-1,-1
802,-1,384,146,30,40,0.89,7,-1,-1
802,-1,304,121,18,29,0.83,7,-1,-1
803,-1,383,145,30,40,0.89,7,-1,-1
803,-1,303,121,18,29,0.82,7,-1,-1
804,-1,383,144,29,39,0.89,7,-1,-1
804,-1,302,121,19,30,0.81,7,-1,-1
805,-1,382,144,28,38,0.89,7,-1,-1
805,-1,302,123,18,28,0.80,7,-1,-1
806,-1,382,142,28,38,0.88,7,-1,-1
806,-1,302,124,18,29,0.82,7,-1,-1
807,-1,382,142,27,37,0.88,7,-1,-1
807,-1,300,124,19,30,0.85,7,-1,-1
808,-1,382,141,26,36,0.88,7,-1,-1
808,-1,300,124,19,30,0.85,7,-1,-1
809,-1,381,140,26,36,0.89,7,-1,-1
809,-1,300,125,19,30,0.85,7,-1,-1
810,-1,381,140,25,35,0.89,7,-1,-1
810,-1,299,126,19,30,0.85,7,-1,-1
811,-1,380,139,25,34,0.89,7,-1,-1
811,-1,298,126,20,30,0.86,7,-1,-1
812,-1,380,138,24,34,0.89,7,-1,-1
812,-1,298,126,20,31,0.86,7,-1,-1
813,-1,380,137,24,34,0.89,7,-1,-1
813,-1,296,127,20,32,0.87,7,-1,-1
814,-1,380,137,24,34,0.89,7,-1,-1
814,-1,296,128,21,32,0.87,7,-1,-1
815,-1,378,135,24,34,0.87,7,-1,-1
815,-1,294,130,21,31,0.86,7,-1,-1
816,-1,294,130,22,32,0.87,7,-1,-1
816,-1,378,135,23,32,0.85,7,-1,-1
816,-1,316,121,10,14,0.15,2,-1,-1
817,-1,293,131,22,32,0.88,7,-1,-1
817,-1,377,134,24,32,0.87,7,-1,-1
817,-1,316,120,10,14,0.34,2,-1,-1
818,-1,292,131,22,32,0.88,7,-1,-1
818,-1,377,134,23,31,0.86,7,-1,-1
818,-1,316,120,11,15,0.32,2,-1,-1
819,-1,292,132,22,32,0.87,7,-1,-1
819,-1,377,134,22,30,0.85,7,-1,-1
819,-1,315,119,12,16,0.42,2,-1,-1
820,-1,291,133,23,32,0.86,7,-1,-1
820,-1,377,134,22,30,0.85,7,-1,-1
820,-1,315,120,12,16,0.41,2,-1,-1
821,-1,290,133,24,34,0.86,7,-1,-1
821,-1,376,133,22,30,0.82,7,-1,-1
821,-1,315,120,12,17,0.29,7,-1,-1
822,-1,289,133,24,34,0.86,7,-1,-1
822,-1,376,132,22,30,0.81,7,-1,-1
822,-1,315,120,12,17,0.30,2,-1,-1
823,-1,288,133,24,36,0.87,7,-1,-1
823,-1,376,132,21,29,0.81,7,-1,-1
823,-1,315,121,12,16,0.53,2,-1,-1
824,-1,287,133,25,36,0.87,7,-1,-1
824,-1,376,131,22,30,0.81,7,-1,-1
824,-1,314,120,12,17,0.50,2,-1,-1
825,-1,286,134,25,38,0.87,7,-1,-1
825,-1,376,131,21,28,0.79,7,-1,-1
825,-1,314,121,12,17,0.41,2,-1,-1
826,-1,286,134,25,38,0.87,7,-1,-1
826,-1,376,130,21,28,0.80,7,-1,-1
826,-1,314,121,12,17,0.46,2,-1,-1
827,-1,285,135,25,39,0.88,7,-1,-1
827,-1,375,130,21,28,0.76,7,-1,-1
827,-1,314,122,13,16,0.64,2,-1,-1
828,-1,284,136,25,40,0.88,7,-1,-1
828,-1,375,130,21,28,0.76,7,-1,-1
828,-1,313,122,13,16,0.71,2,-1,-1
829,-1,282,136,26,40,0.88,7,-1,-1
829,-1,374,129,20,27,0.72,7,-1,-1
829,-1,313,123,12,16,0.71,2,-1,-1
830,-1,282,137,26,41,0.88,7,-1,-1
830,-1,313,122,13,17,0.68,2,-1,-1
830,-1,374,128,20,27,0.46,2,-1,-1
831,-1,280,139,26,41,0.88,7,-1,-1
831,-1,312,122,13,17,0.68,2,-1,-1
831,-1,374,128,20,27,0.59,7,-1,-1
832,-1,279,140,27,41,0.88,7,-1,-1
832,-1,312,122,14,18,0.71,2,-1,-1
832,-1,374,128,20,27,0.64,7,-1,-1
833,-1,278,141,28,42,0.88,7,-1,-1
833,-1,312,122,14,18,0.62,2,-1,-1
833,-1,374,127,20,26,0.48,2,-1,-1
834,-1,277,141,28,43,0.88,7,-1,-1
834,-1,312,122,14,19,0.67,2,-1,-1
834,-1,374,127,20,26,0.45,2,-1,-1
835,-1,276,142,29,45,0.88,7,-1,-1
835,-1,311,121,14,20,0.62,2,-1,-1
835,-1,373,126,19,26,0.47,2,-1,-1
836,-1,275,143,29,46,0.88,7,-1,-1
836,-1,372,126,19,24,0.60,2,-1,-1
836,-1,310,121,14,20,0.56,2,-1,-1
837,-1,273,144,30,45,0.88,7,-1,-1
837,-1,310,121,14,20,0.48,7,-1,-1
837,-1,372,126,18,24,0.48,7,-1,-1
838,-1,272,145,30,46,0.89,7,-1,-1
838,-1,310,121,14,21,0.61,7,-1,-1
838,-1,372,126,18,25,0.53,7,-1,-1
839,-1,270,146,32,48,0.89,7,-1,-1
839,-1,309,121,14,22,0.67,7,-1,-1
839,-1,372,125,18,24,0.50,2,-1,-1
840,-1,269,147,32,48,0.90,7,-1,-1
840,-1,309,122,14,22,0.61,7,-1,-1
840,-1,372,124,18,24,0.50,2,-1,-1
841,-1,268,148,32,50,0.90,7,-1,-1
841,-1,309,123,14,22,0.74,7,-1,-1
841,-1,371,124,18,24,0.48,7,-1,-1
842,-1,266,149,32,50,0.89,7,-1,-1
842,-1,308,123,15,22,0.82,7,-1,-1
842,-1,370,123,18,25,0.46,2,-1,-1
843,-1,264,150,33,52,0.89,7,-1,-1
843,-1,308,123,16,22,0.80,7,-1,-1
843,-1,370,123,18,24,0.50,2,-1,-1
844,-1,263,151,34,54,0.89,7,-1,-1
844,-1,308,123,15,22,0.77,7,-1,-1
844,-1,370,123,18,24,0.56,2,-1,-1
845,-1,260,152,36,54,0.90,7,-1,-1
845,-1,370,123,18,24,0.55,2,-1,-1
845,-1,306,126,15,21,0.54,7,-1,-1
846,-1,259,154,36,56,0.90,7,-1,-1
846,-1,370,122,18,24,0.53,2,-1,-1
846,-1,306,126,15,21,0.50,7,-1,-1
847,-1,257,155,37,58,0.90,7,-1,-1
847,-1,306,126,16,22,0.65,7,-1,-1
847,-1,370,122,17,23,0.59,2,-1,-1
848,-1,255,156,38,58,0.89,7,-1,-1
848,-1,306,126,16,22,0.64,7,-1,-1
848,-1,369,121,17,22,0.58,2,-1,-1
849,-1,252,157,39,61,0.91,7,-1,-1
849,-1,369,121,17,22,0.53,2,-1,-1
849,-1,304,127,16,22,0.50,7,-1,-1
850,-1,250,158,40,62,0.91,7,-1,-1
850,-1,304,127,16,22,0.54,7,-1,-1
850,-1,369,121,17,22,0.52,2,-1,-1
851,-1,247,160,41,64,0.91,7,-1,-1
851,-1,368,121,17,21,0.58,2,-1,-1
851,-1,304,128,16,22,0.54,2,-1,-1
852,-1,246,161,42,66,0.92,7,-1,-1
852,-1,368,120,16,21,0.52,2,-1,-1
852,-1,303,128,17,22,0.47,7,-1,-1
853,-1,242,163,44,68,0.91,7,-1,-1
853,-1,302,130,16,22,0.77,2,-1,-1
853,-1,368,120,16,22,0.64,2,-1,-1
854,-1,240,165,44,70,0.92,7,-1,-1
854,-1,302,130,16,22,0.76,2,-1,-1
854,-1,368,120,16,22,0.64,2,-1,-1
855,-1,236,166,48,74,0.91,7,-1,-1
855,-1,368,120,16,21,0.71,2,-1,-1
855,-1,302,130,16,24,0.66,2,-1,-1
856,-1,234,168,48,74,0.91,7,-1,-1
856,-1,368,119,16,21,0.70,2,-1,-1
856,-1,302,130,16,24,0.69,2,-1,-1
857,-1,230,170,50,78,0.92,7,-1,-1
857,-1,300,130,17,25,0.72,7,-1,-1
857,-1,368,119,16,21,0.70,2,-1,-1
858,-1,227,172,52,80,0.91,7,-1,-1
858,-1,301,132,16,24,0.77,2,-1,-1
858,-1,368,119,15,20,0.69,2,-1,-1
859,-1,222,174,55,83,0.91,7,-1,-1
859,-1,368,119,14,19,0.74,2,-1,-1
859,-1,300,132,17,24,0.67,2,-1,-1
860,-1,219,176,56,86,0.92,7,-1,-1
860,-1,367,119,15,19,0.73,2,-1,-1
860,-1,298,133,18,24,0.55,7,-1,-1
861,-1,216,178,57,88,0.93,7,-1,-1
861,-1,367,118,14,20,0.67,2,-1,-1
861,-1,298,133,18,24,0.55,2,-1,-1
862,-1,214,180,58,91,0.93,7,-1,-1
862,-1,367,118,14,20,0.70,2,-1,-1
862,-1,298,133,18,26,0.70,7,-1,-1
863,-1,207,183,62,96,0.92,7,-1,-1
863,-1,367,118,14,20,0.68,2,-1,-1
863,-1,297,134,18,26,0.58,2,-1,-1
864,-1,204,186,64,99,0.92,7,-1,-1
864,-1,367,118,14,19,0.69,2,-1,-1
864,-1,296,134,18,26,0.56,2,-1,-1
865,-1,197,189,68,104,0.93,7,-1,-1
865,-1,296,136,19,26,0.63,2,-1,-1
865,-1,366,117,14,19,0.62,2,-1,-1
866,-1,193,192,71,108,0.94,7,-1,-1
866,-1,295,136,20,28,0.65,7,-1,-1
866,-1,366,117,14,18,0.61,2,-1,-1
867,-1,185,196,74,115,0.93,7,-1,-1
867,-1,294,136,20,28,0.65,7,-1,-1
867,-1,366,117,14,18,0.56,2,-1,-1
868,-1,179,199,78,118,0.93,7,-1,-1
868,-1,293,137,20,28,0.63,7,-1,-1
868,-1,366,117,14,18,0.55,2,-1,-1
869,-1,172,204,82,126,0.92,7,-1,-1
869,-1,292,138,20,30,0.70,7,-1,-1
869,-1,366,116,13,18,0.47,2,-1,-1
870,-1,166,207,86,132,0.93,7,-1,-1
870,-1,292,138,20,29,0.69,7,-1,-1
870,-1,366,116,13,18,0.48,2,-1,-1
871,-1,157,212,90,141,0.94,7,-1,-1
871,-1,291,139,20,29,0.53,7,-1,-1
871,-1,366,116,13,18,0.47,2,-1,-1
872,-1,150,216,95,148,0.93,7,-1,-1
872,-1,290,140,20,29,0.58,2,-1,-1
872,-1,365,115,13,18,0.34,2,-1,-1
873,-1,136,222,105,159,0.93,7,-1,-1
873,-1,289,141,21,30,0.77,7,-1,-1
873,-1,365,115,13,18,0.36,2,-1,-1
873,-1,314,118,12,20,0.13,7,-1,-1
874,-1,128,226,110,168,0.93,7,-1,-1
874,-1,288,142,21,30,0.77,7,-1,-1
874,-1,364,114,13,19,0.30,7,-1,-1
874,-1,314,118,13,20,0.30,7,-1,-1
875,-1,114,232,119,182,0.93,7,-1,-1
875,-1,288,142,21,30,0.65,7,-1,-1
875,-1,314,118,13,19,0.46,7,-1,-1
875,-1,364,114,13,19,0.30,7,-1,-1
876,-1,103,237,126,194,0.93,7,-1,-1
876,-1,313,118,13,20,0.60,7,-1,-1
876,-1,287,143,21,30,0.58,7,-1,-1
876,-1,364,114,13,18,0.39,7,-1,-1
877,-1,86,246,138,211,0.92,7,-1,-1
877,-1,286,144,21,32,0.85,7,-1,-1
877,-1,312,118,14,20,0.75,7,-1,-1
877,-1,364,114,13,18,0.62,7,-1,-1
878,-1,72,252,147,230,0.91,7,-1,-1
878,-1,285,145,22,32,0.83,7,-1,-1
878,-1,312,118,14,20,0.65,7,-1,-1
878,-1,364,114,13,17,0.64,7,-1,-1
879,-1,52,260,157,255,0.90,7,-1,-1
879,-1,284,146,22,33,0.86,7,-1,-1
879,-1,362,114,13,17,0.59,7,-1,-1
879,-1,312,119,14,20,0.56,7,-1,-1
880,-1,37,268,169,266,0.92,7,-1,-1
880,-1,283,146,22,34,0.88,7,-1,-1
880,-1,363,114,12,17,0.57,7,-1,-1
880,-1,312,119,14,20,0.56,7,-1,-1
881,-1,282,148,23,34,0.88,7,-1,-1
881,-1,362,113,12,17,0.70,7,-1,-1
881,-1,311,119,14,20,0.58,7,-1,-1
882,-1,280,148,24,35,0.87,7,-1,-1
882,-1,362,113,12,17,0.69,7,-1,-1
882,-1,310,120,15,20,0.62,7,-1,-1
883,-1,280,150,24,36,0.87,7,-1,-1
883,-1,362,113,12,17,0.68,7,-1,-1
883,-1,311,120,15,20,0.65,7,-1,-1
884,-1,278,151,25,36,0.85,7,-1,-1
884,-1,362,113,12,17,0.68,7,-1,-1
884,-1,311,119,15,20,0.65,7,-1,-1
885,-1,277,152,26,36,0.85,7,-1,-1
885,-1,361,113,12,16,0.67,7,-1,-1
885,-1,310,120,15,21,0.57,7,-1,-1
886,-1,276,154,24,36,0.86,7,-1,-1
886,-1,361,113,12,16,0.66,7,-1,-1
886,-1,310,120,15,21,0.57,7,-1,-1
887,-1,275,154,24,38,0.87,7,-1,-1
887,-1,361,113,12,16,0.67,7,-1,-1
887,-1,309,120,16,21,0.58,7,-1,-1
888,-1,274,155,26,38,0.88,7,-1,-1
888,-1,309,121,16,22,0.65,7,-1,-1
888,-1,360,112,12,16,0.63,7,-1,-1
889,-1,272,156,26,40,0.88,7,-1,-1
889,-1,309,121,16,22,0.81,7,-1,-1
889,-1,360,112,12,16,0.68,7,-1,-1
890,-1,271,157,26,40,0.85,7,-1,-1
890,-1,309,121,16,23,0.84,7,-1,-1
890,-1,360,112,12,16,0.70,7,-1,-1
891,-1,308,121,15,23,0.86,7,-1,-1
891,-1,269,159,27,41,0.83,7,-1,-1
891,-1,359,112,11,16,0.64,7,-1,-1
892,-1,308,122,15,23,0.86,7,-1,-1
892,-1,268,160,27,42,0.82,7,-1,-1
892,-1,359,112,11,16,0.65,7,-1,-1
893,-1,308,121,15,23,0.85,7,-1,-1
893,-1,266,162,27,42,0.80,7,-1,-1
893,-1,359,111,11,16,0.49,7,-1,-1
894,-1,264,163,29,44,0.88,7,-1,-1
894,-1,308,122,15,23,0.84,7,-1,-1
894,-1,359,111,11,16,0.50,7,-1,-1
895,-1,262,165,30,44,0.88,7,-1,-1
895,-1,308,122,15,24,0.86,7,-1,-1
895,-1,358,111,11,15,0.69,7,-1,-1
896,-1,260,166,30,45,0.89,7,-1,-1
896,-1,307,122,15,24,0.84,7,-1,-1
896,-1,358,111,11,15,0.68,7,-1,-1
897,-1,258,168,31,47,0.90,7,-1,-1
897,-1,306,122,16,24,0.86,7,-1,-1
897,-1,357,110,11,15,0.71,7,-1,-1
898,-1,306,122,16,25,0.86,7,-1,-1
898,-1,256,170,32,48,0.83,7,-1,-1
898,-1,357,110,11,15,0.71,7,-1,-1
899,-1,305,124,16,24,0.84,7,-1,-1
899,-1,253,173,34,48,0.75,7,-1,-1
899,-1,355,110,11,15,0.49,7,-1,-1
900,-1,306,124,16,24,0.84,7,-1,-1
900,-1,251,174,34,50,0.70,7,-1,-1
900,-1,355,109,11,16,0.46,7,-1,-1
