1,-1,359,87,10,10,0.54,2,-1,-1
2,-1,359,88,10,10,0.38,2,-1,-1
3,-1,359,87,9,10,0.44,2,-1,-1
4,-1,359,87,9,10,0.44,2,-1,-1
5,-1,359,87,9,10,0.44,2,-1,-1
6,-1,360,86,8,9,0.26,2,-1,-1
7,-1,359,85,9,10,0.44,2,-1,-1
8,-1,359,85,9,10,0.44,2,-1,-1
9,-1,359,85,9,9,0.27,2,-1,-1
10,-1,359,85,9,9,0.27,2,-1,-1
10,-1,326,76,10,16,0.16,2,-1,-1
11,-1,358,84,9,10,0.24,2,-1,-1
11,-1,326,76,10,16,0.16,2,-1,-1
12,-1,358,84,9,10,0.23,2,-1,-1
12,-1,325,76,10,16,0.11,2,-1,-1
13,-1,324,77,10,16,0.27,2,-1,-1
13,-1,359,84,8,9,0.19,2,-1,-1
14,-1,324,77,10,16,0.27,2,-1,-1
14,-1,359,84,8,9,0.19,2,-1,-1
15,-1,324,78,10,15,0.17,2,-1,-1
15,-1,359,83,7,9,0.13,2,-1,-1
16,-1,324,78,10,16,0.17,2,-1,-1
16,-1,359,83,7,9,0.13,2,-1,-1
17,-1,323,78,11,16,0.19,2,-1,-1
17,-1,359,83,7,9,0.11,2,-1,-1
18,-1,323,78,10,15,0.15,2,-1,-1
19,-1,323,80,10,15,0.19,2,-1,-1
20,-1,323,80,10,15,0.21,2,-1,-1
21,-1,322,81,10,15,0.32,2,-1,-1
22,-1,322,81,10,15,0.55,2,-1,-1
23,-1,322,81,10,15,0.61,2,-1,-1
24,-1,322,81,10,16,0.71,2,-1,-1
25,-1,321,81,11,16,0.69,2,-1,-1
25,-1,359,80,7,9,0.12,2,-1,-1
26,-1,321,81,11,16,0.69,2,-1,-1
26,-1,359,80,7,9,0.11,2,-1,-1
27,-1,321,82,11,16,0.67,2,-1,-1
27,-1,359,80,7,9,0.11,2,-1,-1
28,-1,321,82,11,16,0.66,2,-1,-1
29,-1,321,82,11,16,0.71,2,-1,-1
30,-1,320,82,11,16,0.77,2,-1,-1
31,-1,320,82,11,16,0.77,2,-1,-1
32,-1,320,83,11,16,0.80,2,-1,-1
33,-1,319,84,12,18,0.78,2,-1,-1
34,-1,319,84,12,18,0.78,2,-1,-1
35,-1,318,84,12,17,0.78,2,-1,-1
36,-1,318,85,12,16,0.81,2,-1,-1
37,-1,318,85,12,18,0.82,2,-1,-1
38,-1,318,85,12,18,0.82,2,-1,-1
39,-1,318,85,12,19,0.81,2,-1,-1
40,-1,318,86,12,18,0.82,2,-1,-1
41,-1,317,86,13,19,0.86,2,-1,-1
42,-1,316,87,13,19,0.85,2,-1,-1
43,-1,316,87,13,20,0.85,2,-1,-1
44,-1,316,87,13,20,0.85,2,-1,-1
45,-1,316,88,13,19,0.84,2,-1,-1
46,-1,316,88,13,19,0.84,2,-1,-1
47,-1,316,88,13,20,0.83,2,-1,-1
48,-1,314,89,14,19,0.85,2,-1,-1
49,-1,314,89,14,20,0.78,2,-1,-1
50,-1,314,89,15,21,0.76,2,-1,-1
50,-1,336,84,8,9,0.41,2,-1,-1
51,-1,314,89,15,21,0.76,2,-1,-1
51,-1,336,84,8,9,0.40,2,-1,-1
52,-1,313,90,15,22,0.74,2,-1,-1
52,-1,336,84,8,9,0.44,2,-1,-1
53,-1,312,91,16,22,0.84,2,-1,-1
53,-1,337,84,8,9,0.27,2,-1,-1
54,-1,312,92,15,22,0.84,2,-1,-1
54,-1,336,85,8,9,0.31,2,-1,-1
55,-1,312,92,15,21,0.85,2,-1,-1
55,-1,336,85,9,9,0.58,2,-1,-1
56,-1,312,93,15,21,0.86,2,-1,-1
56,-1,336,85,9,9,0.57,2,-1,-1
57,-1,311,94,15,21,0.84,2,-1,-1
57,-1,336,87,9,10,0.33,2,-1,-1
58,-1,311,94,16,22,0.83,2,-1,-1
58,-1,336,86,9,10,0.56,2,-1,-1
59,-1,310,95,16,22,0.83,2,-1,-1
59,-1,336,87,9,10,0.68,2,-1,-1
60,-1,310,95,16,23,0.83,2,-1,-1
60,-1,336,88,9,10,0.57,2,-1,-1
61,-1,310,97,16,22,0.85,2,-1,-1
61,-1,335,88,10,10,0.60,2,-1,-1
62,-1,308,97,17,23,0.84,2,-1,-1
62,-1,335,88,10,10,0.49,2,-1,-1
63,-1,308,97,17,25,0.71,2,-1,-1
63,-1,334,89,10,10,0.45,2,-1,-1
64,-1,308,97,17,24,0.83,2,-1,-1
64,-1,334,89,10,10,0.50,2,-1,-1
65,-1,306,98,17,24,0.84,2,-1,-1
65,-1,334,89,10,10,0.54,2,-1,-1
66,-1,306,98,17,25,0.83,2,-1,-1
66,-1,334,90,10,10,0.51,2,-1,-1
67,-1,306,99,18,25,0.84,2,-1,-1
67,-1,334,90,10,10,0.47,2,-1,-1
68,-1,305,99,18,25,0.84,2,-1,-1
68,-1,334,90,10,10,0.46,2,-1,-1
69,-1,304,100,18,26,0.78,2,-1,-1
69,-1,334,91,10,10,0.29,2,-1,-1
70,-1,304,101,18,26,0.83,2,-1,-1
70,-1,334,92,10,9,0.32,2,-1,-1
71,-1,304,102,18,26,0.82,2,-1,-1
71,-1,333,92,10,10,0.63,2,-1,-1
72,-1,304,102,18,26,0.80,2,-1,-1
72,-1,332,93,11,11,0.69,2,-1,-1
73,-1,302,104,18,27,0.79,2,-1,-1
73,-1,332,93,11,11,0.77,2,-1,-1
74,-1,302,104,18,27,0.80,2,-1,-1
74,-1,332,93,11,11,0.76,2,-1,-1
75,-1,302,105,18,26,0.84,2,-1,-1
75,-1,332,94,11,11,0.73,2,-1,-1
76,-1,300,105,19,28,0.78,2,-1,-1
76,-1,332,95,11,11,0.74,2,-1,-1
77,-1,332,96,12,11,0.72,2,-1,-1
77,-1,299,105,20,30,0.52,7,-1,-1
78,-1,332,96,11,11,0.71,2,-1,-1
78,-1,298,106,20,28,0.59,2,-1,-1
79,-1,332,97,11,12,0.79,2,-1,-1
79,-1,297,108,21,30,0.55,2,-1,-1
80,-1,498,334,121,178,0.93,7,-1,-1
80,-1,332,98,11,11,0.78,2,-1,-1
80,-1,296,108,21,30,0.52,7,-1,-1
81,-1,489,312,112,170,0.93,7,-1,-1
81,-1,331,99,11,11,0.76,2,-1,-1
81,-1,296,109,22,30,0.68,7,-1,-1
82,-1,483,310,108,153,0.93,7,-1,-1
82,-1,295,110,22,31,0.73,7,-1,-1
82,-1,331,100,11,10,0.71,2,-1,-1
83,-1,476,296,101,140,0.92,7,-1,-1
83,-1,330,101,11,11,0.75,2,-1,-1
83,-1,294,111,22,31,0.74,7,-1,-1
84,-1,472,286,95,134,0.93,7,-1,-1
84,-1,293,112,22,32,0.83,7,-1,-1
84,-1,330,101,11,11,0.75,2,-1,-1
85,-1,466,274,89,125,0.93,7,-1,-1
85,-1,291,112,23,33,0.83,7,-1,-1
85,-1,330,102,12,12,0.82,2,-1,-1
86,-1,463,267,86,119,0.92,7,-1,-1
86,-1,290,113,24,33,0.82,7,-1,-1
86,-1,330,102,12,12,0.82,2,-1,-1
87,-1,457,256,81,112,0.92,7,-1,-1
87,-1,328,104,13,12,0.81,2,-1,-1
87,-1,288,114,24,34,0.77,7,-1,-1
88,-1,454,251,78,108,0.93,7,-1,-1
88,-1,328,104,13,12,0.80,2,-1,-1
88,-1,286,116,25,34,0.49,7,-1,-1
89,-1,450,243,74,101,0.92,7,-1,-1
89,-1,328,105,14,12,0.84,2,-1,-1
89,-1,286,117,25,35,0.54,7,-1,-1
90,-1,447,238,71,96,0.92,7,-1,-1
90,-1,328,105,14,12,0.84,2,-1,-1
90,-1,284,118,25,35,0.70,2,-1,-1
91,-1,444,229,67,92,0.92,7,-1,-1
91,-1,327,108,13,12,0.85,2,-1,-1
91,-1,282,119,25,37,0.83,2,-1,-1
92,-1,440,224,66,90,0.92,7,-1,-1
92,-1,327,108,13,12,0.84,2,-1,-1
92,-1,282,120,26,38,0.79,2,-1,-1
93,-1,438,220,61,84,0.92,7,-1,-1
93,-1,326,110,14,13,0.84,2,-1,-1
93,-1,280,121,27,39,0.59,7,-1,-1
94,-1,436,215,60,82,0.92,7,-1,-1
94,-1,278,122,27,39,0.84,7,-1,-1
94,-1,326,110,12,13,0.83,2,-1,-1
95,-1,432,209,59,79,0.91,7,-1,-1
95,-1,276,124,28,40,0.89,7,-1,-1
95,-1,325,111,14,14,0.82,2,-1,-1
96,-1,431,206,56,76,0.90,7,-1,-1
96,-1,326,112,13,14,0.83,2,-1,-1
96,-1,275,125,28,41,0.75,7,-1,-1
97,-1,429,201,53,73,0.90,7,-1,-1
97,-1,324,114,14,14,0.86,2,-1,-1
97,-1,272,127,29,42,0.80,7,-1,-1
98,-1,427,197,53,72,0.91,7,-1,-1
98,-1,324,115,14,14,0.86,2,-1,-1
98,-1,270,128,30,42,0.73,7,-1,-1
99,-1,424,193,52,69,0.91,7,-1,-1
99,-1,324,116,14,13,0.83,2,-1,-1
99,-1,268,130,30,44,0.83,7,-1,-1
100,-1,424,191,50,66,0.91,7,-1,-1
100,-1,323,117,14,13,0.83,2,-1,-1
100,-1,266,132,31,44,0.80,7,-1,-1
101,-1,421,187,48,64,0.92,7,-1,-1
101,-1,264,134,32,46,0.88,7,-1,-1
101,-1,322,118,15,14,0.84,2,-1,-1
102,-1,420,184,47,64,0.90,7,-1,-1
102,-1,322,119,15,14,0.85,2,-1,-1
102,-1,262,135,33,47,0.80,7,-1,-1
103,-1,417,181,46,60,0.90,7,-1,-1
103,-1,321,122,14,14,0.85,2,-1,-1
103,-1,258,138,35,48,0.67,7,-1,-1
104,-1,416,178,45,61,0.91,7,-1,-1
104,-1,320,122,15,14,0.86,2,-1,-1
104,-1,256,140,35,50,0.85,7,-1,-1
105,-1,414,174,43,58,0.91,7,-1,-1
105,-1,254,143,36,51,0.87,7,-1,-1
105,-1,320,124,15,15,0.85,2,-1,-1
106,-1,529,444,78,79,0.91,2,-1,-1
106,-1,414,172,42,58,0.90,7,-1,-1
106,-1,320,126,15,15,0.84,2,-1,-1
106,-1,251,144,36,52,0.80,7,-1,-1
107,-1,517,420,74,72,0.92,2,-1,-1
107,-1,414,170,39,55,0.91,7,-1,-1
107,-1,318,128,16,16,0.85,2,-1,-1
107,-1,248,147,37,54,0.77,2,-1,-1
108,-1,511,403,70,68,0.91,2,-1,-1
108,-1,412,167,39,54,0.91,7,-1,-1
108,-1,317,129,17,16,0.86,2,-1,-1
108,-1,245,149,38,56,0.75,7,-1,-1
109,-1,402,404,74,99,0.93,2,-1,-1
109,-1,504,381,63,63,0.92,2,-1,-1
109,-1,410,164,38,53,0.90,7,-1,-1
109,-1,241,152,38,57,0.89,7,-1,-1
109,-1,316,131,17,16,0.85,2,-1,-1
110,-1,400,382,68,91,0.92,2,-1,-1
110,-1,497,368,61,60,0.92,2,-1,-1
110,-1,238,154,40,58,0.90,7,-1,-1
110,-1,408,162,38,52,0.90,7,-1,-1
110,-1,315,131,18,18,0.85,2,-1,-1
111,-1,395,354,62,82,0.92,2,-1,-1
111,-1,407,159,37,51,0.90,7,-1,-1
111,-1,489,349,58,56,0.90,2,-1,-1
111,-1,234,158,41,61,0.87,7,-1,-1
111,-1,314,133,18,19,0.86,2,-1,-1
112,-1,393,337,58,76,0.92,2,-1,-1
112,-1,406,158,37,50,0.91,7,-1,-1
112,-1,486,338,54,54,0.90,2,-1,-1
112,-1,230,160,42,62,0.89,7,-1,-1
112,-1,314,136,18,18,0.86,2,-1,-1
113,-1,390,316,54,69,0.92,2,-1,-1
113,-1,406,156,35,48,0.90,7,-1,-1
113,-1,225,164,44,67,0.90,7,-1,-1
113,-1,479,321,51,53,0.90,2,-1,-1
113,-1,312,141,18,16,0.86,2,-1,-1
114,-1,221,167,46,68,0.92,7,-1,-1
114,-1,388,304,53,64,0.92,2,-1,-1
114,-1,475,314,49,48,0.91,2,-1,-1
114,-1,405,155,34,46,0.90,7,-1,-1
114,-1,312,142,18,17,0.86,2,-1,-1
115,-1,216,172,48,72,0.91,7,-1,-1
115,-1,385,286,50,60,0.91,2,-1,-1
115,-1,469,302,47,45,0.91,2,-1,-1
115,-1,402,152,35,46,0.90,7,-1,-1
115,-1,310,145,19,18,0.86,2,-1,-1
116,-1,211,175,50,74,0.91,7,-1,-1
116,-1,383,276,49,57,0.91,2,-1,-1
116,-1,402,150,34,46,0.90,7,-1,-1
116,-1,466,294,46,43,0.90,2,-1,-1
116,-1,310,148,18,17,0.86,2,-1,-1
117,-1,204,180,52,77,0.91,7,-1,-1
117,-1,382,263,46,52,0.91,2,-1,-1
117,-1,401,148,34,45,0.89,7,-1,-1
117,-1,460,283,44,42,0.89,2,-1,-1
117,-1,308,151,19,18,0.87,2,-1,-1
118,-1,200,184,53,80,0.92,7,-1,-1
118,-1,382,255,42,50,0.90,2,-1,-1
118,-1,400,147,33,45,0.90,7,-1,-1
118,-1,458,278,41,39,0.89,2,-1,-1
118,-1,307,154,19,19,0.87,2,-1,-1
119,-1,191,189,58,87,0.91,7,-1,-1
119,-1,380,241,39,49,0.91,2,-1,-1
119,-1,400,146,32,44,0.90,7,-1,-1
119,-1,454,268,40,37,0.89,2,-1,-1
119,-1,305,158,20,18,0.87,2,-1,-1
120,-1,185,194,61,90,0.92,7,-1,-1
120,-1,379,236,37,46,0.90,2,-1,-1
120,-1,452,262,38,36,0.89,2,-1,-1
120,-1,398,144,31,44,0.89,7,-1,-1
120,-1,303,161,20,19,0.87,2,-1,-1
121,-1,176,200,64,96,0.92,7,-1,-1
121,-1,378,227,38,43,0.89,2,-1,-1
121,-1,398,142,30,42,0.89,7,-1,-1
121,-1,302,165,21,20,0.88,2,-1,-1
121,-1,448,254,37,35,0.88,2,-1,-1
122,-1,169,206,68,100,0.92,7,-1,-1
122,-1,376,223,36,40,0.89,2,-1,-1
122,-1,446,250,36,34,0.89,2,-1,-1
122,-1,397,142,30,40,0.89,7,-1,-1
122,-1,299,169,22,21,0.87,2,-1,-1
123,-1,158,214,73,109,0.92,7,-1,-1
123,-1,396,139,30,41,0.89,7,-1,-1
123,-1,375,215,35,38,0.89,2,-1,-1
123,-1,442,242,35,33,0.88,2,-1,-1
123,-1,297,174,23,22,0.86,2,-1,-1
124,-1,148,220,78,115,0.92,7,-1,-1
124,-1,396,138,30,40,0.90,7,-1,-1
124,-1,374,210,34,37,0.90,2,-1,-1
124,-1,296,178,23,22,0.87,2,-1,-1
124,-1,440,238,34,32,0.87,2,-1,-1
125,-1,134,231,84,126,0.93,7,-1,-1
125,-1,394,136,29,40,0.89,7,-1,-1
125,-1,293,184,24,23,0.89,2,-1,-1
125,-1,372,204,32,36,0.88,2,-1,-1
125,-1,438,231,32,31,0.87,2,-1,-1
126,-1,123,240,90,133,0.92,7,-1,-1
126,-1,290,188,25,25,0.89,2,-1,-1
126,-1,394,136,28,40,0.89,7,-1,-1
126,-1,372,199,32,35,0.88,2,-1,-1
126,-1,436,228,32,30,0.88,2,-1,-1
127,-1,106,252,98,146,0.92,7,-1,-1
127,-1,372,194,31,33,0.89,2,-1,-1
127,-1,394,134,28,38,0.89,7,-1,-1
127,-1,288,196,26,25,0.87,2,-1,-1
127,-1,433,222,32,29,0.87,2,-1,-1
128,-1,93,262,104,156,0.93,7,-1,-1
128,-1,418,430,75,92,0.91,2,-1,-1
128,-1,393,134,28,38,0.89,7,-1,-1
128,-1,286,201,26,26,0.88,2,-1,-1
128,-1,431,220,30,28,0.87,2,-1,-1
128,-1,370,190,30,32,0.86,2,-1,-1
129,-1,69,279,116,174,0.93,7,-1,-1
129,-1,412,396,68,81,0.92,2,-1,-1
129,-1,392,131,28,39,0.89,7,-1,-1
129,-1,281,208,28,30,0.89,2,-1,-1
129,-1,370,185,28,32,0.87,2,-1,-1
129,-1,428,214,30,28,0.87,2,-1,-1
130,-1,53,291,125,189,0.93,7,-1,-1
130,-1,408,376,63,73,0.93,2,-1,-1
130,-1,278,215,29,30,0.88,2,-1,-1
130,-1,392,130,27,38,0.88,7,-1,-1
130,-1,370,182,28,30,0.87,2,-1,-1
130,-1,428,210,29,28,0.86,2,-1,-1
131,-1,404,350,56,65,0.92,2,-1,-1
131,-1,24,312,139,212,0.92,7,-1,-1
131,-1,272,226,32,32,0.89,2,-1,-1
131,-1,392,129,27,38,0.88,7,-1,-1
131,-1,426,207,27,26,0.87,2,-1,-1
131,-1,367,177,26,30,0.85,2,-1,-1
132,-1,402,334,52,61,0.92,2,-1,-1
132,-1,269,234,33,34,0.91,2,-1,-1
132,-1,392,128,26,38,0.88,7,-1,-1
132,-1,426,204,26,26,0.86,2,-1,-1
132,-1,367,174,26,29,0.86,2,-1,-1
133,-1,400,312,48,57,0.91,2,-1,-1
133,-1,264,247,35,38,0.90,2,-1,-1
133,-1,388,126,28,36,0.88,7,-1,-1
133,-1,423,199,26,26,0.85,2,-1,-1
133,-1,366,170,25,28,0.84,2,-1,-1
134,-1,258,257,38,42,0.91,2,-1,-1
134,-1,396,300,47,53,0.91,2,-1,-1
134,-1,388,126,27,36,0.87,7,-1,-1
134,-1,366,168,25,28,0.87,2,-1,-1
134,-1,421,196,26,26,0.85,2,-1,-1
135,-1,393,283,43,50,0.91,2,-1,-1
135,-1,250,274,41,45,0.91,2,-1,-1
135,-1,388,125,27,35,0.87,7,-1,-1
135,-1,419,193,26,24,0.86,2,-1,-1
135,-1,366,164,24,27,0.86,2,-1,-1
136,-1,244,288,44,50,0.91,2,-1,-1
136,-1,391,274,42,47,0.91,2,-1,-1
136,-1,386,124,27,36,0.89,7,-1,-1
136,-1,366,163,22,25,0.87,2,-1,-1
136,-1,418,190,26,24,0.86,2,-1,-1
137,-1,232,313,48,56,0.92,2,-1,-1
137,-1,388,260,41,44,0.90,2,-1,-1
137,-1,386,124,26,34,0.88,7,-1,-1
137,-1,416,188,26,22,0.85,2,-1,-1
137,-1,365,160,22,24,0.85,2,-1,-1
138,-1,224,332,52,61,0.92,2,-1,-1
138,-1,386,253,40,42,0.90,2,-1,-1
138,-1,386,122,26,34,0.88,7,-1,-1
138,-1,415,185,25,23,0.85,2,-1,-1
138,-1,366,158,20,23,0.84,2,-1,-1
139,-1,208,365,59,73,0.91,2,-1,-1
139,-1,385,241,36,40,0.90,2,-1,-1
139,-1,386,121,25,33,0.88,7,-1,-1
139,-1,365,154,21,24,0.87,2,-1,-1
139,-1,413,182,24,22,0.85,2,-1,-1
140,-1,195,392,65,81,0.92,2,-1,-1
140,-1,384,234,34,38,0.89,2,-1,-1
140,-1,384,120,26,34,0.87,7,-1,-1
140,-1,412,180,24,21,0.87,2,-1,-1
140,-1,365,152,20,24,0.86,2,-1,-1
141,-1,413,430,70,80,0.92,2,-1,-1
141,-1,382,226,34,36,0.90,2,-1,-1
141,-1,384,119,26,34,0.86,7,-1,-1
141,-1,411,178,24,21,0.85,2,-1,-1
141,-1,365,150,20,22,0.85,2,-1,-1
142,-1,410,406,65,73,0.92,2,-1,-1
142,-1,382,221,33,34,0.88,2,-1,-1
142,-1,364,148,20,22,0.86,2,-1,-1
142,-1,384,118,25,33,0.86,7,-1,-1
142,-1,410,176,22,21,0.85,2,-1,-1
143,-1,517,432,74,73,0.92,2,-1,-1
143,-1,404,377,60,63,0.92,2,-1,-1
143,-1,379,214,32,32,0.88,2,-1,-1
143,-1,383,117,25,32,0.87,7,-1,-1
143,-1,364,146,20,22,0.86,2,-1,-1
143,-1,410,174,21,19,0.85,2,-1,-1
144,-1,508,408,69,68,0.92,2,-1,-1
144,-1,401,359,56,59,0.91,2,-1,-1
144,-1,378,210,30,31,0.89,2,-1,-1
144,-1,383,116,25,32,0.88,7,-1,-1
144,-1,408,172,22,20,0.85,2,-1,-1
144,-1,364,144,19,22,0.85,2,-1,-1
145,-1,497,378,59,60,0.93,2,-1,-1
145,-1,398,335,51,54,0.91,2,-1,-1
145,-1,377,202,28,30,0.90,2,-1,-1
145,-1,383,115,24,32,0.87,7,-1,-1
145,-1,363,142,19,20,0.86,2,-1,-1
145,-1,407,168,21,20,0.86,2,-1,-1
146,-1,395,320,48,51,0.91,2,-1,-1
146,-1,489,358,56,57,0.91,2,-1,-1
146,-1,376,199,29,29,0.88,2,-1,-1
146,-1,405,166,22,20,0.87,2,-1,-1
146,-1,382,115,24,31,0.87,7,-1,-1
146,-1,362,140,19,22,0.87,2,-1,-1
147,-1,392,302,44,46,0.90,2,-1,-1
147,-1,479,334,50,53,0.90,2,-1,-1
147,-1,376,194,27,28,0.88,2,-1,-1
147,-1,382,113,24,32,0.87,7,-1,-1
147,-1,404,164,21,19,0.87,2,-1,-1
147,-1,361,138,19,21,0.85,2,-1,-1
148,-1,389,291,43,44,0.90,2,-1,-1
148,-1,473,320,48,50,0.90,2,-1,-1
148,-1,381,112,24,32,0.88,7,-1,-1
148,-1,374,190,26,28,0.86,2,-1,-1
148,-1,404,163,20,18,0.86,2,-1,-1
148,-1,361,136,18,20,0.84,2,-1,-1
149,-1,464,303,44,45,0.91,2,-1,-1
149,-1,386,275,40,42,0.90,2,-1,-1
149,-1,381,112,24,31,0.88,7,-1,-1
149,-1,374,184,25,27,0.88,2,-1,-1
149,-1,403,160,20,19,0.86,2,-1,-1
149,-1,361,136,18,19,0.84,2,-1,-1
150,-1,384,266,39,40,0.90,2,-1,-1
150,-1,459,291,44,44,0.90,2,-1,-1
150,-1,381,112,24,30,0.88,7,-1,-1
150,-1,373,181,25,26,0.87,2,-1,-1
150,-1,402,159,20,19,0.86,2,-1,-1
150,-1,361,134,18,19,0.85,2,-1,-1
151,-1,372,176,24,26,0.90,2,-1,-1
151,-1,383,254,36,38,0.89,2,-1,-1
151,-1,452,277,40,40,0.89,2,-1,-1
151,-1,380,111,24,30,0.88,7,-1,-1
151,-1,401,158,18,18,0.86,2,-1,-1
151,-1,360,132,18,19,0.85,2,-1,-1
152,-1,449,268,38,38,0.90,2,-1,-1
152,-1,382,246,34,36,0.89,2,-1,-1
152,-1,380,111,23,30,0.87,7,-1,-1
152,-1,371,174,24,24,0.87,2,-1,-1
152,-1,400,156,18,17,0.85,2,-1,-1
152,-1,360,131,17,19,0.85,2,-1,-1
153,-1,380,235,33,34,0.90,2,-1,-1
153,-1,442,256,37,36,0.89,2,-1,-1
153,-1,370,170,23,24,0.88,2,-1,-1
153,-1,380,110,21,28,0.88,7,-1,-1
153,-1,400,154,18,18,0.86,2,-1,-1
153,-1,359,129,18,19,0.84,2,-1,-1
154,-1,439,250,35,34,0.89,2,-1,-1
154,-1,378,230,33,33,0.88,2,-1,-1
154,-1,380,110,20,28,0.87,7,-1,-1
154,-1,399,153,18,16,0.86,2,-1,-1
154,-1,370,168,22,24,0.86,2,-1,-1
154,-1,360,128,18,18,0.85,2,-1,-1
155,-1,377,222,31,31,0.88,2,-1,-1
155,-1,435,239,33,32,0.88,2,-1,-1
155,-1,380,108,20,28,0.87,7,-1,-1
155,-1,369,164,22,23,0.86,2,-1,-1
155,-1,398,151,18,16,0.85,2,-1,-1
155,-1,359,127,18,18,0.84,2,-1,-1
156,-1,376,217,30,30,0.89,2,-1,-1
156,-1,380,108,20,28,0.87,7,-1,-1
156,-1,368,162,22,23,0.87,2,-1,-1
156,-1,432,232,32,32,0.87,2,-1,-1
156,-1,397,150,18,17,0.85,2,-1,-1
156,-1,359,125,17,18,0.84,2,-1,-1
157,-1,374,210,28,28,0.88,2,-1,-1
157,-1,428,223,31,31,0.87,2,-1,-1
157,-1,379,108,19,26,0.87,7,-1,-1
157,-1,397,149,17,16,0.85,2,-1,-1
157,-1,369,159,21,22,0.85,2,-1,-1
157,-1,358,126,16,16,0.81,2,-1,-1
158,-1,374,206,27,28,0.88,2,-1,-1
158,-1,396,147,18,16,0.87,2,-1,-1
158,-1,368,157,20,21,0.86,2,-1,-1
158,-1,379,109,19,25,0.86,7,-1,-1
158,-1,426,222,29,26,0.85,2,-1,-1
158,-1,358,125,16,16,0.83,2,-1,-1
159,-1,372,200,28,26,0.89,2,-1,-1
159,-1,379,108,18,25,0.87,7,-1,-1
159,-1,368,154,20,20,0.87,2,-1,-1
159,-1,423,214,27,26,0.86,2,-1,-1
159,-1,395,145,17,16,0.86,2,-1,-1
159,-1,358,122,16,17,0.84,2,-1,-1
160,-1,422,209,26,26,0.88,2,-1,-1
160,-1,378,108,18,25,0.87,7,-1,-1
160,-1,372,196,27,26,0.87,2,-1,-1
160,-1,395,145,17,16,0.86,2,-1,-1
160,-1,368,153,20,20,0.86,2,-1,-1
160,-1,358,122,15,16,0.83,2,-1,-1
161,-1,370,190,25,25,0.88,2,-1,-1
161,-1,378,107,19,25,0.88,7,-1,-1
161,-1,418,202,26,25,0.88,2,-1,-1
161,-1,368,149,18,20,0.86,2,-1,-1
161,-1,394,143,17,16,0.85,2,-1,-1
161,-1,358,121,14,15,0.84,2,-1,-1
162,-1,370,187,24,25,0.89,2,-1,-1
162,-1,378,107,18,24,0.87,7,-1,-1
162,-1,417,198,25,25,0.86,2,-1,-1
162,-1,367,148,18,20,0.86,2,-1,-1
162,-1,393,141,16,16,0.85,2,-1,-1
162,-1,358,120,14,14,0.84,2,-1,-1
163,-1,377,106,18,24,0.88,7,-1,-1
163,-1,414,192,24,24,0.87,2,-1,-1
163,-1,369,182,24,24,0.86,2,-1,-1
163,-1,366,146,18,18,0.85,2,-1,-1
163,-1,392,140,16,16,0.84,2,-1,-1
163,-1,358,119,13,14,0.83,2,-1,-1
164,-1,369,179,24,23,0.88,2,-1,-1
164,-1,413,190,22,23,0.88,2,-1,-1
164,-1,376,106,19,24,0.87,7,-1,-1
164,-1,366,144,18,18,0.86,2,-1,-1
164,-1,392,139,16,15,0.85,2,-1,-1
164,-1,358,118,13,14,0.84,2,-1,-1
165,-1,377,105,18,24,0.88,7,-1,-1
165,-1,411,184,22,23,0.86,2,-1,-1
165,-1,366,142,18,18,0.86,2,-1,-1
165,-1,392,138,16,15,0.86,2,-1,-1
165,-1,368,175,22,22,0.85,2,-1,-1
165,-1,358,117,13,14,0.84,2,-1,-1
166,-1,377,105,18,24,0.87,7,-1,-1
166,-1,368,172,21,22,0.87,2,-1,-1
166,-1,410,182,21,22,0.86,2,-1,-1
166,-1,366,141,17,18,0.85,2,-1,-1
166,-1,391,138,16,15,0.85,2,-1,-1
166,-1,358,116,13,14,0.82,2,-1,-1
167,-1,368,169,21,22,0.88,2,-1,-1
167,-1,365,138,17,18,0.87,2,-1,-1
167,-1,407,178,22,21,0.87,2,-1,-1
167,-1,376,104,18,23,0.86,7,-1,-1
167,-1,358,114,13,14,0.85,2,-1,-1
167,-1,390,136,16,16,0.85,2,-1,-1
168,-1,367,166,20,21,0.87,2,-1,-1
168,-1,365,137,17,18,0.86,2,-1,-1
168,-1,406,176,20,20,0.86,2,-1,-1
168,-1,376,103,17,23,0.85,7,-1,-1
168,-1,390,134,15,15,0.85,2,-1,-1
168,-1,356,113,14,14,0.84,2,-1,-1
169,-1,364,135,16,16,0.88,2,-1,-1
169,-1,366,162,20,20,0.87,2,-1,-1
169,-1,404,173,20,18,0.87,2,-1,-1
169,-1,376,102,17,23,0.86,7,-1,-1
169,-1,390,134,15,14,0.86,2,-1,-1
169,-1,357,113,13,14,0.84,2,-1,-1
170,-1,364,136,16,15,0.88,2,-1,-1
170,-1,403,170,20,19,0.87,2,-1,-1
170,-1,376,103,17,23,0.85,7,-1,-1
170,-1,366,160,20,20,0.85,2,-1,-1
170,-1,389,134,15,14,0.85,2,-1,-1
170,-1,356,112,14,14,0.85,2,-1,-1
171,-1,366,158,19,20,0.87,2,-1,-1
171,-1,389,132,14,14,0.86,2,-1,-1
171,-1,364,134,16,15,0.86,2,-1,-1
171,-1,402,166,20,19,0.86,2,-1,-1
171,-1,357,112,13,14,0.85,2,-1,-1
171,-1,376,102,17,22,0.83,7,-1,-1
172,-1,400,164,20,19,0.86,2,-1,-1
172,-1,388,131,14,14,0.86,2,-1,-1
172,-1,366,155,19,20,0.86,2,-1,-1
172,-1,363,132,16,16,0.85,2,-1,-1
172,-1,376,101,16,22,0.84,7,-1,-1
172,-1,357,111,13,14,0.83,2,-1,-1
173,-1,364,130,16,15,0.87,2,-1,-1
173,-1,400,161,18,18,0.86,2,-1,-1
173,-1,388,129,14,14,0.85,2,-1,-1
173,-1,365,152,19,19,0.85,2,-1,-1
173,-1,375,100,16,22,0.84,7,-1,-1
173,-1,356,110,13,14,0.80,2,-1,-1
174,-1,365,150,18,19,0.86,2,-1,-1
174,-1,399,159,18,18,0.86,2,-1,-1
174,-1,375,100,16,23,0.85,7,-1,-1
174,-1,363,130,16,14,0.85,2,-1,-1
174,-1,387,129,14,14,0.84,2,-1,-1
174,-1,357,109,13,14,0.73,2,-1,-1
175,-1,364,148,18,18,0.86,2,-1,-1
175,-1,364,128,15,14,0.85,2,-1,-1
175,-1,398,157,18,16,0.85,2,-1,-1
175,-1,375,100,16,22,0.83,7,-1,-1
175,-1,387,128,14,14,0.82,2,-1,-1
175,-1,357,108,12,14,0.79,2,-1,-1
176,-1,364,146,18,19,0.86,2,-1,-1
176,-1,398,156,17,16,0.85,2,-1,-1
176,-1,374,99,16,22,0.83,7,-1,-1
176,-1,362,127,15,14,0.83,2,-1,-1
176,-1,386,128,14,14,0.81,2,-1,-1
176,-1,358,108,12,14,0.74,2,-1,-1
177,-1,396,152,17,16,0.87,2,-1,-1
177,-1,363,143,18,19,0.85,2,-1,-1
177,-1,374,98,16,22,0.85,7,-1,-1
177,-1,363,125,14,14,0.82,2,-1,-1
177,-1,386,126,14,14,0.77,2,-1,-1
177,-1,357,106,12,13,0.70,2,-1,-1
178,-1,363,142,18,18,0.85,2,-1,-1
178,-1,395,151,17,16,0.85,2,-1,-1
178,-1,374,98,16,22,0.83,7,-1,-1
178,-1,363,125,14,14,0.79,2,-1,-1
178,-1,385,125,14,14,0.78,2,-1,-1
178,-1,356,106,13,14,0.52,2,-1,-1
179,-1,374,98,16,22,0.86,7,-1,-1
179,-1,363,141,17,18,0.85,2,-1,-1
179,-1,394,149,18,16,0.84,2,-1,-1
179,-1,385,125,14,14,0.77,2,-1,-1
179,-1,363,125,14,13,0.75,2,-1,-1
179,-1,357,105,12,14,0.49,2,-1,-1
180,-1,363,139,16,17,0.85,2,-1,-1
180,-1,392,147,17,16,0.85,2,-1,-1
180,-1,374,98,16,21,0.83,7,-1,-1
180,-1,385,124,14,14,0.80,2,-1,-1
180,-1,362,123,14,13,0.73,2,-1,-1
180,-1,357,105,12,13,0.41,2,-1,-1
181,-1,492,338,125,161,0.94,7,-1,-1
181,-1,362,136,17,18,0.85,2,-1,-1
181,-1,392,145,17,16,0.84,2,-1,-1
181,-1,374,97,16,21,0.83,7,-1,-1
181,-1,384,123,14,13,0.80,2,-1,-1
181,-1,362,122,14,12,0.74,2,-1,-1
182,-1,486,311,116,164,0.93,7,-1,-1
182,-1,362,133,17,20,0.84,2,-1,-1
182,-1,390,143,18,16,0.83,2,-1,-1
182,-1,373,97,16,20,0.81,7,-1,-1
182,-1,384,123,14,13,0.75,2,-1,-1
182,-1,362,122,15,12,0.58,2,-1,-1
183,-1,475,304,106,139,0.93,7,-1,-1
183,-1,361,130,17,20,0.83,2,-1,-1
183,-1,389,140,17,15,0.81,2,-1,-1
183,-1,374,97,15,20,0.75,7,-1,-1
183,-1,383,122,14,13,0.68,2,-1,-1
183,-1,362,119,14,12,0.59,2,-1,-1
184,-1,470,292,100,131,0.93,7,-1,-1
184,-1,388,139,17,16,0.83,2,-1,-1
184,-1,361,128,17,21,0.82,2,-1,-1
184,-1,382,121,14,13,0.72,2,-1,-1
184,-1,373,97,16,19,0.68,2,-1,-1
185,-1,462,278,92,119,0.93,7,-1,-1
185,-1,387,136,17,16,0.84,2,-1,-1
185,-1,361,125,17,22,0.81,2,-1,-1
185,-1,382,120,13,13,0.74,2,-1,-1
185,-1,373,96,15,20,0.73,7,-1,-1
186,-1,456,270,89,113,0.92,7,-1,-1
186,-1,386,135,17,16,0.83,2,-1,-1
186,-1,360,123,18,22,0.82,2,-1,-1
186,-1,382,120,14,13,0.68,2,-1,-1
186,-1,373,96,15,19,0.64,7,-1,-1
187,-1,450,256,82,106,0.93,7,-1,-1
187,-1,360,122,17,21,0.82,2,-1,-1
187,-1,386,134,16,15,0.79,2,-1,-1
187,-1,382,119,13,12,0.70,2,-1,-1
187,-1,373,96,15,19,0.63,2,-1,-1
188,-1,448,248,78,101,0.93,7,-1,-1
188,-1,384,132,16,16,0.82,2,-1,-1
188,-1,361,122,16,20,0.82,2,-1,-1
188,-1,372,96,15,18,0.65,2,-1,-1
188,-1,382,119,13,12,0.56,2,-1,-1
189,-1,442,238,74,94,0.92,7,-1,-1
189,-1,360,121,16,20,0.80,2,-1,-1
189,-1,384,130,16,16,0.78,2,-1,-1
189,-1,373,95,14,18,0.72,2,-1,-1
189,-1,381,118,13,12,0.56,2,-1,-1
190,-1,438,231,71,92,0.92,7,-1,-1
190,-1,360,121,15,19,0.79,2,-1,-1
190,-1,384,128,15,16,0.79,2,-1,-1
190,-1,372,95,14,18,0.70,2,-1,-1
191,-1,434,222,66,84,0.92,7,-1,-1
191,-1,360,118,16,20,0.82,2,-1,-1
191,-1,382,124,16,18,0.79,2,-1,-1
191,-1,372,95,14,18,0.78,2,-1,-1
192,-1,431,219,64,80,0.91,7,-1,-1
192,-1,360,116,16,20,0.83,2,-1,-1
192,-1,382,122,16,19,0.81,2,-1,-1
192,-1,372,94,14,18,0.75,2,-1,-1
193,-1,428,210,60,78,0.92,7,-1,-1
193,-1,381,121,16,18,0.83,2,-1,-1
193,-1,360,115,15,19,0.80,2,-1,-1
193,-1,372,94,14,18,0.51,7,-1,-1
194,-1,426,206,58,74,0.91,7,-1,-1
194,-1,382,122,15,18,0.82,2,-1,-1
194,-1,360,114,16,20,0.81,2,-1,-1
194,-1,372,94,14,18,0.51,2,-1,-1
195,-1,423,200,54,71,0.91,7,-1,-1
195,-1,380,120,15,18,0.87,2,-1,-1
195,-1,359,113,16,20,0.80,2,-1,-1
195,-1,372,93,14,18,0.60,7,-1,-1
196,-1,421,196,53,68,0.90,7,-1,-1
196,-1,380,118,15,18,0.87,2,-1,-1
196,-1,359,113,15,19,0.80,2,-1,-1
196,-1,372,93,14,18,0.61,7,-1,-1
197,-1,418,190,51,66,0.91,7,-1,-1
197,-1,378,117,15,18,0.84,2,-1,-1
197,-1,358,111,16,19,0.82,2,-1,-1
197,-1,372,93,14,18,0.45,7,-1,-1
198,-1,416,188,50,63,0.90,7,-1,-1
198,-1,379,116,14,18,0.85,2,-1,-1
198,-1,359,111,16,19,0.83,2,-1,-1
198,-1,372,92,14,17,0.44,7,-1,-1
199,-1,414,182,47,61,0.91,7,-1,-1
199,-1,359,110,15,19,0.82,2,-1,-1
199,-1,378,115,14,18,0.82,2,-1,-1
199,-1,372,92,14,18,0.61,7,-1,-1
200,-1,413,179,45,60,0.90,7,-1,-1
200,-1,378,114,14,18,0.83,2,-1,-1
200,-1,358,110,15,18,0.81,2,-1,-1
200,-1,372,91,14,18,0.52,7,-1,-1
201,-1,412,174,43,58,0.90,7,-1,-1
201,-1,377,114,15,18,0.84,2,-1,-1
201,-1,358,108,14,18,0.83,2,-1,-1
201,-1,372,91,14,18,0.65,7,-1,-1
202,-1,411,172,42,56,0.90,7,-1,-1
202,-1,358,107,14,19,0.84,2,-1,-1
202,-1,377,113,14,16,0.82,2,-1,-1
202,-1,372,91,13,17,0.63,2,-1,-1
203,-1,409,169,40,54,0.90,7,-1,-1
203,-1,358,108,14,17,0.83,2,-1,-1
203,-1,376,113,14,16,0.81,2,-1,-1
203,-1,372,91,13,17,0.58,2,-1,-1
204,-1,406,166,41,54,0.89,7,-1,-1
204,-1,358,108,13,17,0.83,2,-1,-1
204,-1,376,112,14,16,0.79,2,-1,-1
204,-1,372,91,13,17,0.49,2,-1,-1
205,-1,404,161,40,53,0.90,7,-1,-1
205,-1,358,106,13,17,0.84,2,-1,-1
205,-1,375,112,14,15,0.73,2,-1,-1
205,-1,372,91,13,16,0.63,2,-1,-1
206,-1,404,159,39,52,0.90,7,-1,-1
206,-1,359,106,13,16,0.84,2,-1,-1
206,-1,375,111,14,16,0.65,2,-1,-1
206,-1,372,91,13,16,0.56,2,-1,-1
207,-1,402,157,37,49,0.90,7,-1,-1
207,-1,359,105,13,16,0.83,2,-1,-1
207,-1,376,108,13,16,0.56,2,-1,-1
207,-1,372,91,12,16,0.54,2,-1,-1
208,-1,401,156,36,47,0.90,7,-1,-1
208,-1,358,105,14,16,0.82,2,-1,-1
208,-1,375,109,14,16,0.56,2,-1,-1
208,-1,371,90,12,16,0.55,2,-1,-1
209,-1,496,316,134,191,0.93,7,-1,-1
209,-1,400,154,36,45,0.90,7,-1,-1
209,-1,358,104,14,16,0.79,2,-1,-1
209,-1,371,90,12,16,0.58,2,-1,-1
209,-1,374,107,13,15,0.38,2,-1,-1
210,-1,489,309,124,173,0.93,7,-1,-1
210,-1,398,151,35,46,0.90,7,-1,-1
210,-1,359,104,14,16,0.77,2,-1,-1
210,-1,371,90,12,14,0.64,2,-1,-1
210,-1,376,106,12,14,0.38,2,-1,-1
211,-1,480,290,112,158,0.93,7,-1,-1
211,-1,398,149,34,44,0.90,7,-1,-1
211,-1,359,103,12,15,0.79,2,-1,-1
211,-1,371,90,12,14,0.64,2,-1,-1
211,-1,375,106,12,13,0.33,2,-1,-1
212,-1,474,280,106,148,0.92,7,-1,-1
212,-1,397,147,33,44,0.89,7,-1,-1
212,-1,359,102,12,16,0.77,2,-1,-1
212,-1,371,90,12,14,0.65,2,-1,-1
212,-1,376,106,11,12,0.38,2,-1,-1
213,-1,466,266,98,136,0.92,7,-1,-1
213,-1,396,143,32,44,0.90,7,-1,-1
213,-1,358,100,13,16,0.81,2,-1,-1
213,-1,370,89,12,14,0.65,2,-1,-1
213,-1,376,105,11,12,0.42,2,-1,-1
214,-1,461,257,93,130,0.92,7,-1,-1
214,-1,395,142,32,42,0.90,7,-1,-1
214,-1,359,100,12,16,0.81,2,-1,-1
214,-1,370,89,12,14,0.66,2,-1,-1
214,-1,376,105,11,12,0.45,2,-1,-1
215,-1,456,246,86,118,0.93,7,-1,-1
215,-1,394,141,30,40,0.89,7,-1,-1
215,-1,359,100,12,15,0.73,2,-1,-1
215,-1,370,88,12,14,0.58,2,-1,-1
215,-1,375,105,11,12,0.29,2,-1,-1
216,-1,452,239,82,113,0.93,7,-1,-1
216,-1,393,139,31,40,0.89,7,-1,-1
216,-1,358,100,12,15,0.76,2,-1,-1
216,-1,370,89,11,13,0.58,2,-1,-1
216,-1,375,105,11,12,0.27,2,-1,-1
217,-1,446,228,76,106,0.92,7,-1,-1
217,-1,392,136,29,41,0.89,7,-1,-1
217,-1,359,99,12,14,0.64,2,-1,-1
217,-1,376,104,11,11,0.50,2,-1,-1
217,-1,370,90,10,11,0.42,2,-1,-1
218,-1,444,223,73,102,0.92,7,-1,-1
218,-1,391,134,29,40,0.89,7,-1,-1
218,-1,359,99,13,14,0.69,2,-1,-1
218,-1,375,104,10,10,0.29,2,-1,-1
218,-1,370,91,10,10,0.23,2,-1,-1
219,-1,440,215,68,95,0.92,7,-1,-1
219,-1,390,133,28,39,0.88,7,-1,-1
219,-1,360,98,14,14,0.70,2,-1,-1
219,-1,376,102,10,11,0.41,2,-1,-1
219,-1,370,88,11,12,0.13,2,-1,-1
220,-1,437,210,66,91,0.92,7,-1,-1
220,-1,389,132,28,38,0.88,7,-1,-1
220,-1,375,102,10,11,0.60,2,-1,-1
220,-1,360,99,14,14,0.56,2,-1,-1
221,-1,434,204,62,86,0.91,7,-1,-1
221,-1,388,130,28,38,0.89,7,-1,-1
221,-1,375,102,10,11,0.64,2,-1,-1
221,-1,360,99,13,13,0.57,2,-1,-1
221,-1,369,86,11,13,0.28,2,-1,-1
222,-1,432,200,59,83,0.91,7,-1,-1
222,-1,387,129,28,37,0.89,7,-1,-1
222,-1,359,98,12,13,0.65,2,-1,-1
222,-1,374,102,10,10,0.55,2,-1,-1
222,-1,369,86,12,13,0.40,2,-1,-1
223,-1,428,194,56,78,0.91,7,-1,-1
223,-1,386,128,28,36,0.88,7,-1,-1
223,-1,360,98,12,13,0.57,2,-1,-1
223,-1,374,100,10,11,0.47,2,-1,-1
223,-1,369,86,11,13,0.40,2,-1,-1
224,-1,427,190,54,76,0.90,7,-1,-1
224,-1,386,127,28,36,0.88,7,-1,-1
224,-1,360,97,12,13,0.55,2,-1,-1
224,-1,374,100,10,10,0.54,2,-1,-1
224,-1,370,85,11,14,0.52,2,-1,-1
225,-1,425,185,50,72,0.90,7,-1,-1
225,-1,384,126,27,34,0.87,7,-1,-1
225,-1,374,100,10,10,0.54,2,-1,-1
225,-1,369,85,11,14,0.53,2,-1,-1
225,-1,360,98,12,12,0.52,2,-1,-1
226,-1,423,182,49,70,0.91,7,-1,-1
226,-1,384,125,27,34,0.88,7,-1,-1
226,-1,359,97,12,13,0.70,2,-1,-1
226,-1,368,85,11,13,0.53,2,-1,-1
226,-1,374,99,10,11,0.52,2,-1,-1
227,-1,420,178,48,68,0.92,7,-1,-1
227,-1,383,124,26,33,0.88,7,-1,-1
227,-1,360,97,11,12,0.62,2,-1,-1
227,-1,368,85,11,13,0.54,2,-1,-1
227,-1,374,98,10,11,0.49,2,-1,-1
228,-1,418,175,46,65,0.90,7,-1,-1
228,-1,382,122,26,33,0.88,7,-1,-1
228,-1,360,97,11,12,0.61,2,-1,-1
228,-1,368,85,11,13,0.52,2,-1,-1
228,-1,374,98,10,11,0.47,2,-1,-1
229,-1,416,170,44,64,0.91,7,-1,-1
229,-1,383,120,24,33,0.87,7,-1,-1
229,-1,359,95,10,12,0.73,2,-1,-1
229,-1,374,98,10,11,0.63,2,-1,-1
229,-1,370,82,11,16,0.41,2,-1,-1
230,-1,416,168,42,62,0.90,7,-1,-1
230,-1,382,120,24,33,0.86,7,-1,-1
230,-1,359,94,10,12,0.71,2,-1,-1
230,-1,374,98,10,10,0.56,2,-1,-1
230,-1,369,83,11,15,0.51,2,-1,-1
231,-1,413,164,41,60,0.90,7,-1,-1
231,-1,382,119,23,31,0.88,7,-1,-1
231,-1,359,93,10,12,0.74,2,-1,-1
231,-1,368,82,11,14,0.53,2,-1,-1
231,-1,374,97,10,10,0.53,2,-1,-1
232,-1,412,162,40,58,0.92,7,-1,-1
232,-1,381,118,23,31,0.88,7,-1,-1
232,-1,359,93,10,12,0.75,2,-1,-1
232,-1,374,97,10,10,0.58,2,-1,-1
232,-1,368,82,11,14,0.57,2,-1,-1
233,-1,410,159,39,56,0.90,7,-1,-1
233,-1,382,117,22,30,0.89,7,-1,-1
233,-1,358,93,10,12,0.75,2,-1,-1
233,-1,370,82,10,14,0.65,2,-1,-1
233,-1,374,96,10,10,0.52,2,-1,-1
234,-1,409,157,37,54,0.89,7,-1,-1
234,-1,380,116,23,31,0.89,7,-1,-1
234,-1,359,93,10,13,0.75,2,-1,-1
234,-1,370,83,10,13,0.65,2,-1,-1
234,-1,374,96,10,10,0.50,2,-1,-1
235,-1,407,154,37,54,0.90,7,-1,-1
235,-1,381,115,22,30,0.88,7,-1,-1
235,-1,359,92,10,12,0.76,2,-1,-1
235,-1,370,82,10,14,0.63,2,-1,-1
235,-1,373,96,10,10,0.53,2,-1,-1
236,-1,406,152,36,52,0.90,7,-1,-1
236,-1,380,114,21,29,0.88,7,-1,-1
236,-1,359,92,10,13,0.74,2,-1,-1
236,-1,369,83,10,13,0.68,2,-1,-1
236,-1,372,96,10,10,0.52,2,-1,-1
237,-1,406,149,34,51,0.90,7,-1,-1
237,-1,380,114,21,28,0.88,7,-1,-1
237,-1,359,92,10,12,0.71,2,-1,-1
237,-1,369,83,10,13,0.68,2,-1,-1
237,-1,373,95,10,10,0.52,2,-1,-1
238,-1,404,147,34,50,0.90,7,-1,-1
238,-1,380,113,20,28,0.88,7,-1,-1
238,-1,359,91,10,12,0.73,2,-1,-1
238,-1,369,83,10,12,0.65,2,-1,-1
238,-1,373,95,10,10,0.58,2,-1,-1
239,-1,403,145,32,48,0.90,7,-1,-1
239,-1,380,112,20,28,0.88,7,-1,-1
239,-1,358,90,10,12,0.73,2,-1,-1
239,-1,369,81,10,13,0.60,2,-1,-1
239,-1,373,95,10,9,0.51,2,-1,-1
240,-1,402,143,31,48,0.89,7,-1,-1
240,-1,380,111,20,28,0.87,7,-1,-1
240,-1,358,90,10,12,0.74,2,-1,-1
240,-1,369,81,10,13,0.60,2,-1,-1
240,-1,373,95,9,9,0.53,2,-1,-1
241,-1,400,140,30,46,0.89,7,-1,-1
241,-1,379,110,20,28,0.88,7,-1,-1
241,-1,358,89,10,12,0.68,2,-1,-1
241,-1,372,93,10,9,0.41,2,-1,-1
241,-1,368,82,11,13,0.36,2,-1,-1
242,-1,399,139,30,45,0.89,7,-1,-1
242,-1,378,110,20,27,0.86,7,-1,-1
242,-1,358,89,10,12,0.63,2,-1,-1
242,-1,372,93,10,9,0.36,2,-1,-1
243,-1,398,138,30,44,0.89,7,-1,-1
243,-1,378,109,20,26,0.85,7,-1,-1
243,-1,358,88,10,12,0.63,2,-1,-1
243,-1,372,93,9,9,0.38,2,-1,-1
243,-1,368,82,11,13,0.35,2,-1,-1
244,-1,397,136,30,44,0.89,7,-1,-1
244,-1,378,109,19,26,0.85,7,-1,-1
244,-1,358,88,10,12,0.61,2,-1,-1
244,-1,372,93,10,9,0.37,2,-1,-1
245,-1,397,134,28,43,0.88,7,-1,-1
245,-1,377,108,19,25,0.81,7,-1,-1
245,-1,358,87,10,12,0.62,2,-1,-1
245,-1,371,92,10,9,0.32,2,-1,-1
246,-1,396,132,28,44,0.88,7,-1,-1
246,-1,377,108,19,24,0.77,7,-1,-1
246,-1,358,87,10,12,0.62,2,-1,-1
246,-1,371,92,10,9,0.32,2,-1,-1
247,-1,394,130,27,42,0.88,7,-1,-1
247,-1,376,106,18,25,0.82,7,-1,-1
247,-1,358,87,10,11,0.65,2,-1,-1
247,-1,368,83,11,12,0.35,2,-1,-1
248,-1,394,129,27,42,0.88,7,-1,-1
248,-1,376,106,18,25,0.84,7,-1,-1
248,-1,358,87,10,11,0.62,2,-1,-1
248,-1,368,83,11,13,0.35,2,-1,-1
249,-1,392,127,27,40,0.88,7,-1,-1
249,-1,376,106,17,24,0.81,7,-1,-1
249,-1,358,87,9,11,0.65,2,-1,-1
249,-1,368,84,11,13,0.36,2,-1,-1
250,-1,392,126,26,40,0.88,7,-1,-1
250,-1,376,105,18,24,0.81,7,-1,-1
250,-1,358,86,10,11,0.64,2,-1,-1
250,-1,370,90,10,10,0.41,2,-1,-1
251,-1,391,125,26,39,0.87,7,-1,-1
251,-1,376,104,17,24,0.83,7,-1,-1
251,-1,358,86,10,11,0.61,2,-1,-1
251,-1,368,85,10,13,0.37,2,-1,-1
252,-1,390,124,25,39,0.87,7,-1,-1
252,-1,376,104,16,22,0.78,7,-1,-1
252,-1,358,86,10,11,0.63,2,-1,-1
252,-1,368,85,10,12,0.35,2,-1,-1
253,-1,390,122,24,38,0.87,7,-1,-1
253,-1,375,102,17,22,0.80,7,-1,-1
253,-1,358,86,10,11,0.63,2,-1,-1
253,-1,368,86,10,11,0.32,2,-1,-1
254,-1,390,121,24,38,0.88,7,-1,-1
254,-1,375,103,16,22,0.81,7,-1,-1
254,-1,358,86,10,11,0.62,2,-1,-1
254,-1,368,86,10,11,0.29,2,-1,-1
255,-1,388,120,24,37,0.88,7,-1,-1
255,-1,374,102,16,22,0.78,7,-1,-1
255,-1,358,86,10,11,0.62,2,-1,-1
255,-1,369,87,9,10,0.31,2,-1,-1
256,-1,388,119,24,36,0.88,7,-1,-1
256,-1,375,102,15,21,0.74,7,-1,-1
256,-1,358,85,9,11,0.64,2,-1,-1
256,-1,369,86,9,11,0.33,2,-1,-1
257,-1,388,119,22,35,0.87,7,-1,-1
257,-1,374,101,15,21,0.76,7,-1,-1
257,-1,358,84,9,11,0.61,2,-1,-1
257,-1,368,86,9,11,0.27,2,-1,-1
258,-1,387,118,22,35,0.86,7,-1,-1
258,-1,374,101,15,21,0.75,7,-1,-1
258,-1,357,84,10,11,0.61,2,-1,-1
258,-1,368,86,9,11,0.25,2,-1,-1
259,-1,386,117,22,34,0.86,7,-1,-1
259,-1,374,99,15,22,0.81,7,-1,-1
259,-1,356,84,10,11,0.57,2,-1,-1
259,-1,368,87,9,10,0.38,2,-1,-1
260,-1,386,116,22,33,0.86,7,-1,-1
260,-1,374,99,15,21,0.74,7,-1,-1
260,-1,356,84,10,11,0.56,2,-1,-1
260,-1,368,86,9,10,0.29,2,-1,-1
261,-1,385,114,21,33,0.87,7,-1,-1
261,-1,374,98,15,21,0.84,7,-1,-1
261,-1,356,83,10,11,0.52,2,-1,-1
261,-1,368,86,9,10,0.20,2,-1,-1
262,-1,384,114,22,32,0.86,7,-1,-1
262,-1,373,98,15,21,0.77,7,-1,-1
262,-1,356,82,10,12,0.49,2,-1,-1
262,-1,368,85,8,10,0.12,2,-1,-1
263,-1,384,112,21,33,0.86,7,-1,-1
263,-1,373,97,15,20,0.80,7,-1,-1
263,-1,356,82,10,12,0.54,2,-1,-1
264,-1,383,112,21,32,0.87,7,-1,-1
264,-1,373,97,14,20,0.82,7,-1,-1
264,-1,356,82,10,11,0.54,2,-1,-1
265,-1,383,111,20,31,0.86,7,-1,-1
265,-1,372,96,14,20,0.75,7,-1,-1
265,-1,357,83,9,10,0.49,2,-1,-1
265,-1,368,86,9,9,0.40,2,-1,-1
266,-1,382,110,20,30,0.85,7,-1,-1
266,-1,372,96,14,20,0.77,7,-1,-1
266,-1,357,82,9,10,0.47,2,-1,-1
266,-1,368,86,9,9,0.36,2,-1,-1
267,-1,382,109,20,30,0.85,7,-1,-1
267,-1,372,96,14,19,0.61,7,-1,-1
267,-1,357,82,9,10,0.42,2,-1,-1
267,-1,368,85,8,9,0.38,2,-1,-1
268,-1,382,109,20,30,0.84,7,-1,-1
268,-1,372,96,14,19,0.52,7,-1,-1
268,-1,367,85,8,10,0.36,2,-1,-1
268,-1,357,82,9,10,0.35,2,-1,-1
269,-1,381,107,19,30,0.84,7,-1,-1
269,-1,372,96,13,18,0.54,2,-1,-1
269,-1,357,81,9,10,0.38,2,-1,-1
269,-1,367,84,8,9,0.24,2,-1,-1
270,-1,381,107,18,29,0.83,7,-1,-1
270,-1,372,96,13,18,0.56,2,-1,-1
270,-1,357,81,9,10,0.42,2,-1,-1
270,-1,367,85,8,9,0.27,2,-1,-1
271,-1,380,106,18,28,0.80,7,-1,-1
271,-1,372,95,13,18,0.62,2,-1,-1
271,-1,357,81,9,10,0.42,2,-1,-1
271,-1,367,84,8,9,0.19,2,-1,-1
272,-1,380,106,18,28,0.83,7,-1,-1
272,-1,372,94,13,17,0.59,2,-1,-1
272,-1,357,80,9,10,0.39,2,-1,-1
272,-1,366,83,8,10,0.11,2,-1,-1
273,-1,379,104,19,28,0.82,7,-1,-1
273,-1,372,93,13,17,0.55,2,-1,-1
273,-1,356,80,9,11,0.35,2,-1,-1
274,-1,378,104,19,28,0.81,7,-1,-1
274,-1,372,93,13,17,0.53,2,-1,-1
274,-1,356,80,9,10,0.35,2,-1,-1
275,-1,378,104,19,27,0.72,7,-1,-1
275,-1,371,93,12,17,0.53,2,-1,-1
275,-1,356,79,9,11,0.37,2,-1,-1
276,-1,378,104,18,27,0.73,7,-1,-1
276,-1,371,92,12,17,0.49,2,-1,-1
276,-1,356,78,10,12,0.34,2,-1,-1
277,-1,377,102,18,27,0.79,7,-1,-1
277,-1,371,92,12,16,0.39,2,-1,-1
277,-1,356,77,10,12,0.15,2,-1,-1
278,-1,377,102,18,26,0.77,7,-1,-1
278,-1,371,91,12,17,0.36,2,-1,-1
279,-1,376,101,18,26,0.75,7,-1,-1
279,-1,371,91,11,15,0.43,2,-1,-1
279,-1,356,77,10,13,0.14,2,-1,-1
280,-1,376,101,17,26,0.73,7,-1,-1
280,-1,371,91,11,15,0.41,2,-1,-1
280,-1,356,76,10,13,0.12,2,-1,-1
281,-1,376,100,17,26,0.59,7,-1,-1
281,-1,370,91,11,14,0.30,2,-1,-1
282,-1,376,99,17,26,0.64,7,-1,-1
282,-1,370,91,11,14,0.19,2,-1,-1
283,-1,375,99,17,25,0.47,7,-1,-1
283,-1,370,90,10,14,0.24,2,-1,-1
283,-1,356,75,11,13,0.17,2,-1,-1
284,-1,375,98,16,25,0.54,2,-1,-1
284,-1,370,91,10,12,0.22,2,-1,-1
284,-1,357,75,11,13,0.10,2,-1,-1
285,-1,375,98,16,25,0.64,2,-1,-1
285,-1,370,91,10,12,0.26,2,-1,-1
285,-1,356,75,11,13,0.10,2,-1,-1
286,-1,374,97,16,24,0.50,2,-1,-1
286,-1,370,92,10,12,0.16,2,-1,-1
287,-1,374,96,16,24,0.55,2,-1,-1
287,-1,370,92,10,12,0.17,2,-1,-1
287,-1,356,75,11,13,0.10,2,-1,-1
288,-1,374,96,16,24,0.70,2,-1,-1
288,-1,356,75,12,13,0.13,2,-1,-1
289,-1,374,96,16,24,0.56,2,-1,-1
289,-1,370,90,9,12,0.32,2,-1,-1
289,-1,356,75,11,13,0.12,2,-1,-1
290,-1,374,95,16,24,0.74,2,-1,-1
291,-1,374,94,15,23,0.75,2,-1,-1
292,-1,374,94,15,23,0.75,2,-1,-1
293,-1,373,94,15,23,0.80,2,-1,-1
294,-1,373,93,15,23,0.81,2,-1,-1
295,-1,372,93,16,22,0.83,2,-1,-1
296,-1,372,93,15,22,0.84,2,-1,-1
297,-1,372,93,14,21,0.84,2,-1,-1
298,-1,372,92,15,21,0.84,2,-1,-1
299,-1,372,92,15,21,0.85,2,-1,-1
300,-1,372,91,15,22,0.83,2,-1,-1
301,-1,372,90,15,21,0.82,2,-1,-1
302,-1,371,90,15,20,0.83,2,-1,-1
303,-1,371,90,15,20,0.82,2,-1,-1
304,-1,371,89,15,21,0.78,2,-1,-1
305,-1,371,89,15,20,0.82,2,-1,-1
306,-1,371,89,14,20,0.80,2,-1,-1
307,-1,371,88,14,20,0.80,2,-1,-1
308,-1,371,88,14,19,0.82,2,-1,-1
309,-1,371,88,14,19,0.83,2,-1,-1
310,-1,371,88,14,19,0.82,2,-1,-1
311,-1,371,87,14,19,0.82,2,-1,-1
312,-1,371,87,14,18,0.82,2,-1,-1
313,-1,370,86,14,19,0.81,2,-1,-1
314,-1,370,86,14,19,0.80,2,-1,-1
315,-1,370,85,14,19,0.80,2,-1,-1
316,-1,370,85,14,19,0.79,2,-1,-1
317,-1,370,85,14,18,0.80,2,-1,-1
318,-1,370,84,13,18,0.79,2,-1,-1
319,-1,370,84,13,18,0.79,2,-1,-1
320,-1,370,84,13,18,0.75,2,-1,-1
321,-1,369,83,13,18,0.77,2,-1,-1
322,-1,369,83,13,17,0.79,2,-1,-1
323,-1,369,83,13,18,0.79,2,-1,-1
324,-1,369,82,13,17,0.80,2,-1,-1
325,-1,369,82,12,17,0.78,2,-1,-1
326,-1,369,81,12,18,0.76,2,-1,-1
327,-1,368,81,13,17,0.80,2,-1,-1
328,-1,368,81,12,17,0.80,2,-1,-1
329,-1,368,81,12,17,0.82,2,-1,-1
330,-1,368,81,12,17,0.81,2,-1,-1
331,-1,368,81,12,17,0.82,2,-1,-1
332,-1,368,81,12,17,0.80,2,-1,-1
333,-1,368,81,12,16,0.81,2,-1,-1
334,-1,368,80,11,16,0.78,2,-1,-1
335,-1,368,80,11,16,0.76,2,-1,-1
336,-1,368,80,11,16,0.76,2,-1,-1
337,-1,368,80,11,16,0.75,2,-1,-1
337,-1,338,82,8,8,0.22,2,-1,-1
338,-1,368,79,11,16,0.75,2,-1,-1
338,-1,338,82,8,7,0.22,2,-1,-1
339,-1,368,79,11,15,0.72,2,-1,-1
339,-1,338,82,8,7,0.21,2,-1,-1
340,-1,368,79,11,15,0.72,2,-1,-1
340,-1,338,82,8,7,0.23,2,-1,-1
340,-1,330,71,9,17,0.13,7,-1,-1
341,-1,368,79,10,15,0.75,2,-1,-1
341,-1,337,82,8,8,0.23,2,-1,-1
341,-1,329,72,10,17,0.17,7,-1,-1
342,-1,367,79,11,15,0.75,2,-1,-1
342,-1,329,72,10,17,0.15,7,-1,-1
343,-1,368,79,10,15,0.78,2,-1,-1
343,-1,337,84,8,8,0.34,2,-1,-1
343,-1,329,72,9,16,0.16,7,-1,-1
344,-1,368,78,10,15,0.76,2,-1,-1
344,-1,337,84,8,8,0.34,2,-1,-1
344,-1,329,72,9,17,0.13,7,-1,-1
345,-1,367,78,10,14,0.77,2,-1,-1
346,-1,367,78,10,14,0.77,2,-1,-1
347,-1,367,78,10,14,0.78,2,-1,-1
348,-1,367,78,10,14,0.77,2,-1,-1
348,-1,336,87,8,9,0.45,2,-1,-1
349,-1,367,78,10,13,0.77,2,-1,-1
349,-1,336,86,8,9,0.63,2,-1,-1
349,-1,326,75,10,16,0.11,7,-1,-1
350,-1,367,78,10,13,0.75,2,-1,-1
350,-1,336,86,8,9,0.68,2,-1,-1
351,-1,367,78,10,13,0.74,2,-1,-1
351,-1,336,87,8,9,0.53,2,-1,-1
352,-1,367,78,10,13,0.74,2,-1,-1
352,-1,336,88,8,9,0.68,2,-1,-1
352,-1,326,78,9,14,0.33,2,-1,-1
353,-1,367,78,10,13,0.74,2,-1,-1
353,-1,336,88,8,9,0.69,2,-1,-1
353,-1,326,78,9,14,0.33,2,-1,-1
354,-1,367,78,10,12,0.71,2,-1,-1
354,-1,336,89,8,9,0.58,2,-1,-1
354,-1,326,76,10,16,0.21,7,-1,-1
355,-1,367,78,10,12,0.72,2,-1,-1
355,-1,325,76,11,17,0.51,7,-1,-1
355,-1,336,89,8,9,0.50,2,-1,-1
356,-1,367,78,10,12,0.72,2,-1,-1
356,-1,325,76,11,17,0.51,7,-1,-1
356,-1,336,89,8,9,0.50,2,-1,-1
357,-1,366,78,10,12,0.71,2,-1,-1
357,-1,325,77,11,17,0.45,7,-1,-1
357,-1,336,89,8,8,0.34,2,-1,-1
358,-1,366,77,10,12,0.73,2,-1,-1
358,-1,324,78,11,17,0.65,7,-1,-1
358,-1,335,89,9,8,0.12,2,-1,-1
359,-1,366,77,10,12,0.72,2,-1,-1
359,-1,324,78,11,17,0.65,7,-1,-1
360,-1,366,76,10,12,0.71,2,-1,-1
360,-1,324,78,11,17,0.69,7,-1,-1
361,-1,366,76,10,12,0.68,2,-1,-1
361,-1,324,79,11,17,0.61,7,-1,-1
362,-1,366,76,10,12,0.68,2,-1,-1
362,-1,324,79,11,17,0.53,7,-1,-1
362,-1,334,93,10,9,0.12,2,-1,-1
363,-1,366,75,10,13,0.70,2,-1,-1
363,-1,323,80,12,17,0.59,7,-1,-1
363,-1,334,94,10,9,0.15,2,-1,-1
364,-1,366,76,10,12,0.69,2,-1,-1
364,-1,323,80,12,17,0.59,7,-1,-1
364,-1,334,94,10,9,0.15,2,-1,-1
365,-1,366,76,10,12,0.69,2,-1,-1
365,-1,322,80,12,18,0.67,7,-1,-1
365,-1,334,94,10,10,0.54,2,-1,-1
366,-1,366,76,10,12,0.69,2,-1,-1
366,-1,322,81,12,17,0.62,7,-1,-1
366,-1,334,94,10,10,0.57,2,-1,-1
367,-1,332,95,10,10,0.69,2,-1,-1
367,-1,366,75,10,12,0.64,2,-1,-1
367,-1,322,81,12,17,0.62,7,-1,-1
368,-1,332,96,11,10,0.70,2,-1,-1
368,-1,366,75,10,12,0.64,2,-1,-1
368,-1,322,82,12,17,0.54,7,-1,-1
369,-1,321,81,12,18,0.76,7,-1,-1
369,-1,332,96,11,11,0.72,2,-1,-1
369,-1,366,75,10,12,0.63,2,-1,-1
370,-1,321,81,12,18,0.77,7,-1,-1
370,-1,332,96,11,10,0.69,2,-1,-1
370,-1,366,75,10,12,0.63,2,-1,-1
371,-1,321,81,12,19,0.76,7,-1,-1
371,-1,331,97,12,12,0.75,2,-1,-1
371,-1,366,75,10,12,0.63,2,-1,-1
372,-1,330,98,12,12,0.74,2,-1,-1
372,-1,320,82,13,19,0.73,7,-1,-1
372,-1,365,75,10,12,0.54,2,-1,-1
373,-1,321,80,12,20,0.76,7,-1,-1
373,-1,330,97,12,12,0.74,2,-1,-1
373,-1,365,74,10,12,0.58,2,-1,-1
374,-1,320,80,13,20,0.80,7,-1,-1
374,-1,330,98,12,12,0.79,2,-1,-1
374,-1,365,74,10,12,0.56,2,-1,-1
375,-1,320,81,14,20,0.78,7,-1,-1
375,-1,330,100,12,12,0.66,2,-1,-1
375,-1,365,74,10,12,0.54,2,-1,-1
376,-1,320,81,13,20,0.74,7,-1,-1
376,-1,330,100,12,12,0.72,2,-1,-1
376,-1,365,74,9,12,0.41,2,-1,-1
377,-1,318,82,14,20,0.76,7,-1,-1
377,-1,330,101,12,12,0.73,2,-1,-1
377,-1,365,74,9,12,0.41,2,-1,-1
378,-1,318,83,14,21,0.79,7,-1,-1
378,-1,330,103,12,12,0.73,2,-1,-1
378,-1,364,74,10,12,0.42,2,-1,-1
379,-1,328,103,13,13,0.79,2,-1,-1
379,-1,318,83,14,21,0.77,7,-1,-1
379,-1,364,74,10,12,0.42,2,-1,-1
380,-1,329,103,12,12,0.79,2,-1,-1
380,-1,318,84,14,21,0.79,7,-1,-1
380,-1,364,73,10,11,0.43,2,-1,-1
381,-1,328,104,13,14,0.82,2,-1,-1
381,-1,318,84,14,22,0.81,7,-1,-1
381,-1,364,73,10,11,0.37,2,-1,-1
382,-1,328,105,13,13,0.83,2,-1,-1
382,-1,318,84,14,22,0.81,7,-1,-1
382,-1,364,72,10,11,0.34,2,-1,-1
383,-1,317,84,15,22,0.84,7,-1,-1
383,-1,327,105,14,14,0.84,2,-1,-1
383,-1,364,72,10,11,0.29,2,-1,-1
384,-1,327,106,14,14,0.84,2,-1,-1
384,-1,317,84,14,22,0.83,7,-1,-1
384,-1,364,72,9,11,0.32,2,-1,-1
385,-1,326,108,14,14,0.84,2,-1,-1
385,-1,318,86,14,21,0.75,7,-1,-1
385,-1,364,72,10,11,0.32,2,-1,-1
386,-1,326,109,14,14,0.84,2,-1,-1
386,-1,317,86,14,22,0.77,7,-1,-1
386,-1,364,72,10,11,0.28,2,-1,-1
387,-1,326,110,14,14,0.83,2,-1,-1
387,-1,316,87,15,21,0.68,7,-1,-1
387,-1,364,72,10,11,0.32,2,-1,-1
388,-1,325,110,14,15,0.82,2,-1,-1
388,-1,316,87,15,22,0.71,7,-1,-1
388,-1,364,72,10,11,0.25,2,-1,-1
389,-1,325,112,14,15,0.84,2,-1,-1
389,-1,314,88,16,22,0.68,7,-1,-1
389,-1,362,71,10,12,0.11,2,-1,-1
390,-1,324,113,14,15,0.85,2,-1,-1
390,-1,314,88,16,22,0.72,7,-1,-1
390,-1,362,71,10,12,0.12,2,-1,-1
391,-1,323,114,15,15,0.85,2,-1,-1
391,-1,313,88,17,23,0.82,7,-1,-1
391,-1,362,71,10,12,0.13,2,-1,-1
392,-1,323,115,14,14,0.85,2,-1,-1
392,-1,313,88,17,23,0.82,7,-1,-1
392,-1,362,71,10,11,0.13,2,-1,-1
393,-1,323,117,15,15,0.85,2,-1,-1
393,-1,313,88,17,24,0.84,7,-1,-1
393,-1,362,71,10,11,0.13,2,-1,-1
394,-1,312,89,17,24,0.85,7,-1,-1
394,-1,322,118,15,16,0.84,2,-1,-1
395,-1,312,89,18,24,0.84,7,-1,-1
395,-1,322,119,15,16,0.83,2,-1,-1
396,-1,312,90,18,24,0.84,7,-1,-1
396,-1,321,120,15,15,0.83,2,-1,-1
397,-1,320,122,16,15,0.85,2,-1,-1
397,-1,311,90,17,25,0.84,7,-1,-1
398,-1,310,90,18,26,0.85,7,-1,-1
398,-1,320,123,16,16,0.84,2,-1,-1
399,-1,310,91,17,26,0.85,7,-1,-1
399,-1,318,125,16,16,0.82,2,-1,-1
400,-1,309,92,18,26,0.86,7,-1,-1
400,-1,318,126,15,16,0.84,2,-1,-1
401,-1,308,92,19,27,0.87,7,-1,-1
401,-1,316,128,17,16,0.86,2,-1,-1
402,-1,308,92,19,28,0.87,7,-1,-1
402,-1,316,130,17,16,0.86,2,-1,-1
402,-1,336,83,9,10,0.16,2,-1,-1
403,-1,307,93,20,29,0.86,7,-1,-1
403,-1,315,132,17,16,0.84,2,-1,-1
403,-1,336,82,9,10,0.11,2,-1,-1
404,-1,306,94,20,29,0.86,7,-1,-1
404,-1,314,134,18,18,0.84,2,-1,-1
404,-1,336,82,9,10,0.22,2,-1,-1
405,-1,306,95,20,28,0.86,7,-1,-1
405,-1,312,136,18,17,0.85,2,-1,-1
405,-1,336,81,9,10,0.19,2,-1,-1
406,-1,305,95,20,28,0.86,7,-1,-1
406,-1,312,137,18,18,0.85,2,-1,-1
407,-1,304,96,21,29,0.87,7,-1,-1
407,-1,310,141,18,18,0.85,2,-1,-1
408,-1,303,98,21,29,0.86,7,-1,-1
408,-1,308,145,19,19,0.86,2,-1,-1
408,-1,336,83,10,10,0.18,2,-1,-1
409,-1,303,98,20,29,0.86,7,-1,-1
409,-1,308,145,19,18,0.85,2,-1,-1
409,-1,336,84,10,11,0.29,2,-1,-1
410,-1,302,99,20,30,0.86,7,-1,-1
410,-1,307,147,19,18,0.85,2,-1,-1
410,-1,335,84,10,12,0.27,2,-1,-1
411,-1,301,98,22,31,0.87,7,-1,-1
411,-1,306,151,19,19,0.86,2,-1,-1
411,-1,334,86,11,15,0.54,2,-1,-1
412,-1,300,98,22,32,0.87,7,-1,-1
412,-1,304,152,20,20,0.85,2,-1,-1
412,-1,334,86,11,15,0.54,2,-1,-1
413,-1,300,100,22,31,0.88,7,-1,-1
413,-1,302,157,20,20,0.87,2,-1,-1
413,-1,335,86,10,12,0.60,2,-1,-1
414,-1,300,101,22,31,0.87,7,-1,-1
414,-1,302,159,20,20,0.86,2,-1,-1
414,-1,335,86,10,13,0.55,2,-1,-1
415,-1,299,102,22,31,0.87,7,-1,-1
415,-1,299,164,21,21,0.86,2,-1,-1
415,-1,332,91,12,15,0.50,2,-1,-1
416,-1,298,102,22,31,0.87,7,-1,-1
416,-1,298,166,22,22,0.85,2,-1,-1
416,-1,332,92,11,14,0.51,2,-1,-1
417,-1,296,171,22,22,0.87,2,-1,-1
417,-1,296,103,24,32,0.86,7,-1,-1
417,-1,332,90,12,16,0.54,2,-1,-1
418,-1,296,104,24,33,0.86,7,-1,-1
418,-1,294,174,22,23,0.86,2,-1,-1
418,-1,332,90,12,16,0.50,2,-1,-1
419,-1,291,178,23,25,0.88,2,-1,-1
419,-1,294,106,24,33,0.87,7,-1,-1
419,-1,332,95,12,13,0.57,2,-1,-1
419,-1,329,84,8,8,0.14,2,-1,-1
420,-1,293,107,24,32,0.88,7,-1,-1
420,-1,289,182,24,25,0.86,2,-1,-1
420,-1,331,96,12,13,0.54,2,-1,-1
420,-1,328,83,8,9,0.45,2,-1,-1
421,-1,292,106,24,34,0.89,7,-1,-1
421,-1,286,188,26,27,0.86,2,-1,-1
421,-1,328,82,8,9,0.49,2,-1,-1
421,-1,331,97,11,12,0.47,2,-1,-1
421,-1,334,89,10,10,0.14,2,-1,-1
422,-1,291,107,26,35,0.88,7,-1,-1
422,-1,284,192,26,28,0.88,2,-1,-1
422,-1,332,97,11,12,0.45,2,-1,-1
422,-1,328,83,8,8,0.35,2,-1,-1
423,-1,280,198,28,30,0.88,2,-1,-1
423,-1,290,108,26,36,0.87,7,-1,-1
423,-1,331,96,12,14,0.59,2,-1,-1
423,-1,327,83,8,8,0.44,2,-1,-1
424,-1,278,204,29,31,0.88,2,-1,-1
424,-1,289,109,26,36,0.87,7,-1,-1
424,-1,331,95,12,16,0.48,2,-1,-1
424,-1,328,84,8,8,0.23,2,-1,-1
425,-1,272,213,32,33,0.88,2,-1,-1
425,-1,288,111,26,37,0.88,7,-1,-1
425,-1,332,91,12,14,0.49,2,-1,-1
425,-1,327,84,8,9,0.44,2,-1,-1
426,-1,270,218,32,35,0.89,2,-1,-1
426,-1,287,111,27,37,0.88,7,-1,-1
426,-1,330,100,12,12,0.61,2,-1,-1
426,-1,327,84,8,9,0.42,2,-1,-1
426,-1,334,88,11,12,0.19,2,-1,-1
427,-1,265,227,34,39,0.90,2,-1,-1
427,-1,285,112,28,39,0.87,7,-1,-1
427,-1,332,91,12,13,0.46,2,-1,-1
428,-1,421,446,70,80,0.92,2,-1,-1
428,-1,261,234,36,42,0.89,2,-1,-1
428,-1,284,113,28,39,0.88,7,-1,-1
428,-1,333,91,11,12,0.60,2,-1,-1
428,-1,328,104,12,12,0.52,2,-1,-1
429,-1,414,404,62,68,0.92,2,-1,-1
429,-1,255,246,38,47,0.90,2,-1,-1
429,-1,283,113,28,41,0.89,7,-1,-1
429,-1,328,104,13,12,0.53,2,-1,-1
429,-1,332,92,12,12,0.40,2,-1,-1
429,-1,327,88,9,9,0.32,2,-1,-1
430,-1,410,382,57,61,0.91,2,-1,-1
430,-1,250,256,41,49,0.89,2,-1,-1
430,-1,282,113,29,42,0.89,7,-1,-1
430,-1,331,93,12,13,0.40,2,-1,-1
430,-1,327,88,9,9,0.24,2,-1,-1
431,-1,406,351,52,54,0.91,2,-1,-1
431,-1,242,272,45,55,0.90,2,-1,-1
431,-1,280,115,30,43,0.89,7,-1,-1
431,-1,332,94,11,12,0.41,2,-1,-1
431,-1,328,105,12,13,0.38,2,-1,-1
431,-1,326,88,9,9,0.16,2,-1,-1
432,-1,235,284,48,60,0.91,2,-1,-1
432,-1,403,334,48,49,0.90,2,-1,-1
432,-1,280,115,30,45,0.89,7,-1,-1
432,-1,327,108,12,12,0.59,2,-1,-1
432,-1,332,93,11,12,0.51,2,-1,-1
433,-1,223,307,53,66,0.92,2,-1,-1
433,-1,400,309,44,45,0.89,2,-1,-1
433,-1,277,117,31,45,0.89,7,-1,-1
433,-1,327,109,12,12,0.65,2,-1,-1
433,-1,333,95,10,11,0.54,2,-1,-1
434,-1,216,323,56,72,0.92,2,-1,-1
434,-1,398,297,42,42,0.90,2,-1,-1
434,-1,276,118,31,46,0.89,7,-1,-1
434,-1,327,110,12,12,0.63,2,-1,-1
434,-1,332,95,11,11,0.47,2,-1,-1
434,-1,326,88,10,10,0.11,2,-1,-1
435,-1,200,352,63,84,0.93,2,-1,-1
435,-1,393,278,40,39,0.90,2,-1,-1
435,-1,274,119,32,47,0.89,7,-1,-1
435,-1,326,110,13,12,0.66,2,-1,-1
435,-1,329,96,13,11,0.41,2,-1,-1
435,-1,326,88,11,10,0.13,2,-1,-1
436,-1,190,375,67,94,0.93,2,-1,-1
436,-1,392,268,39,37,0.89,2,-1,-1
436,-1,273,122,32,46,0.89,7,-1,-1
436,-1,329,96,13,12,0.69,2,-1,-1
436,-1,326,111,14,12,0.51,2,-1,-1
437,-1,170,418,76,110,0.94,2,-1,-1
437,-1,270,122,35,50,0.90,7,-1,-1
437,-1,389,254,36,34,0.88,2,-1,-1
437,-1,330,97,12,12,0.67,2,-1,-1
437,-1,325,112,14,13,0.64,2,-1,-1
438,-1,269,122,35,52,0.90,7,-1,-1
438,-1,388,245,34,33,0.89,2,-1,-1
438,-1,325,112,14,14,0.70,2,-1,-1
438,-1,330,98,12,12,0.69,2,-1,-1
439,-1,266,124,36,53,0.90,7,-1,-1
439,-1,386,232,31,32,0.88,2,-1,-1
439,-1,324,113,14,14,0.71,2,-1,-1
439,-1,330,99,12,11,0.66,2,-1,-1
440,-1,264,126,37,54,0.89,7,-1,-1
440,-1,384,226,32,30,0.88,2,-1,-1
440,-1,328,99,13,13,0.69,2,-1,-1
440,-1,324,115,15,13,0.31,2,-1,-1
441,-1,262,128,39,56,0.90,7,-1,-1
441,-1,383,218,31,28,0.89,2,-1,-1
441,-1,328,100,12,13,0.79,2,-1,-1
441,-1,322,116,15,14,0.75,2,-1,-1
442,-1,260,129,40,57,0.91,7,-1,-1
442,-1,382,213,27,26,0.87,2,-1,-1
442,-1,322,115,16,15,0.69,2,-1,-1
442,-1,328,101,12,12,0.68,2,-1,-1
443,-1,257,132,41,59,0.90,7,-1,-1
443,-1,381,205,26,26,0.87,2,-1,-1
443,-1,322,112,16,19,0.64,2,-1,-1
443,-1,326,102,13,12,0.59,2,-1,-1
443,-1,324,94,12,9,0.38,2,-1,-1
443,-1,326,84,10,10,0.11,2,-1,-1
444,-1,254,132,43,60,0.91,7,-1,-1
444,-1,380,201,26,25,0.89,2,-1,-1
444,-1,322,114,16,18,0.72,2,-1,-1
444,-1,327,103,13,12,0.55,2,-1,-1
444,-1,324,95,12,9,0.38,2,-1,-1
444,-1,326,84,9,9,0.10,2,-1,-1
445,-1,252,135,43,62,0.91,7,-1,-1
445,-1,379,194,26,24,0.90,2,-1,-1
445,-1,322,118,16,16,0.75,2,-1,-1
445,-1,326,103,14,14,0.65,2,-1,-1
445,-1,324,95,12,10,0.18,2,-1,-1
446,-1,249,136,45,64,0.91,7,-1,-1
446,-1,378,190,25,23,0.88,2,-1,-1
446,-1,320,119,17,17,0.76,2,-1,-1
446,-1,325,104,14,14,0.62,2,-1,-1
446,-1,323,96,12,10,0.35,2,-1,-1
447,-1,246,138,48,66,0.92,7,-1,-1
447,-1,377,183,23,23,0.86,2,-1,-1
447,-1,320,120,17,17,0.80,2,-1,-1
447,-1,325,104,14,14,0.72,2,-1,-1
447,-1,323,96,12,10,0.19,2,-1,-1
448,-1,516,442,76,78,0.92,2,-1,-1
448,-1,243,141,48,68,0.91,7,-1,-1
448,-1,376,180,23,23,0.88,2,-1,-1
448,-1,319,121,17,18,0.81,2,-1,-1
448,-1,324,103,14,16,0.68,2,-1,-1
449,-1,500,402,68,68,0.92,2,-1,-1
449,-1,239,144,50,71,0.91,7,-1,-1
449,-1,376,176,22,21,0.86,2,-1,-1
449,-1,318,122,17,18,0.85,2,-1,-1
449,-1,325,105,13,15,0.75,2,-1,-1
449,-1,332,96,10,9,0.20,2,-1,-1
449,-1,326,84,8,8,0.11,2,-1,-1
450,-1,492,379,62,60,0.90,2,-1,-1
450,-1,236,145,52,74,0.90,7,-1,-1
450,-1,374,172,22,21,0.88,2,-1,-1
450,-1,318,124,17,18,0.85,2,-1,-1
450,-1,324,106,13,15,0.74,2,-1,-1
450,-1,332,96,10,9,0.27,2,-1,-1
450,-1,326,84,8,8,0.14,2,-1,-1
451,-1,231,149,54,76,0.92,7,-1,-1
451,-1,480,350,56,53,0.90,2,-1,-1
451,-1,374,167,20,21,0.87,2,-1,-1
451,-1,317,126,17,19,0.86,2,-1,-1
451,-1,324,105,14,17,0.83,2,-1,-1
451,-1,332,96,10,9,0.29,2,-1,-1
451,-1,325,85,8,8,0.22,2,-1,-1
452,-1,227,151,58,80,0.92,7,-1,-1
452,-1,474,333,53,50,0.90,2,-1,-1
452,-1,374,164,20,20,0.89,2,-1,-1
452,-1,316,127,18,18,0.86,2,-1,-1
452,-1,323,107,14,17,0.84,2,-1,-1
452,-1,332,98,10,9,0.30,2,-1,-1
452,-1,325,85,8,8,0.19,2,-1,-1
453,-1,221,154,61,84,0.91,7,-1,-1
453,-1,464,310,48,46,0.90,2,-1,-1
453,-1,372,161,20,19,0.88,2,-1,-1
453,-1,314,129,19,19,0.85,2,-1,-1
453,-1,322,107,14,18,0.83,2,-1,-1
453,-1,324,85,9,9,0.52,2,-1,-1
453,-1,332,100,10,8,0.31,2,-1,-1
454,-1,218,158,62,85,0.92,7,-1,-1
454,-1,458,296,45,42,0.90,2,-1,-1
454,-1,372,159,20,19,0.88,2,-1,-1
454,-1,314,130,19,20,0.84,2,-1,-1
454,-1,322,108,14,18,0.83,2,-1,-1
454,-1,324,85,9,9,0.18,2,-1,-1
455,-1,211,162,66,90,0.92,7,-1,-1
455,-1,450,278,42,40,0.90,2,-1,-1
455,-1,370,155,20,19,0.88,2,-1,-1
455,-1,313,132,19,20,0.87,2,-1,-1
455,-1,322,108,14,18,0.82,2,-1,-1
456,-1,207,164,68,96,0.92,7,-1,-1
456,-1,448,268,38,37,0.89,2,-1,-1
456,-1,370,152,19,18,0.88,2,-1,-1
456,-1,313,134,18,20,0.87,2,-1,-1
456,-1,322,109,14,19,0.82,2,-1,-1
457,-1,199,168,74,102,0.93,7,-1,-1
457,-1,370,150,19,18,0.88,2,-1,-1
457,-1,440,255,38,34,0.88,2,-1,-1
457,-1,310,135,20,22,0.85,2,-1,-1
457,-1,321,112,14,18,0.82,2,-1,-1
457,-1,324,87,9,10,0.19,2,-1,-1
457,-1,328,104,12,9,0.15,2,-1,-1
458,-1,194,172,78,106,0.92,7,-1,-1
458,-1,436,246,36,33,0.89,2,-1,-1
458,-1,369,147,19,18,0.88,2,-1,-1
458,-1,309,137,20,22,0.86,2,-1,-1
458,-1,320,113,15,19,0.80,2,-1,-1
458,-1,324,87,9,10,0.34,2,-1,-1
458,-1,326,104,13,10,0.30,2,-1,-1
459,-1,184,177,86,113,0.93,7,-1,-1
459,-1,308,138,21,23,0.88,2,-1,-1
459,-1,368,143,19,19,0.87,2,-1,-1
459,-1,432,235,33,31,0.87,2,-1,-1
459,-1,320,112,15,20,0.79,2,-1,-1
459,-1,324,87,9,10,0.42,2,-1,-1
459,-1,326,105,12,10,0.20,2,-1,-1
460,-1,177,181,87,118,0.93,7,-1,-1
460,-1,429,228,32,30,0.88,2,-1,-1
460,-1,368,142,18,18,0.87,2,-1,-1
460,-1,308,142,20,22,0.87,2,-1,-1
460,-1,320,115,15,19,0.81,2,-1,-1
460,-1,328,104,11,10,0.21,2,-1,-1
460,-1,323,88,9,10,0.21,2,-1,-1
461,-1,167,186,95,130,0.93,7,-1,-1
461,-1,368,141,17,16,0.87,2,-1,-1
461,-1,306,145,20,22,0.86,2,-1,-1
461,-1,426,220,30,28,0.86,2,-1,-1
461,-1,319,116,15,19,0.82,2,-1,-1
461,-1,323,90,10,9,0.11,2,-1,-1
462,-1,158,191,101,137,0.92,7,-1,-1
462,-1,305,146,21,23,0.87,2,-1,-1
462,-1,368,139,17,16,0.87,2,-1,-1
462,-1,423,213,28,28,0.87,2,-1,-1
462,-1,318,118,16,18,0.79,2,-1,-1
462,-1,323,90,10,9,0.26,2,-1,-1
462,-1,322,109,15,11,0.25,2,-1,-1
463,-1,145,198,112,150,0.93,7,-1,-1
463,-1,367,136,17,16,0.87,2,-1,-1
463,-1,419,207,28,25,0.86,2,-1,-1
463,-1,304,151,20,22,0.85,2,-1,-1
463,-1,317,123,16,16,0.84,2,-1,-1
463,-1,324,109,14,12,0.47,2,-1,-1
464,-1,135,202,118,160,0.93,7,-1,-1
464,-1,417,203,26,24,0.88,2,-1,-1
464,-1,304,153,20,22,0.87,2,-1,-1
464,-1,367,134,17,17,0.87,2,-1,-1
464,-1,316,124,16,17,0.84,2,-1,-1
464,-1,322,111,13,12,0.67,2,-1,-1
464,-1,322,90,10,9,0.16,2,-1,-1
465,-1,119,211,129,177,0.93,7,-1,-1
465,-1,301,156,22,24,0.88,2,-1,-1
465,-1,415,195,25,24,0.87,2,-1,-1
465,-1,366,132,16,16,0.87,2,-1,-1
465,-1,316,125,16,18,0.83,2,-1,-1
465,-1,321,90,10,10,0.51,2,-1,-1
465,-1,321,114,12,11,0.49,2,-1,-1
466,-1,106,216,136,191,0.93,7,-1,-1
466,-1,366,131,15,16,0.88,2,-1,-1
466,-1,413,192,24,22,0.87,2,-1,-1
466,-1,300,158,22,24,0.87,2,-1,-1
466,-1,315,126,16,18,0.86,2,-1,-1
466,-1,321,90,10,10,0.54,2,-1,-1
466,-1,328,110,12,12,0.46,2,-1,-1
467,-1,85,223,154,218,0.92,7,-1,-1
467,-1,366,130,15,15,0.88,2,-1,-1
467,-1,298,163,22,24,0.87,2,-1,-1
467,-1,410,187,23,20,0.87,2,-1,-1
467,-1,314,129,16,18,0.84,2,-1,-1
467,-1,322,115,12,12,0.70,2,-1,-1
467,-1,321,91,10,10,0.51,2,-1,-1
468,-1,68,232,166,236,0.91,7,-1,-1
468,-1,366,128,15,16,0.87,2,-1,-1
468,-1,296,166,23,25,0.87,2,-1,-1
468,-1,408,182,23,22,0.87,2,-1,-1
468,-1,312,130,17,19,0.86,2,-1,-1
468,-1,321,115,13,13,0.62,2,-1,-1
468,-1,320,92,10,10,0.49,2,-1,-1
469,-1,39,242,185,270,0.93,7,-1,-1
469,-1,365,126,15,15,0.88,2,-1,-1
469,-1,408,178,21,20,0.88,2,-1,-1
469,-1,295,171,23,25,0.87,2,-1,-1
469,-1,312,132,17,19,0.86,2,-1,-1
469,-1,320,118,14,12,0.82,2,-1,-1
469,-1,320,92,10,11,0.77,2,-1,-1
470,-1,406,175,22,19,0.88,2,-1,-1
470,-1,364,124,15,16,0.88,2,-1,-1
470,-1,293,174,24,26,0.87,2,-1,-1
470,-1,311,134,17,19,0.85,2,-1,-1
470,-1,320,118,14,13,0.79,2,-1,-1
470,-1,320,92,10,11,0.74,2,-1,-1
471,-1,290,178,25,28,0.89,2,-1,-1
471,-1,404,171,21,18,0.88,2,-1,-1
471,-1,363,122,16,16,0.87,2,-1,-1
471,-1,310,136,18,20,0.85,2,-1,-1
471,-1,320,121,13,12,0.84,2,-1,-1
471,-1,319,93,10,12,0.80,2,-1,-1
472,-1,308,138,18,21,0.87,2,-1,-1
472,-1,288,182,26,28,0.87,2,-1,-1
472,-1,363,121,16,16,0.87,2,-1,-1
472,-1,402,168,21,17,0.86,2,-1,-1
472,-1,319,121,14,13,0.84,2,-1,-1
472,-1,319,93,10,12,0.80,2,-1,-1
473,-1,308,141,18,20,0.87,2,-1,-1
473,-1,401,164,20,17,0.87,2,-1,-1
473,-1,286,188,26,29,0.87,2,-1,-1
473,-1,363,120,15,15,0.86,2,-1,-1
473,-1,318,94,11,12,0.81,2,-1,-1
473,-1,318,123,14,12,0.80,2,-1,-1
474,-1,283,192,28,30,0.88,2,-1,-1
474,-1,400,161,19,18,0.87,2,-1,-1
474,-1,307,143,18,20,0.85,2,-1,-1
474,-1,362,119,15,15,0.84,2,-1,-1
474,-1,318,123,14,14,0.80,2,-1,-1
474,-1,319,94,10,12,0.74,2,-1,-1
475,-1,279,198,30,32,0.87,2,-1,-1
475,-1,305,145,18,22,0.87,2,-1,-1
475,-1,399,159,18,16,0.86,2,-1,-1
475,-1,362,118,15,15,0.85,2,-1,-1
475,-1,317,125,15,15,0.81,2,-1,-1
475,-1,318,96,11,12,0.73,2,-1,-1
476,-1,277,202,30,34,0.88,2,-1,-1
476,-1,304,147,20,22,0.88,2,-1,-1
476,-1,398,155,18,18,0.87,2,-1,-1
476,-1,362,116,15,15,0.85,2,-1,-1
476,-1,316,126,16,14,0.79,2,-1,-1
476,-1,318,96,11,12,0.62,2,-1,-1
477,-1,528,449,81,79,0.92,2,-1,-1
477,-1,274,210,31,36,0.87,2,-1,-1
477,-1,395,152,19,16,0.87,2,-1,-1
477,-1,302,150,20,23,0.86,2,-1,-1
477,-1,362,115,15,15,0.84,2,-1,-1
477,-1,316,129,14,14,0.79,2,-1,-1
477,-1,317,98,11,12,0.71,2,-1,-1
478,-1,517,420,74,74,0.92,2,-1,-1
478,-1,270,216,32,36,0.89,2,-1,-1
478,-1,302,153,20,23,0.88,2,-1,-1
478,-1,394,150,19,16,0.87,2,-1,-1
478,-1,362,114,14,14,0.84,2,-1,-1
478,-1,315,130,15,14,0.80,2,-1,-1
478,-1,317,97,11,12,0.68,2,-1,-1
479,-1,502,382,65,66,0.91,2,-1,-1
479,-1,264,224,35,40,0.89,2,-1,-1
479,-1,300,157,20,24,0.87,2,-1,-1
479,-1,393,146,17,16,0.86,2,-1,-1
479,-1,361,113,14,14,0.83,2,-1,-1
479,-1,313,132,16,14,0.79,2,-1,-1
479,-1,316,98,12,13,0.71,2,-1,-1
479,-1,322,125,12,12,0.48,2,-1,-1
480,-1,492,360,60,62,0.92,2,-1,-1
480,-1,261,232,36,42,0.89,2,-1,-1
480,-1,392,145,17,16,0.86,2,-1,-1
480,-1,298,159,22,24,0.86,2,-1,-1
480,-1,361,112,14,14,0.83,2,-1,-1
480,-1,312,134,16,15,0.81,2,-1,-1
480,-1,316,98,12,13,0.75,2,-1,-1
480,-1,322,126,13,13,0.37,2,-1,-1
481,-1,255,242,38,45,0.90,2,-1,-1
481,-1,480,334,54,55,0.89,2,-1,-1
481,-1,296,162,22,26,0.87,2,-1,-1
481,-1,390,142,17,16,0.85,2,-1,-1
481,-1,312,137,16,16,0.84,2,-1,-1
481,-1,361,111,13,14,0.83,2,-1,-1
481,-1,322,130,12,12,0.46,2,-1,-1
481,-1,316,101,11,12,0.26,2,-1,-1
482,-1,473,317,51,53,0.91,2,-1,-1
482,-1,249,252,40,46,0.90,2,-1,-1
482,-1,294,165,23,27,0.88,2,-1,-1
482,-1,390,141,17,16,0.86,2,-1,-1
482,-1,360,110,14,14,0.85,2,-1,-1
482,-1,311,137,16,16,0.85,2,-1,-1
482,-1,314,101,12,12,0.76,2,-1,-1
482,-1,330,70,8,10,0.13,7,-1,-1
483,-1,464,298,46,46,0.91,2,-1,-1
483,-1,238,264,46,54,0.90,2,-1,-1
483,-1,290,170,24,28,0.89,2,-1,-1
483,-1,389,138,17,15,0.87,2,-1,-1
483,-1,310,140,16,16,0.86,2,-1,-1
483,-1,360,109,14,14,0.86,2,-1,-1
483,-1,314,101,12,12,0.76,2,-1,-1
483,-1,321,131,12,13,0.73,2,-1,-1
483,-1,330,70,8,10,0.13,7,-1,-1
484,-1,458,286,45,44,0.90,2,-1,-1
484,-1,236,277,46,56,0.90,2,-1,-1
484,-1,288,173,25,29,0.89,2,-1,-1
484,-1,388,137,17,15,0.87,2,-1,-1
484,-1,309,142,17,17,0.85,2,-1,-1
484,-1,360,108,13,13,0.85,2,-1,-1
484,-1,314,102,12,12,0.74,2,-1,-1
484,-1,320,133,13,13,0.61,2,-1,-1
484,-1,330,70,8,11,0.11,7,-1,-1
485,-1,225,296,50,62,0.92,2,-1,-1
485,-1,450,270,42,40,0.90,2,-1,-1
485,-1,286,178,26,30,0.89,2,-1,-1
485,-1,386,134,17,15,0.86,2,-1,-1
485,-1,360,107,14,13,0.85,2,-1,-1
485,-1,308,146,17,16,0.85,2,-1,-1
485,-1,313,103,12,13,0.75,2,-1,-1
485,-1,318,134,14,15,0.67,2,-1,-1
486,-1,218,312,54,66,0.92,2,-1,-1
486,-1,445,258,39,40,0.90,2,-1,-1
486,-1,283,183,28,31,0.88,2,-1,-1
486,-1,386,133,16,15,0.85,2,-1,-1
486,-1,307,149,17,16,0.84,2,-1,-1
486,-1,360,107,14,13,0.84,2,-1,-1
486,-1,317,134,15,16,0.84,2,-1,-1
486,-1,312,103,13,14,0.80,2,-1,-1
487,-1,204,336,59,75,0.92,2,-1,-1
487,-1,280,188,28,34,0.90,2,-1,-1
487,-1,439,247,36,36,0.89,2,-1,-1
487,-1,317,137,15,16,0.87,2,-1,-1
487,-1,305,151,18,17,0.85,2,-1,-1
487,-1,385,130,16,15,0.85,2,-1,-1
487,-1,360,105,13,13,0.84,2,-1,-1
487,-1,312,104,12,13,0.81,2,-1,-1
487,-1,330,70,8,10,0.10,7,-1,-1
488,-1,193,355,65,82,0.92,2,-1,-1
488,-1,276,192,30,34,0.90,2,-1,-1
488,-1,434,239,36,34,0.89,2,-1,-1
488,-1,304,153,18,18,0.85,2,-1,-1
488,-1,384,129,17,15,0.84,2,-1,-1
488,-1,360,105,12,12,0.84,2,-1,-1
488,-1,316,139,16,16,0.83,2,-1,-1
488,-1,312,105,12,14,0.82,2,-1,-1
488,-1,330,70,8,11,0.11,7,-1,-1
489,-1,176,388,72,96,0.92,2,-1,-1
489,-1,430,229,34,32,0.89,2,-1,-1
489,-1,273,198,31,37,0.88,2,-1,-1
489,-1,311,106,13,14,0.86,2,-1,-1
489,-1,302,157,18,18,0.85,2,-1,-1
489,-1,314,143,16,15,0.84,2,-1,-1
489,-1,384,126,16,16,0.84,2,-1,-1
489,-1,360,104,12,12,0.81,2,-1,-1
489,-1,329,70,9,11,0.18,7,-1,-1
490,-1,161,415,80,108,0.93,2,-1,-1
490,-1,270,204,32,40,0.90,2,-1,-1
490,-1,426,222,31,32,0.88,2,-1,-1
490,-1,301,159,19,18,0.86,2,-1,-1
490,-1,314,146,16,14,0.86,2,-1,-1
490,-1,311,106,12,14,0.85,2,-1,-1
490,-1,383,125,16,15,0.85,2,-1,-1
490,-1,360,104,12,12,0.81,2,-1,-1
490,-1,330,71,8,11,0.30,7,-1,-1
491,-1,264,212,35,42,0.90,2,-1,-1
491,-1,422,213,30,30,0.88,2,-1,-1
491,-1,382,123,15,14,0.87,2,-1,-1
491,-1,298,164,20,18,0.86,2,-1,-1
491,-1,310,108,12,14,0.85,2,-1,-1
491,-1,312,149,17,16,0.83,2,-1,-1
491,-1,360,102,12,12,0.82,2,-1,-1
491,-1,330,71,8,10,0.28,7,-1,-1
492,-1,262,218,36,44,0.90,2,-1,-1
492,-1,419,208,30,30,0.87,2,-1,-1
492,-1,382,123,14,14,0.87,2,-1,-1
492,-1,297,166,20,20,0.86,2,-1,-1
492,-1,309,108,12,15,0.85,2,-1,-1
492,-1,311,151,17,16,0.84,2,-1,-1
492,-1,360,102,12,12,0.83,2,-1,-1
492,-1,330,71,8,10,0.24,7,-1,-1
493,-1,255,226,38,49,0.90,2,-1,-1
493,-1,294,170,21,20,0.88,2,-1,-1
493,-1,416,200,27,29,0.87,2,-1,-1
493,-1,382,122,15,14,0.87,2,-1,-1
493,-1,308,153,18,17,0.87,2,-1,-1
493,-1,308,110,13,14,0.84,2,-1,-1
493,-1,359,101,11,12,0.80,2,-1,-1
493,-1,330,71,9,12,0.34,7,-1,-1
494,-1,250,235,41,51,0.90,2,-1,-1
494,-1,293,174,21,21,0.88,2,-1,-1
494,-1,380,120,15,14,0.87,2,-1,-1
494,-1,414,196,26,28,0.87,2,-1,-1
494,-1,308,157,18,16,0.84,2,-1,-1
494,-1,308,111,14,14,0.84,2,-1,-1
494,-1,359,100,11,12,0.82,2,-1,-1
494,-1,329,71,9,11,0.28,7,-1,-1
495,-1,242,247,44,56,0.90,2,-1,-1
495,-1,412,190,24,26,0.88,2,-1,-1
495,-1,290,179,23,22,0.88,2,-1,-1
495,-1,306,160,19,18,0.87,2,-1,-1
495,-1,381,119,14,14,0.87,2,-1,-1
495,-1,307,112,13,14,0.84,2,-1,-1
495,-1,359,99,12,12,0.80,2,-1,-1
495,-1,329,71,9,12,0.33,7,-1,-1
496,-1,237,256,46,60,0.92,2,-1,-1
496,-1,304,162,20,18,0.87,2,-1,-1
496,-1,380,118,14,14,0.87,2,-1,-1
496,-1,410,189,23,22,0.86,2,-1,-1
496,-1,287,183,24,23,0.86,2,-1,-1
496,-1,305,112,14,15,0.85,2,-1,-1
496,-1,359,99,12,12,0.82,2,-1,-1
496,-1,328,72,10,12,0.38,7,-1,-1
497,-1,226,270,52,69,0.90,2,-1,-1
497,-1,284,189,24,24,0.88,2,-1,-1
497,-1,303,165,20,20,0.87,2,-1,-1
497,-1,380,116,14,13,0.87,2,-1,-1
497,-1,406,181,24,24,0.85,2,-1,-1
497,-1,304,114,15,16,0.85,2,-1,-1
497,-1,359,98,12,12,0.82,2,-1,-1
497,-1,328,71,10,12,0.37,7,-1,-1
498,-1,220,284,53,72,0.91,2,-1,-1
498,-1,405,177,22,23,0.89,2,-1,-1
498,-1,281,192,26,26,0.88,2,-1,-1
498,-1,379,115,14,14,0.86,2,-1,-1
498,-1,302,170,20,19,0.86,2,-1,-1
498,-1,304,114,15,16,0.85,2,-1,-1
498,-1,359,97,12,12,0.82,2,-1,-1
498,-1,328,71,10,12,0.35,7,-1,-1
499,-1,207,306,60,81,0.92,2,-1,-1
499,-1,276,198,28,28,0.88,2,-1,-1
499,-1,298,176,22,18,0.87,2,-1,-1
499,-1,402,173,22,22,0.87,2,-1,-1
499,-1,379,115,14,14,0.86,2,-1,-1
499,-1,303,116,15,14,0.85,2,-1,-1
499,-1,359,96,12,12,0.80,2,-1,-1
499,-1,328,72,10,12,0.31,7,-1,-1
500,-1,197,322,64,88,0.92,2,-1,-1
500,-1,400,169,22,22,0.87,2,-1,-1
500,-1,296,178,23,20,0.87,2,-1,-1
500,-1,275,203,28,30,0.86,2,-1,-1
500,-1,302,118,15,15,0.85,2,-1,-1
500,-1,378,113,14,14,0.83,2,-1,-1
500,-1,359,96,12,12,0.81,2,-1,-1
500,-1,328,72,10,12,0.18,7,-1,-1
501,-1,180,350,72,102,0.92,2,-1,-1
501,-1,270,212,30,32,0.89,2,-1,-1
501,-1,399,166,20,20,0.88,2,-1,-1
501,-1,294,182,24,22,0.86,2,-1,-1
501,-1,300,119,16,16,0.86,2,-1,-1
501,-1,377,112,14,14,0.81,2,-1,-1
501,-1,359,96,12,12,0.80,2,-1,-1
501,-1,328,72,9,12,0.20,2,-1,-1
502,-1,168,372,76,113,0.94,2,-1,-1
502,-1,292,186,24,24,0.89,2,-1,-1
502,-1,266,218,31,32,0.89,2,-1,-1
502,-1,398,163,20,21,0.88,2,-1,-1
502,-1,300,120,16,18,0.87,2,-1,-1
502,-1,359,95,11,11,0.79,2,-1,-1
502,-1,377,112,14,14,0.78,2,-1,-1
502,-1,328,72,9,11,0.28,2,-1,-1
503,-1,260,228,34,35,0.87,2,-1,-1
503,-1,397,160,18,20,0.87,2,-1,-1
503,-1,288,192,25,24,0.87,2,-1,-1
503,-1,298,121,16,18,0.86,2,-1,-1
503,-1,377,110,13,12,0.80,2,-1,-1
503,-1,358,94,11,11,0.78,2,-1,-1
503,-1,328,72,9,11,0.29,2,-1,-1
504,-1,256,236,35,37,0.88,2,-1,-1
504,-1,395,159,19,18,0.86,2,-1,-1
504,-1,286,195,25,28,0.85,2,-1,-1
504,-1,297,122,16,18,0.85,2,-1,-1
504,-1,377,110,14,13,0.80,2,-1,-1
504,-1,359,93,10,11,0.76,2,-1,-1
504,-1,328,72,10,12,0.32,7,-1,-1
505,-1,248,249,39,40,0.89,2,-1,-1
505,-1,282,203,27,28,0.88,2,-1,-1
505,-1,392,154,20,19,0.87,2,-1,-1
505,-1,296,125,16,17,0.85,2,-1,-1
505,-1,376,109,12,12,0.84,2,-1,-1
505,-1,359,93,10,10,0.64,2,-1,-1
505,-1,328,72,9,13,0.33,7,-1,-1
506,-1,244,257,40,44,0.90,2,-1,-1
506,-1,280,210,27,27,0.87,2,-1,-1
506,-1,392,152,19,18,0.86,2,-1,-1
506,-1,294,126,16,18,0.85,2,-1,-1
506,-1,376,108,12,12,0.83,2,-1,-1
506,-1,358,93,10,10,0.60,2,-1,-1
506,-1,327,72,10,13,0.24,7,-1,-1
507,-1,236,274,44,48,0.90,2,-1,-1
507,-1,276,218,28,30,0.87,2,-1,-1
507,-1,292,128,17,18,0.86,2,-1,-1
507,-1,390,149,19,18,0.85,2,-1,-1
507,-1,375,107,12,11,0.85,2,-1,-1
507,-1,358,92,10,10,0.64,2,-1,-1
507,-1,327,73,10,14,0.36,7,-1,-1
508,-1,229,286,46,52,0.90,2,-1,-1
508,-1,272,225,30,32,0.89,2,-1,-1
508,-1,291,129,18,19,0.86,2,-1,-1
508,-1,388,147,19,18,0.86,2,-1,-1
508,-1,375,107,11,11,0.84,2,-1,-1
508,-1,358,92,10,10,0.64,2,-1,-1
508,-1,327,73,10,14,0.37,7,-1,-1
509,-1,218,310,51,56,0.91,2,-1,-1
509,-1,266,236,32,34,0.89,2,-1,-1
509,-1,388,143,19,18,0.87,2,-1,-1
509,-1,289,132,18,19,0.86,2,-1,-1
509,-1,374,105,12,11,0.82,2,-1,-1
509,-1,358,91,10,10,0.52,2,-1,-1
509,-1,326,73,10,14,0.27,7,-1,-1
510,-1,208,325,56,62,0.93,2,-1,-1
510,-1,262,242,34,38,0.90,2,-1,-1
510,-1,387,142,18,18,0.87,2,-1,-1
510,-1,288,134,18,19,0.86,2,-1,-1
510,-1,374,105,11,12,0.79,2,-1,-1
510,-1,358,91,10,10,0.51,2,-1,-1
510,-1,326,73,10,14,0.28,2,-1,-1
511,-1,192,354,62,72,0.91,2,-1,-1
511,-1,256,256,36,40,0.89,2,-1,-1
511,-1,385,140,18,17,0.86,2,-1,-1
511,-1,286,136,19,20,0.84,2,-1,-1
511,-1,374,103,11,12,0.78,2,-1,-1
511,-1,358,90,10,10,0.60,2,-1,-1
511,-1,326,73,10,13,0.36,2,-1,-1
512,-1,181,376,66,81,0.92,2,-1,-1
512,-1,251,267,37,43,0.90,2,-1,-1
512,-1,284,138,19,21,0.86,2,-1,-1
512,-1,384,138,18,17,0.86,2,-1,-1
512,-1,374,103,11,11,0.73,2,-1,-1
512,-1,358,90,10,10,0.55,2,-1,-1
512,-1,326,73,10,14,0.29,2,-1,-1
513,-1,158,416,76,96,0.92,2,-1,-1
513,-1,241,284,42,48,0.90,2,-1,-1
513,-1,281,141,20,21,0.86,2,-1,-1
513,-1,384,135,18,17,0.85,2,-1,-1
513,-1,374,102,11,11,0.73,2,-1,-1
513,-1,358,90,10,10,0.57,2,-1,-1
513,-1,326,73,10,13,0.35,2,-1,-1
514,-1,235,297,44,52,0.90,2,-1,-1
514,-1,279,143,20,22,0.85,2,-1,-1
514,-1,383,134,18,16,0.83,2,-1,-1
514,-1,373,102,11,11,0.75,2,-1,-1
514,-1,325,74,11,17,0.67,7,-1,-1
514,-1,359,90,10,9,0.47,2,-1,-1
515,-1,223,320,48,58,0.91,2,-1,-1
515,-1,276,146,21,22,0.87,2,-1,-1
515,-1,382,133,18,16,0.84,2,-1,-1
515,-1,372,100,11,11,0.74,2,-1,-1
515,-1,325,74,11,16,0.58,7,-1,-1
515,-1,358,88,10,10,0.41,2,-1,-1
516,-1,214,338,52,64,0.91,2,-1,-1
516,-1,274,148,21,24,0.87,2,-1,-1
516,-1,381,132,18,16,0.84,2,-1,-1
516,-1,372,100,11,11,0.73,2,-1,-1
516,-1,325,74,11,16,0.58,7,-1,-1
516,-1,358,88,10,10,0.46,2,-1,-1
517,-1,198,370,60,73,0.91,2,-1,-1
517,-1,270,151,22,24,0.85,2,-1,-1
517,-1,381,128,16,16,0.85,2,-1,-1
517,-1,372,100,12,12,0.78,2,-1,-1
517,-1,358,87,10,10,0.49,2,-1,-1
517,-1,324,74,11,16,0.45,2,-1,-1
518,-1,186,395,66,81,0.91,2,-1,-1
518,-1,268,154,22,26,0.89,2,-1,-1
518,-1,381,128,16,15,0.85,2,-1,-1
518,-1,372,98,12,12,0.78,2,-1,-1
518,-1,324,74,11,16,0.49,2,-1,-1
518,-1,358,87,9,10,0.42,2,-1,-1
519,-1,164,439,75,96,0.92,2,-1,-1
519,-1,380,125,16,15,0.86,2,-1,-1
519,-1,264,158,23,25,0.85,2,-1,-1
519,-1,372,98,12,11,0.76,2,-1,-1
519,-1,324,74,11,15,0.55,2,-1,-1
519,-1,358,87,9,9,0.40,2,-1,-1
520,-1,262,161,24,26,0.89,2,-1,-1
520,-1,379,124,16,16,0.86,2,-1,-1
520,-1,372,97,12,11,0.75,2,-1,-1
520,-1,324,74,11,14,0.55,2,-1,-1
520,-1,358,87,9,9,0.42,2,-1,-1
521,-1,257,164,25,28,0.88,2,-1,-1
521,-1,378,122,16,16,0.87,2,-1,-1
521,-1,371,97,12,11,0.71,2,-1,-1
521,-1,324,75,11,14,0.59,2,-1,-1
521,-1,358,86,9,9,0.49,2,-1,-1
522,-1,255,168,24,29,0.86,2,-1,-1
522,-1,378,122,16,16,0.86,2,-1,-1
522,-1,371,96,12,11,0.64,2,-1,-1
522,-1,324,75,12,16,0.49,2,-1,-1
522,-1,358,86,9,9,0.48,2,-1,-1
523,-1,250,172,27,31,0.89,2,-1,-1
523,-1,378,120,16,15,0.84,2,-1,-1
523,-1,371,95,11,10,0.69,2,-1,-1
523,-1,324,75,12,16,0.48,2,-1,-1
523,-1,358,85,9,9,0.38,2,-1,-1
524,-1,247,176,27,32,0.88,2,-1,-1
524,-1,377,118,16,16,0.82,2,-1,-1
524,-1,371,95,11,10,0.65,2,-1,-1
524,-1,324,75,12,15,0.59,2,-1,-1
524,-1,358,85,9,9,0.37,2,-1,-1
525,-1,241,182,29,34,0.89,2,-1,-1
525,-1,376,117,16,15,0.83,2,-1,-1
525,-1,371,95,11,10,0.67,2,-1,-1
525,-1,324,76,12,15,0.59,2,-1,-1
525,-1,358,84,8,9,0.27,2,-1,-1
526,-1,237,187,30,35,0.89,2,-1,-1
526,-1,376,116,16,15,0.84,2,-1,-1
526,-1,370,94,11,10,0.66,2,-1,-1
526,-1,324,76,11,14,0.62,2,-1,-1
526,-1,358,84,8,9,0.35,2,-1,-1
527,-1,230,193,32,38,0.90,2,-1,-1
527,-1,376,115,15,15,0.85,2,-1,-1
527,-1,370,93,10,10,0.66,2,-1,-1
527,-1,323,76,12,17,0.56,2,-1,-1
527,-1,358,85,8,9,0.44,2,-1,-1
528,-1,225,198,33,40,0.89,2,-1,-1
528,-1,376,114,15,15,0.84,2,-1,-1
528,-1,370,93,10,10,0.60,2,-1,-1
528,-1,358,83,9,9,0.45,2,-1,-1
528,-1,323,76,12,18,0.43,7,-1,-1
529,-1,217,207,36,42,0.90,2,-1,-1
529,-1,376,113,14,14,0.85,2,-1,-1
529,-1,370,93,10,9,0.51,2,-1,-1
529,-1,358,83,8,9,0.45,2,-1,-1
529,-1,323,77,12,18,0.40,2,-1,-1
530,-1,210,214,38,45,0.90,2,-1,-1
530,-1,375,112,14,14,0.84,2,-1,-1
530,-1,322,77,12,17,0.50,2,-1,-1
530,-1,370,92,10,9,0.46,2,-1,-1
530,-1,358,82,8,9,0.34,2,-1,-1
531,-1,201,223,41,50,0.90,2,-1,-1
531,-1,375,112,14,14,0.80,2,-1,-1
531,-1,322,77,12,16,0.55,2,-1,-1
531,-1,370,92,10,9,0.41,2,-1,-1
531,-1,358,82,9,9,0.34,2,-1,-1
532,-1,193,231,42,52,0.91,2,-1,-1
532,-1,374,110,13,13,0.82,2,-1,-1
532,-1,322,77,12,16,0.59,2,-1,-1
532,-1,358,82,9,9,0.33,2,-1,-1
532,-1,370,92,10,9,0.32,2,-1,-1
533,-1,181,244,46,58,0.91,2,-1,-1
533,-1,374,110,13,13,0.83,2,-1,-1
533,-1,322,77,12,16,0.63,2,-1,-1
533,-1,358,81,8,9,0.22,2,-1,-1
533,-1,370,92,9,8,0.18,2,-1,-1
534,-1,172,255,48,62,0.92,2,-1,-1
534,-1,373,108,14,13,0.84,2,-1,-1
534,-1,322,78,12,15,0.64,2,-1,-1
534,-1,358,80,8,9,0.14,2,-1,-1
535,-1,156,270,54,72,0.92,2,-1,-1
535,-1,373,107,13,13,0.85,2,-1,-1
535,-1,322,78,12,15,0.66,2,-1,-1
535,-1,370,91,9,8,0.19,2,-1,-1
535,-1,358,80,9,10,0.16,2,-1,-1
536,-1,142,285,58,76,0.92,2,-1,-1
536,-1,372,106,13,13,0.81,2,-1,-1
536,-1,322,78,12,16,0.64,2,-1,-1
536,-1,370,91,10,8,0.16,2,-1,-1
536,-1,358,80,9,10,0.15,2,-1,-1
537,-1,120,310,66,86,0.92,2,-1,-1
537,-1,372,106,14,13,0.80,2,-1,-1
537,-1,321,78,13,20,0.68,2,-1,-1
537,-1,358,80,8,9,0.14,2,-1,-1
538,-1,103,328,71,96,0.93,2,-1,-1
538,-1,371,105,14,13,0.79,2,-1,-1
538,-1,320,79,14,20,0.73,2,-1,-1
538,-1,358,80,8,10,0.14,2,-1,-1
539,-1,73,362,82,111,0.92,2,-1,-1
539,-1,371,104,14,13,0.75,2,-1,-1
539,-1,320,80,14,19,0.73,2,-1,-1
540,-1,48,389,90,124,0.93,2,-1,-1
540,-1,370,102,14,13,0.74,2,-1,-1
540,-1,320,80,14,19,0.73,2,-1,-1
541,-1,370,102,14,13,0.74,2,-1,-1
541,-1,320,80,14,21,0.51,2,-1,-1
541,-1,368,87,9,9,0.22,2,-1,-1
542,-1,370,101,14,13,0.60,2,-1,-1
542,-1,320,80,14,21,0.58,2,-1,-1
543,-1,319,80,14,21,0.65,2,-1,-1
543,-1,370,101,13,12,0.58,2,-1,-1
544,-1,319,80,14,21,0.68,2,-1,-1
544,-1,370,99,14,13,0.56,2,-1,-1
545,-1,318,80,14,22,0.61,2,-1,-1
545,-1,369,98,13,12,0.48,2,-1,-1
546,-1,318,81,14,22,0.64,2,-1,-1
546,-1,369,98,13,12,0.44,2,-1,-1
547,-1,369,98,13,12,0.58,2,-1,-1
547,-1,318,81,15,22,0.48,2,-1,-1
548,-1,317,82,15,22,0.65,2,-1,-1
548,-1,369,97,12,12,0.60,2,-1,-1
549,-1,369,96,12,12,0.64,2,-1,-1
549,-1,317,82,15,22,0.61,2,-1,-1
550,-1,317,82,15,23,0.65,2,-1,-1
550,-1,369,96,12,12,0.64,2,-1,-1
551,-1,368,95,12,12,0.63,2,-1,-1
551,-1,316,82,16,23,0.61,2,-1,-1
552,-1,368,94,12,12,0.64,2,-1,-1
552,-1,316,82,15,23,0.58,7,-1,-1
553,-1,316,82,16,24,0.80,7,-1,-1
553,-1,368,93,12,12,0.74,2,-1,-1
554,-1,316,83,16,24,0.71,7,-1,-1
554,-1,368,92,11,11,0.66,2,-1,-1
555,-1,368,92,11,11,0.66,2,-1,-1
555,-1,316,83,16,23,0.52,2,-1,-1
556,-1,368,91,11,11,0.72,2,-1,-1
556,-1,316,84,16,23,0.64,2,-1,-1
557,-1,315,84,16,24,0.65,2,-1,-1
557,-1,368,91,11,11,0.64,2,-1,-1
558,-1,368,91,11,11,0.65,2,-1,-1
558,-1,315,84,16,24,0.58,7,-1,-1
559,-1,314,85,17,24,0.72,2,-1,-1
559,-1,367,90,11,10,0.58,2,-1,-1
560,-1,314,86,17,24,0.64,2,-1,-1
560,-1,367,90,11,10,0.54,2,-1,-1
561,-1,313,86,17,24,0.62,2,-1,-1
561,-1,367,90,10,10,0.56,2,-1,-1
562,-1,312,86,17,24,0.65,2,-1,-1
562,-1,367,90,10,10,0.56,2,-1,-1
563,-1,312,87,18,25,0.59,2,-1,-1
563,-1,367,88,10,10,0.16,2,-1,-1
564,-1,312,87,18,24,0.60,2,-1,-1
565,-1,312,87,18,25,0.75,7,-1,-1
565,-1,368,87,10,10,0.22,2,-1,-1
566,-1,311,88,18,25,0.63,7,-1,-1
566,-1,368,88,10,10,0.16,2,-1,-1
567,-1,311,88,18,25,0.64,7,-1,-1
567,-1,368,87,9,10,0.26,2,-1,-1
568,-1,310,89,18,25,0.72,7,-1,-1
569,-1,310,89,19,27,0.80,7,-1,-1
570,-1,310,89,19,27,0.81,7,-1,-1
571,-1,309,89,19,27,0.83,7,-1,-1
572,-1,308,89,20,28,0.86,7,-1,-1
573,-1,308,90,19,28,0.85,7,-1,-1
574,-1,308,90,20,28,0.86,7,-1,-1
575,-1,307,91,20,29,0.85,7,-1,-1
576,-1,306,92,20,29,0.85,7,-1,-1
577,-1,306,92,20,29,0.86,7,-1,-1
577,-1,367,83,9,10,0.31,2,-1,-1
578,-1,305,93,21,29,0.85,7,-1,-1
578,-1,367,83,9,10,0.38,2,-1,-1
579,-1,304,93,21,30,0.86,7,-1,-1
579,-1,366,83,9,9,0.25,2,-1,-1
580,-1,304,94,21,30,0.87,7,-1,-1
580,-1,366,83,9,9,0.10,2,-1,-1
581,-1,304,94,21,30,0.88,7,-1,-1
582,-1,303,95,21,30,0.87,7,-1,-1
583,-1,302,95,22,31,0.87,7,-1,-1
584,-1,302,96,22,31,0.87,7,-1,-1
585,-1,301,96,22,32,0.88,7,-1,-1
586,-1,300,97,22,32,0.88,7,-1,-1
587,-1,300,97,22,33,0.89,7,-1,-1
588,-1,300,98,22,32,0.89,7,-1,-1
589,-1,298,98,23,33,0.88,7,-1,-1
590,-1,298,99,23,33,0.88,7,-1,-1
591,-1,297,100,24,34,0.88,7,-1,-1
592,-1,297,101,24,33,0.88,7,-1,-1
593,-1,296,101,24,34,0.87,7,-1,-1
594,-1,295,102,24,34,0.87,7,-1,-1
595,-1,294,103,24,35,0.88,7,-1,-1
596,-1,294,103,24,35,0.89,7,-1,-1
597,-1,292,104,25,35,0.90,7,-1,-1
598,-1,292,105,26,36,0.90,7,-1,-1
599,-1,290,106,27,38,0.90,7,-1,-1
600,-1,290,106,26,38,0.90,7,-1,-1
601,-1,288,107,28,38,0.89,7,-1,-1
601,-1,334,89,8,8,0.12,2,-1,-1
602,-1,287,107,28,39,0.89,7,-1,-1
603,-1,286,108,28,40,0.89,7,-1,-1
604,-1,285,109,29,40,0.89,7,-1,-1
605,-1,284,110,29,41,0.89,7,-1,-1
606,-1,283,111,29,42,0.89,7,-1,-1
607,-1,282,112,30,42,0.89,7,-1,-1
608,-1,281,113,30,43,0.90,7,-1,-1
609,-1,279,114,31,44,0.90,7,-1,-1
610,-1,278,115,30,44,0.90,7,-1,-1
610,-1,326,76,10,15,0.27,7,-1,-1
611,-1,278,116,30,44,0.90,7,-1,-1
611,-1,326,77,10,15,0.24,7,-1,-1
611,-1,332,94,10,10,0.16,2,-1,-1
612,-1,275,117,32,45,0.90,7,-1,-1
612,-1,326,77,10,15,0.23,7,-1,-1
612,-1,332,94,10,10,0.16,2,-1,-1
613,-1,274,119,32,47,0.89,7,-1,-1
613,-1,326,78,9,13,0.16,2,-1,-1
614,-1,272,120,32,47,0.90,7,-1,-1
614,-1,332,96,10,9,0.37,2,-1,-1
614,-1,327,77,9,15,0.26,7,-1,-1
615,-1,270,121,33,48,0.90,7,-1,-1
615,-1,326,77,10,16,0.37,7,-1,-1
616,-1,270,122,33,49,0.91,7,-1,-1
616,-1,326,77,10,16,0.37,7,-1,-1
617,-1,268,124,34,50,0.90,7,-1,-1
617,-1,330,98,10,10,0.50,2,-1,-1
617,-1,326,79,10,15,0.36,7,-1,-1
618,-1,266,124,34,50,0.90,7,-1,-1
618,-1,330,98,11,10,0.29,2,-1,-1
618,-1,326,78,10,16,0.23,7,-1,-1
619,-1,264,126,36,52,0.90,7,-1,-1
619,-1,330,100,11,11,0.57,2,-1,-1
619,-1,326,78,10,16,0.34,7,-1,-1
620,-1,262,128,36,52,0.91,7,-1,-1
620,-1,330,99,11,11,0.59,2,-1,-1
620,-1,326,78,10,16,0.35,7,-1,-1
621,-1,260,130,38,54,0.91,7,-1,-1
621,-1,325,78,10,16,0.34,7,-1,-1
621,-1,330,100,10,10,0.22,2,-1,-1
622,-1,258,130,38,56,0.91,7,-1,-1
622,-1,326,78,10,16,0.34,7,-1,-1
622,-1,330,100,11,11,0.29,2,-1,-1
623,-1,256,132,39,56,0.90,7,-1,-1
623,-1,329,102,11,11,0.66,2,-1,-1
623,-1,324,79,11,16,0.41,7,-1,-1
624,-1,254,134,38,57,0.90,7,-1,-1
624,-1,329,102,11,11,0.40,2,-1,-1
624,-1,324,80,10,16,0.35,7,-1,-1
625,-1,252,136,40,59,0.91,7,-1,-1
625,-1,324,79,11,17,0.64,7,-1,-1
625,-1,329,102,11,11,0.13,2,-1,-1
626,-1,250,138,41,60,0.90,7,-1,-1
626,-1,328,103,11,11,0.58,2,-1,-1
626,-1,324,80,10,16,0.45,7,-1,-1
627,-1,247,140,42,62,0.91,7,-1,-1
627,-1,327,105,12,12,0.69,2,-1,-1
627,-1,324,80,10,16,0.41,7,-1,-1
628,-1,245,142,42,63,0.91,7,-1,-1
628,-1,327,105,12,12,0.70,2,-1,-1
628,-1,324,80,10,16,0.36,7,-1,-1
629,-1,242,144,44,66,0.92,7,-1,-1
629,-1,327,106,12,12,0.79,2,-1,-1
629,-1,323,81,11,16,0.54,7,-1,-1
630,-1,239,146,44,67,0.92,7,-1,-1
630,-1,326,107,12,12,0.74,2,-1,-1
630,-1,322,82,11,16,0.32,7,-1,-1
631,-1,235,149,46,69,0.92,7,-1,-1
631,-1,326,108,12,12,0.50,2,-1,-1
631,-1,322,82,11,16,0.44,7,-1,-1
632,-1,233,151,48,71,0.92,7,-1,-1
632,-1,326,109,12,12,0.78,2,-1,-1
632,-1,322,82,11,16,0.42,7,-1,-1
633,-1,228,154,50,74,0.91,7,-1,-1
633,-1,326,109,12,12,0.81,2,-1,-1
633,-1,321,82,12,17,0.71,7,-1,-1
634,-1,225,156,52,76,0.91,7,-1,-1
634,-1,326,110,12,12,0.80,2,-1,-1
634,-1,321,82,12,18,0.72,7,-1,-1
635,-1,220,159,53,80,0.91,7,-1,-1
635,-1,325,112,12,12,0.73,2,-1,-1
635,-1,320,82,12,18,0.71,7,-1,-1
636,-1,217,162,54,82,0.92,7,-1,-1
636,-1,326,112,12,13,0.71,2,-1,-1
636,-1,321,83,12,17,0.67,7,-1,-1
637,-1,214,164,56,84,0.92,7,-1,-1
637,-1,320,82,13,19,0.77,7,-1,-1
637,-1,324,114,13,13,0.63,2,-1,-1
638,-1,208,169,60,87,0.91,7,-1,-1
638,-1,323,115,14,13,0.77,2,-1,-1
638,-1,320,83,13,18,0.61,7,-1,-1
639,-1,202,172,62,92,0.92,7,-1,-1
639,-1,322,116,14,14,0.78,2,-1,-1
639,-1,320,83,12,18,0.64,7,-1,-1
640,-1,197,176,64,95,0.92,7,-1,-1
640,-1,322,117,14,13,0.79,2,-1,-1
640,-1,320,84,13,19,0.57,7,-1,-1
641,-1,192,178,66,100,0.92,7,-1,-1
641,-1,322,117,14,13,0.82,2,-1,-1
641,-1,320,84,13,18,0.42,2,-1,-1
642,-1,184,184,71,105,0.93,7,-1,-1
642,-1,322,118,14,14,0.82,2,-1,-1
642,-1,319,85,13,18,0.47,7,-1,-1
643,-1,175,189,75,112,0.92,7,-1,-1
643,-1,321,120,15,14,0.79,2,-1,-1
643,-1,319,85,13,19,0.55,7,-1,-1
644,-1,169,193,78,118,0.94,7,-1,-1
644,-1,321,121,14,14,0.82,2,-1,-1
644,-1,319,85,13,19,0.57,7,-1,-1
645,-1,159,200,82,125,0.93,7,-1,-1
645,-1,320,123,15,14,0.82,2,-1,-1
645,-1,318,85,14,20,0.70,7,-1,-1
646,-1,152,204,86,131,0.93,7,-1,-1
646,-1,320,124,15,14,0.82,2,-1,-1
646,-1,318,87,14,19,0.62,2,-1,-1
647,-1,139,211,94,143,0.94,7,-1,-1
647,-1,320,125,15,15,0.80,2,-1,-1
647,-1,318,87,14,19,0.65,2,-1,-1
648,-1,128,216,100,150,0.93,7,-1,-1
648,-1,319,127,15,15,0.78,2,-1,-1
648,-1,318,86,14,20,0.50,7,-1,-1
649,-1,114,226,107,163,0.93,7,-1,-1
649,-1,318,128,16,16,0.85,2,-1,-1
649,-1,317,87,14,20,0.51,2,-1,-1
650,-1,103,233,114,172,0.93,7,-1,-1
650,-1,317,129,16,16,0.86,2,-1,-1
650,-1,317,87,14,20,0.50,7,-1,-1
651,-1,84,243,126,192,0.93,7,-1,-1
651,-1,317,131,16,17,0.85,2,-1,-1
651,-1,316,87,15,21,0.57,7,-1,-1
652,-1,70,252,133,204,0.92,7,-1,-1
652,-1,317,131,16,18,0.85,2,-1,-1
652,-1,316,87,15,21,0.54,7,-1,-1
653,-1,45,266,148,230,0.91,7,-1,-1
653,-1,315,132,18,20,0.84,2,-1,-1
653,-1,314,88,16,22,0.55,7,-1,-1
654,-1,28,270,156,248,0.89,7,-1,-1
654,-1,315,135,18,18,0.86,2,-1,-1
654,-1,314,88,16,22,0.63,7,-1,-1
655,-1,314,139,18,18,0.84,2,-1,-1
655,-1,314,88,17,22,0.65,7,-1,-1
656,-1,313,140,18,18,0.84,2,-1,-1
656,-1,313,89,17,22,0.56,2,-1,-1
657,-1,312,143,19,18,0.85,2,-1,-1
657,-1,313,89,17,22,0.68,2,-1,-1
658,-1,311,145,19,18,0.85,2,-1,-1
658,-1,312,90,17,23,0.62,2,-1,-1
659,-1,310,148,20,18,0.85,2,-1,-1
659,-1,312,90,18,23,0.59,2,-1,-1
660,-1,309,150,20,19,0.85,2,-1,-1
660,-1,311,91,18,24,0.67,2,-1,-1
661,-1,308,154,19,20,0.86,2,-1,-1
661,-1,312,92,16,22,0.48,2,-1,-1
662,-1,307,156,20,19,0.85,2,-1,-1
662,-1,311,93,17,22,0.52,7,-1,-1
663,-1,306,159,21,21,0.85,2,-1,-1
663,-1,311,93,17,23,0.55,7,-1,-1
664,-1,305,163,20,20,0.85,2,-1,-1
664,-1,310,93,18,24,0.73,7,-1,-1
665,-1,303,166,22,21,0.86,2,-1,-1
665,-1,309,94,18,24,0.80,7,-1,-1
666,-1,302,169,22,21,0.86,2,-1,-1
666,-1,308,95,19,24,0.81,7,-1,-1
667,-1,300,173,23,22,0.87,2,-1,-1
667,-1,308,95,19,26,0.84,7,-1,-1
668,-1,308,95,19,26,0.86,7,-1,-1
668,-1,298,176,24,23,0.85,2,-1,-1
669,-1,306,96,20,26,0.87,7,-1,-1
669,-1,296,181,24,24,0.85,2,-1,-1
670,-1,306,96,19,26,0.87,7,-1,-1
670,-1,294,185,25,24,0.86,2,-1,-1
671,-1,306,97,20,26,0.87,7,-1,-1
671,-1,292,190,26,25,0.86,2,-1,-1
672,-1,306,97,20,27,0.87,7,-1,-1
672,-1,289,194,28,26,0.87,2,-1,-1
673,-1,305,96,20,28,0.87,7,-1,-1
673,-1,286,200,27,28,0.87,2,-1,-1
674,-1,284,204,28,30,0.88,2,-1,-1
674,-1,304,98,20,28,0.87,7,-1,-1
675,-1,280,213,30,30,0.90,2,-1,-1
675,-1,304,99,20,28,0.86,7,-1,-1
676,-1,278,218,30,32,0.89,2,-1,-1
676,-1,303,100,21,28,0.87,7,-1,-1
677,-1,275,224,32,33,0.89,2,-1,-1
677,-1,303,100,20,28,0.87,7,-1,-1
678,-1,270,232,34,37,0.89,2,-1,-1
678,-1,302,101,20,29,0.87,7,-1,-1
679,-1,266,240,35,38,0.90,2,-1,-1
679,-1,301,102,21,28,0.87,7,-1,-1
680,-1,260,253,37,40,0.90,2,-1,-1
680,-1,300,103,22,29,0.87,7,-1,-1
681,-1,255,262,39,44,0.90,2,-1,-1
681,-1,300,104,22,29,0.87,7,-1,-1
682,-1,247,278,42,48,0.89,2,-1,-1
682,-1,298,104,23,30,0.86,7,-1,-1
683,-1,242,289,45,51,0.91,2,-1,-1
683,-1,298,104,23,31,0.87,7,-1,-1
684,-1,231,310,48,56,0.89,2,-1,-1
684,-1,296,106,23,30,0.87,7,-1,-1
685,-1,224,324,50,61,0.91,2,-1,-1
685,-1,294,105,24,33,0.87,7,-1,-1
685,-1,328,81,8,9,0.30,2,-1,-1
686,-1,212,350,57,70,0.93,2,-1,-1
686,-1,294,106,25,33,0.88,7,-1,-1
686,-1,328,81,8,9,0.31,2,-1,-1
687,-1,202,370,61,76,0.92,2,-1,-1
687,-1,293,106,25,34,0.88,7,-1,-1
687,-1,327,81,8,10,0.32,2,-1,-1
688,-1,185,404,69,90,0.93,2,-1,-1
688,-1,291,108,26,34,0.89,7,-1,-1
688,-1,327,81,8,10,0.33,2,-1,-1
689,-1,172,432,74,100,0.93,2,-1,-1
689,-1,291,109,26,34,0.88,7,-1,-1
689,-1,327,81,8,10,0.34,2,-1,-1
690,-1,290,110,26,35,0.87,7,-1,-1
690,-1,326,82,8,9,0.12,2,-1,-1
691,-1,289,110,27,36,0.88,7,-1,-1
691,-1,326,83,8,9,0.39,2,-1,-1
692,-1,288,111,27,36,0.88,7,-1,-1
692,-1,326,83,8,9,0.39,2,-1,-1
693,-1,287,112,28,36,0.88,7,-1,-1
693,-1,326,83,8,9,0.40,2,-1,-1
694,-1,285,114,28,37,0.88,7,-1,-1
694,-1,326,83,9,9,0.25,2,-1,-1
695,-1,284,115,28,38,0.89,7,-1,-1
695,-1,326,84,8,8,0.17,2,-1,-1
696,-1,282,116,30,39,0.89,7,-1,-1
696,-1,326,84,8,9,0.21,2,-1,-1
697,-1,282,116,30,41,0.89,7,-1,-1
698,-1,280,117,30,41,0.89,7,-1,-1
699,-1,280,118,30,42,0.89,7,-1,-1
700,-1,277,120,31,43,0.90,7,-1,-1
700,-1,324,87,9,10,0.16,2,-1,-1
701,-1,275,121,32,43,0.90,7,-1,-1
701,-1,324,87,9,10,0.15,2,-1,-1
702,-1,273,123,33,44,0.89,7,-1,-1
702,-1,324,87,9,10,0.11,2,-1,-1
703,-1,272,124,34,45,0.90,7,-1,-1
704,-1,270,126,34,45,0.90,7,-1,-1
705,-1,268,128,36,46,0.90,7,-1,-1
705,-1,323,89,9,10,0.18,2,-1,-1
706,-1,266,128,37,48,0.90,7,-1,-1
707,-1,264,131,38,49,0.90,7,-1,-1
707,-1,322,88,10,10,0.16,2,-1,-1
708,-1,262,132,38,49,0.91,7,-1,-1
708,-1,322,88,10,10,0.15,2,-1,-1
709,-1,260,135,38,51,0.91,7,-1,-1
710,-1,258,136,40,52,0.91,7,-1,-1
711,-1,255,138,41,54,0.91,7,-1,-1
712,-1,253,140,43,56,0.92,7,-1,-1
712,-1,320,91,10,11,0.19,2,-1,-1
713,-1,250,142,44,58,0.91,7,-1,-1
713,-1,320,91,10,11,0.18,2,-1,-1
714,-1,247,144,45,59,0.92,7,-1,-1
714,-1,319,92,11,12,0.73,2,-1,-1
715,-1,243,146,47,61,0.92,7,-1,-1
715,-1,320,92,11,12,0.67,2,-1,-1
716,-1,240,148,49,63,0.92,7,-1,-1
716,-1,320,92,11,12,0.67,2,-1,-1
717,-1,236,152,52,65,0.92,7,-1,-1
717,-1,319,93,11,12,0.74,2,-1,-1
718,-1,233,154,52,67,0.92,7,-1,-1
718,-1,318,95,10,11,0.47,2,-1,-1
719,-1,228,157,54,71,0.92,7,-1,-1
719,-1,318,96,11,11,0.74,2,-1,-1
720,-1,223,159,57,74,0.91,7,-1,-1
720,-1,318,96,11,11,0.75,2,-1,-1
721,-1,219,163,59,77,0.92,7,-1,-1
721,-1,317,97,11,12,0.82,2,-1,-1
722,-1,214,166,62,80,0.92,7,-1,-1
722,-1,317,97,11,12,0.83,2,-1,-1
723,-1,207,170,66,85,0.92,7,-1,-1
723,-1,315,98,12,13,0.83,2,-1,-1
724,-1,204,172,68,88,0.92,7,-1,-1
724,-1,316,97,12,14,0.83,2,-1,-1
725,-1,196,177,72,94,0.92,7,-1,-1
725,-1,316,98,12,13,0.67,2,-1,-1
726,-1,190,181,75,99,0.92,7,-1,-1
726,-1,314,99,12,13,0.82,2,-1,-1
727,-1,180,185,81,107,0.93,7,-1,-1
727,-1,314,100,12,13,0.78,2,-1,-1
728,-1,174,189,85,112,0.92,7,-1,-1
728,-1,314,100,12,13,0.67,2,-1,-1
729,-1,162,196,92,120,0.93,7,-1,-1
729,-1,312,101,12,13,0.86,2,-1,-1
730,-1,154,200,97,128,0.93,7,-1,-1
730,-1,312,102,13,14,0.78,2,-1,-1
731,-1,140,207,106,141,0.93,7,-1,-1
731,-1,311,103,13,14,0.80,2,-1,-1
732,-1,131,212,112,151,0.93,7,-1,-1
732,-1,311,104,13,14,0.85,2,-1,-1
733,-1,116,220,120,167,0.93,7,-1,-1
733,-1,310,104,14,14,0.86,2,-1,-1
734,-1,103,226,128,180,0.93,7,-1,-1
734,-1,310,105,12,13,0.80,2,-1,-1
735,-1,81,237,143,201,0.92,7,-1,-1
735,-1,309,107,13,14,0.87,2,-1,-1
736,-1,64,246,153,216,0.91,7,-1,-1
736,-1,308,107,13,14,0.86,2,-1,-1
737,-1,35,256,174,249,0.92,7,-1,-1
737,-1,307,108,14,14,0.85,2,-1,-1
738,-1,14,268,189,266,0.92,7,-1,-1
738,-1,306,108,14,15,0.85,2,-1,-1
739,-1,306,110,14,15,0.84,2,-1,-1
740,-1,305,111,14,14,0.83,2,-1,-1
741,-1,304,111,14,16,0.84,2,-1,-1
742,-1,304,113,14,16,0.86,2,-1,-1
743,-1,303,114,14,15,0.86,2,-1,-1
744,-1,302,115,15,16,0.87,2,-1,-1
745,-1,301,117,14,15,0.86,2,-1,-1
746,-1,300,118,15,15,0.86,2,-1,-1
747,-1,298,119,16,16,0.86,2,-1,-1
748,-1,298,120,16,16,0.86,2,-1,-1
749,-1,297,122,15,16,0.86,2,-1,-1
750,-1,296,122,16,16,0.86,2,-1,-1
751,-1,294,124,16,17,0.85,2,-1,-1
752,-1,294,126,16,16,0.86,2,-1,-1
753,-1,292,127,17,18,0.87,2,-1,-1
754,-1,290,128,18,19,0.86,2,-1,-1
755,-1,289,130,18,19,0.87,2,-1,-1
756,-1,288,132,18,19,0.85,2,-1,-1
757,-1,287,134,18,20,0.85,2,-1,-1
758,-1,286,135,18,20,0.85,2,-1,-1
759,-1,284,138,18,19,0.87,2,-1,-1
760,-1,282,140,18,20,0.87,2,-1,-1
761,-1,280,142,19,20,0.86,2,-1,-1
762,-1,278,144,20,20,0.85,2,-1,-1
763,-1,276,148,20,21,0.87,2,-1,-1
764,-1,274,150,20,22,0.85,2,-1,-1
765,-1,272,153,21,22,0.87,2,-1,-1
766,-1,270,156,21,23,0.88,2,-1,-1
767,-1,267,160,22,23,0.85,2,-1,-1
768,-1,264,162,23,24,0.88,2,-1,-1
769,-1,262,166,24,26,0.86,2,-1,-1
770,-1,259,169,24,26,0.89,2,-1,-1
771,-1,255,174,26,27,0.86,2,-1,-1
772,-1,253,177,26,29,0.87,2,-1,-1
773,-1,408,416,70,86,0.92,2,-1,-1
773,-1,248,183,28,30,0.88,2,-1,-1
774,-1,404,388,66,81,0.93,2,-1,-1
774,-1,244,187,28,31,0.89,2,-1,-1
775,-1,400,360,58,67,0.92,2,-1,-1
775,-1,239,193,30,33,0.90,2,-1,-1
776,-1,398,336,53,66,0.91,2,-1,-1
776,-1,234,198,32,34,0.89,2,-1,-1
777,-1,394,312,48,59,0.92,2,-1,-1
777,-1,228,205,32,37,0.90,2,-1,-1
778,-1,392,298,44,56,0.91,2,-1,-1
778,-1,223,211,34,39,0.90,2,-1,-1
779,-1,388,278,42,51,0.91,2,-1,-1
779,-1,214,220,37,42,0.90,2,-1,-1
780,-1,386,268,42,48,0.90,2,-1,-1
780,-1,208,226,39,45,0.90,2,-1,-1
781,-1,385,252,37,46,0.90,2,-1,-1
781,-1,198,238,42,48,0.89,2,-1,-1
782,-1,191,246,44,51,0.90,2,-1,-1
782,-1,384,244,34,42,0.89,2,-1,-1
783,-1,178,260,48,56,0.90,2,-1,-1
783,-1,382,230,34,42,0.90,2,-1,-1
784,-1,169,269,51,62,0.92,2,-1,-1
784,-1,380,224,34,40,0.90,2,-1,-1
785,-1,152,288,57,70,0.93,2,-1,-1
785,-1,379,216,32,38,0.89,2,-1,-1
786,-1,141,303,59,76,0.92,2,-1,-1
786,-1,378,210,29,36,0.88,2,-1,-1
787,-1,119,328,66,86,0.92,2,-1,-1
787,-1,376,203,28,33,0.90,2,-1,-1
788,-1,102,348,73,94,0.92,2,-1,-1
788,-1,376,199,28,32,0.87,2,-1,-1
789,-1,74,381,82,110,0.92,2,-1,-1
789,-1,375,192,26,30,0.86,2,-1,-1
790,-1,50,408,90,122,0.93,2,-1,-1
790,-1,373,189,25,28,0.88,2,-1,-1
790,-1,336,83,8,9,0.24,2,-1,-1
791,-1,372,182,25,28,0.89,2,-1,-1
791,-1,336,83,8,9,0.26,2,-1,-1
792,-1,370,178,25,28,0.88,2,-1,-1
792,-1,336,83,8,10,0.67,2,-1,-1
793,-1,370,173,24,26,0.87,2,-1,-1
793,-1,336,84,8,10,0.65,2,-1,-1
794,-1,369,170,23,26,0.87,2,-1,-1
794,-1,336,84,8,10,0.66,2,-1,-1
795,-1,369,165,22,26,0.85,2,-1,-1
795,-1,336,84,8,10,0.67,2,-1,-1
796,-1,368,162,22,25,0.87,2,-1,-1
796,-1,336,85,8,10,0.64,2,-1,-1
797,-1,368,158,22,24,0.85,2,-1,-1
797,-1,336,85,8,10,0.64,2,-1,-1
798,-1,368,156,22,24,0.87,2,-1,-1
798,-1,336,85,8,10,0.54,2,-1,-1
799,-1,366,152,21,24,0.86,2,-1,-1
799,-1,336,85,8,10,0.52,2,-1,-1
800,-1,366,150,20,23,0.86,2,-1,-1
800,-1,336,86,9,10,0.59,2,-1,-1
801,-1,366,148,20,22,0.87,2,-1,-1
801,-1,336,86,9,10,0.70,2,-1,-1
802,-1,365,146,20,21,0.86,2,-1,-1
802,-1,336,86,8,10,0.70,2,-1,-1
803,-1,364,144,20,20,0.87,2,-1,-1
803,-1,336,86,8,10,0.71,2,-1,-1
804,-1,364,142,19,20,0.87,2,-1,-1
804,-1,337,87,8,10,0.58,2,-1,-1
805,-1,364,138,20,20,0.87,2,-1,-1
805,-1,336,88,8,10,0.59,2,-1,-1
806,-1,364,136,19,20,0.86,2,-1,-1
806,-1,336,88,9,10,0.63,2,-1,-1
807,-1,362,134,19,20,0.87,2,-1,-1
807,-1,335,89,10,10,0.58,2,-1,-1
808,-1,362,133,19,19,0.86,2,-1,-1
808,-1,335,88,10,10,0.60,2,-1,-1
809,-1,362,131,18,18,0.86,2,-1,-1
809,-1,334,89,10,11,0.59,2,-1,-1
810,-1,362,130,18,18,0.86,2,-1,-1
810,-1,334,90,10,11,0.63,2,-1,-1
811,-1,362,128,18,17,0.86,2,-1,-1
811,-1,334,90,10,11,0.63,2,-1,-1
812,-1,361,127,17,17,0.85,2,-1,-1
812,-1,334,90,10,11,0.64,2,-1,-1
813,-1,361,125,16,16,0.84,2,-1,-1
813,-1,334,91,11,11,0.57,2,-1,-1
814,-1,360,123,16,16,0.84,2,-1,-1
814,-1,334,92,11,11,0.71,2,-1,-1
815,-1,360,121,16,17,0.84,2,-1,-1
815,-1,334,93,10,11,0.73,2,-1,-1
816,-1,360,119,16,17,0.82,2,-1,-1
816,-1,334,93,11,11,0.67,2,-1,-1
817,-1,360,119,16,16,0.83,2,-1,-1
817,-1,334,94,10,11,0.74,2,-1,-1
818,-1,359,117,16,16,0.83,2,-1,-1
818,-1,334,94,10,11,0.73,2,-1,-1
819,-1,359,116,15,16,0.83,2,-1,-1
819,-1,334,95,10,11,0.67,2,-1,-1
820,-1,359,116,15,16,0.84,2,-1,-1
820,-1,332,95,11,11,0.73,2,-1,-1
821,-1,359,114,15,15,0.85,2,-1,-1
821,-1,332,96,11,12,0.72,2,-1,-1
822,-1,358,114,15,15,0.85,2,-1,-1
822,-1,332,96,11,12,0.74,2,-1,-1
823,-1,358,112,15,16,0.84,2,-1,-1
823,-1,332,96,11,12,0.77,2,-1,-1
824,-1,358,111,14,16,0.83,2,-1,-1
824,-1,332,97,11,12,0.76,2,-1,-1
825,-1,358,109,14,15,0.85,2,-1,-1
825,-1,331,98,12,12,0.78,2,-1,-1
826,-1,358,109,14,15,0.85,2,-1,-1
826,-1,331,98,12,12,0.77,2,-1,-1
827,-1,358,107,14,16,0.86,2,-1,-1
827,-1,330,100,12,12,0.71,2,-1,-1
828,-1,358,107,14,15,0.86,2,-1,-1
828,-1,330,100,12,12,0.79,2,-1,-1
829,-1,358,106,13,14,0.87,2,-1,-1
829,-1,330,101,12,12,0.81,2,-1,-1
830,-1,358,106,13,14,0.86,2,-1,-1
830,-1,330,102,12,12,0.76,2,-1,-1
831,-1,330,102,12,12,0.81,2,-1,-1
831,-1,358,104,12,13,0.81,2,-1,-1
832,-1,329,104,12,12,0.81,2,-1,-1
832,-1,358,103,12,13,0.80,2,-1,-1
833,-1,358,102,12,13,0.81,2,-1,-1
833,-1,328,104,12,12,0.80,2,-1,-1
834,-1,328,105,13,13,0.83,2,-1,-1
834,-1,358,102,12,13,0.81,2,-1,-1
835,-1,328,105,13,13,0.83,2,-1,-1
835,-1,358,102,12,13,0.81,2,-1,-1
836,-1,413,450,82,81,0.89,2,-1,-1
836,-1,327,106,13,13,0.83,2,-1,-1
836,-1,358,100,12,13,0.68,2,-1,-1
837,-1,406,404,67,75,0.92,2,-1,-1
837,-1,327,108,13,13,0.83,2,-1,-1
837,-1,357,99,12,12,0.61,2,-1,-1
838,-1,403,380,62,68,0.92,2,-1,-1
838,-1,326,108,13,13,0.82,2,-1,-1
838,-1,358,99,12,12,0.58,2,-1,-1
839,-1,398,349,56,60,0.90,2,-1,-1
839,-1,326,110,13,14,0.83,2,-1,-1
839,-1,358,98,12,13,0.64,2,-1,-1
840,-1,396,328,50,57,0.92,2,-1,-1
840,-1,326,110,13,13,0.83,2,-1,-1
840,-1,358,98,12,13,0.65,2,-1,-1
841,-1,392,306,47,51,0.90,2,-1,-1
841,-1,325,111,14,14,0.83,2,-1,-1
841,-1,358,97,11,13,0.72,2,-1,-1
842,-1,390,292,45,48,0.91,2,-1,-1
842,-1,325,112,13,14,0.83,2,-1,-1
842,-1,358,96,11,12,0.69,2,-1,-1
843,-1,386,274,43,45,0.91,2,-1,-1
843,-1,324,113,14,14,0.85,2,-1,-1
843,-1,358,95,11,12,0.76,2,-1,-1
844,-1,385,264,42,42,0.90,2,-1,-1
844,-1,324,114,14,15,0.86,2,-1,-1
844,-1,358,95,11,12,0.75,2,-1,-1
845,-1,384,248,36,40,0.89,2,-1,-1
845,-1,323,115,14,14,0.84,2,-1,-1
845,-1,358,94,11,12,0.71,2,-1,-1
846,-1,382,238,35,39,0.89,2,-1,-1
846,-1,322,115,14,15,0.84,2,-1,-1
846,-1,358,94,11,12,0.71,2,-1,-1
847,-1,381,228,34,36,0.89,2,-1,-1
847,-1,322,118,14,15,0.84,2,-1,-1
847,-1,358,94,11,11,0.73,2,-1,-1
848,-1,380,222,34,34,0.89,2,-1,-1
848,-1,321,118,15,15,0.83,2,-1,-1
848,-1,358,92,10,11,0.71,2,-1,-1
849,-1,378,214,31,33,0.88,2,-1,-1
849,-1,320,120,15,16,0.84,2,-1,-1
849,-1,358,92,10,11,0.70,2,-1,-1
850,-1,378,207,30,33,0.88,2,-1,-1
850,-1,320,120,16,16,0.85,2,-1,-1
850,-1,358,92,10,11,0.70,2,-1,-1
851,-1,377,201,28,30,0.89,2,-1,-1
851,-1,319,122,16,16,0.85,2,-1,-1
851,-1,358,91,10,10,0.67,2,-1,-1
852,-1,376,197,28,28,0.88,2,-1,-1
852,-1,319,123,15,16,0.85,2,-1,-1
852,-1,358,91,10,10,0.67,2,-1,-1
853,-1,375,190,27,27,0.87,2,-1,-1
853,-1,318,126,15,15,0.85,2,-1,-1
853,-1,358,90,10,10,0.75,2,-1,-1
854,-1,373,185,28,28,0.87,2,-1,-1
854,-1,318,127,15,16,0.85,2,-1,-1
854,-1,358,89,10,10,0.60,2,-1,-1
855,-1,372,180,27,26,0.87,2,-1,-1
855,-1,316,128,16,16,0.87,2,-1,-1
855,-1,359,89,10,10,0.60,2,-1,-1
856,-1,372,176,26,26,0.89,2,-1,-1
856,-1,316,131,16,16,0.86,2,-1,-1
856,-1,359,88,10,10,0.70,2,-1,-1
856,-1,326,83,8,9,0.44,2,-1,-1
857,-1,371,172,26,24,0.88,2,-1,-1
857,-1,316,133,16,16,0.86,2,-1,-1
857,-1,358,88,10,10,0.66,2,-1,-1
857,-1,326,83,8,9,0.36,2,-1,-1
858,-1,370,168,24,24,0.87,2,-1,-1
858,-1,314,134,18,17,0.86,2,-1,-1
858,-1,358,87,10,10,0.64,2,-1,-1
858,-1,326,83,8,9,0.37,2,-1,-1
859,-1,370,164,24,24,0.87,2,-1,-1
859,-1,312,136,18,18,0.86,2,-1,-1
859,-1,358,87,9,10,0.64,2,-1,-1
859,-1,326,83,8,9,0.36,2,-1,-1
860,-1,370,161,23,23,0.86,2,-1,-1
860,-1,312,137,18,18,0.85,2,-1,-1
860,-1,358,87,10,10,0.60,2,-1,-1
860,-1,326,83,8,9,0.36,2,-1,-1
861,-1,311,141,18,18,0.86,2,-1,-1
861,-1,370,158,21,22,0.86,2,-1,-1
861,-1,358,86,10,10,0.53,2,-1,-1
862,-1,310,142,18,19,0.86,2,-1,-1
862,-1,369,156,22,22,0.86,2,-1,-1
862,-1,358,86,10,10,0.52,2,-1,-1
862,-1,326,84,8,9,0.48,2,-1,-1
863,-1,310,146,18,18,0.85,2,-1,-1
863,-1,368,152,21,22,0.85,2,-1,-1
863,-1,358,86,9,10,0.51,2,-1,-1
863,-1,325,85,8,9,0.26,2,-1,-1
864,-1,368,150,20,21,0.86,2,-1,-1
864,-1,309,147,18,19,0.86,2,-1,-1
864,-1,358,85,8,10,0.52,2,-1,-1
864,-1,325,85,8,9,0.33,2,-1,-1
865,-1,309,150,18,19,0.87,2,-1,-1
865,-1,368,147,19,20,0.85,2,-1,-1
865,-1,358,85,8,9,0.58,2,-1,-1
865,-1,325,85,8,9,0.16,2,-1,-1
865,-1,338,79,8,10,0.15,2,-1,-1
866,-1,308,153,18,20,0.87,2,-1,-1
866,-1,368,145,18,20,0.85,2,-1,-1
866,-1,358,84,8,10,0.50,2,-1,-1
866,-1,338,79,8,9,0.16,2,-1,-1
866,-1,325,85,8,9,0.16,2,-1,-1
867,-1,306,157,19,20,0.87,2,-1,-1
867,-1,367,142,19,19,0.86,2,-1,-1
867,-1,358,84,8,10,0.50,2,-1,-1
867,-1,325,85,8,10,0.16,2,-1,-1
868,-1,366,141,19,18,0.86,2,-1,-1
868,-1,305,159,19,21,0.86,2,-1,-1
868,-1,358,84,8,9,0.32,2,-1,-1
868,-1,323,86,9,10,0.25,2,-1,-1
868,-1,338,79,8,10,0.19,2,-1,-1
869,-1,303,163,20,21,0.88,2,-1,-1
869,-1,366,139,18,18,0.86,2,-1,-1
869,-1,358,84,8,8,0.31,2,-1,-1
869,-1,338,79,8,10,0.24,2,-1,-1
870,-1,302,166,20,22,0.87,2,-1,-1
870,-1,366,137,18,18,0.87,2,-1,-1
870,-1,357,83,8,9,0.26,2,-1,-1
870,-1,338,79,8,10,0.23,2,-1,-1
871,-1,300,171,20,22,0.88,2,-1,-1
871,-1,366,135,17,18,0.86,2,-1,-1
871,-1,337,79,8,10,0.32,2,-1,-1
871,-1,357,82,8,9,0.27,2,-1,-1
872,-1,299,174,21,22,0.86,2,-1,-1
872,-1,366,133,17,18,0.85,2,-1,-1
872,-1,337,79,8,10,0.32,2,-1,-1
872,-1,357,83,8,9,0.26,2,-1,-1
873,-1,296,179,22,24,0.88,2,-1,-1
873,-1,364,131,17,17,0.87,2,-1,-1
873,-1,337,81,8,9,0.20,2,-1,-1
873,-1,357,82,8,9,0.17,2,-1,-1
874,-1,364,130,16,16,0.88,2,-1,-1
874,-1,294,183,23,24,0.86,2,-1,-1
874,-1,323,88,9,10,0.50,2,-1,-1
874,-1,336,82,9,9,0.40,2,-1,-1
875,-1,292,189,24,25,0.88,2,-1,-1
875,-1,364,128,16,16,0.88,2,-1,-1
875,-1,322,87,9,11,0.41,2,-1,-1
875,-1,337,83,8,9,0.16,2,-1,-1
876,-1,290,193,25,26,0.89,2,-1,-1
876,-1,364,127,16,16,0.87,2,-1,-1
876,-1,322,87,9,11,0.39,2,-1,-1
876,-1,336,83,8,10,0.13,2,-1,-1
877,-1,286,200,26,28,0.88,2,-1,-1
877,-1,364,125,16,16,0.86,2,-1,-1
877,-1,322,88,9,10,0.66,2,-1,-1
877,-1,336,82,9,10,0.18,2,-1,-1
878,-1,284,205,27,29,0.88,2,-1,-1
878,-1,363,124,15,16,0.86,2,-1,-1
878,-1,322,88,9,10,0.48,2,-1,-1
878,-1,336,82,9,10,0.13,2,-1,-1
879,-1,280,214,28,31,0.89,2,-1,-1
879,-1,363,122,15,16,0.86,2,-1,-1
879,-1,322,88,9,10,0.52,2,-1,-1
879,-1,336,82,9,10,0.18,2,-1,-1
880,-1,278,220,28,32,0.90,2,-1,-1
880,-1,362,121,15,15,0.85,2,-1,-1
880,-1,321,89,10,11,0.67,2,-1,-1
880,-1,336,84,9,10,0.61,2,-1,-1
881,-1,273,230,31,34,0.88,2,-1,-1
881,-1,362,120,15,15,0.84,2,-1,-1
881,-1,322,89,9,11,0.55,2,-1,-1
881,-1,336,84,9,10,0.46,2,-1,-1
882,-1,269,238,32,36,0.90,2,-1,-1
882,-1,360,118,16,15,0.80,2,-1,-1
882,-1,322,89,9,10,0.56,2,-1,-1
882,-1,336,84,9,10,0.49,2,-1,-1
883,-1,262,251,35,39,0.90,2,-1,-1
883,-1,361,117,16,15,0.82,2,-1,-1
883,-1,321,90,9,10,0.66,2,-1,-1
883,-1,336,84,10,11,0.66,2,-1,-1
884,-1,259,260,36,42,0.91,2,-1,-1
884,-1,360,116,15,14,0.82,2,-1,-1
884,-1,336,84,10,11,0.64,2,-1,-1
884,-1,321,91,9,11,0.57,2,-1,-1
885,-1,250,277,40,46,0.91,2,-1,-1
885,-1,360,115,15,14,0.83,2,-1,-1
885,-1,335,84,10,12,0.81,2,-1,-1
885,-1,320,91,10,12,0.75,2,-1,-1
886,-1,244,290,42,50,0.92,2,-1,-1
886,-1,360,114,15,14,0.83,2,-1,-1
886,-1,335,84,10,12,0.78,2,-1,-1
886,-1,320,91,10,12,0.75,2,-1,-1
887,-1,234,312,46,56,0.92,2,-1,-1
887,-1,360,113,14,14,0.82,2,-1,-1
887,-1,320,91,10,12,0.77,2,-1,-1
887,-1,335,84,10,12,0.74,2,-1,-1
888,-1,225,328,50,61,0.93,2,-1,-1
888,-1,360,112,14,14,0.81,2,-1,-1
888,-1,335,84,10,12,0.74,2,-1,-1
888,-1,320,91,10,12,0.72,2,-1,-1
889,-1,210,359,57,71,0.92,2,-1,-1
889,-1,360,110,14,14,0.81,2,-1,-1
889,-1,320,92,10,13,0.78,2,-1,-1
889,-1,335,85,10,12,0.62,2,-1,-1
890,-1,199,382,61,79,0.92,2,-1,-1
890,-1,360,110,14,14,0.83,2,-1,-1
890,-1,320,92,10,13,0.78,2,-1,-1
890,-1,335,85,10,12,0.67,2,-1,-1
891,-1,178,425,70,94,0.92,2,-1,-1
891,-1,360,109,14,14,0.83,2,-1,-1
891,-1,319,92,10,13,0.78,2,-1,-1
891,-1,335,85,10,12,0.66,2,-1,-1
892,-1,360,108,14,14,0.84,2,-1,-1
892,-1,318,93,11,13,0.81,2,-1,-1
892,-1,334,85,10,12,0.76,2,-1,-1
893,-1,360,107,14,14,0.84,2,-1,-1
893,-1,318,93,11,13,0.81,2,-1,-1
893,-1,334,86,10,13,0.74,2,-1,-1
894,-1,359,106,14,13,0.82,2,-1,-1
894,-1,318,94,10,12,0.80,2,-1,-1
894,-1,334,87,11,13,0.77,2,-1,-1
895,-1,318,94,10,12,0.80,2,-1,-1
895,-1,359,106,14,13,0.80,2,-1,-1
895,-1,334,87,11,13,0.77,2,-1,-1
896,-1,318,94,10,12,0.80,2,-1,-1
896,-1,359,106,14,13,0.80,2,-1,-1
896,-1,334,88,11,13,0.76,2,-1,-1
897,-1,317,95,11,14,0.82,2,-1,-1
897,-1,360,105,13,13,0.80,2,-1,-1
897,-1,334,88,11,14,0.75,2,-1,-1
898,-1,317,96,11,13,0.81,2,-1,-1
898,-1,359,103,13,13,0.78,2,-1,-1
898,-1,334,88,11,14,0.74,2,-1,-1
899,-1,317,96,11,13,0.81,2,-1,-1
899,-1,359,103,12,13,0.79,2,-1,-1
899,-1,334,90,11,12,0.74,2,-1,-1
900,-1,359,102,13,13,0.80,2,-1,-1
900,-1,333,89,12,14,0.79,2,-1,-1
900,-1,316,96,12,14,0.77,2,-1,-1
